   2.0000000e+00   4.3470918e-01   9.6783834e-01  -1.0062513e+00   2.8543055e-02  -1.2423212e+00  -9.6090626e-01
   2.0000000e+00  -2.1256614e-01   2.1693074e-01   1.0555857e+00  -2.6810872e+00  -7.4536592e-02  -2.4327826e-01
   2.0000000e+00  -1.8011235e+00  -6.8482550e-01   7.5568446e-02  -1.7069116e+00  -1.8617040e+00   1.6435058e+00
   2.0000000e+00   1.7612447e+00  -9.6694760e-01   2.6003619e-01   1.5356045e-01  -1.9546205e+00  -8.9530903e-01
   1.0000000e+00  -1.0401019e+00  -1.7854855e-01   2.2236484e-02   1.2446420e+00  -1.8510436e-01   8.5798972e-02
   2.0000000e+00   4.9833846e-01  -9.6501601e-01   3.0694502e-01  -4.4081270e-01  -2.3725483e+00  -1.8087035e+00
   2.0000000e+00  -2.5703131e-01  -1.7202806e+00  -4.0943249e-01  -1.0506870e+00   8.0655649e-01  -1.5556670e+00
   2.0000000e+00  -7.8276102e-01  -1.7000580e+00  -2.0728606e+00   8.0439878e-01  -9.4901728e-01   3.9662198e-01
   2.0000000e+00   8.7581270e-03  -1.1463145e+00  -5.3058856e-01  -3.5550752e-01  -6.7449278e-01  -6.5358790e-01
   2.0000000e+00  -1.7667363e+00  -2.4580173e+00  -2.8621519e-01   7.6658787e-01   1.1408928e+00   7.6096577e-01
   2.0000000e+00  -1.2743361e+00  -1.2094148e+00  -2.4169646e+00  -7.6649797e-01  -8.2606117e-01  -1.0272906e+00
   2.0000000e+00  -8.5574570e-01   7.0462293e-02   3.7785848e-01   2.5436866e-01  -1.3186294e+00   1.0638963e+00
   2.0000000e+00   1.6407081e-01  -1.0380955e+00   3.6955088e-01  -1.2312309e+00   1.1007799e+00  -9.0709569e-02
   2.0000000e+00  -5.0156349e-01  -2.3050123e-01   3.7325461e-01  -3.7784084e-01  -1.7082585e+00   1.2025254e+00
   2.0000000e+00   1.4626499e+00  -2.1837827e-01  -5.5397057e-01   1.3357889e+00   2.1667364e+00  -8.4355196e-01
   1.0000000e+00  -1.2762412e+00  -4.5494881e-01   6.7971655e-01  -3.7823359e-01   6.2510374e-01   6.0450841e-01
   2.0000000e+00   2.9605049e-01  -2.4430751e-01   1.7763664e+00   3.4431634e-01   6.0924512e-01  -1.5999409e+00
   2.0000000e+00  -1.1565931e+00   3.1407563e-01  -1.7723875e+00  -5.8911784e-01   9.0350108e-02  -5.5839270e-01
   2.0000000e+00   2.5700167e+00  -2.7253126e-01   4.7889057e-01   5.4649829e-02  -4.5974531e-01  -7.4726948e-01
   2.0000000e+00   6.2884230e-01  -6.6535129e-01   2.9634634e-01   3.5669106e-01   1.1402663e+00  -8.0358555e-01
   2.0000000e+00  -1.8231827e+00  -2.2040761e-01   2.4781181e-01  -7.8686591e-02   6.8418007e-01   1.1667236e+00
   2.0000000e+00  -1.5444635e+00  -1.2067856e+00   3.1877532e-02  -4.3219401e-02   9.6424295e-01  -6.5307028e-01
   1.0000000e+00   3.7530363e-01  -4.3741802e-01   5.2786206e-02  -1.4141406e-01   2.5387147e-01   6.8111502e-01
   2.0000000e+00  -5.4863339e-01  -2.3779102e-01  -1.1468578e+00   7.6329975e-01  -5.6423871e-01   1.1013908e+00
   2.0000000e+00   1.0000656e+00  -1.0406526e+00   1.8526050e-01  -2.0690554e+00   2.1320747e+00   1.8757329e+00
   2.0000000e+00   1.0418277e-01   1.0453560e+00  -6.0057017e-01   9.7226590e-01  -1.8041619e+00   2.2082587e+00
   1.0000000e+00   1.6120869e+00   5.0450901e-01  -6.5928132e-01   3.1623394e-03   7.1135208e-01   6.4165161e-01
   2.0000000e+00   2.4316914e-01  -3.8778119e-01  -4.5718560e-01   6.9651134e-01   1.9089647e+00   1.8508241e+00
   2.0000000e+00  -1.2816489e+00  -7.3280527e-01  -2.2237550e-01  -1.7378309e-01  -8.0847716e-01  -6.7081116e-01
   2.0000000e+00   9.8393457e-01  -1.8387358e-01   2.2006848e+00   3.9624308e-01  -8.1159063e-01  -1.3941327e+00
   2.0000000e+00  -1.8307531e+00  -1.0317570e+00  -4.8392242e-01   4.1040902e-01  -1.2015425e-01  -1.4806011e+00
   2.0000000e+00  -6.0752402e-01   7.5966590e-01  -1.8474072e-01   5.4982120e-01   8.2692147e-01  -6.9827233e-01
   2.0000000e+00  -1.1894219e+00  -1.8661506e-01  -1.5823697e+00  -1.5269920e+00  -3.1399863e-01  -2.4320092e+00
   2.0000000e+00   6.3079303e-01  -4.1760472e-01  -7.4994139e-01  -1.1008433e+00  -7.4674836e-01  -4.5856197e-01
   2.0000000e+00  -8.4644343e-01   3.6620649e-01  -1.0684996e+00   1.5090527e+00   7.5795124e-01  -7.3364784e-01
   2.0000000e+00  -2.2348823e-01   6.3811376e-02  -5.0160350e-01   1.3105806e+00  -5.5881098e-01  -8.3737498e-03
   1.0000000e+00   6.1539811e-01  -4.0138637e-01  -6.3241239e-01   3.6605377e-01  -6.5295041e-01   1.0795748e-02
   2.0000000e+00  -3.1529107e-01  -8.5623584e-01  -9.0761088e-01   6.9491119e-01  -4.2029723e-01  -5.1211299e-01
   2.0000000e+00   5.2991146e-01  -7.6206148e-01   1.7519694e+00  -3.2697425e-01  -7.3386225e-01  -1.5080481e-01
   2.0000000e+00  -8.7989479e-01  -6.5681525e-01   4.6183939e-01   1.5737732e-01  -1.1585430e+00  -6.1923047e-01
   2.0000000e+00  -6.3366954e-01   1.0668750e-01   1.1891265e+00   2.5720556e-01   4.0210229e-01  -7.3168707e-01
   2.0000000e+00  -3.2194810e-02   5.5831401e-02   7.3103304e-01   6.1263196e-01   1.4977909e+00  -7.1389070e-01
   2.0000000e+00  -2.1155118e+00   1.5620307e+00   1.1093125e+00  -3.1257796e-01  -1.6667443e-01  -6.3963913e-01
   2.0000000e+00  -5.4745803e-01  -5.5054202e-01  -2.2456610e-01   1.0531390e-01   1.1029954e+00   9.7051452e-01
   2.0000000e+00   1.3048157e+00  -5.1325458e-02  -5.8675936e-01  -5.3714203e-01  -7.1634741e-01  -4.5251910e-01
   2.0000000e+00  -4.7708974e-01   9.4242364e-01   1.2357451e+00  -8.9159602e-01   1.0613815e+00   1.2995703e+00
   2.0000000e+00   1.7326827e+00  -6.7957887e-01   2.5211495e-01   4.7902459e-01   1.1317655e+00  -2.0467129e-01
   2.0000000e+00   2.3467729e+00  -4.4384297e-02   1.5639191e+00  -3.7268460e-01  -2.7423310e-01  -6.6723340e-01
   2.0000000e+00   9.1156852e-02  -1.2431059e+00  -9.6004263e-01   1.5509015e-01  -5.9661733e-02   1.4758534e+00
   2.0000000e+00   3.6453273e-01   7.9662397e-01   1.0745450e+00   1.5159360e+00  -3.5493856e-01  -1.7525955e-01
   2.0000000e+00   1.2397023e-01   1.1325143e+00  -1.4556043e+00   1.3764199e+00   1.1122189e-01  -1.1527049e+00
   2.0000000e+00  -4.0932644e-01  -7.2619723e-01  -1.2453926e-02  -7.1757202e-01  -5.5089845e-01   1.4953214e+00
   2.0000000e+00   2.6174419e-01   1.6232933e+00   4.5127145e-01  -3.7459496e-01   8.4368141e-01   5.8850174e-01
   2.0000000e+00   5.5254894e-02   8.3177208e-01  -6.2207240e-01   5.0455317e-01  -7.0042112e-03  -5.7683918e-01
   2.0000000e+00   4.2522087e-01  -6.6236481e-01   1.1496361e+00   7.1205484e-01  -3.1651011e-01  -1.5605069e+00
   1.0000000e+00   1.2739639e+00   6.6074664e-01   1.0582262e+00  -7.9309351e-01   4.4005673e-01   3.6876147e-01
   2.0000000e+00  -4.4954488e-01   7.5577351e-01  -1.1510463e+00   9.2506494e-01  -1.0854663e+00  -3.8783472e-01
   2.0000000e+00  -4.2410842e-01  -1.3256996e+00  -2.2702318e-01  -2.7707747e-01  -7.0166309e-02   1.3727767e+00
   2.0000000e+00  -6.7461131e-01  -1.6778583e+00   5.3173432e-01   4.3630789e-01  -1.0888517e+00  -7.6061522e-01
   2.0000000e+00   9.8107100e-01  -1.0130754e-01   7.7163036e-01  -1.7934831e-01   5.5117134e-01  -9.9326060e-01
   2.0000000e+00   1.1615563e+00  -6.7435113e-01   1.2835485e+00  -3.5027443e-01  -1.1546762e+00  -5.0891374e-01
   2.0000000e+00  -8.8682958e-01  -1.0204258e+00  -1.8906970e-01  -3.4233086e-01   8.9709596e-01  -1.7922447e+00
   2.0000000e+00  -7.3164372e-01  -1.2884886e+00   3.0108255e-01  -3.6808939e-01  -3.0743973e-01  -5.9465666e-01
   2.0000000e+00  -2.9378239e-01  -8.1384945e-01   4.1716820e-02   7.9259240e-01   1.6533715e+00   7.6067524e-04
   2.0000000e+00   4.5964891e-01  -1.0194746e+00  -7.4430234e-01   1.0809746e+00  -1.1629219e+00  -5.4648793e-01
   1.0000000e+00   1.5725569e+00  -1.6087577e+00  -7.9710325e-01   2.1623569e-01  -2.3916048e-01   4.5043167e-01
   1.0000000e+00   1.0049222e+00   7.6304919e-01   8.0738611e-01  -7.4026171e-01   7.2672090e-02   4.3359869e-01
   2.0000000e+00   1.3199179e+00   1.4963539e-01  -7.5836243e-02  -3.8481660e-01   3.6576673e-01  -2.6590126e-01
   1.0000000e+00  -2.1215178e+00   8.1470652e-01   3.3838078e-01  -5.8192765e-01   4.2977440e-01   7.7643596e-01
   1.0000000e+00   1.4893433e+00  -7.7562875e-01  -3.4490002e-03   1.2772010e+00   5.6279490e-01   2.1431385e-01
   1.0000000e+00  -9.6882065e-01  -8.7522789e-01   6.1462116e-01  -1.2105657e-01   5.7939795e-02   1.3687909e-01
   2.0000000e+00   8.8854512e-01   2.4798155e-01   1.7423479e+00  -5.2373852e-01   1.1683933e-02  -2.0135139e+00
   2.0000000e+00   8.4385264e-01   8.6966691e-01  -1.3241766e+00   9.6504853e-01   1.6612499e+00   3.1906705e-01
   2.0000000e+00   9.2776219e-01   1.5276491e-01   5.3319680e-01  -1.4720894e-01  -4.3356358e-01   1.7855669e+00
   2.0000000e+00  -7.3786512e-01  -3.2949710e-01   1.9943966e-01   8.3166018e-01   9.9295523e-02   1.1727642e+00
   2.0000000e+00  -7.2643531e-01   1.8987157e+00   5.8362666e-01  -1.9140778e-01  -6.9942103e-01   8.1890256e-01
   1.0000000e+00  -1.3402973e-01   1.2269055e+00  -2.4697050e-01   2.1060760e-02  -3.3618989e-02   1.4817989e-01
   2.0000000e+00   5.5797950e-01   1.3852553e+00   3.2195979e-01   1.5663143e-01  -2.1881013e+00   1.7667104e+00
   2.0000000e+00  -6.2051352e-01  -1.0865772e+00  -2.3025290e-01  -9.4519511e-01  -6.9848614e-01  -7.2679504e-01
   2.0000000e+00   1.3389077e+00   5.0107759e-01  -3.7264067e-02   1.5904262e-01  -6.0255776e-02  -9.4307044e-01
   2.0000000e+00   1.0556444e-01   1.6295635e+00  -6.5197183e-01   1.4177406e+00   1.3884232e-02  -1.1101697e+00
   1.0000000e+00  -2.6001888e-01  -3.5376458e-02  -1.5395300e+00   5.9950189e-01   7.7751435e-01   4.8430494e-01
   2.0000000e+00   2.2203512e+00   1.8761847e+00  -9.2524759e-02   1.1436163e-01  -6.3841606e-01  -1.0298562e+00
   2.0000000e+00   3.1869176e-01  -7.9180461e-01  -2.5637163e-01   2.1220724e-01  -1.0000579e+00  -1.5534208e+00
   2.0000000e+00   1.3922519e-01  -3.3956933e-02   1.5046492e-01  -9.3736700e-01  -8.8557279e-01  -1.1251277e+00
   2.0000000e+00   8.3550672e-02   9.9106040e-01  -1.6576047e+00   2.5987460e+00  -1.8127521e+00  -1.4175728e+00
   1.0000000e+00   9.3945714e-01  -2.3593620e+00  -6.2303526e-01   1.5756972e-01  -3.0481411e-01   4.3632466e-01
   2.0000000e+00   5.7428248e-01  -2.0025107e+00   4.8663750e-01  -1.2384282e-03  -5.2114813e-01   9.5157975e-01
   2.0000000e+00   6.1692806e-01   1.1821936e-01  -1.3349931e+00  -4.9991669e-01  -2.0159318e+00   6.7609058e-01
   2.0000000e+00   4.6047075e-02   3.2436419e-01   2.1074776e+00   1.6174183e+00  -1.0669446e+00   1.5206928e+00
   1.0000000e+00  -3.7529227e-01  -6.5458462e-01   1.1444355e+00   4.4447749e-01  -5.2192821e-01   3.0757055e-02
   2.0000000e+00  -1.1251240e+00  -9.2632993e-01  -9.2476187e-01   1.6726508e+00  -1.0830882e+00   1.8227625e+00
   2.0000000e+00  -2.8691772e-01  -2.3603122e+00  -1.9669938e+00   2.3983349e-01   2.3326171e+00  -1.1994694e+00
   2.0000000e+00  -1.5276357e+00   1.1352465e+00  -2.0441278e+00  -6.1349915e-01   1.3902731e+00  -6.6768119e-02
   2.0000000e+00   7.7401369e-02  -6.1907598e-01   6.2552772e-02  -1.0973555e+00  -6.6700587e-01   1.5497916e+00
   2.0000000e+00  -7.3829678e-01   3.0063409e-01   3.4351773e-01  -1.0773702e+00  -1.2217472e+00  -1.3931775e+00
   2.0000000e+00  -4.8858066e-01   1.8755331e+00  -5.6508964e-01  -1.6876375e+00  -8.1543174e-01  -5.4131932e-01
   2.0000000e+00  -1.0630503e+00   4.3818932e-01  -1.7013163e+00  -1.5625725e-01   1.6572397e+00  -1.6988650e+00
   2.0000000e+00  -4.0464422e-01  -6.6849439e-01   2.7975406e-02   2.0289116e+00   9.1243387e-01   6.7391896e-01
   2.0000000e+00   2.3769078e-02   3.4262142e-01   6.7477266e-01  -1.4126648e+00   2.5315341e+00  -7.7446562e-01
   2.0000000e+00  -2.4531629e+00  -1.8497555e+00  -7.9405514e-01   1.5386145e+00   1.4919192e-01  -6.3781056e-01
   2.0000000e+00  -4.2880213e-01  -1.4618211e+00  -6.2800236e-01  -1.0931306e+00   1.1293305e+00  -3.7214588e-01
   2.0000000e+00   1.6402084e+00   3.2659215e-01  -8.3650933e-01  -3.3072080e+00  -1.8641432e+00   7.9217129e-01
   2.0000000e+00   1.1788563e+00   1.1998804e+00   1.3927812e+00  -3.7891311e-01   7.4229719e-01  -3.2240610e-01
   2.0000000e+00  -1.2229655e+00   4.2627250e-01   5.2916084e-01  -6.5782392e-01   6.5403036e-01  -1.8146746e+00
   1.0000000e+00  -7.5524383e-01   3.2047118e-01  -1.6837941e+00  -1.0547959e+00   8.1698942e-01   3.9615696e-01
   2.0000000e+00  -1.6922332e-01   4.7364315e-02   1.2347551e+00  -1.2140359e+00  -6.5751333e-01   1.4091282e+00
   2.0000000e+00   3.6314350e-01   8.7066936e-01  -4.1449201e-01  -1.4974209e-01  -6.0026771e-01   1.5052798e+00
   2.0000000e+00  -8.2729085e-01  -3.6905528e-02  -2.5214041e-01   4.0238714e-01   5.1424177e-01  -1.4210762e-01
   2.0000000e+00   2.0013467e-01  -1.7295400e-01  -9.2192871e-02  -4.2658559e-01  -2.2247958e+00   4.5541571e-01
   1.0000000e+00   1.0816792e+00  -6.8166135e-01   1.6926590e-02  -2.7448094e-01  -7.9379957e-01   8.7798842e-02
   2.0000000e+00   7.2777800e-01   1.4820739e+00  -1.7808897e+00   5.7068097e-01   9.8581273e-01  -8.2902433e-01
   2.0000000e+00  -1.4671285e-01   6.2961285e-01  -8.7687827e-01   9.5167960e-01   1.6469331e-01  -1.5755999e+00
   2.0000000e+00   8.8261774e-01   6.6592340e-01  -7.9353957e-01   8.3479432e-01   2.1395979e-01   1.7070026e+00
   2.0000000e+00   2.8640163e-01  -5.5181312e-01   1.2198656e+00   8.3197177e-01  -4.2810101e-01   9.9524094e-01
   1.0000000e+00  -1.2309801e+00  -3.7026009e-01   3.6970072e-01  -2.1278869e-01  -3.1610943e-01   7.2930904e-01
   2.0000000e+00   7.2472482e-02   1.9373432e+00   5.2100720e-01  -8.5694019e-01  -2.1425338e+00  -6.7815941e-01
   2.0000000e+00  -5.5124883e-01  -5.0851507e-01   2.3950285e+00   1.4487454e+00  -4.3234732e+00  -1.6795191e-01
   2.0000000e+00   4.4296318e-01  -3.9314652e-01  -2.2601386e-01   1.1340419e+00   1.1911785e+00   2.9039076e-01
   1.0000000e+00   1.1153054e-01   5.5588314e-02  -1.5261527e+00   1.1121655e+00   4.3028523e-01   2.1195914e-01
   2.0000000e+00  -9.6197467e-02  -1.0545315e+00   9.5352703e-01  -1.8000133e-01  -1.8652256e+00   2.2709172e+00
   2.0000000e+00   2.3874974e-01   1.3595803e+00  -4.5832785e-01  -3.3368097e-01  -6.3303377e-01   1.2235556e+00
   1.0000000e+00  -8.9773008e-02   1.5929180e+00   1.9687456e-01  -8.2699423e-01  -6.2250074e-01   3.2975091e-01
   2.0000000e+00  -1.2508306e+00   6.0427210e-01   1.7744672e+00  -2.7951669e-01  -6.3643898e-01  -2.3202381e+00
   1.0000000e+00  -1.2500896e+00   1.2647596e+00  -1.4432449e-01   6.9267890e-01   2.1472461e-01   8.1508419e-01
   1.0000000e+00   2.7154857e-01  -3.0607033e-01   8.5607217e-01   3.3642335e-01  -2.7266797e-01   5.0953391e-01
   2.0000000e+00   8.3220162e-01   7.6292549e-01  -6.4475202e-01   2.1548023e+00   2.6683330e+00  -1.0284072e+00
   2.0000000e+00   1.1058245e+00  -7.1160426e-01   4.5322562e-01   2.4458519e+00   3.9216571e-01  -8.2059540e-01
   2.0000000e+00   1.0708623e+00   6.6814339e-01  -2.9641350e-01   2.4348130e+00   1.2315851e+00   1.3272109e+00
   2.0000000e+00  -2.9572780e-01   6.6657640e-01  -1.5903275e+00  -6.2755409e-01  -2.7791746e-02  -2.0695770e+00
   2.0000000e+00   7.7860179e-01  -5.6450475e-03  -2.0656314e-01   1.0531949e-01   1.3795879e+00  -1.2688235e+00
   2.0000000e+00  -1.6451377e-01  -1.9391912e-01   3.5714565e-01   1.7478789e-01  -2.1891131e-01   1.3343219e+00
   2.0000000e+00  -3.1308104e-01   9.4859751e-01  -2.4679932e-01  -1.2849163e+00  -1.3181243e+00   1.1946857e+00
   2.0000000e+00   3.1049429e-01  -1.0524898e-01   4.5954010e-02  -1.7961426e+00  -1.1410165e+00  -6.0929376e-01
   2.0000000e+00   7.5316696e-01  -1.1646656e+00  -7.8433878e-01  -3.6802353e-01   2.9357942e-01  -3.4978535e-01
   1.0000000e+00  -1.6381416e-01   2.4757236e-01  -7.3395588e-01   1.7959651e-01   5.1097437e-01   2.3130513e-01
   2.0000000e+00  -9.9994689e-01   2.1386852e+00   6.4734365e-01  -9.9763285e-01  -4.3139535e-01  -7.3897815e-01
   2.0000000e+00  -5.8641446e-01   1.9407436e-01   1.0466906e-01  -8.5306176e-01  -1.0116723e+00  -2.4234597e-01
   1.0000000e+00   1.4349863e-01  -5.2945284e-01  -9.1716912e-01  -6.5828049e-01  -4.9444547e-02   9.5949199e-01
   2.0000000e+00  -1.5841423e+00   6.2322125e-01   1.0362205e-01  -7.1412642e-03   9.0326305e-01  -2.6523074e+00
   2.0000000e+00  -4.9563509e-01   1.5059062e+00  -4.8610235e-01  -9.9618302e-01  -2.7920128e+00  -1.5530160e-01
   2.0000000e+00  -1.0261726e+00   1.7126189e-01  -8.5358071e-02  -5.5883853e-01  -2.9798529e-01  -3.2526743e-01
   1.0000000e+00   5.7102158e-01   5.3314242e-01  -7.4697254e-01  -2.0895617e-01   6.1379660e-01   2.0706207e-01
   2.0000000e+00  -8.3289467e-02  -5.4760646e-01   1.8612403e+00   2.8113505e-01   2.2975946e+00   9.2770201e-01
   2.0000000e+00   2.2443504e-01  -2.1138700e-01   1.0965098e+00  -9.0107396e-01  -1.1623294e+00  -1.3898269e+00
   2.0000000e+00  -8.5709236e-01  -3.8270283e-01  -1.6642878e+00  -7.5433763e-01   1.0028477e+00  -2.9742750e-01
   2.0000000e+00   6.5109555e-01  -5.9524104e-01  -7.1973180e-01   1.6781015e-01   2.5936712e+00   1.9185554e+00
   2.0000000e+00   6.0771250e-01  -3.1880033e-01   3.4545265e-01  -8.1469791e-01  -1.4957357e+00  -2.2492361e-01
   2.0000000e+00  -6.9120494e-01   9.6178366e-01  -2.1294826e+00  -1.1624095e+00  -4.9960425e-02  -1.3820230e-01
   2.0000000e+00  -1.3116140e+00  -6.9412996e-01   8.6032616e-01   4.3803485e-01   1.9379547e+00  -7.1824467e-01
   2.0000000e+00  -1.0584163e+00   5.0091887e-01  -3.8169618e-01  -8.2861929e-01  -3.1662790e-01  -7.5333007e-01
   2.0000000e+00  -9.1172393e-01   1.1899856e-02  -1.3128361e-02  -2.2491690e+00   4.3271642e-01   1.4807952e+00
   2.0000000e+00  -8.7392696e-01  -6.7500377e-01   7.3046444e-01   2.6772255e+00   3.0100580e-01   5.3640402e-01
   2.0000000e+00   1.4470579e+00  -2.9999539e-01   3.9796467e-01   1.0769345e+00   1.4535789e+00  -1.0061751e+00
   2.0000000e+00  -7.4438744e-01  -1.1742533e+00   1.0098972e+00  -3.9785186e-01  -6.0946405e-01  -7.1892026e-01
   2.0000000e+00  -8.4721324e-02   6.1777420e-01  -4.2946583e-01   5.3774287e-01   1.0549339e+00  -5.4347568e-01
   2.0000000e+00   2.1978849e-01   6.5642236e-01  -5.0966730e-01  -1.1103116e+00  -4.4427562e-01  -2.9819274e+00
   2.0000000e+00   3.5594127e-01  -3.0178636e-01  -1.2624647e-01  -9.8354758e-01  -1.5385484e+00  -5.6520587e-01
   2.0000000e+00   6.1786628e-01  -9.5866373e-01  -6.6403823e-01   1.1008477e+00   2.1507986e+00  -5.0073475e-01
   2.0000000e+00  -8.0289843e-01  -2.5904343e-01   6.1248337e-01  -1.0629800e+00   3.1662597e-01   1.0611285e+00
   2.0000000e+00  -3.8123291e-01  -1.7362162e-01   3.4450068e-01   9.6800285e-01   8.7302805e-01  -4.8254981e-01
   2.0000000e+00   8.6656018e-01  -5.1924580e-01   1.2065803e+00  -4.5562910e-01   4.7133337e-01  -6.0067229e-01
   1.0000000e+00  -6.2198352e-01  -6.9657215e-01   6.0340653e-01  -3.7636272e-01  -3.9650434e-01   2.4997597e-01
   2.0000000e+00  -1.1208334e+00   9.6886996e-01  -1.9020042e-01  -1.2443022e+00   5.5012188e-01   2.4229832e+00
   2.0000000e+00  -3.1525304e-01   9.9604105e-01   1.3938862e+00  -6.9156146e-01   8.3787382e-01  -2.4651426e+00
   2.0000000e+00  -2.8960810e-01  -1.2060785e+00   5.5269330e-01  -2.2694560e-01  -3.7735837e-01  -1.7896761e-01
   2.0000000e+00   2.0920186e-01   4.6783026e-01  -8.9061627e-01   1.7708846e-01  -9.6145902e-01   3.1394894e+00
   2.0000000e+00  -4.3372855e-01  -1.1921111e+00  -3.2046251e-01   7.5697361e-02   7.7669758e-02  -7.0765330e-01
   1.0000000e+00   1.2562812e+00   1.6842970e+00  -8.9382746e-01  -1.1005000e+00  -3.1891466e-01   5.7894376e-01
   2.0000000e+00   3.2830623e-01   2.3115451e+00  -3.0386633e-01   3.7295464e-01   8.5329077e-01  -4.9776960e-01
   2.0000000e+00   1.0444749e+00  -1.5567875e+00  -4.2776833e-01   6.1899796e-01  -7.5241599e-01   6.8777188e-01
   1.0000000e+00   1.2033630e+00   4.5578387e-01   5.1279740e-01   1.5485757e+00   1.1340012e-01   4.9586218e-02
   1.0000000e+00  -1.4819308e+00  -1.1674518e+00   1.1292489e+00  -1.8412393e-01  -8.8840927e-01   3.2504919e-01
   2.0000000e+00  -1.1796526e+00  -6.9285455e-01  -7.0376786e-01  -1.6171637e+00  -1.0143391e+00  -9.8152329e-02
   2.0000000e+00  -1.1414581e-01   6.3868197e-02   8.2550572e-01   9.3402960e-01  -1.6396305e+00  -7.4151101e-01
   2.0000000e+00   1.8449080e+00   7.8690206e-01   1.8920695e+00  -1.0295693e+00  -1.4235440e-01  -3.5767643e-01
   1.0000000e+00  -1.2400951e-01  -5.7841291e-01   7.7413766e-01  -5.6402284e-01   4.3914422e-01   4.8770313e-01
   2.0000000e+00   1.1742957e+00  -6.4531320e-01  -9.5580695e-01   1.0823572e+00   1.0744899e+00  -7.4184349e-01
   2.0000000e+00   2.6236126e-01   1.4904487e+00  -1.0506361e+00  -3.9455196e-01  -7.5464269e-01  -4.3479275e-01
   2.0000000e+00  -3.2829934e-01  -9.0366647e-01  -1.5446575e-01  -1.8958346e+00   4.6458522e-01  -2.8995728e+00
   2.0000000e+00  -1.6444102e+00   2.6778451e-01  -3.9172695e-03   1.6063602e+00  -1.2573920e+00  -4.3582288e-01
   1.0000000e+00   1.0150626e+00  -7.0802307e-01   2.0890913e+00  -5.9677718e-01  -5.2312611e-01   5.2239912e-01
   2.0000000e+00   1.1459778e+00   8.0566055e-01   5.8280829e-01  -9.6500587e-02  -3.5966475e-01  -6.4945391e-01
   1.0000000e+00   1.5841184e-01   4.8623980e-01  -4.1162737e-01   1.0827170e+00   3.6356694e-01   6.1135362e-01
   2.0000000e+00  -2.0113457e-01  -2.5559553e+00  -1.0366044e+00   1.8744601e+00  -2.5021791e-01   1.1327414e+00
   1.0000000e+00   9.8687500e-01  -8.9725751e-01   1.0036843e+00  -2.7183739e-01  -3.4422878e-01   7.6455156e-02
   1.0000000e+00   9.1271571e-01  -1.1042674e+00  -1.1968529e+00   8.6914262e-01   5.3989945e-01   6.8449271e-01
   1.0000000e+00   7.3593985e-02  -1.5460652e+00   4.5157237e-01  -9.3622957e-02   9.5637860e-01   7.6904676e-02
   2.0000000e+00  -1.8637402e+00   6.5043890e-01   9.0447332e-01  -4.3517684e-01   4.9574835e-02  -1.3877921e+00
   2.0000000e+00  -2.3943424e-01   8.4808391e-01   9.5291039e-01   7.9921847e-01  -5.6760675e-01  -2.3423343e+00
   1.0000000e+00  -5.5310742e-01   3.4239185e-01  -5.7391297e-01   6.6775295e-01  -1.5776852e-01   8.5397189e-01
   2.0000000e+00   1.4926397e+00   2.0224276e+00   1.5524238e+00  -3.7577442e-01   1.1025765e+00  -1.8674575e-01
   2.0000000e+00   1.1538177e-01  -1.6604044e+00  -1.1724261e+00   1.1876126e+00  -1.2231123e+00  -6.9301249e-01
   2.0000000e+00  -1.0522110e+00   1.6290681e+00  -2.6094079e-02  -3.5076440e-01   1.1312257e-01   1.8856852e+00
   1.0000000e+00  -8.3079057e-01   9.4876314e-01   2.7093182e+00   9.0234309e-01  -3.3002323e-02   7.6265869e-01
   2.0000000e+00   2.1189994e-01   7.5456348e-01  -1.2712054e+00  -2.6028441e-01   1.2147621e+00  -7.6962569e-01
   2.0000000e+00   3.1979910e-01  -1.3198588e+00   1.7181003e+00  -3.8452837e-01   3.1830444e-01  -4.3747323e-01
   2.0000000e+00  -6.6637478e-01   5.5999530e-01   2.2913367e-01   1.4703671e+00   1.1133121e+00   5.0486654e-01
   1.0000000e+00  -2.0006377e-01  -2.2916326e-01  -2.7435518e-01  -1.5100396e-01  -2.0094121e-01   8.3617924e-01
   1.0000000e+00  -6.1390733e-01  -1.9931424e+00   7.7566644e-01  -8.5281724e-01   2.4738544e-01   5.0478322e-01
   2.0000000e+00   2.1253845e-02  -3.2745393e-01   2.4795692e-01  -1.2862280e-01   2.7875553e-01  -3.3285217e-01
   2.0000000e+00  -9.1189623e-01  -9.9395949e-01  -1.2731556e-02  -1.3238608e+00   3.0399136e+00   1.5041515e-01
   2.0000000e+00   4.8607875e-01   6.9582576e-02   1.1978548e+00   1.7411877e+00  -1.6877571e+00   3.4687994e-02
   2.0000000e+00   1.5211054e+00  -3.3457909e-01  -2.1236766e-01   1.2994851e+00  -1.6818224e+00  -1.2323091e+00
   2.0000000e+00  -3.9332847e-01   3.4957623e-01  -1.4359358e+00  -4.6577100e-01  -1.1091024e+00   3.6735258e-01
   2.0000000e+00  -1.1316176e-01   9.2918804e-01  -1.8978650e+00  -1.5622767e+00   2.7805118e-01   1.6520697e+00
   2.0000000e+00   1.8983719e-01  -3.8915592e-01   1.0141274e+00  -8.9766880e-01   5.9772529e-01   1.4986015e+00
   1.0000000e+00  -4.2016351e-02  -1.2462861e+00  -2.1831137e-01  -1.6208111e-01  -7.1493634e-02   6.5120015e-01
   2.0000000e+00  -9.8580621e-01  -8.7340062e-01  -1.7915119e+00   2.9226485e+00   6.9089802e-01  -1.2764854e+00
   2.0000000e+00  -4.2481015e-01   5.8447266e-01   9.2032400e-01  -2.0723586e+00  -8.8503881e-01  -3.8457784e-01
   2.0000000e+00   5.4956906e-01   1.7999734e+00  -1.0570844e-02  -2.3405853e+00   4.0739418e-01  -1.0320180e+00
   2.0000000e+00  -7.0517501e-01  -1.8018530e+00   7.5952255e-02  -3.8707465e-01   8.9947101e-01  -2.1365339e+00
   1.0000000e+00  -1.0195280e+00   1.5555572e+00   1.0309515e+00  -4.4913430e-01  -3.2195239e-01   5.1236202e-01
   2.0000000e+00   1.1017255e+00   4.5854195e-01   4.8059084e-01  -3.6494208e-01   8.5524458e-01  -1.6642031e-01
   2.0000000e+00  -1.3122896e+00   3.2531058e-01   1.2436636e+00  -5.1313404e-01   1.3734964e+00  -2.2514337e+00
   2.0000000e+00  -2.0458121e+00   7.6366860e-01   1.3941651e+00   1.4117626e+00  -2.7889570e-01  -8.9495578e-01
   1.0000000e+00   7.2679424e-01   5.5020443e-01   1.0739297e+00  -9.1056650e-01   1.0193004e-01   1.7276656e-01
   2.0000000e+00   4.8921705e-02   9.8081104e-01  -4.6800136e-01   2.2212300e-01   2.7274376e-02   1.3286078e+00
   1.0000000e+00  -1.9016628e-01  -5.4372382e-01   1.4621378e-02  -1.1487128e+00  -5.2123430e-01   2.0229302e-01
   2.0000000e+00   1.1603537e+00  -2.0506029e-01  -5.7900510e-02  -8.4709440e-01  -9.8362311e-01   4.9999626e-01
   2.0000000e+00  -1.1558333e+00   5.7725966e-01   1.9755675e-01  -8.8516995e-01  -6.5920871e-02   1.3120246e+00
   1.0000000e+00  -7.7959444e-01   8.7499000e-01   1.8380386e-01  -4.4320579e-01   5.1928114e-01   2.1165448e-01
   2.0000000e+00   4.2233116e-01   5.5734487e-02   1.7242847e-01  -2.9574901e-01   1.0141276e+00   3.4978739e-01
   2.0000000e+00  -1.0780338e-01  -1.7991878e+00   9.0770729e-01  -4.2069700e-01  -3.5642743e-01   2.0960155e+00
   1.0000000e+00   9.8750826e-01  -7.1554469e-01   7.1583479e-01   1.1409068e+00  -2.5998009e-01   1.9341741e-01
   1.0000000e+00   6.7681952e-01  -6.9517657e-01   3.5973724e-01  -1.5758710e+00  -6.3953111e-01   1.1329912e-01
   2.0000000e+00   2.5536990e+00  -7.1180822e-01   9.6669198e-01  -1.3510347e+00  -1.8135508e+00   3.4753834e-01
   2.0000000e+00  -9.1587984e-01  -1.3252668e-02  -1.3709095e+00   1.7916108e+00   3.3332679e-01  -4.1172072e-02
   2.0000000e+00  -3.6091865e-01  -8.8685738e-02   1.6716213e+00   1.7799836e+00  -9.9499075e-02  -2.1951516e-01
   2.0000000e+00   1.1098892e-01   1.1926053e+00  -1.5121037e+00   6.4677259e-01  -8.0964422e-01  -5.8676489e-01
   2.0000000e+00   6.5017252e-01  -3.2180528e-01  -1.2563667e+00   6.6616264e-01  -1.7757678e+00  -8.4152351e-01
   2.0000000e+00   4.5419739e-01  -5.0222145e-01  -7.9970680e-01   4.5387850e-01   9.1900165e-01  -1.1315385e-02
   2.0000000e+00  -8.5483182e-01   1.1873822e+00  -1.3190449e+00   3.5348009e-01  -3.9979003e-01  -1.2335304e+00
   2.0000000e+00   1.5088702e+00  -6.7701610e-02  -2.6906993e+00   3.3145895e-01  -1.1548760e-01  -1.5146343e-01
   2.0000000e+00   8.0943099e-01   1.5433869e-01   1.2481051e-01  -7.5860503e-01  -5.4726763e-01   9.8746505e-01
   2.0000000e+00   5.9686386e-01  -2.0128152e-02   9.7982219e-01  -3.3805509e-01   5.6897143e-01   8.2937843e-01
   2.0000000e+00  -1.5043189e-01   5.2979252e-01   1.9735509e+00  -9.2723904e-01  -3.7354383e-01  -2.9291331e-01
   2.0000000e+00  -6.2219049e-01  -1.5094131e-01  -9.6978392e-01  -8.1685844e-01  -2.7903463e+00   1.0526458e+00
   2.0000000e+00   9.1955038e-01   2.2043504e+00   8.3467035e-01   1.9504239e+00   5.2725205e-01  -3.6646152e-01
   2.0000000e+00   7.7452253e-01   4.6496766e-01  -6.8304085e-01   2.7548445e-01   3.7687200e-01  -1.6606577e+00
   2.0000000e+00  -7.1877862e-01  -2.9568597e-01   7.4881698e-01  -1.0995058e+00   6.4799432e-02   1.1415224e+00
   2.0000000e+00  -5.7321687e-02   5.1935495e-01   1.1665009e+00   1.7917955e-01  -1.1837145e+00  -2.5692620e-01
   2.0000000e+00   6.2139904e-01  -1.0402135e+00  -2.1692632e+00   5.6159214e-01   7.5439189e-01  -4.1311076e-01
   2.0000000e+00   6.4146082e-01   3.4445860e-01   2.5079193e+00   9.1902239e-01   3.3824177e-01  -1.8191827e+00
   2.0000000e+00  -7.2040793e-01  -1.2152401e+00  -2.1495386e-01   5.9407671e-01  -1.8234174e-01  -1.2378207e+00
   2.0000000e+00  -4.8885096e-01   2.5741138e-01   1.8391501e-01  -2.8588446e-01  -7.6306034e-01  -5.9287998e-01
   2.0000000e+00   2.3170288e+00   7.3737995e-01  -2.0267495e-01  -9.9526985e-02  -3.8582830e-02  -2.8616562e-01
   2.0000000e+00  -5.8535759e-01  -1.8061345e+00  -1.3150359e+00  -1.0447598e+00   4.3549818e-01  -5.0553643e-03
   2.0000000e+00  -1.8965573e+00   1.0836865e+00   2.8945882e-01  -1.0770613e-02   1.9290078e+00  -1.4745478e-01
   1.0000000e+00  -1.5358201e+00  -4.4181319e-01  -9.4368934e-01  -3.6740649e-01   3.4083997e-01   4.7833053e-01
   2.0000000e+00  -1.3751128e+00   2.7194645e-01  -1.2386562e+00   2.0145339e+00   1.2089856e+00   1.2117022e+00
   2.0000000e+00   1.0164338e+00  -3.9479328e-01   4.2606756e-01   6.7742107e-01   2.4638653e+00  -6.4280655e-01
   2.0000000e+00  -9.5665144e-01  -6.5508310e-01  -2.5793011e-01  -4.7936211e-01   9.0637790e-01  -1.5137510e-02
   2.0000000e+00  -2.7078134e-01   1.8028061e+00   7.3160310e-01   9.1535608e-01   1.4135342e+00   7.1138510e-02
   2.0000000e+00  -1.5010504e+00   6.9696890e-01   2.5391747e+00   1.7061413e+00  -3.1752965e-01  -1.7565753e+00
   2.0000000e+00  -5.3298992e-01  -5.0952807e-01   1.1978464e-01   4.9869374e-01  -1.7364355e+00  -6.6192099e-01
   1.0000000e+00   5.8959688e-01  -7.4374811e-01  -2.1131364e-01   7.4565082e-01  -2.3937374e-01   6.2617383e-01
   2.0000000e+00  -1.3020591e+00  -4.1983841e-01   8.9637291e-01  -2.1324402e+00  -2.3018004e+00  -1.5710271e-01
   2.0000000e+00  -5.6027914e-01   2.5987300e-01  -8.0501046e-01  -3.7929979e-01   4.1621992e-01  -2.4484005e-01
   2.0000000e+00  -4.6961091e-01   3.5622959e-03  -3.4146363e-01  -8.1866252e-01  -1.4597515e-01  -2.2369565e+00
   2.0000000e+00  -3.9459984e-01  -5.7655333e-01   1.2132349e+00  -1.2785050e+00  -2.5121523e-02  -7.1122915e-01
   2.0000000e+00  -9.3144906e-02   4.9944435e-02   9.1402618e-01   3.6534145e-01  -4.4805944e-01  -6.2018874e-01
   1.0000000e+00  -1.3945367e+00  -4.4879059e-02   2.5686196e+00   1.6982209e+00   3.4766295e-01   7.2669448e-01
   2.0000000e+00  -3.6122725e-01   2.6902609e-01  -2.8076464e-01   3.9421410e-01  -1.4151636e+00   3.8262287e-01
   2.0000000e+00  -1.7256449e+00  -9.1685685e-01  -2.7494867e-01  -1.6913945e-01   1.9403105e+00   1.3184574e+00
   2.0000000e+00   4.1085509e-01  -4.3555802e-01   5.5793019e-01   7.7295431e-01  -6.8755883e-01  -1.2037031e+00
   2.0000000e+00   1.1037357e+00  -1.0742985e+00  -3.2790307e-01  -3.0578824e-01   6.8816461e-01  -1.4898115e+00
   2.0000000e+00   3.3819072e-01  -3.2404790e-01   1.5868952e+00  -5.8514018e-01   1.6427259e+00   6.5982808e-01
   2.0000000e+00   1.3079312e-01   5.3537971e-01   1.1796897e+00   2.1628894e-01  -1.3595416e+00  -1.7172321e-01
   2.0000000e+00   6.4021770e-01   5.3805170e-02   8.5214595e-02   9.4465879e-01  -1.1680444e+00  -1.0311198e+00
   2.0000000e+00  -2.0212099e+00   1.2933098e+00   1.1519210e+00   9.7184605e-01  -1.4826528e+00  -5.7824462e-01
   2.0000000e+00  -2.9818874e-01   3.0253576e+00   8.9101314e-01   1.5127101e-01  -8.6109652e-01  -1.3431137e+00
   1.0000000e+00  -4.4494540e-01  -1.8009398e-01   3.3853226e-01  -1.4744347e+00   2.8297783e-01   8.8477469e-01
   1.0000000e+00   1.1605690e+00  -8.9160134e-01   8.2310904e-01   1.1977250e+00   9.4395415e-01   6.7987927e-02
   2.0000000e+00  -6.3115800e-01   2.2157292e-01   9.2386296e-01   3.3459510e-01   4.1843259e-02  -4.2631901e-01
   2.0000000e+00   3.3875976e-01  -3.2218294e-01   1.6190673e-01  -1.3549000e-01  -1.4838162e+00   5.8638043e-01
   2.0000000e+00  -9.0562264e-01  -1.2739039e+00  -1.4317431e+00   4.9933514e-01   1.5337474e+00  -1.4772734e+00
   2.0000000e+00  -8.8639416e-01  -2.5365245e-01   3.5019838e-01  -1.1000156e-01   1.0990890e-01   1.2478934e+00
   2.0000000e+00  -9.2863017e-01   1.7112860e+00   1.0544637e+00  -6.6627715e-01   1.8530218e+00  -9.0277561e-01
   2.0000000e+00   8.6063218e-01  -2.6857333e-01   6.9222558e-02  -9.6228701e-01  -2.6661428e+00   4.1725862e-01
   2.0000000e+00   4.2844028e-01  -2.2200025e-01   4.1316103e-01  -7.2302050e-01   1.1503800e+00   1.3766063e-01
   2.0000000e+00   4.9383254e-01   1.8272675e-01   2.8286293e+00   6.7441423e-01  -5.3886632e-01  -9.9748794e-01
   2.0000000e+00  -2.4878398e-01   7.4260257e-01   4.4939126e-01  -1.0729066e+00  -4.7285992e-01   1.7636810e+00
   1.0000000e+00  -1.1783358e+00   4.3912106e-02   4.0926048e-01  -5.2620089e-01   2.2748345e-01   3.4872294e-01
   2.0000000e+00  -6.4261265e-01  -2.9673632e-01   1.8011286e+00  -8.5996630e-01   2.0236393e-01  -5.0701020e-01
   2.0000000e+00   2.2692059e-01   3.5516493e-01   1.6514706e+00   1.9948069e-01  -1.8396440e+00  -5.2067537e-01
   2.0000000e+00   1.3008965e+00  -5.8501882e-01   1.1717009e-01  -2.1244644e-01  -4.4395701e-01  -1.3623615e+00
   2.0000000e+00   1.0318435e+00  -4.3459105e-01   7.8045004e-01   1.9538720e-01   2.0665757e+00   9.6188972e-01
   1.0000000e+00   1.0562561e+00  -2.3775785e-01  -9.8781636e-02  -2.9989500e-01   3.9702620e-01   3.6812087e-01
   2.0000000e+00  -1.0764918e+00  -9.6020043e-04  -9.9023970e-01   8.1948400e-01  -9.7326897e-01   1.3951162e+00
   2.0000000e+00  -7.4942796e-02  -3.8750461e-01   3.8843136e-01  -5.9412359e-01  -1.2346972e+00  -1.0455855e+00
   2.0000000e+00  -4.8041172e-01  -2.3655288e+00   5.3234753e-01  -5.0333249e-01   2.0033146e-01  -6.7415509e-01
   1.0000000e+00  -1.3354181e+00   1.2363513e+00   3.6875082e-01   2.4233678e-01  -6.9063050e-02   9.4716065e-01
   2.0000000e+00   1.2254719e+00  -1.4856257e+00   1.0589322e+00  -1.4218010e-01  -1.0818801e+00  -9.0338194e-01
   2.0000000e+00  -7.1499054e-01  -1.0185804e-01  -5.1597389e-01   3.9404425e-01  -6.0220519e-01  -4.3389235e-01
   2.0000000e+00   1.2647171e+00  -9.0366179e-01  -9.7225804e-01  -3.9334396e-01  -4.0595986e-01  -2.0531275e-01
   2.0000000e+00   1.2354772e+00  -3.2363916e-02   2.1051857e+00   7.2042632e-01  -3.6476791e-01  -9.2155749e-01
   1.0000000e+00   1.9617488e-01   1.0258759e+00  -5.4055663e-01  -1.0509463e+00  -6.4102003e-01   5.4504578e-02
   2.0000000e+00   1.4035856e+00   5.0759149e-01  -1.0532275e+00  -1.5696215e-02  -8.3825686e-01  -1.0218296e+00
   2.0000000e+00  -1.0222875e+00  -1.9812763e+00   7.9888685e-01  -1.0667618e+00   1.7294314e+00  -5.7491797e-01
   2.0000000e+00   1.8315229e+00   1.0381869e+00   1.1713122e-01   4.7893246e-01  -3.9066850e-01  -1.7567662e+00
   1.0000000e+00  -1.4426437e+00   3.9625629e-01  -8.1056662e-01  -5.2167412e-01   4.4642680e-01   7.3961302e-01
   2.0000000e+00  -2.0908627e-01   1.1219288e+00  -5.2536253e-01  -1.4358963e+00   3.7151383e-01  -1.1065703e-01
   2.0000000e+00  -4.0932322e-01   4.4344485e-03  -1.7501397e-01  -2.9510778e-01   8.4253377e-01  -6.4486274e-02
   2.0000000e+00  -5.7505386e-01   7.8815660e-01   5.1991050e-01  -3.6702873e-01  -1.6085929e+00  -1.0849829e+00
   2.0000000e+00  -1.0313766e+00  -5.1694747e-01  -1.6251807e-01   9.4211950e-01   4.8684867e-01  -1.5560934e+00
   2.0000000e+00   1.0201335e+00   2.4626726e-01   1.6509703e-02   4.9356290e-01   8.1112742e-01  -5.4305979e-01
   2.0000000e+00   4.7843801e-01   1.1441331e+00  -4.5884708e-01  -7.5674057e-01  -5.8002243e-01   2.2439366e+00
   2.0000000e+00   1.3589176e+00  -1.6137328e+00   4.4919878e-01  -1.1595319e+00   3.6085741e-02  -1.3187617e+00
   2.0000000e+00  -1.6565392e+00  -5.6942819e-01  -1.8101713e+00   3.9879971e-01  -1.4403461e+00   1.2080959e+00
   2.0000000e+00  -4.1865922e-01   1.9564577e+00   1.3711435e+00   1.5989403e-01  -9.2101508e-01  -1.8435211e+00
   2.0000000e+00  -1.5069992e+00  -1.0016206e+00   4.2396646e-01   6.6126812e-01   2.5058454e-02  -3.6512427e-01
   1.0000000e+00  -1.4942445e+00   2.2563350e-01  -5.1167834e-01   1.3069434e+00  -2.2552419e-01   5.4416762e-01
   1.0000000e+00  -9.8476635e-01  -1.3645719e-01   6.5007422e-01  -1.2857223e-01   8.9498408e-01   3.1220079e-01
   2.0000000e+00   4.8773281e-01  -9.2969784e-01   1.3160311e+00   1.4998044e+00  -9.8692632e-01  -6.5107884e-01
   2.0000000e+00   3.5376219e-01   9.2695004e-01   1.7077874e-01  -1.4335593e+00  -1.7325193e+00   9.6475681e-01
   1.0000000e+00   1.2544880e+00  -4.2592458e-01   1.6815151e-01   1.8204902e+00  -1.0381082e-01   7.2965187e-01
   1.0000000e+00  -1.3094213e+00  -7.7157949e-01  -6.9188361e-01  -5.2813958e-01  -1.5260310e-01   3.6536619e-01
   2.0000000e+00  -2.0975545e+00  -7.3863916e-01   5.3457961e-01  -2.4311083e-01  -3.8541632e-01  -4.9410601e-01
   2.0000000e+00   4.1610448e-01  -4.8671409e-01  -9.3467422e-01   2.5452178e+00   8.3160618e-01   9.8705948e-01
   2.0000000e+00   5.7243975e-01   2.1392494e-01   5.4974756e-01   1.5136663e+00  -1.8856425e+00   9.2093024e-03
   2.0000000e+00  -2.7745771e-02  -3.2002677e-02  -1.0606087e+00   2.8382192e-01  -5.7595117e-01  -2.1019619e-01
   2.0000000e+00   8.7762379e-02   5.3549942e-01   1.1075520e+00  -1.5470989e+00   3.2128166e-01  -2.6000226e-01
   2.0000000e+00   9.0395277e-01   1.5425896e+00   8.5648683e-01   2.0361943e+00   2.9425686e-01  -1.1694066e+00
   2.0000000e+00  -1.8031600e-01  -1.8794654e+00   8.4077903e-01   9.2077193e-01   4.3988905e-01  -3.3647827e-01
   2.0000000e+00   6.0636661e-01   1.2235202e+00   3.6210367e-01   1.2683538e-01   1.6044725e+00  -6.5205974e-01
   1.0000000e+00  -1.2761673e+00   6.9500668e-01   5.4407314e-01   7.0120036e-01   4.2069046e-01   3.5540915e-01
   1.0000000e+00   7.4644920e-01  -5.4333383e-01  -9.0814048e-01   6.9903579e-01  -4.7241897e-01   9.7232652e-03
   1.0000000e+00   1.8327603e+00  -1.8457468e+00   2.2779876e-01   7.5699525e-01   6.6928646e-02   1.9545908e-01
   2.0000000e+00  -6.0576903e-01   3.7173458e-01  -1.5598716e-01   3.4966088e-02  -1.3221183e+00   2.4294414e-01
   2.0000000e+00  -1.0534217e+00  -3.6624151e-01  -9.1918806e-01   4.4290452e-01   4.5269724e-01  -4.7937752e-01
   2.0000000e+00   5.1808926e-01  -5.3287096e-01   9.9068426e-01   1.9489951e+00  -1.5506694e+00   1.6150136e+00
   1.0000000e+00   2.3045186e+00   5.6301036e-01  -1.5441605e+00  -1.3011072e+00   1.1108595e-01   1.6779966e-01
   2.0000000e+00   2.6278852e+00   3.3605641e-01   1.5788899e+00   4.3798022e-03   1.0260040e+00  -5.1182389e-02
   2.0000000e+00  -4.4718428e-01  -4.0720446e-01  -3.4419187e-01   7.5648897e-01   1.2920505e+00   1.6486413e+00
   2.0000000e+00   1.8158688e+00  -1.2801281e+00   6.4554391e-01  -3.5565034e-01   5.4270099e-01  -1.6926282e+00
   1.0000000e+00  -2.4157618e-01   2.4233914e+00   9.7851703e-01   7.1412541e-01  -5.4329291e-01   3.7920957e-01
   2.0000000e+00  -2.6867107e-01  -1.5286365e-01   1.3163278e+00   1.2688719e+00  -6.3881198e-01   1.7089060e+00
   2.0000000e+00  -1.2027683e+00   5.8683711e-01  -1.8221581e-01  -9.9356083e-01   6.3251268e-01  -1.1465846e+00
   2.0000000e+00   7.8198090e-01   6.0438555e-01  -2.8581952e-01  -8.9563939e-01   6.8527567e-01  -4.6177413e-02
   2.0000000e+00   1.2553917e+00  -3.2525627e-01  -1.5151342e+00   2.5704270e-02  -9.3433200e-01  -8.4765157e-01
   2.0000000e+00  -2.0713427e+00  -6.9206014e-01   8.1072594e-01  -1.4789422e-02  -1.2531570e+00  -1.4933479e-01
   2.0000000e+00  -1.5342924e-01  -1.0144126e+00  -1.0883188e+00  -7.0133815e-01   2.6329307e+00   7.4819422e-01
   2.0000000e+00  -7.4115544e-01  -1.2926809e-01  -7.6650627e-01  -2.9082402e-01   1.3721593e+00   2.7158332e-01
   2.0000000e+00   7.1136751e-01  -2.2945045e-01  -6.7961532e-01  -1.1342889e+00   1.2131257e+00   5.5597014e-01
   1.0000000e+00  -1.9986404e+00  -6.0195498e-01  -6.8191720e-01  -2.2586616e-01   2.3703518e-02   1.4524695e-01
   2.0000000e+00  -8.7008906e-01  -1.5995255e+00   2.1867278e-01  -1.8345456e+00  -5.2524069e-01   1.0716823e+00
   2.0000000e+00   1.3019068e+00  -1.2917313e-02   7.4476498e-01   3.8522128e-01   1.1610292e+00   9.3199216e-01
   2.0000000e+00   6.8040960e-01   1.5986662e-01   1.7047492e+00   5.0084732e-01   7.7136106e-01  -1.2262260e+00
   1.0000000e+00   2.8249891e-01  -2.3487749e-01  -1.2352918e+00  -2.4258184e-01   2.9083287e-01   5.0460541e-01
   1.0000000e+00  -9.6679452e-01  -1.1771796e+00  -6.6402059e-01   8.6195194e-01   1.2403304e-01   5.8028790e-01
   2.0000000e+00   8.8072692e-01  -2.3919153e+00   2.9938076e-01   8.0912255e-01  -1.2774343e+00   1.8905651e+00
   2.0000000e+00  -8.0042624e-01   4.0939079e-01   9.6465487e-01   3.4975181e-01  -5.9465363e-01   1.1306938e+00
   2.0000000e+00  -4.0762588e-01  -1.5361564e+00   7.4638071e-01   1.4019240e+00   4.6784633e-02   1.2258006e+00
   2.0000000e+00   2.2793732e-01   3.4685812e-01  -1.7483477e+00   1.4178643e+00  -1.0567458e+00   2.6195293e-01
   1.0000000e+00   5.8108002e-02  -9.4400769e-01  -3.6534387e-02  -6.1040100e-01   6.3634830e-01   6.0743579e-01
   2.0000000e+00   1.7986573e+00   5.4195159e-02  -3.7649393e-01   7.3970747e-02   7.9208773e-01   1.3574111e+00
   2.0000000e+00  -4.8333188e-01   1.6757113e-01   1.8843684e-01   8.2014113e-01  -1.3625316e+00  -2.4451298e-01
   2.0000000e+00  -1.9633560e-01  -3.3396846e-01  -1.8152003e+00   4.2259581e-01   4.7151415e-01  -5.0877686e-01
   1.0000000e+00   7.3678890e-01   3.3244665e+00   6.0877508e-01   2.2704724e-01  -6.6700787e-02   7.3286335e-01
   2.0000000e+00   1.5677785e-01  -2.8168304e-01   2.7218020e+00  -1.1271316e-01  -1.0555385e-01   1.4530124e+00
   1.0000000e+00   8.7996944e-01  -4.5282152e-01   3.4037399e-03   9.5707288e-01   1.1575353e-01   4.8502846e-01
   2.0000000e+00  -9.9381723e-01  -6.7918471e-02  -5.4117894e-01   5.7162699e-01   3.2445345e-01  -7.2982250e-01
   1.0000000e+00  -1.2636338e+00  -7.2010622e-01  -2.4958286e-01   3.1993699e-01  -1.1592551e-01   1.9484635e-01
   2.0000000e+00   2.0536563e+00   1.1339862e+00   6.4863900e-01  -4.5302835e-01   3.7070381e-01  -5.5709661e-01
   2.0000000e+00  -1.4078648e+00   2.1241295e+00   1.2513872e-01   2.7071101e-01   5.0881910e-01  -1.6724829e-01
   2.0000000e+00   1.3698861e-01   1.3130469e+00  -1.8684928e+00   1.6445893e-01   7.6355019e-01   1.4039438e+00
   2.0000000e+00   2.8531506e-01   3.1082659e-01   1.3381722e-01  -5.2525701e-01   7.9448494e-01   1.2534538e+00
   1.0000000e+00  -6.6132198e-01  -2.7719098e-01   3.3768320e-01  -7.3494225e-02   6.4424522e-02   2.1491341e-01
   2.0000000e+00  -3.8294086e-01  -5.9504355e-02  -1.2900627e-01  -8.6648664e-01  -1.2652868e+00  -4.4304158e-01
   1.0000000e+00  -6.2978648e-02   4.9184124e-01   1.0887068e+00   7.4403441e-02  -9.1871241e-01   3.3377838e-01
   2.0000000e+00   5.8518924e-01  -1.6581972e+00   1.3196616e-01   1.7366102e+00  -1.3225958e+00   1.2467052e+00
   2.0000000e+00  -7.2464676e-01  -3.6395167e-01   1.3379585e+00  -4.1046167e-01  -4.9600722e-01  -6.2167855e-01
   2.0000000e+00  -3.5816175e-01   5.5326363e-01  -4.5405363e-01  -7.1197247e-02   1.1794687e+00  -3.3156711e-01
   2.0000000e+00   5.9785678e-01   3.6087005e-01  -2.7830850e+00  -2.1145129e-01   2.5402872e+00   1.2054042e+00
   2.0000000e+00   5.1083842e-01   1.0398603e+00  -5.3347505e-01  -1.3073790e-01   2.5823235e+00  -2.8920549e-01
   1.0000000e+00  -1.2420522e-01   7.6105160e-01  -3.9743199e-01   2.8476934e-01   7.9606044e-01   2.1889946e-01
   2.0000000e+00  -1.1687249e-01  -1.5175116e+00   1.2195550e+00  -5.9347527e-01   1.4162595e+00   1.2027064e-01
   2.0000000e+00  -7.0262138e-01   1.9321303e+00   4.7120505e-01   8.4092241e-01   8.0972402e-02  -5.1408441e-01
   1.0000000e+00   1.2336793e+00  -2.4484328e+00  -3.2846993e-01   2.0799685e-01   6.5742835e-02   4.9319516e-01
   2.0000000e+00  -1.3382320e+00   1.0403568e-01   5.0560289e-01  -5.1379815e-01  -6.4322383e-01  -1.1055141e+00
   2.0000000e+00   5.6194321e-01  -8.1251363e-01   4.3707547e-01   2.8036220e-01   9.2720156e-01   6.2821811e-01
   2.0000000e+00  -1.9787765e+00  -1.1292231e+00  -4.3496545e-01   6.4337701e-01  -4.0866850e-01   1.3439001e+00
   1.0000000e+00  -1.3570280e+00   6.4307450e-01   5.8242853e-01  -4.8144150e-01   3.5649535e-01   5.2652728e-01
   2.0000000e+00   1.5746185e+00  -2.4142212e-01  -1.2345717e+00  -1.0466256e+00  -7.9910257e-01  -1.3347838e+00
   2.0000000e+00  -4.0161078e-01  -1.4867196e+00   6.9321728e-01  -2.0985521e+00  -1.8948311e-01   3.3701400e-01
   2.0000000e+00   2.1098999e-04   3.7021364e-01   3.3603346e-01  -1.2926604e+00  -8.5104845e-01  -9.9214674e-01
   2.0000000e+00  -1.0225468e-01   1.3528401e+00  -7.9961046e-01   1.3303797e+00   7.9499718e-01  -1.0497204e+00
   2.0000000e+00  -9.2381102e-01  -7.2826801e-02  -6.8211982e-01  -6.0870727e-01  -6.5681954e-01  -1.2414801e+00
   2.0000000e+00  -6.0832528e-01  -9.1198289e-02  -2.3066081e+00  -2.1082573e-01   2.6972237e-01  -9.7925367e-01
   1.0000000e+00   2.3451414e-01  -8.9977011e-01   1.7816223e+00  -1.9511200e-01  -4.4012824e-01   2.7624960e-01
   2.0000000e+00  -1.5003990e+00   1.8378758e+00   1.7669902e-01   1.1840143e+00  -1.5172511e+00   1.5349063e+00
   1.0000000e+00   2.3145512e-01  -1.3315713e+00  -4.0515612e-01   1.2934795e+00  -2.4001243e-01   9.2740464e-01
   2.0000000e+00   1.4169655e+00   8.9288693e-01  -2.0429280e+00  -1.2915606e+00  -7.8886904e-01  -2.4960776e+00
   2.0000000e+00   9.2993913e-01  -1.6918373e-01   6.2730764e-01  -3.6367406e-02  -1.7378627e+00   1.5097895e+00
   2.0000000e+00  -5.3643018e-01   1.0238598e+00  -7.4294841e-01  -1.2233591e+00  -9.3327965e-01  -6.8908582e-01
   1.0000000e+00  -9.1469718e-01   1.0644021e+00   6.8061245e-01  -1.4032164e-01  -1.0313626e-01   7.2098216e-01
   2.0000000e+00   1.0526167e-01   4.8756160e-01  -2.4092697e-01  -6.1061395e-01   4.8225023e-01  -3.3031506e-01
   2.0000000e+00   3.6481942e-01  -1.6885308e+00  -1.5464350e-01   2.4568068e+00   5.6504002e-01   1.4886087e+00
   2.0000000e+00  -7.4510597e-01   2.1898045e-01   1.5557402e+00   1.7963635e-01  -4.6019847e-01  -1.9566382e-01
   2.0000000e+00   2.4299101e+00   1.3037089e+00  -4.5740549e-01  -1.2974355e+00   3.9545237e-01   9.7692421e-01
   1.0000000e+00  -1.0832728e+00   3.8786277e-02   1.3733477e+00  -1.8351491e+00   6.5820289e-01   5.5845173e-01
   2.0000000e+00  -1.4609283e+00   1.2417614e+00  -8.0571310e-01  -1.1836773e+00   2.0125151e+00  -4.5357583e-01
   2.0000000e+00   2.0634526e-01   2.6138491e-01  -1.6783155e+00   7.8312429e-01   1.1348319e+00  -1.0778906e+00
   2.0000000e+00  -5.5122047e-01  -4.3584503e-02   2.8327718e-01  -9.6807143e-01   2.6969750e-01  -1.0876512e+00
   2.0000000e+00  -5.3821801e-01   5.3851751e-01   1.3966139e+00   1.8261827e+00   9.2055190e-01  -7.6924821e-01
   2.0000000e+00   1.3707224e+00   1.4035720e+00   2.0271638e+00   7.0684677e-01  -4.1278438e-01   1.9871402e+00
   2.0000000e+00  -7.1009072e-01  -1.7175303e-02   2.5521389e+00  -5.9457373e-01  -4.9871881e-01  -1.1230855e+00
   2.0000000e+00  -7.9365865e-01  -1.1654233e+00  -7.4864132e-02   4.5387351e-02  -4.7326542e-02  -3.1148349e-01
   1.0000000e+00  -8.7075887e-01   2.2643402e-01   1.2561035e+00  -2.5504173e-02  -1.7851373e-01   6.4771112e-01
   1.0000000e+00   5.3952413e-01   2.2958547e+00  -5.6419915e-01   1.2488672e+00   7.7644232e-02   3.7135786e-01
   2.0000000e+00  -3.6113617e-01  -6.2127770e-01  -3.5042508e-01  -1.4160969e+00  -8.8320953e-02  -1.1775877e-01
   2.0000000e+00  -9.1871801e-02   1.0319304e+00   9.6460549e-01  -7.4033625e-01  -7.4134345e-01  -8.5551380e-01
   2.0000000e+00  -1.0321304e+00   4.5408315e-01   3.6927334e-01   6.6597021e-02   1.1380429e+00   1.2256762e+00
   2.0000000e+00  -3.5877160e-02  -1.2207519e-01  -1.1160493e+00   1.1017233e+00  -2.0160676e-01  -1.0276864e+00
   2.0000000e+00   3.5884073e-01   3.3524827e-01  -1.7358918e+00  -6.8715688e-01  -1.2081350e+00   1.2108435e-01
   2.0000000e+00   5.7247267e-01  -5.0501887e-01  -1.0530283e+00   1.8909466e+00  -1.7837713e+00  -5.4760822e-02
   2.0000000e+00   1.4395386e+00  -4.1983666e-01  -1.5023486e-01   8.3854307e-01  -5.5400559e-01   1.0579756e+00
   2.0000000e+00   2.0386806e-01  -9.9208688e-02   1.2052247e+00   6.8237621e-01  -2.4264012e+00   7.3011393e-01
   2.0000000e+00   1.5259589e+00  -2.2908415e-01  -2.5329652e-01   1.6760295e+00  -2.0106336e+00   1.0920450e+00
   2.0000000e+00  -1.1228887e+00   7.3488259e-01   1.2321288e+00  -4.3237514e-01  -7.8795881e-01  -5.4639762e-01
   1.0000000e+00  -1.5580510e-01  -5.2504597e-01   1.7543588e-01   5.1653805e-01   7.9107487e-01   7.9151464e-02
   2.0000000e+00   6.4215325e-01   1.0983901e+00   1.6545564e+00  -1.7563240e-01   1.2416710e+00  -8.1742805e-01
   2.0000000e+00   1.6429001e+00  -1.9617226e-01   4.7717320e-01  -7.5923752e-02   7.7083488e-01  -5.2343947e-01
   2.0000000e+00   1.6286255e-01  -6.4606110e-01   6.1577527e-01   2.8404510e-01  -4.3717481e-01  -8.5187863e-01
   2.0000000e+00  -2.8030743e-01   2.9545465e-01   1.4589373e+00  -1.7114450e-01   8.5494721e-01  -1.0528957e+00
   2.0000000e+00  -2.5414296e-01   5.9843871e-01  -2.6164741e-01  -3.8192045e-01   9.5558182e-01   5.8079321e-01
   2.0000000e+00   5.5502385e-01  -5.5759968e-01   6.7598542e-01   8.8789896e-02  -1.2060930e-01  -1.2290977e+00
   2.0000000e+00   1.1586937e+00  -9.2906313e-01   9.5181894e-01   3.5992641e-01   4.3904773e-01  -3.1295602e-01
   2.0000000e+00   3.6003692e-01  -1.8711989e+00  -6.4213610e-01   6.3813937e-01  -1.4881385e+00   1.3673580e+00
   2.0000000e+00  -1.2367866e+00  -4.0592149e-02  -5.4120702e-01   1.0843930e+00  -4.0307720e-01   1.1038661e+00
   2.0000000e+00  -5.6767835e-01   1.9459768e+00   4.8706597e-01  -8.4812073e-01  -9.4743334e-01  -8.3560635e-01
   2.0000000e+00   6.8457678e-01  -8.7471787e-02  -6.5836233e-01   1.0593220e+00   1.1459773e-01  -2.0654559e-01
   2.0000000e+00  -4.4402928e-01   3.3087978e-01   7.5793035e-01  -3.6854060e-01  -4.9939449e-01   1.0053371e+00
   2.0000000e+00  -8.5081026e-01   3.7002872e-01   1.2078055e+00  -1.2019886e+00  -1.4354716e-01  -5.7619239e-01
   2.0000000e+00   1.1050237e+00  -9.3496125e-01   2.5096956e-02   1.2278025e+00  -2.7323336e-01  -2.3325983e+00
   2.0000000e+00   2.4332801e+00  -1.5683916e+00   4.2579078e-01   8.5418915e-02   3.4789600e-02  -1.6430467e-02
   2.0000000e+00  -7.6412865e-02  -1.8495628e+00  -4.1776455e-01   4.7477544e-01   7.9176121e-01  -2.5056288e-01
   2.0000000e+00   5.6824230e-01   1.4035436e+00   1.0069737e+00   9.7933078e-01  -1.1774324e+00   1.3430525e+00
   2.0000000e+00   2.2808258e-01   7.2566993e-01   1.3958658e+00   1.0652062e+00  -7.4140219e-01  -1.1623050e+00
   2.0000000e+00  -7.8900801e-02   1.3401424e+00   9.6594301e-01  -1.0727256e+00   3.8661791e-01  -1.8578063e-01
   2.0000000e+00  -1.4267974e+00  -1.6725375e+00   1.0508343e+00  -5.9064925e-01  -2.6618607e-01  -2.4246249e-01
   2.0000000e+00  -4.8080111e-01   1.1555420e+00   6.3271743e-01   8.5579726e-01  -1.5049464e+00  -3.2129238e-01
   2.0000000e+00  -1.3820135e+00  -1.2953394e-01  -5.6574260e-01  -2.0248650e+00  -1.2135266e-01   4.5827639e-01
   1.0000000e+00  -8.3201789e-02   1.2530813e+00  -9.3369647e-01  -2.6976434e-01   2.0474532e-01   2.9080057e-01
   2.0000000e+00  -1.7626080e+00   1.0753676e+00  -2.6371361e-01  -8.8819692e-01  -7.4684467e-01  -9.0648741e-01
   2.0000000e+00   8.7959624e-01  -1.0617238e-01  -2.8972443e-02  -2.4352052e-01  -2.0583892e-01  -1.4676571e+00
   2.0000000e+00  -1.3086815e+00  -1.1842404e+00  -1.2551251e+00  -6.1310081e-01  -6.3981309e-01  -2.0096340e-01
   2.0000000e+00   6.9158140e-01   6.9074096e-01  -3.0328870e-01   3.1419313e-01  -1.7110019e+00  -8.8094280e-01
   2.0000000e+00  -1.5161330e+00   1.1468996e-01  -1.2621356e+00  -6.0037726e-01  -1.7502731e+00   3.3891173e-01
   1.0000000e+00   4.8806003e-01  -2.0491823e+00  -1.1771789e+00   2.6596837e-01   2.7039707e-01   4.8939634e-01
   2.0000000e+00   1.0518442e+00  -2.3349920e-02   3.1872823e-01   1.4289584e+00   9.7515032e-02  -1.8147843e+00
   2.0000000e+00  -6.3373929e-01   7.1432021e-01   2.2939725e+00   2.5251589e+00   1.0984020e-01  -2.2831192e-02
   2.0000000e+00   2.9149560e-01   9.8396763e-01  -3.4263411e-01  -1.5618610e-01  -3.1469471e-01   1.1994410e+00
   2.0000000e+00   5.7037184e-01   1.0841771e+00  -4.4267537e-01   2.9948277e-01   1.0695079e+00   1.3506721e+00
   2.0000000e+00  -2.9661695e-02  -1.8631411e+00   5.8404426e-01  -2.2176800e-01   3.5003663e+00  -6.6687139e-01
   2.0000000e+00  -2.0461701e+00   5.6119418e-01   4.5626866e-01  -8.4857723e-01   1.8342670e+00   3.2308226e-01
   2.0000000e+00  -7.4489271e-02  -1.7764813e-01  -8.7405563e-01  -2.1206519e+00  -1.3335959e-01   1.1716501e+00
   2.0000000e+00  -7.9667160e-01  -1.5440203e+00   5.3443552e-01   2.5066248e-01   1.5605405e+00   7.6460381e-01
   1.0000000e+00  -6.9365351e-01   5.6826093e-01   2.7201242e-01  -6.0647793e-02  -4.1414708e-01   6.4091453e-01
   2.0000000e+00  -6.2244759e-01   5.6413897e-02  -1.5323027e+00  -3.8020629e-02   3.0299156e-01  -7.1690293e-01
   1.0000000e+00   5.2199466e-01   2.2044320e+00   9.0932798e-01  -2.2260886e-01  -2.0730792e-01   1.2918449e-01
   2.0000000e+00  -2.9166540e-01  -3.8864438e-01  -2.2456955e-01   8.0647982e-01  -1.6217886e+00  -6.0011348e-01
   2.0000000e+00  -5.4544067e-01  -7.2774278e-01   1.6370822e+00  -1.1472714e+00  -8.0940887e-01  -1.3633265e+00
   2.0000000e+00   2.4665401e+00  -4.5826630e-02   8.5319427e-01   7.2710636e-01   7.6680355e-01   1.6957556e+00
   1.0000000e+00  -5.2233597e-01  -3.8431095e-01   1.2039101e+00   4.9245305e-01  -5.2370985e-01   7.7973688e-01
   2.0000000e+00   2.2150779e+00   1.2172844e+00   4.7852960e-01   2.3092133e-01  -5.4817817e-01   1.4409001e+00
   2.0000000e+00  -8.6699472e-01  -5.0851206e-01  -8.6265680e-02   1.7068085e+00  -1.5034173e+00  -1.0128337e+00
   2.0000000e+00   2.8077046e+00  -1.3607277e+00   7.8335148e-01   1.4927478e+00  -1.2664164e+00   1.2574746e+00
   2.0000000e+00   4.9118616e-01  -2.7195353e-01   9.2559325e-02  -1.0421470e-01   1.1794038e+00   3.0762559e-01
   2.0000000e+00   8.5904694e-01  -8.6342681e-01   1.1466179e+00   9.1988498e-01   6.1821988e-01  -2.9141247e+00
   2.0000000e+00   1.3090447e+00   1.2745782e+00   3.7255257e-01  -1.2680711e+00   1.9837651e-01  -9.6491139e-01
   2.0000000e+00   1.6392108e+00  -3.6978213e-01   9.7039083e-01   4.5856808e-01  -1.3906344e+00  -1.8030954e-01
   2.0000000e+00   8.9666213e-01   3.0371464e-01  -9.1328136e-02   1.9437157e+00   6.4874007e-01  -7.7676916e-01
   2.0000000e+00   1.5610607e-01  -8.7871441e-01   4.0233035e-01  -4.7030563e-01  -1.2250096e+00  -5.2312216e-01
   2.0000000e+00  -1.2740894e-01  -3.8362037e-01  -2.4734047e-01  -8.5537829e-01   1.7093448e+00   2.5137821e-01
   2.0000000e+00  -2.9076327e-01  -2.0967681e+00  -4.0335708e-01   2.4178264e+00   2.8504977e+00  -1.0197092e+00
   2.0000000e+00  -3.2064814e-01   4.1502832e-01  -2.0244147e-01  -5.3284951e-01   1.8118527e+00  -4.8030799e-01
   1.0000000e+00   6.2161108e-01   1.2044084e+00  -4.0790873e-01  -7.9706241e-01   3.6126696e-01   6.9562598e-01
   1.0000000e+00  -1.3853469e+00  -3.9475829e-01  -1.1515835e-01  -3.4815089e-01  -6.5072651e-01   2.8637338e-03
   2.0000000e+00   3.3901360e-01   5.7878341e-01   1.9482422e-01   4.7135642e-01  -1.1102384e+00   1.1732059e+00
   2.0000000e+00   1.0959823e+00  -1.6535338e+00  -1.7119103e+00  -1.9951968e+00   1.0813894e+00   6.5322433e-02
   2.0000000e+00   8.3346651e-01  -8.1905393e-01   1.2245486e-01  -9.1914103e-01  -6.8780290e-01  -1.3501782e+00
   1.0000000e+00  -2.0670416e-01  -6.9734972e-01  -6.3233898e-01   9.8496887e-01  -1.8415261e-01   4.2944112e-02
   1.0000000e+00  -1.4228493e-01  -1.9854999e+00  -7.9330751e-01   2.0004813e-01  -3.2688903e-01   7.7296314e-01
   2.0000000e+00   2.8891884e+00   8.5713582e-01   7.8551348e-01  -8.0958710e-01   9.9940853e-01   8.9527898e-01
   2.0000000e+00   1.6325236e-01  -1.2800286e-01  -1.6755177e+00  -1.1732167e+00  -2.3463381e-01  -1.0183011e+00
   2.0000000e+00  -1.2151215e-01  -7.5232804e-01  -3.5576550e-01   1.1896851e+00   3.1954894e-01  -1.3046701e-01
   1.0000000e+00  -1.6519193e+00   2.0905960e-01   1.0969946e+00  -7.0214346e-01  -1.9950242e-01   1.5508491e-02
   2.0000000e+00  -1.0659407e+00  -1.2671741e+00   3.1139217e-01  -8.2130651e-01  -5.7763457e-02  -8.7009232e-01
   2.0000000e+00   9.8308821e-02  -1.1144575e+00   8.6679062e-01   5.7596212e-01   6.7334338e-01  -2.1834123e-01
   2.0000000e+00  -3.1924740e-01  -4.1620788e-01   6.3559048e-02  -1.0821539e+00   2.1997437e-01  -3.5890505e-01
   2.0000000e+00   3.9417420e-01   1.4071725e-01   9.0476322e-02   9.4335409e-02  -9.9114786e-01   4.4811556e-01
   2.0000000e+00   4.0100660e-01   3.9140844e-01  -2.1045635e-02   1.1245362e+00   6.1774562e-02  -1.4564105e+00
   2.0000000e+00  -1.9889606e-01  -8.0785985e-01   3.9071460e-01   1.9890819e+00  -1.1059956e+00   9.3103200e-01
   2.0000000e+00   3.7328383e-01   2.5394475e-01  -3.7081091e-01  -8.3954707e-01   2.1899835e+00  -9.0940441e-01
   2.0000000e+00  -1.8027562e+00   4.7116525e-01   2.0486410e-01   3.3910914e-01  -1.0329320e+00   3.9555198e-01
   2.0000000e+00   9.8564764e-01   3.8947648e-01  -2.0065038e-01   5.2402890e-01   3.4241636e-01  -1.7275200e-01
   2.0000000e+00  -3.9337369e-01   1.2068342e+00   1.2397326e+00   1.1016990e+00   1.9885717e+00   4.1607039e-01
   2.0000000e+00  -1.0000002e+00   1.3544368e-01  -3.7975051e-01  -5.8710365e-02  -1.6463172e-01   1.0902965e+00
