   2.0000000e+00   7.9699776e-01  -8.7481816e-02  -2.2181931e+00   8.2754349e-01   1.3357409e+00  -7.7742522e-01
   2.0000000e+00  -1.3332634e+00  -9.0256739e-01  -1.3488635e+00   9.2773757e-01  -9.9253215e-01   7.2541605e-01
   2.0000000e+00   1.2661247e+00   3.4560097e-01  -1.4704279e-01  -1.3753241e+00  -6.9778705e-01  -4.0635431e-01
   2.0000000e+00  -4.4764874e-01   9.5592031e-01   1.1445831e+00   4.5283466e-01  -1.1966019e+00   6.3320900e-01
   2.0000000e+00   2.4166071e-01   1.7661384e+00   2.1883029e-01   9.0154629e-01  -1.1533336e+00  -3.4802307e-01
   2.0000000e+00  -1.0891348e+00   5.2412038e-01   1.6639146e+00   1.1640541e-01   4.3207870e-01   7.1666182e-01
   2.0000000e+00   2.3100004e-01  -1.6782334e+00  -1.5649657e+00   2.2389741e-02   1.0796391e+00  -1.1125283e+00
   2.0000000e+00   1.3134364e+00  -8.7818928e-01   2.9383048e-01  -3.5293505e-01  -4.9882289e-01   1.4523348e+00
   1.0000000e+00  -5.6831926e-02   3.2596115e-01   3.9566531e-01  -1.5225791e+00  -2.8153734e+00   8.3246957e-01
   2.0000000e+00  -2.0924511e+00  -1.5160314e+00  -4.9336533e-01  -2.0454771e+00   5.5940050e-01   1.1260682e+00
   2.0000000e+00   1.5640102e+00  -2.7204680e-02   9.7888818e-01   1.2914466e+00   2.9999213e+00   8.0507448e-02
   2.0000000e+00   5.7390858e-01  -5.2338061e-01   5.1056923e-01  -1.2400721e+00   1.9997866e-01   2.7436327e+00
   2.0000000e+00  -2.2325501e+00   1.5472891e+00  -8.2431737e-02   1.3515974e+00   1.8457735e+00  -3.3460082e-03
   2.0000000e+00  -6.1944971e-01  -1.8253977e+00   1.4720471e+00   1.5152929e+00  -9.1808848e-02   1.5810371e+00
   1.0000000e+00   1.6237427e-01   9.2598509e-01  -2.5710230e-01  -2.6648883e-01   8.3630291e-01  -1.3046376e+00
   2.0000000e+00   1.1096515e+00  -4.9426337e-01   1.4477469e+00   6.1987817e-01   1.1034832e-01  -1.1453635e+00
   2.0000000e+00  -9.1487703e-01  -9.9268230e-01   1.0212898e+00   1.0729306e+00   6.8437227e-02   1.1743777e+00
   2.0000000e+00  -1.2120445e+00   8.0981300e-01   3.8177900e-01  -2.3400458e-01  -6.7009479e-01   8.5492477e-01
   2.0000000e+00  -1.2675421e+00  -8.2425230e-02   1.1210716e+00  -8.3529115e-01   6.0113194e-01   4.8274392e-01
   2.0000000e+00  -8.8161176e-02   2.1410912e+00   5.5530058e-01  -2.2047232e+00   2.6906030e-01  -4.0845979e-01
   2.0000000e+00   3.2198944e-01  -8.4844231e-01  -1.9657645e-01  -2.1050921e+00  -9.2205356e-01   1.1739547e+00
   2.0000000e+00   8.0800837e-01  -8.8097835e-02  -2.4830109e-01  -1.6101919e-01   6.3624135e-01   1.5405756e-01
   2.0000000e+00   1.7332409e+00   1.5999715e-01   8.4128942e-01  -6.5031748e-01  -1.3906110e+00   5.4859865e-01
   2.0000000e+00   1.7363852e+00   9.4460161e-01   5.7690840e-01   1.8744966e-01  -1.0288757e+00   1.6517230e-01
   2.0000000e+00  -1.5132165e-01  -5.9249216e-01  -9.7489008e-01  -1.9228924e+00   1.9657173e-01   1.4585815e+00
   2.0000000e+00  -1.4464509e+00   1.4905646e-02   7.4062546e-01   1.3820423e+00  -3.5727942e-01   1.6097954e+00
   1.0000000e+00  -3.6525464e-01   7.5172391e-02   3.1758101e-01   4.4407950e-01   4.3481986e-01  -6.0007306e-01
   2.0000000e+00   1.2280086e+00   1.3961725e+00  -2.6995170e+00   8.3534580e-01   2.0996081e+00   6.2209093e-01
   2.0000000e+00  -1.9604237e+00   1.6212635e+00  -1.1169250e+00   1.4986883e+00   7.9436261e-01   7.4974524e-01
   2.0000000e+00   1.1132813e+00   8.2189958e-01  -2.7371835e-01  -9.1755178e-01  -3.9768161e-01   6.2478914e-01
   2.0000000e+00  -9.1402963e-01  -4.7743420e-01   1.0557283e+00   4.2625212e-01   6.4675348e-01  -4.7089604e-02
   2.0000000e+00   8.5622610e-01  -4.4444365e-01  -3.1955605e-01   1.5479980e-01   1.1290183e+00   1.0630475e-01
   2.0000000e+00   1.8579009e+00  -2.6838894e-02   1.2119916e-01   1.2807131e+00   8.6994953e-03  -1.8010102e+00
   2.0000000e+00  -4.6230377e-01   1.7752739e+00   5.0335648e-01  -3.3198638e-02   1.1178705e-01  -9.0168821e-01
   1.0000000e+00   2.2164680e-01   4.2008598e-01  -4.2169048e-01  -1.1332688e+00  -1.7491087e-01   1.4027349e+00
   2.0000000e+00  -8.6254371e-02  -1.7035432e-01  -8.1372650e-01   6.4658409e-01  -3.1908953e-01  -2.8131584e-01
   2.0000000e+00  -3.6965777e-01  -1.2555936e+00   1.5925969e+00  -1.4001221e+00   2.3430757e+00  -8.8207565e-01
   2.0000000e+00  -8.7132253e-01  -1.7515875e+00   1.0382261e+00   7.4929020e-01  -1.2386357e+00   4.9019837e-02
   2.0000000e+00  -3.6185569e-01  -6.3664953e-01   1.0605824e+00   1.5031996e-01   9.7270000e-01  -3.0591610e-01
   2.0000000e+00  -4.6253802e-01   9.5648372e-01   2.4949824e+00  -5.0478156e-01   1.6056962e-01   5.7304817e-01
   2.0000000e+00   1.5254680e+00  -2.1079397e+00   1.7632290e+00  -1.3824308e+00  -1.7992059e+00   2.5754524e+00
   2.0000000e+00  -1.2575505e+00  -1.6654160e-01  -2.5613746e-01  -2.8450295e-01  -1.9487697e+00  -5.3524332e-01
   2.0000000e+00  -8.9134015e-01   5.0668745e-01  -1.9917293e+00  -8.0264877e-01  -3.7238754e-01  -5.8688494e-01
   1.0000000e+00  -6.6733012e-01   1.8041175e-01   1.4593722e-01   1.9479793e+00  -1.4609847e+00  -2.2278293e-01
   2.0000000e+00  -1.8141603e-01   1.3202432e+00  -2.1102660e-01   1.4700582e+00  -5.8323851e-01  -1.7891958e-01
   2.0000000e+00   2.4290221e+00  -1.6780491e+00  -1.3151101e-01  -4.1214732e-01  -7.0723435e-01   2.8276440e-01
   1.0000000e+00   4.1679876e-01   6.3194147e-02  -3.1282237e-01   1.3622829e+00  -3.8961412e-01  -7.6621575e-01
   2.0000000e+00   3.5673614e-02  -1.4975450e+00   7.1393999e-02  -2.6274944e-01   5.6734443e-01  -7.9856505e-01
   2.0000000e+00  -6.0010612e-01  -2.3820552e+00  -6.1860130e-01   5.0691799e-01  -8.1003823e-02  -1.0980893e+00
   2.0000000e+00  -4.9415109e-01  -7.7451136e-01  -4.9815962e-01   2.1744076e+00  -1.0592941e-01   9.0923219e-01
   2.0000000e+00   1.7252459e-01  -1.5226674e+00  -1.6597821e+00   7.2722293e-01   5.7264580e-01   9.8778356e-01
   2.0000000e+00   4.1204869e-01  -1.4104237e-02  -8.9817654e-01  -1.7347025e-01  -4.3582384e-01  -1.1287838e+00
   2.0000000e+00   2.7437167e-01  -2.5455777e-01   1.2509021e+00   1.2318390e+00   2.2388445e+00   1.0451337e+00
   2.0000000e+00   2.8475604e-01  -5.4324018e-01  -1.0954501e+00   5.5614171e-01   6.7932258e-01  -1.9175577e-01
   2.0000000e+00   4.2334329e-01  -6.5696200e-01  -1.2279399e-02   1.0264385e+00   1.8082401e-01  -1.9157278e+00
   2.0000000e+00   6.1647494e-01  -9.8868502e-01   2.5464701e+00  -7.3220563e-01  -9.5810773e-01  -5.9250358e-01
   2.0000000e+00  -9.4118761e-01   1.4934343e+00   1.3337349e-01  -1.7412191e+00   1.6352861e+00   4.9840179e-01
   1.0000000e+00   1.9395759e-01   7.7640299e-01  -2.0619474e-01  -2.2431106e-01   6.4821843e-01   3.2468531e-01
   2.0000000e+00   9.5091300e-01  -4.7926312e-01   3.8857484e-01  -9.8305885e-02  -1.1051204e+00  -5.8919095e-01
   2.0000000e+00   1.1660143e+00   1.0449627e-01  -5.9110777e-01  -7.8125973e-03  -6.8149782e-01   9.0780515e-01
   1.0000000e+00  -2.0420366e-01   6.7873258e-01   4.5608259e-01   3.2351549e-01   4.3620086e-01  -1.0289679e+00
   1.0000000e+00  -4.4327162e-01   6.5015450e-01   1.4880961e+00  -5.9517142e-01   8.7978452e-01   1.4870589e+00
   1.0000000e+00   6.2857189e-01   4.9242895e-01   2.3417364e-01   7.7845696e-02  -2.8942282e+00   5.5363492e-01
   2.0000000e+00   2.1809300e+00  -1.6873244e-01   1.7099165e-01  -4.2445714e-01   1.9348819e-01   1.3999438e+00
   2.0000000e+00   1.1249903e+00  -1.8354641e-01   8.7161735e-02   6.6837076e-01  -7.0087683e-01  -1.3150283e+00
   2.0000000e+00   1.1328960e+00   1.3275942e+00  -4.4709505e-01  -4.1598717e-01   7.1608211e-02   3.9070411e-01
   2.0000000e+00   9.4254861e-01   1.8495157e+00   9.4000744e-01   1.0080446e+00   2.0060714e+00  -1.0423776e-01
   2.0000000e+00  -6.3217283e-01  -1.3326740e+00  -1.6168620e+00  -2.3898515e+00  -3.1549575e-02   6.9389071e-02
   2.0000000e+00   1.3127426e+00  -1.8277160e-01  -6.4434439e-01   1.3554483e-01   1.9482126e-01  -2.1479034e+00
   1.0000000e+00  -3.7472168e-01   7.7340165e-01  -8.5527305e-01  -1.7694718e+00  -6.8099521e-01  -3.3248777e-01
   2.0000000e+00  -7.7401733e-02  -4.5105198e-01   1.1606418e+00   6.6025086e-02   5.3950374e-01   6.3034958e-01
   2.0000000e+00  -1.1086612e+00   1.8633804e-01  -9.2743425e-01  -1.1846495e+00   1.5643260e+00  -1.3586537e+00
   2.0000000e+00  -3.9112464e-01  -7.2227387e-01   2.4240755e-01   1.3424349e+00   8.6246127e-01   1.8056010e-01
   2.0000000e+00  -7.9339150e-01  -8.8999615e-01   7.7319085e-01   4.1490556e-01  -1.9598637e+00   4.9491304e-01
   2.0000000e+00  -3.7862517e-01  -8.1475326e-01  -1.0533159e-02  -4.4745818e-01  -5.4355579e-01  -1.2432921e+00
   2.0000000e+00   1.6079957e+00  -8.1997603e-01   1.0137783e+00  -7.3397170e-01  -6.5243351e-01  -8.2275686e-02
   2.0000000e+00  -1.4814398e+00  -1.3341052e-02  -3.7552594e-01   5.0358787e-01   7.1431661e-01   6.6684802e-01
   2.0000000e+00  -6.9647855e-01  -2.2431297e+00   1.4898509e-01  -1.3338765e-01  -9.7738533e-01  -1.1717134e+00
   1.0000000e+00   1.6403841e-02   7.8447445e-01  -3.0963844e-01   9.3156474e-01   2.3909990e+00   2.8204491e-02
   2.0000000e+00   6.2865859e-02  -6.4140414e-02   7.8727181e-01   1.3824790e+00  -8.9911012e-01  -9.6639675e-01
   2.0000000e+00   3.6634106e-01   1.0311728e+00   7.6648008e-01   1.0953633e-01  -7.9319195e-01  -3.8253644e-01
   2.0000000e+00  -2.5280972e-01   1.6776583e+00   1.4888068e+00  -1.1914432e+00  -5.8673272e-01  -1.4342932e+00
   2.0000000e+00   1.0486516e+00   2.6455814e-01  -1.0013547e+00  -8.4836007e-01   1.8356522e-01  -9.3484183e-01
   1.0000000e+00   3.4354383e-01   3.8919518e-01   1.2082485e+00  -1.0903488e+00   2.1860837e-01  -7.5130741e-01
   2.0000000e+00  -1.3392813e+00  -3.5469442e-01  -6.2312408e-02  -9.9334486e-01   8.6583719e-02  -8.5198275e-01
   2.0000000e+00  -1.1989969e+00   1.0135900e+00   3.8283837e-01   5.2813037e-01   1.2452303e+00   1.2369923e-01
   2.0000000e+00   1.4487956e+00   2.8691545e-01  -1.0370415e+00   8.1158743e-01  -1.4013027e-01  -1.0873614e+00
   2.0000000e+00   1.0050010e+00  -2.5504503e-01  -8.3809327e-02   1.0678141e-02  -3.6255806e-01   4.0288669e-01
   1.0000000e+00   4.4303398e-02   6.3051707e-02   4.9159445e-01   7.3319737e-01  -1.0548400e+00  -2.4083844e-01
   2.0000000e+00   7.1101569e-01  -3.5058447e-01   3.7624931e-01  -1.9880789e-01   1.1100150e+00   1.0067882e+00
   2.0000000e+00  -9.6464112e-01   7.5467927e-01   2.5259860e+00  -5.0527768e-01  -5.1550118e-01   3.1546765e-02
   1.0000000e+00   9.5055172e-01   9.2452494e-02   3.4062706e-01  -1.5922631e+00   4.0675441e-01  -1.8892023e+00
   2.0000000e+00   1.0235092e+00  -6.0149913e-01  -1.8875282e-02   4.6401896e-01   7.2361850e-01   5.5660853e-01
   1.0000000e+00   6.9694550e-01   3.7553316e-01  -2.7270633e-01  -1.2509873e+00  -1.0508477e+00   1.6715379e+00
   2.0000000e+00  -6.1631293e-01  -4.0070126e-01  -2.6499056e-01  -2.2339566e+00  -9.3115480e-01  -8.9162086e-01
   2.0000000e+00   2.8231846e-01  -1.5633194e-01  -9.7212824e-01   5.2269046e-01   2.2832601e-01  -1.2889596e+00
   1.0000000e+00  -8.2738210e-01   5.1522703e-01   8.6784214e-01  -8.2966681e-01  -3.8235335e-01  -5.9594934e-01
   1.0000000e+00  -9.8465718e-01   9.4507207e-03  -1.4640547e-01  -1.5067097e-01   1.1117618e+00  -4.4765566e-01
   2.0000000e+00   1.7636422e-01  -1.3124093e+00   7.1761231e-01  -1.2971750e+00   2.4975453e-01   2.0104793e+00
   2.0000000e+00  -4.4919946e-01  -1.5467137e+00  -1.8081852e-02   2.3881047e-01   2.4033289e+00  -8.8017255e-02
   2.0000000e+00  -9.8147458e-01  -1.3309400e-01   6.1958312e-01  -9.2000377e-01  -7.8735723e-01   8.9720606e-01
   2.0000000e+00   1.3878395e+00  -7.4107699e-01   4.5319375e-01   4.9729093e-01  -3.0239552e-01   3.4074194e-01
   2.0000000e+00  -2.2924542e-01   1.0117706e+00  -1.1630731e-02   5.0744862e-01   1.3966895e+00   2.2072406e-01
   2.0000000e+00  -4.3175034e-01  -2.4762434e-01  -2.6188370e-01   1.0904955e+00   1.9052695e-01  -5.5555748e-01
   1.0000000e+00   1.0774792e-01   3.4950810e-01  -1.2668621e+00   2.1213252e+00  -1.1764269e+00   8.7779884e-01
   2.0000000e+00   1.3996590e+00  -8.6105586e-01  -3.8702208e-01   1.1703670e+00  -1.5167508e+00  -4.7337788e-01
   2.0000000e+00   1.5573720e+00   4.1154705e-02  -1.1746879e+00  -8.2091279e-01  -1.1029027e+00   5.6544591e-01
   2.0000000e+00  -1.5075658e+00  -5.9132588e-01   1.3463184e+00   3.1695373e-01  -9.6085540e-01   8.6705661e-01
   2.0000000e+00   3.1745768e-01  -1.7334654e+00  -6.3101653e-01  -1.5252598e+00   7.2326012e-01   7.1903762e-01
   1.0000000e+00   8.4337915e-01   1.8853518e-01  -1.4987368e+00  -1.4767930e+00   1.8362217e-01   3.5876613e-01
   2.0000000e+00   8.1660847e-01   5.7899271e-01  -3.6313598e-01   4.3428584e-02  -6.8459824e-01   3.4196851e-01
   2.0000000e+00  -7.6212124e-01  -9.0457583e-01  -7.5012809e-02   1.0495138e+00   2.3860426e-01  -1.2014818e+00
   2.0000000e+00  -4.8960452e-02  -2.8283598e-01  -5.9392826e-01  -1.8316297e+00   6.6943781e-02  -1.2692024e+00
   2.0000000e+00   1.0144984e+00   9.4546488e-02   6.3106759e-01  -1.1463980e+00   1.5168449e+00   1.1875096e+00
   1.0000000e+00   1.6602475e-01   7.4276207e-01  -4.9111287e-01   6.5259215e-01  -5.4476233e-02  -7.6979184e-01
   2.0000000e+00   6.8003968e-01  -2.0646594e-01  -1.0041743e+00   9.1985900e-01   2.2781949e-02   1.1611770e+00
   1.0000000e+00   3.1857969e-01   1.2649806e-02  -8.1245348e-02   1.2194036e+00   3.7101613e-01   9.0008983e-01
   2.0000000e+00   6.4848016e-01   8.6400018e-01  -9.4392199e-01  -1.1862581e+00   7.8064269e-01   7.3458062e-01
   2.0000000e+00   6.7696469e-01  -2.7280554e-01  -4.2858425e-01  -4.3892155e-02  -6.7408288e-01   6.1696685e-02
   2.0000000e+00  -2.7010948e+00   1.4242066e+00  -5.3463764e-01  -1.1189687e+00   4.0973261e-01  -5.4221517e-01
   1.0000000e+00   5.3104888e-01   1.1186942e-01  -7.1583731e-01  -1.3315738e+00   1.8605680e+00   7.9113397e-01
   2.0000000e+00  -1.5319653e+00   5.5053152e-01  -3.9239627e-01  -2.6760446e-02  -2.4932406e+00   6.6742859e-01
   2.0000000e+00   3.1726767e-01  -6.4947640e-01   7.5619324e-01  -1.7756543e+00  -5.1331753e-01   9.9358989e-01
   2.0000000e+00   6.9103273e-01  -3.6019477e-01  -6.1917601e-01   2.0982223e-01  -1.2268171e+00  -7.9714656e-01
   2.0000000e+00   4.9407629e-01  -6.0487882e-01   6.6018664e-01  -1.2230021e+00   9.7212491e-01   3.2743196e-01
   1.0000000e+00   5.7000099e-01   1.8344943e-01   5.9592463e-01  -1.1404304e+00  -7.3468763e-01  -1.1173745e+00
   1.0000000e+00   9.7885047e-01   1.5634701e-01  -2.3198262e-01   8.8998052e-01  -9.1007463e-02  -1.1412273e-02
   1.0000000e+00   5.5890845e-01   6.7378872e-01   5.8191722e-01   2.9685600e-01  -3.5593044e-01  -8.1133260e-01
   2.0000000e+00  -3.6795905e-02   1.0991698e+00   8.4235439e-01   3.4446734e-01  -5.9232594e-01  -1.8885749e+00
   1.0000000e+00   8.4607521e-01   2.4006599e-02  -3.6375998e-01  -1.4982863e-01  -3.9270604e-01   9.3387657e-02
   2.0000000e+00   4.4690867e-01  -2.7663492e-01   2.5967880e-01  -2.0201079e-01  -3.5227532e-01   7.1830291e-01
   2.0000000e+00  -6.0452351e-01   8.3191119e-01   1.1341039e+00  -1.1462078e+00  -3.5148570e-01   5.5193127e-02
   2.0000000e+00   1.4020118e+00  -2.9770711e+00   7.1867699e-01   1.6616993e+00   1.7142300e-01  -1.1085602e-01
   2.0000000e+00   3.3344815e-01  -1.3088882e+00  -1.3642321e+00  -1.3278077e-01   8.8353818e-01   1.6190115e+00
   1.0000000e+00   3.3224035e-01   3.1223332e-01  -1.9574956e+00  -1.5118692e-01  -3.7767622e-02   1.2462175e+00
   2.0000000e+00   8.5502546e-01  -5.5363590e-01   2.4018800e-01   8.4319443e-01   5.5513845e-01  -1.2515053e+00
   2.0000000e+00  -1.5447271e-02   1.4421159e+00   2.6244378e-01  -2.1676401e+00   4.7193203e-01   1.4649206e+00
   2.0000000e+00   6.5628025e-01  -1.5831165e+00  -6.1248354e-01  -6.4445038e-01  -1.3193784e-01  -2.8208999e-01
   1.0000000e+00   7.2305247e-02   3.9488900e-02   2.8565750e-01   1.5954131e-01  -8.7868745e-01   2.1373364e-01
   2.0000000e+00  -3.1602480e-01  -1.0263892e+00  -1.2321949e+00  -1.0551526e+00  -2.1685514e-01   1.3867018e+00
   2.0000000e+00  -6.9138669e-01  -1.3827356e+00  -9.8956541e-01   5.4511417e-01   2.4153278e-01  -1.8485232e+00
   1.0000000e+00   7.8296505e-01   1.4807708e-01   7.0106278e-01  -1.6378890e+00   9.1727147e-01   1.2274916e+00
   2.0000000e+00   1.8204276e-01  -8.2377016e-01  -5.8777794e-02   1.4531786e-01  -4.8015207e-01   9.8310110e-01
   2.0000000e+00  -6.7401998e-01   7.5413059e-01  -1.0636184e+00   7.7030469e-02  -7.8357792e-01   2.9856770e-01
   1.0000000e+00   3.4568991e-01   4.2459596e-01  -1.1151916e+00  -1.5345795e-01   3.3342390e-01  -3.9389796e-01
   2.0000000e+00  -6.2153823e-01  -8.1541471e-02  -3.1736515e-01   1.1473369e+00   5.7935430e-01  -1.6566468e+00
   1.0000000e+00  -1.9917720e-01   4.6167468e-01   8.2876924e-01  -4.7839272e-01   7.2592010e-02   2.4587450e+00
   1.0000000e+00  -5.6028879e-02   8.3446656e-01   1.3628621e+00   8.3488852e-01  -3.0826661e-01  -1.0832712e+00
   2.0000000e+00   1.0139488e+00  -9.6093505e-01   1.0296027e+00  -7.2334796e-01   9.9301860e-01  -1.2084809e+00
   2.0000000e+00  -1.1858037e+00   1.0404385e+00   1.4135430e+00  -1.9717577e+00   1.5199689e+00  -1.8177576e-02
   2.0000000e+00  -1.8472878e+00   3.6892055e-01  -1.7050977e+00   8.7153023e-01   3.4024222e-01  -8.6076078e-01
   2.0000000e+00   8.9216067e-01  -1.7516693e-01   3.0001527e-02   1.3583988e+00   1.4463453e+00   1.8243602e-01
   2.0000000e+00  -1.1174828e+00   6.8184561e-01  -1.6475951e+00  -4.9114067e-01   2.7436028e-01  -5.9914439e-01
   2.0000000e+00   7.4627369e-01  -1.0537954e+00  -1.1356135e+00  -5.3385438e-01  -1.5326626e-01   1.7073417e-01
   1.0000000e+00   5.7385921e-01   1.9705909e-01  -7.0578004e-01   1.4882074e+00   7.3410375e-01   9.6528380e-01
   1.0000000e+00  -8.7878074e-01   2.1894873e-01  -1.4084258e+00  -7.9185732e-01  -1.3162550e-01  -1.7023385e+00
   1.0000000e+00   1.0562608e-01   2.8671419e-01   1.2976265e+00   1.5920709e+00   1.6624554e+00   8.7481043e-01
   2.0000000e+00   2.1804234e+00  -7.4154791e-01  -3.3646711e-01  -1.5623516e+00  -4.1808756e-01  -8.4795717e-01
   2.0000000e+00   2.4213021e-01  -9.9981935e-01   1.1577495e+00  -1.9512548e-01  -2.8217428e+00   2.1521646e-01
   2.0000000e+00  -1.3851170e+00   2.2789840e-03  -2.7455410e-01  -3.2432446e-01   2.9868523e-01   5.3312118e-01
   2.0000000e+00  -9.4109478e-01   1.0492325e+00  -2.7993981e-01  -1.0621779e+00  -2.8698547e-01  -8.2415324e-02
   2.0000000e+00   3.4584244e-01  -4.5611587e-02   1.8263310e-01   2.7037082e+00  -2.9217299e+00   2.9153094e-01
   2.0000000e+00   1.3099394e+00  -2.5373848e-01   2.2244112e-01  -1.9884075e-01   2.2595340e-01  -3.3144969e-01
   2.0000000e+00  -1.6833625e+00  -5.4257952e-01  -8.0098618e-02  -1.1733423e-01   8.3214268e-01  -9.3957779e-01
   2.0000000e+00  -1.1265081e+00  -1.0999307e+00   1.9102066e+00  -1.1849657e+00  -1.4676778e+00  -1.5970009e-01
   2.0000000e+00   5.7649634e-01  -2.0509157e-01   2.1210401e-01  -5.5478148e-02   2.4027048e+00   5.4153339e-01
   2.0000000e+00   1.6047904e+00  -1.4746681e-01  -3.0738913e+00  -7.3350117e-01   2.0095495e+00  -1.0544357e+00
   1.0000000e+00  -2.3537328e-01   9.3211430e-01   7.9131797e-01   7.6921714e-01  -2.0003820e-01   1.8045275e+00
   1.0000000e+00  -7.0030840e-01   1.0050672e-01  -3.2760103e-01   2.5574372e-03   3.6667301e-01   1.7104830e+00
   2.0000000e+00  -1.0378009e-01   1.1055673e+00   3.6681761e-01  -6.9517915e-02   1.5916361e+00  -1.1613781e+00
   2.0000000e+00  -9.2431032e-02   2.3017468e+00  -3.2413204e-01   6.2873508e-01  -2.2324246e-01  -1.1001261e+00
   1.0000000e+00   4.0006932e-01   8.7042242e-01   1.0754678e+00  -3.1848368e-01   3.7766515e-01   1.5445128e+00
   1.0000000e+00   4.6627138e-01   3.1104484e-02   1.7196339e+00  -6.0257827e-01   3.1115303e-01  -1.2992028e+00
   2.0000000e+00   1.5891446e+00   1.1094834e+00   2.4403197e-01  -8.2488054e-01  -1.5119837e+00   5.5361610e-01
   2.0000000e+00   1.5160207e+00   2.7873783e-01   4.1271185e-01  -1.9280823e-01   5.0850212e-02  -7.4130139e-02
   1.0000000e+00   2.8092599e-01   5.6834103e-01   2.9486827e-01   4.2290381e-01   2.5183581e+00  -3.8301258e-01
   2.0000000e+00   9.4764119e-02  -8.7586255e-01  -1.6066007e+00  -1.0398354e+00  -3.6902078e-01  -4.0311627e-01
   2.0000000e+00  -1.3861828e+00   4.9682986e-01   6.8468977e-01  -2.1277635e-01   1.4503725e+00   3.0522346e-01
   2.0000000e+00  -1.2055683e+00  -2.8578828e-02   2.4800105e-01   1.8125814e+00  -1.7148095e+00   2.1096483e+00
   2.0000000e+00  -1.4173462e-01  -3.4235762e-01  -2.1989531e-03  -5.0112090e-01  -1.3606174e+00  -1.4912536e+00
   2.0000000e+00   7.2043212e-01   8.8499495e-01   3.3063855e-01  -5.2318311e-01  -6.2641465e-01   5.1771245e-02
   1.0000000e+00   8.8545873e-01   1.3941891e-01  -5.9937672e-02   1.5351372e+00  -3.1604835e-01   1.2374577e+00
   2.0000000e+00   4.0569178e-01  -2.0155085e+00  -4.6404643e-01   3.7663675e-01  -4.0229115e-01  -4.1776239e-01
   2.0000000e+00  -1.8214073e+00   6.3778291e-01   4.8092076e-01  -1.5036635e+00  -8.9759812e-01   1.4931692e+00
   2.0000000e+00   4.3792541e-01  -6.9991716e-01   6.7390087e-01   3.5947123e-02   6.0768808e-01   9.6782599e-01
   2.0000000e+00   8.1664397e-01   1.1281025e+00   6.2216175e-01   4.0536412e-01  -6.8366181e-01  -1.6454066e-01
   2.0000000e+00  -5.7690352e-01   1.3521219e+00  -8.2105069e-02   1.2755635e+00   2.9777215e+00  -9.5268815e-01
   2.0000000e+00   2.1004350e+00  -1.3022770e-01  -3.5129756e-01  -1.0131135e+00   5.0703560e-01  -7.7038580e-01
   2.0000000e+00   4.7971727e-01  -1.6041138e+00   2.0587779e-01   1.6336085e+00  -1.1755268e+00   1.3630005e+00
   2.0000000e+00   4.3710364e-01  -1.2360833e+00  -6.5021020e-01   1.4703718e+00  -3.9918799e-01  -4.9133241e-01
   2.0000000e+00   9.0167614e-01   1.1687808e+00  -1.9044594e-01  -7.2139976e-01  -9.3998382e-01   7.8486535e-01
   2.0000000e+00   1.4048289e+00  -2.8142968e-01   4.9649468e-01   1.0136858e-01   1.7058523e+00  -3.9481102e-01
   2.0000000e+00  -1.1272672e-01   1.1414984e+00   1.3756084e+00   1.7135599e+00  -2.0724786e+00   7.9279604e-01
   2.0000000e+00   1.8231847e-01  -6.5675579e-01  -1.1425647e+00   5.3699235e-01  -1.6071375e+00   6.4067340e-01
   2.0000000e+00  -1.4247427e+00   1.5301882e-02  -1.1402934e+00   2.0351406e-01   2.2262739e-01   5.0781351e-01
   2.0000000e+00   6.3403084e-01  -8.5831082e-01  -1.2251147e+00   1.1656805e+00   2.1894131e-02  -7.0671234e-02
   2.0000000e+00   4.8996359e-02  -4.5908776e-01   1.4001822e+00   5.2112534e-01  -1.2814212e+00   2.2194650e-01
   2.0000000e+00  -5.5706778e-01  -7.7015002e-01  -1.1207136e+00  -7.9544431e-01  -1.1403283e+00  -9.1615019e-01
   2.0000000e+00  -8.8076432e-01   7.7843959e-01   4.1517045e-02   1.8843623e-01  -4.9958563e-01  -1.9169282e+00
   1.0000000e+00  -1.5538127e-01   3.8587429e-02  -8.7121403e-01  -1.4657863e+00  -1.2615766e-01  -1.3321645e+00
   2.0000000e+00   1.5410568e+00  -1.4312843e+00  -4.4645835e-01  -1.4606129e+00   4.9847549e-01   5.5531228e-01
   1.0000000e+00  -6.1976145e-01   3.9417567e-01   2.4982043e-01   4.9368102e-01   1.5745668e-01   1.5061723e+00
   2.0000000e+00   1.7801050e-01  -2.1650492e+00  -1.6854075e+00   6.5291931e-01   1.0161601e+00   8.5977983e-01
   2.0000000e+00   9.8934650e-01  -1.1778431e+00   5.5771687e-01  -4.5297038e-01  -5.2124421e-01  -1.9959687e-01
   1.0000000e+00  -3.6946888e-01   1.1112695e-01  -1.7558411e+00   8.8069232e-01  -3.7010016e-01   7.6227801e-01
   2.0000000e+00   3.8463977e-01   9.8876027e-01  -6.0633253e-01   1.0167335e+00   2.9582466e-01   1.2219164e+00
   1.0000000e+00   5.5055313e-01   2.9980288e-02   1.3544269e+00  -8.0921205e-01   3.0718264e+00   1.3505721e-01
   2.0000000e+00   2.4598111e-01  -4.3718912e-01  -1.9624814e-01   5.4558377e-01  -5.4923654e-01   3.0356677e-01
   2.0000000e+00  -6.2628451e-01  -9.0877568e-01  -4.8927162e-01  -1.2267091e+00  -6.6776907e-01   6.5520687e-01
   2.0000000e+00  -3.8571661e-01   6.7352524e-01   2.3933006e+00   8.9269543e-01  -1.7537508e+00  -2.1354917e-01
   2.0000000e+00  -7.7096493e-01  -3.5831517e-01  -1.0980045e+00  -1.8701114e-01  -9.1009223e-01  -7.4542004e-01
   2.0000000e+00  -1.1363991e+00   3.7981912e-01   6.0302308e-01  -4.9182610e-01  -2.1744102e+00  -3.4753650e-01
   2.0000000e+00  -1.0017208e+00  -8.4759474e-01   8.5918114e-01   1.0732141e+00  -6.1974293e-01  -3.8403361e-01
   2.0000000e+00   1.2046946e+00   8.6883821e-01   5.0266656e-01  -1.2369865e+00  -1.0683031e-01   3.8062965e-02
   2.0000000e+00  -5.7039042e-01  -6.9482410e-01  -4.0865940e-01   1.6298085e+00  -2.5680154e-01   1.0400379e+00
   1.0000000e+00   2.2621023e-02   6.2937723e-01  -1.0442452e-01  -1.2722853e+00   2.6505769e-01  -1.1715746e+00
   2.0000000e+00   1.0525396e+00   6.6411997e-01   9.0485318e-01   6.4196783e-01   3.7687179e-01   4.4696822e-01
   2.0000000e+00  -1.3632379e-01  -9.9589078e-02   8.0507633e-01   7.4502856e-02   1.4739378e-01   1.2631800e+00
   2.0000000e+00  -6.1787376e-01   1.0127838e+00   9.9354068e-01   1.1268281e+00  -9.2793897e-01  -1.1508312e+00
   2.0000000e+00   1.0326485e-01  -8.4477315e-02   2.6562386e-01  -6.3494610e-01  -1.5409217e+00   9.0068500e-01
   2.0000000e+00   1.6963499e+00   5.3155301e-02  -1.1173044e+00  -9.5606912e-01  -1.2091502e-01  -2.4918292e-01
   2.0000000e+00  -2.6698857e+00   5.2037246e-01  -4.0006014e-01  -6.2940302e-01   6.4056996e-01  -1.5866537e-01
   2.0000000e+00   1.5263215e+00   3.7742034e-01   3.6332702e-01   5.5165127e-01   1.2978146e+00   4.5311584e-01
   1.0000000e+00   6.9483479e-03   8.3186994e-01  -1.2047749e+00  -5.1254849e-01  -8.5102293e-01   2.5159763e+00
   1.0000000e+00  -8.0199250e-01   3.8419115e-01  -1.4068903e+00   2.0266434e+00   3.1730316e-01   1.1105572e+00
   2.0000000e+00   4.8683514e-01  -1.7906909e+00   4.1420272e-01  -8.9991818e-02   5.6160180e-01  -1.0962011e+00
   2.0000000e+00   1.3104199e+00   6.4243869e-01  -1.4874337e-01   7.4800573e-01   1.5440835e+00   1.9777826e-01
   2.0000000e+00   2.1381419e+00   3.4427954e-01  -8.6876128e-01  -1.6800081e+00  -1.2579652e+00  -3.9855334e-01
   2.0000000e+00   5.1043422e-01   2.1311457e+00   5.6347950e-01  -7.7819893e-01  -4.3557986e-01   9.7755217e-01
   2.0000000e+00  -5.0547724e-01  -1.0131732e-01   2.2826271e-02  -8.6598533e-01   8.9341493e-01   6.3070044e-01
   2.0000000e+00  -1.2761774e+00  -9.4583353e-01  -1.4354726e+00   3.9525666e-01  -1.4420537e-01   5.5941084e-01
   2.0000000e+00  -1.1926404e+00  -9.6097399e-01  -1.2503962e+00  -3.6135803e-01  -5.9636199e-01  -8.2410221e-01
   2.0000000e+00  -8.2512794e-01   1.7180504e+00   1.0848866e+00   5.7454114e-01   1.6252637e+00  -5.4076622e-01
   1.0000000e+00   7.7528081e-02   8.8786023e-01  -3.4038323e-02  -8.6537981e-01   1.4775917e+00  -7.7985389e-02
   2.0000000e+00  -5.0633924e-01  -3.3664629e-01   7.6175391e-01  -8.8673832e-01  -2.9290883e-01   1.2200752e+00
   2.0000000e+00  -1.1250820e-01  -1.3178115e+00   6.6398341e-01   9.5744355e-01   1.0524360e+00   2.1304356e-01
   1.0000000e+00   2.0620344e-01   2.0470237e-01  -1.6936467e-01   4.4201335e-01   6.7100650e-01   5.4110116e-01
   2.0000000e+00  -6.8027831e-01  -1.0969566e+00  -4.0497621e-01  -1.6947312e-01  -6.8304996e-01  -2.2768629e-01
   2.0000000e+00  -1.3331433e+00   1.1006396e+00   1.5695924e+00  -1.7587493e+00   1.7579625e+00  -7.8985893e-01
   2.0000000e+00  -3.1353848e+00   1.2521216e+00  -9.9461346e-01   6.7844909e-01   2.3460924e-01   2.1395812e+00
   2.0000000e+00   4.5210449e-01  -8.7072166e-01   2.0204935e+00   2.1130646e+00  -5.1237435e-01  -2.0398517e-01
   2.0000000e+00  -1.6084776e+00  -1.3522184e-01  -1.4866126e-01  -1.8163338e+00  -1.1617470e+00   5.5600742e-01
   2.0000000e+00   1.4642785e+00   3.9273640e-01  -5.7710903e-01  -3.4177760e-01   6.9200209e-01   1.6780204e+00
   2.0000000e+00   9.0129298e-01   1.5427838e+00  -5.5896830e-01   4.7720465e-01  -4.3594732e-01  -2.0066348e+00
   2.0000000e+00   9.5960232e-01   1.4897337e+00   7.9789159e-01   1.2260954e-01   3.4611355e-02  -1.5967284e+00
   1.0000000e+00   5.7519996e-01   6.4796096e-01  -4.4150644e-01  -5.0584029e-01  -1.6457068e+00  -5.0265215e-01
   2.0000000e+00   4.0957812e-01  -1.4033487e+00  -1.0504721e+00  -4.7131866e-01   1.4782165e-01  -7.4690475e-01
   2.0000000e+00   1.2202395e+00   1.6866663e-01   9.1397626e-02  -9.3473750e-01  -1.0607093e+00  -2.9182945e-01
   1.0000000e+00   1.3526217e-01   8.9770620e-02   1.4598830e+00  -1.1744450e+00  -8.8765909e-01  -8.7538869e-01
   1.0000000e+00   3.0648606e-01   6.1383723e-01  -2.1332353e-01   3.3151583e-01   3.1221488e-02   5.5149787e-01
   2.0000000e+00   2.2405593e+00   9.4536823e-01  -7.3744652e-01   2.7493181e-01  -3.0048784e-01  -3.8657854e-01
   1.0000000e+00  -7.5709856e-02   5.5600899e-01  -9.0483766e-02   1.6681144e+00   9.5098829e-01   1.8695632e+00
   2.0000000e+00   6.9657325e-01  -5.8483392e-01  -6.4891768e-02  -1.2034711e+00   6.9206823e-01  -1.1780732e+00
   2.0000000e+00  -4.6090298e-01   1.7557510e+00   5.8709980e-01  -9.3366987e-01  -2.7572123e+00   4.8565229e-01
   1.0000000e+00  -2.2175198e-01   6.2999204e-01  -9.1753486e-01  -4.9145755e-01  -6.1625536e-01   3.3899420e-01
   2.0000000e+00   3.7395518e-01  -1.7894045e-01  -8.4129090e-02  -5.8002798e-02  -1.7330962e-01   1.6603671e+00
   2.0000000e+00  -4.8115932e-01  -3.4009439e-01   8.7440986e-01   1.0080993e+00  -1.0761442e+00  -3.4757757e-02
   2.0000000e+00   1.2775838e+00  -5.3001494e-01  -1.2784352e-02   8.3934101e-01   7.8149357e-01   4.1111061e-01
   2.0000000e+00  -8.2144307e-01   7.5481697e-01  -6.3956526e-01   2.2839623e-01   1.1560765e+00  -8.4942444e-01
   2.0000000e+00  -1.7474616e-01  -1.1406426e+00   1.0857942e+00  -4.0277185e-03  -1.5966703e-02   3.7934112e-01
   2.0000000e+00   5.2452841e-01  -8.1324156e-01  -3.0735118e-01  -9.1539603e-01   7.6523355e-01   2.2008254e+00
   2.0000000e+00   1.0154221e+00  -7.6614572e-01  -9.8903825e-01  -8.9305615e-01   1.4237787e+00  -1.0035125e+00
   2.0000000e+00  -3.0919259e-01  -3.0346900e+00  -7.0312284e-01  -7.2777966e-01   8.1929844e-01  -9.6699871e-01
   2.0000000e+00   1.3854488e+00  -5.2645107e-01  -7.3410032e-01  -2.9223668e-01  -1.1727962e-01   2.6145212e-01
   2.0000000e+00  -6.3985514e-02  -9.1548998e-01  -1.5533006e+00   1.1002871e+00   2.3806420e+00  -6.4918588e-02
   2.0000000e+00  -1.1391171e+00  -2.9200503e-01   8.8016481e-01   2.0709495e+00   1.0127592e+00   6.6569809e-01
   2.0000000e+00  -1.5028488e+00  -2.3012247e-01  -1.7055845e+00  -1.1308534e+00   4.2986757e-01   6.5367283e-01
   2.0000000e+00   9.9465901e-01   1.1057788e+00  -7.0101217e-01  -1.1671010e-02  -5.6658051e-01   9.4426384e-01
   2.0000000e+00   4.5348099e-01  -1.9514304e-02  -4.9417838e-01   3.5460859e-01   1.1429104e+00   1.5823301e-01
   2.0000000e+00   1.3228640e+00   1.3892964e-01   1.1520708e+00   1.0487091e+00  -1.5846068e-01  -6.1047504e-01
   2.0000000e+00   6.9316997e-01  -1.8690603e-04  -8.8813570e-01   1.5603932e-01  -7.1501080e-01  -1.8380612e-01
   2.0000000e+00   6.9322529e-01   9.6055206e-01   3.2957910e-01  -2.5518926e-01   1.3677337e+00  -2.0619942e+00
   1.0000000e+00   2.8086083e-01   6.0219171e-01   1.1566023e+00   2.4464991e-03   7.5028449e-01  -1.6718731e-01
   1.0000000e+00   5.6356890e-01   2.9365441e-01   2.7896920e-01  -1.3579800e-01   7.3539009e-01   5.8517277e-01
   2.0000000e+00   7.2293377e-01  -1.8172674e+00  -8.9753009e-01  -7.0267971e-01   4.4702958e-01   4.4055808e-02
   1.0000000e+00   7.8133772e-01   7.6405329e-03  -2.6907584e-02  -1.3252479e+00   1.7591767e+00  -1.1742970e+00
   2.0000000e+00   8.0086678e-01  -6.1657349e-01  -3.5417771e-02  -1.4486237e+00  -5.2383549e-01   7.4362568e-01
   2.0000000e+00  -8.2626718e-01  -1.1753607e-01  -2.7730565e-01   7.3311060e-01  -1.5533786e-01  -4.2423816e-01
   2.0000000e+00   2.0491453e-01  -1.5666015e+00   4.2757479e-02  -3.4808969e-02  -3.8239516e-02  -4.5085887e-01
   2.0000000e+00  -1.4775412e+00  -4.3229746e-01  -9.4276374e-02   8.4824311e-01  -1.2453330e+00   5.5431134e-01
   2.0000000e+00  -1.8249144e-01   1.3470729e+00   8.3523000e-01  -4.7079793e-01   1.2132789e+00  -3.9894883e-01
   2.0000000e+00  -9.4337809e-01  -3.5121053e-01   1.0586926e+00  -6.3697013e-03   1.0014671e+00   6.6336885e-01
   2.0000000e+00   6.5325496e-01  -5.8553847e-01   5.0412442e-01  -1.4585501e+00  -5.2926903e-02  -1.3058248e+00
   1.0000000e+00  -2.9066720e-01   8.8068127e-01  -1.2970310e-01  -8.6594260e-01   6.0422260e-01   6.5781314e-01
   2.0000000e+00  -5.0546926e-01  -1.6308518e-01   3.2185867e-01  -2.4480361e-01  -1.5205114e-01  -5.0642659e-01
   1.0000000e+00  -4.4565598e-02   7.6507810e-01  -1.0878762e+00  -3.8880642e-01   1.6429704e+00   1.0141898e+00
   1.0000000e+00  -9.4288100e-02   5.2108682e-01  -5.7388124e-01  -1.1317845e+00   2.1517823e+00   2.1480064e+00
   2.0000000e+00  -3.6290456e-01  -2.7487057e+00  -2.1996381e+00  -2.8466246e-01   1.0211467e-01  -9.7894181e-01
   1.0000000e+00   4.6736552e-01   5.7246307e-01  -7.5905393e-01  -5.1317755e-01  -5.2763695e-01   4.5701301e-01
   2.0000000e+00   4.8691849e-01   1.6547652e+00  -7.4657619e-01   3.8521915e-01   5.9230315e-02   1.0870527e+00
   2.0000000e+00   6.3149865e-01  -7.7037446e-02   3.8165142e-01  -1.0682143e+00   8.6937225e-01  -1.1688282e+00
   1.0000000e+00   2.8530394e-01   1.0116596e-01  -7.3729743e-02  -1.5097516e-01  -1.8370085e+00   1.2737457e-01
   1.0000000e+00  -2.1988349e-01   3.8505682e-01   2.3300508e-01  -2.3007527e-01   1.2129972e+00   1.4589187e+00
   2.0000000e+00   1.1746235e+00  -1.5683302e-01   1.2866535e-01   4.8716903e-01   4.1296301e-01  -6.4084524e-01
   2.0000000e+00   2.3986164e+00  -2.9445435e-01   5.4628020e-02   2.5682195e-01  -2.6488137e-01  -1.8303635e-01
   2.0000000e+00  -6.5362726e-01   1.0251004e+00  -2.4950473e+00   8.0919181e-01  -1.6836866e+00  -3.0557821e-01
   2.0000000e+00  -3.2788693e-01  -3.7127439e-01   3.3724957e-01   6.0951650e-01   5.7682256e-01  -1.1336002e+00
   2.0000000e+00   1.7352597e+00   3.2681079e-01   9.9023193e-01  -1.4560900e+00   8.9921832e-01   3.1923008e-01
   2.0000000e+00   1.6637151e+00  -1.8628675e-02   1.0822965e+00  -5.1183542e-01  -4.3497616e-01   2.0297377e+00
   2.0000000e+00  -7.8222585e-01  -1.6855615e+00   8.5000387e-01  -2.0489989e+00  -1.0885187e-01  -4.7887041e-01
   1.0000000e+00  -4.3869345e-01   8.1823098e-01   1.9205479e-01   4.9226909e-02  -4.5716657e-01   8.6325795e-01
   2.0000000e+00   1.9543728e+00  -6.9077171e-01  -5.6851340e-01   1.0607994e+00   2.2215868e-01  -5.1466761e-01
   2.0000000e+00   4.1151572e-01   1.6407196e+00   1.4202407e+00  -1.2468842e+00  -4.4811353e-01   9.9752083e-01
   2.0000000e+00   7.2132056e-01  -2.3510464e-02   2.1911869e+00   1.2262360e+00  -5.1427483e-01  -5.3830891e-01
   2.0000000e+00  -1.4955649e+00  -2.0428921e-01  -6.2762682e-01   4.1356707e-01   1.0119086e+00   1.2447609e+00
   1.0000000e+00  -1.9637966e-01   6.0974632e-01  -3.9073713e-01   9.4748065e-01   8.1646058e-01   8.4109078e-02
   2.0000000e+00   9.4039697e-01  -1.2956367e+00   1.0791958e+00  -1.3857792e+00  -3.6237094e-01   1.1064626e-01
   2.0000000e+00   1.3515526e-01  -1.2828144e+00  -1.6664734e+00  -4.8179414e-01   1.2772473e+00   5.3470732e-01
   2.0000000e+00   7.9773431e-01   1.9952356e+00  -8.6545474e-02   3.3968920e-01   5.8028197e-01   1.0933942e+00
   2.0000000e+00   3.8033446e-01   1.8396738e+00   1.8988833e-01  -1.3267695e+00   1.7691297e+00  -9.5588840e-01
   2.0000000e+00   9.5656362e-01  -1.1737430e+00  -1.0011238e-01   7.8420693e-02  -1.2546684e+00  -7.8646960e-01
   2.0000000e+00   7.8897029e-01  -1.1082244e-01   2.3485420e-01   6.5118428e-01  -1.4585552e+00  -3.0201048e-01
   2.0000000e+00  -9.2325659e-01  -1.1390424e+00   6.5180387e-02  -1.2751001e+00  -2.5241062e+00  -1.4495686e+00
   1.0000000e+00  -1.2751520e-01   1.2533592e-02   1.1854079e+00  -5.8542959e-01  -5.6603919e-01   7.5938589e-01
   2.0000000e+00  -1.3920139e+00  -8.8946399e-02  -8.8663896e-01  -1.9913023e-01  -1.3398922e+00  -5.8111595e-01
   2.0000000e+00   1.1620455e+00  -3.2962950e-01  -8.3991839e-02   1.0043365e+00   6.2463341e-01  -4.2011705e-01
   2.0000000e+00  -9.2243439e-01  -1.1777573e-01  -1.0964334e-02   1.5706562e+00   1.0659047e+00   2.5445322e+00
   2.0000000e+00  -1.4257703e+00   6.2976508e-02   4.6918355e-01  -2.5875500e-03   3.6210971e-01   5.5454094e-02
   2.0000000e+00  -1.8383908e-01  -2.6328051e-01   4.5514190e-01  -1.4406939e+00   7.8498664e-01  -1.6667815e-01
   2.0000000e+00   2.6061177e+00   1.8639049e+00  -6.7549768e-01   4.7941824e-01  -2.9206766e-01  -8.5998945e-01
   2.0000000e+00   2.9920882e-01  -8.6522240e-01  -1.4342870e+00   1.9599470e-01  -8.5379598e-01   1.0366901e+00
   2.0000000e+00  -5.9454750e-01  -1.2003776e+00   4.4690445e-01  -6.8508203e-01  -6.3591347e-01  -6.7563515e-01
   2.0000000e+00   4.4092718e-01   1.8985219e+00   8.9887887e-02  -3.5551308e-01  -3.9009351e-01  -3.2878891e-01
   2.0000000e+00  -9.3153205e-01   1.1039704e+00   4.2248062e-01   1.3976348e+00  -7.0836809e-01  -7.7823338e-01
   2.0000000e+00  -5.1078026e-01  -7.3218607e-01  -1.0567953e+00   1.2918223e+00   3.1764641e-01  -1.0476528e+00
   1.0000000e+00  -1.0060984e-01   5.9108384e-02   8.8998637e-01  -9.1860724e-02   1.6533683e-01   8.2142845e-01
   2.0000000e+00   1.9991470e+00  -6.4241514e-01   1.1142991e-01   2.0150394e+00  -1.1258687e+00   1.3005821e+00
   2.0000000e+00  -7.8910639e-01  -9.3458358e-01   3.8669196e-01   4.2693631e-01   1.7479967e+00  -4.5350487e-01
   1.0000000e+00   4.0367011e-01   5.0079656e-01  -2.5827971e-01   1.3517596e-02   8.4857206e-01   3.4911137e-01
   2.0000000e+00  -1.9436469e+00  -1.6765624e+00  -3.6073046e-01   2.8542739e-01   3.5390903e-01   7.0168731e-01
   2.0000000e+00  -1.0074756e+00  -8.4706513e-02   9.0476955e-02  -6.0611547e-01  -2.4426533e-01   2.2872412e-01
   1.0000000e+00   5.8394265e-01   1.4171909e-01   1.2219842e+00   1.2793095e+00   4.1328159e-01  -4.2559919e-01
   1.0000000e+00  -3.2329730e-01   4.1142861e-01   1.5015376e+00  -1.5634712e+00  -1.2637592e+00   3.2051015e-01
   2.0000000e+00   1.3395572e+00  -1.0936844e+00   5.8491311e-01   7.5565084e-01   1.4590128e-01  -1.8757545e-02
   2.0000000e+00  -2.1766373e-01  -1.0896016e+00   3.3119917e-01   1.5589265e+00   1.2652497e+00   2.0729721e+00
   2.0000000e+00   9.4738310e-01   8.1976677e-01   1.1952635e+00  -4.1909047e-01  -7.7232025e-01   5.5221199e-01
   2.0000000e+00   5.5841198e-01  -9.0093450e-01  -1.7641929e+00   2.1011575e+00   2.4238139e-01   2.9005630e-01
   1.0000000e+00  -1.7706154e-01   8.3532790e-01   9.7185465e-01   7.7759192e-01  -1.1648013e-01  -9.6414764e-02
   2.0000000e+00  -1.0982455e+00   1.3499190e+00  -1.5963244e+00  -2.2073979e+00  -1.3376822e+00  -1.4759977e+00
   2.0000000e+00   1.1672099e+00  -6.2241820e-01  -8.4413264e-01   1.8230864e+00  -7.8840581e-01  -2.1452386e+00
   2.0000000e+00   7.7724190e-01  -3.1762606e-01  -5.9962211e-01  -8.4123095e-01  -2.0987958e+00   2.1956915e+00
   2.0000000e+00   2.0482584e+00  -1.2933409e-01  -3.4730315e-01   1.7702328e+00  -9.7713671e-01   4.6343765e-01
   2.0000000e+00   2.8535462e+00   8.1317441e-01   9.5891504e-01  -1.2822435e+00  -6.6257330e-01  -4.2936691e-01
   1.0000000e+00  -8.0426510e-01   5.3268848e-01   1.0185459e+00  -1.0370173e-01   1.2673387e-01  -1.1483687e+00
   2.0000000e+00   2.6241821e-01  -7.3474581e-01   6.5484711e-01   3.8413545e-01  -1.4070499e+00   2.3899832e-01
   2.0000000e+00  -2.2709769e-01  -5.0756456e-01  -1.0821616e+00  -7.4050344e-01  -3.4357281e-01   6.9703772e-01
   2.0000000e+00  -5.0064933e-01   1.0249037e+00  -2.5663194e-01  -1.1708528e+00   8.1761316e-01  -1.2492302e+00
   2.0000000e+00  -1.5752888e+00  -1.5595104e+00   7.1067570e-01   3.5126384e-02   6.8527079e-01   1.3712500e+00
   2.0000000e+00   2.3603578e-02  -6.3526020e-01  -6.8467094e-01  -1.0409120e+00  -8.0041196e-01  -8.6591722e-01
   2.0000000e+00  -3.3037919e-01  -3.5727203e-01  -1.4463279e-01   1.3232502e+00   1.8420757e+00  -4.3440581e-02
   2.0000000e+00  -2.4290319e+00  -1.5903037e+00   1.5905720e+00   1.2670677e+00   6.1321270e-01   1.1665308e+00
   2.0000000e+00  -2.3701484e+00   1.3327683e+00   4.4513581e-01   1.9664971e-01   1.6102967e+00   1.5136697e+00
   2.0000000e+00   2.3878285e+00   1.4293969e+00   1.2369958e+00  -4.3490652e-01   4.6650144e-01  -4.9797238e-01
   1.0000000e+00  -2.7284849e-01   3.0471916e-01   1.1369309e-01  -1.6958713e+00  -3.8706530e-01  -8.5584256e-02
   2.0000000e+00   3.7481172e-01  -4.0078641e-02   1.5493397e+00   5.1933864e-01  -1.0609761e+00  -2.7419342e-01
   2.0000000e+00   1.0172171e+00   2.6100877e-01   1.0250925e-01  -8.8162481e-02  -1.0184337e-01   2.1831119e-01
   2.0000000e+00   2.9438907e-01   1.4429623e+00  -8.5517344e-01  -5.5959901e-02   3.2030889e-01  -1.5998466e+00
   2.0000000e+00  -4.6342018e-01   1.4830202e+00  -3.9376528e-01  -1.0954096e+00   7.7632267e-01  -4.8696824e-02
   2.0000000e+00  -2.0959183e+00   7.2817940e-01  -1.4940660e+00   7.6803350e-01  -1.1682158e+00  -2.0587510e+00
   2.0000000e+00   6.3317979e-01   1.2813708e+00  -1.4480152e-01  -4.9884552e-01   5.9818608e-01   6.6280513e-01
   2.0000000e+00  -1.4561280e+00   3.1579992e-01   2.8862309e-01   3.1530007e-02  -1.6404165e+00  -1.2992586e+00
   2.0000000e+00  -8.9025442e-01  -9.0806999e-01  -5.3671206e-01   1.4943177e-01   1.1573946e-02  -5.2966879e-01
   2.0000000e+00  -2.2267007e+00  -8.2153697e-01   8.2590248e-01  -8.2106182e-01  -1.1238152e+00   1.2648816e+00
   2.0000000e+00  -5.2632577e-01  -1.0619920e+00  -2.3046759e+00   6.4451747e-01  -1.0486559e+00   6.8497401e-01
   2.0000000e+00   2.3412776e-01  -8.6547960e-02   1.5149469e-01  -2.3977362e-01  -1.0313544e+00  -8.2927542e-01
   1.0000000e+00   2.5626363e-01   6.1434538e-02  -6.4449573e-03   2.0197478e+00  -2.1419112e-01   3.3188434e-01
   1.0000000e+00   8.7373516e-01   4.5250213e-01  -1.7603050e+00  -2.5925248e+00   2.6598089e-01   1.8147254e+00
   2.0000000e+00   1.5692368e+00   7.7388430e-02   6.7709213e-01   4.4901974e-01   1.2556815e+00  -4.4394795e-01
   2.0000000e+00   2.4049791e+00  -2.5553373e-02  -4.9933187e-01   2.6937130e-01  -4.4708965e-01  -3.5093656e-01
   2.0000000e+00  -1.3617996e+00   1.3933390e-01   4.2087596e-01   2.1976781e-01   5.5233062e-01   1.2396325e+00
   1.0000000e+00   3.8166724e-01   9.9533518e-02  -6.3102363e-01  -5.5411477e-01   4.7638638e-01   2.4856870e-01
   2.0000000e+00  -1.8282057e+00   1.2648732e+00  -1.0002609e-01  -2.8152596e-01   1.0568920e+00  -6.0354006e-01
   2.0000000e+00  -2.2823032e-01  -5.3342884e-01  -1.7838928e-01  -1.1217417e+00  -2.3343281e-01  -1.7156864e-01
   2.0000000e+00  -1.7349685e+00   6.3835783e-01  -7.6517881e-01   2.3973848e-01   5.4511080e-01   1.3441294e+00
   2.0000000e+00   6.3951082e-01  -1.9405959e+00   3.4039482e-01  -4.5940109e-02   1.5742212e+00   3.6709238e-01
   2.0000000e+00   4.5815548e-01   1.4170919e+00  -1.1950786e+00  -6.0319956e-01   6.5702527e-01   1.3489064e+00
   1.0000000e+00   1.9883320e-01   4.3173134e-02  -7.6016470e-02   8.6178052e-01  -3.4231962e-01  -9.9001366e-01
   2.0000000e+00  -1.4041878e+00  -1.1369553e+00   4.4649101e-02  -3.5596141e-01   3.0773507e-01  -2.2447572e-01
   2.0000000e+00   2.6734383e+00   6.2270144e-01  -2.0732141e-01  -2.3774766e-01   2.2564542e-01  -1.6562049e-01
   2.0000000e+00   4.8287980e-01  -9.9160032e-01   7.1998821e-01  -1.9331816e+00   9.6163052e-01  -2.7418676e+00
   2.0000000e+00   3.3613614e-01  -4.4267276e-01  -8.2568937e-02   5.4572512e-02  -9.4927572e-01   1.4237727e-01
   2.0000000e+00   1.4425339e-01  -1.1362090e-01   1.3334275e+00   1.0661573e+00   1.9208340e+00   1.8667670e-01
   2.0000000e+00  -7.3381198e-01  -3.2130656e-01   5.5164621e-01   9.8251493e-01   4.1471559e-01   1.8232720e+00
   2.0000000e+00   7.7305188e-01  -8.6806430e-01   1.1374149e-01  -4.7838529e-01  -1.3166376e+00   2.6816151e-01
   2.0000000e+00   2.4142460e+00   1.0478686e+00   1.6458060e+00   2.8569035e-01  -1.7730181e-01  -2.4601343e+00
   2.0000000e+00   1.0639269e+00  -2.2627959e+00  -2.3557901e+00  -6.1121507e-01  -8.7629290e-01  -6.8404347e-01
   1.0000000e+00  -2.2279544e-01   3.4740231e-01  -1.5808688e-01   6.0830966e-01   8.2496997e-01   5.3206897e-01
   2.0000000e+00  -8.7677350e-01  -1.5711166e-01   4.1241334e-02  -6.5383791e-01  -4.2168878e-01   1.6896789e-01
   2.0000000e+00  -4.0951567e-01  -3.6876488e-03   2.8876270e-01   7.2491604e-01  -6.6203958e-03   6.9602439e-01
   2.0000000e+00   6.5955868e-01   2.6372308e+00   5.9292952e-01  -9.9405945e-01   1.3028932e+00   4.4929356e-01
   2.0000000e+00   1.0943388e+00   1.1579179e+00  -5.0181007e-01   1.5917706e+00   2.1079840e+00   5.4203996e-01
   2.0000000e+00   1.6246715e-01   1.2972139e+00   7.7337725e-01  -3.4769546e-01   4.1456081e-01   1.3164767e+00
   1.0000000e+00   9.1989922e-02   6.7096610e-01  -1.7303818e+00  -3.1974546e-02   1.2883373e+00   1.3042075e-01
   2.0000000e+00  -1.0168621e+00   5.0867627e-01  -6.8488869e-01  -6.9827945e-01  -5.2710359e-01   1.2495133e+00
   1.0000000e+00   6.6872552e-01   1.9603235e-01   1.2906868e-01   8.6974796e-01  -8.2645768e-01   5.9848319e-01
   2.0000000e+00  -1.3747540e-01   1.4090892e+00  -1.0137226e-01   5.4192138e-01  -1.5288309e+00   1.6214386e+00
   2.0000000e+00   6.5844114e-01  -2.1211283e-01  -1.8227472e+00  -1.2526609e+00   1.7352828e+00  -3.4030325e-01
   2.0000000e+00   1.2988222e+00  -2.0043898e-01  -8.7067368e-02   1.6128742e-02   4.7618280e-02  -7.3593162e-01
   2.0000000e+00   1.4436315e+00  -1.9731604e+00  -1.2281221e+00   1.5987661e+00  -7.0443512e-01  -1.1307983e+00
   2.0000000e+00  -1.4106179e-01  -3.0070369e-01   1.5895744e+00   8.8638495e-01  -2.8214501e+00   3.0596424e-01
   2.0000000e+00   1.0289092e+00   6.1969200e-01   1.1337603e+00   1.3145310e+00   1.1425590e+00   5.4347373e-02
   1.0000000e+00   7.6656918e-01   5.0439882e-01  -4.6982104e-01   8.7088636e-01   1.4501193e+00   1.0175346e+00
   2.0000000e+00  -1.6317309e+00   3.5433831e-01  -1.5123129e+00  -8.9805664e-01   1.9573737e+00  -2.9207380e-01
   2.0000000e+00   3.0296802e+00   9.9151593e-01   8.2001826e-01   1.4932944e+00  -1.5219283e+00  -7.6165652e-01
   2.0000000e+00  -9.9415117e-01  -3.5537392e-01  -2.0017923e+00   7.0039548e-01  -1.8921903e-01  -1.6858277e+00
   1.0000000e+00   3.9276945e-01   5.3249997e-01  -9.8082132e-01  -1.6334613e+00  -1.3217795e+00   1.1981757e+00
   2.0000000e+00  -8.2774343e-01  -3.3961214e-01  -1.9772343e+00   1.5692630e+00  -8.6382168e-01   6.2107955e-01
   2.0000000e+00   1.0564901e+00  -4.8743150e-01  -7.5321145e-01   1.0546581e+00   1.4593675e-01   1.4328692e-01
   2.0000000e+00  -1.5030663e+00   3.2104047e-01  -2.2256970e-01  -4.0025493e-01   1.2476212e+00  -1.4975128e+00
   2.0000000e+00  -6.0871441e-01  -1.3448657e-01   3.8053544e-01  -1.6594879e+00  -1.7104531e-01  -4.5115755e-01
   1.0000000e+00   5.2000035e-01   4.6222120e-02   1.4072579e+00   1.1835303e+00  -1.4657433e+00  -4.2712730e-01
   2.0000000e+00  -1.8735015e-01  -9.4542063e-01  -6.7900712e-01  -9.1964767e-01   1.2488387e+00   9.4822911e-01
   2.0000000e+00   1.2606027e+00   1.3046026e+00   2.4252914e-01   3.1425289e-01   1.4420946e+00  -3.8743243e-02
   2.0000000e+00  -1.0815649e+00   1.8155082e+00  -1.4470043e+00   2.1438095e-02  -1.6655095e+00   1.0928252e+00
   2.0000000e+00   7.1328180e-01  -9.2233264e-01  -1.3650878e+00   4.0980096e-01   4.9929603e-01  -7.7482039e-01
   1.0000000e+00   3.8369866e-01   5.6941720e-01   5.7194830e-01   1.9869810e-01  -5.1934351e-01   3.1634162e-02
   2.0000000e+00  -1.1208686e+00   1.8159684e-01   1.0864227e+00   1.6629032e+00   9.6824963e-02  -4.6175740e-01
   1.0000000e+00   1.0925838e-01   5.3215501e-02   3.3978668e-01  -5.7423034e-02   1.4667426e+00   7.4392587e-01
   1.0000000e+00  -4.3131649e-01   8.4052963e-01   1.4335867e+00  -5.6015067e-01   2.0956467e-01  -3.4284003e-01
   2.0000000e+00  -9.4914737e-01  -9.1471263e-01  -7.2870445e-01   1.1191632e+00   7.2598048e-01  -4.4947680e-02
   2.0000000e+00  -8.5036328e-01  -1.6385834e+00   4.3493971e-02  -9.4902315e-01  -4.0146325e-01   1.1801685e+00
   2.0000000e+00   9.2645284e-01  -7.9024232e-01   2.4217694e-01  -1.0858447e+00   2.1872202e-02  -2.7419803e-01
   1.0000000e+00   2.0922063e-01   6.1204085e-01   8.6743506e-01  -2.3605901e-01   4.9956082e-01  -4.7128694e-01
   2.0000000e+00   1.1605788e+00   3.0452226e+00   8.7966939e-01   4.9179955e-01  -6.8695797e-01  -3.9982567e-02
   2.0000000e+00   8.1639595e-01  -4.9419950e-01  -3.4379962e-01   3.1213869e-01   9.6793007e-01   5.5852688e-01
   1.0000000e+00  -7.9441395e-03   4.8511679e-01   1.3087844e-01   2.5095260e-01   6.8868348e-01   2.5216660e+00
   2.0000000e+00  -1.6546961e+00  -1.5156713e+00  -2.0509842e-01   1.8678616e-01  -6.0664678e-01   7.5228840e-01
   2.0000000e+00   1.2773309e+00  -9.4618254e-01  -1.4841573e+00   1.3288637e+00   2.9742213e-01   5.9177032e-01
   2.0000000e+00   1.1920411e+00   1.1152161e-01  -2.5987528e-01  -1.3086204e+00   1.7597588e+00  -3.8618850e-01
   2.0000000e+00   8.0173126e-01   1.1661228e+00  -4.3327866e-01  -6.2449100e-01  -8.9138467e-01   1.2090848e-01
   2.0000000e+00   1.4052425e+00   1.5138281e+00  -1.1374756e+00   1.4304135e-01   4.4077324e-01   8.8078885e-01
   2.0000000e+00  -1.3543145e+00   1.5342598e+00  -1.2945257e+00   4.9918871e-01  -5.0755809e-01  -1.3818991e-01
   2.0000000e+00   9.4379063e-01  -6.6057419e-01  -2.2029219e-01   5.0109802e-02  -3.5837601e-01   4.3730650e-01
   2.0000000e+00   2.4253207e-01  -2.4905992e+00  -7.0826078e-01   1.0517697e+00  -8.2274566e-02   1.0188036e-01
   1.0000000e+00   9.5001662e-01   2.7092629e-01   1.9979765e-01  -3.8080564e-01   1.1300652e+00  -6.3893774e-01
   2.0000000e+00   9.1068295e-01  -1.7055894e+00   1.3759072e-01  -1.4206454e-01  -8.8082908e-01  -1.7712463e+00
   2.0000000e+00   5.9711079e-01   9.2358365e-01   6.6805283e-01   3.8317360e-02   5.1636857e-01   3.7193031e-01
   2.0000000e+00  -2.4735717e-01  -6.8753921e-01  -9.2987532e-01  -1.1376948e+00  -2.0557394e+00  -1.2175233e+00
   2.0000000e+00  -8.3802122e-01  -1.7229586e-01  -1.4085297e+00  -9.4935594e-01  -8.6409864e-01  -6.6786428e-01
   2.0000000e+00   1.8950903e+00  -8.8695548e-01   2.1165401e-01   3.1545096e-01  -2.0620598e+00   1.9626504e-01
   2.0000000e+00   1.3734479e+00  -5.7344580e-01  -3.3450280e-01   2.3092520e+00  -1.3462158e+00  -1.1546092e+00
   2.0000000e+00  -1.2986172e+00   9.2485642e-01  -1.0206379e+00   1.0415195e-01  -5.9802255e-01  -5.0967916e-01
   2.0000000e+00   6.1182066e-01  -1.4975204e+00   2.0520633e+00   1.3522236e+00  -7.9494218e-01   1.1835495e+00
   2.0000000e+00   7.1076110e-01  -1.2785472e+00  -7.6721592e-01  -1.0904167e+00  -1.0576782e+00  -1.0706032e+00
   2.0000000e+00  -1.7371019e-01  -6.0519631e-01   9.1687407e-01  -6.4834798e-01  -3.7288305e-04   5.4371112e-01
   2.0000000e+00  -1.0911736e-01  -1.1501720e+00   2.2663333e-01  -2.3153398e-01   9.5557760e-01   6.0712851e-01
   2.0000000e+00  -1.5467712e-01  -1.0566903e-01   1.5821409e-01   1.7682259e-01  -9.3404938e-01   4.6380002e-01
   2.0000000e+00   8.2336715e-01  -1.1459805e+00  -5.0463556e-01  -3.1038510e-01   1.0577445e+00   7.1228944e-01
   2.0000000e+00  -1.0213540e-01  -5.0976487e-01   1.0371992e+00  -2.0253432e-01   2.2557504e-01  -4.5930540e-01
   2.0000000e+00   5.0881673e-01  -4.6137514e-01  -7.0066413e-01  -8.5477855e-01   1.5813541e+00   4.5991774e-01
   2.0000000e+00  -1.2884521e+00   5.9926188e-01  -9.3486864e-01  -8.3631675e-02  -1.6152545e-01   6.7081971e-01
   1.0000000e+00   6.6710739e-01   6.0274893e-02   2.6800468e-01   1.0917915e+00   6.7685100e-01  -1.3956238e-01
   1.0000000e+00   1.1632314e-01   7.3853171e-01   4.7078586e-01  -1.2115674e+00   8.3480065e-01   2.5852958e-01
   1.0000000e+00   3.3659388e-01   4.2392356e-01  -6.2338000e-01   1.2028376e+00   3.7358394e-01   8.5618311e-01
   2.0000000e+00  -7.8831076e-01   1.6086318e+00  -1.0714065e+00  -1.6633002e-01  -1.0533991e+00   8.6086344e-01
   2.0000000e+00  -3.7223139e-01  -5.0608330e-02  -5.1613741e-01  -1.4583925e+00  -7.0150541e-01  -1.4783710e-01
   2.0000000e+00  -2.4640375e-01  -1.9576693e+00   7.4426484e-01  -3.3539208e-01  -1.7106949e+00   7.7783862e-01
   2.0000000e+00   7.2178440e-01   7.0574233e-01  -3.0213134e-01   2.1493287e-03  -9.7389743e-01   1.1894877e+00
   2.0000000e+00   4.4970537e-01  -3.0264331e-01  -2.1140577e-01   4.9272176e-01  -3.5720415e-01  -1.4265440e-01
   2.0000000e+00   1.1636550e+00  -1.6936847e+00   7.0500854e-01  -1.3588017e+00  -3.2130714e-01   1.1846282e-01
   2.0000000e+00   2.8180405e-01  -2.1636122e-01  -8.5857882e-01   2.5841474e-01   2.0546730e+00   9.9879408e-01
   2.0000000e+00   1.7499606e+00  -4.2478284e-02   3.0864020e-01  -1.2421945e+00  -1.2123122e+00   2.4954114e-01
   2.0000000e+00   1.6369965e+00   2.7617380e+00  -5.6616689e-01   1.3082403e+00   7.1551148e-01   6.4416692e-01
   1.0000000e+00   2.6645152e-01   1.9887604e-01  -7.3980417e-01  -2.4012848e+00  -7.4565722e-02   1.5415564e+00
   1.0000000e+00   2.4744470e-01   3.2600133e-01   1.6910290e+00  -1.7011497e+00   1.1057504e+00  -7.8605560e-01
   2.0000000e+00  -8.8157431e-01   5.4143707e-01   7.3842913e-01   9.5033074e-01   1.2216598e+00   4.5817445e-01
   2.0000000e+00  -4.7238721e-01  -1.2813348e+00   2.9066058e-01   3.0257156e-01  -1.2455017e+00   2.9817316e-01
   1.0000000e+00   4.2678932e-01   4.4826179e-01   5.7663538e-01   6.6989890e-04  -8.6916959e-01  -8.4557947e-01
   1.0000000e+00   4.7909305e-01   3.6495089e-01   1.0092782e+00   7.2951064e-01   2.6327044e-01   6.4538123e-01
   2.0000000e+00  -1.4508295e+00   2.3397631e-01  -7.2653644e-01  -3.0148994e-01   2.4917252e-01  -1.2946382e+00
   2.0000000e+00   1.4185453e+00   1.5770262e+00   1.9085002e-01  -3.9613835e-01   1.5854424e-01   6.9658191e-01
   2.0000000e+00   8.4411732e-01  -1.8012253e+00   3.7632047e-01   1.9127154e-01  -2.8065998e-01  -3.1370215e+00
   1.0000000e+00   4.6526789e-01   7.4423706e-01  -5.5478260e-01   4.5762412e-02  -1.4447368e+00  -4.9889585e-01
   2.0000000e+00   4.7929683e-01  -3.6231033e-01  -3.9949384e-01  -1.1235389e+00   5.4834960e-01   1.0942440e-02
   2.0000000e+00   7.5027443e-01  -3.6119683e-02  -1.2704130e+00  -1.1200872e-01  -9.0776857e-01   1.0605618e+00
   1.0000000e+00  -9.6569288e-01   1.7118929e-01  -1.2384092e+00   6.0319840e-01   1.5846090e+00  -2.0345120e-02
   2.0000000e+00   1.0117131e+00  -1.1339911e+00   6.3982671e-01  -1.3565815e+00   1.2940181e+00   1.4897466e-01
   2.0000000e+00   1.0248050e+00  -2.7416535e-01  -1.0232921e+00  -7.0765309e-01   8.7696880e-01  -1.3937791e+00
   2.0000000e+00   2.0452801e-01  -3.5630631e-01  -2.3984691e+00   5.8586533e-01   2.9913097e-01  -5.5634367e-01
   2.0000000e+00   1.1787787e+00   3.6433199e-01  -2.1949825e+00  -1.0860744e+00   1.7244992e+00   5.8182700e-01
   1.0000000e+00  -6.3032549e-01   4.6362337e-01  -1.3353948e-01  -3.2739332e-01   1.1128076e+00   1.0457037e-01
   2.0000000e+00   1.1978772e+00  -1.2138327e+00  -5.4614400e-01   4.8725410e-01  -2.7227782e-01  -7.5548168e-01
   2.0000000e+00  -1.6982400e-01  -6.9779678e-01   3.7162163e-01   1.4767099e-01   1.3992492e+00  -4.5078804e-01
   2.0000000e+00   1.0661123e+00  -7.8167745e-01  -6.4720331e-01   5.3678482e-01   1.3800271e+00   1.4555557e+00
   2.0000000e+00   1.3466189e+00  -6.7755408e-02   7.6604004e-01   1.1495821e+00  -3.8922136e-01   7.5372049e-01
   2.0000000e+00  -1.6875528e+00  -4.1175036e-01   1.0347466e+00  -1.8181472e+00  -4.9949084e-01   9.0378077e-01
   2.0000000e+00   9.5178918e-01   2.2538830e+00   5.9678042e-01   1.7134540e+00   9.5627829e-02  -1.5656948e+00
   2.0000000e+00  -1.3924013e+00   1.5355515e+00   2.0249390e-02   1.5120891e+00   6.3677829e-02  -3.2085848e-01
   2.0000000e+00  -1.6798911e+00   9.3272081e-01   3.2195013e-01  -9.9263118e-01  -1.0159478e+00   9.1001992e-01
   1.0000000e+00   5.6654306e-01   5.9889435e-01   3.2811985e-01  -1.8828756e+00   1.9689464e-01  -1.1895311e+00
   1.0000000e+00  -1.7330234e-01   1.7988247e-01  -5.8861616e-01  -1.1433657e-01  -2.0295608e+00  -9.7968999e-01
   2.0000000e+00  -1.6543343e+00  -2.9033895e-01  -1.2158563e+00  -1.7337388e+00  -2.9077596e-01  -2.8449689e+00
   1.0000000e+00   1.1089354e-01   6.0979676e-02  -3.2943190e-01  -4.3502955e-01   2.0328507e+00  -1.0588664e+00
   2.0000000e+00  -1.9952376e+00   2.2551217e-01   1.0816540e+00  -1.1967240e+00  -6.1279140e-01  -1.9973641e-01
   2.0000000e+00   1.3425057e+00   4.6765206e-01  -1.9497493e-02   3.6621190e-01   2.1977412e-01  -1.8885127e+00
   2.0000000e+00   1.1145341e+00  -2.9879405e-01  -1.7515421e+00   3.8120410e-01   5.8994013e-01   1.5172276e+00
   2.0000000e+00  -1.6469707e+00   2.9716594e-01   8.0176914e-01   8.5779244e-01  -1.3526088e+00  -3.8255865e-01
   2.0000000e+00   1.2372094e+00  -1.0808395e+00  -1.2797870e+00   1.8501246e+00   1.5166241e-01   9.7129287e-01
   2.0000000e+00   1.7922403e+00   1.0704095e+00   2.7510552e-01   1.8100630e-01  -1.1059530e+00  -2.0369949e+00
   2.0000000e+00   1.7293544e+00   1.4771137e+00   1.3810531e-01   7.2638969e-02   1.7134874e+00  -4.2770769e-01
