   2.0000000e+00  -1.7859882e+00  -7.7658888e-02  -5.1534464e-01   1.7268189e+00   1.9770559e+00   2.4621399e-01
   2.0000000e+00  -8.7552444e-01   2.5487106e-01   4.5915739e-01   1.1907989e+00  -1.2596978e+00  -1.2587967e-01
   2.0000000e+00  -9.6536084e-01   1.3239967e+00   9.0005613e-01   1.5460591e+00  -1.5293124e+00  -4.2780551e-01
   2.0000000e+00  -9.4973740e-02   1.0959910e+00  -4.1837017e-01  -6.8012359e-01  -9.1227958e-01   1.4889524e+00
   1.0000000e+00   6.7678235e-03  -3.4590141e-01   1.3039344e+00   6.0502565e-02   8.9741645e-02   1.6914489e+00
   2.0000000e+00  -1.7402898e-01   6.2471629e-01  -5.4088670e-01  -1.3363220e+00   1.2383629e+00  -6.4301389e-01
   2.0000000e+00  -5.5451725e-01   1.3428394e+00   6.6143601e-01  -6.8477687e-02  -1.3322709e-01  -2.3767424e+00
   2.0000000e+00  -8.1752039e-01   6.7479998e-01   3.7224917e-02   1.5766422e+00   8.4307127e-01  -1.0830073e+00
   2.0000000e+00   8.3534507e-01  -7.6918185e-01  -3.2009844e-01  -6.8383423e-02  -4.7709578e-03   1.5439691e+00
   2.0000000e+00   1.7003701e+00   1.4915604e-01   6.3076027e-01   7.7795907e-01  -2.9766859e-01  -4.9369102e-01
   2.0000000e+00  -1.7561362e+00   1.3294125e+00   1.0717914e-01   2.7343327e+00   5.1213439e-02   2.3231063e-01
   2.0000000e+00   2.7895202e-01   7.0790475e-01   8.8170312e-01   3.0547918e-01  -5.3835443e-01  -2.3635622e-01
   2.0000000e+00   2.0102607e+00  -5.2268038e-01   1.6867839e+00  -1.9636525e+00   3.4630508e-01  -1.6567067e-01
   1.0000000e+00   1.9164814e+00   5.9081161e-01  -1.9402628e+00   5.6269203e-01   5.8893386e-02  -7.8133814e-02
   2.0000000e+00   1.0268219e+00   1.6859812e+00   1.6251136e+00   1.2400824e+00  -8.3510613e-01  -2.0348899e+00
   2.0000000e+00  -9.8114986e-01  -1.1154007e+00  -3.9301285e-02  -5.6104151e-03  -6.5249622e-01  -2.7233665e-01
   1.0000000e+00   9.0304201e-01  -8.0893620e-01   1.1981923e-01  -8.5180815e-01   3.7938132e-01   1.0342632e+00
   1.0000000e+00   5.3614638e-01  -1.6586302e+00  -7.9631635e-01  -8.5259233e-01   1.7770804e-01  -4.9231762e-02
   2.0000000e+00  -8.9151077e-01  -1.2323296e-02  -5.2055559e-01  -1.5326646e+00   1.2856502e+00  -1.9871949e-01
   1.0000000e+00  -2.3615841e-01  -8.0818253e-01   6.0043335e-01  -2.6918453e-01   5.6098397e-01  -2.4442924e+00
   2.0000000e+00   1.7156492e-01  -4.6495263e-01  -5.9716145e-01   7.3928821e-01  -1.5604274e+00  -1.1730395e-01
   2.0000000e+00  -6.5559739e-01   3.6523489e-01  -2.7952302e-01   2.7936443e-01  -2.0553916e+00   2.9774794e-01
   1.0000000e+00   6.9108156e-01  -1.7877768e+00   1.0049117e-01   3.3196687e-02   5.0492028e-03   8.5042634e-01
   1.0000000e+00   1.6509046e+00  -6.8167600e-01  -2.3266316e+00  -7.1448242e-01   1.4520776e-01   4.9938728e-01
   2.0000000e+00   9.4931891e-02   1.9363268e+00   1.0613994e+00  -6.0767510e-01  -1.4563942e-02  -2.8968400e-01
   2.0000000e+00   3.6314454e-01   1.6063036e+00   5.9000891e-01  -1.3895979e+00  -2.4123692e-01   7.6852105e-01
   2.0000000e+00  -7.2838418e-01   9.9958272e-01  -1.1150103e+00   1.5816493e+00  -1.0411968e+00  -5.7800147e-01
   1.0000000e+00  -3.1328468e-01  -3.5511328e-02  -2.7018174e+00  -4.6248421e-01   5.1005130e-01   1.9382707e-01
   2.0000000e+00   2.0064548e+00  -5.9457633e-01   6.4838601e-01  -7.1261827e-01  -5.3658846e-01  -1.0466555e+00
   2.0000000e+00  -2.1412509e-01  -1.0642277e+00  -1.0456502e+00   7.7336275e-01  -3.6017486e-01  -9.8606372e-01
   2.0000000e+00   2.4818938e-01  -2.1334833e+00  -3.5664741e-01   4.7688461e-01  -2.4588766e-01   5.2378257e-01
   2.0000000e+00  -9.8548441e-03   1.6115164e+00  -4.1843953e-01  -1.0793205e+00  -1.3217525e+00  -9.3678982e-01
   2.0000000e+00  -1.3055471e+00  -1.6861973e+00  -1.9896069e+00   1.2708165e+00  -4.9840921e-01   5.1344126e-01
   2.0000000e+00  -7.7707545e-01   1.9876698e+00  -1.6967872e-01   1.8790686e+00  -1.2791807e-01  -1.1220474e+00
   2.0000000e+00   8.3456018e-01   1.0307365e+00  -3.0748816e-01  -4.4023835e-01  -9.9680296e-01  -6.5826454e-01
   2.0000000e+00  -5.0927223e-01   7.5919041e-02   6.0541624e-01   2.0452274e+00   2.6452078e-01   2.6905003e-01
   2.0000000e+00   1.7946913e-01   1.3809559e+00  -3.9611908e-01  -2.1155233e+00   5.6777182e-01  -2.1556998e+00
   2.0000000e+00   9.0209101e-01  -6.6490359e-02  -4.3986624e-01   1.1065804e+00  -2.6437284e-02  -7.1009543e-01
   2.0000000e+00   1.6512126e-01   6.8326909e-01  -3.6299265e-01   6.6582358e-01  -1.3264336e-01   1.4209885e+00
   2.0000000e+00  -5.1139160e-01   6.8054178e-02  -8.2125979e-01  -1.2946610e-01  -2.1379502e-01  -1.3139996e+00
   2.0000000e+00  -1.3457540e+00   7.5163675e-01   2.2418670e-01  -7.6973892e-03   2.4405334e+00   2.4283968e+00
   1.0000000e+00   4.5801621e-01   3.2858790e-01  -1.4015968e-01  -6.6698353e-01   9.6215988e-02  -3.8556570e-01
   2.0000000e+00   1.4440447e+00  -7.6286157e-01  -7.1908487e-01   2.6690791e-01  -2.3732740e-01  -4.1464714e-01
   2.0000000e+00  -1.3083186e+00  -4.0427534e-01   2.1197706e+00  -3.4910225e-01   9.7818884e-01  -8.2238721e-01
   2.0000000e+00   3.7033190e-01  -9.9724219e-01   1.9557056e-01   1.1560846e+00   5.5783744e-01  -1.0964060e+00
   2.0000000e+00  -1.3837650e+00   4.5322514e-01  -4.3649468e-01   6.2902146e-02  -8.2988344e-01  -7.3046313e-02
   2.0000000e+00   3.1554250e-01   6.9459842e-01   2.4866605e-01   1.3325481e+00  -1.1112724e+00  -1.1968891e-01
   2.0000000e+00   1.3686270e+00  -1.6223203e-01   1.4122816e+00  -2.6821778e-01  -1.2409682e+00   8.8453319e-01
   2.0000000e+00  -1.1472592e-01  -1.4066925e+00  -1.2552846e+00  -7.3287819e-01   8.6054076e-01  -3.9070610e-01
   2.0000000e+00   7.3909286e-01  -1.0871388e+00  -1.9564575e+00  -7.1154315e-01  -1.5660733e+00  -9.4264945e-02
   2.0000000e+00   8.0119416e-01   2.4469201e+00   6.7514435e-01   1.4767474e+00  -5.5140576e-01  -1.2428928e+00
   1.0000000e+00  -6.8923458e-01   5.2438700e-01  -6.8304965e-01  -2.6140240e-02   9.8935144e-01   5.0151013e-02
   2.0000000e+00   8.2260165e-02  -2.1643561e-01   9.8312232e-01   1.0730258e+00  -2.1884265e+00   1.5793143e+00
   2.0000000e+00  -1.3709975e-01  -2.3405775e-01  -1.6629206e+00  -7.0377754e-01  -1.5402915e+00  -5.8710151e-01
   2.0000000e+00   6.2642161e-02   6.3765972e-01  -6.5881501e-01   1.6772745e-02  -2.2055340e+00  -2.2028183e+00
   2.0000000e+00  -1.0571348e+00   1.6009036e+00   6.9095903e-01  -1.8355275e+00   2.1914441e+00  -5.7518964e-01
   2.0000000e+00   2.3824349e+00  -1.4424449e+00  -7.2338390e-01  -4.2656882e-01  -9.9135287e-01  -2.4479926e+00
   2.0000000e+00   1.6576900e-01   3.3401309e-02  -6.4013921e-01  -2.3662938e-01   1.1784312e+00  -1.4508351e+00
   2.0000000e+00  -7.2332124e-01  -8.0014273e-01  -4.4590174e-01  -1.1242222e+00  -9.0234198e-01   8.8890554e-01
   2.0000000e+00  -1.4686691e+00   1.6318320e+00   9.5198872e-01   3.5014821e-01  -7.1400168e-02  -1.4411922e+00
   2.0000000e+00  -7.0618856e-01  -2.4031914e+00  -5.8146702e-01  -1.1849548e+00   3.2111796e-01   3.5642423e-01
   2.0000000e+00   1.7996172e+00  -1.4529445e+00  -7.7595895e-01  -3.5332963e-01  -1.1708022e+00   5.0770596e-01
   2.0000000e+00  -5.7548543e-01  -2.2125708e+00  -3.6317766e-01  -2.5238202e-02   1.7273105e+00   8.9007171e-01
   2.0000000e+00  -2.2811663e+00  -3.5098768e-01   2.5224279e-03  -3.4734049e-02  -6.8648591e-01   2.5654610e-01
   2.0000000e+00   2.0145379e-01   1.5889333e+00  -2.5913249e-01   3.1928278e-01  -2.6835789e-01  -1.0206301e+00
   1.0000000e+00   5.6546203e-01  -7.8872369e-01   7.4392280e-01   7.1681113e-01   4.7316539e-01   5.6794505e-01
   2.0000000e+00   4.5265747e-01  -5.1743533e-01  -3.8018932e-01   1.4464520e-02   1.6764587e+00   4.3528264e-01
   2.0000000e+00   1.2172535e+00   3.1128725e+00   2.1962992e-02  -4.7737930e-01   8.3383757e-01   3.1783703e-01
   2.0000000e+00  -1.5361842e+00   8.2332193e-01  -4.5055074e-01  -3.2481365e-01   2.3379932e+00   3.1383933e-01
   2.0000000e+00  -4.5686487e-01  -1.0017447e+00   9.5700500e-01  -3.3852877e-01  -1.3022533e-01  -4.4144853e-01
   2.0000000e+00  -5.9357881e-02   9.8735340e-01   9.6497997e-01   1.5007142e+00   7.2838434e-01   7.8878673e-01
   1.0000000e+00  -1.1336107e+00   1.1671875e+00   1.2419777e+00  -1.9574015e-01   5.4638932e-01  -1.5581641e-01
   2.0000000e+00  -6.7231054e-01  -1.3605183e+00  -5.3717966e-01  -6.2113525e-01  -7.8164364e-01   1.4323034e+00
   1.0000000e+00  -9.0497099e-03   2.0132091e-01  -3.8841901e-01   4.0831873e-01   4.4038608e-01   1.6500696e-01
   1.0000000e+00   1.7682565e+00   3.8005200e-02   2.0350306e+00   6.6557992e-01   2.7865322e-02  -2.2944065e-01
   2.0000000e+00  -1.3507955e+00   2.3039888e-01  -7.9040872e-01  -1.0417591e+00   1.1053393e+00   9.8334235e-01
   2.0000000e+00  -6.7777305e-01   7.5029438e-01  -1.4285500e+00   3.9499601e-01  -2.3244913e-01  -8.9181897e-01
   2.0000000e+00   5.4607568e-01   4.6371350e-01  -4.7445010e-01  -1.0568489e+00   4.6742435e-02   2.7357590e-01
   1.0000000e+00   4.2148860e-01   6.0382466e-01   7.8534394e-01  -2.7919906e-01   1.8548532e-01   2.0079107e-01
   2.0000000e+00   1.4278774e+00  -1.0004841e+00  -1.5289116e+00   1.1320811e+00   1.0310708e+00  -4.3304045e-01
   2.0000000e+00  -1.5703115e+00  -1.3438029e+00   1.0471700e-01  -1.4244243e+00  -1.2842973e+00   1.5329256e+00
   1.0000000e+00  -1.2651105e+00   2.5626439e-01  -6.0979563e-01   7.6074820e-01   2.8357390e-03   1.0922022e+00
   2.0000000e+00  -2.2063281e-01  -7.5571623e-01   1.1691792e+00  -4.1637072e-01  -1.9335222e+00   1.1975423e+00
   2.0000000e+00   6.8880322e-01  -2.0418003e+00  -6.9323652e-01   9.4781044e-01   1.5194455e+00  -9.2740841e-01
   2.0000000e+00  -2.3927062e-01   9.7375007e-01  -1.5626902e+00  -1.6547061e+00  -2.3736463e-01   8.4094972e-01
   2.0000000e+00   1.3688636e+00   4.4759145e-01   8.8399430e-01  -4.7746074e-01  -6.0864129e-01   8.9254742e-01
   2.0000000e+00  -4.7837228e-01  -8.8303944e-01   1.9228943e+00   7.2491439e-01  -1.2880057e-01   2.2371951e+00
   1.0000000e+00  -2.8429452e-01  -4.7768061e-01  -4.9461792e-01   1.6550047e-01   8.2407641e-01   3.5418632e-01
   2.0000000e+00   1.6059733e-01  -2.8824490e-01  -8.3955540e-01   1.8495156e+00   7.2167119e-01  -6.6608481e-01
   1.0000000e+00   1.3415777e+00   4.0292667e-01   1.3847338e+00  -6.5173061e-01   3.4328953e-01  -9.0797203e-01
   2.0000000e+00  -1.4342363e+00  -5.6489944e-01  -1.4631527e+00  -1.3662210e-01  -1.6632934e+00  -2.6791368e-01
   2.0000000e+00  -2.8241283e-01   3.7844439e-01   1.1409942e+00   2.2079331e-01  -5.3816530e-01  -1.0183459e-01
   2.0000000e+00  -3.7297160e-01   7.0534739e-01  -1.1430014e+00  -4.2656078e-01  -4.6836600e-02   1.6166715e-01
   2.0000000e+00  -9.4772642e-01  -2.7941099e-01   2.4946817e+00  -5.8976449e-02  -1.2047390e+00   4.5844457e-01
   2.0000000e+00  -3.7702984e-01  -1.5750646e-01  -1.5535752e+00   1.2049434e+00  -7.8387694e-01  -4.6032312e-01
   2.0000000e+00  -6.8870668e-02  -1.1408929e+00   1.8133759e-01  -1.3358030e+00   2.8951252e-01  -5.6017549e-01
   2.0000000e+00   6.3410852e-02  -7.1114706e-01  -2.3127027e-01   1.0213801e+00  -9.4353619e-01  -1.9694318e-01
   2.0000000e+00  -8.7966789e-01   1.2918914e+00  -4.8303383e-01  -2.8423474e-01  -4.6320387e-01  -1.1798697e+00
   2.0000000e+00   5.3620973e-02   1.1831118e+00  -2.6705069e-01   1.2405035e+00   3.1533056e-01  -1.2732836e+00
   2.0000000e+00  -8.2771771e-01  -1.1435795e-02   9.3847784e-01  -1.8554830e-01   1.5824495e+00   1.3017761e+00
   2.0000000e+00  -1.4282534e+00  -7.3310246e-01  -5.2257284e-01  -8.3261021e-01   1.0687812e+00   7.6107386e-03
   2.0000000e+00   1.1881209e+00   3.5567149e-01   7.4992627e-01   9.7428763e-01   1.2618221e+00   1.2511452e+00
   2.0000000e+00  -2.3380189e-01   9.0801284e-01   1.3250934e+00  -4.4934834e-02   1.9506861e+00  -2.2461173e-01
   2.0000000e+00   2.4119653e-01  -2.1426638e+00   9.0558719e-02   7.2519038e-02   7.4762636e-01   1.7245535e-01
   2.0000000e+00  -5.3513365e-01   1.7761546e+00   1.9174430e-01   7.4769665e-01  -5.1394324e-01   1.8482243e-01
   2.0000000e+00  -2.2156421e+00   2.2887202e-01  -6.8748578e-01   5.2175722e-02  -1.3723888e-01  -6.3919562e-01
   1.0000000e+00   8.9932555e-01   1.1188251e+00   3.3656428e-01   9.6664544e-01   1.4703092e-02   1.7414432e+00
   2.0000000e+00  -1.8539121e+00  -9.4989420e-01  -1.0681573e+00  -2.6845138e+00  -2.1325046e-01  -3.7880579e-01
   2.0000000e+00   6.2521138e-01  -9.0219233e-01   1.0624290e+00  -1.3502492e+00   2.2737665e-01  -8.5142748e-01
   1.0000000e+00  -2.5940511e-01   8.0553244e-01  -1.0166320e+00   1.9251464e-02   7.0727268e-01  -8.2677958e-01
   1.0000000e+00   2.6846433e-01  -1.1023409e+00  -8.0960134e-01  -5.5485617e-01   4.4049237e-02  -7.5963245e-01
   2.0000000e+00   6.1836832e-01  -5.9289374e-01   7.1908822e-01  -2.5911162e+00  -5.9892373e-01  -1.0382925e+00
   2.0000000e+00  -5.5317260e-01   1.1001842e-01  -5.5384468e-02   6.8362193e-01   1.8103660e+00   9.8717816e-01
   2.0000000e+00  -7.8335460e-01  -1.0607660e+00  -1.9400487e-01  -1.4984601e+00  -1.7503618e-01  -1.2080105e-01
   2.0000000e+00   1.4246055e-01  -2.0036771e+00   2.8523619e-01  -5.5445467e-02   9.7748861e-01   2.3342618e+00
   1.0000000e+00  -2.5738629e-01  -8.5714993e-01   1.1375820e-01  -1.1233532e-01   3.0673334e-01  -1.4154347e-01
   2.0000000e+00  -1.1061107e+00  -9.4996527e-01  -1.1951046e+00   5.8915039e-01  -7.4009480e-01   1.5675683e+00
   2.0000000e+00   2.7041624e-01   5.6325209e-01   1.5822242e+00   2.7185834e-01  -4.9512991e-01  -7.1645782e-01
   2.0000000e+00   1.8458825e+00   1.4119637e-01  -1.4793069e+00  -3.3137118e-01  -4.8233359e-01   2.8347414e-01
   2.0000000e+00  -4.5489363e-01   1.1813202e+00   6.2205325e-01   1.0149248e+00   5.4832993e-01  -7.3911171e-01
   2.0000000e+00   6.9244358e-01   5.7290421e-01   6.2669647e-01   2.7598791e-01  -7.7298081e-01  -7.2671805e-01
   2.0000000e+00   8.9057017e-01  -3.3035420e-01  -1.0776305e-01   2.7535499e-01  -4.6440243e-01  -7.1737223e-01
   2.0000000e+00   1.4953305e+00   2.7410012e-01  -3.2081190e-01  -1.6828256e+00  -2.5587908e+00  -4.3548321e-02
   2.0000000e+00  -1.3973140e+00   1.5295094e+00  -6.3593601e-01  -7.3264301e-01   1.2285314e+00   7.2682550e-01
   2.0000000e+00   8.3298214e-01  -1.2268530e-01  -2.7876097e+00  -1.1593699e+00  -1.5953044e-02  -3.1261584e-01
   2.0000000e+00  -1.1519035e-01  -1.8938435e+00   1.5369589e+00  -8.9738386e-01   7.0166212e-01  -2.0590147e+00
   1.0000000e+00   3.9231144e-01   9.0789054e-01   4.7839530e-01   8.2667161e-01   5.5510323e-01  -1.6870031e+00
   2.0000000e+00   9.8089385e-01  -2.1968150e-02   8.4584632e-01  -1.8753388e-01  -2.8263893e-01  -8.4911903e-02
   1.0000000e+00   9.5757527e-01   5.4441354e-01  -8.8791093e-01   3.2887678e-02   9.1091221e-01  -1.5763767e+00
   2.0000000e+00  -3.3809164e-01  -1.8899517e+00   1.9934988e+00  -2.5802867e-01   9.7436756e-01   9.7543568e-01
   2.0000000e+00   1.1468213e+00   5.8728262e-01   1.2792201e+00   8.7884204e-01   7.5831030e-01   1.9787501e+00
   2.0000000e+00  -1.3062656e+00  -7.6782593e-01   1.2558258e+00   6.0090744e-01  -1.4372335e+00  -9.2768008e-01
   1.0000000e+00  -3.4683474e-01  -5.3249926e-02  -3.0709612e-02   1.7627729e-01   2.0973966e-01   1.7781376e+00
   1.0000000e+00   1.8073940e+00   1.8541386e+00  -1.5593307e-01   6.5502025e-01   3.4533150e-01   1.9008111e-01
   2.0000000e+00   1.9805295e+00   4.6685573e-01   7.7804176e-01  -4.8433780e-01  -8.6988889e-01  -1.1207474e+00
   2.0000000e+00  -3.6159526e-01   1.3201053e+00  -3.9423999e-01   1.9545853e+00   5.6178211e-01  -1.4761781e+00
   2.0000000e+00   1.9291423e+00   5.8943106e-01  -7.7703090e-02  -4.2755101e-01  -1.0487582e-01   3.2436111e-01
   2.0000000e+00   9.4760682e-01  -1.5398074e+00  -7.6046699e-01   7.0913614e-01  -4.7823286e-01  -1.2754473e+00
   2.0000000e+00  -1.8033919e-01  -4.6425407e-01  -8.9622533e-01   2.2684436e+00  -6.1322584e-01  -5.9483378e-01
   2.0000000e+00  -2.4551461e-01   1.0758366e+00  -7.5076433e-01  -3.6366589e-01   1.3278675e+00   3.8276370e-01
   2.0000000e+00  -1.0190752e+00  -6.2396387e-01   2.5213330e-01  -1.0135264e+00  -1.5239990e+00   8.3735866e-02
   2.0000000e+00   7.7821140e-01  -6.7156884e-01   9.5949848e-01   1.1306227e+00   5.5480207e-01   3.1224548e-02
   1.0000000e+00  -9.0626007e-02   4.1473611e-01   5.7030772e-01   5.4294225e-01   8.1350892e-01   1.0870426e+00
   2.0000000e+00  -6.8375518e-01   1.6677938e+00   5.0205892e-01  -1.8541226e+00  -4.5138663e-02   8.2511549e-01
   2.0000000e+00   9.0564453e-02  -3.4418791e-01  -1.2337147e+00  -2.4448078e-01  -3.8851651e-01  -1.3248762e+00
   1.0000000e+00  -2.0593112e+00   1.0419970e+00   6.5175837e-01   4.9392929e-01   4.6807162e-01   1.2783381e+00
   2.0000000e+00   2.8329523e-01   1.6044719e+00   2.5157546e-01   8.0194013e-01   6.5549278e-01   2.2440302e-01
   1.0000000e+00  -7.4426123e-01  -4.3648559e-01   1.4885821e+00   7.3692624e-02   5.1553908e-01   1.9310359e-01
   2.0000000e+00   2.3587282e+00  -1.1648800e+00  -4.4910053e-01   2.9527374e+00  -9.6950197e-01   8.0560728e-01
   2.0000000e+00  -7.1127391e-01   7.7906482e-02   2.2817664e+00   1.2487662e+00   1.0024107e+00  -6.5928270e-01
   2.0000000e+00   2.0132085e+00  -6.0503668e-01   1.9040519e+00   1.9301292e+00  -1.3650180e+00  -7.2851825e-01
   2.0000000e+00   4.5026506e-01   5.5371049e-01   2.9618666e-01  -1.0090445e+00   1.9145649e-01   1.9464213e+00
   2.0000000e+00   7.4449820e-01   1.0907835e+00  -3.9048787e-01  -1.3748152e+00  -2.7403979e-02   4.3305218e-01
   2.0000000e+00   1.4733891e+00   4.7299490e-01   1.0756255e+00  -2.2233395e+00  -5.7949194e-01  -6.4062301e-01
   2.0000000e+00   9.3843739e-01   2.0182197e+00   3.7187224e-01  -8.3667425e-01  -2.0957209e+00  -1.2294972e+00
   2.0000000e+00   1.1836427e+00  -6.0117354e-01  -1.3139109e+00   8.1494705e-01  -1.1182437e+00   2.1878730e+00
   2.0000000e+00  -2.1259673e+00   3.1157899e-01   2.2729707e-02  -6.3499563e-01   1.7777019e+00  -2.6257824e-01
   1.0000000e+00   6.0883598e-01  -5.2859169e-01   1.3253097e+00   1.4234669e-01   4.6594683e-01  -2.3650832e-01
   2.0000000e+00  -3.3938966e-01   7.4771943e-01  -6.3355372e-01   1.3952243e+00   1.3090252e+00  -1.6003901e+00
   2.0000000e+00   8.6807986e-01   1.1073773e+00   1.3347089e+00   4.5897233e-01   1.1593446e+00  -8.6742148e-01
   2.0000000e+00  -9.2811683e-01  -1.6232845e+00   5.4940771e-01   9.7234790e-01   1.7957897e+00  -5.1406307e-01
   2.0000000e+00  -1.0871097e+00   3.1637085e-01   2.0207147e+00   1.4153507e+00  -1.1771293e+00   1.5363370e+00
   1.0000000e+00   1.1738913e+00   1.4155406e+00  -5.2060856e-01   3.0214524e-02   9.2218203e-01  -4.4911023e-01
   2.0000000e+00  -4.6283734e-01   1.4098965e+00   8.9891741e-01  -5.7764992e-01  -1.0623361e+00   1.4664482e-01
   1.0000000e+00  -7.3863088e-01  -2.9068299e-01   1.2037904e-01  -1.1167792e-01   5.1793495e-01  -1.3353161e-01
   2.0000000e+00   1.0475041e+00  -1.0309349e+00  -2.2209664e+00  -1.5554555e+00  -9.6989234e-01  -7.9107641e-01
   1.0000000e+00  -1.0553078e+00  -1.3596708e-01   1.6985751e-01  -3.3376286e-02   9.0112158e-01  -1.2750119e-01
   2.0000000e+00  -4.2767160e-01   8.7534373e-01   4.4809960e-01   2.0565650e+00  -1.9082510e+00  -6.9942910e-01
   2.0000000e+00   3.4893874e-01   1.6495527e-01   5.3570322e-01  -9.1317428e-01  -5.6763986e-01   7.7673996e-01
   2.0000000e+00   1.8514522e+00   7.6378266e-01   3.3045785e-01  -1.0117021e+00   1.6278928e+00  -1.1395706e+00
   2.0000000e+00  -1.0001141e+00  -1.5538587e+00  -1.1517568e-02   1.4751249e+00  -1.0894256e-02  -1.0482599e+00
   2.0000000e+00   3.3802180e-01  -7.7319927e-01   7.3090133e-03  -1.0191749e+00  -2.2201007e+00  -5.3886844e-01
   2.0000000e+00  -4.9636041e-02  -9.4735476e-01   2.5141129e-01   1.4907047e+00   2.6940784e-01  -3.3322661e-01
   2.0000000e+00  -6.9873669e-02   1.5614207e+00  -2.8216784e-01   1.7895952e+00  -1.3384351e+00  -7.6331582e-01
   2.0000000e+00   3.0174325e-01   2.3682290e-01   6.6662489e-01   3.0145409e-01   1.3956528e+00  -4.2826781e-03
   2.0000000e+00   1.4622714e-01   4.1865764e-01  -3.7051036e-01  -1.1510754e+00   8.5578536e-01   7.0214358e-04
   2.0000000e+00  -1.0095668e+00  -7.4301696e-01   8.5340613e-02  -3.4230211e-01  -4.4225980e-01  -7.5915927e-01
   2.0000000e+00  -1.3648497e+00  -7.8246810e-02   7.3950204e-01   6.2470835e-01  -1.5785162e+00  -1.0717514e+00
   2.0000000e+00  -7.1772154e-01  -8.0653164e-01  -8.5285788e-01   9.2324063e-02  -2.3509094e+00   1.7608456e+00
   2.0000000e+00  -2.3780412e-01   4.4538385e-01   1.1539908e-01   5.1043520e-01   1.1330670e+00   1.2250844e+00
   2.0000000e+00  -5.7745068e-01   2.5557474e-01  -2.4841724e+00   1.4793662e-01  -3.8563552e-02   2.7542258e-01
   2.0000000e+00   5.7820892e-01  -5.2502518e-01  -4.2115289e-01  -1.1194954e-01   2.0310357e+00  -1.0519845e+00
   1.0000000e+00   1.7841631e-01  -3.2110202e-01  -6.1166600e-01   8.3790174e-01   4.9783508e-01   1.3000280e-01
   2.0000000e+00   8.4680758e-01  -2.1295528e+00  -4.6080093e-02   1.6826861e+00  -1.1936691e+00   1.5749504e+00
   2.0000000e+00  -9.5311417e-01   5.9038747e-01  -6.4127276e-01   6.6974966e-02  -2.2346849e+00  -1.5886816e+00
   1.0000000e+00  -4.8809340e-02  -1.4678660e-01  -3.1548134e-01  -2.8125957e-01   1.6645623e-01  -1.0413760e+00
   2.0000000e+00   6.3693781e-01  -1.0717681e-01  -4.8791897e-01  -3.1335556e-01  -7.9926108e-01  -3.8977332e-01
   2.0000000e+00   6.5719194e-02  -2.2594343e+00  -1.1199722e-01  -1.3832853e+00   8.8818858e-01   7.4362724e-01
   2.0000000e+00   2.7365393e-01   3.9756575e-01   1.9731616e+00  -1.6990603e-01  -7.0171735e-01  -6.6555674e-02
   2.0000000e+00  -1.3452617e+00   2.4425472e+00  -3.9722253e-01   5.2566739e-01   8.4061458e-01  -1.5967503e+00
   1.0000000e+00  -9.7225341e-01   7.4563447e-01   9.5261891e-01   5.0441357e-01   1.8921704e-01   1.0869764e+00
   2.0000000e+00   1.1236284e+00  -1.8939130e+00  -1.0579637e+00  -9.6768605e-01  -5.9456102e-01  -2.6191038e+00
   1.0000000e+00  -2.9749703e-01   4.9012997e-01   1.1816998e+00  -5.6902834e-01   4.2059376e-01   9.1482759e-01
   2.0000000e+00  -2.8552952e-01  -7.1547307e-01  -1.1800021e+00  -9.2141811e-01  -5.4019935e-01   1.4282582e+00
   1.0000000e+00  -8.8789908e-01  -6.7275906e-01   8.3911942e-01  -7.7730466e-01   2.6223888e-01   6.9789681e-01
   2.0000000e+00   1.8611632e-01  -5.5855029e-01  -8.1986263e-01  -7.3157279e-01  -7.5965279e-01  -8.4137046e-01
   1.0000000e+00  -5.6572664e-01  -5.9100707e-01  -3.1815740e-01  -6.2486014e-01   6.3040281e-01   4.3737837e-01
   1.0000000e+00  -9.9715217e-01   3.0076254e-02  -7.8453557e-02   4.9321671e-02   5.7474068e-01   8.7490651e-01
   2.0000000e+00   1.0105731e+00  -6.3135726e-01   6.9272990e-02   7.7285863e-02  -1.7738739e+00  -1.7637426e+00
   1.0000000e+00  -5.3945225e-01  -6.6092988e-01  -1.5018688e+00   6.8656030e-01   4.7114875e-01  -2.2405107e+00
   1.0000000e+00   3.0946481e-01   1.5206180e+00   5.0014139e-01  -1.1915428e-01   2.7799199e-01   1.1327173e+00
   2.0000000e+00   8.4801358e-01  -1.9910801e-01   1.0398452e+00  -1.4367824e-01  -1.4047349e+00  -1.4019373e+00
   2.0000000e+00   3.4544476e-02  -9.3484592e-01  -6.4259699e-01   1.8308730e+00  -2.0754030e+00   7.1000470e-02
   2.0000000e+00   5.9352300e-03  -3.5476671e-03  -6.3176565e-01   5.0510227e-01  -1.6087315e-01  -5.8266529e-01
   1.0000000e+00  -2.2389463e-01   7.7955544e-01   6.7148519e-01   4.8162277e-01   3.5314971e-01  -1.8014577e-02
   2.0000000e+00  -1.3160175e-01  -4.0783944e-01   3.7977418e-01   1.2380446e+00  -8.8819417e-01  -1.3920881e+00
   2.0000000e+00  -1.3599083e+00   2.8031494e-01  -2.7893285e-01  -8.8942738e-01  -3.1268089e-01  -4.6258733e-01
   2.0000000e+00   6.5314973e-02  -4.5726484e-01  -1.6252325e-01   1.5146962e+00  -1.3881967e+00   3.5449103e-02
   1.0000000e+00   1.0377549e+00   1.0936317e-01   1.7800865e+00  -8.9105351e-01   3.0541584e-01  -1.8908539e-01
   2.0000000e+00  -7.5005746e-01   2.2354537e-01  -7.7982601e-01  -2.4279657e-01  -7.5635824e-02   8.0930577e-01
   2.0000000e+00  -8.6957282e-01  -2.1259975e-02   1.4416560e-01   3.3224063e-01   1.2207186e+00   1.7140220e+00
   2.0000000e+00  -6.6834522e-01   9.6125156e-02   1.3016497e-01   8.8010217e-01   1.0432284e+00  -4.3805870e-01
   2.0000000e+00  -5.7634422e-02  -3.9166627e-01   5.7880192e-01   3.2153584e-03  -2.3692131e-02   2.2284066e-01
   1.0000000e+00   5.6161699e-01   4.7941820e-01   1.4229333e+00   2.6947200e-01   9.5320344e-01  -6.7904328e-02
   2.0000000e+00   3.9849614e-01   2.8016003e-01  -5.9082424e-01   1.2978073e+00   7.6544985e-01  -3.1903001e-01
   2.0000000e+00   1.8029060e-01   1.6512175e-01  -6.1534529e-01   4.2149621e-01  -2.7981272e-01   5.1591346e-01
   1.0000000e+00   1.3043592e+00   7.6579166e-01  -1.2361203e+00   6.7991013e-01   5.1308647e-01  -1.3393447e+00
   2.0000000e+00  -1.3969214e+00  -1.8418434e-01  -1.3543673e+00  -5.3659852e-01  -9.2515341e-01   1.5495059e+00
   2.0000000e+00   1.6950724e-01   1.1526531e+00  -1.1365767e+00   5.1673918e-02  -5.2409109e-01   3.4187500e-01
   2.0000000e+00  -1.1561295e+00  -1.4876856e-01  -5.6878745e-01   1.0456654e+00   8.3629837e-01  -1.8826172e+00
   2.0000000e+00   2.7901773e-01   9.5425440e-01  -1.6610975e-01   3.4092264e-01  -1.5314457e-01  -1.9321038e-01
   2.0000000e+00  -7.3362399e-01  -2.2007818e-01   9.4630452e-01  -6.4762372e-01   1.1171141e+00   3.4738661e-01
   1.0000000e+00  -1.1350186e+00   1.4004902e+00  -1.4560936e+00  -1.6941391e-01   6.0106367e-01  -1.0428742e+00
   2.0000000e+00   7.6191729e-01   9.5532734e-01   7.0364710e-01  -1.5365724e+00  -1.7640941e+00   2.0567744e+00
   2.0000000e+00   1.0563926e+00  -1.2282137e+00   8.4516268e-01   8.1201246e-01  -8.7835444e-01  -7.9016677e-01
   2.0000000e+00   4.2558615e-01  -1.1868948e+00  -9.1410813e-02   8.1163183e-01  -1.0017958e+00  -1.3292507e+00
   2.0000000e+00   5.2182145e-01   1.1926692e-01  -5.5968491e-01  -4.0782775e-01  -4.1373618e-01   5.3931361e-01
   2.0000000e+00   4.2421396e-02   5.6711654e-01   9.9214139e-01   1.6350341e+00   1.0488378e-01  -7.1546756e-01
   2.0000000e+00   4.2013983e-01  -1.0306019e+00  -7.4541538e-01   2.6008110e-01  -1.0212875e-01   5.1493288e-02
   2.0000000e+00  -2.4815257e-01  -5.1618539e-01   6.3510893e-01   1.1386717e+00  -2.3562885e+00   1.6767568e-01
   1.0000000e+00   2.8448142e-01   1.0592080e+00  -2.5035834e-01   6.2114098e-01   2.8791590e-01   8.4656465e-01
   2.0000000e+00   1.0639768e+00  -6.2076282e-01  -2.8390148e-01  -9.0912644e-01  -1.2800915e-01  -3.7286566e-01
   1.0000000e+00   3.8191946e-02   6.5771567e-01  -4.6980998e-01   7.6988187e-01   1.5262528e-01   7.6724286e-01
   2.0000000e+00   5.0063633e-01   1.0740012e+00  -1.3123692e+00   8.1176522e-01  -2.8668442e-01  -7.6495755e-01
   2.0000000e+00   1.8737201e+00   3.0760367e-01   1.6233416e-01  -9.8636891e-03  -4.8282613e-01  -8.9186984e-01
   2.0000000e+00  -1.9033915e-01   4.0447349e-01   9.2231853e-01   1.2004123e+00   5.3490544e-02   5.5553499e-01
   2.0000000e+00  -2.7857960e-01   1.0182880e+00   7.8661848e-01   5.0169347e-02  -4.1074354e-01  -3.0537235e-02
   2.0000000e+00   8.7414503e-01  -7.2770375e-01  -9.8477564e-02  -1.4494298e+00  -2.9978642e-01  -1.0364642e+00
   2.0000000e+00  -1.5534531e+00   6.4085616e-02   1.1154930e+00  -1.3564197e+00   7.9998512e-01   5.9189902e-01
   2.0000000e+00   1.2533331e+00   3.9996400e-01  -2.3110210e+00   5.1326290e-02  -6.7284414e-01   1.2488317e+00
   2.0000000e+00   2.4693011e-01  -4.6569350e-01  -3.6820271e-01  -1.3541239e+00  -1.0459628e+00   2.8217850e-01
   2.0000000e+00  -2.7634047e+00   5.8795395e-01  -3.8102037e-01   5.1280105e-01   1.3070343e+00   3.1785750e-01
   2.0000000e+00  -3.7164465e-01   6.7983670e-02   2.0784308e+00   1.8410941e+00   2.1766674e+00  -1.3857052e+00
   2.0000000e+00   1.3128116e-01   2.7728837e-01   2.1348130e-01  -2.0275385e+00  -1.8237874e+00   8.9729076e-01
   1.0000000e+00  -6.4939559e-01   1.0100286e+00  -1.2818627e+00   7.2724595e-01   6.4376958e-01   4.4697766e-01
   2.0000000e+00  -8.9861532e-01   2.3601315e-01   5.0480449e-01  -8.6593333e-01  -6.9454651e-01   8.7240948e-01
   2.0000000e+00  -4.5247486e-01   2.2849426e-01   5.2082580e-01  -1.1143246e+00  -2.5964918e-01  -1.5741357e+00
   2.0000000e+00   1.1276845e+00   1.0350159e+00  -7.9430207e-01   3.4987294e-01   1.6864758e+00   1.6893936e+00
   2.0000000e+00  -3.5270503e-01  -9.5906689e-01   1.0978073e+00  -3.2035523e-01   9.5385618e-01   2.1808197e+00
   2.0000000e+00   1.6860416e+00  -7.4660922e-01   1.4334633e-01   4.1952358e-01  -1.5589444e-01   4.0409903e-01
   2.0000000e+00  -6.5299404e-01  -1.3785130e+00   7.6479526e-01   9.2144108e-01  -4.2486368e-01   2.1968049e+00
   2.0000000e+00   1.3113344e+00   8.1637507e-01  -6.7654649e-03  -5.8673114e-01   1.0588983e+00   1.0493904e+00
   1.0000000e+00   1.2885207e+00  -7.6920950e-01   1.4843746e+00  -5.0740124e-01   5.1549137e-01   7.1580935e-01
   2.0000000e+00   1.5288498e+00  -3.2432722e-01   4.5861835e-01  -2.6809360e-01  -1.2096390e-02  -6.5485920e-01
   2.0000000e+00  -2.0154960e+00   5.9279609e-01  -1.0444328e-01  -2.7595933e-01   1.3322136e+00   7.2298410e-01
   2.0000000e+00   1.7135803e-01   1.9473102e-01  -3.5084847e-01  -7.5803173e-01  -7.6389824e-01   1.5891667e+00
   2.0000000e+00  -1.2476222e+00   1.0102578e+00   3.5833528e-01  -5.0440127e-01   1.9061746e+00  -5.6828716e-01
   2.0000000e+00  -1.4673259e-02   4.7435967e-02   4.7509773e-01  -5.7785426e-01   1.9844515e+00  -1.9490498e-01
   2.0000000e+00  -1.3838825e+00  -1.7642943e-01  -1.3123465e+00   1.1389499e+00   4.8331140e-01   1.2970158e+00
   2.0000000e+00  -1.3467130e+00   1.5987646e+00   5.8523387e-01   1.0113376e+00  -1.0793377e+00   5.0871979e-01
   2.0000000e+00  -1.3478370e+00   8.7031280e-01   4.6526430e-02   7.7402329e-01  -3.5325793e-02  -8.8883208e-01
   1.0000000e+00  -1.0589863e+00   6.7790859e-01   7.9336410e-01  -3.9975301e-01   1.8283006e-01   1.9830981e+00
   2.0000000e+00   9.9116531e-01  -1.7712732e+00   1.8047988e-02   9.3886685e-01   5.3267504e-01  -9.5644185e-01
   2.0000000e+00   4.0865013e-01   3.7253228e-01   8.8713068e-01   1.1355095e+00  -1.9250011e-01   2.8912428e-01
   1.0000000e+00  -7.9023517e-01  -9.4237191e-02   7.2193123e-01   5.2842989e-01   2.0121010e-01  -1.3986897e+00
   2.0000000e+00  -4.9805588e-01   1.1060267e+00   1.1392992e+00  -1.1926692e+00   1.8322470e+00   7.9958521e-01
   2.0000000e+00  -1.3692280e+00  -1.4295647e+00  -3.3860816e-01  -2.7100368e-01  -1.3172085e+00   9.5542935e-01
   2.0000000e+00  -1.8118582e-01   3.3391841e-01   1.9220626e+00   4.7639889e-02  -1.2344335e-01  -1.2287279e+00
   2.0000000e+00   1.5951216e+00   3.6096548e-01  -1.0477103e+00   9.6109906e-01  -9.1648464e-03  -1.7837703e+00
   2.0000000e+00   5.1909587e-01   7.2926193e-01   1.4078746e+00   1.0908957e+00  -1.7270227e+00  -8.9062935e-01
   1.0000000e+00   7.9667625e-01   4.1051864e-01   1.1970147e+00  -2.2142492e-01   3.4777011e-01   8.4469551e-02
   2.0000000e+00  -3.6864715e-02   9.1599710e-01   1.4124881e-01  -1.4871902e-01  -1.2432814e+00  -4.3129439e-01
   2.0000000e+00  -2.6556619e-01  -1.2052405e-01  -6.7054726e-01  -1.3096222e+00   7.0175226e-01  -7.2410474e-01
   2.0000000e+00   5.0841259e-01  -1.1314232e+00   8.4668653e-01   1.1386624e+00   1.3341849e-02   9.1566030e-01
   2.0000000e+00   6.9202027e-01  -6.8980450e-01  -2.1974931e+00   1.7289477e-01  -1.3157574e+00   6.9926595e-01
   2.0000000e+00  -1.4171760e+00  -4.0158720e-01   1.3161841e+00   3.1502292e-01   2.7309159e+00  -2.1730992e+00
   2.0000000e+00  -2.8022285e-01   6.0006932e-01   5.3170648e-01   4.1731786e-01  -4.7741262e-01   1.0789832e+00
   2.0000000e+00   4.4885322e-01   1.0660954e+00  -1.3284579e+00  -2.2603979e+00  -4.4002730e-01   4.4630173e-01
   2.0000000e+00  -1.5520646e+00  -1.1693629e+00   4.9262631e-01   1.7685200e+00  -1.2744724e+00   1.6795870e+00
   2.0000000e+00   9.4528841e-01   1.1893386e+00   1.1883999e+00  -1.2631649e+00  -1.0215981e+00  -1.2162512e+00
   2.0000000e+00  -5.4959142e-01   2.7176130e-01  -2.2498304e+00  -1.1473216e+00  -1.0238228e+00  -3.6333021e-01
   2.0000000e+00  -8.6340050e-02   8.4583939e-01   3.7448167e-01   5.2537585e-01   1.0982533e+00  -7.9155036e-01
   1.0000000e+00   6.8665162e-01  -1.4888832e-01  -5.4219317e-01   3.0630403e-01   6.6328508e-01   5.1853092e-01
   1.0000000e+00  -2.3737563e-01   6.4158760e-01   2.9799619e-01   1.4038823e-01   1.5958702e-01  -1.0245895e+00
   1.0000000e+00   4.4297041e-01   3.9357579e-01   4.7437193e-01  -1.0891257e-01   4.0056043e-01   8.2248508e-01
   1.0000000e+00  -1.6876820e+00   1.3510277e+00  -6.1303704e-01  -7.2139244e-01   2.6883908e-01  -7.9579809e-01
   1.0000000e+00   5.8160030e-02  -5.7811039e-01  -3.3279271e-01  -1.4012801e-01   7.2788891e-02   4.2044767e-01
   1.0000000e+00  -2.1140013e+00   5.2677696e-01  -3.7236125e-01   5.2086469e-01   5.0974310e-01  -4.5009194e-01
   2.0000000e+00  -3.3764775e-01   2.0305332e-01  -1.0682901e+00  -2.6569277e-01   1.3275890e+00  -8.9246520e-01
   2.0000000e+00   5.2751024e-01  -1.6923328e+00   1.1876565e+00   3.6550397e-01   1.8744292e+00  -1.9168958e+00
   2.0000000e+00  -9.4742205e-01   3.8402585e-01  -2.4472103e+00  -1.3519663e+00   4.3698222e-01  -4.0479974e-01
   2.0000000e+00  -7.2677590e-01   2.2210652e+00  -1.0346398e+00   1.4688406e+00   1.9153553e+00  -2.7886346e-01
   2.0000000e+00   2.4466776e+00   2.3072721e+00  -4.2582510e-01   1.0480850e+00  -2.2663954e-01   4.0236430e-01
   1.0000000e+00   2.4251644e-01  -1.3634802e+00   1.1648029e+00  -7.6556167e-02   5.5147439e-01  -1.7125145e+00
   2.0000000e+00  -2.6749288e-01   7.4604440e-01  -1.3205202e-01   1.0554928e+00  -1.1224230e+00   6.1225270e-01
   2.0000000e+00   1.8425730e+00  -1.4173675e+00   6.9521900e-02   3.0451212e-01  -1.0438478e+00   1.1718353e+00
   2.0000000e+00   5.5542258e-01  -1.2993430e-01   1.5275032e-01   1.6748078e+00  -1.5128752e-01   1.0237723e+00
   2.0000000e+00   2.0614572e+00  -1.1308048e+00  -8.0697977e-01   8.2217638e-01  -2.5603721e-01   7.0534171e-01
   2.0000000e+00  -1.1504247e+00   2.8187081e-01   2.4530781e-01  -6.5016271e-01  -1.4754234e+00  -2.7445304e-01
   2.0000000e+00   1.2510436e+00   2.2251882e-01   8.2684466e-01  -1.5518110e+00  -6.2406767e-01  -2.2539168e+00
   2.0000000e+00   5.5382850e-01   5.1704255e-01   2.3948886e-01  -4.0346539e-01   1.7315603e+00   1.0425316e-01
   2.0000000e+00  -4.2851548e-01  -3.9728954e-01  -1.9710529e+00   5.0057564e-01  -1.8755644e+00   8.8420305e-01
   1.0000000e+00  -6.3034749e-02  -1.1282650e+00  -2.2643745e-01   1.4795907e-01   8.7211978e-02   3.5130888e-01
   2.0000000e+00  -8.9484277e-01  -8.1311084e-01  -4.4403406e-01   8.0765332e-01  -8.2682510e-01   1.7837152e-01
   2.0000000e+00  -1.9285184e-01  -1.1372361e+00   7.2153177e-01  -9.8115641e-01  -2.2035883e-01  -1.0795378e+00
   2.0000000e+00   2.0838942e+00   1.4274556e-01  -6.8380329e-01   1.1066129e+00   2.9986725e-01   1.0286541e+00
   2.0000000e+00  -1.2285675e+00  -1.0404103e+00   2.2914247e-01   6.4844499e-01   2.6797612e+00   1.6040417e+00
   2.0000000e+00  -8.1563822e-02   3.2505339e-01  -5.0171654e-01   1.2896819e+00   2.4551901e-02   1.5591094e+00
   2.0000000e+00  -5.8866026e-01  -1.9385763e-01  -1.4211042e+00  -2.0600366e-01  -1.1198635e+00  -4.5184665e-01
   2.0000000e+00   5.8716560e-01   3.4445358e-01   1.4268319e-01  -8.7273270e-01   1.0562289e+00   1.1681003e+00
   2.0000000e+00  -7.5695367e-01  -3.6457891e-01   8.7975863e-01  -2.7983026e+00  -1.3748308e-01  -4.2508512e-01
   2.0000000e+00  -9.3936848e-02   1.0563441e+00   5.0823810e-01  -8.2112374e-01   7.1970631e-01  -2.6272490e-01
   1.0000000e+00  -1.0679577e+00  -3.4576790e-02  -2.8940923e-01   2.2184659e-01   1.8418685e-01  -3.9944872e-01
   2.0000000e+00  -9.6158063e-01   7.9097277e-01  -5.8065334e-01  -1.7647720e+00   3.6915272e-01  -7.4017727e-01
   2.0000000e+00  -1.6915554e-01   4.2797971e-01  -2.1895494e+00   1.5334462e+00  -8.1116962e-02   7.7573060e-01
   2.0000000e+00   7.3315199e-01  -9.0999211e-01   4.5571019e-01  -7.6903266e-01  -7.5739727e-01   1.7663958e+00
   2.0000000e+00  -5.5980812e-01   7.7041105e-02  -5.1263684e-01  -6.9210263e-01  -5.0318953e-01  -9.9250419e-01
   2.0000000e+00  -9.5618743e-01   7.1219785e-01  -1.4194939e+00   2.3149339e-03   1.1134284e+00  -1.4435705e+00
   2.0000000e+00   1.2103327e+00  -1.1346076e+00   4.7644548e-02  -1.5013386e-01  -1.1300146e+00  -1.5858014e-01
   2.0000000e+00   3.8018257e-01  -2.3969071e+00   1.2240744e-01  -1.2298306e+00  -8.6654455e-01   4.2431690e-01
   2.0000000e+00   1.0966098e+00  -3.4086231e-02   1.7843387e+00   1.8965069e-01  -5.4413612e-01  -3.7530619e-01
   2.0000000e+00   1.0174351e+00  -2.2852009e+00  -1.4897871e+00  -1.3143520e+00   8.3378221e-01  -1.9187697e-01
   2.0000000e+00   3.8069141e-01  -3.3789288e-01   6.2582104e-01  -1.2110892e+00   1.2891568e+00   2.1575874e+00
   2.0000000e+00  -1.3885930e+00   2.4936456e-01   2.3301018e-01   1.1894942e+00  -3.2567630e-01  -2.5000998e-01
   1.0000000e+00  -1.3667252e+00  -1.5310413e-01   5.9256708e-01  -2.7903409e-01   7.2644517e-01  -5.1365027e-01
   2.0000000e+00  -1.0478498e+00   5.7710759e-01   7.4563749e-01   1.0971282e+00   9.0082411e-01  -6.9005955e-02
   2.0000000e+00  -5.6696997e-01  -3.1630370e-01   1.4583375e+00  -2.3710429e+00  -3.9425407e-01  -2.7065699e-01
   1.0000000e+00  -1.6172323e+00   8.4653865e-02  -1.8741431e+00  -3.1628115e-02   6.3243577e-01  -1.6502925e+00
   2.0000000e+00  -1.0191525e+00   1.6536891e+00  -1.2562585e+00   2.1991921e-01   1.2958172e+00   5.5383773e-01
   2.0000000e+00   2.9193829e+00   1.3645739e+00  -5.4381579e-01  -6.4976857e-01  -6.9824965e-01   5.2154249e-01
   2.0000000e+00  -3.1093297e-02   2.0369042e-01  -1.4270859e+00   1.3024579e-01  -7.2153212e-01   1.9546097e+00
   1.0000000e+00  -1.0916279e+00  -2.4120374e-01  -1.8682705e+00   4.0411513e-01   1.8903044e-01  -9.2518643e-01
   2.0000000e+00  -3.5030209e-01  -8.0707286e-01   3.4859771e-01   1.2687459e+00   3.1151716e-01   1.8932252e-01
   2.0000000e+00  -3.8151750e-01   2.3690531e-01   1.3789506e+00  -3.6124122e-01   1.1637823e+00  -3.4566936e-01
   2.0000000e+00   9.8203985e-01   2.2266775e+00   3.1234455e-01   1.5495136e-01  -1.1416828e+00   6.5157893e-01
   2.0000000e+00  -8.6275000e-01  -1.3620608e-01  -2.1202665e+00   2.4128031e-01   2.7925527e+00   5.2981188e-01
   2.0000000e+00   1.1643734e+00   1.6405350e+00  -8.9170292e-01   3.2689014e-01  -1.8808623e-01  -2.7785514e+00
   2.0000000e+00   7.6940704e-01  -2.2234222e-01  -3.1398072e-02   1.1710110e+00  -2.9082042e-01  -1.0959838e+00
   2.0000000e+00  -6.2692783e-02  -1.3319109e+00  -1.5675898e+00  -3.6264748e-01  -1.3265117e+00   3.1278080e-01
   2.0000000e+00   6.8466652e-01  -1.0774476e+00   1.4572805e+00  -1.6661804e+00  -9.8656470e-01  -2.1996526e-02
   2.0000000e+00  -5.1886339e-01  -2.3098197e-01   3.8900069e-01   1.3700742e+00  -6.6361118e-01   8.3062128e-02
   1.0000000e+00  -5.9845790e-01   1.0545115e+00   2.0976766e-01  -1.2994859e-01   5.2560945e-01   5.6356019e-01
   2.0000000e+00   8.7520528e-01  -1.4323655e+00  -2.4340002e-01   1.5830156e+00   1.5209695e-01   1.2009683e+00
   2.0000000e+00  -4.8747576e-01   1.4571345e+00   7.6289899e-01   1.2608011e+00  -4.4734401e-01  -1.5173148e+00
   2.0000000e+00   2.5815354e+00  -5.8503427e-01   3.7549556e-01  -6.7169964e-01  -2.4890834e-02   6.6367302e-02
   2.0000000e+00   1.3268156e-01   6.1218738e-01  -6.0376161e-01   5.3660638e-02   1.4653660e+00   9.4723715e-01
   2.0000000e+00   2.1496456e+00  -1.0304810e+00  -2.6642454e-01   1.4570970e+00   1.4586313e+00   1.2478537e+00
   2.0000000e+00  -9.7445497e-01   5.7804291e-01   2.0947247e+00   1.7978178e-01  -1.2231778e-01   1.1055724e+00
   2.0000000e+00  -2.5792745e+00   6.5373163e-01  -9.5436257e-01   5.8191421e-01  -8.4100686e-01   1.1694903e+00
   2.0000000e+00  -9.4855625e-03  -2.3053185e-01   6.5331023e-01   4.8410941e-01  -4.9632450e-01  -7.5973161e-01
   2.0000000e+00  -2.9973971e-01  -3.9796303e-01   1.8343577e+00   1.5209229e+00   1.1356288e+00  -6.4543921e-01
   2.0000000e+00   1.2072021e+00   8.9995972e-01  -3.9270672e-01   1.7617783e+00   4.3601414e-01  -2.4813867e-01
   2.0000000e+00  -8.4345463e-01  -2.3107263e-01   7.1638511e-01  -1.2549982e+00   1.4712864e-01  -1.9423031e-01
   2.0000000e+00   7.4610547e-01  -1.0806702e+00   2.5022882e+00   1.0699615e+00   4.0758669e-02  -5.9103967e-01
   2.0000000e+00   4.7502039e-02   3.2243414e-01  -1.1601356e+00  -3.2868207e-01  -2.2023625e-02  -3.1754085e-01
   2.0000000e+00   1.9472343e+00   1.4160160e-01  -7.2254117e-01   1.3437012e+00   1.5058357e-01   1.7841480e-01
   2.0000000e+00   6.0705914e-01  -7.6728612e-02   1.5298639e+00  -9.9787188e-02  -7.4089958e-01   5.8678432e-01
   2.0000000e+00   1.8738193e-01  -7.4000098e-01   1.4159627e+00   1.9668733e-01   1.3640897e+00   1.3129603e+00
   2.0000000e+00  -2.0290978e-01   4.7725457e-02  -2.2100164e-01   8.0560742e-01   1.9942262e+00  -1.7797652e-01
   1.0000000e+00  -1.1939761e+00  -7.9042486e-01  -2.7545702e-01  -3.8768649e-01   6.3217324e-01  -2.0587312e+00
   2.0000000e+00   3.7399508e-01  -7.9555709e-01  -1.5660081e+00  -2.1726521e+00   6.7190216e-01  -1.3327519e+00
   2.0000000e+00  -7.1925440e-01   4.6223820e-02   8.0579047e-01  -1.5359142e+00   9.9903617e-01  -1.9664618e+00
   2.0000000e+00   9.3831112e-01   1.0356220e+00   1.6890853e+00   6.5989231e-01  -1.0822698e+00   1.3818248e+00
   2.0000000e+00  -3.5775193e-01  -5.5232971e-01   2.5740351e-01  -4.9625753e-01  -2.0197869e+00  -1.2665803e+00
   2.0000000e+00  -9.7099243e-01  -5.0340972e-01  -8.1567857e-01   1.0512729e+00  -9.6118185e-01   1.7713643e+00
   2.0000000e+00   5.2041280e-01  -4.2109736e-01  -1.4622739e-01  -1.5494586e-02   2.2541872e+00  -1.2321665e+00
   2.0000000e+00  -1.0122147e+00  -1.7899370e+00  -7.2689106e-01  -5.4002376e-01  -1.0734182e+00   9.9453542e-01
   2.0000000e+00  -8.4860645e-01  -4.5676080e-01  -2.0040259e-02  -1.5791519e+00   1.6091228e+00  -7.8935409e-01
   2.0000000e+00  -1.7161438e+00   1.6230683e-01   6.4696221e-02  -1.6505541e+00  -3.6242220e-01   1.6282346e+00
   2.0000000e+00  -1.9492227e+00   1.1917073e-01   5.7251278e-01  -5.1200098e-01   1.5460292e+00  -7.4509174e-01
   1.0000000e+00  -4.5085336e-01   1.7018864e-01  -1.6982394e+00   3.0491620e-01   7.6053463e-01  -6.1008123e-01
   2.0000000e+00  -2.7015077e-01  -1.0043194e+00   1.3095172e+00   1.9536720e+00   4.8451925e-01  -2.2789591e-01
   2.0000000e+00  -5.8201724e-01  -6.4480965e-01  -1.2405279e-01  -2.6959391e-01   1.8818497e+00  -1.0311623e-01
   2.0000000e+00   1.7002412e-01   9.4232086e-01  -6.4991468e-01   1.1678385e+00   5.6782886e-01  -4.2996298e-01
   2.0000000e+00   9.6039104e-02   2.3848084e-01   2.0876948e-01   1.3422937e+00   1.8537373e+00  -9.3219350e-02
   2.0000000e+00  -8.3443221e-01  -3.7100245e-01  -7.5468306e-01  -1.6753611e-01  -4.0056575e-01   8.9422557e-02
   2.0000000e+00   1.3051376e+00  -1.3654169e+00  -5.6138199e-01  -1.8904951e+00   1.1929030e+00  -1.3692920e+00
   2.0000000e+00  -4.9019489e-01   3.7168184e-01  -4.4269934e-01   4.6888236e-01  -6.9747771e-01  -1.0744825e+00
   2.0000000e+00   4.1355115e-01  -9.0947791e-01  -1.4770357e+00  -2.0688121e+00   3.0432643e+00  -1.4563170e+00
   2.0000000e+00  -9.2513491e-01   8.2581229e-02  -4.7145941e-01   5.5633525e-01   1.1759506e+00   4.9135500e-01
   2.0000000e+00   4.5634608e-01  -5.8122672e-01   9.8095581e-01   6.0735858e-01  -1.0599695e+00   9.8142443e-01
   2.0000000e+00  -8.7625129e-01  -4.6384477e-01   1.5482674e+00   1.6550370e+00  -3.7424840e-01  -4.8158886e-02
   2.0000000e+00   4.4995929e-01  -5.3709385e-01  -1.0720243e-03   9.5324989e-01   2.0249551e+00   1.0852326e+00
   2.0000000e+00   1.3822064e+00  -1.3743133e+00   6.5095187e-01   3.6344304e-01  -1.6181894e+00  -9.0805029e-01
   1.0000000e+00  -1.1818604e+00   1.3669297e+00  -2.5452599e-02  -3.3661570e-01   3.1169795e-01  -3.2383994e-02
   2.0000000e+00  -1.0370211e-01   1.4225909e+00  -1.6014484e+00   6.3190343e-01  -6.8858104e-01   1.4900034e+00
   2.0000000e+00  -1.2953531e+00   6.4497874e-01  -9.6906454e-02   4.4866195e-01  -2.8421629e-01   1.1195551e+00
   1.0000000e+00   8.5138536e-01  -2.5204702e-01   1.3760993e+00  -4.3544539e-01   3.3854451e-01   1.5585947e+00
   2.0000000e+00  -1.0273827e+00  -7.8540569e-01   2.7805803e-01   8.1666082e-01  -2.4761433e+00   8.4643901e-01
   2.0000000e+00   3.8808631e-01   3.0949425e-01   4.4234843e-01  -2.5308597e-01  -1.3029277e+00  -1.2041769e-01
   2.0000000e+00  -1.0334730e+00   9.3279178e-01  -8.3179746e-01  -9.6317289e-01   1.8484264e+00   8.8801751e-01
   2.0000000e+00   6.8109482e-01   3.0930975e-01  -1.5614136e+00  -1.1469677e+00  -1.5669704e+00  -2.2373054e+00
   2.0000000e+00   8.8726911e-01  -3.6705960e-01  -2.6902205e-02  -4.2431172e-01   1.1222317e+00   6.7191347e-01
   2.0000000e+00   1.3556630e-01  -5.7126973e-02  -2.2566272e-01  -8.6634724e-01  -2.3257446e-01   6.5050332e-01
   2.0000000e+00  -4.7644720e-01   3.9545488e-01  -1.4894826e+00  -9.8271295e-01   4.9284183e-01  -1.3472477e+00
   2.0000000e+00   1.5062920e+00  -5.3540928e-01  -1.6130465e+00   1.7710427e+00  -3.4749026e-01  -1.1929286e-01
   2.0000000e+00   3.9970642e-01   4.8045734e-01  -5.8326864e-01   6.1280386e-01  -4.8334294e-01  -8.5683957e-01
   1.0000000e+00   9.4815300e-01   6.5930116e-01   3.5995843e-01   2.5585519e-01   2.3534623e-01   2.2289632e-01
   2.0000000e+00  -1.5586181e-01  -2.8647479e-01   3.1549364e-01   1.2664246e+00  -6.0072461e-01   5.6429353e-01
   2.0000000e+00   9.7957687e-02   1.6150261e-01   1.0157691e+00   1.2075615e+00   1.4150539e+00   6.4058635e-01
   1.0000000e+00  -1.4186568e+00  -7.1074089e-01  -1.0132784e+00   1.7541181e-01   9.7282015e-01   4.3315038e-01
   2.0000000e+00  -7.7654632e-01  -2.0770377e+00  -1.2855234e-01  -2.9119833e-01   7.8429413e-02  -2.4115967e+00
   2.0000000e+00  -1.8274403e+00  -1.6281543e+00  -1.4477319e+00   9.3784627e-01  -1.0594280e+00   5.1682810e-01
   2.0000000e+00  -4.0232597e-01  -2.1128800e-01  -2.6811901e-01  -1.8747824e+00  -1.2711881e-01   7.6766198e-01
   2.0000000e+00  -6.1993509e-01   4.0800005e-01  -1.6938092e+00   1.1102823e+00   2.7919859e-01   3.8348685e-01
   2.0000000e+00  -9.2394635e-02  -2.0433094e+00   1.4109380e+00  -7.1625041e-01   4.5190240e-01   4.1625322e-01
   1.0000000e+00   5.4520383e-01  -1.7146342e+00  -3.9479335e-01  -6.5941063e-02   6.4364527e-01   4.1923971e-01
   2.0000000e+00   5.8424889e-01  -2.5449481e-02  -2.7882950e-01  -1.6840660e+00  -4.6254321e-01  -2.2269340e-01
   2.0000000e+00  -3.9871832e-01  -5.3435295e-01   7.7411213e-01  -1.0129588e+00   1.1384382e+00  -9.3277210e-01
   2.0000000e+00   1.5726061e-01  -3.7484675e-01  -6.2994491e-01  -8.9627819e-01   1.5414417e+00   2.2275119e-01
   2.0000000e+00  -9.7738026e-01   1.0786875e+00  -1.9534220e-01  -2.8563087e-01   1.6202717e+00  -1.0524847e-01
   1.0000000e+00   1.7504529e+00   7.1129399e-01  -2.8284505e-01  -7.9906242e-01   1.4519409e-01   1.8088732e-01
   2.0000000e+00   2.0564295e+00  -7.9474848e-01   1.2313181e-01   5.0502684e-01  -3.5337572e-01  -6.2720708e-02
   2.0000000e+00   1.3095385e+00   8.8742898e-01  -1.8167639e-01  -7.5457122e-01  -5.7385566e-01  -1.6410086e+00
   2.0000000e+00  -1.2449329e+00  -1.5543677e-01   2.0618273e+00   1.5272903e+00   1.9882302e-01  -1.2564428e-01
   2.0000000e+00  -1.7842399e+00  -4.9911875e-01  -1.8603811e-01   1.3759968e+00  -5.0802847e-02   3.1717478e-01
   2.0000000e+00  -9.8191789e-01  -9.8515462e-01   2.2967574e-01  -1.2784693e+00   9.6445139e-01   4.0521894e-01
   1.0000000e+00   4.3381843e-01  -2.7067961e-01   6.1500143e-01  -6.4086476e-01   6.7402052e-01   3.7958901e-01
   2.0000000e+00  -1.3013276e+00   1.0904194e+00  -2.2906136e-01   1.5613376e+00  -1.0238258e+00   7.2045038e-01
   2.0000000e+00  -5.2722510e-02  -3.0119473e-01   1.3636771e+00  -1.8037379e-01  -6.8176996e-01   1.6663093e+00
   2.0000000e+00  -5.8169319e-01   5.4447585e-02  -5.1210422e-01  -3.3242210e-01  -8.7374554e-01  -2.0364978e+00
   1.0000000e+00   7.0751410e-01  -1.8256749e-01  -2.2314162e+00   1.8484849e-01   7.1935435e-01  -1.9215895e+00
   2.0000000e+00   6.8289135e-01   4.6016724e-01   1.1462207e-01  -1.9124787e+00   7.3027314e-02   2.9468674e-01
   1.0000000e+00   1.6142391e+00  -8.3166990e-02  -3.5806310e-01   8.3015120e-01   1.8298446e-01   5.3330744e-01
   2.0000000e+00   2.0367575e+00  -4.4010899e-01  -9.8028766e-02   5.2430179e-01  -2.1273709e-02   6.5931362e-01
   2.0000000e+00  -6.3635066e-01   1.1125079e+00   1.8516429e+00   1.6753555e-01   1.3953135e+00   1.1490646e+00
   2.0000000e+00  -6.9673039e-02   8.9128275e-01   7.7364046e-01  -6.7187912e-01  -2.0788667e+00   1.1250176e+00
   2.0000000e+00   1.1909990e+00  -2.5094711e-01   8.0153374e-02  -1.2166869e+00   6.0339647e-01  -7.7651718e-02
   2.0000000e+00   1.5586924e+00  -1.2717088e+00   1.4205533e+00  -9.3808060e-01   1.8486129e+00  -1.2611189e-01
   2.0000000e+00   6.6480984e-01  -1.0473771e+00  -3.9148160e-01   1.1934116e+00   1.2385771e+00  -7.4423230e-01
   2.0000000e+00  -5.3744875e-01  -1.3338608e+00   2.4529099e-01   2.9684464e-01   2.1352995e+00  -3.4359972e-01
   2.0000000e+00   1.8301607e+00  -5.8987197e-01  -8.8069523e-02   1.1908972e+00   6.2988288e-01   1.0912529e+00
   2.0000000e+00  -2.9338140e+00  -2.0128704e-01   2.2300979e+00   1.7625461e+00  -4.7610073e-01   9.6342378e-01
   1.0000000e+00   5.8794857e-01   7.7514406e-01   5.8350556e-01   6.5565378e-02   7.7491347e-01   2.5976912e-01
   2.0000000e+00  -5.3144217e-02  -8.5939144e-01   1.5449164e-01  -1.2176940e+00   1.5031190e+00   1.3150635e+00
   2.0000000e+00  -1.3429450e+00  -1.1531202e+00  -1.3702137e+00  -3.2659924e-01  -3.5288933e-01   2.0583757e+00
   2.0000000e+00  -5.4114148e-02  -2.4884558e+00  -2.7544048e-01   1.2320269e+00   3.0966567e-01   8.8052161e-01
   2.0000000e+00   3.5918400e-01   3.0785577e-01  -1.1796638e+00  -1.2231482e-01  -5.6315551e-01   2.1726252e-01
   2.0000000e+00  -8.7657767e-01  -1.3484572e+00   9.2473742e-01   1.6004946e-01  -4.7409144e-01  -5.1777680e-01
   2.0000000e+00  -6.6953592e-01  -4.5078506e-01  -3.7467130e-01  -4.0877452e-01  -4.4315814e-01  -3.0717200e-02
   2.0000000e+00   5.0815655e-01   4.8418207e-01  -1.7479661e+00  -1.4531982e+00  -5.5282278e-01   6.5005739e-01
   2.0000000e+00   8.1915806e-01   1.9934520e-01  -9.9541569e-01   7.9507307e-01   6.9776813e-01  -8.0528301e-01
   2.0000000e+00  -4.8542486e-01  -5.0744033e-01   4.4931939e-01   2.8084817e-01  -1.3230661e+00  -1.2028333e+00
   2.0000000e+00  -4.3072818e-01  -1.4986919e+00  -6.4156430e-01   5.0179462e-02   1.0152614e+00   3.1521579e-01
   2.0000000e+00  -1.0514427e+00  -1.7423140e-01   3.2280464e-01   1.1057734e+00   7.0395021e-01  -5.3988189e-01
   1.0000000e+00  -8.3235190e-02   9.0490747e-01   1.8127834e+00   5.1201311e-01   3.0193987e-01   6.8216600e-01
   2.0000000e+00   3.0691596e-01  -5.9288048e-01   8.8255501e-01  -3.3884696e-02  -1.8721555e-01  -8.1895714e-01
   2.0000000e+00  -8.0657153e-01   7.0418067e-01   1.8486226e+00  -7.8492139e-01  -4.6451070e-02  -1.0591790e+00
   2.0000000e+00  -9.5162781e-01   7.4745595e-01  -5.3995568e-01  -8.0641033e-01   1.3043594e+00  -6.4889709e-01
   2.0000000e+00  -6.8897795e-01  -1.5374304e+00   3.7758143e-01  -9.1700216e-01   1.0347888e+00  -5.4072685e-01
   2.0000000e+00   4.1934221e-01  -1.8333480e+00  -8.7781025e-01   6.0945554e-01  -9.3899653e-01  -1.2147869e+00
   2.0000000e+00  -1.7298550e+00   3.8431899e-01  -1.3628423e-01   5.1455470e-01  -5.5522224e-01  -8.9049915e-01
   1.0000000e+00   1.2226835e+00   6.6028830e-01   1.4319405e-01  -6.7776943e-01   2.1993874e-01   5.9192969e-01
   2.0000000e+00  -6.3489730e-01   7.6376925e-01  -2.9360904e-01  -1.4067387e-01   1.5201440e+00  -7.4577383e-01
   1.0000000e+00  -4.5740158e-01   2.9168851e-01   1.2425678e+00   5.2459267e-01   5.0626684e-03  -2.4874461e-01
   1.0000000e+00  -7.1671551e-01   1.5725346e-01   1.5258659e+00  -4.3503462e-01   2.6209018e-01  -8.7503052e-01
   2.0000000e+00   7.1157409e-01  -4.3439822e-01   3.2156192e-01   7.3615680e-01  -1.6577563e+00   7.8431899e-01
   2.0000000e+00  -1.1831139e+00   2.5384128e-01  -3.8085387e-01   4.0797558e-01  -8.3349921e-01   1.3026663e-01
   2.0000000e+00  -2.3759176e-01   3.3315933e-01  -1.2974050e-01  -9.2811174e-02  -2.4324780e+00  -1.4883293e+00
   2.0000000e+00   3.7581634e-01   1.6186679e+00  -9.0437777e-01  -7.2622889e-01  -9.2475141e-01   8.5442559e-01
   2.0000000e+00   5.1059272e-02  -1.6769784e+00  -3.0059792e-01   1.4305706e+00   1.3824163e+00  -8.8359402e-01
   2.0000000e+00   5.7883221e-01   1.3709547e+00  -3.3028358e-01   1.2617657e+00  -1.2369115e+00  -1.1753504e+00
   2.0000000e+00   3.0748154e-01  -1.5744179e+00   1.2606707e+00   2.8172399e-01  -1.0570660e+00   8.6198295e-01
   2.0000000e+00   3.5902116e-01   2.7098518e-01  -4.4958270e-01  -6.5324767e-01   1.4985315e+00   4.4234063e-01
   2.0000000e+00  -2.3784513e+00  -1.2159350e+00  -3.2314790e-01   5.0148131e-02  -3.9289548e-01   6.7972551e-02
   2.0000000e+00  -5.1696975e-02   9.5916849e-01   1.4758835e+00  -1.5213365e+00  -2.3686677e+00  -2.0781143e-01
   2.0000000e+00  -1.4575078e+00  -1.0173915e+00  -1.3944014e+00  -9.5212405e-01  -6.4184438e-01   4.2110585e-01
   2.0000000e+00   2.6112176e-01   1.2877042e+00  -3.4543304e-01  -6.8281467e-01  -9.0140823e-01  -6.7341830e-01
   2.0000000e+00  -8.5951015e-01   1.7573401e+00   2.6554806e-01   1.1505004e+00  -1.0918124e+00  -1.3075663e+00
   1.0000000e+00   4.8776349e-01   1.2406122e-01  -5.8993195e-01  -5.3169670e-02   5.5613326e-02  -8.6725664e-01
   2.0000000e+00  -7.7605205e-02   1.1041588e+00   1.1496607e+00   1.6385265e+00  -7.7634646e-01   1.1391113e+00
   1.0000000e+00   4.6284980e-01   9.2879226e-02  -7.9569766e-01  -3.3429283e-02   5.6628852e-01   5.7913464e-01
   2.0000000e+00  -9.3873073e-01  -1.2585717e+00  -3.1323000e-01  -1.2758079e+00   1.0600120e-02  -7.5731168e-01
   2.0000000e+00   6.4782841e-01  -1.4683475e+00  -1.8054314e+00   9.5429812e-01  -6.8650858e-01   6.7281955e-01
   2.0000000e+00  -1.8446411e+00  -9.1049886e-01  -1.5996026e-01   1.3589891e+00   4.6258635e-01   1.7084410e+00
   1.0000000e+00   1.3624110e+00  -1.5992280e+00   1.3557601e+00   3.5518230e-01   2.4702892e-01  -7.9654485e-01
   2.0000000e+00   4.0003523e-01  -5.4059417e-01  -2.5576034e-01   2.3844255e-01  -1.5451590e+00  -1.6235268e+00
   2.0000000e+00  -2.1071478e-01   1.4627505e+00   1.7978418e+00  -1.4990430e-01  -1.4644599e-02  -3.1558546e-01
   2.0000000e+00   1.1745204e+00   3.3667653e-01  -1.4806967e-01  -5.4507808e-01  -7.7010966e-01   2.9660181e-01
   2.0000000e+00   1.1643379e+00   6.6012895e-01  -1.7969207e+00  -2.1243581e-01   1.4832532e+00   7.7661551e-01
   2.0000000e+00  -1.6279580e+00  -1.1803126e-01   1.3305098e-01  -1.3948003e+00  -7.5066359e-01  -8.0895823e-01
   1.0000000e+00  -1.7695565e+00  -5.1274810e-02   6.6442214e-01   5.5661938e-01   3.8335351e-01  -7.0573174e-01
   2.0000000e+00  -5.5631857e-01   1.2484308e+00   4.0202199e-02  -4.8777496e-01   1.4802852e+00   4.6958945e-01
   2.0000000e+00  -1.6676455e+00   8.9603657e-01  -3.9439350e-02  -1.9954110e+00   2.5787355e-01   7.2420339e-01
   2.0000000e+00  -6.4823923e-01  -3.6700137e-01  -1.4576172e-01  -7.4217496e-02  -1.0669267e+00  -1.4299484e-02
   1.0000000e+00   8.5275801e-01   4.4778159e-02   1.5272757e+00   6.4450907e-01   1.9560043e-01   6.1418135e-01
   2.0000000e+00  -4.4349285e-01   1.0813027e+00   1.0503334e-01   1.4132265e+00  -1.7605645e+00  -9.7959627e-01
   2.0000000e+00   4.9490404e-01  -1.2867055e+00  -5.2293023e-02   8.2353659e-01  -4.5215303e-01  -1.5233573e+00
   2.0000000e+00   3.3564474e-01  -1.4064238e-01   1.8069798e+00   9.4989000e-01  -1.2836984e+00   1.5217560e-02
   2.0000000e+00  -7.5930570e-01  -5.5986603e-01  -9.4969939e-01  -6.6613309e-01   1.2023399e+00   6.7333000e-01
   1.0000000e+00  -1.0642646e+00  -2.2832184e-02  -1.5422208e+00  -1.7354382e-01   6.3275633e-01  -8.1699283e-01
   2.0000000e+00   1.5017631e+00  -5.1361225e-01   7.6251713e-01   1.8007720e+00   5.7142935e-01  -1.6018884e-01
   2.0000000e+00   4.6385990e-01   8.3646168e-01   3.5850309e-02  -4.5064441e-01  -3.5478245e-02  -6.6268989e-01
   2.0000000e+00  -9.8780057e-01  -2.6962667e-01   2.9888898e-01   4.6427847e-02   1.0176575e+00   6.3227354e-01
   2.0000000e+00  -1.1269345e-01   7.2376676e-01   1.7020398e-01  -7.4025200e-02  -3.3819719e-01  -3.5516481e-01
   2.0000000e+00   5.3943292e-01   1.9616753e+00  -9.4203939e-02  -1.7894000e-01   9.2922734e-01   9.8006175e-01
   2.0000000e+00   5.4790958e-02  -3.4547093e-01  -7.6970869e-02   1.3654465e+00   2.3898089e-01  -7.6414044e-01
   2.0000000e+00  -7.7144663e-01  -1.8565941e-02  -2.0672108e+00   9.9340382e-01   6.9221153e-01  -4.9749755e-01
   1.0000000e+00  -4.6338622e-01   2.2955674e-01  -1.4459132e+00   1.4804994e-02   1.2212865e-01  -9.0642205e-01
   2.0000000e+00  -9.7400917e-01   8.3231831e-01   4.8391175e-01  -8.0036390e-01   8.2634426e-01  -1.8263672e+00
