   1.0000000e+00   6.8912346e-01  -1.5160444e-01   7.1095895e-01  -1.1682341e+00   7.3433693e-01   2.6410577e+00
   1.0000000e+00   7.8976632e-01   8.7341599e-01  -3.2980391e-01   1.2599904e+00  -3.4025480e-01   1.1218492e+00
   2.0000000e+00  -2.3827747e-01  -8.6683725e-01  -1.5773591e+00  -9.3064495e-01  -5.8954289e-01   6.2300950e-01
   2.0000000e+00  -6.1504664e-01   1.3314975e+00  -7.7759173e-01   3.7600622e-01   8.3613678e-02   2.1906608e+00
   2.0000000e+00   2.2481357e+00   1.5895681e+00  -1.3551280e+00   4.9947493e-01   4.7809717e-01  -1.1610608e+00
   1.0000000e+00   1.9594016e-01   1.3396146e+00  -1.3381474e-01  -5.1910984e-01   9.4581131e-01   8.6760013e-01
   2.0000000e+00   7.8267713e-01   7.3555216e-01  -1.1442985e+00  -8.4146456e-01   2.2442614e+00   6.5046434e-01
   2.0000000e+00   2.1512187e-01   9.5243745e-01   1.3018399e+00   1.9584562e+00  -1.2804487e+00   3.7761976e-01
   2.0000000e+00   2.0469356e+00  -4.7834139e-01  -2.0177106e+00  -1.0609532e+00  -1.2840758e+00   3.7371466e-01
   2.0000000e+00  -1.8153321e+00  -2.3082200e+00  -5.5611619e-01   9.9114805e-01   2.7752555e-01   7.3298462e-01
   2.0000000e+00   2.6231706e-01   1.1315651e+00   1.4260734e+00   1.2057675e+00   1.7335346e+00   1.4585521e+00
   1.0000000e+00   2.3193804e-01   1.5418078e+00  -6.1169645e-01   2.2715524e-01  -1.4503904e+00   5.5572315e-01
   2.0000000e+00  -9.5001883e-01   6.8867196e-01  -2.8151287e-01  -2.1238346e+00   1.8475588e+00  -3.3077554e-01
   2.0000000e+00   3.8719759e-01  -2.0932552e+00  -4.8702326e-01   1.2630388e-01   1.7737292e-01  -1.1611558e-02
   2.0000000e+00  -1.0107634e-01   6.8548432e-01   1.5946218e+00  -1.8275978e+00  -4.2133007e-01  -9.3036212e-01
   2.0000000e+00  -6.7478772e-01   2.7751308e+00   5.1272631e-02  -6.1111902e-01   8.5593622e-02  -1.3586801e+00
   2.0000000e+00  -7.6015763e-01  -1.3175749e+00   7.0353897e-01   2.6325069e+00  -1.3818086e+00  -4.1222165e-02
   2.0000000e+00  -8.2865264e-01   7.1196225e-01   6.9587839e-01   1.5033819e+00   9.6141969e-01   1.4374226e+00
   2.0000000e+00  -1.0391624e+00  -1.8315650e+00   1.1418934e-01  -2.3415180e+00  -1.4106166e-01   5.4918735e-01
   1.0000000e+00   1.5762254e-01   3.6560455e-01  -1.5490392e-01   2.4176326e-01   4.6450846e-01  -2.1683702e+00
   2.0000000e+00  -4.9158072e-01  -1.0394436e+00  -1.2272759e+00  -2.6458396e-01  -1.0807247e-01  -1.5151519e+00
   2.0000000e+00  -4.8713079e-01  -9.3634824e-01   5.4632782e-02  -3.7653967e-01   3.5391653e-01  -4.2805846e-01
   1.0000000e+00   6.4555951e-01  -1.3060810e+00  -4.3688683e-01   3.9514824e-01  -1.5686522e+00  -9.0683219e-01
   1.0000000e+00   2.4757939e-01  -6.8473329e-01  -1.6608421e-01   6.2174317e-01   8.3855823e-01  -3.6581390e-02
   2.0000000e+00  -1.1932296e+00   2.7397031e+00  -5.2476801e-01   1.8970119e+00   3.4515407e-01   5.3526982e-01
   2.0000000e+00  -1.3637178e+00   3.3495694e-01  -3.2981419e-01   5.0908876e-01  -2.0953494e+00   1.5824779e+00
   2.0000000e+00   1.9403111e+00  -1.3544737e+00  -1.6752157e+00  -1.0534864e+00   3.7214231e-01  -4.5286708e-01
   2.0000000e+00  -6.1240264e-01  -1.0556767e-01   1.6417522e+00   1.7672644e+00   1.7502803e-01   1.1821364e+00
   2.0000000e+00  -1.9535697e+00  -4.1669075e-01  -4.5017156e-01  -7.7466616e-02  -5.7498092e-01  -1.7792588e-01
   2.0000000e+00  -9.9309060e-01   2.4108838e-01   1.3643123e+00  -6.2335997e-01   3.2292036e-02   7.1767959e-02
   2.0000000e+00   4.8665204e-01   9.1192693e-01   1.1803708e+00  -3.2143960e-01  -1.1352482e+00  -2.3167081e-01
   2.0000000e+00  -1.4015104e+00  -2.9894437e-01  -5.9659508e-01  -8.5968788e-02  -8.3635089e-01   1.3084342e+00
   1.0000000e+00   2.7286143e-02  -2.8247950e-02   5.6242765e-01   5.7946301e-01  -2.2793047e-01   7.1954522e-01
   2.0000000e+00   6.5939784e-01  -1.0560956e-01  -1.3289022e+00  -5.1339558e-02   2.3538599e+00   1.0097537e+00
   2.0000000e+00   1.3045088e+00   2.8069425e+00   1.9708229e-01   8.4848569e-01  -7.4791756e-01   9.1545512e-01
   2.0000000e+00   1.1701350e+00  -1.3869298e-03  -7.1039904e-01   5.6139820e-01  -6.5796618e-01  -8.4009309e-01
   2.0000000e+00  -4.1104970e-01  -8.2188238e-02  -7.4782593e-01   7.3375180e-01   1.3867276e-02  -1.2986187e+00
   2.0000000e+00  -4.3156668e-01   2.0396637e+00   2.1589279e+00   1.2224711e+00   4.3559013e-01   6.5887997e-01
   2.0000000e+00  -9.8466506e-01  -7.3730241e-01   1.4489481e+00   4.5557650e-01   5.7082604e-01  -5.3240038e-01
   2.0000000e+00   2.2091468e+00  -4.7993967e-01   2.5427821e+00  -8.2175027e-02   3.8490504e-03   1.6641999e+00
   2.0000000e+00  -1.2170452e+00   5.3286528e-01   7.8127608e-01   2.1793716e+00  -4.9927866e-01   1.9135796e+00
   2.0000000e+00  -6.2344235e-01   8.1946657e-01   1.1003281e+00   1.1978245e+00   1.8195453e-01   9.5261932e-01
   2.0000000e+00   8.8221535e-01  -1.1191688e+00  -1.2913629e+00  -1.3355171e+00  -9.3978673e-01   5.9945929e-01
   2.0000000e+00  -8.7169372e-01  -7.6689438e-01  -1.3871495e+00   4.8027042e-01   1.6619091e+00   7.4733369e-01
   1.0000000e+00   8.7039303e-01   7.3276154e-02  -9.6864683e-02   1.3386759e+00  -7.9788480e-01  -2.6068159e-01
   2.0000000e+00  -1.5249441e+00   2.0342392e-01  -4.9117096e-02   8.2922448e-01  -8.7340937e-01  -1.4977988e+00
   1.0000000e+00   5.8616037e-01   1.3877973e-01   4.8711754e-01  -2.1852865e-01   8.6181155e-01   5.5829273e-01
   2.0000000e+00   9.2640300e-01   6.6853297e-01  -1.2046147e+00  -4.1328691e-01  -5.0079864e-01   2.9723416e+00
   2.0000000e+00  -9.3997846e-02  -7.1002930e-01   1.3686535e-01   6.7146639e-01   2.8147834e-01   7.2946883e-01
   1.0000000e+00   5.9310424e-01  -4.8557652e-01   5.9220924e-01   3.8383002e-01  -3.1242036e+00   5.6170631e-01
   1.0000000e+00   8.6726988e-02  -1.1340779e+00  -3.6984558e-02  -6.4542012e-02   2.0979053e-01  -1.4425106e-01
   2.0000000e+00  -1.5606232e-01   6.5903494e-01  -1.2066704e-01  -8.5235394e-01   7.7098648e-01   1.8598719e-01
   2.0000000e+00  -1.4833777e-02  -6.9865893e-01  -1.5956218e-01  -7.1685143e-01  -8.2332212e-01  -6.9079245e-01
   1.0000000e+00   3.2791797e-01   7.7573955e-01  -5.8651360e-01  -1.9687858e+00  -1.8463354e-01  -6.9513798e-01
   2.0000000e+00  -1.8220265e-01  -9.3115463e-01  -1.7060249e+00  -3.0626021e-01   1.3652139e+00   7.5539487e-03
   2.0000000e+00  -2.2902526e+00   5.0244430e-01  -2.6206694e-02   1.0345557e+00   1.4331714e+00  -2.2309803e-01
   2.0000000e+00  -1.3724713e-01   1.4924369e-01   1.0154282e+00  -7.3776643e-01  -1.5102629e-01   9.4077205e-01
   2.0000000e+00  -1.4350579e+00   1.7214933e-01   1.7784328e+00   8.5015354e-01   5.7135917e-02   1.3428316e+00
   2.0000000e+00   9.0623762e-01  -3.7095687e-01   8.9416209e-01  -3.5465795e-01   5.5215793e-01   1.6941670e-01
   2.0000000e+00   9.7393838e-01   1.0104282e+00  -1.3325258e+00  -2.2503372e-01  -6.9206865e-01   1.7503772e-01
   2.0000000e+00   1.7054252e+00   1.8921649e+00  -3.4702929e-01  -1.5430158e-01  -9.4034822e-01  -1.7063923e+00
   2.0000000e+00   1.0309682e+00  -8.2421691e-01   7.7615065e-01  -4.1870118e-01  -6.6419175e-02   4.8195454e-01
   1.0000000e+00   7.2183195e-01  -4.3289013e-01   5.0833810e-01   1.1864757e+00  -8.9324590e-01   1.1903201e+00
   2.0000000e+00   1.4269422e+00  -1.5547298e+00  -1.6582810e+00   1.5567708e+00  -5.1979574e-01  -5.3103180e-01
   2.0000000e+00   2.1543177e+00   4.6703211e-01   2.6247781e-01   1.8845761e+00  -8.1140802e-01  -3.8419022e-01
   1.0000000e+00   5.3775874e-01  -6.0197756e-01  -2.2559691e-02   1.4507412e+00   1.2703221e+00  -3.2486621e-01
   2.0000000e+00   1.7679517e+00  -1.5043212e+00  -3.9348076e-01  -1.6033937e+00  -3.1678903e-02  -1.2911010e+00
   1.0000000e+00   2.9502792e-01   4.4628631e-01  -7.8038814e-01   5.8524863e-01   1.0758154e+00  -4.1946191e-02
   2.0000000e+00  -8.2306845e-01   8.6194303e-01   6.9209579e-01   9.4494297e-01   2.3279155e+00   7.0431776e-01
   2.0000000e+00   1.7090272e+00  -6.2391310e-01   2.3119126e+00  -1.5083427e+00  -1.9501748e+00   2.7695800e-01
   1.0000000e+00   6.1884224e-02  -1.7431441e-01  -3.5835129e-01   1.0297781e+00   2.9749624e+00   1.5844485e+00
   2.0000000e+00  -4.6051223e-02   7.6674765e-01  -3.1883681e-02   1.5418149e+00  -1.6829079e-01   2.1320140e-01
   2.0000000e+00  -1.4709997e+00  -2.9101934e-02  -3.8091989e-01   8.1201907e-01  -2.0486801e-01   7.2502751e-01
   1.0000000e+00   2.1554232e-01  -1.9038077e+00  -8.4830285e-01   3.7271246e-01  -9.4800378e-01   2.9066637e-02
   2.0000000e+00   2.6737362e-01  -2.1538403e-01  -1.2093910e+00   5.1876791e-01  -2.2413407e+00  -3.7765652e-01
   1.0000000e+00   1.1472607e-01  -7.0989386e-01   5.9592939e-01   4.6290388e-01  -1.3431161e+00   5.7999372e-01
   2.0000000e+00   8.7004122e-01   2.9815377e-01  -7.6258990e-01   3.3536380e-01   1.0857702e+00  -7.4745196e-01
   2.0000000e+00  -1.1975775e+00   4.9809545e-01  -1.9766178e-01  -4.4833677e-01   6.6560735e-01   7.7683303e-01
   2.0000000e+00  -1.8659731e+00  -6.0381905e-01  -7.8255591e-01   7.9130356e-01  -7.3865672e-01   2.4903868e+00
   1.0000000e+00   1.0774286e-01  -1.1267399e+00   3.4363707e-01   4.2538320e-02   9.3881262e-02   7.4376893e-01
   2.0000000e+00   1.1298130e+00   2.2761983e+00  -7.1781480e-01  -6.7755901e-01  -8.7682010e-01   7.1066913e-01
   2.0000000e+00  -3.6016881e-01   2.0425653e-01   3.0778215e-01   9.5628564e-01   1.9430269e-01  -7.6723051e-01
   2.0000000e+00  -1.3815642e-01  -5.5129165e-02   7.9112506e-01   9.7400740e-01   1.8151026e+00   4.5883900e-01
   2.0000000e+00   2.8926467e-01   2.1859952e+00  -1.2493851e-01   4.6002156e-01   1.5251386e+00  -7.0354022e-02
   2.0000000e+00   3.2931952e+00   1.9275761e+00   7.4608076e-01  -9.3668597e-01  -8.6804589e-02  -4.5865999e-01
   2.0000000e+00  -1.3707565e+00  -2.8580044e-01  -1.3917456e-01   2.5515246e+00  -1.6429242e-02  -9.2229435e-01
   2.0000000e+00  -2.2711621e-01   9.3372883e-02   3.3403586e-03  -2.2180027e+00   7.5913350e-01   8.1163416e-01
   2.0000000e+00   4.7644212e-01  -2.1693375e+00  -1.8297936e+00   7.0894864e-01  -3.9565105e-01  -9.9812038e-01
   2.0000000e+00  -1.3168956e+00   1.4477781e-02  -6.6482452e-01  -7.7110542e-02   1.1469900e+00  -8.1356881e-01
   2.0000000e+00   8.3354867e-01   5.1652988e-01  -7.0767993e-01  -2.1453123e+00   1.0743206e+00   6.1787041e-01
   1.0000000e+00   6.1520228e-01   5.6418941e-01   6.9917355e-02  -6.4461551e-01  -3.5255733e-01   1.3654868e-01
   1.0000000e+00   2.3260933e-01  -7.9440357e-01  -8.3010726e-02   1.9379761e+00   1.1945290e+00   6.2890148e-01
   2.0000000e+00   3.0199553e-02   2.0576663e+00  -6.9169392e-01  -6.3681107e-01   3.7564651e-01  -1.2218937e+00
   2.0000000e+00  -6.7223463e-01  -1.9407887e+00  -9.4071864e-01   7.5833356e-01   4.9010515e-01   5.5621210e-01
   1.0000000e+00   2.5378051e-01   1.7045523e+00   9.3977782e-01   7.3500968e-01   1.3553200e+00   3.0521344e-01
   2.0000000e+00  -1.2523596e+00  -1.3359080e-01   9.8039351e-02   1.0564095e+00  -2.0024320e-01  -3.9763563e-01
   2.0000000e+00   4.5962321e-01  -1.1293357e+00   1.7179196e+00   1.3637129e-01  -6.0738784e-01   9.6884032e-01
   2.0000000e+00  -4.0638561e-01  -5.9235219e-01   1.3504248e+00   2.2455636e+00  -8.6735142e-01  -1.5752023e+00
   2.0000000e+00   9.4033542e-01   8.6657439e-01  -7.6873648e-01   1.4687764e+00  -5.7034337e-01   7.2233910e-01
   2.0000000e+00   1.4173476e-01   9.8450525e-01   1.0113578e+00   1.3029825e+00   8.4627665e-01  -4.2947657e-01
   2.0000000e+00  -7.5139626e-01  -7.1057544e-01   4.3906131e-01   1.3469949e+00   1.1280232e-01  -5.9008067e-01
   2.0000000e+00  -8.4942671e-01   1.6041938e+00   3.1646628e-02   3.8006100e-01  -1.8663622e+00  -1.2608516e+00
   2.0000000e+00   7.7012958e-01   6.0181890e-01   1.1629974e+00   7.0397983e-01  -1.0887207e+00  -2.4407321e-01
   2.0000000e+00  -2.8145320e-02  -9.5435799e-01  -6.8546937e-01   7.7647604e-01  -1.0033931e-02  -8.0739700e-02
   1.0000000e+00   8.1530372e-01  -2.8882739e-01   2.1996955e-01  -7.8203529e-01  -7.2591077e-01  -1.3888832e+00
   2.0000000e+00   9.2907258e-01  -3.4885177e-01   1.3045655e+00   5.4032345e-01   8.8050166e-01  -6.4823720e-02
   2.0000000e+00   1.6592316e+00  -3.9249810e-01   1.0150944e+00  -8.8171364e-01   1.6502018e-01  -1.2287542e+00
   2.0000000e+00  -1.1273401e+00  -8.9176168e-01   1.4560529e+00  -1.5155374e+00   1.0857399e+00   1.6445100e+00
   2.0000000e+00  -7.1512352e-01   5.5702239e-01  -1.9176730e+00  -5.9254929e-01   1.9388260e+00  -5.1413469e-01
   2.0000000e+00  -5.6059307e-01  -1.4138569e+00   3.1959632e-01  -2.3913324e-01  -8.0446581e-01  -8.3349230e-01
   2.0000000e+00  -1.4924200e+00   1.3375626e+00   2.4388528e+00  -8.3904079e-01   1.2180762e+00  -5.4961030e-01
   2.0000000e+00  -1.1597271e+00  -1.0293430e+00   2.8867721e-01  -7.1553205e-01  -1.3834070e+00   2.8419765e-01
   2.0000000e+00   6.8239690e-01  -5.9239114e-01   1.0412082e+00  -7.5569361e-01   2.8090801e-01   2.0145793e+00
   2.0000000e+00  -1.1158514e+00  -1.0144586e+00   2.8962050e-01   6.0626545e-01  -1.5370140e+00   1.2857149e+00
   2.0000000e+00   3.7664772e-02  -1.5876455e+00  -1.3877638e+00   4.8494943e-01  -3.1135248e-01  -1.0954508e+00
   2.0000000e+00  -5.5987483e-01  -1.2963609e+00   1.3555455e-01   6.1437251e-01  -9.9710323e-01   1.0947166e+00
   1.0000000e+00   7.6939031e-01  -1.0653945e+00   1.3564033e-01  -1.8099529e-01   5.1804006e-01  -3.4081936e-01
   2.0000000e+00  -9.5929927e-01  -1.4624417e+00  -1.5594408e+00  -2.9695812e-01  -1.1678354e+00   2.5490767e-01
   2.0000000e+00  -1.6490380e+00   1.8420418e-01  -8.2967814e-01   1.0835000e-01  -1.3305769e+00   6.3929338e-01
   2.0000000e+00  -8.6686323e-01   4.4922461e-01   2.1906282e-01   2.2841537e-01   7.6105920e-01  -6.3055406e-01
   2.0000000e+00  -1.5037738e-01  -1.9614012e+00   1.3458963e+00  -1.0934781e+00   2.2490974e+00   1.3295562e+00
   2.0000000e+00   3.3942958e-01   1.8305152e-01   9.5644380e-01   7.2547995e-01  -1.4012653e+00  -8.5815712e-01
   2.0000000e+00  -1.4829512e+00  -2.9301422e-01  -5.7135844e-01  -6.1047487e-01   9.7612260e-01  -1.3801358e+00
   2.0000000e+00   2.2957629e+00   3.4441823e-02   6.6826327e-01  -8.9307378e-02   5.2082095e-01  -1.8858143e-01
   2.0000000e+00  -1.8809879e+00   2.6211365e-01   3.7849189e-01  -6.1544246e-01   4.5207868e-01  -1.8839955e-01
   2.0000000e+00  -7.1566561e-01  -1.6382474e+00  -2.3935012e-01   1.7754158e+00   2.8609120e-01  -9.0130580e-01
   1.0000000e+00   9.2334426e-01   1.5111016e-01  -1.2052863e-01  -3.9247371e-01   1.0008701e-02   6.4105240e-01
   1.0000000e+00   6.9910630e-02   2.0370572e-01   5.7231047e-01  -1.3943110e+00  -3.8884857e-01   1.0133503e+00
   1.0000000e+00   1.4164342e-01  -2.4592163e-01  -9.0233466e-01  -2.6585176e+00   3.8103067e-01  -1.4275063e+00
   2.0000000e+00   8.8887527e-01   2.6261964e-01   1.1451885e+00   3.7383238e-01   8.2836515e-01   7.5581582e-01
   2.0000000e+00  -1.3215993e+00   4.3551242e-01  -2.4278219e-01  -7.9041185e-01  -1.4941859e+00   4.5018418e-01
   2.0000000e+00  -1.2963848e+00   1.4567331e+00  -7.1833629e-01   1.2347537e-01   7.1265431e-01   1.6778109e-01
   2.0000000e+00  -1.1033740e+00   1.5726916e-02   1.6453331e+00  -1.1485121e+00  -1.1374534e+00   5.8640260e-01
   2.0000000e+00   5.2440928e-01   1.7201975e+00   1.6475099e+00  -4.8053271e-01  -1.8037219e-01   2.3019703e+00
   2.0000000e+00  -1.8439711e+00  -8.7697302e-01  -1.2653173e+00  -1.0410681e+00  -9.0449872e-02  -6.1609178e-01
   1.0000000e+00   6.8792816e-01  -9.2028251e-01   5.2489465e-01  -4.8435492e-01  -2.3229001e+00  -1.7043690e-01
   1.0000000e+00   4.1538101e-01   1.5880374e+00  -6.6285401e-01   2.1520879e+00  -1.5921908e+00  -6.2095687e-01
   2.0000000e+00   2.2784254e+00  -1.4016816e+00  -1.0022914e+00   1.3314908e-04  -1.2229208e+00   8.2856183e-01
   2.0000000e+00   8.1060130e-01  -1.3551726e-01  -7.2250503e-01  -8.0965581e-01   5.2686835e-01   1.8214526e+00
   2.0000000e+00  -5.7885811e-01   6.9994050e-01  -9.1538876e-01  -1.0711090e+00  -8.6478725e-01   1.3664785e+00
   2.0000000e+00   1.0576230e+00   5.2850432e-01  -7.8931604e-01   1.3488874e-01  -9.2218104e-01   9.9001442e-01
   1.0000000e+00   4.5184085e-01   5.2129341e-01  -4.2546623e-01   2.6892875e-01  -9.0947262e-02  -1.2780760e+00
   2.0000000e+00  -3.6580963e-01  -1.2935964e+00   4.3080479e-01   7.5127059e-01  -2.6779719e+00  -4.9004807e-01
   2.0000000e+00  -4.0027541e-01   2.0233826e-01   1.4541027e+00  -1.7675619e+00   4.6398474e-01   2.5136132e+00
   1.0000000e+00   8.3624403e-01  -1.1138605e+00  -1.7463705e-02   6.5641869e-01   3.4319629e-02  -2.0296099e+00
   2.0000000e+00  -1.9975247e-01   9.3498964e-01  -1.3901327e+00   2.8198980e-01  -2.7754225e+00  -1.5702300e+00
   2.0000000e+00  -4.6652349e-01  -2.6136222e-01  -4.2235012e-01   1.2431162e+00   1.1773555e+00   1.5069036e+00
   1.0000000e+00   9.1406976e-01  -2.9596766e-01   4.9583407e-02  -4.5558781e-01  -9.9137855e-01   1.4931434e+00
   2.0000000e+00   6.9519853e-02  -1.8068700e+00   1.4663155e+00  -9.7009367e-01  -5.1676570e-01  -8.2210500e-01
   1.0000000e+00   6.5953516e-01   8.2129525e-01   9.5854623e-02   2.9079118e-04  -2.6625640e-01   2.3038336e+00
   2.0000000e+00  -1.2954541e+00  -7.3934340e-01   3.4468524e-01   6.7482243e-01  -4.0212677e-01   9.1289899e-03
   2.0000000e+00  -1.2545337e+00   9.0506469e-01   2.7423435e-02   6.0496793e-01  -1.9160895e-01   6.6104072e-01
   2.0000000e+00  -5.8884016e-01   4.8880743e-01  -5.2787408e-01   5.3517269e-02   1.8278440e+00   7.4497692e-01
   2.0000000e+00   1.4486855e+00   4.1416461e-01  -6.8167768e-01  -1.1235396e+00  -1.7819034e+00  -3.2142196e-01
   1.0000000e+00   6.3217279e-01  -8.6340137e-01   1.5393891e-01  -1.3331854e+00   1.7652080e-01  -5.6213681e-01
   2.0000000e+00  -3.6397962e-01  -8.3573949e-01  -8.9313193e-01  -1.6440479e+00  -8.9587993e-01   9.8823287e-01
   2.0000000e+00  -1.1429605e+00  -2.0825244e+00  -2.2304355e-02   6.9109783e-01   1.4284907e+00   3.8351575e-01
   2.0000000e+00   1.5476163e+00  -1.6914701e-03   1.1801861e-01   1.3505829e+00  -1.2811143e+00  -1.4519955e+00
   2.0000000e+00  -1.8876358e-01  -4.7778474e-01  -8.1487911e-01   1.2390610e+00  -1.0726724e+00  -8.3206665e-01
   2.0000000e+00   1.2934430e+00   2.1460669e+00  -1.0747718e+00  -1.1742115e-01  -2.9296570e-01  -2.4691350e+00
   2.0000000e+00  -1.2420980e+00  -8.4822025e-01  -1.3840158e+00   3.3578737e+00  -1.0205933e+00   1.5184028e+00
   2.0000000e+00   1.5624004e-01  -1.3616255e+00  -1.4510672e+00   9.5082186e-01   9.5444690e-01   1.8617798e-03
   1.0000000e+00   2.3164666e-01   7.8371861e-01  -7.0473403e-02   2.9151101e-01   7.1874371e-01  -7.3402806e-01
   2.0000000e+00  -5.5384457e-02   1.1334629e-01  -3.6301557e-01  -1.0013742e+00  -7.6568312e-01  -1.3329500e+00
   2.0000000e+00  -1.4276140e+00  -9.1330526e-01   4.2777587e-01  -1.7609702e+00   1.6737891e+00   7.7108426e-01
   2.0000000e+00  -1.1260031e+00   2.9435686e+00  -4.3712386e-01   5.0714776e-01  -4.3296272e-01   9.2182035e-01
   2.0000000e+00  -8.9694148e-01  -7.3295756e-01   2.0504445e-01   7.7209621e-02  -6.1870289e-01   1.2246135e+00
   2.0000000e+00  -1.3617404e-01  -9.0501695e-01   2.2255682e-01  -1.3857135e-01   7.8905021e-01   5.9375575e-01
   2.0000000e+00  -5.3428524e-01   1.7941248e+00  -9.6742111e-01   2.3947113e-01   2.6147709e-01  -5.3909388e-02
   2.0000000e+00  -2.5753135e-01   2.7389801e-01  -1.1524130e-01  -8.5382431e-02   3.5853224e-01  -1.1714107e-01
   1.0000000e+00   6.7845828e-01  -1.8763383e+00   6.5114599e-01  -9.9891798e-01  -2.7878628e-01  -3.8485960e-01
   2.0000000e+00  -1.4845107e-01  -6.4861845e-01  -1.0875331e+00   2.6235398e-01   2.2069520e-01  -6.9027839e-02
   2.0000000e+00   1.3913884e+00  -3.0815794e-01   8.9861277e-01   6.8086307e-02   1.1245222e+00  -5.8086405e-02
   2.0000000e+00  -2.2045639e-02  -4.9194606e-01  -1.2717356e+00  -1.1473723e+00   2.0678285e-01  -3.4835751e-01
   2.0000000e+00  -8.9418069e-01   6.2287586e-01  -4.1153753e-01   8.9704157e-01   4.4845348e-02   4.3755590e-01
   2.0000000e+00   4.8650964e-01   1.6494121e+00   1.0796728e+00   1.2273940e+00   1.0508266e+00  -7.1146390e-01
   2.0000000e+00  -1.0964350e+00  -1.4089366e+00   2.7672797e-01  -1.1425516e+00   2.1545167e+00  -2.3163668e+00
   2.0000000e+00  -7.6146030e-01   9.5257839e-01  -1.4074950e+00  -1.4576987e+00  -3.4608430e-01   1.4475060e+00
   2.0000000e+00  -1.5861266e+00  -1.3692416e-01  -1.7388486e-01  -9.0013146e-02   1.8585080e+00   2.6419786e-01
   2.0000000e+00  -1.5299237e+00  -1.2869139e+00   2.1946158e+00  -1.9926249e+00  -1.4089000e+00  -4.3118760e-01
   2.0000000e+00   3.7153522e-01   2.3122636e-01  -1.7858767e+00   1.2770326e+00   8.7486515e-02  -1.0307718e+00
   2.0000000e+00   8.7147242e-01  -2.0297943e-01   1.0581742e+00   6.2320073e-01   5.4329323e-01  -2.6727114e-01
   2.0000000e+00  -7.1246580e-01   1.4788045e+00  -5.1951767e-01   1.4190303e+00   7.9430906e-01  -5.4565721e-01
   1.0000000e+00   2.6858202e-01   1.1020751e+00   5.0853664e-01   3.0980972e-01  -4.2761996e-01   8.7369965e-01
   1.0000000e+00   1.5325291e-01   7.7520761e-01   1.9511285e-01   7.9523969e-01   6.9150001e-01  -6.4728067e-01
   2.0000000e+00   1.4335553e+00   3.9176115e-01   3.5835007e-01  -8.6126226e-03   1.4791271e-01   1.2647935e+00
   2.0000000e+00  -9.2727678e-01  -2.1687157e+00  -1.4701619e+00   4.4223918e-01  -9.6709899e-01   8.4956026e-01
   2.0000000e+00  -1.4082686e-01  -1.0940119e+00   1.2386229e+00  -7.0816486e-02   1.3300716e-01  -3.7625964e-01
   1.0000000e+00   7.7280651e-01   1.2811561e+00  -5.7166263e-02   2.4857355e+00   2.0664108e+00   6.2278775e-01
   2.0000000e+00  -8.1974471e-01   1.9330090e+00  -6.7984824e-01   3.9055599e-01  -4.5639731e-01  -7.0077816e-01
   2.0000000e+00   1.6324234e+00  -3.4403158e-01   3.1908796e+00   2.5436656e-01   1.8861347e+00  -3.8982581e-01
   2.0000000e+00   1.1433292e+00   2.0854549e+00   7.8384298e-01   1.1351652e+00   1.9537149e+00   1.7393517e+00
   1.0000000e+00   1.2353797e-01   1.0747531e+00  -9.6030156e-01   2.9047623e-01   1.2882214e-01   2.0949741e-01
   1.0000000e+00   6.0671674e-01  -5.6671422e-01  -6.0806681e-01   1.9716311e+00  -4.1701392e-01  -4.3409731e-01
   2.0000000e+00  -1.0477159e+00  -4.1884727e-01   1.3161132e+00   1.6313009e+00  -6.4283334e-03  -9.5808946e-01
   2.0000000e+00   1.2387385e+00   1.5575260e+00  -7.9102831e-02   5.2600454e-01   1.7254266e-01   1.0185189e+00
   2.0000000e+00  -9.0606728e-01  -1.3753177e+00   4.1357438e-01  -1.4682126e+00  -7.6890798e-01   2.0261646e-01
   1.0000000e+00   5.8546106e-01  -1.7986596e+00   2.3326530e-01  -2.1804732e+00  -2.0789005e+00   1.5262473e+00
   2.0000000e+00  -4.3263951e-01   2.3147476e-01   1.9711894e-01   1.0220792e+00   1.3786011e+00  -4.7969270e-01
   2.0000000e+00   1.7053876e+00  -1.1623930e-01   1.0237830e+00   2.1889509e+00   3.7428930e-01  -6.5101641e-01
   2.0000000e+00  -1.2470590e+00  -1.2663348e+00   2.6566991e-02   5.4834472e-01   4.5169246e-01  -4.4230172e-02
   2.0000000e+00   1.0836281e+00   4.6435597e-01  -2.9148512e+00  -8.5180222e-01  -8.1275884e-01  -5.7976527e-01
   2.0000000e+00  -1.3589873e+00  -2.6963902e-01  -8.7245524e-01   1.2584398e-01   2.7647740e-01  -1.3666229e+00
   2.0000000e+00  -9.6780474e-01  -9.0222694e-01  -4.7232896e-02  -5.8429945e-02   9.4003286e-01   1.2929221e+00
   2.0000000e+00  -5.4710148e-01  -2.6109774e-01  -1.1840201e+00   1.5826544e+00   3.2736286e-01   7.4190428e-02
   2.0000000e+00  -5.8076631e-01   7.3549513e-01  -1.9529918e-01  -4.1766982e-01   2.1856985e-01   2.1384033e+00
   2.0000000e+00   1.9592128e+00  -1.3956896e-01   2.4527696e-01  -3.9720701e-01   1.0143685e+00  -7.9523452e-01
   2.0000000e+00  -5.5055475e-01   1.9064483e-01   2.0567160e+00  -3.6422225e-01  -1.2556548e+00  -1.8132552e-01
   2.0000000e+00  -3.4493621e-01  -2.0712262e+00  -5.9061624e-01   3.7702745e-01  -7.7412810e-01   3.8683316e-01
   2.0000000e+00  -1.0097977e+00  -1.1204749e+00  -8.0727666e-01  -6.6734157e-01  -2.4186625e-01  -6.3788505e-01
   2.0000000e+00   1.4299553e-01  -1.2352786e+00  -2.3830498e+00  -1.5324643e+00   1.2145115e+00  -6.4316709e-01
   2.0000000e+00   1.0017681e+00  -1.1315918e+00   1.4958347e-01  -9.9977419e-01   1.1614782e+00  -4.5708816e-01
   2.0000000e+00  -1.5570527e+00  -1.2604983e+00  -5.0400288e-01   1.1197669e-01   3.5909035e-01  -9.1367471e-01
   2.0000000e+00  -1.2115482e+00  -2.0753312e-01  -2.0401703e+00   1.1990733e+00  -1.4950491e-02  -1.7298189e-01
   2.0000000e+00   3.2281393e-02  -1.0660079e-01   1.5702586e+00   8.0865123e-01   1.2634948e+00   4.7040976e-01
   2.0000000e+00  -1.0176133e+00   7.9134350e-02   1.5304567e+00  -5.6746686e-01   2.4165105e-01  -7.0892745e-01
   2.0000000e+00  -1.0324556e-01   1.7581571e-01   7.7244273e-01   6.6082953e-01   5.7694519e-01  -1.3610420e+00
   2.0000000e+00   4.8136776e-01  -9.2594247e-02   1.3610098e+00   4.1996590e-01   1.0469079e+00   8.3653123e-01
   2.0000000e+00  -2.5747788e-01  -9.2092925e-02   7.5240394e-01   1.5489159e+00  -7.1471059e-01   2.9909887e+00
   2.0000000e+00   2.0146341e-01   8.6194697e-03  -9.8962796e-01  -1.2144878e-02   1.6537661e-01  -2.3243101e-01
   2.0000000e+00  -2.6205755e+00   5.5142026e-01   9.6299192e-01   1.0380533e+00  -4.5891542e-01  -9.2451327e-01
   1.0000000e+00   9.2905457e-01  -6.7593834e-01  -3.1693950e-01  -1.5955283e+00  -4.3134834e-01  -1.9095560e-01
   2.0000000e+00  -1.2424920e+00   2.4979355e-01  -3.6580479e-01  -1.7048245e+00  -3.1871898e-01  -4.7179604e-02
   2.0000000e+00  -6.1475030e-01   1.2585895e+00   1.5229006e+00  -1.4704347e+00  -2.0671765e+00  -2.1662637e-01
   2.0000000e+00   9.8504900e-01   7.1875285e-01   1.2048043e+00  -5.7268905e-01  -6.6757418e-01   3.6721348e-01
   2.0000000e+00  -1.4410771e-01   1.2785422e-01   3.9011124e-01   2.0537774e-01  -8.8908861e-01  -2.1270203e+00
   2.0000000e+00  -1.2060457e+00  -1.9499251e+00  -1.6245042e+00   5.1427969e-01  -5.5682797e-01  -3.2931507e-01
   2.0000000e+00  -1.3436792e+00  -1.3221396e+00   7.2204518e-01  -2.2509653e-01  -9.5515462e-01   6.4914815e-01
   1.0000000e+00   7.6778901e-01  -3.5043404e-01  -4.7485281e-01   6.1729460e-01  -1.0486293e-01   1.0802899e+00
   1.0000000e+00   1.2947485e-01  -3.2036525e-01  -2.8824409e-01   6.8205486e-01   1.0720655e+00  -9.6109031e-01
   2.0000000e+00  -1.5404503e+00  -1.5080254e+00  -2.5977781e-02   1.8745516e+00  -6.4520253e-01  -1.5171887e+00
   1.0000000e+00   5.6033384e-01  -7.6870827e-01   1.6375759e-01  -3.2103664e-01   5.3459832e-01  -8.0606789e-01
   2.0000000e+00   8.1180225e-01   6.9939309e-01  -7.4993149e-01  -6.1065792e-01  -8.0418679e-01   1.0362441e+00
   2.0000000e+00   1.6806232e+00  -6.8843100e-02  -2.7990147e-01   1.5895842e+00  -2.8981735e-01   2.6877963e-02
   2.0000000e+00  -2.4789435e-01   9.9296760e-01   1.2105898e+00  -3.1042577e-01   7.6992305e-01   6.1359485e-01
   2.0000000e+00  -1.8940207e-01  -9.0955427e-01  -1.4267317e+00  -7.7401276e-01  -1.9900933e+00  -1.2174201e-02
   2.0000000e+00   8.0052506e-01  -1.8870087e-02   7.9969869e-01  -7.6007829e-02  -2.8118552e-01  -6.0502462e-01
   2.0000000e+00   8.4968333e-01   3.8293401e-01  -1.3936409e+00  -1.1190463e+00   1.1748779e+00  -1.0976118e+00
   2.0000000e+00  -7.1455608e-01   2.3136828e+00   1.0082374e+00   1.0703159e+00   2.8568010e-01   9.2102605e-01
   2.0000000e+00  -4.1256023e-01  -1.0890671e+00   9.2785471e-01   8.8860579e-01  -3.1342230e-01   8.3648346e-01
   1.0000000e+00   3.9110645e-01   6.3228103e-01  -1.0825073e-01  -7.3143897e-01   5.3224975e-01  -1.3659013e+00
   2.0000000e+00   1.3056279e-01  -1.8808290e-01  -1.4719628e+00  -3.3682923e-01   1.6445865e+00  -1.3492620e+00
   2.0000000e+00   2.2473873e+00   4.8062855e-01   2.0235711e+00   8.9703147e-01   4.3252315e-01   2.5473882e-02
   2.0000000e+00  -6.7456691e-01   7.3519617e-01  -1.4993053e-01   1.8973035e-01  -1.4382730e+00   4.2310742e-02
   2.0000000e+00  -3.0901817e-01  -1.1609835e-01   1.9981910e-01   7.7846696e-01  -1.4801914e+00  -1.3766347e+00
   1.0000000e+00   7.5345716e-02  -6.1504159e-01   1.2619097e-01   8.9700889e-01  -5.3308097e-01   2.1907740e+00
   2.0000000e+00  -1.0647793e+00  -5.8393523e-01   1.0801513e+00  -1.8758124e-01   6.4146925e-01   3.2787279e-01
   2.0000000e+00  -3.2812285e-01   1.5451499e-01   5.9461027e-01  -8.4728090e-01   1.2453623e+00  -4.6912235e-01
   2.0000000e+00   7.3557480e-01   3.2792390e-01   9.4894370e-01  -2.1426300e+00  -1.3529976e-01  -5.8003732e-01
   2.0000000e+00   1.8747298e+00  -1.5381778e-01   2.7103744e-01  -4.9304476e-01   2.0594634e+00  -8.0655974e-01
   2.0000000e+00  -6.5580747e-01  -1.6847825e+00  -3.5080375e-01  -1.7406254e-01   3.5841944e-01   1.0987639e+00
   2.0000000e+00  -8.1699733e-01   2.0965892e+00   7.0893770e-01   3.5299001e-02   8.8936833e-01  -7.2633174e-01
   2.0000000e+00  -1.9150110e-01   1.4346203e+00  -1.1096253e+00   2.1474230e-02   8.1044764e-01  -3.9004658e-02
   2.0000000e+00  -3.2259496e-01   7.5396240e-01   1.7185018e+00   1.4402751e+00   3.0256301e-01  -1.1149788e+00
   2.0000000e+00  -1.1196138e-01  -1.3314074e-01   2.4307952e+00  -2.8549608e-01  -6.2857553e-01   1.7173550e+00
   2.0000000e+00   1.6245500e+00  -2.6655327e-01  -6.9996077e-01  -1.6843398e+00  -3.0770091e-01  -5.0267847e-01
   2.0000000e+00   5.9402634e-01   1.0686188e+00  -1.3453261e+00  -7.4422543e-02  -4.6919829e-01   4.1124964e-02
   2.0000000e+00  -1.7293280e+00   7.4091123e-01  -1.4932518e+00   5.9187944e-01   1.4431807e-01   6.6093428e-01
   2.0000000e+00  -6.7348788e-02   5.7404264e-03   1.3646870e+00  -6.0553119e-01   7.3999898e-01   9.7966865e-01
   2.0000000e+00   1.9444940e+00   1.0008401e-01  -9.4925377e-01   2.4903797e-01   5.0756734e-01  -7.0195852e-01
   2.0000000e+00  -7.6725355e-01   1.4475102e+00  -9.4171849e-01   3.0139037e-02   9.5644869e-03   2.7379895e+00
   2.0000000e+00   2.5362612e+00   2.1596573e-01  -5.1162060e-01  -6.6364002e-01   1.3722949e+00   3.8574728e-02
   2.0000000e+00   1.3573467e+00   1.3777202e+00  -1.0775194e+00  -6.3811003e-01  -1.1654738e-01  -2.2297784e-02
   1.0000000e+00   8.3503182e-02   9.5482348e-01  -9.7060441e-02   2.1179108e+00  -1.9624643e-02  -1.5369184e+00
   2.0000000e+00  -2.4007113e-01  -2.0662272e+00   8.9972503e-01   9.7203478e-02  -3.1646449e-01   2.5351229e+00
   2.0000000e+00  -8.5659642e-01  -2.4842608e+00   1.1422448e+00  -3.0028737e-01   2.9321531e-01   3.8552796e-01
   2.0000000e+00  -6.4481174e-01  -8.7265928e-01   1.0532566e+00   9.7229240e-02   1.3097717e+00  -9.5041848e-03
   2.0000000e+00  -1.0073406e+00  -1.6885246e+00  -6.2079491e-01   8.6533989e-01  -2.1528060e+00   1.9502155e+00
   2.0000000e+00  -1.1687226e-01   1.0390080e+00  -5.6478154e-01  -1.0299916e-01   9.3487935e-01   1.1880969e+00
   2.0000000e+00  -1.7197169e+00   1.3844965e+00   1.7249183e-01  -1.1258177e-01   7.1162527e-01   7.6124756e-01
   2.0000000e+00  -8.9774038e-01  -1.8420325e-01   9.5061228e-01   6.4292712e-01  -2.2681773e-01   1.2815536e+00
   2.0000000e+00  -1.5300355e+00   7.5209445e-01  -1.0109113e+00  -8.5842497e-01  -8.1336919e-01  -2.3558962e-01
   2.0000000e+00   7.0657982e-02  -1.4615034e+00  -1.7153440e+00   8.2077992e-01   6.2265058e-01   1.1493226e+00
   2.0000000e+00   5.1747351e-01   1.2092665e+00   9.6843063e-01   9.9590100e-01  -2.5335720e-01  -7.4875221e-01
   2.0000000e+00   1.3575229e+00  -6.3571594e-02  -1.5649674e+00   3.4741014e-01   8.7586994e-01  -5.5712701e-01
   2.0000000e+00   1.4018374e+00   8.7711538e-01  -1.6695831e+00  -1.2264320e+00   1.1265663e+00   8.0131513e-01
   2.0000000e+00  -3.7948015e-02  -7.4473595e-01   1.2835670e+00  -1.5130955e+00  -1.8596567e+00  -2.0993653e-01
   2.0000000e+00  -2.6900305e-02   1.1232798e+00  -1.3037002e-01  -1.4039552e-01   4.2895148e-02  -1.7823237e+00
   2.0000000e+00   2.3694995e-02  -1.3448593e+00   2.8276249e+00  -1.8311740e-01  -2.3559301e+00   2.9330895e+00
   1.0000000e+00   9.4632191e-01   1.0552244e+00   4.8362317e-02   1.9289038e+00  -7.9262024e-01  -1.8035162e-01
   2.0000000e+00   6.7543703e-01  -9.0416479e-01   8.4540496e-01  -4.7777564e-01  -2.4236342e-01  -2.0266619e-01
   2.0000000e+00  -9.8178468e-02  -3.2692290e-02  -2.5723456e-01   1.3736171e+00  -1.4251582e-01  -7.1335399e-01
   1.0000000e+00   1.9089245e-02  -6.9847965e-01   5.5475699e-01   1.1422877e+00   1.1215279e+00  -4.0507209e-01
   2.0000000e+00  -3.5409390e-01   9.8422661e-01   3.5388643e-01  -8.2940810e-03   1.3815605e-01  -1.4197545e+00
   2.0000000e+00   2.7390863e+00   5.6929930e-01  -1.2127510e+00   2.1972711e+00   7.5121937e-01  -7.1044929e-01
   2.0000000e+00  -5.0849272e-01   4.1530554e-01   6.7614952e-01   7.5192923e-01   2.1437331e+00   6.7049165e-01
   1.0000000e+00   5.4297737e-01  -4.4963335e-01   3.8008208e-01   6.1529473e-01  -1.5717862e-01  -6.4444477e-01
   2.0000000e+00  -7.8145618e-01  -9.1456304e-01  -1.7860943e+00  -3.7958223e-01  -6.4810832e-01   9.3690275e-01
   2.0000000e+00  -3.7080556e-01   1.6148936e+00  -1.3998103e+00   4.2946834e-01  -2.8117085e-01   4.1197215e-01
   2.0000000e+00  -4.3029522e-01   4.0465113e-01  -9.4019229e-01  -2.7771836e-01   1.0380731e+00  -5.2042741e-01
   2.0000000e+00  -1.0021199e+00  -5.9112423e-01  -1.0344210e+00  -1.2563757e+00  -7.9937805e-01  -9.9454577e-01
   2.0000000e+00  -1.2525875e+00  -1.1906873e-01  -4.9514931e-01  -3.9937129e-01   1.0950011e+00   1.2795644e+00
   1.0000000e+00   4.2484311e-01  -9.4207568e-01   8.1098938e-02   3.2910783e-01   6.6960616e-01   4.9498198e-01
   2.0000000e+00   5.7082018e-01  -4.4058345e-01  -1.5670912e+00  -1.2505322e-01  -1.9337632e-01  -2.5682203e-01
   1.0000000e+00   5.8788781e-01   3.2850845e-01  -3.0909973e-01  -9.3430803e-01  -1.1108261e+00   2.8321533e-01
   2.0000000e+00  -9.4438010e-01  -3.5975866e-01   3.3118699e-01   4.9941381e-02   1.4779154e-01  -5.3705850e-01
   2.0000000e+00  -2.4325365e+00   7.1330480e-01   5.9518538e-02   1.8040446e+00  -1.0021172e+00   3.8804454e-01
   2.0000000e+00  -2.7900273e-02  -3.8706353e-02   8.4086960e-01  -2.3325217e-01  -4.2400781e-02  -8.3139359e-01
   2.0000000e+00   1.0325606e+00   9.1825942e-01  -1.1877480e+00   4.7809284e-01  -5.8481984e-02  -8.9528143e-01
   2.0000000e+00  -1.0886798e+00   1.7363497e+00   3.9074702e-01   3.2463553e-01   3.8334291e-01  -2.0509283e+00
   1.0000000e+00   2.8275243e-01   1.5040714e+00  -7.5626300e-02   5.1819254e-01  -7.5252559e-01  -3.7926419e-01
   1.0000000e+00   2.6415772e-01  -9.0696933e-01  -4.1337087e-01   6.7880459e-01   4.1804433e-01  -1.6935667e+00
   2.0000000e+00  -4.6411843e-01  -2.9117690e-01  -6.8902158e-02  -2.6562435e-01   6.1277155e-01  -2.5157436e+00
   2.0000000e+00  -5.8823307e-01  -1.2261833e+00   6.6123122e-01  -8.3991290e-01  -7.4037800e-01  -6.3500117e-01
   2.0000000e+00   2.5366335e-01   6.6991443e-01  -9.7614981e-01   2.8400119e-01  -1.1479245e+00   1.7977424e+00
   2.0000000e+00   9.5254393e-01  -8.9916027e-01  -8.6082432e-01  -6.6108116e-02   4.2384597e-01   9.5639908e-01
   2.0000000e+00   1.5519587e+00  -5.8331038e-01   4.2712304e-02  -2.3406781e-01  -5.7188243e-02   1.4725281e-01
   1.0000000e+00   1.3638119e-01  -1.2614739e+00  -6.3698733e-01  -9.7546716e-01  -5.3115006e-01  -7.0311424e-01
   2.0000000e+00   1.1054638e+00  -5.5685295e-01  -1.0436453e+00   2.2644837e-01  -1.6944725e+00  -5.1462736e-01
   2.0000000e+00  -7.4435923e-01   1.6552498e+00  -2.5908217e-01  -2.7488456e-01  -1.4456232e+00   1.2750499e+00
   2.0000000e+00  -5.2384048e-01  -1.8465042e+00   1.4513741e-01  -2.1745535e-01   1.2897953e+00   6.3592193e-01
   2.0000000e+00  -7.0808201e-01   7.2667896e-02  -3.8098672e-01  -2.0506489e+00  -1.3375385e+00  -3.6727635e-01
   2.0000000e+00  -6.4781496e-01  -9.9872329e-01   3.9803711e-01   1.3397101e-01   8.6979688e-01  -8.9943159e-01
   2.0000000e+00   1.4344419e+00  -6.3063777e-01   5.6835393e-01  -8.0145185e-01  -5.9406135e-01   2.3021146e-01
   2.0000000e+00  -1.5493407e+00  -1.0923861e+00  -5.1984067e-01   1.6020388e+00  -1.2944086e+00   1.7468512e+00
   2.0000000e+00   1.0523232e+00  -1.3485994e+00   5.6996359e-01  -9.8808346e-01   3.0984130e-01  -2.9077104e-01
   2.0000000e+00   1.4021269e-01  -4.3823702e-02   1.0187370e+00   5.0021118e-01  -1.1720596e+00   2.8927019e-01
   1.0000000e+00   1.5240707e-01   5.4506844e-01  -8.3152361e-01   1.6484603e-01  -1.9798810e+00  -6.3800986e-01
   2.0000000e+00  -8.3794268e-01   3.7529142e-01  -1.1428062e-01   4.0832532e-01   1.3047417e+00  -7.1508298e-01
   1.0000000e+00   4.2220245e-01  -6.0411744e-01  -3.3929642e-01   1.5228926e-02   1.0715525e+00  -6.5190632e-01
   2.0000000e+00  -1.6229288e-01  -5.3225894e-01   4.2361452e-01  -1.0604101e+00   2.3810728e+00  -1.4589691e+00
   2.0000000e+00   5.5026963e-01   4.3115775e-01  -1.1863109e+00   1.4884990e-01   4.5834485e-01   1.5669286e-01
   1.0000000e+00   3.8093935e-01   7.0608081e-01   7.5003875e-01   6.0844509e-02  -1.6398312e+00   1.7681365e-01
   2.0000000e+00  -8.9256651e-01   1.4075471e+00  -1.2890810e+00   2.2797504e-01   1.0739884e+00   7.0023980e-02
   2.0000000e+00  -5.4187603e-01  -1.2978462e-01   5.5301029e-02   2.3730868e+00  -1.4258845e+00  -8.5501617e-01
   2.0000000e+00   6.1116241e-02   3.0642113e+00   4.3489707e-01   3.6899719e-01   3.2087386e-01   8.3638434e-03
   2.0000000e+00  -5.9517444e-01   9.9967232e-01   1.1200236e+00  -5.0734021e-01   9.8023242e-02  -5.8040011e-01
   2.0000000e+00   1.1886042e+00   1.8480744e+00   1.5078325e-01  -4.2820458e-01  -1.7538661e-01   1.8250061e+00
   2.0000000e+00  -5.1176535e-01  -2.8527920e-01   1.3295714e+00   1.3790235e-01  -2.8134721e-01  -1.5273372e+00
   2.0000000e+00  -1.3468046e+00   2.2506140e-01  -1.2639448e+00   1.1085146e+00  -1.2797010e-02  -1.0900737e+00
   2.0000000e+00   3.4690736e-01  -2.2488973e-01  -9.7823031e-01  -4.0106752e-01  -1.0899277e+00   1.8816628e-01
   2.0000000e+00  -1.4730596e+00  -1.4097866e+00  -2.1279877e+00   7.5716546e-02   5.9762967e-01   1.0951534e+00
   2.0000000e+00  -4.6794471e-01   1.4742220e+00   1.2804943e-02  -3.3216415e-01   9.6762248e-01   8.6876527e-01
   2.0000000e+00  -3.2013821e-01   5.0175617e-01  -5.2989706e-02  -1.8399476e+00  -2.7335776e+00  -4.1253359e-01
   2.0000000e+00  -1.8564732e+00  -3.0980138e-01  -1.4095232e+00  -6.3117998e-01   2.3359640e+00  -2.8515552e-01
   2.0000000e+00  -1.2085789e+00   5.1465274e-01  -2.0798239e-01  -4.0625212e-02   5.4646491e-01   1.1541326e+00
   2.0000000e+00  -1.9896679e+00  -7.7748129e-01   1.9733533e+00  -7.5974687e-01   8.2963523e-01   1.8433909e+00
   2.0000000e+00   8.7885068e-01  -3.0900773e-01  -5.6542821e-01   1.7233165e-01  -7.2751080e-01  -1.7407972e+00
   1.0000000e+00   1.9532469e-01   1.0929922e+00   8.2403727e-01   1.1417451e+00   2.2685387e+00   7.1641697e-01
   2.0000000e+00  -1.3977044e-01  -1.0516785e-01   1.3335033e+00  -1.4529656e-01   1.0896461e+00  -1.1484524e-01
   2.0000000e+00  -3.4071241e-02   1.0940041e-01   6.3208546e-01   1.3278716e+00  -1.1282946e+00   1.5993733e+00
   2.0000000e+00  -6.4776467e-02  -1.0816862e+00   3.4780190e-01  -5.2364529e-01  -1.7873555e-01   2.0635570e+00
   2.0000000e+00  -1.2386294e+00  -5.1701917e-01  -6.8713534e-01   6.6328536e-01   1.6872420e-02   8.6612362e-01
   2.0000000e+00  -7.4808331e-02   1.2033440e+00  -2.2170642e-01  -1.2668503e+00   1.5774550e+00   1.1957002e+00
   2.0000000e+00   1.4174702e+00   7.0915241e-01  -4.0407611e-01   8.6584809e-01  -1.0788971e-01   8.8113651e-01
   2.0000000e+00   7.5377564e-01   2.0348365e+00   7.2739162e-01   6.4718085e-01   8.3445547e-01  -1.3158521e+00
   2.0000000e+00  -1.5641592e-01   1.0857617e+00  -6.2163537e-01  -3.2585649e-01   9.5089295e-01  -1.4418995e-01
   2.0000000e+00  -5.4415942e-01  -1.0239766e+00  -6.0859650e-01   2.2816042e-01   9.9079250e-01   8.1734641e-01
   2.0000000e+00  -1.7388335e+00   4.4551371e-01  -9.8725445e-01   8.2629217e-01  -1.6824503e+00   5.8476535e-01
   2.0000000e+00  -1.8237425e+00   6.0053002e-01  -3.6820338e-01  -1.0702645e+00   1.1021954e+00   8.8119919e-02
   2.0000000e+00  -2.8471247e-01  -6.1801865e-01   1.9343438e+00   1.3091868e+00  -1.0484171e+00  -8.8993090e-02
   2.0000000e+00  -1.7527807e+00   5.9314693e-01  -1.4432341e+00   1.0719866e+00   8.5710940e-01   3.0494042e-02
   1.0000000e+00   4.1115419e-01   1.2178182e+00   2.5289024e-01   6.8184343e-01  -1.4346775e-01   6.5587710e-01
   2.0000000e+00   1.1582499e+00   1.0586380e+00   1.0371078e+00   1.5279183e+00  -2.1339029e-01  -1.6040571e+00
   2.0000000e+00  -1.5231183e+00  -5.0273254e-01   4.7084356e-01  -1.2313099e+00   2.3929959e+00  -1.5389657e+00
   1.0000000e+00   1.8441585e-01  -1.0283008e+00   2.7754022e-02  -6.3090933e-01   1.1530974e+00  -9.8596953e-01
   2.0000000e+00  -7.0120312e-01   1.1091395e+00   6.1087585e-02   1.3222895e+00   4.0966094e-01  -9.2712945e-01
   2.0000000e+00  -4.0585783e-01   1.0996623e+00   1.1932817e+00   4.6322068e-01   1.2821748e+00   1.2533827e+00
   2.0000000e+00   1.0783407e+00  -6.6824971e-01   1.4859638e-01   1.3675960e+00  -1.6798722e-01  -1.5323964e+00
   2.0000000e+00   1.0537682e+00   9.4034875e-01  -1.1105084e+00   1.1286581e+00  -1.8072747e+00   1.8837212e+00
   2.0000000e+00  -2.4450552e+00  -4.8540676e-01  -1.2153457e+00  -8.5360173e-01   7.7506321e-01  -1.0671715e+00
   1.0000000e+00   9.5181710e-01  -7.4853335e-01  -2.7797137e-01  -8.3350324e-02   2.8627780e-01   9.4227994e-02
   1.0000000e+00   6.5752688e-01   8.5131564e-02   4.6119426e-01   1.6635628e+00  -9.1721393e-01  -3.7640408e-01
   2.0000000e+00  -2.8425456e-01   4.6177219e-01  -1.2016331e-01   4.3753624e-01   3.7754245e-01  -1.3688310e+00
   2.0000000e+00  -3.3958868e-01  -3.7903444e-01  -1.4847571e+00   4.2975287e-02   3.7419851e-01   1.3391054e+00
   1.0000000e+00   8.7837000e-01  -3.1333571e-01   3.2283601e-01   1.6152712e-01   1.6252795e+00   5.8628157e-02
   2.0000000e+00  -1.1323793e+00  -6.4310531e-01  -3.5074370e-01   2.5201493e-01  -2.8797509e-01  -3.5815062e-01
   1.0000000e+00   3.4316989e-01   5.0103530e-01   3.9409914e-01   1.0929416e+00  -1.6048870e+00   8.5935240e-02
   2.0000000e+00  -1.0633250e+00   6.4304782e-01   1.3785056e+00  -7.0068055e-01   9.5243711e-01  -8.7777060e-01
   2.0000000e+00   8.5985115e-01   1.1824940e-01   1.2159021e+00  -4.3410015e-01  -6.8638596e-01   1.9266313e+00
   2.0000000e+00   1.4341381e+00   2.1054429e-01   1.1240347e+00   6.9351648e-01  -2.0706585e+00   3.2193318e-01
   2.0000000e+00   6.0158137e-02  -1.3927507e+00  -1.7104523e+00   1.6532899e-01  -4.8460108e-01   2.1755752e+00
   2.0000000e+00   3.5475559e-01   2.3056629e+00   1.5435613e+00  -8.3933505e-01  -6.5610672e-02  -1.8840130e-01
   2.0000000e+00   1.0221356e+00   1.0834090e+00  -5.4747528e-01  -1.1371911e+00  -1.4625499e-01   1.2532728e+00
   2.0000000e+00  -8.9742551e-01   2.2110595e-01   6.6974718e-01  -6.7381648e-01  -1.8433150e-01   2.3463598e+00
   2.0000000e+00  -8.2395936e-01  -7.9852535e-01   3.9928210e-01  -1.3635926e+00   7.1935098e-01  -5.3493919e-01
   2.0000000e+00  -6.4571928e-02  -1.3656981e-02  -1.0413176e+00  -1.5199414e+00   8.6801575e-02   2.8989948e-02
   2.0000000e+00   1.4141224e+00  -7.3123313e-01  -3.6383929e-01  -6.9611891e-01  -1.1982284e+00  -2.9422186e-01
   2.0000000e+00  -7.0965769e-01  -7.0905255e-01  -1.2884678e+00  -1.2978049e+00  -2.1940880e+00  -1.4435884e+00
   2.0000000e+00   7.7781488e-01  -1.2236930e+00   7.8988136e-01   1.1897129e+00  -2.2433369e-01  -5.4013067e-01
   1.0000000e+00   6.8833880e-01   9.3276398e-01  -4.2123363e-01   2.4178021e-01   1.8018854e+00  -1.2913031e-01
   2.0000000e+00  -6.7618372e-01  -1.5301457e+00  -3.0627988e-01   1.1089835e+00  -1.0799211e+00   4.3576856e-01
   2.0000000e+00  -8.1673755e-01   4.5594461e-01   1.2818164e+00  -1.1037151e+00  -6.3321747e-01   6.7691820e-01
   2.0000000e+00  -2.7709468e-01  -5.4470266e-02  -1.7452971e+00   9.6079974e-01  -1.1460906e+00   7.6542379e-01
   2.0000000e+00   2.0738930e-01  -1.1988265e+00   1.2250094e+00   2.0356352e-01  -2.2769289e+00   5.5138789e-01
   2.0000000e+00   3.3073406e+00   7.2526783e-01   6.2119268e-02  -3.3862921e-03   5.0999402e-01   1.1895022e+00
   2.0000000e+00  -1.6558921e+00   1.7002832e-01  -5.0644457e-01   1.2643711e+00  -5.4293437e-01  -4.7624959e-01
   2.0000000e+00  -3.9258357e-01  -7.1375372e-01   1.3452114e+00   7.0048799e-01   8.7898972e-01  -1.0781651e+00
   2.0000000e+00   1.8445795e+00  -2.7804429e-01   3.3612211e-01   2.0200471e+00   8.0257750e-01  -6.1979541e-01
   2.0000000e+00  -1.1793532e+00  -1.0516638e+00  -1.2518727e+00   4.4511792e-01   1.3647936e-01   1.3812360e+00
   2.0000000e+00  -2.3607681e-01  -1.0896164e+00   1.4013230e+00   1.1364634e+00  -1.3448213e+00  -4.6076300e-02
   2.0000000e+00  -6.9504173e-01   1.4342044e-01   1.1263502e+00  -9.9109919e-01   2.6332673e+00  -1.4168743e+00
   2.0000000e+00  -8.7660328e-01  -1.0080804e+00  -7.5993706e-01   9.6131612e-01   1.3969404e+00   4.2707291e-01
   2.0000000e+00   2.4227550e+00  -9.6469359e-01   1.3084822e-01  -7.5357031e-01   9.6253325e-01  -1.1060251e+00
   2.0000000e+00  -2.0090763e-02   3.0972632e-01  -7.6752616e-01  -1.0186427e+00  -2.7729560e+00  -3.3376572e-01
   2.0000000e+00   1.2297095e-01  -2.1853212e+00   9.4103780e-01  -6.9540296e-01  -1.1830474e+00  -7.8846259e-01
   1.0000000e+00   6.8980325e-01  -3.9086907e-01   1.5563633e-01  -1.0805925e+00  -5.3521914e-01  -4.6806313e-01
   2.0000000e+00   7.6288821e-01   2.8821337e-01  -2.0536816e+00   1.6779018e+00  -1.6765687e+00  -7.5156598e-02
   1.0000000e+00   2.1518292e-01  -8.5157688e-01  -2.0698929e-01   1.4841819e+00  -8.8095840e-01   5.1241363e-01
   2.0000000e+00   1.6187858e+00  -1.8122044e+00  -6.7536259e-01  -5.7873660e-01   1.2574906e+00  -1.1008578e+00
   2.0000000e+00  -8.9170814e-01  -2.5206584e-01  -3.7375056e-01  -8.0447221e-02   1.1824960e+00   1.0304839e+00
   2.0000000e+00  -7.1575880e-01   3.6560857e-01   1.1034078e+00  -7.7521986e-01  -2.2303596e-01  -2.8907034e-01
   2.0000000e+00   1.9905559e+00  -9.4885394e-01  -6.4141268e-01   8.0047131e-01   8.4235594e-01   3.9172294e-01
   2.0000000e+00  -1.1151389e+00   1.9058074e+00   1.6216973e+00  -7.6982595e-01  -6.3003295e-01  -9.5643303e-02
   2.0000000e+00  -7.9876719e-01   4.3381956e-01  -4.8363286e-01   1.2899315e+00   6.3718218e-01  -3.7298501e-01
   2.0000000e+00  -4.1553425e-01   4.3244167e-01   2.2197898e-01  -4.4160162e-01  -3.4479294e-01  -3.5047990e-01
   2.0000000e+00  -7.3615440e-01   4.2779221e-01  -6.8749157e-01  -1.1512986e+00   1.9741841e-01   4.2256429e-01
   2.0000000e+00  -2.2056483e+00   4.0640277e-01   4.6663787e-01   2.3275930e-01   9.9036983e-01   7.7956724e-01
   2.0000000e+00  -1.6593522e-01   1.2799944e+00   6.0358293e-01  -2.9783981e-01  -1.1566306e+00  -2.0874405e+00
   2.0000000e+00  -8.8215785e-01  -3.2440233e-01   8.2497844e-01   1.3061836e+00   1.3614119e-01  -2.5358102e+00
   1.0000000e+00   4.2268977e-01  -1.5939617e+00   8.4871829e-01  -1.4721602e+00   7.4385460e-01  -3.6218510e-01
   2.0000000e+00  -5.7689819e-01  -1.3564228e+00  -1.0190659e+00  -8.8116811e-01  -1.7678677e-01   7.2574556e-01
   1.0000000e+00   2.6058599e-01   1.6985090e-01   3.5015340e-01   1.2077796e+00   4.7121950e-01  -8.0484070e-01
   2.0000000e+00   1.3867749e-01  -1.0372686e-01  -1.6233824e+00   1.3305652e+00  -2.0380754e+00  -6.1805179e-01
   2.0000000e+00  -2.9462670e+00  -1.2812891e+00  -5.4361347e-02   7.1752677e-01   4.5653507e-01  -4.3176283e-01
   2.0000000e+00   6.8062281e-01  -5.6940851e-01   1.0861574e+00   6.4774262e-02   8.7352791e-01   1.6340156e+00
   1.0000000e+00   7.9025892e-01  -3.9323196e-01  -3.0130555e-01   2.8885300e-01  -1.6903446e+00  -1.3812950e+00
   2.0000000e+00  -2.9537696e-01   2.3810972e-01  -9.7518074e-01   7.7581145e-01  -8.5558579e-01  -9.1670851e-02
   2.0000000e+00   3.6587340e-01  -1.0508801e+00  -1.0062509e+00   1.3563832e+00   3.0570749e-01   8.4794096e-02
   2.0000000e+00   1.8154602e-02  -5.9786850e-01   2.0707468e+00  -1.0433736e+00  -1.7052119e+00   4.5270864e-01
   2.0000000e+00   1.1336002e+00  -1.6400770e+00  -2.4701110e-02   1.6347684e+00  -3.0575066e-01  -2.3470547e-01
   2.0000000e+00   1.2893392e+00   7.0673756e-01   7.3744972e-01   1.2133185e+00  -9.9576393e-01   1.1464501e+00
   1.0000000e+00   5.9851662e-01  -2.8295258e-01  -4.4790310e-01  -9.1166843e-02   1.4934583e+00  -4.3789945e-01
   1.0000000e+00   6.4705868e-02  -1.1793233e+00  -2.2114489e-01  -5.6958900e-01   1.0763676e+00   3.2930143e-01
   1.0000000e+00   7.8670520e-01   4.1272859e-01   4.9888428e-01   1.5115699e-01   7.8842103e-01   3.8256519e-01
   2.0000000e+00  -6.0420735e-01  -6.8099118e-01   1.9062907e-02   2.1785237e+00  -1.3751874e+00  -1.9789969e+00
   1.0000000e+00   6.0372453e-01  -3.1699811e-01   5.3565720e-01   5.6077116e-01   1.1353832e+00  -3.0611267e-01
   1.0000000e+00   2.8538639e-01   8.9402099e-01  -1.8881856e-01  -1.5140482e+00  -6.4520911e-01   1.1163597e+00
   2.0000000e+00  -1.0893695e+00   8.6539280e-01  -2.7972282e+00  -1.2795983e+00   1.2440295e-01   1.6646920e+00
   2.0000000e+00   1.4461175e+00   1.2432120e+00  -9.2676013e-01  -3.8688200e-01  -1.2816414e-01   8.3461348e-01
   2.0000000e+00  -7.6769946e-01  -3.7752281e-01   1.5445801e+00  -7.0982617e-01   4.0398781e-01  -1.0160271e+00
   2.0000000e+00  -1.6318004e+00  -1.4190685e+00   2.6179919e-01  -6.0504427e-01   5.3999608e-02  -1.1266062e+00
   2.0000000e+00   1.0508539e+00   7.2318483e-01   9.9239241e-01  -9.3322798e-01  -1.3379997e+00  -1.5699538e+00
   2.0000000e+00  -6.2207844e-01   1.5332481e+00  -2.5977184e-01   4.1798252e-01  -1.8561720e-01   1.5833341e-01
   2.0000000e+00   2.0051681e+00   5.4185762e-01  -5.3976294e-01   1.7619941e+00  -9.1572105e-02  -1.9950784e+00
   2.0000000e+00  -3.9451808e-02  -2.3384927e-01  -3.0515535e-01  -2.0197479e+00   2.0138672e-02  -5.9525088e-01
   2.0000000e+00   4.8937869e-01   1.0096634e+00  -1.0730791e+00   1.1508851e+00  -1.6445204e+00   9.5993743e-01
   2.0000000e+00   1.2884870e+00  -5.5093882e-01   1.3687424e+00  -4.8740832e-01  -1.3883157e+00   7.2242687e-01
   2.0000000e+00  -8.2939853e-01  -5.6327011e-01  -3.8139004e-01  -2.2757032e+00  -4.8778359e-01   2.4769014e-01
   2.0000000e+00  -4.1713605e-01  -4.3142025e-01   2.3432755e-01   8.0644156e-01   2.0865487e+00  -3.6315805e-01
   2.0000000e+00   1.3162022e+00   8.3073682e-01  -2.3410009e-01   2.4115118e-01  -7.3331262e-01  -2.1293924e+00
   1.0000000e+00   5.1980510e-01  -1.8566261e-01   2.7929660e-01  -2.0770580e-01   4.3729774e-02  -6.2693622e-02
   2.0000000e+00  -1.6925445e-01   1.4001676e-01  -4.1636734e-01   6.7945418e-02   1.1101382e+00  -3.2959035e-01
   2.0000000e+00  -1.6267997e-03  -8.5216061e-01   1.6956051e+00   4.5846598e-01   2.1719938e+00  -5.6858439e-01
   1.0000000e+00   4.5254787e-01   1.4527562e+00  -4.1360505e-01  -9.9723979e-01  -5.3929151e-01  -1.4017447e+00
   1.0000000e+00   3.0182719e-01  -7.1620360e-01   5.4700028e-01  -1.0747645e-01  -3.7106159e-01  -2.1703533e-01
   2.0000000e+00  -3.0857576e-01   1.3804340e+00  -3.9874695e-01  -3.7367919e-01   1.4752061e+00  -2.9244653e-01
   2.0000000e+00  -6.4381312e-01  -1.7822203e-01   3.3882383e-01   1.1041489e-01  -9.5602250e-01   1.8591504e+00
   2.0000000e+00  -4.1248844e-01  -6.7876822e-01   1.7724579e+00  -7.2444276e-01   1.5071996e+00  -4.0307393e-02
   2.0000000e+00  -2.0718041e-01  -2.3552293e-01  -5.0423853e-01   1.3135128e+00  -1.3738400e+00  -2.7376082e-01
   2.0000000e+00  -8.4898134e-01   5.8036852e-01  -1.4683947e+00  -4.1274052e-01  -1.1067861e+00  -9.0297998e-01
   2.0000000e+00   1.8665171e+00  -2.3649993e-01  -4.4682016e-01   3.3331013e-01  -8.3598026e-01   1.0118717e+00
   2.0000000e+00   1.2487239e+00   1.6822123e+00  -2.4929479e+00  -1.4203390e-01   9.3406253e-01  -5.0586222e-01
   2.0000000e+00   9.3982461e-01   1.0219308e+00  -8.4815748e-01  -3.4966990e-01  -4.6553467e-01  -8.0601801e-01
   2.0000000e+00   1.0147010e+00  -4.0710756e-01  -7.0674486e-01   2.8227200e-01  -6.9120093e-01   2.7989168e+00
   1.0000000e+00   6.5605415e-01  -1.4754378e+00  -5.6690993e-01   9.2390299e-02   1.3709191e+00  -4.2421851e-01
   2.0000000e+00  -1.0809138e+00   4.4897085e-01   1.8199701e+00  -1.3121502e-01   1.4408267e+00  -1.2300976e+00
   2.0000000e+00  -4.7720414e-01   7.7634997e-01  -1.1723405e+00   8.7794378e-01  -4.6545658e-03   1.2279946e+00
   1.0000000e+00   4.5627963e-01  -6.3352157e-01  -8.7608628e-02   1.4910366e+00  -1.6262407e+00  -8.5701063e-01
   2.0000000e+00   1.1312951e+00  -8.7107109e-01   1.8389077e+00  -6.9850679e-01   1.5566153e+00   4.9622165e-01
   2.0000000e+00  -1.4849429e+00  -2.2384919e-01  -4.9786485e-01   7.7280474e-01   7.8905082e-01   1.1520405e+00
   2.0000000e+00  -5.4378885e-01   8.6114404e-01   5.8567350e-01  -9.6340336e-01   6.5634999e-01   5.2681864e-01
   2.0000000e+00  -1.7115623e+00  -3.1913281e-01  -1.2810047e+00   6.5344795e-01  -1.7621310e+00  -3.8164841e-01
   2.0000000e+00  -1.0019328e+00   1.8173242e+00  -2.6849283e-01  -1.3546209e+00  -2.1879433e-01  -1.1209774e+00
   2.0000000e+00  -8.2203060e-01  -1.4199865e-01  -7.2938066e-01   1.4506701e+00   1.2069559e-01   9.0963522e-01
   2.0000000e+00   1.4165298e-01   1.3241211e+00  -1.4814335e+00   1.3474907e+00  -1.4942191e-01   4.3188572e-01
   2.0000000e+00   5.0821760e-01   2.5467457e+00  -8.2639724e-01  -1.1724881e+00  -9.7319133e-01   5.3438030e-01
   2.0000000e+00   2.2334819e+00  -1.0929859e+00  -2.3579712e-01   1.4621689e+00   1.1670730e+00  -2.3823955e-01
   2.0000000e+00  -6.3146775e-01   1.0747237e+00  -1.2399486e+00  -2.3160860e+00  -2.2245886e+00  -1.0310279e+00
   2.0000000e+00   7.2233595e-02  -1.3534562e-01   2.4941232e+00   2.5742244e-01   4.5291170e-01  -8.0969108e-02
   2.0000000e+00  -5.3907357e-01  -6.6616522e-01   1.0096351e+00  -8.5437685e-01  -7.1036602e-02   9.9133573e-01
   2.0000000e+00  -6.7588182e-01   6.8211147e-01   1.5211767e+00   1.1625874e+00  -2.9242786e-01   5.2229933e-02
   2.0000000e+00   8.7960195e-01   5.6242765e-01  -8.1986371e-01   3.9854965e-01  -1.4716647e-01  -9.9470619e-01
   2.0000000e+00   1.5160834e+00  -6.9119439e-01  -2.5554104e-01   1.2398240e+00  -3.4480013e-01  -1.4711860e+00
   1.0000000e+00   3.2357653e-01   1.0036356e+00  -6.8414629e-01   9.0070982e-01  -1.8614566e+00   9.8188089e-01
   1.0000000e+00   5.5062882e-02   7.9636114e-01   1.4950563e-01   1.4612998e-01   5.4573160e-01   1.2881988e+00
   2.0000000e+00   1.4027452e+00   3.2935013e-01  -1.7580057e+00  -1.8424609e-01  -1.4589361e+00  -4.0957088e-01
   2.0000000e+00   1.4706443e+00   1.7572367e-01  -2.1058520e-01  -7.1711361e-01  -8.2153156e-03   9.4128727e-01
   1.0000000e+00   4.0377550e-01  -1.0731657e+00  -2.2687713e-01  -1.8683217e-01  -8.0764118e-01  -3.2225004e+00
   2.0000000e+00   9.0569849e-01   2.3026445e-01   6.0998096e-01   4.0674493e-01   4.3876727e-01  -5.5312973e-01
   2.0000000e+00  -6.1135846e-01   5.1568149e-02   1.0133681e+00   1.5564384e+00   2.1524719e+00  -7.4209563e-01
   2.0000000e+00   1.0201182e+00  -5.8423755e-01  -6.6341685e-01  -1.3507564e+00   1.9781246e-01   2.0774354e+00
   2.0000000e+00   1.4260855e+00  -1.3638996e-01  -3.1486577e-01   3.8772286e-01  -1.6785199e+00   8.5575542e-02
   2.0000000e+00  -4.0446166e-01  -7.0543670e-01  -3.3620582e-01   2.1194429e+00   5.0485531e-01  -5.3053514e-01
   2.0000000e+00  -9.8826929e-01  -1.1647508e+00  -6.8772896e-01   7.2925128e-03   6.7306068e-01   1.0099831e+00
   2.0000000e+00   1.1520511e+00   2.2105164e+00  -4.7242420e-01   8.3666889e-01   9.8169778e-01   4.5823193e-01
   1.0000000e+00   3.0724162e-01   1.3129240e+00   3.9295866e-01  -5.8128962e-01   6.5975815e-01   1.0194610e+00
   2.0000000e+00  -1.4104521e-01   6.2730130e-01   4.0945203e+00   1.1249281e+00   1.3443984e-01  -1.7632168e+00
   2.0000000e+00  -1.1716823e+00  -5.8551114e-01  -6.9593725e-01  -1.2095647e+00  -5.2604392e-01  -4.2987891e-01
   2.0000000e+00   1.6808335e+00   1.8032842e-01   4.1696704e-01  -5.2728546e-01   4.1515556e-01  -6.5185182e-01
   2.0000000e+00  -1.5051250e+00  -1.4110145e+00  -1.5479732e+00  -6.3794743e-01  -4.1721197e-02  -3.8500909e-01
   2.0000000e+00   3.7383004e-01  -1.9455442e-01   2.2997978e+00  -6.0596494e-01   4.1399315e-02   5.9625989e-01
   1.0000000e+00   2.6314751e-01   8.3419859e-01   7.9273593e-01  -7.0277190e-01   9.5760469e-01   1.4398450e+00
   1.0000000e+00   3.6776733e-01   8.7831511e-01  -2.1274178e-01   3.2878176e-02  -1.3988463e+00   1.0126564e+00
   1.0000000e+00   9.2658482e-01   6.4570487e-01   1.3896930e-01  -4.2659420e-01  -9.5594687e-01   5.1118043e-01
   2.0000000e+00   2.4382094e+00   1.1047282e+00  -1.7982705e-01   3.9490772e-01  -4.5030430e-01  -7.4909485e-01
   1.0000000e+00   1.0890332e-01   8.4508609e-01   1.4163876e-01   2.3521423e+00   1.2767677e-01  -1.5332534e+00
   2.0000000e+00  -5.8535617e-01   1.9755627e+00  -1.7593857e-02   1.0769281e+00  -1.0594512e+00  -1.0235394e+00
   2.0000000e+00  -2.6854508e-01   8.1235067e-01  -3.7194681e-01  -8.3334303e-01  -3.2365976e-01  -6.4573632e-01
   1.0000000e+00   5.6510624e-01   2.1847152e-02  -5.2381708e-01  -2.0848241e-01   1.0115443e+00  -1.6316149e+00
