   1.0000000e+00   3.4010373e-01  -7.3476186e-01   7.0221523e-01  -1.2160538e+00   1.9962847e+00   6.7844021e-03
   2.0000000e+00   1.9131366e-01  -1.4177876e-02  -1.1760012e-01  -6.8291492e-01  -6.1310758e-01   2.1712614e+00
   2.0000000e+00   1.6320501e+00   1.2804418e-01   5.3908158e-01   3.6175394e-01   6.9593022e-01   5.2770890e-01
   2.0000000e+00   1.0076115e+00   3.1038710e-01  -6.0796760e-01  -1.5575156e+00   1.7843719e-01   1.6173044e+00
   2.0000000e+00   6.9388712e-01   1.5722090e+00   1.3265290e+00   3.5535113e-01  -7.2321086e-02  -8.7933837e-02
   2.0000000e+00   8.3524556e-02   2.1366228e-01   9.0531581e-02   8.5043253e-01  -2.2954418e-01  -1.1882356e+00
   2.0000000e+00   1.7167323e+00   2.0408560e-01  -3.0684522e-01   1.6844235e+00  -8.4315956e-01  -3.8164759e-01
   2.0000000e+00  -1.6226446e+00   4.1557662e-01  -2.3935621e-01   8.0330107e-02   2.5335939e+00  -1.6213375e+00
   2.0000000e+00  -7.8026567e-01   3.5963276e-01  -6.1873521e-01   8.9430460e-01  -1.1141868e+00  -8.7507148e-02
   2.0000000e+00   1.8034723e+00  -6.2427406e-01  -4.9404452e-01   1.3237931e+00   1.4131840e-01   1.1702584e+00
   2.0000000e+00  -3.0812735e-01   1.2525379e+00  -9.8384055e-01   8.1572229e-01   1.4991395e+00  -1.1054962e+00
   1.0000000e+00  -6.4797522e-01   4.1386315e-01  -8.8677905e-03   1.0214665e+00  -9.3028660e-01   2.4977550e-01
   2.0000000e+00  -6.8169267e-01   1.4208030e+00   5.9287867e-01   1.3824859e+00   1.0405596e+00  -5.3052786e-01
   2.0000000e+00  -6.8257916e-02  -8.4118703e-01  -4.3705260e-01   8.1545684e-02   1.8264958e+00  -4.8586500e-01
   2.0000000e+00   1.9143938e+00  -1.5756575e+00  -6.2324891e-02   2.5035205e-01   3.4937962e-01   4.7629836e-02
   2.0000000e+00   4.1402332e-01  -1.0756214e+00  -8.7712596e-01  -2.2007832e+00   2.8387638e-01  -1.9173921e-01
   2.0000000e+00   1.3208497e+00   1.3188998e+00   3.3357911e-01  -1.3057497e+00  -6.8511902e-01   8.7559393e-01
   2.0000000e+00  -7.6847622e-03   6.1533448e-02   6.0443646e-01  -8.0617369e-01  -1.1993093e+00  -9.9777415e-01
   2.0000000e+00   1.5052358e-01   2.6286590e+00   1.7383437e-01  -1.6896931e+00   7.7782718e-01  -3.3703223e-01
   2.0000000e+00  -1.8623484e+00   9.6792208e-01  -3.0128630e-01   6.7216623e-01   1.3844443e+00   1.8725376e-01
   2.0000000e+00  -1.2109745e+00   3.1368172e-01  -3.1870337e-01  -1.0686820e+00   1.3457751e-01  -7.1043979e-01
   1.0000000e+00  -8.3093414e-02   9.3962285e-03  -1.2535683e+00   4.5064362e-01   2.4051239e-01   5.1931113e-01
   2.0000000e+00   2.5496670e+00  -4.3528950e-01   7.8317162e-01  -8.5920640e-01  -6.9589637e-01  -4.0368462e-01
   2.0000000e+00  -1.2066665e+00  -1.1578574e+00  -4.2252387e-01   1.1554798e+00   2.4878269e+00  -1.9121723e-01
   2.0000000e+00  -1.8354257e+00   1.0368339e-01   6.7687029e-01  -4.4535632e-02   5.8567267e-01  -3.8656968e-01
   2.0000000e+00  -3.4990015e-01  -1.2531135e+00  -4.1391193e-01  -6.6295517e-01   1.1925859e+00  -3.1571770e-01
   2.0000000e+00   1.1418516e+00  -1.4077892e+00   2.4102904e-01   2.3062020e+00  -5.3223496e-01  -9.1516953e-01
   2.0000000e+00   2.4636465e-01   1.2143063e-01  -4.0863631e-01  -7.9606225e-01  -3.6691134e-01  -1.9842248e+00
   2.0000000e+00   1.7261353e-01   1.3107171e-01  -5.2317128e-01  -1.8285701e-01   2.2300108e+00   1.9796324e+00
   2.0000000e+00   1.4889289e-01   1.7100846e+00   7.6382399e-01   4.2648223e-02   2.2284016e+00  -2.7369524e+00
   2.0000000e+00  -1.2132604e+00  -1.0898717e+00  -6.8197867e-02  -8.2502141e-01   1.1800533e+00   1.2631037e+00
   2.0000000e+00   2.0068448e+00  -4.1761669e-01  -9.7087146e-01   1.9799775e+00   8.0451709e-01   2.7370841e-01
   2.0000000e+00   6.0871959e-01   5.7452280e-01  -9.9534847e-01   4.4959490e-01   4.9478570e-01  -6.3218891e-01
   1.0000000e+00  -1.9767061e-01  -6.8008873e-01  -1.0095946e+00  -1.5539383e+00  -1.2769320e+00   7.3093392e-01
   2.0000000e+00   5.8281908e-01  -5.5444427e-01   5.6180979e-01  -2.3109353e+00  -2.2374124e-01  -2.7339545e-01
   2.0000000e+00  -1.6184846e-02   5.8922860e-01  -1.3709270e+00  -3.2798997e-01   9.8003740e-01  -7.6042355e-01
   2.0000000e+00   2.0004215e-01  -4.4018530e-01   7.4352941e-02   1.4844008e+00  -1.7511234e+00   1.5040790e+00
   1.0000000e+00   2.8247841e-01  -2.0154900e-01   1.8298160e+00  -1.3019573e+00  -1.1029621e+00   3.0864469e-02
   2.0000000e+00  -6.8178637e-01   7.7933987e-01   2.2703051e+00   5.0345232e-01  -3.8621060e-01   4.6592588e-01
   2.0000000e+00  -2.3743294e-02  -3.8805862e-01  -6.5649229e-01   4.9854581e-02   9.3003282e-01  -1.3463488e+00
   2.0000000e+00  -9.5781609e-01  -1.3110964e+00   1.1962280e+00  -2.2534799e+00  -9.2553161e-01  -2.2508922e-01
   1.0000000e+00   5.8182539e-02  -3.5079630e-01  -1.3655247e-01  -9.1659186e-01   1.8885680e+00   4.9511207e-01
   1.0000000e+00  -8.5911038e-01   3.5031337e-01  -7.9620249e-01   3.2454387e-01   2.6502320e-01   5.0720557e-01
   1.0000000e+00  -6.5502102e-01   7.5184677e-01  -5.7072070e-01   1.9809726e+00   5.8638788e-01   5.1154365e-01
   2.0000000e+00  -2.0434092e+00   1.5622257e+00  -1.1203420e+00  -1.6078529e+00   4.1733639e-03  -2.9408493e-01
   1.0000000e+00  -1.8973658e-01   2.3844828e+00   3.6682145e-01  -1.1124550e+00   2.5761712e-01   7.9668094e-01
   2.0000000e+00   1.2827163e+00  -1.0052594e+00  -1.1094480e+00  -3.1859534e-02  -1.3991962e+00   2.8953771e-03
   2.0000000e+00  -1.1964207e+00  -7.4528331e-01   6.8050187e-01   3.4176871e-01  -4.2541717e-01  -3.0601130e-01
   2.0000000e+00  -7.8027392e-01  -1.0406267e+00  -5.9586179e-01  -3.3800594e-01  -1.2246014e-01   1.5065198e+00
   2.0000000e+00  -3.8259930e-02  -8.3231469e-03   7.2109688e-01  -2.1943053e+00  -8.6703566e-01  -1.6322622e-01
   2.0000000e+00  -3.0537121e-01   1.2595120e+00  -7.3595299e-01   1.5805682e+00  -3.7494126e-01   1.4820274e+00
   2.0000000e+00   3.0301349e+00  -4.1264003e-01   7.7091110e-02   3.9526677e-01  -2.3331974e-01  -3.1636227e+00
   1.0000000e+00   2.5126539e-01   4.1594306e-01   3.1567151e-01  -9.0407387e-01  -2.4962782e+00   2.4895794e-01
   2.0000000e+00   7.6574563e-01   2.9169911e-01  -3.3402657e-01   2.0604786e-01  -1.1241899e+00   1.2352431e+00
   2.0000000e+00   8.1558136e-01  -3.0955138e-02  -1.2555672e+00  -5.4363522e-01   1.8750892e+00  -2.1455940e-01
   2.0000000e+00   1.0129347e+00  -4.9450927e-01  -1.3688764e-01   6.2346896e-01  -7.8044877e-01  -3.6554013e-01
   1.0000000e+00  -4.9114145e-01  -1.6154069e+00   4.4172565e-01  -9.4582708e-01  -7.9331144e-01   6.1014043e-02
   1.0000000e+00   3.7300256e-01   2.6603123e-01   4.1084267e-01  -5.0664121e-01  -2.1631186e-01   8.9235189e-01
   2.0000000e+00  -5.3849224e-01  -1.5432490e+00   3.2596044e-02   4.1087049e-01   1.1085987e+00   9.9679245e-01
   2.0000000e+00   1.3622468e+00   7.1916927e-01   6.3601546e-01   2.3564982e-01  -5.9880529e-01   1.7694862e-01
   2.0000000e+00   5.2855270e-02   8.5729469e-01   1.6810962e-03  -3.0439203e-01   3.1270757e-01  -7.8334410e-01
   2.0000000e+00   1.4480412e+00  -1.7703204e+00   1.1917241e-01   1.4843008e-01  -5.8666686e-01   1.0008451e+00
   2.0000000e+00   2.6797055e-02  -1.2876911e-01   1.2881679e-01   1.4147598e+00  -3.8445732e-01  -5.8383836e-01
   2.0000000e+00  -1.4727326e+00  -9.8091599e-01  -3.0155117e-01   1.1159407e+00   1.7492318e-01  -1.0316078e+00
   1.0000000e+00  -8.3189022e-01  -2.5356812e-01  -1.4964309e+00   1.8758347e+00   1.7675608e-01   2.4717196e-01
   2.0000000e+00   6.2271252e-01  -1.3190372e+00  -2.3168580e-01  -4.8749303e-01   1.9849319e+00  -1.5117579e+00
   1.0000000e+00  -4.2243925e-01   2.9071980e-01  -4.5468944e-01  -1.8151624e-01  -1.4600162e+00   2.1607600e-01
   2.0000000e+00   4.1161027e-01  -7.6235018e-02  -2.7422605e+00  -2.9676194e-01  -7.6878646e-01  -7.2432833e-01
   2.0000000e+00  -1.4082805e+00   1.8049651e-01  -1.0525095e+00   8.4861178e-01   2.8046636e-01  -3.4694771e-01
   2.0000000e+00   1.4174355e+00   2.6390421e+00  -6.1587491e-01  -9.5019047e-01   2.6493022e-01  -8.5219384e-02
   2.0000000e+00  -7.0552596e-01  -5.3556656e-01  -1.5448545e+00  -4.9026454e-01   8.4381852e-01  -3.3217581e-02
   2.0000000e+00  -1.3248337e+00   7.4297292e-01   1.1322656e+00  -4.8696530e-01  -5.8182607e-01  -2.1688952e+00
   2.0000000e+00   1.5167477e+00  -8.2775971e-01   1.0747180e+00   1.0253650e-01  -2.7297187e+00  -1.7799973e+00
   2.0000000e+00   6.7902025e-01  -7.9429081e-01   8.0972087e-01   7.2438210e-01   1.2684918e+00   8.1552231e-01
   2.0000000e+00  -5.0492717e-01  -5.4928345e-01  -1.0827981e+00   2.7806353e-02  -6.6189946e-01  -4.9188576e-01
   2.0000000e+00  -1.8418550e+00   3.7971788e-01  -7.3732499e-01  -2.1853531e-01   4.4751459e-01  -1.3293216e+00
   2.0000000e+00   1.7753699e+00  -6.5521495e-01   2.9490579e-01   4.5293064e-01  -8.0610297e-01   2.3076290e-01
   2.0000000e+00  -8.0862187e-01  -6.6669624e-01  -9.0247868e-01  -1.0998795e+00   6.4374781e-01  -9.6837552e-01
   2.0000000e+00   4.1887543e-01  -6.2300856e-01  -2.2903693e-01  -2.3685756e+00   1.8918206e+00  -5.6837543e-02
   2.0000000e+00  -8.8342327e-01  -1.1258965e+00  -1.5562029e+00  -1.3886018e+00  -6.9857054e-01  -1.1123317e+00
   1.0000000e+00  -3.1262714e-03   1.2695589e+00  -1.2496773e+00   7.0995875e-01   8.8367161e-01   1.0650017e-01
   2.0000000e+00   1.7339039e+00   9.2763057e-01   7.6800697e-01   7.5248950e-02   1.7598785e+00  -9.4724844e-01
   2.0000000e+00   2.6955747e-01   2.2182212e+00  -3.7415648e-01   5.6793604e-02   8.5570483e-02  -2.0032364e+00
   2.0000000e+00  -9.5367898e-01   5.0295831e-01   1.2003767e+00   6.7813591e-02   2.6262058e-01   3.5142124e-01
   2.0000000e+00   1.2761877e+00   7.6702574e-02   1.0919386e+00  -5.7834794e-01   8.0037153e-01   2.8480557e-01
   1.0000000e+00  -8.0348068e-01   3.0720029e-01  -1.0021522e+00  -8.4511226e-01   4.5850431e-01   3.6297638e-01
   2.0000000e+00  -1.0097406e+00  -7.7667027e-02   3.0455562e-01  -1.3671388e-01   2.0817153e-01  -1.1585011e+00
   2.0000000e+00  -1.1935990e+00   1.6642569e+00  -4.6432953e-01  -7.7658255e-01   5.3465571e-01   4.5238795e-01
   2.0000000e+00   9.0878519e-02   1.3913455e+00   1.4247353e-01  -4.4383974e-02  -1.0186057e+00  -4.6167992e-01
   2.0000000e+00   1.2370447e+00  -1.0671474e-01   7.9759609e-01   2.3711787e-02  -7.8735288e-02  -1.0560496e+00
   2.0000000e+00  -4.0831940e-01   2.1910674e-01  -3.5803194e-01   2.7293996e-01  -1.3973361e+00   9.7789389e-01
   1.0000000e+00  -3.2588044e-01   1.5860079e+00   5.6894481e-01  -8.8496727e-01   6.2179195e-01   1.8139945e-01
   1.0000000e+00   3.5830696e-02   1.7243981e+00  -1.5431880e+00  -1.0959057e+00   6.5292538e-01   1.3666919e-01
   1.0000000e+00   3.8755484e-01   9.1521249e-01  -9.1152852e-01   3.3683842e-01   9.5565827e-01   6.8242419e-01
   1.0000000e+00  -3.1048369e-01   2.4657026e-01   7.9494529e-01  -1.3016709e+00   9.6295263e-01   3.9665462e-01
   2.0000000e+00  -1.0802726e+00  -2.0812699e+00  -4.1742259e-02   6.2691586e-01   1.4465340e-01  -1.5568847e+00
   2.0000000e+00   2.6622221e-01   1.0504790e+00   1.3189730e+00  -9.7852547e-01   7.1950628e-01  -3.9978665e-01
   1.0000000e+00   9.3855266e-01  -7.4868582e-01   1.7078480e+00   3.5192666e-01   1.0528722e+00   2.5606307e-01
   1.0000000e+00  -9.6602022e-01  -3.6058127e-01   5.5008673e-01  -1.5394519e+00  -9.4082120e-01   1.0990482e-01
   2.0000000e+00   1.0241238e+00   3.8012779e-01   9.9197564e-01  -1.3473962e+00  -2.7282669e-01   4.8611363e-01
   1.0000000e+00   2.6859444e-01  -1.4383713e+00  -8.4737332e-01  -7.0528327e-01  -2.8840828e-01   2.5938023e-01
   1.0000000e+00   6.1521097e-01  -2.8463482e-01  -1.3261017e+00  -1.5723201e+00   2.4366132e-01   6.8526388e-01
   2.0000000e+00   2.3027423e+00  -2.9415290e-01   1.8429095e+00   4.5510303e-01   1.3205134e+00   1.4144154e+00
   1.0000000e+00  -8.5827929e-01   2.9543274e-01  -1.5189661e-01   8.0145256e-01   7.1252958e-01   3.8292912e-01
   2.0000000e+00   1.5727795e-01   2.9585247e-01  -1.7706984e-01   3.4543560e-01  -6.2644444e-01  -3.9360282e-01
   2.0000000e+00  -1.2568502e+00  -2.7990752e-01  -4.0483495e-01  -1.5574799e-01  -5.7576445e-01  -5.4166872e-02
   2.0000000e+00  -2.1897119e-01  -3.5143451e-01   4.2292852e-01   1.3828935e+00   3.9639652e-01  -1.8947162e-01
   2.0000000e+00  -3.5291713e-01   7.5757450e-01   4.6151803e-01  -2.8179697e-01   1.2685629e+00   1.8432508e+00
   2.0000000e+00   1.8650039e+00  -5.3682736e-01   3.5864242e-01  -1.8030661e+00   1.4384259e+00  -5.0740557e-01
   2.0000000e+00  -4.6688853e-01   2.9201355e-01  -3.0034988e+00   1.0229983e-01   1.3478812e+00   1.0151882e+00
   2.0000000e+00   3.4142403e-01   6.8311322e-01  -1.2316174e+00   6.9757403e-01  -1.3898888e-01  -4.2338574e-01
   2.0000000e+00   1.8087419e+00   8.1648685e-01  -1.8745511e+00   4.8770511e-01  -1.3452933e-01   1.2492662e+00
   2.0000000e+00   2.0335112e+00   5.1877184e-01   9.1864235e-01  -3.9316946e-02   1.7254941e-01   7.0056846e-01
   2.0000000e+00  -7.3759770e-01  -7.6087723e-02  -1.0015039e+00  -1.4778002e-01  -6.2254104e-01  -1.0440724e+00
   2.0000000e+00  -1.1286130e+00  -1.0095939e+00   5.3816747e-01  -1.2610786e+00   1.0169692e+00   1.5809062e+00
   2.0000000e+00   1.1498405e+00  -5.7200959e-01  -5.7964960e-01  -1.0131113e+00   4.4514787e-02  -8.6508933e-01
   1.0000000e+00   7.2145721e-01   1.4164547e+00  -5.3653548e-01   3.9980546e-01   2.7720995e-02   2.2647217e-01
   2.0000000e+00  -4.3814267e-02   1.0984252e+00  -4.6602260e-01  -8.6330406e-01  -2.2087687e+00  -5.8981426e-01
   2.0000000e+00   3.8341064e-01   2.7624339e+00  -7.3485300e-03  -8.8730590e-01   1.0497692e+00  -3.2593877e-01
   2.0000000e+00  -1.7111445e+00  -6.0105182e-01   6.0877560e-01   1.3356690e+00  -1.4856228e+00  -3.5010774e-01
   2.0000000e+00  -8.8953030e-01  -8.0152247e-01   2.0585044e+00   1.4373526e+00   2.3489354e+00   4.5498190e-01
   1.0000000e+00   8.0767832e-01   9.9639618e-01  -1.9221259e-01   6.1063742e-01   4.9590061e-01   2.5538835e-01
   2.0000000e+00  -1.2790488e+00  -6.2820949e-01   7.0014933e-01  -9.5443736e-01  -3.3591354e+00   7.3428153e-01
   2.0000000e+00  -8.6410094e-01  -3.1076397e-01  -1.5909448e-01   3.0017701e-03  -7.4840521e-01  -9.6601091e-01
   1.0000000e+00  -6.3664112e-01   2.6982484e-01   3.2125774e-01  -7.1261181e-01  -1.4460731e+00   2.3826746e-01
   2.0000000e+00  -4.6201957e-01  -4.5118066e-02   1.3014353e+00  -4.2155577e-01   1.3855660e+00  -8.7235942e-02
   1.0000000e+00   3.8973229e-01  -1.7008833e+00   6.1663214e-02  -3.0785419e+00   6.5313450e-01   6.5690757e-01
   2.0000000e+00  -4.5852943e-01   1.9359399e+00  -6.5543913e-01   4.3261444e-01   4.8982574e-02  -1.3082112e+00
   2.0000000e+00   3.1860109e-01  -1.2218275e+00  -1.0626023e+00  -1.3410302e+00  -6.9117679e-01  -8.3250882e-01
   2.0000000e+00  -9.0629986e-01   2.8283643e+00  -7.2202317e-01   2.6336531e+00   1.8416838e-02  -1.1619532e+00
   2.0000000e+00  -7.7496720e-01  -1.1553563e+00  -8.7651787e-02  -1.2895547e+00  -1.1305820e+00   1.8277208e+00
   2.0000000e+00   3.4733414e-02  -8.7710756e-01   5.8161138e-01   3.6465837e+00  -6.5477786e-01  -8.1064224e-01
   2.0000000e+00  -2.9858294e-01   3.8863597e-01   2.1102056e+00  -3.6414237e-01   5.5229494e-01   1.1200126e+00
   2.0000000e+00  -4.7963832e-01  -1.9430605e+00  -1.2202698e+00  -5.8800859e-01  -3.6509909e-01  -2.8850863e-01
   2.0000000e+00  -3.1553854e-02  -4.7284623e-01  -1.1278715e+00   2.1416870e-01  -8.0096859e-01  -7.5746687e-01
   2.0000000e+00  -1.7085670e+00   2.1310328e-01  -2.1875756e-01   6.5207946e-01  -8.2678047e-01  -9.0071787e-02
   2.0000000e+00   1.4062041e+00  -1.8259052e-02   5.2433854e-01   4.3582087e-01  -1.9780467e+00   5.8377566e-01
   2.0000000e+00   1.0073680e+00  -4.7326449e-01   2.8787047e-01   8.1436961e-01  -1.2393603e-01  -3.9660449e-01
   2.0000000e+00  -1.8959852e+00  -1.5887856e+00  -5.6886374e-01   1.2458939e+00   1.5796145e-01  -5.1762987e-03
   2.0000000e+00  -1.2796704e+00  -4.5946661e-01  -7.5675906e-02   1.7535087e-01   3.1081552e-01   1.5105230e+00
   2.0000000e+00   4.0361870e-01  -3.4242292e-01   1.0846800e+00  -4.6202453e-01  -6.7524657e-01  -1.0273134e+00
   2.0000000e+00  -3.4498751e-01  -6.8931966e-01  -1.9334369e-01  -9.4697920e-01  -5.3519305e-01  -6.5538347e-01
   2.0000000e+00  -1.6806830e+00  -1.2093457e+00   1.6335133e-02   8.3137870e-01   6.4731110e-01   3.4256792e-01
   2.0000000e+00  -6.8528844e-01   5.2294964e-01  -2.0722511e+00  -1.5493670e+00  -8.3193430e-01  -1.8355324e-01
   2.0000000e+00  -3.8562610e-01   1.0380082e+00   4.7968936e-01  -3.3999299e-01  -1.2312033e+00   1.2013620e+00
   1.0000000e+00   5.0977712e-01   3.2355901e-01   7.9194737e-01   1.3911713e+00   8.3028313e-01   2.4011888e-01
   2.0000000e+00  -7.6931767e-01  -8.2585837e-01  -7.0675926e-01   6.0805566e-02   5.1846912e-01   1.1903240e+00
   1.0000000e+00  -4.0651538e-01   7.0623275e-01  -1.2183089e-02  -6.5143114e-01   2.0340988e-01   4.9657240e-01
   2.0000000e+00  -1.2749588e+00   8.5246620e-02  -2.3707481e-01  -9.5907857e-01  -1.4738690e+00   1.7952230e+00
   2.0000000e+00   3.0824402e-01   1.0728956e+00   5.3382327e-01  -1.0448951e-01   1.3298316e+00  -5.2060751e-01
   2.0000000e+00  -1.5180312e+00  -1.3849512e+00   7.4775347e-02   1.0688042e+00  -1.7835168e+00   4.2048634e-01
   1.0000000e+00   1.5976737e-01   9.8829989e-01   1.5822515e+00   8.9227884e-01   3.4946003e-01   5.3482282e-01
   1.0000000e+00  -3.4802455e-01   1.1611145e+00   1.7070721e+00  -8.4836988e-01  -2.3748381e-01   3.0608121e-01
   2.0000000e+00   1.1847664e+00  -7.1595077e-01   9.2353097e-02   2.7323013e-01  -8.6736407e-02  -6.0261758e-01
   2.0000000e+00  -1.0016801e+00   3.5748802e-01  -5.8712775e-01  -2.8791067e-01   1.0060866e+00  -6.6621107e-01
   2.0000000e+00   1.2212958e+00   7.8752821e-01   7.1747969e-01   1.4180205e+00   1.0493880e+00  -4.4538577e-03
   2.0000000e+00  -1.2214898e-01  -8.9565750e-01   4.6212368e-01   1.3742229e+00   5.5621602e-02  -9.4423616e-01
   2.0000000e+00  -2.2326874e-01  -3.3075340e-01  -9.9111796e-01   6.1064282e-01  -2.0487899e+00  -1.6667370e+00
   2.0000000e+00  -7.2453342e-02   2.8385752e-01  -7.7556587e-01   1.4146473e+00  -1.2769965e+00  -1.1047313e+00
   2.0000000e+00   4.8293496e-01  -7.9381787e-01   5.8741346e-01   1.3983119e+00   4.7090043e-01  -1.8565573e-01
   2.0000000e+00   1.0224574e+00   2.0823415e-01  -1.9502271e+00   1.4382639e+00   7.4824094e-01   1.0524713e+00
   2.0000000e+00  -4.9776404e-01   1.4376033e-02  -1.0080768e-01   9.9736643e-03   8.6012085e-01  -1.0386415e-01
   2.0000000e+00  -5.2210987e-01   4.4898239e-01   8.6428775e-01  -2.3871837e-01  -1.0987200e+00   3.1237395e+00
   2.0000000e+00  -1.9613171e-01   2.4851477e-01  -2.5365816e-01  -3.4164629e-01  -2.3666665e-01  -1.0609095e+00
   2.0000000e+00   1.1769360e-01  -1.5657745e+00  -2.6575126e-01   8.2879757e-01   1.7490033e+00  -4.0530134e-01
   2.0000000e+00   2.6403436e-01   6.6381995e-01  -2.2283373e+00   8.5232092e-01   3.1083800e-01   1.0024558e+00
   1.0000000e+00   4.4002211e-01  -7.6044443e-01  -1.4321192e+00  -1.4320206e+00   1.6684357e+00   6.3972850e-04
   1.0000000e+00   3.1869384e-01  -1.2048524e+00   1.3182179e+00   1.0027061e+00  -2.3503487e+00   5.8583781e-01
   2.0000000e+00   5.9019043e-01   4.9398413e-01   3.2593462e-01  -7.2301777e-02  -6.4705346e-01  -4.9983641e-01
   2.0000000e+00  -2.3728434e-01   1.3516310e+00   4.4224536e-01   9.3621062e-02  -1.3615031e+00  -1.5881115e+00
   1.0000000e+00  -5.4500108e-02  -2.2517854e-01   2.4921907e-01   5.5096551e-01  -1.5497235e-01   2.7133758e-01
   2.0000000e+00  -4.2872321e-01  -1.3477367e+00   1.9359441e+00  -1.2605755e-01   3.1704270e-01  -1.7937672e-01
   2.0000000e+00  -8.5745469e-01  -2.1681097e-02  -1.1603096e+00   2.0730869e-01   7.8664268e-01  -1.8861358e+00
   2.0000000e+00  -1.4225938e+00  -6.7959855e-01   5.1624216e-01   6.5421294e-01  -2.5564608e+00  -3.0654446e-01
   2.0000000e+00   6.1541749e-02   6.2150439e-01   5.1382504e-01  -1.0269957e+00  -1.2056781e+00  -6.7217309e-01
   2.0000000e+00   1.5498077e-01  -2.9939211e-01  -1.0773412e+00   2.1790864e+00  -2.8148272e-01   1.2727744e+00
   2.0000000e+00  -4.4837753e-01   3.7239562e-01   7.4892202e-01   9.0791941e-01  -1.6251095e+00  -1.1610393e+00
   2.0000000e+00  -3.3001238e-01   9.9420809e-01  -1.3265082e+00  -3.8133664e-01  -6.9313359e-01  -1.0898917e-01
   2.0000000e+00   1.8137111e-01  -1.3309162e+00  -5.0221310e-02   5.4037084e-01   1.6646633e-01  -8.9349462e-01
   2.0000000e+00   1.5322311e+00  -2.1017430e+00   7.7562965e-01   4.2417270e-01   4.5150204e-01  -9.7508204e-01
   2.0000000e+00   1.1695555e+00  -6.7092021e-01   5.2996484e-01  -7.3585785e-01  -1.6421849e+00  -1.3032796e+00
   2.0000000e+00  -1.7570856e+00   3.5521541e-01   7.4730136e-01  -2.5130428e+00  -5.1017662e-01  -4.7451242e-01
   2.0000000e+00  -2.2312820e-02  -5.4625511e-01   1.3879607e+00  -5.5809004e-01   4.3293704e-01  -1.7397810e-01
   2.0000000e+00   6.8651869e-01  -1.2730865e+00  -3.0607542e-01  -7.5661215e-02  -1.0883919e-01  -8.2226496e-02
   2.0000000e+00   1.5827272e+00  -1.5782302e+00  -3.1559806e-01  -7.7058877e-01  -1.6367146e-01  -6.7997480e-01
   2.0000000e+00  -9.8293406e-01  -6.6171817e-01  -4.8291034e-01  -9.9239742e-01  -2.7219267e-01   1.1228948e+00
   1.0000000e+00   2.3994197e-01  -7.5327357e-01   5.9500337e-01  -1.6844998e-01  -1.2230472e-01   8.1680351e-01
   2.0000000e+00  -8.9785378e-01  -1.8648643e-01   4.1897270e-01  -2.6414445e+00  -9.7043567e-03  -2.9865377e-01
   2.0000000e+00  -9.5151366e-02  -1.1408884e+00   6.1816520e-02   4.5927599e-01  -3.1929639e-01  -3.1959825e-01
   2.0000000e+00   4.0067528e-01  -8.5042978e-01   2.1728530e-01   6.6893060e-01  -6.7576797e-01  -2.1540446e+00
   2.0000000e+00  -9.0732581e-01  -7.4783832e-02  -2.4171052e-01  -1.4067678e+00   3.5555539e-01   9.9764444e-01
   2.0000000e+00  -3.8509749e-01   5.3684413e-01  -1.5520140e+00  -8.1614717e-04  -8.8955495e-01  -8.6994494e-01
   2.0000000e+00   4.8986794e-01   7.2394626e-02  -9.0014499e-01  -5.8386062e-01   1.7950965e-02  -2.0032987e-01
   2.0000000e+00   1.2463592e+00   1.0997468e+00  -1.8929268e+00  -1.7903824e-01  -5.6736235e-01  -2.9297932e+00
   2.0000000e+00  -8.6865933e-01   1.1145125e+00  -6.7116972e-01   3.2880070e-01  -7.0799777e-01   1.0280877e+00
   1.0000000e+00  -7.4342834e-01   1.3369694e+00  -3.2214601e-01  -1.0225469e-02  -1.2189823e+00   4.6719553e-01
   2.0000000e+00  -1.7091850e+00   1.3020421e-01  -2.3311246e-01   1.8465084e+00   5.4924107e-01  -1.4918962e+00
   2.0000000e+00   1.2185618e-01   1.2643056e+00  -1.1140197e+00  -4.6832524e-01   4.5226216e-01  -5.5060164e-01
   1.0000000e+00  -2.5460109e-01  -2.5196804e-01  -8.0052987e-01  -7.3083428e-01  -1.2470986e+00   3.5241688e-01
   2.0000000e+00  -6.6790057e-01  -6.6935574e-01   3.9733209e-01   7.1019314e-02  -2.3342437e-02   9.3947451e-01
   2.0000000e+00  -3.5593442e-01  -4.3395239e-01   1.8606497e-01  -7.6413641e-01   5.5802837e-01  -9.7952126e-01
   2.0000000e+00  -1.0581759e+00   8.4105037e-01  -1.7652474e+00  -2.2331050e-01  -2.4040528e-01   1.1165965e+00
   2.0000000e+00  -1.5888270e+00   1.0374832e-01   1.0410843e+00  -5.6311544e-01   8.4186055e-01  -1.3506784e+00
   1.0000000e+00  -5.5707216e-01   7.5475503e-01  -3.7559436e-01   8.6099386e-01   7.5919257e-01   3.0605475e-01
   2.0000000e+00   1.1154057e-01   1.1899930e+00  -1.1529088e+00  -9.1214886e-01   7.8642570e-01   1.9090426e+00
   1.0000000e+00  -8.3251809e-02   6.4428457e-01   7.7878414e-01  -1.7297908e+00  -8.6224356e-01   7.0074323e-01
   2.0000000e+00  -3.0476154e-01  -1.3011542e+00  -1.0517666e+00  -6.0371712e-01   1.0183628e+00  -1.1765019e-01
   2.0000000e+00  -1.3681553e+00   3.3488097e-01   1.3176701e+00   5.8579250e-02  -2.2552458e-01  -4.8849226e-01
   2.0000000e+00   1.9522855e+00  -7.6693783e-01  -1.6154824e+00   8.4401861e-01   7.1040653e-01  -2.2455739e-01
   1.0000000e+00  -3.1389708e-01   9.9566489e-01  -1.2632228e+00   1.0656027e+00   6.0497896e-01   7.1171727e-01
   2.0000000e+00   9.9111252e-01  -4.7390832e-01  -3.5203225e-01   1.1391825e+00  -4.1929673e-01  -9.2318976e-01
   1.0000000e+00  -6.7983802e-01  -5.3024974e-01   9.6545239e-02  -1.0155690e+00  -2.2652605e-01   1.5189003e-01
   1.0000000e+00  -6.4881876e-01  -1.9882882e-01   9.5444365e-01  -1.2264729e+00  -1.4821973e+00   7.3856658e-01
   2.0000000e+00   2.0510514e+00   6.7058467e-02  -1.6300233e+00  -5.3571691e-02   2.3551440e-02   3.3915725e-01
   2.0000000e+00   6.6029574e-01  -1.0495852e-01   1.0558482e+00  -4.2526610e-01  -7.1083234e-03  -7.8630845e-01
   2.0000000e+00   1.2079729e+00   6.2091618e-02   1.3351108e+00   1.6158079e-01   4.4196027e-01   1.2479723e+00
   2.0000000e+00   3.7900550e-01   6.5443734e-01   8.2412221e-02   6.5957196e-02  -6.5988319e-01  -1.3580090e-01
   2.0000000e+00   1.9457413e+00  -1.8777758e-01   7.6117141e-02  -9.3231379e-01   9.8645858e-01  -9.1584954e-01
   2.0000000e+00   5.0790752e-01   9.3853133e-01  -6.7873292e-01  -1.3816329e+00   4.2520502e-01  -7.2566454e-01
   2.0000000e+00  -1.0652766e+00  -4.6079893e-01   1.7664349e-01   2.2489738e-01   3.1449611e-01   8.4130528e-01
   2.0000000e+00  -1.8875971e-01   1.6437637e+00   5.0796198e-01   6.3989091e-01  -9.7762543e-01   1.5395400e+00
   2.0000000e+00   1.2449027e+00  -7.3798511e-01  -7.0199555e-01  -7.0351854e-01   1.2283804e+00   1.3570347e-01
   1.0000000e+00   7.2192531e-01  -5.4717729e-03   6.3236566e-01  -1.8965168e+00   1.1474263e+00   1.3450102e-01
   1.0000000e+00   3.7541013e-01  -4.5796677e-01  -1.1966932e+00   5.9972233e-02   5.7890253e-01   1.3020092e-01
   2.0000000e+00  -1.3325823e+00   1.1423726e+00   1.0099149e-01  -1.4254139e+00   1.6330693e+00   8.0316349e-01
   2.0000000e+00  -2.9560176e-01   1.5643518e-01   1.5536399e+00   1.9142254e+00  -4.1366949e-02  -9.3379529e-01
   1.0000000e+00   8.7687326e-02   2.5636166e-01  -7.9644293e-01  -3.0478023e-01   5.9009907e-01   6.1683182e-01
   2.0000000e+00   6.3808124e-01   6.6958921e-02   1.0786283e+00  -5.8318552e-02   7.8937449e-01  -3.2059011e-01
   1.0000000e+00  -3.0541746e-01  -1.6850022e+00   1.0563584e+00  -1.0457394e+00  -9.1873376e-01   1.5272288e-02
   2.0000000e+00   5.7705014e-02  -5.2976414e-01  -2.6084363e+00  -1.2201342e-01   7.0676974e-01   3.4794473e-01
   2.0000000e+00  -9.6887255e-02   9.0892677e-02   2.2604674e+00  -4.3117240e-01  -1.5965625e+00   2.0257980e-01
   2.0000000e+00   4.4682247e-01  -4.3111009e-01  -2.4097600e+00   3.9719880e-01  -5.2370634e-01  -1.2844228e+00
   2.0000000e+00  -9.7367088e-01   1.2804086e+00  -3.5961652e-01  -1.0116667e+00   1.8963089e-01  -4.9344452e-01
   2.0000000e+00   1.3106555e-01   1.0923779e+00   2.5219673e-01  -7.8130802e-01  -7.2306883e-01   1.2542564e+00
   1.0000000e+00   9.9285497e-03   1.3057080e+00   6.2212912e-01  -1.8375279e-01   2.6600487e-01   7.2579889e-02
   2.0000000e+00  -2.1344875e-02  -1.1790664e+00  -5.7326470e-01  -3.4169566e-02  -1.6964689e+00  -8.5018755e-01
   2.0000000e+00   2.4952227e-01  -6.8655119e-02   9.8315208e-01  -2.0916581e-01   4.1334795e-01   1.5185586e+00
   2.0000000e+00   1.1686666e+00  -4.9785490e-01  -2.0232054e+00  -1.2025870e+00  -1.4460262e+00  -6.7161334e-01
   2.0000000e+00   3.9460901e-01  -3.9226402e-01   8.4047968e-01   6.6282784e-01   5.0990987e-01  -2.7322096e-01
   2.0000000e+00  -2.4504951e-01   9.5678331e-01  -5.0420536e-01  -1.3088835e+00  -1.3302039e+00  -2.0386859e+00
   2.0000000e+00   1.3151900e+00   1.4639607e+00  -2.2704316e-01   1.3055948e+00  -3.1026185e-01  -1.0015986e+00
   2.0000000e+00   9.2724975e-01  -2.0703936e-01  -2.0422265e+00   1.0399846e+00   7.5841049e-01  -7.9248887e-02
   2.0000000e+00   4.3767925e-01  -1.0770911e+00   2.4623731e+00   1.4007016e-01   1.2680817e-01   2.4857536e+00
   2.0000000e+00   2.7175544e-02   5.6744962e-01   1.0241800e-01  -4.6005143e-01   1.1852106e+00  -3.4485180e-01
   2.0000000e+00   1.3312860e+00  -1.1945687e+00  -2.7678571e-01   4.8934458e-01   2.8567034e-01   4.4303070e-01
   1.0000000e+00  -1.2978999e-01  -4.7146007e-01  -1.0732084e+00   3.0277120e+00  -5.2602231e-01   6.3509061e-01
   2.0000000e+00   1.3292657e+00   1.5951814e+00  -3.3671005e-01   6.7537596e-01  -2.3360651e+00  -4.0639375e-01
   2.0000000e+00  -4.4900023e-01  -1.1046524e+00   5.1754089e-01   1.0308433e+00  -6.2541310e-01   1.3641601e+00
   2.0000000e+00  -2.1009984e+00   1.5229596e+00  -3.6455024e-01   8.2805656e-02   1.0014282e+00  -1.3226747e+00
   2.0000000e+00  -1.8359708e+00  -1.4309164e+00  -1.6235114e+00   8.7500318e-01  -1.4216201e+00  -3.5337333e-01
   2.0000000e+00   1.0123467e+00   7.9895204e-01   1.4705988e+00   4.4337193e-01   1.2191987e+00  -2.6549006e-01
   2.0000000e+00  -5.8644506e-01   1.7228352e-01   2.5735835e-01   6.5794465e-01  -5.2782933e-01  -1.9271950e-01
   2.0000000e+00   3.0483847e-01  -4.6695838e-01  -9.7319140e-01  -3.3337321e-01   1.0919452e+00  -5.2036203e-01
   1.0000000e+00   8.4933578e-01  -1.1197125e+00  -2.0916920e-01   7.8966517e-01   1.5419327e+00   2.0187844e-01
   2.0000000e+00  -1.0615877e+00   7.0339731e-01  -3.3358674e-01  -1.3174172e+00   8.8985697e-01   5.7240009e-01
   2.0000000e+00  -4.6233742e-01   2.6096027e-01   1.3784209e+00  -9.0462251e-01  -6.5094799e-01  -1.8863594e+00
   1.0000000e+00   3.1452757e-03  -3.6761521e-01   1.2530209e-01  -6.8557348e-01  -1.1693690e-01   9.7086230e-01
   2.0000000e+00   1.2383760e+00  -6.0844739e-01   1.4619721e-01   1.4270649e-01  -9.3050430e-01  -1.6483066e+00
   2.0000000e+00  -1.7073878e-01   9.6260987e-01   3.6904709e-01  -1.3915250e+00  -9.6541792e-01   1.2354005e+00
   2.0000000e+00  -2.5788742e-01   2.8197892e-01  -1.6758438e-01  -2.1966988e+00   1.2798436e+00   1.3435206e+00
   2.0000000e+00   8.2782213e-01  -1.2412499e+00  -6.6915112e-01   6.7081330e-01   1.1564358e+00  -1.3042403e+00
   2.0000000e+00   5.5212945e-01  -4.7742702e-01  -1.9184164e+00   6.3864317e-01   1.8691896e-01  -2.1859542e-01
   2.0000000e+00   1.6619165e+00   4.1221203e-01   3.4673575e-01  -2.4107793e-01   1.7124899e-01   4.9895837e-01
   2.0000000e+00  -7.4013552e-01   8.7599811e-01  -2.3135362e+00   7.7233865e-01   1.0358438e-01  -1.4958647e-01
   2.0000000e+00  -3.9996636e-01  -1.0168421e+00   2.0603488e-01  -1.0426380e+00   5.0527642e-01  -2.7690865e-01
   2.0000000e+00   5.3365854e-01   8.2109537e-01  -6.2979689e-01   1.2999281e+00  -7.8245942e-01   1.4050955e+00
   2.0000000e+00  -4.8362051e-01  -2.3730376e+00   1.6089914e+00  -3.4453688e-01   1.4431739e+00  -1.1502185e+00
   2.0000000e+00   1.0903197e-01  -1.5203730e-02  -1.2745152e+00   1.2088601e+00  -8.0351683e-01  -6.4519383e-01
   2.0000000e+00  -4.9337959e-01  -1.8609317e+00  -1.6193454e+00   1.8380576e-02   5.0171648e-01   1.1966635e+00
   1.0000000e+00   1.5965757e-01  -7.1277062e-01  -1.4349259e-01  -7.0034676e-01  -7.8406777e-01   2.3086279e-01
   1.0000000e+00   4.5082546e-01  -2.4401367e-01  -1.4554141e+00   2.4358202e+00   6.1101181e-01   5.9514007e-01
   2.0000000e+00   7.2101488e-01  -3.5274664e-01   7.0873477e-01   7.1511248e-01   9.2459695e-01  -2.3497403e-01
   1.0000000e+00   3.0139757e-01  -2.9872135e-01   6.0852748e-01   2.4098268e-01   2.2644634e-02   9.0786508e-01
   2.0000000e+00  -3.8388170e-01   1.2478091e+00   5.3062002e-01  -1.2497064e+00  -1.1761616e+00  -1.3524552e-02
   2.0000000e+00   1.0350158e+00  -4.8316648e-01   3.7871834e-01  -1.0325856e-01  -8.1525392e-01  -9.1124712e-01
   1.0000000e+00   4.1583157e-01  -2.0811231e+00   4.8714491e-01   9.5111558e-01   2.9442749e-01   1.5838149e-01
   1.0000000e+00   6.3025138e-01   3.0093210e-01  -5.0624452e-01  -7.6077214e-01  -4.8597335e-01   6.3451247e-01
   2.0000000e+00  -1.9098878e+00  -8.7166600e-01  -2.9337221e-01  -9.5091557e-01   9.0177871e-01   2.1798372e+00
   2.0000000e+00  -1.4199115e+00  -2.5972869e-01  -5.8278069e-01   1.4280620e-01  -5.7545486e-01   3.7201049e-01
   2.0000000e+00  -1.2737893e+00   1.1523201e-01  -2.6546838e+00  -1.3705586e+00  -1.9630333e-01  -6.1232957e-01
   2.0000000e+00   1.0060628e+00   1.2694866e+00   8.8560901e-01  -1.4012966e+00   1.7795512e+00  -1.3145232e+00
   1.0000000e+00   1.0159738e-01  -1.3276767e+00   1.2613262e-01   1.5676343e+00  -1.6658339e-01   3.4203990e-01
   2.0000000e+00   1.7489569e+00   1.1673446e+00  -2.5083141e-01  -1.2005336e-01  -7.3378727e-01   3.5164536e-01
   1.0000000e+00   1.0568974e-01  -6.3810057e-01   1.1849407e-01  -1.7779606e+00  -1.0974920e+00   6.6875727e-01
   2.0000000e+00  -1.9251500e-01  -8.2689959e-01  -9.8715769e-01  -1.3893857e-01   3.6335225e-01  -1.8484158e+00
   2.0000000e+00   1.0618132e+00  -1.5763659e-01  -2.2540745e-01   7.2345201e-01  -8.7414302e-01   5.0985857e-01
   2.0000000e+00  -6.1643486e-01  -4.9488211e-01   8.2475592e-02   1.2632598e+00  -2.2605099e-01  -1.3931096e+00
   2.0000000e+00  -6.5429823e-01  -1.3855519e-01   2.2771070e+00   4.5871949e-01   2.0937630e-01   1.1592373e+00
   2.0000000e+00  -7.3777278e-01  -1.9188640e+00  -1.0606756e+00   5.5124269e-01  -7.5697380e-01   1.2118208e+00
   2.0000000e+00  -6.4537321e-01   1.9254411e+00   5.8165435e-01   1.9515733e+00  -1.1496964e+00  -5.6621898e-02
   2.0000000e+00   1.1652053e+00   4.0261101e-01   1.8544728e-01  -7.2912968e-02  -1.8596285e+00   1.0991035e+00
   2.0000000e+00  -1.0077660e+00  -1.5809226e+00  -2.2369912e-01   1.6501240e+00   2.6284071e-01  -5.0970290e-01
   2.0000000e+00  -8.4392312e-01   1.0819903e+00  -3.9411666e-01   2.1259358e-01   2.6950724e-01  -9.5680415e-01
   2.0000000e+00  -1.7336009e-01   8.2149021e-01  -3.4435906e-01  -9.3411887e-01   2.8974801e-01   1.4326258e+00
   2.0000000e+00  -2.2161023e+00  -1.4872183e-02   6.5057170e-01   3.7847520e-02   1.0013241e+00   4.1269384e-01
   2.0000000e+00  -9.7268496e-01  -1.5442459e-01  -1.4482856e+00   2.3430461e-02   5.1998517e-01  -1.2847857e+00
   2.0000000e+00   1.1101721e+00  -5.7420488e-01   8.5529762e-01  -9.0081858e-02   1.1149475e+00  -5.7774132e-01
   2.0000000e+00  -7.4115728e-01  -2.9173025e-02   1.0475090e+00  -2.0101572e+00   7.2436861e-01   1.1926920e+00
   2.0000000e+00  -1.1308456e+00   1.0540351e+00  -1.1185052e+00   2.9324466e-01   1.3720606e+00  -2.7396468e-01
   1.0000000e+00  -4.1442049e-01   4.3451649e-01  -2.8901482e-01   2.0971284e-01  -4.8161083e-01   5.8783290e-02
   2.0000000e+00  -1.0293597e+00   4.2807048e-01  -5.9946758e-01   1.1244011e+00  -6.6931714e-01   1.5188221e+00
   2.0000000e+00  -1.1727983e+00  -1.2963626e+00  -1.5534140e-01  -3.6289668e-01  -5.5526909e-01   5.3182633e-01
   2.0000000e+00  -1.2389435e+00  -1.6524546e+00  -2.8775464e-01  -5.5908396e-02  -1.4383822e+00  -1.0549936e+00
   2.0000000e+00   1.1904387e+00   2.1228242e+00  -2.0352687e-01   1.7487746e-01   2.4838630e-01   1.5235777e+00
   2.0000000e+00   6.3136063e-01   2.1154450e-01   6.2058268e-01  -5.6158869e-01  -8.7399995e-01  -5.5729110e-01
   1.0000000e+00   5.3546033e-01   4.1456550e-01  -5.0169208e-01   8.4671751e-01  -8.8626467e-01   9.1620575e-03
   2.0000000e+00   1.8489708e+00  -6.4566403e-01   2.8369027e-01   2.7039041e-01   1.3486633e+00   4.5184527e-01
   2.0000000e+00  -1.9392273e+00  -7.3234937e-01  -1.9177184e+00  -5.4385392e-01  -7.5177562e-01  -8.5490007e-01
   2.0000000e+00  -9.9388708e-01  -9.4815478e-01  -1.6240710e+00   1.1709717e+00   9.3397369e-02   1.2310645e+00
   2.0000000e+00   1.3223377e+00   1.5702325e+00   4.9024778e-01  -6.2997679e-01  -1.4010047e+00   1.9636859e+00
   2.0000000e+00  -2.5204066e+00   5.5386560e-01   4.2653124e-01  -1.0124952e+00   1.8399549e+00  -4.7639209e-01
   2.0000000e+00  -1.8020895e-01   1.3225983e-01  -7.7265464e-01   6.7028324e-01  -8.6733527e-01  -6.2986315e-01
   2.0000000e+00   1.6873354e+00   1.2949513e+00  -3.1526445e-01  -1.7923940e-01  -1.2768102e-01   4.4488884e-01
   2.0000000e+00  -1.5566544e+00  -2.9599010e-01   3.3297758e-01   6.5489500e-01   6.8722102e-01  -6.3668184e-01
   2.0000000e+00  -4.2282885e-01   1.2252333e-01  -5.1118372e-01  -3.8149289e-02   7.1156711e-01  -8.9575995e-02
   2.0000000e+00  -2.7018489e-01  -1.0422573e+00  -9.8481446e-01  -1.4107521e-01  -5.4350564e-01  -8.6365424e-01
   2.0000000e+00  -7.2150364e-01   5.6795326e-01  -3.5378377e-02  -2.6472273e-01  -5.7127663e-01  -9.1370244e-01
   2.0000000e+00   1.5666775e+00   1.5279039e+00  -9.1205697e-01  -3.4195126e-01  -3.5065044e-01  -3.2817386e-01
   2.0000000e+00  -2.0751030e-01   4.3751882e-01  -1.6316160e+00   3.1375216e-01   1.0985978e+00   1.3339849e+00
   2.0000000e+00   1.2270913e+00  -6.8688764e-02   6.3973483e-01  -1.5468841e+00  -1.0417256e-01  -7.4651040e-01
   1.0000000e+00   5.9527257e-01  -1.4535348e+00   8.0283123e-01   6.9594488e-01  -3.6390314e-01   3.7399062e-01
   2.0000000e+00  -5.5687513e-01   1.1311899e+00   9.5099464e-01  -8.9045923e-01   4.2313473e-01  -3.5070452e-01
   1.0000000e+00   3.2721471e-01  -1.3083878e+00   5.2753104e-01   5.1019676e-01  -2.0862412e+00   5.9203114e-01
   2.0000000e+00   9.4512477e-01  -1.3917806e+00  -9.2379781e-02  -7.8454938e-01   4.9298744e-01  -9.5124095e-02
   2.0000000e+00   1.0936860e+00   1.1272226e+00   9.9456276e-01   1.8498871e+00   1.4344623e+00  -1.2410451e-01
   1.0000000e+00  -9.5109650e-02   3.4932106e-01   3.6026458e-01  -2.8632544e-01   1.1877608e+00   2.3103809e-01
   2.0000000e+00  -6.3942090e-01   3.1098161e-01  -2.8025953e-01   8.7291746e-01   3.3324066e-01  -9.7789068e-01
   1.0000000e+00   1.4017468e-01   2.0242286e+00  -4.5100085e-01   1.1146727e-01  -1.3923136e+00   7.1609934e-01
   2.0000000e+00  -8.8056835e-01   1.1493230e+00  -1.4048072e+00  -7.5564326e-02   5.4630722e-01  -8.6790739e-01
   2.0000000e+00  -1.6557720e+00  -3.4940916e-01   1.3939017e-01  -7.9438569e-01  -3.3504848e-01  -1.0321270e+00
   2.0000000e+00   9.7569416e-01   1.7841508e+00   3.2617915e-01   1.0339650e-01   2.8957029e-01  -1.5752468e+00
   2.0000000e+00   7.2005108e-01   1.0507600e+00  -3.1473638e-01  -1.8106900e+00   1.0425232e+00  -3.9054604e-01
   2.0000000e+00   4.2686448e-01   5.9961268e-01  -3.2674409e-01   3.8574400e-01   4.7612722e-01   1.6709160e+00
   2.0000000e+00   6.9579295e-01  -7.0370282e-01   1.5502845e+00   1.3112931e-01  -1.9752604e-01   8.5693801e-01
   2.0000000e+00  -1.4827274e+00   3.7859301e-01  -1.3171942e-01   6.5748929e-01  -2.3074799e-01   6.2496450e-01
   2.0000000e+00   1.1721639e+00  -1.0936029e-01   3.8339878e-01   5.3703165e-01   9.5436034e-01   3.7935173e-01
   2.0000000e+00   2.4009842e+00   8.2496829e-02   1.4996754e+00  -2.2030527e-01  -1.1371946e+00  -1.1117662e+00
   2.0000000e+00  -1.2110701e+00  -1.5531089e+00  -2.2816652e-01  -6.5993138e-01   1.9728588e-01  -8.0764915e-01
   2.0000000e+00  -1.4506808e+00  -3.6685012e-01   5.3817322e-01  -1.5235656e-01  -2.6838668e-01  -9.6536462e-01
   2.0000000e+00  -1.0081423e+00   1.0365631e+00   1.2976377e+00   3.1685813e-01   3.3325655e-02  -3.9770446e-01
   2.0000000e+00  -8.8726833e-02  -5.4817094e-01  -8.6443037e-01  -8.5741069e-01  -1.1356307e-01  -1.2720017e+00
   2.0000000e+00  -4.2560543e-01   2.5336608e+00  -2.0666484e+00  -3.3377897e-01  -1.6646161e+00   1.2961644e+00
   2.0000000e+00   1.4571696e+00   6.6781082e-01  -6.7340871e-01  -8.6820989e-01  -6.2390740e-01  -1.3004836e-01
   2.0000000e+00  -8.1404999e-01  -4.9911496e-01   2.5661546e-01   2.7814698e-02  -7.2352141e-01  -3.9319301e-02
   2.0000000e+00  -8.5142727e-02  -5.7724826e-01   8.1276529e-01   7.5884356e-01  -9.2853892e-01   1.1373276e+00
   2.0000000e+00  -6.0660504e-01  -1.1048021e+00  -1.1102677e+00  -1.4826108e+00   1.1097407e+00  -2.0389135e+00
   2.0000000e+00  -5.1003275e-01   1.9495059e+00   6.7570187e-01   9.6267369e-01   1.0690458e+00   1.1142874e+00
   2.0000000e+00   8.3593305e-01  -6.4427988e-01  -8.1839059e-01   4.7911994e-01   1.7108179e+00  -6.0067355e-02
   2.0000000e+00   1.2783774e+00   2.4175658e-01  -2.1285366e+00  -7.1012826e-01   5.7709064e-01  -2.6399074e-01
   2.0000000e+00   8.2519539e-01  -6.1109458e-01   4.5122414e-01  -1.6572942e+00   5.1440884e-01  -2.9414763e-01
   2.0000000e+00  -1.2042972e+00  -5.1020429e-03   5.7923281e-01   7.5404627e-01   7.4138037e-01  -7.2830041e-01
   2.0000000e+00   2.2367422e+00  -1.7125333e-01   1.3629101e-01   2.4363892e+00   2.7485375e-01   2.7800667e+00
   2.0000000e+00  -1.6232934e-01   3.7156307e-01   4.6816253e-01  -5.2074528e-01  -8.9459281e-03  -1.4321345e+00
   2.0000000e+00   1.0816478e+00   5.7910517e-01   7.9657124e-01   4.2778523e-01  -1.9445353e-01   2.1464279e-01
   2.0000000e+00  -3.3088106e-01   1.6480156e+00  -9.1460398e-01  -7.5033516e-01  -1.7000476e+00  -2.7596433e-01
   2.0000000e+00   1.3387626e+00  -3.2444672e-01  -1.7941608e-01  -1.2472327e+00  -4.8068141e-01  -1.9411407e+00
   2.0000000e+00  -9.8299274e-01   8.5621606e-01  -1.9560471e-01   1.2554845e-02  -1.5914429e-01  -1.2625320e+00
   1.0000000e+00   2.4521957e-01  -1.6446112e+00   5.3912182e-01  -3.7897852e-01  -1.0274712e+00   6.1172196e-02
   2.0000000e+00  -7.4417098e-01   1.0890373e+00  -3.6691165e-01  -3.7576139e-01   1.3166266e+00   1.4838515e+00
   2.0000000e+00  -5.9136525e-01  -4.8811455e-01  -1.0584521e+00   2.2482351e+00  -1.2733588e+00   8.7847748e-01
   1.0000000e+00   8.8210751e-02   2.2612174e-01   1.0018874e+00  -9.1665684e-01   3.6638556e-01   1.8837567e-01
   1.0000000e+00   8.5835898e-01  -5.7099056e-01   1.8948405e+00   4.6899148e-01  -7.8541195e-02   3.3190778e-01
   2.0000000e+00   1.2250558e+00  -1.3619650e+00  -6.9046240e-02  -8.6402867e-01  -7.0494454e-01  -3.6725954e-01
   2.0000000e+00  -2.4588037e+00  -6.7796308e-02   1.7240445e+00   1.0711213e-01  -5.1514001e-01  -1.3736072e+00
   2.0000000e+00   9.2102406e-01  -4.3921180e-01   2.7852961e-01  -4.6866177e-01   5.9947599e-01   1.0911603e+00
   2.0000000e+00   1.5160141e+00  -6.2992568e-01   4.1071327e-01  -7.4801676e-02  -7.1987532e-01  -2.9199279e+00
   2.0000000e+00  -6.5663105e-01   8.4844773e-01  -7.7394262e-01  -1.3199713e+00  -1.4055923e+00  -6.6778611e-01
   2.0000000e+00   2.5130282e-01   2.2547579e+00   1.9286391e-01   1.3216211e-02   5.9671095e-01   1.2962776e+00
   1.0000000e+00  -4.7424848e-01   1.6576255e+00   9.6081797e-01  -7.9403680e-01  -1.5444351e-01   4.2429520e-01
   2.0000000e+00   8.4404781e-01  -1.4574201e+00  -1.5822483e+00   1.9191469e+00   5.7394599e-01   8.3643788e-01
   2.0000000e+00  -2.5560103e-01   8.3549461e-01  -1.2834343e+00  -1.1412344e+00   1.0495603e-01  -5.2525249e-01
   2.0000000e+00  -1.7306610e+00   1.2610212e-01   6.3630230e-01  -8.2064085e-01   1.3599630e+00  -9.7132057e-01
   2.0000000e+00  -5.6654042e-01  -3.1513342e-01   3.4561910e-01  -1.7879135e+00   1.1402636e+00  -1.8270443e-01
   1.0000000e+00  -4.4927908e-01   1.3901826e+00  -3.8235913e-01  -1.5140628e+00   2.5934201e-01   8.7840738e-01
   2.0000000e+00   1.2115625e+00   6.0910323e-01  -1.1598327e+00  -2.1153528e-01   6.3871648e-01   3.4669979e-01
   2.0000000e+00   2.2624046e-01  -7.4278418e-01  -4.6313047e-01   1.4827134e+00  -9.0584052e-02  -2.9953768e-02
   2.0000000e+00   1.6154667e+00  -8.2611011e-01   6.8417222e-01   8.4949295e-02  -3.2809494e-01   7.0940290e-01
   2.0000000e+00  -3.7267537e-01  -8.0884134e-01   7.9858260e-01  -1.4110448e-01   7.0235688e-01   3.2630169e+00
   2.0000000e+00  -1.1675620e+00   1.0334644e+00  -5.9811464e-01  -6.0016633e-01  -1.4016060e+00   1.2272383e+00
   2.0000000e+00   6.0982733e-01  -5.2628654e-01   8.8508276e-01   1.0975438e-01  -1.9426118e+00  -7.5983694e-01
   2.0000000e+00   1.7659621e+00  -5.8752126e-01   6.8178658e-01  -1.5313891e+00   2.5835310e-01   1.8561939e+00
   2.0000000e+00   1.3289210e+00  -1.4731040e+00   3.1314412e-01  -1.2666816e+00   6.1060737e-01   1.2103751e+00
   1.0000000e+00   1.4842851e-01  -1.1730326e+00   1.0174005e+00   7.1461144e-01   4.0990744e-01   2.4952487e-01
   2.0000000e+00   1.4369661e+00  -9.2056774e-01   9.8139628e-01  -3.6231725e-01  -1.7328881e+00   3.4399679e-01
   2.0000000e+00  -1.2538994e+00  -3.5984828e-01   1.8266650e-01  -1.2393841e+00  -1.5500921e+00  -1.5583628e+00
   2.0000000e+00  -1.3970827e+00   6.8402589e-01   1.1640705e+00   7.8764544e-01   1.9960899e+00   2.1239098e+00
   2.0000000e+00   1.9549245e-01   3.0468934e-01   3.5750312e-01   3.2698021e-01   1.2026455e+00  -6.3348954e-01
   1.0000000e+00   3.1328870e-01   3.5599020e-01   6.5409767e-01  -2.1607773e+00  -5.8368513e-01   6.0181969e-01
   1.0000000e+00  -4.3434561e-01  -1.2422835e-01   6.2603434e-01  -2.2130085e-02   1.7698143e+00   5.1950607e-01
   1.0000000e+00  -8.1206276e-01  -2.3498871e+00  -3.3615357e-01   6.5355732e-01  -5.3980763e-01   1.8635991e-01
   2.0000000e+00  -5.4087934e-02  -9.3555629e-01  -1.8127774e+00  -1.0926197e+00   5.7572544e-01   1.2159547e+00
   2.0000000e+00   1.7212246e+00   4.0294985e-01   4.2982736e-02   1.5410456e+00   3.0226844e-01  -3.0429589e-01
   1.0000000e+00   1.8899400e-01   6.2177909e-01  -6.7086403e-01  -5.4539162e-01   4.2117304e-01   8.8750813e-01
   2.0000000e+00  -1.0500877e+00   1.0081686e+00   3.0316058e-01  -9.4997769e-01  -1.4243849e+00  -8.5248824e-01
   2.0000000e+00   7.0111718e-01   1.3814353e+00   2.0519510e+00   5.9336367e-01  -1.1041537e+00   1.4499661e+00
   2.0000000e+00   1.0100124e+00   1.1618364e+00  -5.3842046e-01  -7.0621289e-01   1.4062772e+00  -7.8211848e-01
   2.0000000e+00   1.2776583e+00   9.5756381e-03   7.2961775e-02   1.5155281e+00  -2.3135059e-01  -1.4291275e+00
   2.0000000e+00   9.4076279e-02  -2.9709047e-01   7.0352243e-01   2.2411878e+00   1.5976084e+00  -1.0670962e+00
   2.0000000e+00   8.3733995e-01   7.1212635e-02  -3.9618814e-01  -1.6330441e+00  -1.1471069e-02   7.6003525e-01
   1.0000000e+00  -6.9125154e-01   1.1156611e-01  -7.1333814e-01   1.0581179e+00   1.4187265e+00   6.0345894e-01
   2.0000000e+00   9.1910749e-01  -5.0905649e-04   1.4066652e+00  -1.3197232e+00   3.8254360e-01  -5.4190235e-01
   2.0000000e+00  -1.0624866e-02  -2.9587217e-01   2.6178256e-02   9.4789773e-01   6.3448408e-01  -1.2553287e-01
   2.0000000e+00  -4.2337536e-01   1.1321566e+00  -5.0322648e-03   4.9408875e-03  -1.2879183e-01  -5.4501893e-01
   1.0000000e+00  -9.3269840e-02   2.1644885e-01   9.9893999e-01   5.1712024e-01   6.9635170e-01   1.6794762e-01
   2.0000000e+00  -5.4160697e-01  -1.2829853e-01  -4.1599475e-01   8.3769819e-01   1.4263188e+00  -1.4022243e+00
   2.0000000e+00   9.6559550e-01   1.2900398e+00  -1.0931552e+00   4.7072121e-01   1.0016231e-01   3.2386300e-01
   2.0000000e+00   1.1860108e+00  -2.3275196e-01   1.8841908e+00   4.1802175e-01   2.0101012e+00  -2.3842011e-01
   2.0000000e+00  -9.2355796e-02  -1.3194520e-01  -7.8440162e-01  -1.5600814e+00  -4.3144938e-01  -9.3065367e-01
   2.0000000e+00   6.3477409e-01   2.0582628e-01   2.8047532e-01  -6.7768043e-01  -1.3085667e+00  -3.1405444e-01
   2.0000000e+00   5.5585566e-01   2.1371324e+00   4.6807450e-01   1.8204445e+00   4.3189160e-01  -6.1420133e-01
   2.0000000e+00  -1.5138992e+00   2.6763513e+00  -5.3492483e-01  -3.0001382e-01  -4.9276536e-01  -1.3548112e+00
   2.0000000e+00  -1.6599563e-01  -1.0582572e-01  -5.9009843e-01  -7.0556171e-01  -2.3425488e+00  -5.7655637e-01
   2.0000000e+00  -6.5053678e-01  -7.9678606e-01  -2.5116425e-01  -3.1256314e-01   5.1796883e-01  -6.2502340e-01
   1.0000000e+00   6.4273653e-01   9.7289016e-01   1.2161914e+00   1.2606762e+00   4.5531743e-01   3.0303931e-01
   2.0000000e+00  -1.2120802e+00  -9.7291877e-01   9.3115718e-01  -1.4097885e+00  -1.1318524e+00  -1.0166674e+00
   2.0000000e+00  -7.3004881e-01   8.7311759e-01  -7.0125248e-01   1.4735420e+00   4.6952941e-01  -1.1432983e+00
   2.0000000e+00   1.3306536e-01  -2.1554022e+00  -6.0362846e-01  -3.9280339e-01   3.5373339e-01  -1.0026280e+00
   2.0000000e+00   1.0534775e+00   1.8614091e+00   1.5279562e+00  -1.2883712e+00   1.3536512e+00  -1.8045779e-01
   2.0000000e+00  -8.0260943e-01   5.9205914e-01   1.2666979e+00   4.3953692e-01   2.8685518e-01   1.0216420e+00
   2.0000000e+00  -3.6002419e-01   1.1250108e+00  -4.7276337e-01   7.8549951e-01  -9.4074031e-01  -1.8737558e+00
   2.0000000e+00  -1.6119694e-01  -2.0116068e+00  -7.1736279e-01  -1.5856802e+00   6.6727185e-01  -1.6816636e+00
   2.0000000e+00  -1.0544403e+00  -2.8129436e-01  -1.2208832e+00  -1.3764639e+00  -3.4138174e+00  -8.5404086e-01
   2.0000000e+00   4.6203704e-01  -8.8982076e-01  -3.2418175e-01   4.2227254e-02   1.1881713e+00  -1.7405404e-01
   2.0000000e+00   1.3574038e+00   4.6255354e-01  -1.2432293e+00   5.3159060e-01   1.1735333e+00  -1.0026409e+00
   2.0000000e+00  -3.8377374e-01   1.0531852e+00   1.4819895e+00   8.0331517e-02   4.2431190e-01  -1.7533705e-01
   2.0000000e+00   5.2920598e-01  -2.0808945e-01  -1.1210616e+00  -1.4869506e+00   2.2199654e-04  -8.6403017e-01
   2.0000000e+00  -1.1182976e+00   2.3055964e-02  -9.8058714e-01   1.9311071e+00   4.5008016e-01  -1.8803185e+00
   1.0000000e+00  -3.2449423e-01  -4.2614790e-02  -1.7498317e-02  -1.0135513e+00   3.6565737e-01   1.9405371e-01
   2.0000000e+00  -6.5541383e-01  -1.3002047e+00   2.9617931e-01   9.7957459e-01   9.2693059e-01  -4.9910046e-01
   2.0000000e+00  -1.8852856e+00  -6.4316197e-01   6.0590002e-01   2.3867477e-01   1.7547724e-01  -1.5094526e+00
   2.0000000e+00   9.4233884e-01   1.0263364e+00  -4.7834171e-01  -4.9863979e-01  -7.2957873e-01   7.3092649e-01
   1.0000000e+00  -9.1061520e-01   2.4722503e-01  -5.0225151e-01  -1.1179660e+00  -2.0068279e+00   1.0561256e-01
   2.0000000e+00   8.4805940e-01  -6.7831119e-01  -3.5674219e-01  -3.1012772e-01   1.2529471e+00   1.0566087e+00
   1.0000000e+00  -5.5839960e-01   1.3291421e+00  -7.4965351e-01   2.3686732e+00  -1.7333398e+00   1.6024757e-01
   2.0000000e+00  -6.1090166e-01   7.2115470e-01   1.5705403e-01  -1.0919248e+00  -6.0880403e-01  -1.2999952e-01
   2.0000000e+00   1.3030571e+00   7.4891663e-01   2.0450698e-01   2.2621662e-01   3.3016105e-01   1.0412619e+00
   2.0000000e+00  -5.9746149e-01   1.7444664e-01  -2.1218446e+00   7.4288776e-01   4.5846782e-02  -1.6022400e-01
   2.0000000e+00   8.4550277e-01   1.3814452e-01   2.1591432e+00  -9.9239983e-01  -2.1433839e+00   7.6996187e-02
   2.0000000e+00  -9.5037490e-01   1.1746282e+00   4.7141247e-01   1.1057086e-01   1.2133027e+00  -1.3195539e+00
   2.0000000e+00   2.1953288e+00   2.7162120e-01   2.0106141e+00   1.3992731e-01  -1.3855398e+00  -1.8182909e+00
   2.0000000e+00  -9.7806240e-01  -1.8261865e-01  -1.3095377e+00  -2.5892129e-01  -9.1841439e-01  -1.2660325e+00
   1.0000000e+00  -3.4719161e-01  -8.8685185e-01  -8.7340498e-01  -1.4421544e+00  -7.3037692e-01   5.7775982e-01
   2.0000000e+00  -2.1711696e+00   1.4123675e+00  -9.1763452e-01  -7.0310124e-01   7.8879935e-01   1.6400776e+00
   2.0000000e+00  -2.0064734e+00   5.8365277e-01  -1.7671105e+00   1.2197493e+00   2.3745845e-01  -2.0441448e+00
   2.0000000e+00  -7.3807212e-01  -1.7061368e-01   1.1139309e+00  -3.0129097e-01  -1.3764803e+00  -4.5408758e-02
   2.0000000e+00   1.2230371e+00  -2.1652702e-01  -1.2529428e-01  -7.0029210e-02  -5.2621391e-01   1.8763157e-01
   2.0000000e+00   8.2897000e-01   1.1266135e+00  -2.4928572e+00  -1.2447797e+00   2.3382376e-01   6.4032278e-01
   1.0000000e+00   1.1587466e-01   1.1716634e+00   1.5054802e-01  -1.7024418e+00   2.9205501e-01   6.4223965e-01
   2.0000000e+00   1.0523598e+00   3.5910045e-01   8.5144776e-01   1.7916084e+00  -1.1735271e+00   1.2627323e+00
   2.0000000e+00   5.3043617e-01  -8.2432261e-01  -6.8165699e-01   1.3115297e-01   1.5256703e-01  -2.7924062e-01
   2.0000000e+00   1.1335237e+00  -1.3282145e+00  -5.2292422e-01   5.4346740e-01   4.0531267e-01   6.3878971e-01
   2.0000000e+00  -1.4760663e+00  -1.2834216e+00  -9.4319844e-02   7.0327596e-01   2.8883278e-02  -8.4646902e-01
   1.0000000e+00  -3.7359381e-01   9.8162779e-01   4.4518125e-01  -6.0386110e-01  -8.6012129e-01   2.9024536e-01
   2.0000000e+00   2.3695447e+00  -4.8086762e-01  -3.5518268e-01   8.3772030e-02   1.1206425e+00  -5.6417792e-01
   1.0000000e+00   6.3494372e-01  -2.1237579e-01   1.4267343e+00   4.4269896e-01  -4.5993970e-01   4.8614493e-01
   2.0000000e+00  -8.2063178e-01  -1.9074545e-01   2.2514911e-01   3.4628336e-01  -3.3740831e+00  -1.6359327e+00
   2.0000000e+00   4.1604399e-01   9.7328606e-01  -1.4200793e-01  -1.7624517e+00   5.0716009e-01   1.0946643e+00
   2.0000000e+00  -7.6676204e-01   1.0414083e+00  -5.7209938e-01  -6.3585054e-01   3.7394318e-02  -2.1399345e-01
   2.0000000e+00   1.0124700e+00  -1.8209534e+00   2.5217187e-01  -8.1337683e-01  -1.4419383e+00  -1.3948062e+00
   1.0000000e+00  -3.2688314e-01  -9.9196299e-01  -4.7898781e-01   1.1650563e+00  -8.2986885e-01   7.6066498e-01
   2.0000000e+00   7.8376646e-02  -3.7632649e-01   3.6586391e-01  -5.3611052e-02  -4.0495530e-02  -7.3951246e-03
   2.0000000e+00   8.1122658e-01   5.1848728e-01  -1.0582897e+00   1.1535577e-01  -1.2432264e+00  -3.0099610e-01
   2.0000000e+00  -8.4482673e-01   1.5529298e+00  -1.0624741e+00  -7.2908789e-01  -3.4919604e-01  -3.0605608e-01
   2.0000000e+00  -3.6532241e-01  -8.0774162e-01  -3.8638250e-01   8.0818297e-01   1.2700313e+00  -9.5440112e-01
   1.0000000e+00   5.5397528e-01  -3.3963201e-01  -1.9455441e-01  -3.0621931e-01   6.8516069e-01   3.0724626e-01
   2.0000000e+00  -2.3176256e-01   4.0089570e-01   5.6387073e-01   3.8350495e-01  -7.0049586e-01  -4.4109846e-01
   2.0000000e+00  -1.6282621e+00   6.5723628e-02  -2.3267714e+00   4.5425453e-01  -9.1556710e-01   8.6072097e-01
   2.0000000e+00  -1.7097471e-01   6.4583438e-02  -7.3350806e-02  -1.7161757e+00  -7.6182243e-01  -2.0202642e-01
   1.0000000e+00  -8.2180818e-01   3.6099022e-01   1.2910604e+00  -9.1217226e-01   7.6675588e-01   4.5980743e-02
   2.0000000e+00   1.3620151e+00   5.5194773e-01   1.7651078e+00  -5.1995515e-01  -1.1380103e-01  -1.9006206e-01
   2.0000000e+00   5.5149736e-01   4.0286946e-01   1.2375273e-03  -1.2231935e+00   7.7117710e-01  -7.8984629e-01
   2.0000000e+00  -7.8806593e-01   1.7310501e+00   5.2275702e-01  -6.4936907e-01   6.8634735e-01  -4.3044977e-01
   2.0000000e+00  -7.4504069e-01   3.9435792e-01  -3.8765501e-01  -5.4756843e-01   1.7133746e-01  -7.8639559e-01
   1.0000000e+00   1.9985745e-02  -2.2670007e-01  -1.1370688e-01  -1.5802249e+00  -5.0211348e-02   1.0440175e-01
   2.0000000e+00  -1.1872287e+00  -2.7679655e-01   1.4382509e+00  -3.5179284e-01  -8.4189683e-01   1.6806602e+00
   2.0000000e+00   6.3553316e-01   2.5556474e+00  -6.5999321e-01  -4.9130056e-01  -4.4270676e-02  -2.9024031e-02
   1.0000000e+00   2.1046766e-01  -2.9954431e-01   6.0183421e-02   1.2544841e+00  -3.2857522e-01   5.1999342e-01
   2.0000000e+00  -1.2248083e+00  -4.9227146e-01   1.3338362e+00  -6.6546284e-01  -8.9614188e-01  -2.4681881e-01
   2.0000000e+00  -1.1002707e+00  -5.7538543e-01   4.5021835e-01  -7.0573303e-01   8.5263028e-01  -1.3352546e+00
   1.0000000e+00   3.6203995e-01  -1.3345371e-01  -4.2590635e-01   1.8757976e+00  -1.0812281e+00   7.9885565e-01
   2.0000000e+00  -1.1928588e+00  -8.6339707e-01  -8.9754385e-02   2.0668312e-01  -3.3267691e-01   1.1813911e-01
   2.0000000e+00  -1.3613350e-01  -1.6898489e+00   1.0374561e+00   7.2800758e-01  -6.6323620e-03  -1.0436248e+00
   1.0000000e+00   4.7800326e-01   3.7998267e-02  -8.5766102e-01   2.4343628e-01   7.4034152e-01   6.5512849e-01
   2.0000000e+00  -1.5123965e+00  -2.9660785e-01   5.2896691e-01  -9.6790586e-01  -1.3885519e+00  -1.6990668e-01
   2.0000000e+00   2.5310373e-01  -1.3414425e+00   3.7824631e-01  -1.3682044e+00  -1.7652165e-01   1.3077747e+00
   2.0000000e+00   7.7833069e-01  -1.1174755e-01  -4.7518597e-02  -7.1014735e-01  -1.3354188e-01  -5.6359619e-02
   1.0000000e+00   5.3161121e-01  -4.1685054e-01  -8.5718394e-01   1.3222699e+00  -1.5855665e-01   5.2869807e-01
   2.0000000e+00   4.4112764e-01   1.0893321e+00  -1.0435006e+00  -1.9544309e-01  -5.0214271e-01  -1.6202830e+00
   2.0000000e+00  -6.6783183e-02   2.0141430e+00   1.8637154e-01   7.2173982e-01   1.0539608e+00  -1.0046197e+00
   2.0000000e+00   6.4314507e-01   1.0090283e+00  -6.8932877e-01  -2.9650390e-01  -1.2379864e+00   1.3167591e+00
   2.0000000e+00   2.2406150e+00   3.1864183e-01   4.5164025e-02  -1.8760860e+00   4.4465320e-02  -1.2189030e+00
   2.0000000e+00  -6.9683911e-01   3.9056226e-01  -9.1516480e-01  -5.1784614e-01   2.0296487e+00  -8.3903820e-01
   2.0000000e+00   8.6048847e-01  -3.9604997e-01  -8.9482411e-01   7.1982593e-01  -1.4273298e+00  -2.1471343e-01
   2.0000000e+00  -1.0455518e+00   6.0153322e-01   2.2038289e+00   1.6523070e+00  -3.9143188e-01   1.9474747e-01
   2.0000000e+00   3.3445960e-01   9.5958170e-01   2.3127753e+00   1.7125802e-01   4.2221186e-01  -2.8360313e-01
   2.0000000e+00   1.0779517e+00   1.2537112e-01  -3.9579467e-01   8.9464612e-01   1.4620745e+00  -2.1932169e-01
   1.0000000e+00  -9.5799454e-01  -1.2514293e+00  -8.8832937e-01  -2.6142013e-02  -1.1538132e-01   1.9134673e-01
   2.0000000e+00   7.4806076e-01  -1.6570639e+00  -6.3804575e-01   1.7285280e+00  -1.7045016e+00  -1.9171564e+00
   2.0000000e+00   4.6406703e-01  -5.0776357e-01  -6.8223675e-01   4.8633788e-01   1.0820460e-01  -1.5439696e-01
   2.0000000e+00   4.0162325e-01  -1.3061881e+00   1.4946619e+00  -1.5540239e+00   9.7866726e-01  -6.1308417e-01
