   1.0000000e+00  -1.9030396e-01   3.8963361e-01  -4.4935672e-01   1.0686322e+00  -1.5147614e-01  -1.4788522e-01
   1.0000000e+00   2.6516295e-02   2.0553809e-01  -8.2805005e-01   5.4894425e-01   1.0297494e+00  -3.8213314e-01
   2.0000000e+00   5.0071916e-01  -1.1798341e+00   1.6745936e-01  -6.7102119e-01  -2.9839284e-01   4.9437402e-01
   2.0000000e+00   1.0371410e+00  -4.3877974e-01  -7.3558324e-01  -1.7253890e+00   4.1963195e-01   3.4704297e-01
   2.0000000e+00  -4.7451505e-02   6.0664644e-01   8.7852764e-01   2.5729127e-01  -1.0398514e+00   7.4785613e-01
   2.0000000e+00  -1.0259387e+00  -1.1266278e+00   6.8199369e-01   5.6136681e-01  -1.1305383e-01   3.2105405e-01
   2.0000000e+00  -1.0489633e+00  -8.0529686e-01   3.4164156e-01  -1.1651595e-01   4.9091087e-01  -4.5771696e-01
   2.0000000e+00   1.0111455e+00  -1.6598976e+00   2.9531691e-01  -9.4454404e-01   3.9016316e-01   5.9296598e-01
   1.0000000e+00   5.5548367e-02   2.8957233e-01  -6.9633315e-01   1.2818145e+00   2.3523720e-01   3.6924093e-01
   1.0000000e+00  -1.5036115e+00   4.5099435e-01  -1.5038349e-01  -1.2010389e-01  -6.0689370e-01  -1.3329006e+00
   2.0000000e+00   9.9060409e-01   8.9510154e-01   1.7461596e+00   1.3713724e-02   4.5308504e-02  -3.7625275e-01
   1.0000000e+00   1.1333238e+00   7.8794318e-01   2.0624926e-01  -1.2529197e+00   1.1335097e-01   1.7931364e+00
   2.0000000e+00   2.3823212e-01  -5.2041710e-01   5.1131416e-01   1.3939581e+00   1.7726350e+00  -6.0850269e-01
   2.0000000e+00  -4.3594289e-02  -1.1478853e+00   4.0752835e-01  -7.7099321e-01   2.4719065e-01  -1.5650426e+00
   2.0000000e+00  -7.0321409e-01  -1.1955185e+00  -9.0584040e-02  -6.9074596e-01  -3.0784979e-01   2.4763571e-01
   1.0000000e+00   9.8251537e-01   1.9718214e-01  -7.1521055e-01   3.8800076e-01   2.4793634e-01  -2.7302398e-01
   2.0000000e+00  -1.6673481e+00  -1.3390092e+00   4.5193025e-02   1.0178497e-01   8.7967530e-01  -7.0870879e-01
   2.0000000e+00  -1.6984204e+00   7.6971933e-01   7.2052117e-01   1.6162193e+00  -4.3310115e-01   3.7544337e-01
   2.0000000e+00   7.0004437e-01   3.2216963e-01  -1.0300217e+00   2.1006051e-02   1.0051790e+00   2.0070624e-03
   1.0000000e+00   1.0364759e+00   5.9963145e-01  -6.1532444e-01  -1.1053970e+00   8.3352029e-01  -9.1822848e-01
   2.0000000e+00  -4.8158084e-01   1.5775448e+00  -1.9928832e-01   1.1403711e+00  -1.8045127e-01  -9.8935885e-01
   2.0000000e+00  -8.3470438e-02  -9.4690101e-01  -1.0912626e+00   2.5520820e-01   6.9362177e-01  -6.3725745e-01
   2.0000000e+00   2.7002178e+00  -8.0325020e-01  -8.8155260e-01   1.1975002e+00  -1.4241711e+00   2.3633955e+00
   2.0000000e+00   6.7027344e-01   1.0832832e+00  -6.4410539e-01  -3.0417689e-01  -1.6479934e+00  -4.6043656e-01
   1.0000000e+00   5.8340834e-01   6.3844541e-01  -2.0472626e-03   2.0592481e+00  -1.8250291e+00   1.5389729e-01
   1.0000000e+00  -6.8834647e-01   8.0513784e-01  -4.9317037e-01   1.5244244e-01   1.3524343e-01  -4.1263513e-01
   2.0000000e+00   1.4814030e+00  -1.4216217e-01  -1.4674523e+00   3.3688396e-01   4.6398493e-01   3.7538531e-01
   2.0000000e+00   4.5002959e-01  -1.6955705e+00   7.6201395e-01   7.6506847e-02   8.5820037e-01   6.3076591e-01
   1.0000000e+00   4.5216472e-01   7.9607129e-01   2.4633227e-01   5.0894838e-01   8.4734124e-01  -3.2687423e-01
   2.0000000e+00  -1.2789949e+00  -1.6470989e+00   1.2476048e+00   5.1205364e-01   2.1872869e-02   2.0530738e-01
   2.0000000e+00   1.9780606e-01  -2.6021727e+00   1.3264177e+00  -7.0955617e-01  -7.4278740e-02   1.7059064e+00
   2.0000000e+00   7.6261370e-01  -4.2551511e-01  -2.1412955e-01  -7.1238633e-01  -6.8330576e-01  -6.0759470e-01
   1.0000000e+00   6.1641615e-01   1.8133920e-01   6.8956391e-01   3.7440309e-01   1.6320023e+00   8.7001581e-01
   1.0000000e+00  -4.5274006e-01   4.1870726e-01   1.0939162e-01  -2.8250204e-01  -8.8444828e-01   3.0742689e-01
   2.0000000e+00   1.7161791e+00  -5.8838867e-01  -5.6186578e-01  -4.9991086e-01   2.9368017e-01   7.0735968e-01
   2.0000000e+00   1.5439403e+00  -4.9743606e-01   8.1470233e-03   8.0978379e-01   3.9189515e-01   6.2712338e-02
   2.0000000e+00   1.5802371e+00  -3.6574936e-01  -1.5191006e+00   9.1418838e-01  -2.9268420e-01  -4.3772434e-02
   2.0000000e+00   5.8371330e-02  -1.0413006e+00  -3.1268135e-01   5.2143425e-01   6.4799129e-01  -1.3850671e+00
   2.0000000e+00   2.5866033e-01  -5.6034288e-01  -7.8377604e-01   5.9718592e-01   1.1585737e+00  -3.6819467e-01
   2.0000000e+00  -4.5197994e-01   1.3252112e+00   1.4351255e+00  -3.5150153e-01  -6.8470068e-01  -2.1344811e+00
   2.0000000e+00   2.3671095e+00   1.7984861e+00   3.7870978e-01   3.9197507e-01  -7.8079503e-01   1.0315123e+00
   2.0000000e+00  -1.2157501e+00   2.6468742e-01  -1.4409472e+00   4.8927800e-01   1.7756809e+00  -2.3075734e-01
   2.0000000e+00   1.9959633e-01  -7.5169717e-01   1.1439897e+00  -2.9121605e-01  -6.4574609e-01   1.0395468e+00
   2.0000000e+00  -2.1976171e-01  -6.6710430e-02   5.0539715e-01   1.4680451e+00  -4.3070284e-01   6.1308837e-01
   1.0000000e+00  -1.0181264e+00   4.0813593e-01  -7.4860863e-01  -3.2598195e-01   2.9879682e-01  -8.6474363e-01
   2.0000000e+00  -1.6336261e+00  -4.4008145e-01  -1.0048643e+00  -6.5812171e-01  -3.8463269e-01  -1.6228045e+00
   1.0000000e+00   5.2298529e-01   5.2425236e-02  -5.2486557e-02   9.9287451e-01   1.3651058e+00   2.2206859e-01
   2.0000000e+00   1.3210488e+00   6.3780743e-01  -8.2338975e-01   3.3475743e-01  -5.1000276e-02  -6.0682663e-01
   2.0000000e+00  -4.6260640e-02  -8.5978734e-01   8.4818229e-01  -4.7927044e-01   9.3236953e-01   4.4677560e-01
   2.0000000e+00   1.9035839e-02  -4.4135158e-01   1.6904303e+00  -1.4009437e+00  -2.3945451e+00   1.4243243e+00
   2.0000000e+00   9.6183668e-01   1.4335183e+00  -1.8532893e+00  -1.9706168e-01  -4.3968964e-01  -1.1697233e+00
   2.0000000e+00  -1.0194554e+00  -1.2240396e+00  -9.5818183e-01  -5.2617504e-02  -1.4200266e+00   1.7764075e+00
   2.0000000e+00  -1.0909403e+00   9.0543757e-01   5.9214532e-01   3.0155139e-01   1.3895734e+00   1.0778219e+00
   2.0000000e+00  -1.8540891e+00  -9.1002058e-01  -1.0773630e-02  -1.2021367e+00  -1.6371560e+00  -5.0952393e-01
   1.0000000e+00  -1.0331972e+00   5.4462007e-01   5.3806186e-01   2.3702118e+00  -4.2174773e-01  -1.6313754e+00
   2.0000000e+00   8.4420462e-01  -1.0631203e+00  -4.9454492e-01  -2.6042561e-01  -1.7488022e+00  -2.6170058e-01
   2.0000000e+00  -6.9087316e-01   1.4503418e+00   9.4698288e-01   6.0117540e-01  -2.5723254e-01   5.5602877e-01
   2.0000000e+00   1.2130794e+00  -1.1553525e-01   8.5646226e-01   4.6312813e-01  -1.7545901e-01  -9.5604408e-01
   2.0000000e+00  -1.1428546e+00   4.9666970e-01   2.3452311e+00   1.2489263e-01   7.3111972e-01   5.9875760e-01
   1.0000000e+00  -4.2824664e-01   2.2879441e-01   6.6312341e-01  -1.5292937e+00   2.6925777e-01   1.3597912e-01
   1.0000000e+00  -1.1337852e+00   3.5637112e-01  -8.0061814e-02   9.6734756e-01  -1.1129295e+00  -1.7004608e+00
   2.0000000e+00   7.4826868e-01  -3.8114320e-01  -1.2004648e+00   1.5813140e+00   8.7697000e-01   2.0123422e+00
   2.0000000e+00   1.0959726e+00  -1.5085653e+00   9.0681211e-01   1.3397433e+00   3.5846384e-01  -1.0964819e+00
   1.0000000e+00   3.3531918e-01   1.7654402e-01   3.6207613e-01   4.3116393e-01  -9.0967530e-02   6.5154659e-01
   2.0000000e+00   1.2381186e+00   6.6982043e-01  -1.2354215e+00   7.8513687e-02   2.9836495e-01   1.7674405e-02
   2.0000000e+00   6.9638715e-01   9.4826463e-01   8.3909720e-01   5.5925445e-01   1.2575328e-01   3.9195154e-01
   2.0000000e+00   7.3027328e-01  -2.5816929e+00  -1.4576579e+00   1.8702071e-01  -1.4004519e+00   2.4650815e+00
   2.0000000e+00  -8.2343657e-01  -1.6012285e+00   1.9465228e-01  -5.0754268e-01   4.1634081e-01   8.9459553e-01
   1.0000000e+00  -8.7594392e-01   2.0226453e-01   4.2806050e-01  -1.5824212e+00   4.1599211e-01   5.6630514e-01
   2.0000000e+00   4.0424349e-01  -6.3919741e-01  -9.1968773e-02  -1.3296786e+00   5.6838163e-01  -1.8947955e-01
   2.0000000e+00   9.8156890e-01  -4.2784805e-01  -5.0245635e-01   9.5946091e-01   2.4293786e-01   1.2761313e+00
   2.0000000e+00   1.2663175e+00  -6.2138651e-02   1.0355571e+00  -9.3319531e-01   3.8752198e-01   1.4466158e+00
   2.0000000e+00   4.9121732e-01  -2.7456562e+00  -5.6413054e-01  -1.0496230e+00   1.0410316e+00  -5.6850159e-01
   2.0000000e+00   1.2447378e+00  -5.0344743e-01   1.2297395e+00   6.3543446e-01  -1.4328993e+00   1.1554496e+00
   2.0000000e+00  -2.3420795e-01  -1.3384269e+00   3.6704341e-01   1.3760369e+00  -1.8114226e-01  -5.3045658e-02
   2.0000000e+00   7.9444104e-01  -1.8100943e-01  -9.5386100e-01   5.1412024e-01  -1.3642460e+00   1.0363329e+00
   2.0000000e+00   8.1374646e-01   1.5173256e+00   1.8521210e+00   5.8093464e-01   7.2515044e-01  -3.1903584e-01
   2.0000000e+00   3.1470522e-02   6.8620237e-02  -1.3043810e+00  -8.9613683e-01  -9.5073526e-01   1.8827679e+00
   2.0000000e+00   2.5245732e-02  -4.7417203e-01  -1.1460514e+00  -1.0000212e+00  -1.6622131e+00   1.5754186e+00
   1.0000000e+00   5.0949707e-01   6.8214087e-03  -2.4416982e-01   1.2708654e+00  -1.0149320e+00  -2.1306342e-01
   2.0000000e+00   1.7398638e-01   6.0324455e-01  -1.6981598e+00   1.2804916e+00   7.2545349e-01   3.6889891e-01
   2.0000000e+00   1.1806181e+00  -2.7840969e-01   3.8097281e-01   1.0473790e+00   1.4642533e+00   2.3536156e+00
   2.0000000e+00   8.1108060e-01  -7.5583065e-02  -6.6329894e-01  -1.2110977e+00  -4.0761097e-01   1.5800394e+00
   2.0000000e+00   2.6087985e+00   1.5844234e+00  -3.0816472e-01   8.5790909e-01  -8.8429972e-01   4.5068559e-01
   2.0000000e+00   1.4695204e+00  -5.8564255e-01   2.0398228e+00  -6.0601551e-01   2.5221613e+00   3.1095538e-01
   2.0000000e+00   2.4696584e+00  -6.9329028e-01   1.8641211e-01  -9.4861533e-01  -2.5240122e+00   5.3573876e-02
   2.0000000e+00   8.2592632e-01  -9.3321585e-01  -7.7233059e-01   3.0867469e-01  -1.7404252e+00  -7.0499415e-01
   1.0000000e+00   6.4784489e-01   3.8078760e-01  -2.1773998e-01   3.3042000e-02   3.7187498e-01  -4.9561306e-01
   1.0000000e+00  -8.6826596e-01   3.6702466e-01   1.2301954e-01  -2.0307136e+00   6.9582055e-01   8.3909394e-02
   2.0000000e+00   8.3820788e-02   1.4230515e+00  -9.7304234e-01  -3.0477684e-01  -1.1518748e+00   1.2345140e-01
   2.0000000e+00   1.4757178e-01  -9.9010423e-01  -9.3746424e-01  -2.8846845e-01   1.2071003e+00  -1.3767755e-01
   2.0000000e+00   5.8880634e-01  -9.0465098e-01   2.1836378e+00  -1.9249971e+00   7.5335683e-01  -4.2079766e-02
   2.0000000e+00  -2.3073778e+00  -2.1403929e-01   3.8815264e-02   4.8947288e-01  -7.9566043e-01   5.9318561e-01
   2.0000000e+00   4.3016683e-02   4.4897150e-01   9.6985408e-01  -1.7014292e-02  -1.0389846e+00  -9.1902567e-01
   2.0000000e+00   7.2874503e-01  -2.6419166e-01  -1.6325317e+00  -4.3100524e-02  -1.0438304e+00  -3.7387267e-01
   2.0000000e+00  -1.1045437e-01  -1.2750635e+00   1.0949024e+00   1.7221363e-01   2.4920539e+00  -6.3241785e-01
   2.0000000e+00   9.4374234e-01   1.0501613e+00   8.2268004e-01   4.4028366e-01   1.5586862e+00  -1.8085750e+00
   2.0000000e+00   2.3298742e-01  -3.9631627e-01  -5.3329500e-01   2.6151556e-01  -2.7290550e-01   1.2748568e+00
   2.0000000e+00  -3.8232805e-01   6.1522827e-01  -6.4156235e-01  -2.9332225e-02  -2.1061161e+00  -1.8201678e+00
   2.0000000e+00  -1.3335822e+00   1.1057820e+00  -2.8352166e-01  -5.1601036e-01  -5.9912589e-01   9.1148045e-01
   2.0000000e+00  -3.5888643e-01  -2.0275239e+00   4.9336284e-01   1.7043820e-01   1.3185216e+00   8.9875988e-01
   2.0000000e+00   1.4945078e+00  -3.5224438e-01  -1.0047984e+00   3.4028265e-01  -5.6057251e-01   6.7748296e-01
   2.0000000e+00   4.4173026e-01  -9.4834187e-02   4.9769004e-01  -5.7181886e-01   8.3723499e-01  -7.7790053e-02
   2.0000000e+00  -1.4641734e-01  -5.6064536e-01   1.9025671e-01  -2.0556690e-01   1.8575655e-01  -3.1323377e-01
   2.0000000e+00   3.6238845e-01   1.6535770e+00   3.8762861e-01   1.2667393e+00  -1.1801994e+00   5.4484404e-01
   2.0000000e+00   1.0515164e-01   7.7344148e-01   8.5892105e-01   8.8952456e-01  -1.9281784e+00  -8.9570656e-01
   1.0000000e+00   7.5358663e-01   6.4221587e-01  -1.1569521e-01  -1.1580407e+00   9.7464429e-01  -1.6440848e+00
   2.0000000e+00   1.3666303e+00   1.1551307e+00  -6.1464204e-01   9.9227644e-01   3.0066422e-02  -4.1699318e-01
   1.0000000e+00   1.3861280e-01   1.8345024e-02  -7.7543725e-01   2.1888443e-01   8.2085119e-01  -2.2638868e-01
   2.0000000e+00  -1.1048936e+00  -2.8990219e-01   2.0721552e-03   2.0682982e+00   1.6633973e+00   7.1800401e-02
   2.0000000e+00  -1.2518317e+00  -1.1493683e+00   7.6142310e-01   7.7854503e-01   2.6411893e-01   3.7440357e-01
   1.0000000e+00   1.2715380e+00   2.4274036e-01  -8.8026868e-02  -2.0637377e-01  -2.1980313e-01   1.4361332e-01
   2.0000000e+00  -1.9547196e-01   1.5944548e+00   1.8865161e+00  -2.0000779e-01   4.2153899e-01   1.7853079e-01
   2.0000000e+00  -7.5214977e-01  -1.6176511e+00   7.9005055e-01  -4.4895776e-01  -5.3132545e-01  -1.2229438e+00
   2.0000000e+00  -3.9652451e-01   8.1255746e-01  -1.3545897e+00   3.3012114e-01   5.9906515e-01  -2.4039896e+00
   1.0000000e+00   9.0368925e-01   1.3769662e-01   1.1099396e-01   2.1270203e+00  -5.3212630e-01  -4.6373450e-01
   2.0000000e+00  -8.4077092e-01  -1.4548713e+00  -5.7314735e-02   4.1405205e-01   1.0954506e+00   1.0242440e+00
   2.0000000e+00  -8.4341477e-01  -9.1653635e-01   4.9489761e-01   2.5081111e+00  -5.9880891e-01  -5.4070036e-01
   2.0000000e+00  -3.6461742e-01   2.8598022e+00   3.3958984e-01  -1.9586208e-01  -1.1512388e+00  -8.0552517e-03
   2.0000000e+00   1.2483071e+00  -1.5969388e+00  -1.1848938e+00  -4.8252878e-01  -1.3078349e-01  -8.2287637e-01
   2.0000000e+00   1.0899416e+00  -8.6575301e-01   4.7949585e-02   1.4198132e+00  -4.2317556e-01   2.2263641e+00
   2.0000000e+00  -1.8467542e+00   1.0076162e+00  -3.5144855e-01   5.4817280e-01   1.3596207e+00  -6.3745264e-01
   2.0000000e+00   4.7163845e-01  -2.2244787e-01  -3.2340452e+00   6.1916031e-02   1.8902767e-01   1.8614814e-01
   2.0000000e+00   2.2138760e+00  -1.8317503e+00  -5.4257755e-01  -7.5440341e-01  -3.4598880e-01  -8.9490029e-01
   2.0000000e+00  -1.5562607e+00  -1.9197182e-02  -2.5526200e-01  -8.9825298e-01   8.2119611e-01  -7.3027548e-01
   2.0000000e+00  -3.1674479e-01   4.6617674e-01  -9.8855141e-01   2.0510879e+00   1.2420322e+00   4.7286277e-02
   2.0000000e+00   5.5899204e-02  -7.0080093e-01   1.0665300e+00   1.3291892e+00  -1.3524711e+00  -1.2470825e+00
   2.0000000e+00  -1.1343244e+00   9.4512267e-01   6.5612952e-01   2.5579223e-01   6.3368467e-01  -1.3461690e+00
   2.0000000e+00   7.1569486e-01   5.1620561e-01  -9.4040390e-01   1.5485264e-02   1.2965292e+00  -5.1942769e-01
   2.0000000e+00  -5.8953945e-01  -7.0380164e-01   3.7606468e-01  -1.0368167e+00   8.0820592e-01   5.5833783e-01
   2.0000000e+00   5.0628504e-01   2.1569664e-01  -1.1399188e+00  -1.1271250e+00  -6.4857046e-01  -5.1772974e-01
   2.0000000e+00  -1.8634085e+00   2.8871650e-01   2.0903911e+00  -9.4724182e-01  -4.6974792e-01  -8.0425711e-01
   2.0000000e+00  -2.1332540e+00  -6.4532432e-01   4.5183603e-01   2.2971101e-01   5.1370063e-02  -6.7498981e-01
   2.0000000e+00  -1.9148859e+00  -5.3501085e-01   6.8294362e-01  -1.7814523e+00   2.2096586e+00   2.8856953e-01
   2.0000000e+00  -1.4716658e-02  -4.1445582e-01   1.8629044e+00  -3.4255009e-01  -1.0433606e-01   1.7491978e+00
   2.0000000e+00  -1.3096573e-01  -8.8648115e-02  -2.5506091e-01   8.7174227e-02  -9.6006460e-01   7.7859340e-01
   2.0000000e+00  -3.4840532e-01  -4.9949478e-01   6.6921814e-01  -2.4097982e+00  -9.9147913e-01   2.1557906e+00
   2.0000000e+00   2.4101656e-01  -1.0039019e+00  -1.8524297e+00  -1.0089689e-01  -1.0242600e-01   1.1390660e-01
   2.0000000e+00   8.5281910e-01  -1.7597276e+00  -6.8877451e-01  -3.8818184e-02   1.0317680e+00   7.1085353e-01
   1.0000000e+00   1.1075049e+00   1.2105368e-01   9.0972831e-01   2.3648778e-01   1.1250801e+00  -6.2063559e-02
   2.0000000e+00  -5.0157122e-01   5.1336854e-01  -1.7106681e+00  -1.3367687e+00  -6.4394686e-01   5.6159723e-01
   2.0000000e+00  -1.8244213e+00   2.1013126e-01  -1.2122791e+00  -8.5777531e-02   1.2770143e+00   4.8363612e-01
   2.0000000e+00  -1.1475226e+00  -5.4038519e-01  -5.9859234e-02   1.2973094e+00   6.4348103e-01  -7.3484996e-01
   2.0000000e+00  -3.0878140e-01  -9.3691541e-01  -1.5548752e+00  -4.0628403e-01   5.1936702e-01  -5.9849953e-01
   2.0000000e+00   2.0417067e-01  -1.2718508e+00   2.4265119e-01   1.2571431e+00  -1.9242907e+00  -1.3593752e+00
   2.0000000e+00   1.9968008e+00  -1.2350585e+00  -1.6899800e+00  -2.5060033e-01  -5.8807253e-01   1.6554860e+00
   2.0000000e+00   2.3696592e-01  -9.8584463e-01   1.2448743e+00   3.6650978e-01  -3.6721159e-01   2.5281527e-01
   2.0000000e+00   1.0711542e-01   6.6680991e-01  -1.2466307e+00  -3.8522802e-02  -5.0355077e-01   1.1618782e+00
   2.0000000e+00   7.9489198e-01  -7.1165379e-01   2.1850376e-01  -4.8694874e-01   8.3729677e-01   9.0003800e-01
   2.0000000e+00  -1.5415082e+00   1.4294317e+00  -5.2684659e-01  -1.5168177e-01   3.8480524e-01   5.6922636e-01
   2.0000000e+00   1.5818862e-01  -9.0820344e-01  -4.2868901e-01   5.9093852e-01   3.4851972e-01  -1.1719974e+00
   1.0000000e+00   7.0867507e-01   5.8025755e-01  -1.1293751e-01  -1.9703632e+00  -2.5340001e-01  -1.2537936e-01
   2.0000000e+00   4.6419692e-01   2.1566269e+00   5.3918772e-01   4.0017179e-03  -3.4022565e-01   2.6802043e-02
   2.0000000e+00  -6.6649499e-02  -9.5148607e-01   2.0958778e-01   2.6650770e-01  -6.2774934e-01  -1.3941280e+00
   1.0000000e+00  -1.5916053e+00   2.6743893e-02  -6.9244668e-01   8.2086993e-01   6.8600066e-01   1.1731944e+00
   2.0000000e+00   1.1366712e+00  -1.0890508e-01   1.9099164e-01  -8.6381322e-01   8.8209347e-01   1.3291342e-01
   2.0000000e+00  -1.3249958e+00   1.3362904e+00  -4.0964649e-01  -1.2594319e+00   4.3743775e-01  -2.8077654e-01
   2.0000000e+00  -1.1757321e-01  -9.7957483e-01   7.6916360e-01  -1.4760659e+00   5.9028534e-01  -9.8153181e-01
   2.0000000e+00   4.9445372e-01  -1.0479213e+00  -1.8198935e+00  -1.1809983e+00   1.0836335e-01   2.2249380e-01
   2.0000000e+00  -5.6648690e-01  -4.4239624e-01  -4.6684637e-02   7.1642412e-03  -2.3546299e+00   5.7913195e-02
   2.0000000e+00  -1.4865793e-01   8.8213533e-01  -8.5074705e-01   2.7976788e-01   2.0837569e-01   1.2289128e+00
   2.0000000e+00  -3.1326958e-01  -1.5808740e+00   1.0744449e+00  -3.4133603e-02   1.2954104e+00  -1.3896639e+00
   1.0000000e+00  -1.0329603e-01   1.0612651e-01  -1.8156667e-01   1.5572940e+00  -8.7725037e-01   1.0904615e+00
   2.0000000e+00   2.3085219e+00  -9.4495053e-01   8.0068221e-02   3.6966624e-01  -9.8540792e-01   1.0331916e+00
   1.0000000e+00  -1.9450602e+00   2.1928608e-02  -1.9427591e-01  -6.9672692e-01  -1.9038391e-01   1.2249967e+00
   2.0000000e+00   7.1599052e-02  -9.6812532e-01   1.6653145e-01   4.7824806e-01  -1.1121144e+00  -3.5783239e-01
   2.0000000e+00   1.7760470e+00  -1.1446756e+00   3.5309651e-01   2.7071436e+00  -1.3576879e+00  -1.7917697e+00
   2.0000000e+00  -1.1835773e-01   1.2599737e+00  -1.3158164e+00   4.3401033e-01  -7.4106172e-01   1.8110583e+00
   2.0000000e+00  -1.1975459e-01  -1.1353554e+00  -1.8433721e+00   4.4445398e-01  -1.1127374e+00   8.3385187e-01
   2.0000000e+00  -9.1125455e-01  -7.8599714e-01   6.9697275e-01   1.9340343e+00   4.6514601e-01   1.7490434e+00
   2.0000000e+00   1.8352152e+00   1.1854696e+00  -3.7504022e-01  -1.2598655e+00   1.2808430e+00   1.3833050e-01
   1.0000000e+00   2.2509998e+00   7.2164930e-01  -2.8913561e-02   6.8495440e-02  -4.9619156e-02   5.0348691e-01
   2.0000000e+00  -1.5690416e+00   1.3560784e+00  -2.8551134e-01   4.3475340e-03   1.3928911e+00  -1.4424279e-01
   2.0000000e+00   1.9442221e+00  -4.7779871e-02  -3.5524060e-01  -1.0217305e+00   1.8207995e-01   8.9901059e-01
   2.0000000e+00  -9.3019875e-01  -6.7036636e-01  -5.6877107e-01  -1.6997013e-01   8.8734328e-01   1.4510422e+00
   2.0000000e+00  -9.5363834e-01  -3.4844287e-01   1.8621992e+00   1.7654529e-02   7.1432676e-01   9.0195421e-02
   2.0000000e+00  -7.7153540e-01   1.2156031e+00   2.6931303e-01   1.3884788e+00   6.3985532e-01  -3.0425678e-01
   2.0000000e+00   8.8282039e-01  -8.9128868e-01  -2.9283415e-01   6.2255520e-01  -1.3602319e-01   1.5363975e+00
   2.0000000e+00  -3.9464414e-01   2.4033605e+00   6.2902255e-01   1.0805209e+00   1.5237822e+00  -1.0281054e+00
   1.0000000e+00  -1.9663661e+00   3.5207709e-01  -6.0448280e-01   5.4578989e-01  -4.1133026e-01   1.0051763e-01
   2.0000000e+00  -1.3952314e+00   7.4230600e-01   1.3686803e+00   5.3614840e-01  -1.3059180e+00   1.6408827e+00
   1.0000000e+00   1.9677032e-01   7.1404443e-01   2.7264814e-01  -1.9659971e-01   1.1387358e+00   2.8538181e+00
   2.0000000e+00  -1.4577731e+00  -7.9952526e-01   1.3668788e+00   1.8889978e+00  -1.3820385e-01  -2.6797012e-01
   2.0000000e+00   2.2454458e+00  -8.5841778e-01  -3.1293879e-01  -1.6573766e+00  -1.2579916e-01  -9.5713344e-01
   2.0000000e+00  -1.6358354e+00   1.0053119e+00  -1.2521017e+00   1.3020226e+00   1.8593989e+00   2.4873481e+00
   2.0000000e+00   7.4465930e-01   7.2057934e-01  -2.5051056e+00  -5.8837691e-01  -1.3156772e-01   4.5417978e-01
   1.0000000e+00   6.7187407e-01   3.3958497e-02   3.4808337e-01  -2.8378562e-01  -1.4583592e-02   1.1369795e+00
   2.0000000e+00   6.0977047e-01   1.4110991e+00   2.3613077e+00  -1.5762373e+00   7.8647146e-02   6.8440413e-03
   2.0000000e+00  -6.8391050e-01  -6.6634905e-01   3.7665505e-01   3.8676206e-01  -5.8191786e-01   1.1525612e+00
   2.0000000e+00  -9.7172736e-01   7.5259428e-01  -2.6689975e+00  -2.2391584e+00   1.0628343e-02  -7.3085873e-01
   2.0000000e+00   1.6633487e+00  -9.6550721e-01   1.3454629e+00   2.1192990e-01   1.4432293e+00   2.7535123e-02
   2.0000000e+00  -9.6794436e-02  -5.4613483e-01  -7.9584041e-01   1.3216233e+00   1.1260670e+00  -8.3266808e-01
   2.0000000e+00  -5.2137928e-01   5.7692953e-01  -9.7251477e-01  -9.8368884e-02  -2.0527564e+00   4.5168107e-01
   2.0000000e+00  -1.9779411e+00  -1.9190000e+00   5.7438691e-01  -1.1412171e+00  -6.9507384e-01  -1.1136487e+00
   2.0000000e+00  -2.5117967e-01  -3.2818460e-01   8.2150570e-01  -4.0972275e-01   7.6201914e-01  -1.2976102e+00
   2.0000000e+00  -4.0815690e-01   7.9759139e-02   2.3307641e-01   6.5645595e-01  -2.8682783e+00  -6.5313647e-01
   2.0000000e+00   8.2813003e-02  -1.6327617e+00   1.6253092e+00  -1.2339970e+00   2.6534573e-01  -1.7062414e+00
   2.0000000e+00  -4.0856807e-01   1.3321987e+00   2.8569973e-01   5.1595888e-01   3.8823173e-01   5.1474850e-02
   2.0000000e+00  -3.3803992e-01   1.1513118e-01   1.9393252e+00   3.9632066e-01   7.0571251e-01  -2.3252800e-01
   2.0000000e+00   5.9201859e-01  -2.7824112e-01   3.8985718e-01  -1.8105528e+00   1.4331372e-01  -1.5364515e+00
   2.0000000e+00  -1.2658261e+00   1.6410832e+00   1.9986440e-01   2.1801819e-02  -2.0797813e-01  -1.4894421e+00
   1.0000000e+00  -1.7765096e+00   3.3528171e-01  -8.7879829e-02   7.1885548e-01  -5.4517998e-01  -1.1793952e+00
   2.0000000e+00   6.5427807e-01  -6.9309096e-01   2.1340225e+00  -1.1841671e+00   4.2447122e-01  -4.3941143e-01
   1.0000000e+00   1.7760178e-01   1.0940118e-01   2.8954705e-01   6.7673355e-01  -8.9193194e-01  -2.6987380e+00
   1.0000000e+00   7.5757126e-03   6.4786716e-01   6.1805544e-01  -2.7580356e-01  -1.4096379e-01  -4.2405428e-01
   2.0000000e+00  -9.7200189e-01  -4.2695688e-01  -2.8063507e-01  -1.3024482e+00  -7.6043098e-02  -1.0397400e+00
   2.0000000e+00  -2.3479531e-01   6.8512867e-01   2.5164389e+00   1.0496137e+00  -1.4417051e+00  -3.7423754e-02
   2.0000000e+00   8.9936253e-01  -6.3103739e-01   2.1561785e+00  -1.4994520e+00  -3.1229210e-01  -3.3101124e-01
   1.0000000e+00   9.1552621e-01   8.4306019e-01  -4.1286803e-01  -7.3625686e-01   2.2346497e-01  -1.3883984e+00
   2.0000000e+00   3.3277087e-01  -1.5288690e-01   8.0304293e-01   8.9269543e-01   1.2698367e+00  -1.5856276e+00
   2.0000000e+00   6.2843584e-01  -1.6755898e+00   4.5179439e-01  -8.5275976e-01   1.4024304e-01   7.3704781e-01
   2.0000000e+00  -4.8676079e-02  -5.9455137e-01  -1.1413203e+00  -1.2394443e+00   2.0082109e-01   1.9694079e+00
   2.0000000e+00  -4.2657775e-01   6.3488542e-01  -1.4778212e+00  -2.7640705e-01   7.3275526e-01  -1.0794395e+00
   2.0000000e+00   1.7489659e+00  -1.5861758e-01  -3.6855972e-01  -5.8847100e-01  -1.3611189e+00   4.3228001e-01
   2.0000000e+00  -1.8010505e+00  -3.5135564e-01   9.5738409e-01  -8.3106685e-01  -7.0022487e-01   1.2869939e+00
   1.0000000e+00  -4.8810877e-02   6.8989570e-01  -2.5864925e-02   3.3542609e-01   6.1342046e-01  -5.7866662e-01
   2.0000000e+00   3.6280496e-01  -5.0905146e-01  -1.0983149e+00   3.6694439e-02   2.7479182e+00   7.4334547e-01
   2.0000000e+00   2.2771977e-01  -7.7485783e-01   5.6615368e-01  -5.7532249e-01   1.6351901e+00   1.2343487e+00
   2.0000000e+00  -9.2059115e-01  -1.2843807e+00   5.3345958e-01   1.6170366e+00  -5.6012955e-01  -5.7319491e-01
   1.0000000e+00   6.8289542e-01   8.5065919e-01  -2.9343075e-01   1.1624472e+00   2.3173527e-02   5.6659619e-01
   1.0000000e+00   1.5131817e-01   7.3522917e-01  -6.7244428e-01  -9.6085954e-01  -2.3397893e-01  -1.0768304e+00
   2.0000000e+00  -2.2182847e+00  -6.8165669e-01  -2.7822499e-01   8.8743600e-01   1.0769755e-01  -2.5824722e-01
   2.0000000e+00  -2.3383769e-01  -1.5272356e-02  -8.3859741e-01   8.5171482e-01  -2.5437631e-01   7.9323652e-01
   2.0000000e+00  -1.0165679e+00  -1.2270739e-01   2.3742117e-01  -6.0803464e-01  -1.0954038e-01   1.1759219e+00
   2.0000000e+00  -1.6635574e+00   8.9828841e-01   4.9452265e-01  -6.7765219e-01  -6.1130317e-01  -1.3272946e-02
   2.0000000e+00  -3.0811205e-01  -4.1270884e-01  -1.1937917e+00  -1.2331924e+00   2.0796163e+00  -6.9296417e-01
   2.0000000e+00  -4.7202325e-01  -4.2046026e-01  -1.8408344e-01  -7.9927621e-01   1.5844923e+00  -1.6910475e+00
   2.0000000e+00   2.4852608e-02  -3.1327363e-01   2.9870093e-01   9.0406324e-01   4.2868501e-01   4.5120481e-01
   2.0000000e+00  -3.6537190e-01  -4.1894697e-01  -3.9110813e-01   7.1893351e-01  -1.1021642e+00   7.1147070e-01
   2.0000000e+00  -1.8275848e+00   4.4836162e-01  -2.0794154e+00   6.3418841e-01  -2.4519894e-01   4.1555689e-01
   2.0000000e+00  -5.7474736e-01  -1.8089407e+00  -7.2224698e-01  -3.0135061e-01  -8.7300805e-01  -1.3988327e+00
   2.0000000e+00  -1.4224853e-01  -1.6900758e+00  -8.5657508e-01   5.0228123e-01   2.1054965e+00   4.3997959e-02
   2.0000000e+00   9.4395763e-01   2.9412082e-01  -1.5156360e+00  -1.6904961e+00   7.5620761e-01   1.6593811e+00
   2.0000000e+00   8.2360323e-02  -6.0283252e-02   6.4144516e-01   3.2181221e-02   2.0803283e-01  -9.2307691e-01
   2.0000000e+00  -1.2086194e+00  -4.6173861e-01  -4.3755467e-01  -4.4726239e-01   9.0817770e-01  -5.0499043e-01
   1.0000000e+00   7.1770071e-01   1.3230714e-01  -7.7361264e-01   1.3927026e+00  -7.3452197e-01   1.0811841e+00
   2.0000000e+00   7.9226297e-01   1.0634887e+00  -1.9633424e+00   3.9715142e-01  -6.1893216e-01  -1.3650982e-02
   2.0000000e+00   5.8049404e-01   1.0852682e+00  -4.2407623e-02  -2.6805835e-01  -1.1437595e+00  -7.3479089e-01
   2.0000000e+00  -9.5573849e-01  -6.5472157e-01   2.0422530e-01  -3.5057836e-02  -8.3194999e-01  -1.8536546e-01
   2.0000000e+00   2.0343086e-01  -6.4393783e-01   8.0145342e-02  -2.1442468e-02  -3.8761080e-02  -4.6829734e-02
   2.0000000e+00   3.6751966e-01   6.2079190e-01   9.0423075e-02  -5.8314496e-01   2.0285845e+00  -5.5745232e-01
   1.0000000e+00   1.0809706e+00   3.4566621e-01   5.8438323e-01  -7.9708364e-01  -1.0339857e+00  -5.3908653e-01
   2.0000000e+00   6.4983280e-01  -1.8052145e+00  -5.6144519e-01   9.0798191e-01   1.7115623e+00  -1.6855002e+00
   2.0000000e+00   2.7180051e+00  -1.0019522e+00  -4.9134131e-01   2.5247107e+00   1.0852032e-04   1.3286440e+00
   1.0000000e+00   6.1221502e-02   3.3530585e-01   2.4406609e-01  -4.1961625e-01   4.4984360e-01  -6.4474191e-01
   2.0000000e+00  -1.0330311e-01   1.3790313e+00   3.7478265e-01   7.1100232e-01   2.0926798e+00   1.2190170e+00
   1.0000000e+00   1.7727693e+00   8.5156179e-01   3.1705311e-01  -4.1766135e-01  -1.3391869e-01  -2.3273462e-01
   2.0000000e+00   2.8966091e-01  -4.1235352e-01  -6.7952247e-02  -1.4302242e+00  -7.2379301e-01   3.9955606e-01
   2.0000000e+00  -8.3008409e-01   1.6476023e+00   1.0619383e+00   4.4851880e-01  -9.8035005e-01   1.2295000e+00
   2.0000000e+00  -4.7976969e-01   6.1043258e-01  -1.0680197e+00  -2.4465584e-01   2.4280465e-01  -1.2660713e+00
   1.0000000e+00   2.6325508e-01   2.3225160e-01  -4.0728883e-01  -2.1232004e-01   8.3755724e-01   8.4280967e-01
   2.0000000e+00   3.4617571e-01  -1.3608671e+00  -4.4726911e-01   6.1330168e-02   9.6596687e-01  -1.8762291e-01
   2.0000000e+00   1.0878639e+00  -9.5707811e-02  -1.0945901e+00  -2.5085684e-01   4.5899473e-01  -1.1220417e+00
   2.0000000e+00  -1.1266333e+00  -2.6796225e-01  -7.3186838e-01  -9.7676197e-01   2.5853097e-01   8.1044203e-01
   2.0000000e+00   1.0259526e+00   3.3745244e-01  -1.2092428e+00  -7.4079686e-01  -6.5441091e-01  -8.2886953e-01
   2.0000000e+00  -2.1638785e-01  -6.8590832e-01  -1.0033011e+00   9.7420740e-01   3.3824926e-01   1.3299999e+00
   2.0000000e+00   9.1821967e-01  -4.6026272e-02  -1.1343215e+00   9.2315314e-01  -9.8150877e-01  -1.0055137e+00
   2.0000000e+00   1.0568435e+00  -2.5353933e+00  -1.4216403e-01   7.6039074e-01  -1.1415507e-02  -9.1960249e-01
   2.0000000e+00  -8.6594065e-01   2.6339722e+00  -1.3207117e+00  -9.6942155e-01  -7.5516891e-01   1.3127657e+00
   2.0000000e+00   4.3033273e-02  -3.6203959e-01  -2.6494877e-01   2.6906410e-01  -4.2725834e-01   4.3273063e-01
   1.0000000e+00   7.2087381e-02   3.6519929e-01   1.9035705e-01  -6.5814516e-01   2.8082957e-01   1.3651773e+00
   1.0000000e+00   9.4869303e-01   5.5936573e-01   5.6449079e-01  -1.7336666e+00   1.1807766e+00  -2.8539564e-01
   2.0000000e+00   1.2805577e+00  -7.6029435e-01  -3.0963370e-01   9.2100344e-01  -8.2710936e-01  -9.8716136e-01
   2.0000000e+00  -1.2307391e+00   1.4991344e+00   1.3046902e+00   1.4636800e+00  -2.1703519e+00   1.9925711e-01
   1.0000000e+00  -8.2124990e-01   2.3022576e-01   1.2331851e-02  -3.1318227e-01  -3.9068899e-02   1.1687179e+00
   1.0000000e+00   2.5304292e-01   7.1425580e-01  -1.8964818e-01   1.9091693e+00  -4.6756818e-01   4.7504825e-01
   2.0000000e+00  -1.1606354e+00  -1.6983672e+00  -1.0695604e+00   1.0367821e+00  -6.0748232e-01  -1.8868173e+00
   2.0000000e+00  -8.3917674e-01  -5.4969595e-01   6.1708281e-01  -3.0555197e-01  -2.8422606e-01   2.5265828e+00
   2.0000000e+00   4.6436584e-01  -2.0431524e-01   3.6642530e-01  -1.0400946e+00  -5.2832924e-02  -1.0714610e+00
   2.0000000e+00  -7.3636135e-01  -2.0390312e+00  -1.1637027e+00  -2.8781277e-02   7.7221811e-01  -3.6815246e-01
   2.0000000e+00   6.1256028e-01  -7.0731277e-01   8.8189534e-01   9.3153161e-01  -1.2000297e+00  -2.1701732e+00
   2.0000000e+00  -2.0716433e-01   3.7816453e-01  -9.8041719e-01   3.1444218e-01   1.7017933e+00   1.1492428e+00
   1.0000000e+00   5.3402959e-01   4.8577850e-01  -1.6707312e-01  -1.5312862e+00   5.7150061e-02  -1.3012424e+00
   2.0000000e+00  -2.2806906e-01   8.0433420e-01  -2.3220812e+00   9.9974801e-01   1.0571352e+00  -3.8492710e-01
   1.0000000e+00   2.5486928e-01   8.8294753e-02   5.9315931e-01   6.0143333e-01   1.2880012e+00   1.4265209e-01
   2.0000000e+00  -4.7672213e-02   2.1627298e-01  -1.1744354e+00  -1.4449838e+00  -5.3710029e-01  -6.6320991e-01
   2.0000000e+00  -8.1953048e-01   1.5229571e+00  -6.2403198e-01  -1.6081665e+00  -2.9571675e-01  -1.0627222e+00
   2.0000000e+00   1.8480246e+00  -9.9207210e-04   1.6536265e+00  -9.9992642e-01  -9.2878129e-01   7.6872197e-01
   2.0000000e+00  -1.1776019e+00  -2.2473249e-01   1.5736003e-01   1.5650207e+00  -3.2779804e-02   5.4984902e-01
   2.0000000e+00   3.2426332e-01  -1.6221336e+00  -1.9306269e+00   5.4180083e-01  -1.2889432e+00  -9.1051438e-01
   2.0000000e+00   1.2495507e+00  -1.0287958e-01   1.6230023e+00  -1.4932937e+00   9.0182113e-01  -9.4045374e-01
   2.0000000e+00  -1.1056071e+00  -9.6435174e-02  -1.3226529e+00  -5.0798133e-01  -9.5077288e-01  -9.9542852e-01
   2.0000000e+00   1.4345996e+00  -3.1820272e-02   1.0786570e+00   1.9164728e-01   1.3244417e+00  -1.1919361e+00
   2.0000000e+00   8.7444215e-01  -2.2461831e+00   1.7611706e+00   1.1796306e-01  -5.3245479e-01  -1.8873963e-01
   1.0000000e+00   8.4852759e-01   6.3062477e-01  -6.8917308e-01  -1.5566220e-01  -1.8940740e+00   3.3255960e-01
   2.0000000e+00   1.0951141e+00  -1.9692338e-01  -5.3495664e-01  -8.3567176e-01  -7.6454337e-01  -3.3081510e-01
   2.0000000e+00   4.5134874e-01   1.5080148e+00  -4.3012304e-01   3.2290663e-01  -1.1067798e-01   5.3015397e-01
   2.0000000e+00  -1.1002949e+00  -8.1252230e-01   1.6502697e+00   7.4728579e-01  -1.4485147e+00   3.2111543e-01
   1.0000000e+00   1.1365718e+00   2.7433043e-01   3.7882053e-01  -3.6365198e-01   1.2192852e+00  -1.6393138e-01
   1.0000000e+00   6.4009676e-01   4.8829269e-01   1.7031210e-01  -1.7823884e-01  -4.9055960e-01   3.7666382e-01
   2.0000000e+00   1.4613712e-01  -9.0385966e-01   4.9834804e-01  -1.1388060e-01  -1.6849744e+00  -3.2819849e-01
   1.0000000e+00   1.6744491e+00   1.2316317e-01   3.4916643e-01  -1.2108794e+00   8.3076647e-01   1.1195591e+00
   2.0000000e+00  -9.7937988e-01   1.3501551e+00   6.3126389e-01   1.0671172e+00   2.0601847e-01   5.6998176e-02
   2.0000000e+00  -1.8486502e+00   6.7836332e-01   1.3053740e+00  -1.7690437e-01   1.5152193e-01  -1.1437896e+00
   2.0000000e+00  -2.0416227e+00   1.6871325e+00  -1.7567850e-01  -2.8539599e-01   3.6864069e-02   7.2683584e-01
   2.0000000e+00   9.3332232e-01   1.2063578e+00  -3.5335614e+00   2.1719425e+00  -8.6505232e-01   7.2264016e-01
   2.0000000e+00  -2.0780139e-01  -8.9555714e-01  -5.2224609e-01   2.1283993e+00  -1.2202448e+00   7.2479228e-01
   2.0000000e+00   7.5629967e-01  -1.5173933e-01  -7.2183342e-01  -6.5802989e-01  -4.6173374e-01  -7.9217047e-01
   2.0000000e+00  -1.1519244e+00  -2.5281569e-01   9.9701173e-02   8.4691633e-02   7.3564124e-01   1.3675908e-01
   2.0000000e+00   1.2109800e+00  -5.1242299e-01  -8.8260627e-01  -7.6432660e-01   3.2360534e-01  -3.7003333e-01
   2.0000000e+00   3.9109544e-01  -2.4300225e+00   5.9302549e-01   1.3087875e-01   6.2086667e-01   5.1380683e-01
   2.0000000e+00   1.2863885e+00  -1.2767886e-01  -2.5577819e-01   4.4383637e-01   1.4617898e+00   5.5272154e-03
   2.0000000e+00  -3.1508469e-01  -9.2212876e-01  -6.1633584e-01  -1.1419380e+00   1.4370941e+00   7.7356947e-01
   2.0000000e+00   1.7500243e-01   1.0701704e+00  -2.6287457e-01  -2.1661170e+00   9.3402939e-02   5.4235407e-01
   1.0000000e+00  -1.4015025e+00   4.1147597e-01  -1.0784486e-01  -3.3086257e-01   6.3965221e-01  -8.2077800e-01
   2.0000000e+00  -7.0895017e-01   2.0875896e+00   6.6332934e-01  -3.7794124e-01   1.8892379e-01   3.5596665e-01
   2.0000000e+00   1.4332857e+00  -9.2614313e-01   9.9958687e-01  -2.4053434e-01  -4.3723502e-01  -1.5032494e+00
   2.0000000e+00   5.1536487e-01  -5.9470507e-01  -9.4159580e-01  -8.2638605e-02  -1.1385045e-01   1.6001992e+00
   2.0000000e+00   2.5409394e+00  -4.9599688e-01  -2.8270212e-01   2.5945247e-02  -4.3546464e-01  -1.3626956e+00
   2.0000000e+00  -1.2427351e+00  -2.3582727e+00   1.8815866e+00   1.9810342e+00  -2.8145685e-01  -2.8714257e-01
   2.0000000e+00  -1.1770041e+00  -1.1919080e-01   9.6626113e-01   2.2341873e-01   1.2085503e+00  -2.0065338e-01
   2.0000000e+00   4.5066028e-01   4.4494015e-01   1.1433203e+00   1.7519056e-01  -1.3060419e-01  -1.8344233e+00
   2.0000000e+00  -3.9112236e-02   1.6345113e-01   3.6657895e+00   8.5451102e-01  -5.4442873e-01  -9.2805839e-01
   2.0000000e+00   7.2742510e-01   1.5688292e+00  -4.1778863e-01   5.9303006e-01   4.4398269e-01   3.2253914e-01
   2.0000000e+00  -3.9922202e-02  -9.9637422e-01  -1.6912728e+00  -5.1858862e-01  -4.8681369e-01   1.5940982e+00
   2.0000000e+00  -5.5758967e-01  -2.2803217e+00  -9.9664285e-01  -1.0404061e+00  -7.6336522e-01   1.9857803e-01
   2.0000000e+00  -5.0212495e-01   2.1788515e+00   7.5548063e-01   3.3449859e-01  -1.2194366e+00   1.6228442e+00
   2.0000000e+00  -8.9047913e-01  -1.0829863e+00   2.2659225e+00  -1.1351951e+00  -3.0951593e-01  -2.7725811e-01
   2.0000000e+00   1.1692698e+00   5.8376974e-01   1.1855267e+00   8.9281840e-01  -1.4690946e+00   7.6593074e-01
   2.0000000e+00   3.8888497e-01  -6.7613385e-01   4.3830005e-01   1.6015368e+00  -1.1277349e+00   5.3981381e-01
   2.0000000e+00   9.8471818e-01  -7.0545563e-01   9.6063590e-01   7.8762276e-02   1.2722742e+00   4.5390454e-01
   2.0000000e+00  -2.4678989e-01  -2.9692564e-01  -1.3936583e-02   3.5437976e-01   2.2202892e-02   2.9764574e-01
   2.0000000e+00  -1.2991119e+00  -2.4841070e+00   9.4618801e-01  -8.4102793e-01   1.9770746e-02  -1.5951591e+00
   1.0000000e+00   5.5422944e-01   5.6880705e-01  -1.9023725e-01  -1.0711809e-01  -7.7755122e-02   1.3540114e+00
   2.0000000e+00   1.4120072e-01  -9.4700347e-01   4.4794250e-01   1.5668625e+00  -4.1883174e-01  -5.7620649e-01
   2.0000000e+00   7.5187011e-01   4.9659062e-01  -1.4549568e+00  -2.8851488e-01  -7.9448108e-01   6.7792737e-01
   2.0000000e+00  -1.5229125e-01   1.3567632e+00  -4.0797864e-01   7.2275696e-01   2.4543577e-01   5.4645129e-01
   2.0000000e+00  -6.8349801e-01  -1.5391922e+00   1.2319277e+00  -5.8582474e-01   1.5238837e+00   6.6354066e-01
   2.0000000e+00  -1.4894388e-01   1.2817134e+00   2.0110971e-01   2.7083974e-01   8.6502071e-01  -2.1040294e-02
   2.0000000e+00  -7.8481778e-01   7.0889242e-01   1.4714090e+00   2.3041267e+00  -1.6686700e-03  -7.1024191e-01
   2.0000000e+00  -1.2827184e-01  -7.1601090e-01  -3.2853025e-01   1.1631354e+00  -6.2340081e-01  -7.0550264e-01
   2.0000000e+00  -1.6610638e+00   3.9244668e-01   2.7835550e+00   2.1868966e+00   3.8405023e-01  -1.0436522e-01
   2.0000000e+00  -2.3779708e-01  -8.5814679e-01   1.7784165e-02   1.3945267e+00  -2.3100691e+00   5.6129273e-01
   2.0000000e+00  -7.2878756e-01  -1.4603050e+00  -1.3310709e+00  -1.0085195e+00   1.1716812e+00  -2.0912367e+00
   2.0000000e+00  -1.0816469e+00  -1.5556337e-01   8.4320460e-01   2.0740751e-01   8.6476337e-01   1.3360343e+00
   2.0000000e+00  -1.0404139e-01   6.8164570e-01  -1.3700599e+00  -7.5666026e-01   3.6222115e-01  -9.3915779e-01
   2.0000000e+00   5.1641891e-01  -1.1488819e+00   7.7515778e-01  -2.2916364e-01   7.5361236e-01  -2.5074142e-01
   2.0000000e+00   5.3459646e-02  -5.2749593e-01  -4.1567891e-01   1.6415053e-02   3.3609359e-01   1.2309245e+00
   2.0000000e+00  -6.1340786e-01  -4.9531047e-01  -5.6584881e-01   5.3774490e-01  -8.5744985e-01   3.9569874e-01
   2.0000000e+00   1.2977430e-02   9.7390187e-01  -1.2479549e+00  -3.2949762e-02  -3.1601849e-01   1.6765168e+00
   2.0000000e+00  -1.1407047e+00   3.7703141e-02   6.8385867e-01   6.7822102e-01   2.0582026e+00   5.8269758e-01
   2.0000000e+00  -4.5732659e-01  -6.1725836e-01   3.2175225e-02  -1.4229111e+00   1.5406684e+00  -2.7766330e-01
   1.0000000e+00   2.6737185e-01   1.5660544e-02   9.0387952e-01   8.9071735e-01   1.8757366e+00   3.6305427e-01
   2.0000000e+00  -8.5068425e-02  -2.3479950e-01   8.5379631e-01   7.8562154e-01   4.5821063e-01  -1.6243375e-01
   2.0000000e+00  -1.3044489e+00  -5.7278348e-01  -1.7245877e+00   7.4220490e-01   1.9220993e+00  -4.2949396e-01
   2.0000000e+00  -2.2896184e-01   1.5170757e+00   5.2810136e-01   1.1569108e+00  -9.8202049e-01   1.4204255e+00
   1.0000000e+00  -1.2664759e+00   7.9726822e-01  -5.1001665e-01   8.6370523e-01  -8.9471524e-02   1.0350151e+00
   2.0000000e+00   3.7344547e-01   4.6166926e-01   5.3501560e-01  -3.8961291e-01   2.7081220e+00  -9.3814040e-01
   1.0000000e+00   9.5368470e-01   7.9814083e-01   5.8841215e-01  -7.1748869e-01  -9.8365446e-01  -6.8169242e-01
   2.0000000e+00   1.6156297e+00   4.9732645e-01   1.3617033e+00   9.8427851e-01  -4.3929793e-01   9.2436993e-01
   1.0000000e+00  -2.7447847e-01   7.2132345e-01   2.7730020e-01   6.7712853e-01  -1.8881208e-01   1.2563663e+00
   2.0000000e+00   7.2943965e-01   2.0222626e-03  -1.2053892e+00  -5.5881420e-01   3.4318116e-01   1.2955235e-02
   2.0000000e+00  -2.1854166e-01  -2.4553195e+00  -1.9824606e+00  -7.8462278e-01   8.2992963e-01   8.9508035e-01
   2.0000000e+00  -1.4428039e+00   1.3537576e+00   6.0999005e-01  -7.3418992e-01   1.0522821e-01   2.7856760e-01
   2.0000000e+00   7.1338906e-01   1.4459044e+00  -1.5481916e+00  -9.1498623e-01   8.2926116e-01   1.4729583e-01
   2.0000000e+00  -3.2826152e-01  -2.5728874e-01  -3.4281067e-01  -2.2541706e+00   1.4642488e+00   3.9031158e-01
   2.0000000e+00  -7.4458111e-01   7.9062863e-01   1.2164252e+00   6.8394811e-01  -3.5723102e-01  -1.2042902e+00
   2.0000000e+00   2.6466736e-01   1.1838324e+00  -1.6830337e-01  -1.4305726e+00  -4.8731056e-01   5.2740893e-01
   2.0000000e+00   1.5250217e+00  -1.3794800e+00  -6.7540545e-01  -2.9640192e-01   2.4331199e+00  -7.1583174e-01
   1.0000000e+00   8.4784625e-01   3.0397047e-01   8.3374769e-01   9.6111902e-01  -1.3539679e+00   3.3975929e-01
   2.0000000e+00  -5.2930206e-01  -1.1889818e+00  -1.7476393e-01   9.4786969e-01  -1.8186145e+00  -5.0304396e-01
   2.0000000e+00   5.1095943e-01   2.0294868e+00  -1.3083908e+00  -5.8223093e-01   5.6134621e-01  -6.0309338e-02
   2.0000000e+00   1.7603584e+00   9.6490496e-01   6.6502124e-01   3.1892076e-01   1.5206961e+00  -2.3099068e+00
   2.0000000e+00   8.9663738e-01  -6.0350232e-01  -2.2926626e+00   6.5369262e-01   1.8021286e+00  -2.0458230e+00
   2.0000000e+00   1.7432563e+00   1.0095752e+00   1.2812783e+00  -1.9537745e-01   1.3195689e+00   1.0326634e+00
   2.0000000e+00   1.5305488e+00   3.7816810e-01  -2.7158177e+00  -1.1516477e+00   2.5019716e-01  -1.1844966e+00
   1.0000000e+00  -1.0876243e+00   3.4494446e-01   4.8699901e-01   1.3301262e+00   8.7471304e-01  -1.3786685e+00
   2.0000000e+00   8.8957274e-01  -1.9175861e-02   1.0830078e-01   1.1708410e+00   7.0300544e-01   3.1421473e-01
   2.0000000e+00  -2.0605859e+00   6.6832126e-01   3.0315638e-01  -1.0120082e+00  -2.0642766e+00  -1.2149288e-02
   1.0000000e+00   1.3248943e+00   1.7116529e-01  -2.9204249e-01   9.9014291e-01  -8.0751157e-02   2.2031536e-01
   1.0000000e+00   7.2713032e-01   4.1723431e-01   8.4033217e-01  -1.2034466e+00  -7.9128295e-01  -1.3454306e+00
   1.0000000e+00  -1.0183153e-02   7.2368746e-02  -5.5901907e-01  -1.1165150e+00  -1.2280273e+00  -2.1965087e-01
   2.0000000e+00   1.7913736e+00  -3.2759157e-01   9.8263476e-01  -1.0850140e+00   1.2948785e+00   1.7452906e+00
   2.0000000e+00   7.1873459e-02  -8.9889265e-01  -7.2860167e-01  -1.1496221e+00   3.5594403e-01   8.1974134e-01
   1.0000000e+00  -6.0385798e-01   8.8904981e-01  -1.1286417e-01  -3.6196121e-01   5.8206511e-01  -3.9687576e-01
   2.0000000e+00  -4.6363824e-01  -2.6945379e-01   4.8529803e-01  -1.0572082e+00  -1.2661361e+00   8.1295112e-01
   2.0000000e+00  -2.0033269e-01   1.0284627e+00  -6.3461896e-01  -1.1019770e+00   3.1216733e-01   7.8583736e-01
   2.0000000e+00   1.4207367e+00  -8.0132619e-01   1.1214592e+00   9.4545095e-02   1.1637890e+00  -5.2733897e-01
   2.0000000e+00   1.0734311e+00  -1.0833487e+00  -1.9216554e+00   1.3448952e+00   1.7164907e+00   4.9656362e-01
   2.0000000e+00   1.4058381e-01  -4.7301896e-02   1.4294741e+00   9.8557599e-01  -1.0292876e+00   6.1144341e-01
   2.0000000e+00  -8.7895541e-01   8.0808870e-01   1.4699142e+00   6.9916507e-01  -1.7862260e-01  -4.2690448e-01
   1.0000000e+00  -1.4597431e-02   7.5396724e-02   3.1842934e-01  -8.2800637e-01   2.1947824e-01   9.2389732e-01
   2.0000000e+00  -7.8228059e-01  -5.8048258e-01   1.1202309e+00  -1.2369902e+00   1.0219209e-01   1.5819701e+00
   2.0000000e+00   2.0684674e+00   1.3340285e+00  -1.7176498e+00  -9.0385980e-01  -8.2135344e-01  -1.1962574e-01
   1.0000000e+00  -3.6487107e-01   9.2599070e-01  -1.9891632e-01   3.4447221e-02  -1.7049820e-01   1.1871365e-01
   1.0000000e+00  -7.0012598e-01   5.0033287e-01  -1.7772554e-01  -1.7224109e+00  -1.7036867e+00   3.3277573e-01
   2.0000000e+00   6.9739077e-01  -1.8831137e-01  -4.7738767e-01  -1.0479744e+00   2.1670405e-01  -1.2145279e+00
   2.0000000e+00   3.1496749e-01  -2.1157827e+00  -3.5838821e+00  -2.4212969e-01  -4.3065043e-01  -1.6585104e+00
   2.0000000e+00   1.5797904e+00   6.6193152e-01  -7.8060822e-01   1.1044811e+00   2.0453089e+00   9.8779516e-01
   2.0000000e+00   1.3819276e-01  -1.7971076e+00  -6.3305092e-01  -1.8125297e+00  -1.7881690e-02   2.3806617e-01
   2.0000000e+00  -6.6584697e-01  -5.6193389e-01   8.5371124e-01   1.3091729e+00  -1.1611585e+00   1.5467049e+00
   2.0000000e+00   2.1808726e-01   1.4168543e+00   1.9524043e+00  -8.8602850e-01   1.0716877e+00   7.6938204e-01
   2.0000000e+00  -6.1073717e-01  -1.0486409e+00  -8.5329761e-01   6.7515055e-02   2.8354829e-02   1.2423171e+00
   2.0000000e+00  -5.5391037e-01   6.5465866e-01   1.5817824e+00  -2.0603137e-01  -8.3493342e-01  -1.8420458e+00
   2.0000000e+00  -7.4744328e-01  -3.3323250e-01   9.7344315e-01   1.9342793e-01  -1.3019474e+00  -1.8708072e+00
   2.0000000e+00   7.2326128e-01  -1.3782888e+00   7.0800747e-01   5.6412211e-01  -1.9490264e-02   4.4535290e-02
   2.0000000e+00   1.8373629e-01  -1.4825524e+00   7.3973664e-02   1.4309325e+00   1.2692202e+00  -3.0385829e-01
   2.0000000e+00   1.2425984e+00  -1.1886744e+00   1.2462123e+00   9.6290647e-01  -1.2143713e+00  -7.1271613e-01
   2.0000000e+00   5.3693838e-01  -7.8325669e-01   2.2003752e+00  -1.0261132e+00  -5.0648755e-01   1.7141559e+00
   1.0000000e+00  -2.9764215e-01   9.0674247e-02   1.9474681e-01  -1.6727233e+00  -6.3685461e-02   1.8252811e+00
   2.0000000e+00   1.8846322e-01  -2.5013625e-01   9.9518990e-01   1.3991388e+00   6.5446126e-01  -1.0092413e-01
   2.0000000e+00   7.3347581e-01  -4.1033472e-01  -5.6673991e-01   4.0105009e-01  -1.2466879e+00  -3.5847643e-01
   2.0000000e+00   3.4555212e-01  -1.6554410e+00   3.4713296e-02   1.0696774e+00   8.1155809e-01   1.8157713e+00
   2.0000000e+00  -1.8872829e-01   9.9478551e-01   3.3370443e-01   6.2726714e-02   9.8589609e-01   7.3686879e-01
   2.0000000e+00  -6.3364525e-01  -6.0995592e-01   4.2653819e-01  -5.2807311e-01  -2.5922373e+00  -2.1910850e+00
   2.0000000e+00  -4.9741034e-01  -1.5570708e-01  -1.8541735e+00   2.2697702e+00   1.0555512e+00   1.6883533e+00
   1.0000000e+00  -7.4368877e-01   9.2829080e-01   1.0456257e-02  -2.4531809e+00  -1.1394784e+00   6.6518651e-01
   2.0000000e+00  -3.9065385e-01  -9.0295774e-01   5.2253733e-01   9.7321094e-01   3.1566807e-01   4.1764240e-01
   2.0000000e+00   1.3246591e-01  -1.6290477e+00   8.9602771e-01   1.2238837e-01  -6.9286902e-02  -6.4434260e-01
   2.0000000e+00   1.6363579e-01  -1.0272885e+00  -7.8917995e-01   9.6196618e-01  -2.9635395e-01   9.0975704e-01
   2.0000000e+00   1.5328925e+00   9.6867093e-01  -7.2093029e-01   5.8495343e-01   1.2730899e+00  -2.4223251e-01
   1.0000000e+00  -1.1873486e+00   1.9538463e-01   1.8360140e-01   9.3266905e-01  -1.4408896e-01   1.2625187e+00
   2.0000000e+00   1.9636201e-01  -7.2401585e-01   1.6347582e+00   5.0478893e-02   3.8878293e-01   9.3359856e-01
   2.0000000e+00  -5.4613285e-01   7.5666833e-01  -9.4529952e-01  -3.5919597e-01   1.3961742e+00   2.5194424e+00
   2.0000000e+00  -1.9818659e+00   8.0495974e-01  -8.4160739e-01   1.4396738e+00  -1.3544763e-02  -6.0947956e-01
   2.0000000e+00  -1.1704400e+00   1.1258854e+00   2.2467802e+00   2.1389936e-01  -3.3854720e-01  -1.3485865e+00
   2.0000000e+00   5.4723598e-01  -3.2586950e-01  -1.1418349e+00   3.4063121e-02   1.8007963e+00  -1.2026964e+00
   2.0000000e+00  -9.9204626e-01   8.5816921e-01  -1.9640903e+00  -1.1333991e+00   5.3558074e-01   2.2058784e-01
   2.0000000e+00  -1.0167318e+00  -1.6331841e+00  -7.2374692e-01   1.0049622e+00   1.5451763e+00   9.1714589e-01
   2.0000000e+00   1.3189217e-01  -1.9785465e+00   1.2923067e-01  -1.3087858e+00  -5.7067617e-01  -1.0166633e+00
   2.0000000e+00   3.6537508e-01  -8.3945549e-01  -7.2858487e-01  -1.8151777e+00  -2.7760246e+00   5.1747462e-01
   2.0000000e+00  -7.8156397e-01  -3.2729635e-01  -1.6216977e-01   5.2877154e-01  -8.7010951e-01   2.4980584e-01
   2.0000000e+00  -3.5863305e-01  -1.2445334e+00  -3.0022774e-01  -7.3652453e-01  -7.3493818e-01  -8.0900949e-01
   2.0000000e+00   5.1117815e-01   1.5676681e+00  -8.8222983e-02  -7.8056015e-01  -2.1670169e-01  -3.6873363e-01
   2.0000000e+00  -1.5027237e-01  -7.7932226e-01  -1.4124034e+00   1.1248535e+00  -1.0094663e+00   7.5300663e-01
   2.0000000e+00   7.2414653e-01  -8.4139773e-01   5.4359802e-01  -1.0859043e+00  -9.8655954e-01  -1.0892165e+00
   2.0000000e+00  -1.6673155e+00  -1.3240912e+00   1.1321058e+00  -1.1130269e+00  -2.1343756e+00   2.2007065e-01
   1.0000000e+00  -1.2089835e+00   2.6584488e-01   3.8335003e-02   6.4307497e-01  -7.9080061e-01  -2.1623104e+00
   2.0000000e+00  -3.7807130e-01  -1.0055782e+00   1.4257930e+00   9.4286009e-01  -4.1473741e-01  -4.8210780e-01
   2.0000000e+00   1.2145255e+00  -1.6019626e-01  -1.0631399e-01   1.1644734e+00  -9.4607472e-01  -7.0191187e-01
   2.0000000e+00  -8.8962133e-02   1.1783456e+00  -1.4993824e+00  -6.5554944e-01  -4.9705040e-01   3.5704248e-01
   2.0000000e+00   2.6315518e-01  -1.4823141e+00   3.3455232e-01   7.6263015e-01   1.8144021e+00   6.7895051e-01
   2.0000000e+00  -3.6754414e-01  -7.6496883e-01   3.5615140e-01  -1.7365418e+00  -8.5187142e-01  -1.2806435e-01
   1.0000000e+00  -8.5114878e-02   2.8905354e-01  -5.9875848e-01  -4.8425436e-01  -1.7256775e+00   1.3232600e-01
   2.0000000e+00  -1.1336420e+00   1.5361194e+00   2.0300450e+00   1.2713824e+00  -5.5800240e-01  -3.0917575e+00
   1.0000000e+00  -1.6934013e+00   1.0351260e-01   3.6374087e-02  -1.6546304e+00  -1.1039563e-01   3.6444860e-02
   1.0000000e+00   1.1445840e+00   6.7165246e-01   6.3617803e-01   1.1454761e+00   8.8589712e-01   5.7032212e-01
   2.0000000e+00   3.9693360e-01  -3.5048027e-01   3.3690132e-01  -2.2648155e+00  -2.9460607e-01  -7.0345074e-01
   2.0000000e+00   2.9853513e-01   1.8082756e+00  -7.2651109e-01   1.0708859e+00   1.1103628e-01   1.1620547e+00
   2.0000000e+00   1.5152784e+00   2.1312849e+00   1.8246620e+00  -2.0317017e-01  -1.5761062e+00  -6.7640500e-02
   2.0000000e+00  -5.0211037e-01  -1.8437588e+00   1.1885151e+00  -1.4271494e+00  -5.9947874e-01  -3.7312019e-01
   1.0000000e+00  -2.2528628e+00   4.5909685e-02  -4.8750225e-01  -3.1357167e+00  -4.6805234e-01  -1.2936571e+00
   1.0000000e+00   1.6647819e+00   3.2398028e-01   1.1098650e-01  -1.3159216e+00  -1.9549916e+00  -1.0124452e+00
   1.0000000e+00  -8.4987658e-01   3.9506062e-01  -5.4345294e-01   1.4472975e+00   3.7584812e-02  -1.2201584e+00
   2.0000000e+00  -1.0710946e+00   1.9035694e+00   1.5632388e+00   1.0612245e+00   5.4780395e-02  -6.4124939e-01
   2.0000000e+00   1.1477987e+00  -6.3830346e-01  -8.2509134e-01  -1.3417679e+00   2.3896548e+00   1.7110344e-01
   2.0000000e+00  -4.2419952e-01   3.2106829e-01  -1.6170550e+00   3.1417870e-01  -2.0486144e+00  -5.4094671e-01
   2.0000000e+00  -4.8962992e-01   1.3861208e+00   5.2447025e-01  -7.4929593e-01  -1.5369249e+00   5.3232158e-01
   1.0000000e+00  -1.8279240e+00   7.0152687e-02   1.7966948e-01   8.1366687e-01   1.2773505e+00  -2.0954395e+00
   2.0000000e+00   1.0793476e+00   8.2714264e-02  -1.2485908e+00   1.0436211e+00  -2.5943432e-01  -4.5439363e-01
   2.0000000e+00   4.0261407e-01  -3.3113190e-01  -1.2744074e+00  -1.6226333e+00  -1.0852649e+00   1.3980105e+00
   2.0000000e+00   3.2953599e-01  -2.2126870e-01   1.1789170e-01  -1.3573558e+00  -9.9080606e-02  -3.0541621e-01
   2.0000000e+00  -1.5945272e+00   2.4180529e-02   1.4073113e+00  -2.4983726e+00   5.9799124e-01   3.0347362e-01
   2.0000000e+00   9.3695980e-01   1.4405576e+00   6.5442276e-01   6.4473735e-02  -7.9917203e-01   3.6123504e-01
   2.0000000e+00  -3.5419396e-01  -1.4092015e+00   1.6089543e+00  -7.6036147e-01   1.2754205e+00   1.7826543e-01
   2.0000000e+00  -4.4941546e-02   2.8563111e-02  -1.5036359e+00   2.7623065e-01  -5.7392957e-01  -1.6992753e+00
   1.0000000e+00   1.3336013e-01   5.3740843e-01  -4.3953725e-01  -3.9886724e-01  -1.7283513e+00  -1.4694793e-01
   1.0000000e+00  -7.0500535e-02   1.8683828e-01  -8.3354666e-01   9.3690108e-01   8.6720764e-01  -7.0337861e-01
   2.0000000e+00  -1.8901369e-01  -9.7122474e-01   9.5372894e-01   1.5759890e+00   7.5072661e-02  -9.4109397e-01
   2.0000000e+00   3.7902418e-01   2.3030352e+00   3.0025362e-01  -1.8704218e+00  -3.6962644e-03   1.7288567e-01
   2.0000000e+00  -1.0300344e+00  -6.1615108e-01  -1.3246061e+00   8.5172085e-01  -2.7002019e-01   1.8524127e+00
   1.0000000e+00  -2.0235760e+00   7.1824145e-01  -2.9504115e-01   3.2620129e-01   1.4407879e+00  -8.5116925e-02
   1.0000000e+00   6.8699471e-01   7.7033244e-01   1.0849076e-01  -1.1395149e+00   1.2163495e+00  -2.2586575e-02
   1.0000000e+00   1.6702512e+00   7.8511038e-01   1.3735650e-01   9.4644999e-01   1.2532646e+00  -2.9006872e-01
   2.0000000e+00   4.5144231e-01  -1.5108653e+00   2.8703455e-01  -2.7598286e-01  -1.4648275e+00   8.7940472e-01
   1.0000000e+00   8.8669785e-01   6.6659552e-01  -1.1130017e-01  -9.2806518e-01  -1.2513348e+00   8.7700349e-01
   2.0000000e+00  -2.5155403e-01  -8.1428151e-01   6.0530950e-01   2.6195615e+00  -3.4483082e-01  -2.4388748e-01
   2.0000000e+00   2.0598735e-01   1.0394949e+00  -7.0047531e-01  -2.1218933e+00   3.9564256e-01  -2.9867283e-01
   2.0000000e+00   1.0051706e+00  -2.7765095e-01  -8.1375075e-01  -9.6115968e-01   7.0196671e-01   2.1113863e+00
   2.0000000e+00  -5.3260135e-01  -1.4856680e+00   1.7816388e+00  -1.9932117e+00   2.3226248e-01  -2.2706439e-01
   2.0000000e+00   4.7105502e-02  -8.5012109e-01  -7.3711825e-01   1.6069320e+00   4.7468208e-01   1.3914773e-01
   2.0000000e+00  -2.3805592e-01   1.1245860e+00   5.7567379e-01  -4.2249073e-01  -1.1655390e-01   4.0061118e-01
   2.0000000e+00  -1.1917024e+00   2.1066774e-01   1.1254111e+00  -2.0671015e-01   1.1244564e+00   8.2321533e-01
   2.0000000e+00  -1.0192690e+00  -4.4301195e-01  -2.4642811e+00  -4.7524854e-01   1.2872826e-01   3.3327308e-01
   1.0000000e+00  -8.6149954e-01   7.1782958e-02   3.0897337e-01   1.5829395e-01  -1.6468192e+00  -2.5374512e-01
   1.0000000e+00  -1.1561851e+00   9.4761857e-01   2.9440565e-01   1.4591906e+00  -2.3926095e-01  -7.7400372e-01
   2.0000000e+00   2.9067783e-01  -4.7303182e-01   7.0606291e-01   1.3957085e-01   3.0795277e-01   1.3585942e+00
   2.0000000e+00   4.1139230e-02  -3.6658067e-01   7.0045650e-01   1.6492913e+00  -1.9238473e+00   4.3394555e-01
   2.0000000e+00   3.4533755e-01  -9.7119445e-01   2.1510201e-02  -1.5975669e+00   5.5539454e-01   6.4290415e-01
   2.0000000e+00   1.3459985e+00   6.5010111e-01  -4.0077211e-02   6.8626089e-01  -2.1561455e+00  -6.2636304e-01
   2.0000000e+00   4.7371822e-01  -4.2017231e-01  -8.9461397e-01   3.3021052e-01   9.5751583e-01  -3.4567007e-01
   2.0000000e+00  -4.4322998e-01   2.5307952e+00  -2.6342869e-01  -1.4265928e+00   1.9269629e+00  -8.3155430e-01
   2.0000000e+00   6.2517001e-01   1.4630702e+00  -8.7461448e-01  -9.2751630e-02   1.6878017e+00  -6.6192918e-01
   1.0000000e+00  -2.9776880e-01   9.9383537e-01   2.3256329e-02  -1.0383639e+00   1.6860410e+00   9.1774205e-01
   2.0000000e+00  -1.0873665e+00   5.6930436e-01  -1.0872796e+00  -1.6636453e-01   1.1272374e+00   1.2732619e+00
   2.0000000e+00   1.5762599e+00   2.3174054e-01  -5.2130042e-01   3.5688731e-01   2.3493537e+00   1.1398702e-02
   2.0000000e+00   1.6196579e+00  -5.4400971e-01   1.7286371e+00  -2.3710684e-01  -1.0637659e+00  -1.4657656e+00
   2.0000000e+00   1.5734542e+00  -6.4894587e-01  -1.4641850e+00  -4.4335224e-01   2.8362583e-01  -5.4449229e-01
   2.0000000e+00  -2.2710886e-01   3.4296626e-01   1.0532289e+00  -1.6310091e-01  -5.0818250e-01   4.3511115e-01
   2.0000000e+00  -7.0762940e-01   3.3755650e-01   1.6790802e+00  -4.4805999e-02   1.3306695e+00  -6.5012712e-01
   2.0000000e+00  -1.0850147e+00  -1.2546592e-01  -1.4076218e+00   7.2479898e-01   2.3025106e+00   1.2274751e-01
   2.0000000e+00  -6.3232562e-01  -5.0956840e-01   7.9579913e-01   4.6355032e-01  -9.6277012e-01  -2.0613441e-01
   2.0000000e+00  -7.3113975e-02  -2.3690039e-01   5.0998864e-02   2.0528253e-01   3.8809641e-01   6.6392034e-01
   1.0000000e+00  -1.6919131e-01   4.7638470e-01  -2.1447122e-02   9.1851319e-01   1.2374996e+00  -1.4755992e+00
   2.0000000e+00  -1.2908148e+00  -7.9051713e-01  -1.0744673e+00  -1.2093418e-01   7.0825470e-01  -8.3300582e-01
   2.0000000e+00  -4.1203532e-01   2.3645560e+00  -1.2023155e+00   6.8583664e-01   4.0674500e-01   1.2941583e+00
   2.0000000e+00  -4.8646851e-01  -5.2609021e-01  -5.2898195e-01  -8.5579512e-01   8.7042661e-01  -2.2583135e-01
   1.0000000e+00  -1.9533221e+00   2.5098443e-01   7.9869009e-01  -1.4780819e+00   7.3024050e-01   9.2981438e-01
   1.0000000e+00   2.9979201e-01   1.2092148e-01  -1.8712333e-02  -5.0349335e-01  -1.8183388e+00   1.0447345e+00
   2.0000000e+00  -6.4124925e-01   1.0204126e+00  -1.1806669e+00   1.0147545e+00  -4.9749911e-01  -2.3116685e+00
