   1.0000000e+00  -6.6130912e-02  -1.1032227e+00   2.7872610e-01   3.2596858e-01   7.4573289e-02   3.4618368e-01
   2.0000000e+00  -7.3244232e-01  -5.6627030e-01  -2.4743468e-01   9.4324156e-01   1.0145192e+00   8.2065880e-01
   2.0000000e+00   3.9404202e-01  -1.2811806e+00  -4.8350780e-01  -1.0040344e-01   9.1117046e-01  -6.0123457e-01
   2.0000000e+00  -5.9467025e-01   8.3508291e-01  -7.1572041e-02  -2.2114105e-01  -2.4557834e-01  -2.3156061e-01
   2.0000000e+00  -2.7889436e+00  -8.3348190e-01  -3.9477651e-01   9.9826979e-01   4.3760610e-01  -9.2017193e-01
   2.0000000e+00  -1.6124613e+00  -4.4634389e-01   7.0521736e-01  -1.1457530e+00   1.1747202e+00   2.8883148e-01
   2.0000000e+00  -8.9578031e-02   2.7530188e-01   9.3834345e-01   1.8686339e+00   1.6168341e-01  -6.5249937e-01
   1.0000000e+00   1.1372056e+00  -4.5847545e-02  -8.9963753e-01  -1.8245488e+00  -2.6543864e-01   3.2931617e-01
   1.0000000e+00   2.5597812e-01  -6.3365057e-01   1.7722128e-01  -4.9182921e-01  -1.0286126e-01   2.0192608e-01
   2.0000000e+00   2.0724321e+00   1.8908498e+00  -1.1941211e+00  -3.8383089e-01   6.5023482e-01   9.2093325e-01
   2.0000000e+00   3.2792839e-01  -5.6973183e-02  -9.1851366e-01   8.1707220e-01  -7.0986767e-01  -1.9318041e+00
   2.0000000e+00   1.6606458e-01  -6.9679233e-01   2.2228062e+00  -2.0504328e+00  -1.8744811e+00  -1.1948220e+00
   2.0000000e+00   7.7619400e-01   6.7973783e-01   1.2991128e+00  -1.3818406e-02  -2.3181228e+00   6.9326498e-01
   2.0000000e+00   1.0571649e+00  -1.5619277e+00   6.8191548e-01   6.7793374e-01   1.0998657e+00  -4.3540921e-01
   2.0000000e+00  -1.0499962e+00  -5.0615360e-01   8.2801666e-02  -1.9945130e+00   6.1016530e-01  -6.0248952e-01
   2.0000000e+00   2.8117901e-01  -1.9362431e-01   2.1482888e-01   8.7829405e-01  -1.4805960e+00   5.9892274e-01
   2.0000000e+00  -5.4833445e-01   1.7544815e-01   4.3329881e-01  -1.9604030e+00   2.1399548e-01  -5.7875563e-01
   2.0000000e+00   6.5369619e-01   3.0175835e-01   3.9219007e-01   9.7475032e-01  -9.7726289e-01  -3.0393592e-01
   1.0000000e+00  -5.5274728e-01   1.2121144e-01  -1.1575409e-01  -9.3089810e-01  -9.4514116e-01   1.6053170e-03
   2.0000000e+00  -5.2209708e-01  -2.0352364e-01  -6.9883421e-01   1.9263546e+00  -6.0345591e-02  -5.1194153e-01
   2.0000000e+00   1.3122762e+00  -3.3907444e-01  -8.7054483e-01   1.3249208e+00   7.0052558e-01  -6.2849371e-01
   2.0000000e+00   6.0108619e-04   5.0691585e-01   5.4365146e-01  -3.9876084e-01   1.5051889e+00  -1.0335685e+00
   2.0000000e+00   9.4034968e-01  -1.9298699e+00   4.4557155e-01  -6.2160061e-01   6.3025584e-01  -7.4618193e-01
   2.0000000e+00   1.9304675e+00  -1.5064647e+00  -2.7876252e-01  -1.0096521e-01   6.7111208e-01   1.0534750e+00
   1.0000000e+00  -1.9325002e-01  -1.7443043e+00   9.0682487e-01  -1.0300699e-01   9.9798990e-01   1.1235487e-02
   2.0000000e+00   1.4928312e+00  -2.2446493e+00  -1.8173603e-01   3.9744470e-01   4.9066217e-01   1.0689409e+00
   2.0000000e+00   2.8059686e-01  -1.5180742e+00   1.9198410e-01   1.5161334e+00  -2.2459169e-01   1.4948752e+00
   2.0000000e+00   2.6838104e-01  -1.4052411e-01  -1.0531354e+00   1.2102234e+00   1.2891782e+00  -7.4826245e-01
   1.0000000e+00  -4.2003469e-01  -1.9140892e+00   9.1066401e-01  -4.4763783e-02  -6.8780831e-01   1.8740272e-01
   2.0000000e+00   3.2166824e-01  -6.1460536e-01   6.3145921e-01  -9.4692958e-02  -8.4827363e-01   1.1945429e+00
   2.0000000e+00  -6.6440490e-01  -9.7711782e-01   9.2258673e-01  -9.0143952e-01   8.6666277e-01  -4.3487815e-01
   2.0000000e+00   1.4610792e+00  -4.6647446e-01  -8.4195196e-01   1.3576563e+00   5.9740844e-01  -1.1144171e-01
   2.0000000e+00   4.0140475e-01  -8.2701895e-01  -1.3042280e+00  -3.0397126e-01  -6.2583395e-01  -1.6915054e+00
   2.0000000e+00   1.0542312e+00   2.2900229e-01   2.7756180e+00   1.2237316e+00   1.6002489e+00   1.0784288e+00
   1.0000000e+00   1.2412159e+00  -3.1561828e-01  -1.6838834e+00  -5.3108433e-01   8.4027510e-01   8.4919545e-02
   2.0000000e+00  -3.5363172e-01   1.3486803e+00  -9.6772311e-01  -9.2599616e-01  -7.4480580e-01  -9.0779210e-01
   2.0000000e+00   4.1649025e-02   1.9578079e+00   1.3414442e+00   8.5729916e-01   9.9479980e-01  -1.1485901e-01
   2.0000000e+00  -7.0761122e-01  -2.5067811e-01   3.6253528e-01  -1.8614609e-01   5.7257371e-01   9.2408305e-01
   1.0000000e+00  -2.7094033e-01   3.3991215e-01  -1.4574043e-01  -1.6902698e+00   7.3012272e-01   5.0749839e-01
   2.0000000e+00   1.0775117e-01  -1.5842777e+00  -5.4494225e-01   4.0712094e-01   1.3069085e+00  -1.0231791e+00
   2.0000000e+00  -1.8903228e-01   2.0988402e-01   5.0113362e-01   1.9846246e-01  -8.9384926e-01   8.3579862e-01
   2.0000000e+00  -1.5454911e+00   6.8313835e-01  -1.0509034e-01  -6.1940097e-02  -2.4973682e+00  -1.8937660e+00
   2.0000000e+00  -3.0748701e-01  -4.5006719e-01   8.0826163e-02   1.4368343e+00   6.7433325e-02   1.0135039e+00
   2.0000000e+00   2.4328115e-01  -1.2145403e+00   1.0604489e+00   3.4080896e+00   1.6249722e-01   3.4078374e-01
   2.0000000e+00  -2.4575498e-01  -2.2515024e-01  -6.2274323e-01  -6.8454417e-01   1.4282485e-01   2.3221486e+00
   2.0000000e+00  -7.2821464e-01   5.7122088e-01   1.2236139e-01  -1.9314861e-01   1.8387755e+00  -1.8361045e-01
   2.0000000e+00  -1.6376556e+00   5.3635496e-01   7.9046090e-01  -1.1522571e+00   1.1218180e+00  -1.5443711e+00
   2.0000000e+00   9.2658912e-01   3.3652022e-01   5.2972780e-01   7.4016508e-02  -1.0924982e-01  -3.4097051e-01
   2.0000000e+00   1.0176431e+00   4.2686287e-01   1.3142971e-01  -1.1267415e+00   1.0904547e+00  -5.6268055e-01
   2.0000000e+00   1.1547126e+00  -3.1102455e-01   1.9184363e-02   8.7763022e-03  -8.4794361e-01   2.1226435e+00
   2.0000000e+00  -6.9492266e-01  -9.0315307e-01  -1.3585664e+00   7.1745675e-01  -1.8166822e-01  -3.8827097e-01
   2.0000000e+00  -3.7490168e-01   1.6574515e+00  -9.8600699e-01   6.9012150e-01  -3.4136760e-01  -8.9941517e-01
   2.0000000e+00   6.2693863e-01   1.2748287e+00  -1.1412305e+00   4.8312814e-01  -5.5808167e-01  -3.1874233e-01
   1.0000000e+00  -1.3560034e+00   2.4090839e-01   1.4639683e+00  -2.1368992e-01  -7.0888877e-01   1.9758505e-01
   2.0000000e+00  -5.0585680e-01  -1.1625268e+00   6.0688666e-01   9.1383013e-02  -8.1014606e-01  -1.5799622e+00
   2.0000000e+00  -7.1533938e-01   8.4788577e-03   1.2568831e+00   7.4455750e-01   1.7411695e+00   1.6735825e-01
   2.0000000e+00  -1.8295542e+00   8.1433434e-02   1.1663088e-01   1.7480197e+00  -4.7391858e-01   1.1248367e+00
   2.0000000e+00   1.2874056e+00   2.0060428e-02  -9.4300181e-01   9.5038003e-02   1.4845982e-01  -2.8943698e-01
   2.0000000e+00  -9.1340500e-02   9.9694359e-01  -1.4223884e+00   5.2786963e-01  -1.4845185e-01  -3.4264160e-01
   1.0000000e+00  -2.9497210e-01  -4.0450299e-01   1.8284737e+00  -9.3456414e-02   3.4749792e-02   5.9913136e-02
   2.0000000e+00   2.3057359e+00  -1.3151186e+00   1.0502318e+00   1.0217039e+00   7.2581176e-01  -7.2118338e-01
   2.0000000e+00   4.2454025e-01   1.3232315e-01  -3.4742137e-01  -2.4281458e+00  -3.9919695e-01   2.0444793e+00
   2.0000000e+00  -5.8871895e-01   9.4867084e-01  -4.7149157e-01  -2.0639972e+00   1.7572971e-01  -5.9720237e-01
   2.0000000e+00   8.0651640e-01  -1.3025757e+00   3.0775489e-01  -6.3715171e-01   1.4303868e+00   9.6932865e-01
   2.0000000e+00  -9.5291837e-03  -3.3375923e-01  -2.5595227e-01   1.2066880e+00   4.9304356e-01  -4.1087945e-01
   2.0000000e+00   1.1580837e-02  -4.6488973e-01  -1.0618976e+00   1.5336742e+00   5.0835318e-01   1.3640347e+00
   2.0000000e+00   3.7618949e-01   3.3263562e-02  -6.9849738e-01  -3.2305004e-01   1.5258821e+00  -1.1623180e+00
   2.0000000e+00   1.1200223e+00  -4.0072846e-01  -3.5519313e-01   2.1221042e-01  -1.0508684e-01   1.1168750e+00
   2.0000000e+00  -7.0609147e-01  -8.6393827e-01   6.0737353e-01   3.5679059e-01   9.4976373e-03   1.8638509e+00
   2.0000000e+00  -3.3183170e-01  -1.7149380e+00   2.9617379e-01  -1.0671032e+00   5.0243732e-02  -6.4248768e-01
   2.0000000e+00   1.2620729e+00  -7.9625301e-02   9.4209863e-01   1.1808106e+00   1.2025595e+00   5.4444120e-01
   2.0000000e+00   6.3770775e-01   1.0014343e+00  -4.1535412e-01  -1.4004544e+00  -3.5361617e-01   1.1050307e+00
   2.0000000e+00   1.7989012e-01  -2.1024511e-01  -6.1544447e-03   5.8978869e-01  -6.3031385e-01   1.5304922e+00
   2.0000000e+00   1.2092795e+00  -2.2055479e-01  -3.4049874e-01   2.2481855e+00   1.7886070e-01   1.0725728e+00
   1.0000000e+00   3.1048410e-01  -4.8336091e-02   1.1574376e+00  -7.9158169e-01  -1.6675670e-01   3.3473744e-01
   2.0000000e+00   1.8216316e-01  -1.4574627e+00  -3.5646573e-01   9.3416475e-02   9.5598663e-01  -1.0914906e+00
   2.0000000e+00  -5.4377004e-02  -7.5533439e-01  -6.1958309e-01   1.5999143e-01  -1.7174927e-01  -1.2242722e+00
   2.0000000e+00  -2.5327469e-01  -5.6367789e-01  -5.6320435e-01   3.2459693e-01  -8.1339827e-01  -1.2182813e+00
   1.0000000e+00  -8.2654032e-01   5.4372847e-01   4.2815754e-01  -1.4002231e+00  -2.6007918e-01   6.0723909e-01
   2.0000000e+00   1.4445228e-01   4.5491988e-01   2.5209954e-01  -6.6818364e-01   2.1314443e-01  -7.2146330e-01
   2.0000000e+00   1.3989886e+00   9.1225659e-01  -1.1545964e+00   1.8938409e-02   2.3941707e-01   1.4088025e+00
   2.0000000e+00  -3.7950116e-01   1.4136363e-01   3.5912626e-01  -5.5469297e-01  -2.1890106e+00  -1.7653850e+00
   1.0000000e+00   2.0456748e-01   1.1587695e+00   8.7404878e-01  -6.5935289e-02   7.0688303e-01   4.6959576e-01
   2.0000000e+00   3.7171249e-01  -1.5469966e-01   1.6327470e-01   8.1939640e-02  -8.7254171e-01  -4.5923672e-02
   2.0000000e+00  -4.7468524e-01  -3.9307143e-01  -1.7377771e+00   3.4951086e-01  -4.9666207e-01   1.3331862e+00
   2.0000000e+00  -2.1460239e+00   6.7426323e-01   2.7439010e-01   1.1546579e+00  -1.2689156e+00  -2.1796595e-01
   2.0000000e+00   1.7303311e-01  -9.2715694e-01  -3.9781166e-01   4.3472498e-01   1.4963296e+00  -7.7755698e-01
   2.0000000e+00  -7.1007506e-01   1.6712620e+00  -4.8754532e-01  -2.2688322e-01  -9.5626877e-01   1.1398774e+00
   2.0000000e+00  -3.1766827e-01  -4.5446573e-01  -1.6798077e-01   1.0437366e+00   7.9298229e-01  -6.7151405e-01
   2.0000000e+00  -3.4480172e-01  -3.4055312e-01  -9.7051999e-01   9.4269688e-01  -5.6397847e-01  -1.1542939e+00
   2.0000000e+00  -5.2223993e-01   1.2336382e+00   3.2146044e-02  -1.7867804e-01  -3.6136175e-01   1.9046925e+00
   2.0000000e+00   2.5063692e-01  -1.2099541e-01  -4.2782268e-01  -1.5345494e+00  -3.0872158e-01   1.6064038e+00
   2.0000000e+00  -3.0142424e-01  -7.3006830e-01  -6.6949811e-01  -9.1463468e-02  -3.2731456e-01  -1.5743329e-01
   1.0000000e+00  -7.4743535e-01   3.6736194e-01  -1.0768442e+00  -1.0232934e+00  -5.2902185e-01   3.6021451e-01
   1.0000000e+00  -3.2550127e-01   8.0265847e-01   3.6673954e-01   1.0241195e+00  -9.2835537e-01   2.1540815e-01
   2.0000000e+00   3.3811814e-01  -9.6589755e-02   1.8685234e+00  -7.9456522e-01   1.6133082e+00   8.0706768e-01
   1.0000000e+00  -2.0235488e+00   2.2961884e-01  -1.1009687e+00   5.0088589e-01   6.5474465e-01   6.4055291e-01
   1.0000000e+00  -6.8536135e-01  -7.3881276e-01   5.0423969e-01   4.8140282e-01  -1.1895691e-01   6.7788296e-01
   2.0000000e+00  -7.2868945e-01   2.1156464e+00   2.8828499e-01   8.9083492e-02   5.9978157e-01   1.7595649e+00
   2.0000000e+00   1.9616745e+00  -2.3161595e+00  -6.6582686e-01   1.5907702e-02  -4.2538946e-01  -7.7445926e-01
   1.0000000e+00  -2.6726142e-01  -5.8505486e-01   6.8501572e-01   6.0018218e-01   3.5899435e-01   3.4849992e-01
   2.0000000e+00   9.6197585e-01  -7.3570583e-02  -1.5160261e-01  -2.6553116e+00   7.6000085e-01  -3.0396888e-01
   2.0000000e+00  -5.2616485e-01  -1.3887746e+00  -1.1675344e+00  -1.2842394e+00   1.5963485e+00  -6.0601445e-02
   2.0000000e+00  -1.5216825e-01  -1.6051249e-01  -7.1656188e-01   1.7913473e+00  -7.1393447e-01   1.3518356e+00
   2.0000000e+00   1.2166120e+00   5.7634859e-01   1.4416617e-01   8.3173770e-01   9.7232764e-01  -9.0048939e-01
   2.0000000e+00   1.2860587e+00   1.3898306e+00  -4.2367598e-01   9.6047547e-01  -2.6707142e+00  -4.3381805e-01
   2.0000000e+00  -8.9214572e-01   2.0013767e-01   1.9896111e-02  -6.7728248e-01  -8.1687380e-01  -3.3301732e-01
   2.0000000e+00  -1.1996870e+00   6.7090926e-01  -3.6817636e-01  -5.3091652e-02  -3.7503414e-01  -7.8689866e-01
   1.0000000e+00   1.0072193e+00   2.4315075e+00  -1.6545194e+00   1.1653833e+00  -4.1155433e-01   7.7639966e-01
   2.0000000e+00  -2.4601353e-01   2.7767784e-01   1.3713239e+00   6.4079660e-01   7.1994423e-01  -1.9564181e+00
   1.0000000e+00   1.7794865e-01   2.5369273e-01  -8.7302479e-02   1.1990898e+00   1.8800801e-01   5.8661986e-01
   2.0000000e+00  -2.0168569e+00  -9.6196933e-01   1.5614562e+00  -2.3069320e-01   2.3758144e+00  -2.1493718e+00
   1.0000000e+00   4.1034879e-01  -1.4371457e+00   4.0579796e-01  -5.4223751e-01  -7.9580500e-01   4.6183341e-01
   2.0000000e+00   1.0890347e+00  -1.1414580e+00   1.3191698e+00  -9.0910690e-02   8.4301763e-02  -6.1306724e-01
   2.0000000e+00   1.2721228e+00  -3.8093873e-01  -1.1279362e+00   7.6001670e-01   1.7936280e+00   1.2036306e+00
   1.0000000e+00  -4.5048221e-01  -6.4155400e-01   1.7709104e-01  -3.5441588e-01   9.5237963e-01   5.9906256e-02
   1.0000000e+00  -1.4817033e+00   1.0989308e+00   5.4471937e-01   6.5678628e-01  -3.4669481e-01   7.7333874e-01
   1.0000000e+00   1.2798999e+00   2.8089568e+00  -3.8105706e-01  -1.1693892e+00  -2.4056771e-01   3.6871089e-01
   2.0000000e+00   4.7290505e-01   6.5872501e-01  -1.0269969e+00   2.2412856e+00  -1.5777859e+00  -8.4695238e-01
   2.0000000e+00  -8.5384804e-01  -3.2749654e-01   9.9544203e-01  -4.4268242e-01   2.4504953e-01  -7.9731334e-01
   2.0000000e+00  -2.0434767e+00  -1.7973618e+00   2.9981014e-01   3.9742959e-01  -9.1806751e-01  -8.3590234e-01
   2.0000000e+00   2.4090596e-01  -7.9947273e-01  -7.7626995e-03   6.4314127e-01   6.7476716e-01  -1.0362654e-01
   1.0000000e+00   7.9051702e-01  -4.4358951e-02   1.2510145e+00  -3.6767894e-01  -4.9822502e-01   2.9078195e-01
   1.0000000e+00   4.1730253e-01   1.2055384e+00   1.4179496e-01   1.1618139e+00  -7.4031709e-01   2.0542383e-02
   2.0000000e+00   7.7931295e-01   2.6066879e-01   5.2714327e-01  -1.7951020e-01   7.4148546e-01   9.7447738e-01
   2.0000000e+00  -8.8603214e-02  -8.4195260e-01   1.9911051e-01  -1.6787944e+00   1.3195474e+00  -3.9804922e-01
   2.0000000e+00   5.7600801e-02   1.0105082e+00  -6.5587647e-01  -3.1165235e+00  -4.9188521e-01   5.1954458e-01
   2.0000000e+00   5.6815005e-01  -2.3878159e+00   2.7964216e-01   2.4834545e-01   2.8944816e-01   1.0151010e+00
   1.0000000e+00  -8.4152668e-01  -1.5164736e+00   1.7153335e+00   1.7113899e+00   2.4760716e-01   9.4923410e-01
   2.0000000e+00   1.2390549e-02   7.2327367e-02  -1.1101696e+00  -1.2628414e+00  -1.4392441e+00  -1.3036422e-01
   1.0000000e+00   5.8361620e-01  -1.1147007e+00   3.4581002e-01   5.2111725e-01   3.7277491e-01   1.5801337e-01
   1.0000000e+00  -4.9813805e-01  -3.2037516e-01  -1.1747675e+00   2.7525721e-01   3.1689950e-01   8.0370592e-01
   2.0000000e+00  -1.2851765e+00  -1.6027092e+00  -1.7591584e+00  -1.5962720e-01   1.3889843e-02  -4.0578287e-01
   2.0000000e+00  -1.4281635e+00  -9.2247953e-01   7.8898293e-01  -5.9690185e-01   6.8745548e-01   9.2287612e-01
   2.0000000e+00   9.1954358e-01  -5.8662245e-01  -1.0376442e+00   5.5826862e-01   5.6536742e-01  -1.8686490e+00
   2.0000000e+00  -4.3517349e-02  -6.6174104e-01  -2.0179990e-01  -3.2732818e-01   1.0266990e+00   1.0710981e+00
   2.0000000e+00   2.5922074e-01   1.9476060e+00   1.4075287e+00  -2.0876032e-01   1.0964873e+00  -1.3424541e+00
   2.0000000e+00  -5.1635921e-01  -2.9802531e-03   7.0309731e-01   6.6868032e-01  -4.8035951e-01   1.2880476e+00
   2.0000000e+00   1.6735774e+00  -5.6094838e-01  -1.6767124e+00   7.0166194e-01   4.2204121e-02  -9.5497690e-01
   2.0000000e+00   6.3457123e-01   5.0870963e-01   6.1088212e-01  -8.8573320e-01   5.8105104e-01   1.3271266e+00
   2.0000000e+00  -9.9631656e-01   1.2574675e+00  -5.2084568e-01  -5.9437150e-01   1.0531282e+00   2.6082628e-01
   2.0000000e+00   2.5565354e+00  -9.0503666e-01  -9.1884977e-01  -8.0078463e-01  -3.2959626e-01  -1.5653613e-01
   2.0000000e+00  -5.1782114e-01   1.2351099e+00   3.4265069e-01  -5.7951855e-01  -5.5219285e-01   1.1143182e+00
   2.0000000e+00   5.2312407e-01  -1.0351196e+00  -1.0910261e+00  -2.5318101e+00  -6.3901557e-01  -1.9654546e+00
   2.0000000e+00   2.4604195e-01   1.5880632e+00   1.8293144e+00   1.3294293e+00   8.5499575e-01  -9.5626963e-03
   2.0000000e+00   1.1519870e-02  -1.1027250e+00  -2.1892566e-01   2.4443652e+00  -2.1677508e+00   4.0048454e-01
   2.0000000e+00  -9.6663720e-01  -9.7262977e-01   1.1754853e+00   1.5144597e+00   1.5746793e+00   2.4434985e-01
   2.0000000e+00  -1.5714972e+00   1.5681114e-03   3.2564334e+00   2.6883835e-01   3.9642786e-01  -2.0950753e-01
   2.0000000e+00  -1.7193344e+00  -2.4399453e+00   1.2684640e+00   9.0082744e-02  -5.5194186e-01   8.9056063e-01
   2.0000000e+00   5.3134082e-01  -5.0833605e-01   1.2439392e+00  -1.0381807e+00  -7.9259141e-01  -2.4567989e-01
   2.0000000e+00   2.0981678e-01  -1.4741864e-01  -5.5681243e-01  -9.9534158e-01   1.5516944e-02  -7.6753109e-01
   1.0000000e+00  -5.2502075e-01   3.8984299e-01  -2.9051719e-01   2.2227993e-01   5.0881187e-01   2.7201701e-01
   2.0000000e+00   2.2872624e+00  -6.9926580e-01  -1.6624322e+00   1.9896384e+00  -1.5614981e-01   9.1913966e-01
   2.0000000e+00  -5.7833102e-01  -3.8293923e-01   2.1515386e-01  -1.5143306e+00  -1.4328428e+00   1.1180878e+00
   2.0000000e+00  -2.2165425e+00  -1.5712360e+00  -1.0871295e+00   5.2150074e-02  -1.3481894e+00  -2.2518534e+00
   1.0000000e+00  -5.4114271e-01   2.5995705e-02   2.2082967e+00   1.5959895e-01   6.8827334e-01   2.6448702e-01
   2.0000000e+00  -1.1158883e+00   8.1616727e-01   5.8173198e-01   1.0963106e+00   1.2856570e+00   6.8408068e-01
   2.0000000e+00  -3.9147323e-02  -1.2815617e+00   5.2936254e-01   1.5020244e+00   2.8721158e-01  -5.9724449e-01
   1.0000000e+00   6.4143975e-01   2.1387205e-01  -2.2716288e+00  -7.6652781e-01   6.0518403e-01   3.9731070e-01
   2.0000000e+00  -7.6167578e-01  -1.4101576e+00  -1.2483901e+00  -6.9824626e-02  -1.1852687e+00  -3.3120055e-01
   2.0000000e+00   3.1077632e-01   5.1242576e-01   6.6419915e-01  -3.8441254e-01  -1.0986640e+00  -2.1271752e+00
   2.0000000e+00   2.0717072e+00  -7.1609768e-01   7.1229221e-01   2.1744796e+00   4.8054494e-01  -5.9238944e-01
   2.0000000e+00  -1.4418299e+00   5.2448693e-01   1.3221061e+00   2.9531474e-01   6.9738164e-01  -3.6410380e-01
   2.0000000e+00  -1.3309722e+00  -1.0138918e+00   6.7947399e-01  -3.0940084e-01  -2.1450067e+00  -1.0828732e-01
   2.0000000e+00   7.3409117e-01   1.3791158e+00  -5.4074642e-01   1.0333893e+00  -3.8862268e-01  -5.7853018e-01
   2.0000000e+00  -4.9661847e-01  -3.9366486e-02   8.8212743e-01  -5.2235079e-01   6.4403289e-02  -3.8749952e-01
   2.0000000e+00  -6.5400851e-01  -4.9406987e-01  -1.6503921e-01  -5.1860364e-01   8.4903168e-01  -6.2941596e-01
   2.0000000e+00   2.6622404e-01  -2.5300071e+00  -1.4787021e-01   4.7329282e-01   1.2885988e+00  -5.1796719e-01
   2.0000000e+00   2.1287043e+00   1.7320937e-01  -5.9320914e-01  -3.9597943e-01   3.3680583e-01  -8.4189013e-01
   1.0000000e+00   4.3821888e-01   4.9834120e-01   4.1546507e-01   1.3257374e+00   2.5289708e-02   5.1619580e-01
   1.0000000e+00   5.6792372e-01   7.3680910e-01  -7.5224558e-01   5.0727132e-01  -8.7092199e-02   5.5438079e-01
   2.0000000e+00  -2.0737811e-01   1.1405517e+00   1.7850723e-01   1.1119397e-01   1.9680473e-01  -2.6183747e-03
   2.0000000e+00  -3.2394272e-01  -1.3963733e+00  -1.8464908e-01   6.5775809e-01   4.9193136e-01   1.1883035e+00
   2.0000000e+00   2.2339380e-01   1.4415345e+00   2.1845301e+00   5.0091750e-01  -1.1109292e+00   1.4239527e+00
   2.0000000e+00  -3.7229674e-01  -5.8717200e-01   7.7126090e-01   6.8921566e-01  -1.1490244e+00   5.1126934e-02
   2.0000000e+00   5.4535219e-02   1.0074216e+00  -1.2148342e+00  -1.4632420e-01  -2.6562141e-02  -1.9726223e+00
   2.0000000e+00  -2.9110977e-01  -1.3354580e+00  -7.3223842e-01  -8.5480126e-01  -5.4053495e-01  -1.3037087e+00
   2.0000000e+00   1.2162576e-02  -1.0680341e+00   1.3016262e+00  -1.7694662e-02  -8.1898459e-02  -1.6580186e+00
   2.0000000e+00   1.3198033e-01   1.2592086e-01  -5.7875865e-01  -6.0324918e-01  -8.3224799e-01  -1.5183468e+00
   2.0000000e+00   7.8360243e-01   7.9846405e-01  -4.6544967e-01   1.1662241e+00  -1.4628420e+00   9.4566611e-01
   2.0000000e+00  -1.2742120e+00  -5.7151007e-01   4.2390340e-01  -3.0518969e-01  -9.7105752e-01  -1.5252146e+00
   2.0000000e+00  -3.6897501e-01  -2.2541438e+00   9.8770791e-01   6.6181609e-01   1.0815265e+00   2.1021527e+00
   2.0000000e+00  -2.4228648e-01  -5.4060178e-01  -3.0144210e-02   3.6045925e-01  -1.0496865e+00   1.0725516e+00
   2.0000000e+00  -4.5020882e-01   4.8925209e-01  -1.0994258e+00  -1.3572236e+00   2.7879600e+00  -3.7762405e-03
   2.0000000e+00  -6.9668262e-01  -5.7895530e-01  -3.9396211e-03  -1.8583121e-01  -6.7920282e-01  -1.1902416e-01
   1.0000000e+00  -4.0433926e-01   6.9411468e-01   1.5764276e+00   1.2919659e+00  -2.8469864e-01   3.3759611e-01
   2.0000000e+00  -6.1611264e-02   1.6289588e+00  -2.2118868e-01   2.3445044e+00   5.0596964e-01  -8.0883200e-02
   2.0000000e+00  -8.3417193e-01   6.1165960e-01   1.5027700e-01   7.7898178e-01  -1.1166544e+00  -8.5028897e-01
   1.0000000e+00  -3.4753415e-01  -6.8830070e-01  -1.2198168e+00  -1.1252122e+00  -8.1242315e-02   3.2046328e-01
   2.0000000e+00  -1.1064575e+00   4.0758099e-01   1.0290198e+00  -3.3485026e-01   3.3979283e-01  -8.0590201e-01
   1.0000000e+00  -8.4953336e-01   9.0718115e-01   8.1379651e-01  -1.5199144e+00  -4.9512962e-01   8.1219213e-01
   2.0000000e+00  -1.7619060e+00   1.1388519e+00  -9.3291290e-01  -6.7639452e-01   1.1364215e+00   4.5265351e-01
   2.0000000e+00  -2.5596702e-01   1.9890754e+00  -6.8681447e-01   2.9679371e-01  -1.4255880e-01  -1.3846164e+00
   2.0000000e+00  -3.9547426e-01  -7.4114523e-01   8.8583508e-01   1.3610585e+00  -8.2516526e-01  -4.3979320e-01
   2.0000000e+00  -3.7266156e-01  -1.0499545e+00   6.2890564e-01  -4.5736603e-02   2.8772862e-01  -7.1799339e-01
   1.0000000e+00  -7.2447341e-01   5.3786664e-01  -2.1785759e-02   5.4760911e-01  -1.4829143e-01   7.1654389e-01
   1.0000000e+00  -1.9498923e+00  -4.1395560e-01   1.2277040e+00  -1.6535855e+00   9.0990867e-04   3.4661640e-01
   2.0000000e+00  -4.9986565e-01  -2.4150687e-01  -8.3643297e-01   2.3504829e+00  -1.3857140e+00  -6.9242440e-01
   1.0000000e+00  -1.8448139e-01   5.6860287e-01   1.8434770e-01   1.1600873e+00  -2.7379471e-01   3.7568882e-01
   2.0000000e+00   1.0097862e-01  -1.7591476e-01   5.4779877e-01   4.7007844e-01   1.8990110e+00  -4.9663233e-01
   2.0000000e+00  -1.7851942e+00   5.7799557e-01  -4.8785235e-01   1.2985096e+00  -1.3310346e+00  -2.9896919e-01
   2.0000000e+00  -2.1426198e+00   1.7512350e+00   9.5477980e-01   1.2323119e-01  -1.6264804e+00   9.8740366e-01
   2.0000000e+00   2.3038628e-01   1.1354754e+00  -7.2956652e-01  -3.6962940e-01  -1.0797284e+00  -1.4595109e+00
   2.0000000e+00   1.3243107e+00   3.9971438e-01   5.4208263e-01  -3.8823522e-01  -1.0054480e+00   1.8463404e+00
   2.0000000e+00   7.4511388e-01  -5.5380747e-02  -2.1594726e-01   6.3556214e-01   1.3305325e+00  -1.7575169e-02
   2.0000000e+00   1.3767189e+00   3.4388581e-01   1.8666380e+00   1.3318504e+00   2.1298589e-01  -7.4265160e-01
   2.0000000e+00  -7.1926403e-01  -8.0154664e-01   2.5272628e+00  -7.7767715e-01   2.7843823e-01   2.9136305e+00
   1.0000000e+00  -5.4547161e-01   2.1692514e-01  -5.9378279e-01   1.5866022e+00  -1.8490838e-01   3.1144751e-01
   2.0000000e+00   7.5450667e-01   5.7932931e-01   1.4403795e+00   3.2489750e-01  -5.8614994e-01  -1.4162686e+00
   2.0000000e+00  -2.2181832e-01  -4.5861732e-01   5.5408223e-01   9.4675009e-01   4.6529440e-01  -1.6843721e-01
   2.0000000e+00  -1.1795242e-01  -2.4051507e-01   1.6107023e-01  -6.1660806e-01   1.8258978e-01  -3.1753408e-01
   2.0000000e+00  -4.9920278e-01  -8.0173204e-01  -2.8833324e-01  -8.8756222e-03   3.7733922e-01  -9.5950811e-01
   2.0000000e+00   6.6317725e-01   3.0772744e-01  -7.3911615e-01  -9.9234388e-01   2.6956275e-01  -6.1616212e-01
   2.0000000e+00  -7.4485900e-01  -3.8564644e-02   1.4319925e+00  -4.3781395e-01  -1.8472337e+00  -7.3727343e-01
   2.0000000e+00  -4.5681654e-03  -3.3773007e-01  -4.2577054e-01   1.8995621e+00  -3.2487267e-01  -1.0438043e+00
   2.0000000e+00  -7.9668586e-01   5.5187309e-01  -8.8056253e-03   5.3760739e-01   4.2053357e-01  -6.0492864e-01
   2.0000000e+00   2.2768785e-01   1.3494674e+00  -3.9389204e-01   2.0718898e-01  -2.6844630e-01  -2.5644070e+00
   1.0000000e+00  -2.7334532e+00   7.3653150e-01   6.4556329e-01  -2.1192718e-01  -7.1803865e-01   8.3677715e-02
   2.0000000e+00  -4.4285379e-01  -1.5294488e+00  -7.0461923e-01  -2.2780903e+00  -1.6085324e+00   4.0235953e-01
   2.0000000e+00   2.8434733e+00   6.2309401e-01  -1.6800988e+00   6.5645634e-01  -5.0833614e-01  -2.1820568e-01
   2.0000000e+00  -1.7048932e-01  -1.6181340e+00  -7.3037310e-01   1.7985087e-01   9.4492024e-02   2.2533940e+00
   2.0000000e+00   3.2121591e-01   1.0081935e+00  -1.4263774e+00   9.0689498e-01   3.1071675e-01  -5.8130882e-01
   2.0000000e+00  -1.7248416e+00   7.4568399e-02   7.8216378e-01   1.2979399e+00   3.4054058e-01  -5.5339230e-01
   2.0000000e+00  -1.6074412e+00   9.4634315e-01  -8.8554741e-01   4.6163405e-01   2.2125647e+00   6.2199381e-01
   2.0000000e+00  -7.1802292e-01   1.4735451e+00  -1.8060543e-01  -1.5157032e-01   2.4019864e+00  -6.8731386e-01
   2.0000000e+00  -6.4040003e-01  -1.2576232e+00   1.5741563e+00  -1.5446635e+00   8.7728770e-01  -1.8589882e+00
   2.0000000e+00  -4.1001234e-01  -1.2697708e+00  -1.2897846e+00   5.4307306e-01   4.3923746e-01  -1.2248415e+00
   2.0000000e+00  -1.2652836e+00  -1.6214573e+00   1.3794108e-01   9.6548383e-01   1.4722792e+00   2.5392620e-01
   2.0000000e+00   3.1694161e-01   1.0016765e+00  -8.4397201e-01  -1.1096925e+00   2.2417475e-01  -6.8797301e-01
   2.0000000e+00   1.0067732e+00  -6.5135713e-01  -3.2099262e-01   1.1296445e+00   4.8907622e-01  -1.0218369e+00
   2.0000000e+00  -1.9656260e-01  -7.1748753e-01   3.5826856e-01   9.8265093e-01   1.6004709e+00  -1.2209921e+00
   2.0000000e+00   2.5399870e+00  -2.1326073e-02   7.9528390e-01   1.3144154e+00  -1.3248308e+00  -8.6941386e-01
   2.0000000e+00   2.8962999e-02  -5.0918796e-01   2.0648197e+00   8.7305669e-01   4.2876618e-01  -2.2953621e-01
   2.0000000e+00  -6.6937612e-01   6.3584025e-01   8.5837067e-01   1.8704029e+00   1.4860949e+00  -1.9200354e-01
   2.0000000e+00  -1.1989595e+00  -7.8223081e-01  -2.9100149e-01   1.3096992e+00  -4.1486628e-01  -4.8853535e-01
   2.0000000e+00   1.2542102e+00  -1.5693676e-02   1.4775672e+00  -1.2822993e-01  -7.7901553e-01  -9.5017916e-01
   1.0000000e+00  -1.5385898e-01  -1.4476299e+00  -1.3437058e+00   1.4467011e+00   4.0546222e-01   2.8523260e-01
   2.0000000e+00   9.8978277e-01   1.1380102e+00   9.1578354e-01  -1.0550876e+00  -4.8419580e-01   9.4152867e-01
   1.0000000e+00   1.3418233e-01  -9.7328496e-02  -2.2548630e+00  -5.3139365e-01   2.9081229e-01   4.3157323e-02
   2.0000000e+00   1.3333683e+00   6.5934202e-01  -5.3266467e-02   9.2127503e-01  -1.3579764e+00  -5.8596350e-01
   1.0000000e+00   5.3836840e-01   1.0458982e+00   4.5744256e-01   8.5230348e-01   4.6767177e-02   9.0638828e-01
   2.0000000e+00   6.8667573e-01  -1.6507715e+00   4.1733036e-01   1.4601886e+00  -2.2403059e+00  -6.5460934e-01
   2.0000000e+00   1.9641481e+00  -4.5956087e-01   1.7076729e+00   9.3480899e-01  -1.2375292e+00  -3.4618042e-03
   2.0000000e+00  -1.0780461e+00  -1.4333959e+00   6.9780529e-01   3.1454851e-02   1.3494799e-01  -1.2998187e+00
   2.0000000e+00  -1.3432398e+00  -5.4374044e-01  -5.6561630e-01  -7.8137072e-01   1.4679186e-01  -5.5798304e-01
   2.0000000e+00   1.1810919e+00  -2.9197006e-01  -8.6664149e-01  -8.8896307e-01  -2.1011974e-01  -1.9100291e+00
   2.0000000e+00   4.5820602e-01   2.5074779e-01   9.5856185e-01   1.2610338e+00   1.4518985e-01   1.1406576e+00
   2.0000000e+00  -3.2004713e-01   3.2618855e-02   4.0908057e-01  -1.4826863e+00  -1.7007879e-02  -2.2829492e-01
   2.0000000e+00  -8.9401050e-01  -2.1449403e+00   3.0437156e-01   5.0434106e-01   9.6407292e-01   1.0964055e+00
   2.0000000e+00   1.1025454e+00   4.2050034e-01  -4.1109614e-01  -5.6107680e-01   6.5205048e-01  -4.3607169e-01
   2.0000000e+00  -4.9365503e-01  -1.6668119e+00  -1.9818816e+00   8.6564758e-01  -3.0093345e-01  -2.0364902e-02
   2.0000000e+00   2.2238522e+00   9.3644183e-01   5.7665941e-01  -9.6647129e-02  -6.2199365e-02  -1.0873996e+00
   2.0000000e+00   1.3223603e+00   1.2054728e+00  -1.0542781e+00   1.8673911e+00   6.4514176e-02  -2.1073048e-01
   1.0000000e+00   6.9254070e-01  -2.0569226e+00   1.1915540e+00   1.8173389e+00  -6.7742481e-01   4.1868118e-01
   2.0000000e+00  -4.0919864e-01   5.2640769e-03  -9.2784460e-01   7.7260045e-01   9.5253601e-01   1.4872444e+00
   2.0000000e+00   3.1098076e-01  -7.5135002e-01   1.5895774e-01  -3.5151872e-01  -1.0501138e-01  -1.1393299e+00
   1.0000000e+00  -9.2237455e-01  -1.7499637e+00   1.3915094e+00   1.8956140e+00   4.7914675e-01   4.9614081e-01
   1.0000000e+00   4.8901465e-01  -1.3318688e+00   7.3494835e-01   2.2373629e-01  -5.0316946e-01   3.7184977e-02
   1.0000000e+00   1.0647708e+00  -1.3894841e+00  -2.5629211e-01  -3.7008949e-01  -1.3627975e-01   7.2540344e-01
   2.0000000e+00   5.9171635e-01   4.8778940e-02   5.4741761e-01   4.2902356e-01   8.0104734e-01   1.6593763e+00
   2.0000000e+00   1.5765608e+00  -1.9405971e+00   1.2051830e+00  -2.0383136e+00  -6.8372278e-02  -9.4070261e-01
   1.0000000e+00  -1.5617269e+00   1.2074095e+00   4.0776617e-01  -4.1892311e-01  -1.7792778e-01   2.3888775e-01
   2.0000000e+00   5.2186931e-02   8.0885050e-02  -3.2220419e-01  -1.4670186e+00   3.3823536e-01   1.2799561e+00
   2.0000000e+00   1.0795269e+00   2.6582043e-01  -1.1789377e+00  -7.9024521e-01   8.1362551e-01   1.1080792e+00
   2.0000000e+00   1.3742588e+00  -8.8272085e-01   8.3736998e-01  -6.5655426e-01  -7.1578308e-01  -2.7364986e-02
   2.0000000e+00   4.8202873e-01   1.3438089e-01  -1.4545748e+00  -1.1899972e+00  -1.1419239e+00  -3.7133089e-01
   2.0000000e+00  -2.5357836e-01   1.8240671e-01  -2.9150062e-01   6.9018425e-01  -8.3675232e-01   1.5249779e+00
   2.0000000e+00   1.9583509e+00  -7.4688369e-02   5.2911575e-01  -2.9166688e-01   1.2514291e-01  -4.9919250e-01
   1.0000000e+00   1.1501560e+00   2.4999321e+00  -6.1852400e-01   8.7711288e-01  -8.5617944e-01   2.4081988e-01
   2.0000000e+00   2.5840985e-01   3.8464893e-01  -3.9051597e-01  -2.0443593e+00  -2.0921436e+00   2.8163827e-01
   2.0000000e+00  -9.3885893e-01  -2.1249798e+00  -2.8342260e-01  -5.1675083e-01  -9.1227544e-01   7.1033652e-01
   2.0000000e+00   4.6292920e-01  -6.2558515e-01  -6.2534119e-01  -1.8889292e-02   1.8045512e+00   5.6150362e-01
   1.0000000e+00  -1.6729971e+00   2.6332839e-01   1.1304766e+00  -5.4739525e-01   5.6914881e-01   5.9160947e-01
   2.0000000e+00   4.2651180e-01  -1.3464257e+00  -5.9878037e-01  -1.5813749e+00   9.1854564e-01  -2.0917491e-01
   2.0000000e+00   1.0106482e+00  -3.0151401e-01   8.7443367e-01  -5.9527306e-01   5.7355662e-02  -7.4776711e-01
   2.0000000e+00  -2.7252416e-01   6.6329588e-01   1.5138677e+00  -1.8283708e+00   1.3512219e+00   1.1804605e+00
   2.0000000e+00  -2.2061095e+00   1.4680376e+00  -8.3559449e-01  -5.3471302e-01   1.9538913e+00  -1.3544948e+00
   2.0000000e+00   5.4113923e-01  -6.0232306e-01   4.9221371e-01   1.0097268e+00   2.8351010e-01   1.8965960e+00
   2.0000000e+00   6.4885380e-02  -3.1669432e-01   1.0055407e+00   1.1522202e+00   9.0640814e-01  -2.9503416e-01
   2.0000000e+00  -1.4517481e+00   8.3413058e-01   5.5787910e-01  -6.0493764e-02  -1.2041900e+00  -1.2112983e+00
   2.0000000e+00  -8.6349220e-01  -2.0119103e+00  -1.2530408e+00  -5.9174008e-01   5.2022424e-01   9.1824637e-01
   2.0000000e+00   1.2275620e+00  -1.0621166e+00   1.7974719e-01  -1.3739387e-01  -1.3596228e+00  -6.7395001e-02
   1.0000000e+00   1.7318461e-01  -5.8161171e-01  -4.5183997e-01   3.7785805e-01   3.2486351e-01   6.8836812e-01
   2.0000000e+00   6.1961270e-01  -2.5954394e-01   1.0335789e+00   7.0068626e-01   1.6132696e+00  -1.2078650e+00
   1.0000000e+00  -1.0929705e+00   1.2045428e+00   2.2837875e+00  -6.7041888e-01  -3.1892878e-01   2.0231027e-01
   2.0000000e+00   1.5126252e+00  -1.1368849e-01   4.2662545e-01   1.5516538e+00   1.1112892e+00   6.6170807e-01
   2.0000000e+00  -5.1599257e-01  -1.3561413e+00  -2.6254495e-01  -1.0314900e+00   1.1780129e+00   1.8177930e-01
   2.0000000e+00   2.4184587e-01  -9.7903705e-01   8.8358367e-01  -1.3536593e+00   1.4058071e-01  -1.0034532e+00
   2.0000000e+00   2.6110969e-01  -6.7390328e-01  -7.4832305e-02   1.3749144e+00   9.7421810e-01  -1.5658078e+00
   2.0000000e+00  -5.6508693e-02  -1.9388784e+00   8.7508664e-01   1.3552898e+00   1.2269183e+00  -4.3125514e-01
   2.0000000e+00  -6.2331398e-01   7.0918490e-01  -1.3747120e+00   2.2534296e-01  -5.4586292e-01  -2.6176817e-01
   2.0000000e+00  -4.4526623e-01   1.1814097e+00   7.9881237e-02   5.6165290e-01   1.3125193e+00   4.9601841e-01
   2.0000000e+00  -7.4584038e-01   2.7105946e-01   9.0419130e-01  -1.0898592e+00   1.1883170e+00  -9.3167677e-01
   2.0000000e+00  -1.3095655e-01   8.1758977e-01  -1.3603276e-02   8.8142874e-01  -8.6050163e-01  -9.8541636e-01
   2.0000000e+00  -7.8164242e-01   2.3204724e-01  -3.4939212e-01   4.0961434e-02  -1.2964750e+00   7.7443811e-01
   1.0000000e+00  -4.3285087e-02   2.6636912e-01   1.1475238e+00  -7.8114804e-01   4.1063383e-01   7.8618347e-01
   2.0000000e+00   4.6098754e-01  -4.6486372e-01   1.3479551e-02   4.1207452e-02   6.4099591e-01  -1.1146627e+00
   2.0000000e+00   1.0187674e+00  -3.5144137e-01   2.5797761e+00   9.3916241e-02  -1.1020637e+00  -9.3314694e-01
   2.0000000e+00   1.6732496e-01  -2.2688033e+00   1.8431276e+00   7.1458558e-01  -1.2718094e+00   2.1252876e-01
   2.0000000e+00   7.8801831e-01   1.2242858e+00   8.7721344e-01   6.7683679e-02   1.2156663e+00  -2.2457170e+00
   2.0000000e+00  -3.6792693e-02   6.4021122e-01  -2.0101494e+00  -1.2449177e-01   8.7664452e-03  -4.2797922e-01
   2.0000000e+00  -1.4359199e+00   3.5502157e-01  -1.9914221e+00  -1.6396691e+00  -1.0644381e+00  -1.2522562e+00
   2.0000000e+00   6.9957756e-01   2.9751799e-01  -1.3283977e+00   3.7281713e-01   1.1455429e+00   1.1622822e-01
   2.0000000e+00   2.8556537e-01   8.8513030e-01  -1.4828291e+00   9.5675562e-01   1.1611131e+00  -1.4818467e-02
   1.0000000e+00   3.2499551e+00   1.2633639e-01   9.5909642e-01  -4.0533581e-01  -4.2554684e-01   3.4091133e-01
   2.0000000e+00   1.3674708e+00  -5.3274654e-01   4.7369768e-01   2.0134263e+00  -1.6571855e+00  -2.3307976e-01
   2.0000000e+00   1.3543726e+00   6.3820379e-01  -6.4933101e-01  -3.9565071e-01  -4.4279557e-01  -5.1214249e-01
   2.0000000e+00  -2.0738406e-01   7.3028931e-01  -1.0854289e+00   1.1585501e+00  -4.4365927e-01   1.5620674e+00
   1.0000000e+00  -2.0205060e+00   2.0600116e+00   1.9068265e+00  -6.1806317e-01   4.2269237e-01   3.9276129e-01
   2.0000000e+00  -4.6728188e-01  -3.7908049e-01   1.7934250e-01  -2.3474487e+00   1.1915850e+00   2.8420313e-01
   2.0000000e+00   5.7643961e-01  -2.6020561e+00   3.2637805e-01  -5.2221961e-01  -2.2495525e+00   1.1466282e+00
   2.0000000e+00  -5.1919464e-01   2.8678066e-01   2.1998103e-01   3.2168414e-01  -1.5795556e-01  -1.5266784e+00
   2.0000000e+00   4.0173463e-01  -1.1102574e+00  -3.6314462e-01  -6.3931520e-01  -1.9344866e+00  -3.8293975e-02
   2.0000000e+00  -1.8099108e+00  -1.2457057e+00   7.1497282e-01   9.6982497e-01  -1.6262494e+00   1.4099339e+00
   2.0000000e+00   1.3209761e+00  -4.2679436e-01   1.2284219e+00  -2.4691305e-01  -8.0380083e-01   1.5212814e+00
   1.0000000e+00   4.6400853e-01   1.5157210e+00   1.8355523e+00  -1.8887476e+00  -8.8239401e-01   4.0256285e-01
   2.0000000e+00   2.0183733e-01  -3.1911160e-01  -1.8959431e-01   8.6026268e-01   7.7082826e-01  -1.1363690e+00
   2.0000000e+00  -1.0107933e-01  -1.4556889e+00   9.2372204e-01  -9.1906851e-01  -3.2169129e-01   1.7110583e+00
   1.0000000e+00  -4.5121470e-01   1.9114463e+00   1.3062775e+00  -2.9400338e-01  -5.4973347e-02   5.3271176e-02
   2.0000000e+00   7.5623055e-01   2.9192371e-01   1.3565115e+00   1.4313372e-01  -3.6360704e-01  -6.9065729e-01
   2.0000000e+00   1.1288868e+00   1.8048113e+00  -1.0593592e+00   1.8942841e-01  -3.2827772e-01   1.0756373e+00
   2.0000000e+00   5.4557943e-01   4.5513999e-01  -5.2584832e-01  -2.0263322e+00  -3.2663717e-01   2.7848126e-01
   2.0000000e+00   2.3135329e+00  -1.2373707e+00   1.1266758e+00  -2.2317859e-01  -8.1990711e-01  -1.1695350e+00
   2.0000000e+00  -8.1217050e-01   7.0827788e-01   5.7233193e-01  -5.1558711e-03  -1.2063588e+00   2.6481193e-01
   1.0000000e+00   5.1161106e-01   1.4636968e+00   1.5846889e-01   1.3348112e+00   4.3388373e-02   8.9557661e-02
   2.0000000e+00   1.3724969e-02  -1.1712037e+00  -2.7572845e-01   3.3241331e-01   1.5482861e-01  -9.2211383e-01
   2.0000000e+00  -1.2964110e-01  -3.6435387e-01   1.1792972e-01   1.0334818e+00  -1.0544726e+00   1.3388709e-01
   2.0000000e+00   5.8744017e-01  -7.7660267e-01   1.5975741e-01  -1.1602461e+00   9.3300004e-01  -8.6591306e-01
   1.0000000e+00   1.3353386e+00   7.7575137e-01  -4.4889020e-01  -1.0843320e+00   6.2395479e-01   4.4572593e-01
   2.0000000e+00  -4.5384505e-01  -6.6297103e-01  -1.5346178e-01   3.2568994e-01  -8.4709876e-01  -1.1356193e+00
   2.0000000e+00  -7.7129116e-01   1.2285500e+00   2.8075092e-01   3.3921532e-01  -1.8100473e+00   6.4125597e-02
   2.0000000e+00   3.8814538e-01   6.0577415e-01  -6.1097173e-02  -5.5767413e-01  -1.4077776e+00   5.2641944e-01
   2.0000000e+00   2.7303184e+00  -2.5143329e-01   1.1645895e+00  -2.3088687e+00   1.3977109e-01  -4.4169221e-03
   2.0000000e+00  -3.1980839e-01  -1.0465259e+00   1.5172816e-01  -1.6001919e+00   7.1890176e-01   9.4818508e-01
   2.0000000e+00   7.9718001e-01   1.0112787e-01   4.4004241e-01   2.7461904e+00  -1.0950316e+00   1.7938116e+00
   2.0000000e+00  -4.0413933e-01   2.3591475e-01   1.4473755e+00   1.0142308e+00  -1.5146066e-01  -1.4163835e+00
   2.0000000e+00  -8.7985059e-01   1.5945946e+00  -1.6410165e+00  -7.2116050e-01  -8.1280777e-01  -2.9592422e+00
   1.0000000e+00   4.9070691e-02   3.1033127e-01  -7.7051655e-01  -1.3132001e+00   5.2793457e-01   1.3850148e-01
   2.0000000e+00   7.6190441e-01  -4.3986905e-01  -2.1661139e+00  -4.0140248e-01  -2.1387129e+00  -2.1117754e+00
   2.0000000e+00   9.5369704e-01   5.0699586e-01   7.3155920e-01   9.3586593e-01   3.7363514e+00   1.9689031e-01
   1.0000000e+00   8.6202926e-01   7.3159376e-01  -1.5146218e+00   1.0660995e+00  -2.3423591e-01   8.3399783e-01
   2.0000000e+00  -1.7687918e+00   1.3369567e+00  -2.0800850e+00  -4.0470018e-01   2.2386277e-01  -8.4721544e-01
   2.0000000e+00  -4.9491908e-02   9.7953829e-01   2.0111055e+00  -9.8609963e-01  -1.9584253e+00  -4.3409301e-01
   2.0000000e+00   1.4681414e-01  -2.2611681e-01  -4.6455474e-01   4.2553770e-01   6.1115438e-01   1.1048906e+00
   2.0000000e+00   2.1245971e+00   8.1152271e-01  -2.0449268e+00   9.3797588e-01  -1.7090482e+00   1.5142079e+00
   1.0000000e+00  -3.2368379e-01  -4.4318648e-01   1.4477464e+00   1.5381529e-01   6.0764677e-01   3.2308586e-01
   2.0000000e+00   5.8909120e-01   1.7975536e+00   7.9076504e-01   1.6199675e+00   5.8581956e-01  -1.0619446e+00
   2.0000000e+00  -4.7561196e-01  -6.2338189e-01  -4.7140264e-01   1.6302045e+00  -4.6175797e-01  -5.5695001e-02
   1.0000000e+00  -1.4582711e+00  -1.4404869e+00   2.1541125e-01   3.3434765e-01  -3.0132890e-01   7.7433736e-01
   2.0000000e+00  -2.9414053e-01  -1.6869558e+00  -1.6112448e+00   3.4605819e-01  -4.1146292e-01  -2.1056544e-01
   2.0000000e+00  -7.6080693e-01   4.2050860e-01   5.9688520e-02  -5.8696216e-01   7.6427765e-03  -7.7149237e-01
   2.0000000e+00  -9.2449344e-01  -7.4189276e-01   7.3432582e-01  -2.0251983e+00   3.9292467e-01  -1.3914715e+00
   2.0000000e+00   6.6954584e-01  -3.9287325e-02   9.6571470e-02   6.5292515e-01  -1.0544715e+00  -4.3686663e-01
   2.0000000e+00   7.7772963e-01   9.0095150e-01  -1.0962393e+00  -3.8044040e-01  -9.1177553e-01  -3.3179108e-01
   2.0000000e+00   1.4600595e-01  -3.0675513e-01  -2.2810128e-01  -9.7311501e-01  -6.7682863e-01  -1.7394648e+00
   2.0000000e+00  -6.6087498e-01  -4.6087769e-01   7.2742588e-01  -8.1250989e-01   3.6982062e-01  -1.0821125e+00
   2.0000000e+00  -1.2874935e-02   2.2468489e+00   5.7446107e-01   1.9375635e+00  -5.0616753e-01  -6.6599910e-01
   2.0000000e+00  -1.6524834e+00  -1.3450933e+00   2.0906244e+00   1.0146000e+00  -2.0295833e-02  -2.0521374e+00
   1.0000000e+00   9.5063303e-01   6.1581119e-01  -3.2945728e-01  -1.8446470e+00   7.0643327e-02   5.2141176e-01
   2.0000000e+00  -1.1151102e+00  -1.6444558e+00  -3.6626840e-01  -2.1455149e+00   2.3857806e-01   6.9411578e-02
   2.0000000e+00   4.4393481e-01   1.6873981e-01  -1.3976254e+00   2.5254860e-01  -1.1180703e+00  -1.0112400e+00
   2.0000000e+00   2.8189122e-01   2.0138195e-01  -9.2487329e-01  -1.4854184e-01  -1.6283497e+00   3.7842889e-01
   1.0000000e+00   1.0014490e+00   3.7070591e-01   9.5214117e-01  -5.2779417e-01  -8.3171169e-01   5.0169189e-01
   2.0000000e+00   5.6376705e-02   3.5776297e-01   5.4819452e-01   4.7961263e-02   1.1050567e-01  -3.2348716e-01
   2.0000000e+00   4.0268924e-01   2.1298024e+00   6.8807819e-01   6.3478950e-01  -1.0747761e+00  -6.5731267e-01
   2.0000000e+00   1.3133744e+00   5.4432486e-01   2.2909211e-01  -4.4733271e-01   1.5000570e+00   1.1765102e+00
   2.0000000e+00   1.3653481e-01  -3.1483606e-01  -1.0030943e+00   8.4221864e-01  -1.7189212e+00   8.4526230e-01
   2.0000000e+00   5.6246096e-01  -6.5955595e-01  -4.4282326e-01   3.0608276e-02  -6.2701952e-01  -1.3001674e+00
   2.0000000e+00  -1.4144600e+00  -5.3265500e-01  -1.2366287e+00   1.2645372e+00  -3.4862076e-01  -6.1126700e-01
   2.0000000e+00   1.1264523e+00  -1.3929317e+00   1.1570945e+00  -4.8683103e-01  -4.8185364e-01  -1.2202126e+00
   2.0000000e+00  -8.5583451e-01   3.9453621e-01   1.9888102e-02  -5.7702266e-01  -1.6106880e+00  -5.7201853e-01
   2.0000000e+00  -4.7030799e-01   2.6978478e+00   1.0792053e+00   4.4281101e-02   1.9832257e+00  -1.8358165e+00
   2.0000000e+00   1.0184628e+00  -5.2513499e-01  -3.2142060e-01   6.6979603e-02  -7.2524332e-02   1.1153701e+00
   2.0000000e+00  -1.3987710e-01  -1.4657943e+00   7.6680362e-01  -9.0208331e-01   2.4332810e-01  -8.5957802e-02
   2.0000000e+00  -1.1242961e+00  -3.6780849e-01  -2.0189817e-01  -1.8609308e+00  -5.8867702e-01   1.1930729e+00
   2.0000000e+00  -2.1128436e+00   1.1032789e+00   2.0132607e-01  -9.9983445e-01  -1.2338458e+00   5.9394603e-01
   2.0000000e+00  -4.8481013e-01   2.8064752e-01   1.4541562e-02   1.3730121e+00   5.2941787e-02  -1.7924074e+00
   2.0000000e+00  -4.9830988e-01  -8.4364045e-01   5.2189415e-02   5.4805014e-01  -2.3115371e+00  -2.0860288e-01
   1.0000000e+00  -1.7974685e+00  -1.9384551e+00   9.3537018e-01  -8.2469221e-01   2.7885120e-01   9.3796384e-01
   2.0000000e+00  -1.2477965e+00   1.2672152e+00   1.0188690e+00  -7.5776455e-01  -1.3273901e+00   5.4196310e-01
   2.0000000e+00   5.9299121e-01  -9.4955216e-01   1.5728154e+00   2.4621336e+00   8.6356710e-01   2.1495764e-01
   2.0000000e+00  -1.2450242e+00   5.5091091e-01   1.4162938e+00   3.4850066e-01  -1.1225401e+00  -3.9115198e-01
   1.0000000e+00  -4.1853157e-01  -8.6942361e-01  -1.2661491e+00   3.1983784e-01   1.8122384e-01   9.2132414e-01
   2.0000000e+00  -1.2096041e+00   5.8579370e-01   1.7172739e+00  -3.8804905e-01  -1.0709989e+00   2.4283368e-01
   1.0000000e+00  -8.8793213e-01   7.8535721e-02   1.7546520e+00   2.6502092e-01   3.0952097e-01   1.3687058e-01
   2.0000000e+00  -1.3086452e+00   4.6987232e-01  -1.9959114e+00   1.1012560e+00  -1.2701116e+00  -2.2921336e-01
   2.0000000e+00   3.0268687e-01   8.8201070e-01  -1.1448108e+00   1.8914402e+00  -3.4405322e-01   1.0502666e+00
   2.0000000e+00  -1.9149799e-01  -8.0147878e-01   1.1441678e+00   5.9112809e-01   1.2932621e+00   4.8315585e-01
   2.0000000e+00   4.2596014e-01   2.8908679e-02  -1.3734307e+00  -4.4995827e-01  -1.0308578e+00  -1.7540432e+00
   2.0000000e+00   1.0459761e+00   7.1958735e-01   1.0243392e+00  -2.3444918e-01  -1.0418521e+00   1.8748681e+00
   1.0000000e+00  -1.8554648e+00   1.3768436e+00   7.3829609e-01  -7.0598974e-01  -3.4248952e-01   1.9744101e-01
   2.0000000e+00   3.2528994e-01  -6.3366922e-01  -6.5016449e-01   5.6322809e-01   1.1650099e+00  -7.3533625e-01
   2.0000000e+00  -9.4044932e-01   8.2181860e-01  -1.0136846e+00   4.3576487e-01  -1.9964570e-01  -4.8016536e-01
   1.0000000e+00   6.1850089e-02  -8.0729270e-01  -5.2943685e-01  -8.2806022e-01   3.9070327e-01   5.1696913e-01
   2.0000000e+00   1.2229556e+00  -9.9777404e-01  -4.7653385e-01   1.2421157e+00  -3.7446078e-01   1.7897285e+00
   2.0000000e+00  -4.8588855e-01  -1.1038508e+00   1.7667540e+00  -1.3122805e-01   1.0816326e+00  -5.3050935e-01
   2.0000000e+00   8.1592265e-02  -1.3760289e+00   1.2374695e+00  -9.4806248e-01  -1.3016456e+00  -5.5022187e-01
   2.0000000e+00  -5.3580815e-01  -2.0869670e+00   4.0310015e-01   3.0091307e-01   6.9581958e-01  -5.4948267e-01
   2.0000000e+00   6.2819668e-01  -3.5609599e-02   2.0044824e+00  -5.3638091e-01  -7.3205512e-01   1.1762087e+00
   2.0000000e+00   8.0637304e-01  -5.6990327e-01  -3.0596170e+00  -1.3940471e+00   9.5051496e-01   4.6057429e-01
   2.0000000e+00   8.5894099e-01   1.7155683e+00  -4.0092278e-01   3.1702525e-01   1.3645411e+00  -6.6546818e-01
   2.0000000e+00   9.9894333e-01  -1.3837262e+00  -1.9637403e-01  -4.1720409e-01  -1.2785096e+00  -1.2822977e+00
   2.0000000e+00   7.4480324e-02   8.1158909e-01   1.2697752e+00   1.7308444e-01   1.6405373e+00   1.0468101e+00
   1.0000000e+00  -4.9377476e-01   2.4351179e-01  -6.6203403e-01   3.2213992e-01  -7.0981351e-01   4.2278234e-01
   2.0000000e+00   7.9494665e-01   1.0594846e+00   2.8374372e-01   5.0232425e-01   1.7314722e-01  -7.3408821e-01
   2.0000000e+00  -8.2595151e-01  -1.8250654e-01  -1.8646268e+00   1.8700017e-01  -1.0669756e+00   1.0777244e+00
   2.0000000e+00  -6.8517749e-01   1.4766510e+00   3.7672840e-01   7.3053224e-01  -5.9155150e-01  -8.4018196e-01
   2.0000000e+00  -1.8477428e+00  -6.7935423e-01   7.1676843e-01  -3.2015357e-01  -4.8844592e-01  -1.5489095e+00
   2.0000000e+00  -1.2142516e+00   9.8864816e-02  -5.1306489e-01  -8.7491786e-01  -8.0237188e-01   9.4960467e-01
   1.0000000e+00  -9.7237336e-01  -1.5239335e-01  -7.6575127e-01   2.3430183e-01   1.8372983e-01   5.5397439e-01
   2.0000000e+00  -2.6610036e-01  -1.1908970e-01   1.2459567e-01  -3.4174255e-01   4.4915535e-01  -4.9831400e-01
   2.0000000e+00  -2.7966070e-01   1.6376297e+00  -1.0751454e-01   1.7423177e+00   1.3071238e+00   5.6814533e-01
   2.0000000e+00  -8.4919467e-01  -1.4819961e+00   1.8181832e-01  -1.6295262e-01  -1.0024038e+00  -1.2035214e+00
   1.0000000e+00   1.7168754e-01  -1.7819799e-01  -6.0944280e-01  -1.6438766e-01  -4.1562833e-01   3.5380851e-01
   2.0000000e+00  -1.9019505e+00  -5.8782162e-01   1.1243931e+00  -2.1051410e+00   1.3638459e-01  -3.8043488e-01
   2.0000000e+00   3.5726605e-01   1.0361668e+00   7.8218582e-01  -1.2058533e-01   6.8841069e-01  -1.4837178e-01
   2.0000000e+00  -1.2788046e+00   1.0103956e+00  -5.7432541e-01   1.5750150e+00  -6.7341310e-01  -7.2068417e-01
   2.0000000e+00   3.0787500e-01  -9.8486806e-01   1.1222798e+00  -1.0774314e+00   9.9820216e-01  -4.4190543e-01
   2.0000000e+00   8.0839435e-01  -2.9796256e-01   2.4004453e+00   1.9618143e-01  -2.1998109e-01   1.9077563e+00
   2.0000000e+00   1.6245319e+00  -5.9034197e-01  -1.1692030e+00   4.5463689e-01   1.1937916e+00  -1.5235726e-02
   1.0000000e+00  -7.6936654e-01  -1.4279189e-01   1.3660662e+00   1.0474702e+00  -2.2622188e-01   1.5020968e-01
   1.0000000e+00  -2.8448325e-01  -3.5016985e-01  -3.8731837e-01  -2.6060043e-01  -9.4403509e-02   5.8692030e-01
   2.0000000e+00  -1.5913692e+00   1.5215750e+00   4.5291608e-01   4.6268964e-01  -3.1721646e-01   1.2051973e+00
   2.0000000e+00   3.1610279e-01   2.8226030e-01  -7.7720540e-01  -9.1788146e-01   1.2059364e+00   4.5686271e-01
   2.0000000e+00   4.2643599e-01  -9.7517920e-01  -2.1345652e-02   1.0584490e+00  -8.0681715e-01  -1.6457288e+00
   2.0000000e+00  -1.0501359e+00   1.7186191e-01   1.3694620e+00  -3.6595059e-01   6.9512657e-01   1.2863979e+00
   2.0000000e+00   1.4750096e+00  -6.6294251e-01  -1.9543083e+00   7.7106282e-01   1.8060684e-01   1.4658366e+00
   1.0000000e+00   1.0906726e+00  -5.0657081e-01   2.9617754e+00  -2.1905429e-01   6.6202586e-01   6.1710060e-01
   2.0000000e+00   1.4038345e+00  -2.5219938e-01   4.0890472e-01   6.7381414e-01   7.3915744e-01   9.3138072e-01
   2.0000000e+00   1.1285277e+00   6.3906651e-01  -8.1470139e-01  -2.8755259e-01   6.0773099e-01  -1.9169528e-01
   2.0000000e+00   1.2987743e-01  -4.8121145e-01   1.1111012e+00   1.2573080e+00  -2.0067005e+00  -1.2708737e+00
   2.0000000e+00   9.6237937e-01  -7.4099001e-02   9.8049774e-02  -5.8084387e-01   1.0436352e+00  -2.6933046e+00
   2.0000000e+00  -3.0886620e-01   2.3555057e-01  -4.8424788e-01  -6.7674425e-01  -5.9197745e-01  -3.9300332e-01
   1.0000000e+00   1.8220673e+00  -2.2921583e+00  -5.0094477e-01  -1.0047018e+00  -8.3066336e-01   3.1077683e-01
   2.0000000e+00   1.9642251e+00   1.2461769e+00  -1.4276015e+00   1.3655289e+00   5.7880601e-01   1.1945529e+00
   2.0000000e+00   8.8876369e-01   1.2689433e-01  -1.3810879e+00  -6.3986569e-01   1.0175100e+00  -1.3326424e+00
   2.0000000e+00  -1.8682392e+00   1.2503210e+00   2.7479108e-01  -3.4856455e-01  -1.6363942e+00  -1.9403951e+00
   2.0000000e+00  -2.4828647e-02   5.3242290e-01   5.9297200e-01  -2.5764244e-01   8.6699630e-01  -3.6411817e-01
   2.0000000e+00  -1.8318829e+00   9.3514297e-01  -9.3057586e-01   1.0953399e+00   6.1754350e-01   2.4028007e+00
   2.0000000e+00  -1.2939845e+00  -9.7709187e-01   2.3570401e+00   8.0546900e-01  -1.9017578e+00  -3.4550047e-01
   2.0000000e+00   4.7116100e-01  -2.8240782e-02   4.6753189e-01  -8.8912854e-01   1.2401782e+00  -1.4535035e-01
   1.0000000e+00  -1.1556370e+00   1.1380412e+00  -1.5673446e-01   1.1256887e+00  -6.4051567e-01   3.3541507e-01
   1.0000000e+00  -1.7522852e-02   2.0514366e+00  -1.0662354e+00   1.6909570e+00   7.1166979e-01   5.7838085e-01
   1.0000000e+00   2.9563340e-01  -1.3842166e+00  -1.7443119e+00   1.4769948e+00  -4.2653332e-02   2.1538808e-01
   2.0000000e+00  -1.1093595e+00  -4.7019425e-02  -5.0586080e-01   5.5602162e-02   4.3424691e-02  -3.5226387e-01
   2.0000000e+00  -1.9642012e+00   1.7656173e-01   8.3828308e-01  -1.9302223e-02  -1.0366176e+00   4.8494731e-01
   2.0000000e+00  -1.0880885e+00   1.2105673e-01  -8.6225937e-01  -1.0249959e+00   6.7991022e-01  -1.5918426e+00
   2.0000000e+00   3.2857382e-01   9.3232574e-01   2.5908619e-01  -1.4932254e+00   8.0828922e-01  -1.6031189e-01
   2.0000000e+00  -1.0059198e-02  -3.1766896e-01  -9.0230024e-01   2.8791938e-02  -1.1083209e+00   4.2516588e-01
   1.0000000e+00   7.3158447e-01  -1.0390701e+00   9.1134808e-01  -4.0622283e-02  -1.1580189e-01   7.8365576e-01
   2.0000000e+00  -7.6805168e-01  -2.5140014e-01   6.0233984e-01  -2.6559128e+00   5.7078497e-01   1.3367430e+00
   2.0000000e+00   8.3435037e-01   7.8751733e-01   5.8918465e-01   1.7363228e-01   6.9833212e-01  -2.5700541e-01
   2.0000000e+00   1.1628250e+00  -1.5324045e+00  -4.8676909e-01   9.1818801e-01  -1.2692257e+00  -1.7840752e+00
   1.0000000e+00   1.0351984e+00   8.1416754e-01  -5.1718772e-01  -1.4660862e-01   3.6628477e-01   5.0913729e-01
   2.0000000e+00   2.7970860e-01   4.4325688e-02   1.8602736e+00   7.4518924e-01  -6.4500014e-01  -1.8625738e-01
   1.0000000e+00   9.8469515e-01  -1.3505675e-01   9.8114317e-01  -4.4289631e-01  -5.1913230e-01   2.8187026e-01
   2.0000000e+00   1.8048266e+00   5.1940417e-01   1.1084845e-01   5.5358171e-01  -1.6094839e+00   1.0513930e-01
   1.0000000e+00  -2.1755440e-02   1.6625379e+00   2.6671476e-01   7.0288589e-01  -3.8320215e-01   6.1340468e-01
   2.0000000e+00  -1.8803176e+00  -2.9750373e-01  -1.2275704e+00   2.3216850e-01  -1.2994598e+00  -9.1349220e-01
   2.0000000e+00   2.2687413e+00   2.7729929e-01   9.7108861e-01  -3.8971968e-01   1.5794178e+00   6.3294442e-01
   2.0000000e+00   9.8861938e-01   6.3268522e-01   3.1437279e-01  -1.0137500e+00  -7.3216571e-01  -7.2146890e-01
   1.0000000e+00   1.5855902e+00   1.7486220e-01  -3.5185699e-01   2.5831572e-01   9.8775419e-01   4.0297140e-02
   1.0000000e+00  -6.9581049e-02   1.4636998e+00  -1.0518833e-01   6.8147624e-01  -6.4301860e-01   1.8574872e-01
   2.0000000e+00   4.6983348e-01   4.1677470e-01  -5.9867399e-01  -1.4313035e+00  -6.5118296e-01  -7.7648177e-01
   1.0000000e+00  -3.6261602e-01   7.5593797e-01   1.6724575e-01   3.2616461e-01   1.7845968e-01   4.2557389e-01
   2.0000000e+00  -7.9500675e-01  -4.2872564e-01  -3.9901170e-01   9.6005276e-01  -6.0787845e-01   1.3102502e+00
   2.0000000e+00  -1.0435708e+00   1.2804637e+00   6.1752640e-01  -7.1781235e-01  -1.6139187e+00  -6.3440809e-01
   2.0000000e+00  -2.0341660e+00  -7.3651224e-01   1.1281997e-01  -1.2328870e+00  -6.1642826e-01  -2.7510386e-01
   2.0000000e+00  -4.3650853e-01  -1.2274062e+00  -3.5890854e-01  -6.9012343e-01   3.7389029e-01   1.1064045e+00
   2.0000000e+00  -5.9267129e-01   2.2108809e-01  -1.3233895e+00  -6.9030493e-01  -1.3677403e+00   1.0818047e+00
   2.0000000e+00   3.7792191e-01  -9.9376016e-02  -2.8255424e-01  -1.4540277e+00  -4.4743873e-01   9.9526773e-01
   1.0000000e+00   1.1412344e+00   1.2542986e+00  -7.7293107e-01  -6.3735809e-01   2.6987814e-01   3.0310701e-01
   2.0000000e+00  -2.6426366e+00  -5.3777765e-01   2.2490881e+00  -7.5208439e-01   9.4225297e-01  -3.3095465e-01
   2.0000000e+00   1.1434945e+00   9.5022531e-01  -2.6818531e+00  -1.5412255e+00  -1.7250869e-01  -2.2043604e+00
   2.0000000e+00  -9.3316020e-01   1.2810637e+00  -4.0056017e-01  -6.6240587e-01  -8.9036308e-01  -1.0906838e+00
   2.0000000e+00   5.9421335e-01   7.0737529e-01   5.4958339e-01   6.7123014e-01   1.1649907e+00   2.3491313e-02
   2.0000000e+00  -1.4365304e+00  -5.8181476e-01  -6.3670298e-01   1.2858668e+00   8.3199778e-01   6.3399106e-01
   2.0000000e+00   1.3958221e+00  -7.8514759e-01   9.0861239e-01   5.8129204e-01   1.8411968e+00   4.9220516e-01
   2.0000000e+00  -1.4576783e+00   1.3986655e+00   3.6835643e-01  -6.3342579e-01   2.1118179e+00   6.3970216e-01
   2.0000000e+00  -2.1668951e+00   3.7500662e-01  -1.4697526e-01   1.4987644e+00  -3.9195607e-01  -4.0489543e-01
   2.0000000e+00   2.4803650e-01  -1.6827479e+00  -2.5305922e-02  -9.4306125e-01   1.6112560e+00  -9.1773113e-01
   2.0000000e+00  -1.3580543e-01  -7.2993869e-02   1.0237337e+00  -2.1311358e-01  -1.0464353e-01  -6.3564460e-01
   2.0000000e+00   3.2916369e-01   8.9860675e-02   6.4910709e-01   3.4594964e-01  -1.9693848e-01  -1.2249622e+00
   1.0000000e+00  -1.7072246e-01   1.5459773e+00   1.9661601e-01   2.8104644e-01   6.2774583e-02   2.2519531e-02
   2.0000000e+00   9.2199110e-01   1.6290567e+00  -7.5746308e-01   4.3735013e-01   8.8145478e-01  -6.5174938e-01
   2.0000000e+00  -2.9937478e-01  -1.0592643e+00   5.1512447e-01  -1.5514864e+00   6.9107202e-01  -6.2916488e-01
   1.0000000e+00   7.8044138e-01  -1.4626021e+00  -1.4016045e+00   4.3222398e-01  -8.5732162e-01   1.3189660e-01
   2.0000000e+00   5.6248961e-01  -8.8900919e-01  -9.3563185e-01   3.4828973e-01   2.2644647e+00  -9.5837879e-01
   2.0000000e+00  -2.0097172e-01   5.2819118e-01   1.6697446e+00   1.1888349e+00   7.7872569e-01   1.0973604e+00
   2.0000000e+00  -5.9823482e-01  -5.4098116e-01  -5.8875739e-01   1.3823987e+00  -8.6036191e-01  -1.8504704e+00
   1.0000000e+00   9.6042001e-01  -1.1193209e+00   3.6021997e-01  -5.0177225e-01  -7.0838808e-02   5.7406505e-02
   2.0000000e+00   1.1623283e+00  -1.3704226e+00  -2.9406916e-01  -9.4916476e-01  -1.5497719e-01  -1.4553270e+00
   2.0000000e+00  -1.1401596e+00  -1.9202862e+00  -1.1493235e+00   4.9383491e-01   1.4444482e+00   1.1099757e+00
   2.0000000e+00   5.0680864e-01  -5.7415452e-01  -2.0536012e-02   5.5195794e-01  -1.9899056e+00  -1.3915663e+00
   2.0000000e+00  -1.5665676e+00   2.2908868e-03  -1.0400694e+00   9.4393833e-01  -1.1204977e+00  -2.9513058e-01
   1.0000000e+00   2.3258279e-01   1.5475865e+00  -3.4199558e-01   7.3284686e-01  -8.6621082e-01   1.8131908e-01
   2.0000000e+00   6.9026142e-02   1.2749306e+00   9.0375685e-01   1.1514661e+00  -7.6838951e-01  -8.5570915e-01
   2.0000000e+00   2.2549145e-01  -6.4464492e-02   7.7748197e-01   3.8807628e-01  -1.5631023e+00   2.2829468e+00
   2.0000000e+00  -8.1154393e-01  -1.5050420e+00   1.9117059e-01   1.2170772e+00  -4.8778093e-01  -1.7551670e+00
   2.0000000e+00  -1.3136527e+00   2.8762327e-01   7.2972411e-01  -7.2096394e-01  -1.4098761e+00   9.0146363e-01
