   2.0000000e+00   7.5546034e-02   2.9742117e-01  -2.2003955e+00  -1.3104867e+00   3.0751281e-01  -8.1768040e-01
   1.0000000e+00  -7.2814000e-01   1.3106378e-01   7.8407705e-02  -3.3049886e-01  -1.6292332e-01   3.1957889e-02
   2.0000000e+00  -9.0147297e-01  -3.4096182e-01  -8.9084979e-01  -1.3195358e+00   1.5043990e-01   1.4330020e-01
   1.0000000e+00  -1.1398040e+00   4.3569709e-01   5.7808206e-02   1.0506038e+00  -1.3063143e+00   1.3523955e-01
   2.0000000e+00  -8.5949174e-01  -1.3074208e-01  -1.2079107e+00  -1.5133855e+00  -8.1115177e-01  -3.1240086e-01
   1.0000000e+00  -4.2187375e-01   1.3669146e-01  -2.8186051e-01   6.3712813e-01   9.9913767e-01   2.5285473e-01
   2.0000000e+00   1.8035700e+00  -1.0840847e-01   4.8067287e-01   6.7810809e-01   6.2967649e-01   5.8047823e-01
   2.0000000e+00  -1.4480136e-01  -5.6936272e-01   7.6926156e-01  -1.4950019e+00  -1.8448241e+00   5.2451964e-02
   2.0000000e+00  -1.4853597e-01   3.0831667e-01  -1.2562923e+00   1.4705461e+00   1.7764158e-01   2.2869583e-01
   2.0000000e+00   2.0834957e-01  -1.1740098e-01  -7.1887730e-01  -1.3674450e+00  -2.9181357e-01  -5.2484002e-01
   2.0000000e+00  -1.5038983e+00  -1.1632271e+00   4.1555024e-01  -6.3406355e-01   3.0977142e-01  -8.6925198e-02
   2.0000000e+00  -7.6365246e-01  -5.6306234e-01  -4.2064102e-01   2.0971523e+00   1.6942948e-01  -1.9483139e+00
   2.0000000e+00  -3.6226934e-01  -2.4689305e-01  -1.2010810e-01   1.5392387e+00   3.2728114e-01   8.1964331e-01
   2.0000000e+00   2.0631784e+00  -1.0172684e+00   1.3360733e+00  -1.4164409e+00   2.0991087e+00   1.5001953e+00
   1.0000000e+00  -1.5213611e+00   3.6588612e-01  -4.7513884e-01   3.1315141e-01  -1.4611156e+00   1.1064739e+00
   2.0000000e+00   1.0425065e+00  -9.9352109e-01  -3.8253849e-01  -6.3191510e-01   1.0882697e+00  -4.5456140e-01
   2.0000000e+00   4.8009060e-03  -1.5759429e+00   1.1708136e+00   3.6374184e-01   1.2810685e+00   1.1200805e+00
   2.0000000e+00  -8.6826772e-01   7.3277667e-01  -1.1895639e+00   1.2371165e+00  -5.8113320e-02  -1.8495097e-01
   2.0000000e+00  -7.4553646e-01   8.8742806e-01  -1.2926986e+00   6.6740806e-01  -1.6741843e+00   1.0323032e+00
   2.0000000e+00   3.6683885e-01  -2.5976820e-01   3.9243698e-02  -2.7066366e-01  -1.0863955e+00  -1.4566953e-01
   2.0000000e+00  -2.0612029e+00   2.0852235e+00   1.4484663e+00  -1.0645415e-01   6.3312827e-01   5.9423822e-01
   2.0000000e+00  -1.9687112e+00   3.0124176e-01  -1.5281184e+00   4.8004035e-01  -1.4731062e+00   4.1013585e-01
   2.0000000e+00  -1.1163542e+00  -2.7279004e-01  -1.6275425e-01   9.0811277e-01   3.3382601e-01  -2.1895273e+00
   2.0000000e+00  -2.3972307e+00   3.1381552e-01   1.0207007e+00   7.0840381e-01   1.6194261e-01   5.5859159e-01
   2.0000000e+00  -2.3388606e+00   6.3184499e-01   2.0633916e+00   8.6895348e-01   3.2347613e-01  -6.3541776e-01
   1.0000000e+00   6.2977900e-01   5.9351023e-02  -6.0661975e-01  -3.5605703e-01   1.7595374e+00   1.6995342e-01
   2.0000000e+00   7.3522380e-01  -1.4875730e+00  -1.6954266e-01   1.0522588e+00  -8.2486472e-02  -7.9497433e-01
   2.0000000e+00   1.7157054e-01  -1.6796096e+00   1.1010379e+00  -1.7093917e-01   7.7316398e-01   1.8260521e+00
   2.0000000e+00  -6.8692418e-01  -8.8860648e-01  -2.1461524e-01   1.3095859e-01   9.9797003e-02   5.1266227e-01
   2.0000000e+00  -1.1496344e+00   9.6394765e-01   3.0545640e-01  -1.2260623e+00   3.2612621e+00  -9.2213736e-01
   1.0000000e+00  -1.6241833e+00   3.9791809e-01  -6.3075610e-01   1.3818000e+00   1.1314184e+00   6.6034104e-01
   1.0000000e+00  -6.3742746e-01   7.6222848e-01  -3.8354006e-01   8.4568849e-01  -9.3113374e-01   3.4832057e-01
   1.0000000e+00   2.4598204e-01   5.1728854e-01  -2.3201501e-01  -1.0546274e+00  -1.1027191e+00   9.4951406e-01
   1.0000000e+00  -5.8297800e-01   9.7341541e-01   7.5026498e-02  -1.3160015e+00   1.0534265e+00  -8.3901657e-01
   1.0000000e+00   9.9926448e-01   5.2067824e-01  -2.6657534e-01   1.3345609e+00   1.9430540e+00  -7.3911180e-01
   2.0000000e+00  -8.7970159e-02  -1.2756313e+00   4.7646611e-01   1.2529794e-01   5.9667867e-01  -1.0591108e+00
   2.0000000e+00  -4.6349180e-01  -6.3395008e-01  -7.1483896e-02  -1.2770618e+00   1.3037023e-01  -6.4732470e-01
   2.0000000e+00  -4.5955684e-01  -3.1046035e-01  -1.8638197e-01   1.0713032e+00  -1.4015992e+00   8.5845880e-01
   2.0000000e+00   2.9831576e-01  -4.2067469e-01  -4.9408712e-01   1.4316402e-01   7.0163044e-01   1.8070833e+00
   2.0000000e+00   1.5654051e+00   2.7121393e+00   1.6433308e+00   5.3876706e-01  -3.7837569e-01   1.3242066e+00
   2.0000000e+00   5.2742450e-01  -2.6751652e+00  -1.6599680e+00  -3.4080884e-01   9.8404366e-02  -8.5663285e-01
   1.0000000e+00   7.8883364e-01   7.0854549e-01  -4.1559593e-02  -7.3100412e-01   8.4397710e-01  -6.6641548e-01
   2.0000000e+00  -2.1497022e+00   4.4668574e-03   6.6498513e-01   6.2207224e-01  -1.8850463e+00  -2.1616455e-01
   1.0000000e+00   1.5570857e+00   5.5237329e-02   2.4470303e-01   3.2744942e-01   1.2410031e-01  -5.0986895e-01
   2.0000000e+00   3.9763579e-01  -7.3625994e-02  -1.1829910e+00   1.1788490e+00  -1.7008458e+00   1.1318069e+00
   1.0000000e+00   7.6733626e-01   6.9200218e-01  -2.4253762e-01  -9.6565088e-01   7.4815875e-01  -6.5690672e-01
   2.0000000e+00  -1.7580153e+00  -8.6099191e-02  -9.8079690e-01   1.6491838e+00  -4.4353398e-01   3.9494620e-01
   2.0000000e+00   1.1394902e+00   5.4787261e-01   1.7778638e+00   7.8814468e-01  -2.5091334e-01  -1.9061240e-01
   2.0000000e+00  -1.3470533e+00  -1.6798528e-01   1.7627861e+00   8.1109016e-01  -1.0033272e+00   6.6063050e-01
   2.0000000e+00   1.5307420e+00  -1.8758619e+00  -1.0285403e-01  -1.6214547e+00  -3.9504293e-01  -3.4033564e-01
   2.0000000e+00  -5.9819175e-01  -3.9834385e-01   3.4975640e-01   9.4696281e-01  -8.4405598e-01   5.8424021e-01
   1.0000000e+00   6.4533989e-01   9.8033693e-02  -5.8834141e-01   1.4282293e+00   1.2274797e-02  -8.4888102e-01
   1.0000000e+00  -1.1192889e+00   8.3689707e-01   4.8381048e-01  -1.1626681e+00  -6.1614129e-01  -7.7682679e-01
   2.0000000e+00   2.2148667e-01  -1.3884046e+00  -6.5208848e-01   1.9559156e+00  -8.7457105e-01  -4.4216375e-01
   2.0000000e+00  -8.6888467e-01  -8.8755941e-01   1.3738900e+00   2.9638985e-01   8.5297892e-01  -1.1525434e-01
   2.0000000e+00  -1.3133702e+00   1.6684874e+00  -2.9918255e-01  -1.3369245e+00  -7.9006644e-01   1.0525530e+00
   2.0000000e+00   1.2514616e+00  -1.2465519e-01   1.7294950e+00   9.0118935e-01   2.9457959e-01   2.5370026e-01
   2.0000000e+00   1.0183458e+00  -1.0816305e-01   1.7957671e+00   7.3368311e-01  -7.0020562e-02   1.8457681e-01
   2.0000000e+00  -4.1830158e-01  -2.5541824e-01   6.8961236e-01   9.0927208e-01  -1.7321836e+00   3.6059562e-01
   1.0000000e+00  -7.8800745e-01   1.9046804e-01   6.5910266e-02  -2.0687022e+00   1.4142888e-01  -1.2678689e+00
   2.0000000e+00  -4.1924343e-01  -1.1044041e-01   5.3293666e-01  -5.3929139e-01   6.2457802e-01  -1.2398613e-01
   2.0000000e+00  -2.0312320e-01  -1.0680112e+00  -5.2725850e-01   5.0964886e-01   5.7846159e-01   6.0549244e-01
   2.0000000e+00  -2.8739747e-01   1.1916949e+00  -1.8486137e+00   6.9146470e-01  -6.9890267e-01  -4.4113132e-01
   2.0000000e+00  -2.0976666e+00   3.8636625e-01  -3.3159172e-02  -1.3389706e+00  -3.9678130e-02  -6.9632265e-01
   2.0000000e+00  -7.6137701e-01  -2.6698368e-01  -5.2945081e-01   3.5112212e-01   1.4229559e-01   5.9913607e-01
   2.0000000e+00   1.8425318e-01  -4.7267577e-01   1.2722775e+00  -2.8351211e-01  -2.4250703e-01  -4.9598730e-01
   2.0000000e+00  -9.5597245e-01  -1.5767128e-01   4.8472001e-02   1.5314606e-01   5.3055139e-01  -1.0668249e-01
   2.0000000e+00  -1.5411066e+00  -8.1573163e-01   9.7562597e-01  -4.4422535e-01   1.2222431e+00  -3.3437193e-01
   2.0000000e+00  -1.0377277e+00  -8.0335510e-01   3.8413684e-01  -1.2557597e+00   1.1126207e+00   9.4434063e-01
   2.0000000e+00   1.6873041e-01   1.4836183e+00   5.9064430e-02   7.4995433e-01  -1.4958371e+00   1.0106637e+00
   2.0000000e+00  -4.0963115e-01   8.2517395e-01  -2.8684368e+00  -1.6583022e+00  -7.0059443e-01  -2.6384497e-01
   2.0000000e+00  -1.0831881e+00  -1.1582494e+00  -1.5754126e+00   2.6524617e-01  -2.0663095e-01  -1.2008803e+00
   2.0000000e+00   1.6461612e+00   1.8215610e+00   3.6512880e-01  -5.7245954e-01  -1.0859586e+00   4.4990810e-01
   2.0000000e+00   1.3487801e+00   6.1360890e-01   1.4215006e+00   3.5570500e-01   2.0636107e-01  -3.2939260e-01
   1.0000000e+00   3.0563333e-01   4.0780520e-01   5.4320879e-01   4.9794938e-01   1.2405951e+00   1.4646593e+00
   2.0000000e+00  -4.5192143e-01  -1.2831652e+00   7.7855021e-01  -5.4006121e-02  -4.7203221e-01   7.4675121e-01
   2.0000000e+00   2.9582892e-01   1.0953659e+00  -6.6584128e-01   8.0139432e-01   2.7041729e-01  -8.4865412e-01
   1.0000000e+00   7.2713971e-01   9.5521278e-02   1.1034009e-01  -6.9874987e-02  -6.9296637e-01  -5.3807429e-01
   2.0000000e+00  -3.9938768e-01  -1.6236771e+00   4.2808875e-02   9.6936265e-01   8.1890455e-01  -7.9037653e-01
   1.0000000e+00  -1.2009327e+00   9.0522698e-01   3.8734422e-01  -3.4970026e-01  -1.1998244e+00   9.3801576e-01
   2.0000000e+00   1.3749336e-01   1.3622368e+00   6.5285595e-03  -1.8971259e+00  -6.5979488e-02  -1.1458675e+00
   1.0000000e+00   1.7361731e+00   2.0266214e-01  -4.6738403e-01  -3.3468821e-01   3.6908631e-01   8.0391159e-01
   2.0000000e+00  -4.9621767e-01  -1.1015337e+00  -2.3394076e+00  -1.7463931e+00   9.7412333e-01  -1.4126786e+00
   2.0000000e+00  -7.3478612e-01   3.4379895e-01  -2.9262563e+00   2.3448705e+00  -2.3396169e-01  -8.2085930e-01
   2.0000000e+00  -8.5498002e-01  -5.8709861e-01  -1.4319117e-02  -4.8516760e-01  -9.3669922e-01   3.6389303e-01
   2.0000000e+00   1.9887552e+00  -7.8617521e-01  -1.2326661e+00   2.1406127e-01  -6.2557878e-01  -1.1429425e+00
   2.0000000e+00  -2.5616913e-02   3.0523241e-01   1.6141703e+00  -1.9694351e+00   5.8515113e-01   1.1555675e+00
   2.0000000e+00  -1.3464796e+00  -7.1669138e-01  -5.9853741e-01   3.1099716e-01   2.0342800e+00   1.0097122e+00
   2.0000000e+00  -3.1941424e-01  -7.9804579e-01  -1.8875487e-01   2.2296631e+00  -7.1854663e-01  -8.1379912e-01
   2.0000000e+00   1.4015561e+00   6.1600743e-01  -9.0474004e-01   4.4690610e-01  -3.6029356e-01  -2.0809780e-01
   1.0000000e+00   1.0384210e+00   1.1367200e-01   5.3820775e-01  -1.8478707e+00  -6.6033236e-01   1.4085855e-01
   2.0000000e+00  -2.2762933e-02  -5.4655507e-01  -2.4652582e-01  -6.0473419e-01  -2.3387361e-01   2.1619602e-01
   2.0000000e+00   9.2925972e-01   9.5986578e-01  -5.5263848e-01   7.1572943e-01  -4.1750978e-01  -1.5074837e+00
   2.0000000e+00   3.7059086e-01  -1.4004210e+00   7.9503428e-01   8.5588051e-01   2.2372533e-01  -1.5572419e+00
   2.0000000e+00  -9.3020103e-01  -7.8868271e-01   1.5059490e+00  -4.1202932e-01   1.7327981e+00   1.5297939e-02
   2.0000000e+00   8.9570887e-01  -2.2040762e+00  -2.5929071e-01   1.4226277e+00  -8.6713023e-02  -5.2266164e-02
   2.0000000e+00  -1.4313768e+00  -4.8385526e-01  -4.5329084e-01  -5.4124512e-01   8.2161481e-01  -2.4316782e+00
   2.0000000e+00   1.3095597e+00   8.3880595e-01  -5.9378208e-01  -9.1535706e-01   1.1785186e+00  -3.6771940e-01
   2.0000000e+00   6.0860750e-01  -1.1839511e+00   1.6578769e+00  -8.7083957e-01   9.1456950e-01  -1.5664770e-01
   2.0000000e+00   5.7786845e-01   2.9353852e-01  -1.0596916e+00   7.3904022e-01   1.6344396e+00  -4.3078006e-01
   2.0000000e+00  -8.8905647e-01  -5.9643217e-01   3.1269660e-01  -8.3435296e-01   3.7400190e-01   3.2957461e-01
   2.0000000e+00  -2.3064507e-01   8.6564108e-01  -7.5617449e-01  -1.6949670e-01  -1.3083468e+00   3.1277186e-01
   1.0000000e+00   4.5161173e-01   4.9893907e-02  -4.4428863e-01  -4.8812314e-01   1.0764908e+00   9.0444875e-01
   2.0000000e+00   2.3302578e+00  -1.2090360e+00   1.5168020e+00   8.2846930e-01  -1.1383209e+00   6.1521705e-03
   2.0000000e+00  -4.2709448e-01   8.0934699e-01  -2.2107663e+00  -9.0263745e-01  -3.1045389e-01   5.1492571e-01
   2.0000000e+00  -9.6705174e-01   5.6609655e-01   1.2356569e+00   7.9590845e-02  -2.4473182e-01  -4.7283314e-01
   2.0000000e+00   1.2120150e+00  -7.2249550e-01  -1.4911237e-01  -4.2395683e-01   1.3970076e+00  -1.6373581e+00
   2.0000000e+00  -1.1943322e+00   4.5795358e-01  -1.5823630e+00   2.5883005e+00  -7.4688787e-01   7.0626091e-01
   1.0000000e+00  -1.8431110e+00   4.0587149e-01   7.3628615e-01   1.3379020e+00   4.7625718e-01  -1.0093697e+00
   2.0000000e+00   8.1673730e-01   3.9558401e-01   1.8316829e+00   1.4248360e+00   1.4115935e+00   5.6472283e-02
   1.0000000e+00  -1.2832079e-01   2.9489152e-01   1.1462419e-01  -1.1977296e-01  -5.9571028e-01   2.1756146e+00
   2.0000000e+00  -1.2464073e-01  -2.1041798e+00  -5.2377773e-02  -4.4883465e-01  -6.2867020e-01   1.6432007e+00
   2.0000000e+00   6.9402982e-01  -2.0519878e-01  -8.2602080e-01   6.2271720e-01   1.1448424e-01   1.1095435e+00
   2.0000000e+00  -9.4248152e-01   1.1603847e+00  -4.7450637e-01  -1.3991424e+00  -2.3400699e-01  -9.5350915e-01
   2.0000000e+00  -2.7282555e+00   5.7000864e-01   1.6230451e-01  -3.3620201e-01  -8.0281526e-01   5.6828483e-01
   2.0000000e+00   1.3033819e+00   1.3128044e+00   1.5037730e+00  -1.3915056e+00   4.2001455e-01   2.8422550e-01
   2.0000000e+00   2.6638237e-01   2.0323531e+00  -2.7421476e-01   2.6398455e-02   4.1429034e-01   7.3720128e-01
   2.0000000e+00   6.8977606e-01   1.5633556e-01   1.0622801e+00   1.0932079e+00   1.0747665e+00   8.3442441e-01
   2.0000000e+00   1.1550403e+00  -1.4011711e-01   1.2432348e+00   1.9538421e-01   1.3875722e+00  -1.5861450e+00
   2.0000000e+00   9.7742137e-02   1.5123411e+00   8.8503477e-01   1.3879880e-02  -1.6326833e-01   4.5450698e-03
   1.0000000e+00  -2.3273491e-01   3.1086276e-01  -3.4780916e-02  -1.1643147e+00   7.9357746e-01  -1.6053705e-01
   2.0000000e+00  -1.4176870e+00  -6.8368145e-01   1.2220204e+00  -1.2267216e+00  -1.5293201e+00   1.7486383e+00
   2.0000000e+00  -5.1106632e-01  -8.4015130e-02  -2.0475575e+00  -1.5872580e-01  -9.1051590e-01  -1.2069448e+00
   1.0000000e+00  -1.0146995e+00   9.4301646e-02  -4.1249857e-01   4.6264570e-01  -1.4887297e+00  -9.7826229e-01
   2.0000000e+00  -1.8249718e+00  -9.2960418e-01  -7.3156502e-01   9.1246334e-01  -4.6726733e-01  -4.4129614e-01
   2.0000000e+00   3.7457724e-01  -9.9630229e-02   2.5790558e-01   3.8381877e-01   8.3755108e-01   7.2429303e-01
   2.0000000e+00   1.8400246e+00  -1.0115486e+00  -2.4491275e-01   1.5023933e+00   9.9864270e-01   2.9276173e-01
   1.0000000e+00   1.1466333e+00   2.0312450e-01  -8.0859408e-01   3.1727206e-01   9.4640658e-01   2.8158234e-01
   2.0000000e+00  -1.9500663e+00   1.0068917e+00   2.6512640e+00  -3.2049329e-01   1.8082295e+00   6.2458932e-01
   1.0000000e+00   1.6815215e+00   4.0433709e-01   6.3621261e-01   1.5099772e+00  -4.4598591e-01  -3.8767872e-01
   2.0000000e+00  -9.5183561e-01  -8.2396767e-01  -6.8394162e-01   2.9513893e-01  -1.1301173e+00   8.5034610e-01
   2.0000000e+00   6.3807063e-01   6.4926784e-01   1.2319159e+00   2.0459954e+00  -2.5249995e+00  -9.2404025e-01
   1.0000000e+00  -7.8182401e-01   6.1063020e-01   3.7699043e-01   1.7008039e+00   2.2189595e-01   3.6690517e-01
   2.0000000e+00   9.4937799e-01  -9.5915531e-01  -1.8046365e-01  -2.1156598e+00   3.8614224e-01  -1.3454974e-01
   2.0000000e+00   6.9840380e-02   5.6137819e-01  -9.7957122e-01  -4.9521263e-01   1.8474794e-01   3.0720846e-01
   2.0000000e+00  -2.3611689e-02  -2.0804061e+00  -1.0818066e+00  -2.2231320e+00  -4.9463260e-01   1.2079679e-01
   2.0000000e+00  -1.2467009e-01   1.0397952e+00  -1.2921317e+00  -1.0550788e+00   1.4436887e+00  -4.0001325e-01
   1.0000000e+00  -4.1070826e-01   4.5738207e-01   7.1272847e-01   7.1696865e-01  -1.0268978e+00  -2.5594623e+00
   2.0000000e+00  -6.0169789e-01  -1.5761012e+00  -9.1044100e-01  -2.5892774e-01   2.5833432e+00  -4.7854271e-01
   2.0000000e+00  -2.7193327e-01  -7.6364917e-01  -3.2168223e-01   8.0091270e-01   1.0397982e-01  -4.4807403e-01
   2.0000000e+00   5.0399763e-01  -1.2004716e+00   9.3971149e-01  -8.4682951e-01  -2.8088848e-01   8.3516108e-03
   2.0000000e+00  -1.4697541e+00  -5.1901647e-01   8.4983981e-01   4.9196336e-01   1.0577590e+00  -9.6928507e-01
   2.0000000e+00  -5.3127349e-01   1.8325996e+00  -1.9917191e-01  -2.4211072e-01   8.4833969e-03  -6.8668108e-01
   2.0000000e+00   3.8568997e-01   9.7509877e-01   3.8435225e-01  -2.9067027e-01   1.2806815e+00  -7.0915556e-01
   2.0000000e+00   1.3337860e-03   1.2551398e+00   2.1443958e+00   1.0203866e+00   1.6324862e+00   3.9367938e-02
   2.0000000e+00   1.7726985e+00   1.6830773e+00   3.8914947e-01  -9.4948575e-01  -1.3001248e+00   2.5467996e-01
   2.0000000e+00  -5.9311860e-01   2.4584845e-01   1.1308718e+00  -4.9001919e-01   7.7267185e-01  -1.2120483e-01
   2.0000000e+00  -6.0700571e-01   3.3253056e-01  -1.4351208e+00   1.6421132e+00   2.5329009e-01   9.4987197e-01
   2.0000000e+00   1.7287703e+00  -7.0288318e-03   4.4553219e-01   2.0015607e+00   1.1023277e+00   8.8037582e-01
   2.0000000e+00   1.1393990e+00   2.7455612e+00   9.8082887e-01   1.0225321e+00  -1.7480162e+00  -1.5075387e+00
   2.0000000e+00   7.4590821e-01   4.1574695e-01  -1.0118859e+00  -4.3145014e-01   1.1344804e+00   1.3390720e+00
   2.0000000e+00  -1.6268650e+00  -5.6156936e-01  -1.4152313e+00  -2.5252868e+00   4.0154795e-01   1.2931714e-02
   2.0000000e+00  -3.1743821e-01  -1.1500246e+00  -1.6071478e+00  -1.1545845e+00   1.6855379e+00   5.6827377e-01
   2.0000000e+00   4.8683601e-01   5.7309073e-01  -1.0923846e+00  -5.9388625e-01  -2.0849424e+00   3.1940552e-01
   2.0000000e+00   8.9256549e-01   4.9635899e-02   1.4454363e+00  -5.8360294e-02  -1.8529712e-02  -1.0561965e+00
   2.0000000e+00  -3.8469823e-01   8.0763798e-02   1.3445203e+00  -2.7887023e-01  -9.4084100e-02   3.5679215e-01
   2.0000000e+00   2.6767144e-01   1.5567859e+00  -1.3247722e-01  -1.0333303e+00   2.1716849e-01   7.8184694e-01
   2.0000000e+00   5.0858687e-01   3.6751667e-01  -1.2916027e+00   2.4342457e+00   2.5385261e+00  -1.2767506e+00
   2.0000000e+00   6.8081369e-01   1.8103907e+00  -5.4753140e-01  -1.5416855e+00   4.0248265e-01   7.3921080e-01
   2.0000000e+00   2.0979860e-01  -5.6843572e-02  -1.7285372e+00   1.4035442e+00   1.6314442e+00   3.2214236e-01
   2.0000000e+00  -4.1229682e-02  -1.2063554e+00  -1.6169135e+00   1.4791403e+00  -8.8574260e-01   3.6722793e-01
   2.0000000e+00   3.5273759e-01  -7.3292503e-01   8.4515851e-01   8.4725057e-01  -1.3198399e+00   5.7447025e-01
   1.0000000e+00   9.6622703e-01   3.5915640e-01  -1.5080801e-01  -1.7555696e+00  -3.8509052e-01   1.9974399e-01
   2.0000000e+00  -1.4436379e-01   1.7229766e+00   6.6770282e-02  -2.7287367e-01  -8.6278880e-01   1.9818146e+00
   2.0000000e+00   2.9177276e-01   1.4374273e+00  -9.1825033e-01  -4.2283308e-01  -4.2922646e-01   1.0436328e+00
   1.0000000e+00   9.7812180e-01   1.4024380e-01   6.1817777e-01   4.6472712e-01   5.3612564e-01  -1.8215956e+00
   2.0000000e+00  -1.0167563e+00  -8.3957862e-01   6.9079160e-01   1.1588792e+00  -2.8782241e-02   8.9818553e-01
   2.0000000e+00  -2.0122613e-01  -6.6483209e-01  -2.8292529e-01  -1.1222265e+00  -9.5727658e-01   5.3458160e-03
   2.0000000e+00   9.8825237e-03   9.9318908e-01  -1.6965403e-01   1.4966015e+00   1.3930498e+00  -1.1639322e+00
   2.0000000e+00  -4.1198610e-01  -8.1601463e-01  -3.0226975e-01   1.3807478e+00  -8.2688909e-01  -1.7832704e+00
   2.0000000e+00  -1.5977594e-01  -1.4613780e-01   5.6901542e-02  -1.5194509e+00   1.2463890e+00   9.1694609e-01
   2.0000000e+00   2.4850013e-01  -4.9603722e-01  -9.8085100e-01   4.3178188e-01   6.0408114e-01  -8.3707860e-01
   2.0000000e+00   4.8181619e-01  -2.4048630e-01  -2.2033883e-01  -1.2328133e+00  -1.3386833e+00   5.6173925e-01
   2.0000000e+00  -4.4499030e-01   9.0439843e-01  -2.6319311e+00   1.0027183e+00   9.0843106e-01   5.9231438e-01
   2.0000000e+00  -1.3843067e+00  -1.3404180e+00   1.1028916e+00   5.2143668e-01   1.1252933e+00   2.5576308e-01
   2.0000000e+00   2.4156980e-01  -1.3216212e+00  -4.0107196e-01  -3.9138476e-01   5.0520757e-01   8.9613980e-01
   2.0000000e+00   1.6041091e-01   1.9932097e+00   8.8027766e-01  -2.6917979e-01  -2.2167017e-01   6.9057776e-01
   2.0000000e+00  -2.4551688e-01   9.4199222e-01  -6.9052411e-01  -7.2543135e-01   4.6281469e-01  -1.4174766e+00
   2.0000000e+00   1.5354675e+00   1.3370382e+00  -1.5427196e+00  -1.4521822e+00   1.6026832e+00   7.5092619e-01
   2.0000000e+00  -2.1777912e-02  -8.4398823e-01   6.5647689e-01  -1.0524654e+00   7.4384118e-01   1.0941740e+00
   2.0000000e+00  -5.4669244e-02  -9.1463610e-01   1.3168836e+00  -4.4465181e-01   2.8879540e-01  -1.1019756e+00
   2.0000000e+00   1.8385883e+00   8.1118628e-01  -8.7573185e-01   2.2013008e+00  -9.6913218e-01   3.6210130e-01
   1.0000000e+00  -5.7587993e-01   1.9306430e-01  -1.2291586e-01  -1.3784438e+00  -7.1623049e-01  -1.0176912e+00
   2.0000000e+00  -4.5176098e-01   3.1637197e-01  -1.0271286e+00   8.9813560e-01  -8.6458795e-01  -7.1544242e-01
   2.0000000e+00   9.9760392e-01   1.2869371e+00  -2.5352257e+00  -1.1696824e+00  -1.0837932e-01   1.9769630e-01
   1.0000000e+00   7.0147285e-01   1.8447184e-02  -7.2315773e-01  -1.3948526e-01   2.1461636e-01   7.0192983e-01
   2.0000000e+00   8.1227498e-01   1.4380864e+00   2.4243491e+00  -3.5355557e-03   4.9627098e-01   1.2624323e-01
   1.0000000e+00   2.7580397e-01   6.8148497e-01  -1.3666038e-01  -1.1613190e+00   7.9943466e-01  -3.4902933e-01
   2.0000000e+00   2.4503083e+00   5.2528586e-01  -6.6613215e-01  -1.4847882e+00   2.5910656e-01  -4.8464448e-01
   1.0000000e+00  -6.7552116e-01   5.0115135e-01   5.4285685e-01   3.9523295e-01   1.2981593e+00   3.8642062e-01
   2.0000000e+00   9.0989512e-01  -6.9086093e-01  -2.2098472e-01   1.3365502e+00   3.0909603e-01   1.5517013e-01
   2.0000000e+00  -2.9565542e-01   1.5860358e+00   6.4365608e-01  -3.5322657e-01  -2.0423310e+00   1.2233249e-01
   2.0000000e+00  -9.5304915e-01   9.8139823e-01   9.2134491e-01   1.1787316e+00  -1.6124599e+00  -1.0322249e+00
   2.0000000e+00  -7.2077218e-01   6.5124621e-01   8.1500455e-01   5.9740587e-02   7.8560298e-01   7.9305847e-01
   2.0000000e+00   2.2457136e+00  -7.4387907e-01   1.4464783e+00   3.8059236e-01   1.0245319e+00   1.9508423e+00
   2.0000000e+00  -3.7216632e-01  -1.6633010e+00   1.0633852e+00  -5.1667118e-01  -1.9456499e-01   1.1951905e+00
   2.0000000e+00   8.7768616e-01  -3.5335876e-01  -1.3685600e+00  -2.3948219e+00   1.7243772e+00  -1.9530700e-01
   1.0000000e+00  -8.0430408e-01   4.4141239e-01   2.8692106e-03  -1.6207788e-01  -1.4090179e+00  -1.3890732e+00
   2.0000000e+00   5.5969255e-01  -3.7820230e-01  -4.1856760e-01  -6.8947383e-01  -5.2759170e-01  -6.4508719e-01
   2.0000000e+00   3.0950056e-01  -9.3043502e-01   1.3500402e+00   1.2356885e-01  -3.2024249e-01  -9.0572978e-02
   2.0000000e+00   3.9924170e-01   1.0704212e+00   2.4458472e-01   2.7091051e-01  -6.1455368e-01   8.9734507e-01
   2.0000000e+00   5.7923424e-01   2.3714014e+00   6.4706633e-01  -3.6697107e-01  -4.5902986e-01  -5.4797035e-01
   2.0000000e+00  -8.9436814e-01   1.5490471e+00  -1.6891399e+00  -5.5446164e-01  -7.7672059e-01   4.0015948e-01
   2.0000000e+00  -1.0953072e+00  -1.4001539e-02   3.4828008e-01   4.4386416e-01   8.1121555e-01   1.1985531e-01
   2.0000000e+00   4.3004402e-01   1.1225363e+00  -2.6231085e-01  -6.4381225e-01  -3.3062295e-02  -8.5927110e-02
   1.0000000e+00   4.4260962e-02   1.5726146e-01  -2.6296967e-01   1.1265739e-01  -2.0627366e+00   5.0489561e-01
   2.0000000e+00   3.1784978e-01   1.4043248e+00  -1.2368295e+00   5.7465738e-01   5.5689797e-01  -1.0714609e+00
   2.0000000e+00   1.3968252e+00  -6.9789336e-01   6.2475183e-01  -3.2023111e-01   3.8318507e-01  -3.7824080e-02
   2.0000000e+00  -4.0086900e-01   5.3573164e-01   2.5141002e+00   6.3400407e-01   1.5861010e+00  -3.6284531e-01
   2.0000000e+00  -2.2570280e-01   9.8980498e-01   1.3821742e+00  -2.4636696e-01   2.3862883e-01  -1.0818990e+00
   1.0000000e+00   1.0489307e+00   3.8743931e-01   3.1713418e-01  -2.5316974e-01  -5.9151900e-01   9.4801903e-01
   2.0000000e+00  -5.8623512e-01  -1.2883754e+00  -3.4694251e-01   1.0189236e+00   1.3200342e+00   6.7272649e-01
   2.0000000e+00   4.2220867e-01   1.3851368e+00  -1.0254410e+00   4.5344174e-01  -7.7543955e-01   2.6177269e-01
   2.0000000e+00   5.2977426e-01  -2.5078605e-01  -1.0601637e+00  -6.1995837e-01  -4.7658406e-01   1.1717349e+00
   2.0000000e+00  -1.2505297e+00  -6.1524317e-01   4.0722400e-02   4.1976422e-01  -5.3175340e-01   2.1662413e+00
   2.0000000e+00   2.9383366e-01  -8.0011416e-02  -3.7622097e-02   1.6897824e-03  -6.9304852e-01   1.2565297e+00
   2.0000000e+00   1.7118398e+00  -5.1193688e-01  -1.6875469e+00  -4.0106550e-01   3.6094976e-01   8.7990522e-01
   1.0000000e+00  -1.6202613e+00   2.5128608e-01  -1.5977825e-01  -8.1615031e-01   1.0770813e-01   3.6120516e-01
   2.0000000e+00  -7.1262305e-01   1.3413209e+00  -1.5795036e+00  -4.0527119e-01  -1.8361474e+00  -1.5403238e+00
   2.0000000e+00  -1.1995106e+00   1.1483816e+00   1.0015533e+00   4.1565399e-01   4.3534699e-01  -2.0567922e-01
   1.0000000e+00  -2.9295106e-01   8.4346570e-01  -1.2978628e-01  -1.1858912e+00  -8.2660130e-01  -1.3311952e+00
   2.0000000e+00  -1.3578369e+00   5.3316086e-02   1.0921150e+00   3.1687877e-01  -1.2316273e-03  -6.1903251e-01
   1.0000000e+00  -9.2657073e-02   2.5608789e-02   1.5590694e-01   3.3994633e-01  -4.7548784e-01   6.3174353e-01
   1.0000000e+00   3.2362502e-01   1.0316055e-01   9.6032711e-01   3.6748850e-01   2.4317484e-01   1.7377816e+00
   2.0000000e+00  -1.8880296e-01   2.0520973e+00   3.7815529e-01   6.0178983e-01   4.6877022e-01  -2.5254078e+00
   2.0000000e+00   5.3379701e-02   1.5777538e+00  -7.4830693e-02   2.8192646e-01  -7.6077091e-01  -1.1903961e+00
   2.0000000e+00  -1.1729319e+00  -1.6523360e+00   2.6102937e-01  -2.2206884e+00   4.5543672e-01   2.7018044e-01
   2.0000000e+00   4.0769093e-01  -5.2322456e-01   1.8679696e+00   5.4459229e-01  -4.4430667e-02   2.4120500e+00
   2.0000000e+00  -2.3633693e-01  -2.1691209e-01  -2.9513186e+00   8.6805358e-01  -5.8713672e-01  -2.1404725e+00
   2.0000000e+00   1.3850085e+00   9.8547843e-01  -1.3780854e+00   1.9004295e+00  -6.4535449e-02  -2.3521403e-02
   1.0000000e+00   3.7458798e-01   5.2946441e-01  -5.6079426e-01  -1.5117559e+00   9.3025416e-01  -1.0814007e-01
   2.0000000e+00  -8.4458547e-01  -3.3841209e-01   6.6737541e-01   1.4398221e+00   8.3222294e-01   1.5083180e+00
   2.0000000e+00   9.7839570e-01  -4.2107481e-01   8.8318836e-01  -6.0029853e-01  -5.9103792e-01   2.9503784e-01
   2.0000000e+00   1.2052251e+00  -7.8600719e-01  -2.2006891e+00  -3.8752833e-03  -4.3576332e-01  -6.2801000e-01
   2.0000000e+00   2.5782927e-01  -1.1608380e-01   8.1983083e-01  -1.2642304e+00   8.5075983e-01  -1.4433144e+00
   2.0000000e+00   1.1141339e-01   1.6589343e+00  -9.3214437e-01  -7.5207277e-01  -1.9968603e-01  -7.4222761e-01
   2.0000000e+00  -1.0247008e-01   1.4739677e+00   4.1087998e-01   2.8408599e-01   1.2094994e+00   1.3142223e+00
   1.0000000e+00  -1.9740380e+00   1.6264353e-01  -1.8785811e-01  -7.5850135e-01  -1.3048755e+00   7.1320989e-01
   2.0000000e+00  -1.4543513e-01   8.4808386e-01  -8.3453974e-01  -1.7451668e+00   5.0109962e-01  -3.2655722e-01
   1.0000000e+00   4.7793307e-01   9.0540967e-01  -1.7576681e-01   8.6721418e-01   2.9026804e-01  -1.6162195e+00
   2.0000000e+00  -4.0472739e-01  -8.4208961e-01   1.1232054e+00  -5.3018221e-01   8.1001892e-01   1.3410310e+00
   2.0000000e+00  -7.1933415e-01  -8.7972620e-01  -8.5688895e-01   7.2294572e-01   4.7093347e-01  -4.8857533e-01
   2.0000000e+00  -1.2324964e+00  -1.1275342e+00   1.0149669e+00  -1.2638711e+00   8.3163638e-01   5.9402685e-01
   1.0000000e+00  -1.2633970e+00   7.7690719e-01   2.1819574e-01   6.7641282e-02  -7.4348473e-01   6.3721789e-01
   2.0000000e+00  -1.1019055e+00  -3.3333167e-01   1.9622118e-01   8.1664372e-01   1.4831232e+00   9.7023652e-01
   1.0000000e+00  -7.8319474e-01   5.9597129e-01   3.2087280e-01  -1.2967860e+00   2.4559519e-01  -4.5393892e-02
   2.0000000e+00   3.2454795e-01   1.7782715e+00  -5.2747703e-01   2.6188793e-01   8.5991559e-01   2.0604243e+00
   2.0000000e+00   2.0926287e+00   1.1745325e+00  -4.9538174e-02  -4.1930371e-01  -6.9601433e-01   7.4969918e-02
   2.0000000e+00   1.3661830e+00  -4.4472550e-01  -2.2531806e-01  -1.2925995e+00   1.2262504e+00   8.8060308e-01
   2.0000000e+00   1.4378730e+00  -1.5367450e+00  -7.8579659e-01   8.4224644e-01  -1.3362777e-02   8.4285620e-03
   2.0000000e+00   1.2099760e+00   8.7818530e-01  -1.0895318e+00   2.7526569e+00  -1.4815993e+00  -1.5411977e+00
   1.0000000e+00   8.0227689e-01   4.0949641e-01   3.3299410e-01  -7.4027132e-01   1.7641970e-02  -7.5939507e-01
   1.0000000e+00   1.2110036e+00   1.3006505e-01   5.3670031e-01   1.0968252e+00  -1.0603704e+00  -3.7870129e-01
   2.0000000e+00  -4.1637251e-01   1.0396552e+00  -6.8572522e-01  -1.9216975e-01  -1.6037633e+00   5.4427252e-01
   1.0000000e+00  -2.4317454e-01   2.6477959e-01  -6.3277218e-01   1.0692521e-01   4.1917438e-03  -9.3147341e-01
   2.0000000e+00   9.1582177e-01   1.1154310e+00  -2.6282144e-02   3.3764624e-01   4.5828756e-01   4.2191465e-02
   2.0000000e+00  -4.0063681e-01   8.7424354e-01  -5.2240930e-01  -1.8736770e-01  -2.0100137e+00   1.3070184e+00
   2.0000000e+00   7.0138806e-01  -8.0463774e-01   1.0415395e+00  -1.2894944e+00   1.5408118e+00  -4.4395271e-01
   2.0000000e+00   8.2129854e-01  -1.2393558e+00  -4.1548543e-02   5.6016720e-01   6.7784612e-01  -2.2319256e-01
   2.0000000e+00  -1.3524605e-01  -1.2718203e+00  -1.1850452e+00   4.1639966e-01   4.8752261e-01  -2.7253409e-02
   2.0000000e+00   7.9182003e-01   1.2869550e+00   1.2111163e+00   8.5945492e-02   1.5612290e-01   1.4934488e+00
   2.0000000e+00  -9.7973197e-01  -6.0912599e-02  -1.3415740e+00   4.1183618e-01   2.2186942e+00   1.4642204e+00
   1.0000000e+00  -6.9602227e-01   4.0477285e-01  -3.3882578e-01  -6.9907672e-01  -1.7683259e-01  -9.1512687e-02
   2.0000000e+00  -1.7597635e+00  -5.3657383e-01   7.4644142e-01   3.9917809e-01   2.6583444e-02  -1.2974840e+00
   2.0000000e+00   2.2910753e-01   7.8230579e-01   6.8930181e-01   1.6941246e+00  -3.3436912e-02   6.2339773e-01
   2.0000000e+00  -3.7131512e-01   4.3256165e-01  -1.1202659e+00   1.6308717e+00  -9.6793024e-03   1.2239319e+00
   1.0000000e+00   6.0291452e-01   2.7885639e-01   1.4770306e-01  -4.1972521e-01  -1.7311552e-01  -1.0321820e+00
   1.0000000e+00  -3.7015347e-01   4.6151253e-01  -2.1935269e-01   2.3055172e-01   1.8975055e-01  -1.2100436e+00
   2.0000000e+00  -2.7473332e-01  -6.4150556e-01  -6.8690349e-01  -2.4685431e-01  -1.3296976e+00   1.0967059e-01
   2.0000000e+00   7.7054085e-01   1.2719996e+00  -4.5132368e-02   2.6855026e-01  -1.2395951e-01   1.9615949e-02
   2.0000000e+00   1.3446069e+00  -2.4543166e-01   5.5780986e-01   7.6696608e-01   1.9415855e-01   2.1183584e-01
   2.0000000e+00   8.6019396e-01   1.7205862e+00   1.7309866e+00   6.4735780e-02  -1.5477392e+00  -8.7584964e-01
   1.0000000e+00  -6.1336140e-01   6.8255039e-01  -7.1026520e-01  -2.9181118e-01   2.1110134e-01   5.1402511e-01
   2.0000000e+00   4.5394630e-01  -9.3469740e-02   4.7254780e-01   1.6049941e+00  -4.1318047e-01  -1.0784133e-01
   1.0000000e+00  -3.7469076e-01   7.6545907e-01  -3.0539457e-01  -1.5222029e+00   6.9203753e-01  -3.8773563e-01
   2.0000000e+00  -4.5844225e-01  -2.7303998e-01  -1.7230618e+00  -9.9710603e-01  -1.8127220e+00   1.4933438e+00
   2.0000000e+00  -5.4632189e-01  -4.2458057e-01  -1.0738022e+00   1.9979318e-01   6.0492655e-01   2.5962967e+00
   2.0000000e+00  -2.5123664e-01   1.3518900e+00   3.4748994e-02   9.8468977e-01  -6.1025502e-01   2.0615417e-01
   2.0000000e+00   1.3089081e+00  -4.4015640e-01   2.2521561e-01  -3.8297335e-01  -4.6880149e-01   1.9277176e-02
   2.0000000e+00  -3.7004857e-01   6.9919996e-01   1.0521610e+00  -2.1897100e-02  -1.3424876e-02  -4.4844929e-01
   2.0000000e+00  -3.7000350e-01   1.1895218e+00   9.2582379e-01  -9.0678419e-01   2.0833921e-01  -6.9285224e-01
   2.0000000e+00   8.0477554e-01  -1.1469688e+00  -6.8659234e-01  -7.5416287e-01  -2.8673024e-01  -1.7021220e+00
   2.0000000e+00   9.1111575e-01  -5.1248876e-01  -5.2269291e-01   3.9560175e-01  -1.6718088e+00  -1.5594235e-01
   2.0000000e+00  -1.9497374e-01   1.6591833e+00  -4.0460429e-01   6.4463075e-01   8.2674022e-01   3.8339120e-01
   1.0000000e+00  -1.6032669e-01   2.5463687e-02  -3.3772675e-01  -2.4183617e-01  -1.6763962e+00  -6.7290283e-01
   2.0000000e+00   1.1484318e+00  -1.7512771e-01  -4.4403726e-02   6.1127351e-03  -1.5539384e-01  -1.3220963e-02
   2.0000000e+00   5.3471784e-01  -3.4731337e-01  -3.5403145e-03   6.7872578e-01  -3.1303047e-01  -2.7258936e-01
   1.0000000e+00  -1.6882559e-01   5.1638285e-01  -3.2034994e-01   8.5984227e-01   1.0972205e-01  -4.8310242e-01
   2.0000000e+00  -3.4694031e-01  -1.2114368e+00  -4.2095953e-01   8.5930715e-02  -5.1785359e-01   6.0638789e-01
   2.0000000e+00   1.3109640e+00  -7.0134576e-01   9.3720980e-01   4.0838823e-01  -1.4739792e-01  -2.6359806e+00
   2.0000000e+00  -2.5030446e-01   2.7300299e+00   1.4952181e-02  -1.3888759e+00  -4.8474499e-01   9.7917066e-01
   2.0000000e+00  -2.5198229e+00   1.2929575e+00   9.7892020e-01  -1.3056332e+00  -3.7755372e-01   1.4699178e+00
   2.0000000e+00   6.3607680e-01  -1.9389971e-01   5.8014774e-02  -5.0866122e-02  -1.5898016e+00  -4.2834433e-01
   2.0000000e+00  -7.4093790e-01  -6.0281872e-01  -9.8849457e-01   8.5390546e-01   1.1639906e-01   9.6093120e-01
   2.0000000e+00  -1.2141203e+00  -2.8204376e-01   8.3218178e-01   2.0105055e+00   3.8201550e-01  -6.0683360e-01
   2.0000000e+00  -8.8514236e-01   2.3169799e-01  -1.4497977e+00  -6.7914908e-01  -8.5185853e-01  -4.9985200e-01
   2.0000000e+00  -1.2569074e+00   1.9603714e-01   2.1331630e+00   4.4971478e-01   1.1807559e+00  -7.5614330e-01
   2.0000000e+00   8.3908109e-01  -5.3688734e-01  -8.6789123e-01   2.9028101e-02  -3.0880481e-01  -6.5592290e-01
   2.0000000e+00  -3.0095489e-01  -4.3337843e-01   5.7047551e-01   9.9485106e-01   1.7384259e+00  -1.8526260e+00
   2.0000000e+00  -2.5433961e+00  -1.2269514e+00   6.5394457e-02   1.5555171e-01  -1.1166918e+00   1.8190931e-01
   2.0000000e+00   1.9434924e+00  -1.2642465e-01   6.5380005e-01   2.0107153e+00  -2.3598896e+00   2.0453366e+00
   2.0000000e+00  -3.4415201e-01   1.3075165e+00  -9.4173957e-03   1.0025114e+00  -1.0222437e+00  -1.3601232e-01
   2.0000000e+00  -4.6263866e-01  -7.0927009e-01  -8.3044423e-01  -3.2030679e-01  -1.7201840e+00   4.2063401e-02
   2.0000000e+00   5.2250808e-01  -2.3740677e-01  -2.2558893e-01  -2.2216384e-01   3.6416368e-01   9.8620763e-01
   2.0000000e+00   6.7828871e-01  -8.3305257e-01  -6.5004805e-01  -5.7764584e-01   1.1606657e+00   1.0421237e+00
   1.0000000e+00   5.4047696e-01   7.1266905e-01  -6.0716378e-01  -3.1940515e-02  -3.5636264e-01  -5.9942242e-01
   1.0000000e+00  -1.4750055e+00   1.4334909e-01   2.5386494e-01   1.1866649e+00  -1.4543373e-01  -6.5523517e-01
   2.0000000e+00   7.9590978e-01   1.0624294e+00   6.5768637e-01  -9.3370596e-01  -3.2843349e-01   1.4887277e+00
   2.0000000e+00  -8.5583101e-01  -1.3257741e+00   3.6514624e-01   1.0026142e+00   1.0488639e+00   2.5099649e-01
   2.0000000e+00   6.4751831e-01   9.8818256e-01  -1.7522112e+00   7.7139906e-01   1.7820384e+00  -5.5465862e-01
   2.0000000e+00   1.1727288e+00  -4.4550068e-01  -1.6155337e+00  -7.8595223e-01  -1.1249129e+00   1.7190517e+00
   2.0000000e+00   1.5859577e+00   8.1515237e-01  -1.1949566e+00   8.4609274e-01   1.1736821e+00   9.9775125e-01
   2.0000000e+00   8.4262637e-01  -2.8889230e-01   7.7729142e-01   8.5664931e-01  -1.0610939e-01   6.0861496e-01
   2.0000000e+00   1.2383977e+00   1.1160154e+00   1.9625925e+00   1.8872317e+00   9.1825428e-02   4.1993648e-01
   2.0000000e+00   1.2557266e-01  -1.2967042e-01   6.3823188e-01  -5.4336133e-01   1.9553028e+00  -7.3264524e-01
   1.0000000e+00   1.4460705e+00   6.0841853e-01  -2.5015596e-01  -1.4956454e+00  -9.5957802e-01   1.1818943e-01
   2.0000000e+00  -1.1443153e+00  -6.3596745e-01  -3.7134055e-01  -1.0737404e+00   4.5471543e-01   2.7285311e-01
   2.0000000e+00  -1.0499197e+00   1.0850228e+00  -9.8912166e-01   5.4137004e-01  -7.7322252e-01   1.7549247e-01
   2.0000000e+00   5.7728919e-01   2.7696255e-01  -2.3200171e+00   1.0775768e+00  -8.7934316e-01  -2.4654737e-01
   2.0000000e+00  -1.9128137e+00   6.6418445e-01  -5.9860139e-01   1.7684228e+00  -5.1591288e-01   6.6430845e-01
   2.0000000e+00   4.4923080e-01  -1.2217335e+00   1.3538111e+00  -1.2543327e+00   5.8020840e-01   6.2767433e-01
   2.0000000e+00   1.4942868e+00  -2.5013692e-01   8.3365782e-01   1.1015631e+00   1.0249050e+00  -3.0646751e-01
   2.0000000e+00  -5.0038833e-01   1.3911031e-01   1.5352023e+00   8.8419905e-01   1.1774575e+00   9.8001513e-01
   2.0000000e+00   2.1495467e-01   9.1816957e-02   2.1405973e+00  -5.0981139e-01  -1.5405492e+00  -1.0988142e+00
   2.0000000e+00  -2.8118550e-01   2.1401748e+00   7.5640980e-01  -8.8760004e-02  -1.5313868e-01  -5.2799309e-01
   2.0000000e+00  -4.5958218e-01   1.9174802e-01  -1.5198433e+00   2.4056132e+00   2.2885473e+00  -2.3479030e-01
   2.0000000e+00   6.1036783e-01   3.7742902e-03  -1.6468231e+00  -7.3689971e-01  -1.5230130e-01   5.3044712e-01
   2.0000000e+00   6.0193561e-01  -1.0003736e+00   1.7466372e+00   5.7170380e-01  -8.7680958e-01  -3.1417529e-01
   2.0000000e+00  -4.7999632e-01  -3.5686438e-01   6.5612110e-01  -4.5407998e-01  -9.1407900e-01   6.0910001e-01
   2.0000000e+00  -1.9700830e-01   1.2503290e+00   8.0773840e-01  -5.9255460e-01   7.5460585e-01   3.7962733e-01
   2.0000000e+00  -9.3773942e-01   5.6984715e-02   1.1380554e+00   1.8082570e+00   1.0883286e+00  -2.3398584e-01
   1.0000000e+00  -3.9806811e-01   2.7256368e-01   1.1920639e-01   5.7394011e-02  -6.6390792e-01  -1.3147896e-01
   2.0000000e+00  -8.1237221e-03   3.6888095e-01   9.9034106e-01   3.7062150e-01   6.1958465e-01   6.5678817e-01
   2.0000000e+00   6.6776052e-01   4.7733740e-01   1.2249930e+00  -9.4603120e-01  -9.7645006e-01  -3.9743132e-01
   2.0000000e+00  -1.9136625e+00   2.1934384e+00  -5.8871843e-01   3.4803978e-01   1.7647197e+00   5.9340378e-01
   2.0000000e+00   1.9950931e+00   9.9033149e-01  -9.5244477e-01  -1.4196437e+00   6.3992382e-01  -4.4498202e-01
   1.0000000e+00   1.6625104e+00   3.5239656e-01  -2.8414236e-01  -1.3402553e+00   5.5507038e-01   2.1360481e+00
   1.0000000e+00   9.1152978e-01   3.7312762e-01  -6.4753517e-01   1.8283964e-01   1.5660453e-01  -5.8880242e-01
   1.0000000e+00  -4.2763757e-01   3.4016340e-01  -6.4194894e-01  -5.7627403e-01   6.3484042e-01  -1.5843166e-01
   2.0000000e+00   7.3003901e-01   6.2637182e-01  -2.6186246e+00   9.2277516e-01  -1.9002643e+00  -5.1904287e-01
   1.0000000e+00   9.4497560e-01   8.9594336e-01  -1.0096177e-02  -7.8182263e-01   6.1170839e-01   9.9345897e-01
   1.0000000e+00   1.3183328e+00   4.3039079e-01  -6.0458808e-01   1.0159249e+00  -4.3306457e-01  -1.1397704e+00
   2.0000000e+00  -3.5077568e-01  -7.8846346e-01  -8.7854194e-01  -1.9394903e-01  -1.7070202e+00   6.0932612e-01
   2.0000000e+00  -1.7029280e-01   1.8216654e+00   7.9418861e-01  -6.5717503e-01   6.6636046e-01  -1.7027951e+00
   2.0000000e+00   2.0079115e+00   8.9541112e-01  -5.5909866e-01  -3.7905705e-01   9.4152205e-02   3.2053532e-01
   1.0000000e+00   5.0067614e-01   2.3449918e-01  -7.6928726e-01   1.6921929e+00  -1.0553492e+00  -6.6560858e-01
   2.0000000e+00  -1.6637642e+00  -1.7383670e+00   6.3999380e-01   7.1023531e-01  -3.1157628e-01   1.7516828e+00
   1.0000000e+00   6.7459860e-01   4.9788496e-01  -5.6925872e-02   1.0986780e+00   9.6327915e-01  -4.4478342e-01
   1.0000000e+00   5.7169195e-01   3.4091863e-01   5.3739543e-01   1.4287700e+00  -2.9668598e-01   2.3441387e-01
   1.0000000e+00   7.7919956e-01   5.0983160e-01  -4.8110857e-02   2.0625954e+00  -4.4389789e-01  -1.4534479e-01
   2.0000000e+00   2.3239647e-03  -1.6627345e+00  -1.7147631e+00   1.1482068e+00  -1.4099496e+00  -6.3473420e-01
   2.0000000e+00   7.8094920e-01  -4.3794712e-01   4.0907648e-02   3.5020280e-01  -5.0120939e-01  -9.0118858e-01
   1.0000000e+00   1.0763417e-01   6.2697148e-01   4.0726737e-02  -3.6235595e-01   3.0684721e-01  -7.0198296e-01
   1.0000000e+00   1.1098208e+00   6.9126012e-01   9.5290592e-02   1.2165525e+00  -3.3098820e-01   1.0829472e+00
   2.0000000e+00   3.1798336e-01   1.5897284e+00  -9.8068085e-02  -1.4785478e+00  -6.1297848e-01  -3.0167117e-01
   2.0000000e+00   2.4854271e-01  -1.1043325e-01   4.6673100e-01   8.4447596e-01  -5.8992161e-01   4.5659947e-01
   2.0000000e+00   1.0382612e-01  -6.7845598e-01  -3.9648346e-01   1.2788281e+00   9.6612161e-01   1.4902810e-01
   2.0000000e+00  -7.7693112e-01  -1.6395423e-02  -6.5851406e-01  -1.8399168e-02   7.4626469e-02   3.6317304e-01
   2.0000000e+00   2.3189685e+00  -1.3878347e+00  -1.8376739e+00  -4.0393849e-01   7.0559105e-01  -3.8521038e-01
   2.0000000e+00   3.2926052e-01   5.8663876e-01   8.9231478e-01  -1.1340559e+00  -5.5202642e-01  -2.7921686e-02
   2.0000000e+00   3.1687687e-01  -7.2909788e-01  -1.0690124e+00  -4.4457011e-01   1.9324161e+00   3.1261702e-01
   2.0000000e+00  -3.3565031e-01   5.5629192e-01  -1.0685935e+00  -1.5390411e+00   1.5316866e+00   4.2323648e-02
   2.0000000e+00  -1.1983605e-02  -7.6397307e-01  -9.5925378e-01   6.9358859e-02  -1.9870218e-01   1.3512955e-03
   2.0000000e+00   6.0357928e-01  -2.8840886e-01  -1.9548837e+00  -8.2287328e-01   1.5721412e+00  -1.0944198e+00
   2.0000000e+00   4.6469824e-01   6.7433474e-01   1.0317347e+00   9.0435089e-01   7.9592885e-01   8.9875472e-01
   1.0000000e+00  -6.7625060e-01   2.5938775e-01   1.8567637e-01  -9.8870631e-01  -1.0880392e+00   7.8245285e-01
   2.0000000e+00   2.4392435e-02  -1.4513076e-02   1.0052509e+00  -2.2226850e-01  -2.7514836e+00  -1.8379118e+00
   1.0000000e+00  -1.5831172e+00   2.8215008e-01   4.0116868e-01   9.0457157e-01  -7.7301404e-01   9.7230730e-01
   2.0000000e+00  -1.0665473e+00  -1.2487075e+00   3.8532701e-01  -5.9179686e-01  -5.8226335e-01   4.0933292e-01
   2.0000000e+00  -3.1504338e-01  -1.1566966e+00  -2.0380657e+00  -6.0017102e-01   3.0997937e-01   6.3380107e-01
   2.0000000e+00   3.1159156e-01  -4.0243450e-01  -3.8262652e-01   1.3293772e+00  -1.4800677e+00  -1.5705411e+00
   1.0000000e+00   8.8053791e-01   5.0844902e-02   9.0773662e-01   4.2356841e-02   8.3779258e-01   1.2703355e-02
   2.0000000e+00   2.0733319e+00  -5.7217605e-01  -2.7262738e+00   3.2649440e+00  -5.6073703e-01   6.9804202e-01
   2.0000000e+00  -6.6445669e-01  -1.3275051e+00  -7.7590030e-01  -5.8622463e-02   1.0635902e-01  -1.9053212e+00
   2.0000000e+00  -2.5028305e+00   8.3860448e-01  -4.0979134e-01  -3.8886195e-01   7.2953355e-01  -1.1559785e+00
   2.0000000e+00   1.5100619e+00  -1.3144955e+00  -1.8258642e+00   6.3947624e-01   1.1684328e+00   4.9955403e-01
   2.0000000e+00   8.5398903e-01  -8.5489976e-01   1.2576809e+00   6.6820019e-01   4.2468347e-01  -3.5528121e-01
   2.0000000e+00   1.0949035e+00  -4.8081883e-01  -1.4463556e+00   4.1067935e-01  -9.8540513e-01   2.3831495e-01
   2.0000000e+00   8.6910998e-01   8.6695957e-01  -1.0562430e+00   1.9157442e-01   1.0035828e+00  -8.1401834e-01
   2.0000000e+00   1.1241515e+00  -1.6606248e+00  -4.2270707e-01   3.1228000e-01  -1.8853118e-01   7.9202086e-01
   2.0000000e+00  -4.1810655e-01  -1.4853159e+00  -1.1784023e+00   4.6220163e-01  -5.1262433e-01  -1.3529040e+00
   2.0000000e+00  -4.3796690e-01  -1.2324700e+00  -1.3291450e+00   7.4974255e-01   3.7874936e-01  -5.2684592e-01
   2.0000000e+00  -1.3372569e-01  -4.1175517e-01   1.5983659e+00   6.4798625e-01  -6.1762147e-02  -6.5078592e-02
   1.0000000e+00  -9.2622846e-01   8.6154316e-01   3.5674433e-01   1.4770585e+00  -9.5745721e-01   7.4621429e-01
   2.0000000e+00  -1.5714849e-01  -1.9812361e+00   1.0843391e+00   2.1591861e-02   1.1813073e+00   1.7961752e-01
   2.0000000e+00   1.1162668e+00   8.3590584e-01  -6.6697693e-01  -7.8796378e-01  -4.9911859e-02   5.2305706e-01
   2.0000000e+00  -7.0539360e-02  -6.9016042e-01   1.6267454e+00  -3.6878985e-01   2.7720362e-01  -1.1120240e-01
   1.0000000e+00   6.4876991e-01   3.4200163e-01   3.2758567e-01  -1.9486623e-01  -1.7199178e+00   3.0418157e+00
   2.0000000e+00  -6.7206327e-02  -1.7712020e+00   1.3525226e+00  -1.5778299e+00  -4.7879460e-01  -8.8524122e-01
   2.0000000e+00  -1.0818553e+00  -8.1783824e-01  -8.2310534e-01  -3.7769576e-01  -2.2399006e-01  -6.2679112e-01
   1.0000000e+00   9.7258942e-01   4.5393888e-03   4.0275491e-01   8.3235913e-01  -3.3619207e-01   5.5980863e-01
   2.0000000e+00  -4.8000364e-01  -5.4485236e-01  -1.4064234e-01  -6.8276576e-01   2.7758152e+00  -1.4933076e-01
   2.0000000e+00  -1.0749772e+00   1.4763563e+00  -7.0204837e-01   1.5200815e+00  -6.2554549e-01   4.3871418e-01
   2.0000000e+00  -1.0520953e+00  -2.6538937e+00   1.2358783e+00   3.0956107e-01   1.6154762e+00   1.3392804e+00
   1.0000000e+00   5.2044692e-01   4.0792846e-01   8.5826421e-01  -1.7521131e+00   3.0865662e+00   1.3797968e+00
   2.0000000e+00  -1.0595428e+00  -5.0230192e-01   1.7149700e-01   5.4514164e-01   1.1188089e-01  -6.6129085e-01
   2.0000000e+00   1.1479562e+00   5.6955206e-01   9.0213531e-01  -1.6737023e-01  -9.4732463e-01  -4.0977215e-01
   2.0000000e+00  -1.3213699e-02   7.4488088e-01  -9.3902400e-01   6.3171661e-01  -1.5644025e+00   3.6550605e-01
   2.0000000e+00  -9.6246668e-02  -1.3497211e+00  -3.9427299e-01  -1.1050276e+00   3.4128309e-01   9.3833702e-01
   2.0000000e+00   4.7939709e-02  -4.4760717e-01   9.5075323e-02   8.3734381e-01  -9.7427244e-01   4.7325855e-01
   2.0000000e+00   8.5580135e-01  -3.8927556e-01  -3.2085716e-01   5.2534447e-02   1.4228976e+00   1.1918373e+00
   2.0000000e+00  -9.4168290e-01   5.4530746e-01  -1.5019315e+00  -3.9787725e-02  -7.4022742e-01   1.8460152e+00
   2.0000000e+00  -1.5985833e-02  -1.0030253e+00   6.0760882e-01  -5.3378675e-01  -1.9816141e-01  -7.4849922e-01
   2.0000000e+00   1.3454453e+00   1.7867002e+00   8.4707012e-01   1.0310837e+00  -1.6590872e-01   9.9541662e-01
   1.0000000e+00   3.8430302e-01   1.5299601e-02   3.4817954e-01  -9.7447108e-01  -2.8296538e-01   7.8841864e-02
   1.0000000e+00   5.9648953e-02   2.9478747e-01  -2.0422393e-01  -6.8094266e-01   8.0135817e-01   1.3484474e+00
   1.0000000e+00   1.4837291e-01   9.6814225e-02   5.7838610e-01   2.6565865e-02   5.2730386e-01   5.5740805e-01
   2.0000000e+00  -1.1092762e+00  -2.3262332e-01  -6.7320116e-01   1.8990228e+00  -2.8777070e-01   3.0661542e-01
   2.0000000e+00  -1.3158760e-01  -4.1274587e-01   9.1473755e-01  -6.0414851e-01  -1.3904349e+00  -5.0257455e-01
   2.0000000e+00   6.6754813e-01  -7.2705851e-01   1.8446030e+00  -1.0712897e+00  -2.6718930e-01   9.1499132e-01
   2.0000000e+00   1.5040194e+00  -6.7022325e-01   1.9035940e+00  -5.6405420e-01   1.3271454e+00   1.4619042e-01
   1.0000000e+00  -4.3829266e-01   1.7286698e-01  -1.8301884e-01   7.9241133e-01  -3.8334842e-01  -1.3387597e-01
   2.0000000e+00  -7.0644656e-01   1.1007231e+00  -1.0627125e+00   2.5808786e-01  -1.3086820e+00   7.0313343e-01
   2.0000000e+00  -6.7496786e-01  -1.9285540e+00  -1.1998514e+00  -1.0386726e+00   4.9678185e-01   1.7393654e+00
   2.0000000e+00  -4.8670363e-04  -1.2866881e-01   6.5243849e-01  -7.7735186e-01   2.7422421e-01  -7.7747232e-01
   2.0000000e+00   1.0599321e+00  -2.3637842e-01   1.0077177e+00   2.1169063e+00  -1.1327016e+00   1.3998337e+00
   2.0000000e+00   3.6014242e-01  -1.2943711e+00   5.8084958e-01   7.5734183e-01   1.7155431e+00  -1.0219291e+00
   2.0000000e+00   6.3910711e-01  -1.2295513e+00  -8.7191613e-01   3.1614490e-01   3.1641788e-01  -4.4157676e-01
   2.0000000e+00  -1.2405723e+00  -8.1629130e-02  -9.3325806e-01  -3.6316693e-01   3.0506429e-01  -7.9774806e-01
   2.0000000e+00  -2.0466069e-01  -2.9083533e-01   1.7150826e+00   3.1545971e-01  -2.4828173e-01   1.9905772e-01
   2.0000000e+00   1.0822882e+00  -3.8293035e-01  -7.3278091e-02  -5.0630034e-01  -1.3466295e+00  -2.4726933e-01
   1.0000000e+00  -5.5504076e-01   4.5960340e-01   3.0355371e-01   8.2931928e-01   3.6084744e-01   1.1021194e+00
   2.0000000e+00   1.4771115e-01   2.7617838e-01   2.0136280e+00   8.6983071e-02   9.7347237e-01   7.6527680e-02
   2.0000000e+00  -1.0050416e+00  -2.1631701e-01   5.0883922e-01  -1.2341924e+00  -5.4584805e-01  -2.4847836e-01
   2.0000000e+00  -1.2870601e+00  -6.5007848e-01  -1.1794868e+00  -2.0970589e+00   1.1730852e+00  -4.2263002e-01
   2.0000000e+00   1.1115421e-02  -8.3750171e-01  -1.2852740e+00   1.2709879e+00   1.2049793e+00   1.4031598e-01
   2.0000000e+00  -2.5451653e-01  -1.5839860e-01   1.1762923e+00   6.0956428e-02  -9.1250940e-01  -1.8420899e+00
   2.0000000e+00   1.6842631e+00  -3.9442571e-01  -4.8468230e-02   3.0731776e-02   3.9024213e-01   5.3691033e-01
   2.0000000e+00   4.5160848e-01  -4.1813697e-01  -3.8339823e-02  -4.8334234e-01  -8.9106644e-01  -1.1585355e+00
   2.0000000e+00  -2.4336451e-01  -2.9176875e-01   1.9749698e-01  -2.8846817e-02   4.2589835e-01  -1.1525549e+00
   2.0000000e+00  -5.7069883e-01  -9.4901792e-01   1.8191182e+00  -6.5759647e-03   2.3244544e-01   4.6712766e-02
   2.0000000e+00   1.9529264e-01  -8.0811120e-01  -8.9860280e-02  -8.3371472e-01   1.8893899e+00   2.1264301e-02
   2.0000000e+00   1.0394749e-01  -8.9141554e-01  -2.4715005e+00   5.5148966e-01   1.1656735e+00  -6.0872087e-01
   1.0000000e+00   1.2829595e+00   6.9349635e-02   2.3189869e-01   1.6884152e+00  -5.9955191e-01   4.8738674e-01
   2.0000000e+00   1.4794991e+00   1.1525413e+00  -7.5912825e-02  -9.2575198e-01   1.0518487e+00   9.3027222e-01
   2.0000000e+00   3.3953222e-01   1.6707382e+00  -1.2662446e+00  -6.7392209e-02   2.9607596e-01   4.2091074e-01
   2.0000000e+00   1.1014896e+00   5.7214393e-01  -1.6131318e+00   4.1300183e-01  -1.1928841e+00   5.9002797e-01
   2.0000000e+00  -3.9277976e-01  -1.8337787e+00  -1.3047170e+00  -1.1458939e+00   3.9840697e-02  -2.7976032e-01
   2.0000000e+00   8.1826121e-01  -1.2270378e+00  -7.6038185e-01  -1.6309144e+00  -6.9646026e-01  -1.2606274e-01
   2.0000000e+00  -1.8668683e-01   3.2632586e-01   2.0755188e+00  -9.0334453e-01   4.3206761e-01   9.1546097e-02
   2.0000000e+00  -1.4060996e+00  -6.6969248e-01  -1.5230711e-01  -3.2089002e-01   2.3219516e-02  -1.2113770e+00
   1.0000000e+00  -5.9114693e-01   6.9300703e-01  -1.8338988e-01   4.3515373e-01  -1.0479417e+00   4.2821568e-01
   1.0000000e+00   8.5182038e-01   2.3900743e-01  -1.1088586e-01  -2.4218452e+00   8.0512404e-01  -1.1324426e+00
   2.0000000e+00   8.5405375e-01   8.1611890e-01  -8.3227505e-01   7.7860074e-01   6.6045373e-01   2.1183239e-01
   2.0000000e+00   4.3216928e-01   1.9974213e-01   1.5659487e+00  -1.4915475e+00   9.1579649e-02   1.8425563e-01
   2.0000000e+00  -9.6550026e-01   1.3641323e+00   2.9300290e-01  -4.6069721e-01   1.0940027e+00   1.0910505e+00
   2.0000000e+00   7.8251334e-01  -1.0399691e+00   2.2616244e-01  -3.4492780e-01  -9.0792813e-01  -1.0978255e+00
   2.0000000e+00  -4.0133571e-01   1.2635846e+00  -1.1030952e+00  -8.2082433e-01  -5.9964025e-01  -5.0204883e-01
   2.0000000e+00   1.8315875e-01  -3.4059902e-01  -3.7657318e-01  -1.4240355e+00   1.7245008e-01   9.7445785e-01
   2.0000000e+00  -8.2183494e-01   1.4301263e+00  -7.1528280e-02   1.1841673e+00   1.7221778e-03   8.9803098e-01
   2.0000000e+00   4.0238210e-01  -1.3009084e+00  -2.0009544e-01   9.5566889e-02   4.8805426e-01  -1.3485315e+00
   1.0000000e+00   7.1207973e-01   6.8652855e-01  -4.8450148e-01   1.0280459e+00  -1.1882443e-01   5.8241059e-01
   2.0000000e+00   2.7868204e-01  -9.1208815e-01   7.4033550e-01   4.7557195e-01   1.0848319e+00   1.0695013e+00
   2.0000000e+00   3.1164067e-01  -1.2151854e+00   6.3280407e-01  -1.5391272e-01   1.9752607e+00   9.1698504e-01
   2.0000000e+00   1.4980513e+00  -5.9428879e-01  -1.3443638e+00  -2.0820961e+00   6.3494549e-01   7.0014581e-01
   2.0000000e+00  -5.3666949e-02  -6.5660600e-01   9.2195568e-01  -2.5831392e-01   7.0812416e-02  -2.8032716e-01
   2.0000000e+00  -1.0642999e+00  -3.7882489e-01  -5.9849480e-01  -1.0223375e+00   1.5632645e+00  -1.1294004e+00
   2.0000000e+00   4.4398325e-01   7.2518619e-01  -7.2725115e-01   8.2540806e-01  -8.1379970e-01  -2.8259667e-01
   2.0000000e+00   1.5549015e+00  -1.8595436e-01  -7.0816735e-01  -2.9179907e-01   1.6182417e+00   3.5563416e-01
   2.0000000e+00   1.2578255e+00   8.1140944e-01   1.0450597e+00  -5.2751748e-01   6.9991791e-01  -1.4974432e+00
   2.0000000e+00   2.0050613e+00   1.0839734e+00   3.7058870e-01   1.2251155e-01   2.0505926e+00   4.4355053e-01
   2.0000000e+00  -4.1140929e-01  -5.3727452e-01  -1.1554187e+00  -1.0881574e+00  -1.1105204e+00  -2.3243589e-01
   2.0000000e+00  -9.1305707e-01   9.6787296e-01  -8.0731301e-01  -8.9287078e-01   1.8178979e-01   5.0816579e-01
   2.0000000e+00   4.0745243e-01  -1.3389944e+00   1.0276122e+00  -7.0185352e-01   8.3707900e-01  -1.3159549e+00
   2.0000000e+00   6.3167818e-01  -1.2185345e+00   5.3753620e-02  -4.5989147e-01   1.8895419e+00  -3.6247923e-01
   2.0000000e+00  -1.4911018e+00  -2.5423675e+00   8.6376202e-01   5.2536590e-01  -1.6185735e+00  -1.2687659e+00
   2.0000000e+00   3.6629427e-01  -2.4208985e-01   1.1315177e+00  -3.5648878e-01   6.7826796e-02  -7.1442870e-01
   2.0000000e+00   6.5949612e-01   1.3102677e+00   1.3431108e-01   3.4513489e-01   1.4434879e+00  -1.8295130e+00
   1.0000000e+00   5.6761527e-01   6.7557225e-01  -1.7236670e-02  -6.7964824e-01   1.1194089e+00   1.6859423e+00
   2.0000000e+00   3.1231197e-01  -2.8007903e-02  -3.1665223e-01   1.3789445e+00  -8.4924689e-01  -1.2444964e+00
   2.0000000e+00  -1.8398491e-01  -4.1889821e-01  -3.9438968e-02  -6.2785360e-01  -4.8356284e-01  -1.6594114e+00
   1.0000000e+00   8.8582230e-01   7.3815697e-01   3.1086348e-01   2.4733068e+00  -2.2948584e+00   3.1867857e-01
   2.0000000e+00  -4.5566649e-01  -6.0851993e-01   1.0874671e+00  -5.4827180e-01  -2.3198145e+00  -2.6741456e-01
   2.0000000e+00   4.6905206e-01  -5.7719433e-01   3.1241061e-02  -6.8326023e-02  -3.8386009e-01   1.7368286e+00
   2.0000000e+00  -2.0109254e-01   1.6956247e+00  -7.2738519e-01   3.7524519e-01   4.2828958e-01   1.0031745e-01
   2.0000000e+00  -2.1502529e-01  -1.0587417e+00  -1.5485886e-02   8.2308379e-01  -1.1837763e-01   1.4233512e+00
   2.0000000e+00  -3.8617173e-01   1.2045543e+00  -3.0833215e+00  -4.1060376e-01   2.1274117e+00   3.1461421e+00
   2.0000000e+00  -9.0644475e-01  -5.7568617e-01  -3.1153506e+00  -2.1912483e+00   1.5346960e-01   6.9239889e-02
   2.0000000e+00   9.1521270e-01  -1.5934833e+00   2.9163886e-01   1.9017539e+00   5.4953936e-01  -4.5038669e-01
   2.0000000e+00  -8.0432791e-01   1.3979373e+00  -3.4198370e-01   8.8360998e-01   1.3072971e-01   1.4474578e+00
   2.0000000e+00  -6.0608941e-01   1.3883397e+00   4.3416863e-01  -6.3394157e-01  -1.0045441e+00   5.2177894e-01
   2.0000000e+00  -1.4682603e+00  -2.7845532e+00  -1.3283773e+00  -4.5897411e-01  -2.7882589e-01  -9.6865013e-01
   2.0000000e+00  -7.5335696e-01   1.5600947e+00  -7.8967033e-01  -1.3896692e+00  -2.4264380e-01   1.6885967e+00
   2.0000000e+00  -5.1033684e-01  -1.2594293e+00   9.7566059e-01   1.2151440e-01  -1.9623756e+00   1.0099565e+00
   2.0000000e+00   4.0404001e-01  -7.8506881e-01   9.9770101e-01  -1.3061172e-01   2.2989867e-01  -2.8059422e-01
   2.0000000e+00  -3.7998861e-01  -8.1210732e-01  -1.7322408e+00   2.4496479e-01  -2.3560087e-01   7.7720428e-01
   2.0000000e+00   1.5509279e+00   4.0937576e-01  -1.4510796e+00  -7.0259806e-01   5.6271643e-01  -4.5814135e-01
   2.0000000e+00   6.1837792e-01  -4.5347309e-01   1.3536640e+00  -1.7472066e+00  -2.0493897e+00   1.1405081e-01
   2.0000000e+00  -1.3815286e+00  -1.0978749e+00   1.2778788e+00   6.5737129e-01  -1.3647196e+00  -1.6116360e+00
   2.0000000e+00   1.2392049e+00   2.3169723e-01   2.3325299e+00  -3.6917110e-01   1.5908654e+00   8.7632831e-01
   1.0000000e+00  -1.2800523e+00   2.4148908e-01   5.0352453e-01   2.3512523e-01  -9.3169271e-02  -8.1047541e-02
   2.0000000e+00   3.7411944e-01  -8.9708808e-01   9.9442533e-01  -6.8215859e-02  -8.7667977e-01   1.2350408e+00
   1.0000000e+00   3.6979686e-01   1.7932046e-01  -3.3659480e-02   3.4950705e-01  -6.7807666e-01   4.4715619e-01
   2.0000000e+00   9.3189391e-01   1.0381194e+00   2.9403235e-01   7.8141544e-01   1.8518760e+00  -1.9467165e-01
   2.0000000e+00  -4.3039045e-01   1.4792556e+00   3.8532641e-01  -1.0900262e+00   2.7374686e-01  -6.7204130e-01
   2.0000000e+00  -1.0297672e+00  -1.1075293e+00  -1.4986476e+00   1.6151883e+00  -7.2950641e-01   1.0732307e+00
   2.0000000e+00  -5.6595473e-01   6.0658277e-01   9.1588838e-01  -3.2819124e-02   3.7859200e-01  -1.0832012e+00
   2.0000000e+00  -9.1645880e-02  -8.8208844e-02  -3.9531946e-02  -1.5558774e+00  -1.1869827e-01  -6.9809328e-01
   2.0000000e+00  -6.9155450e-01  -3.2841468e-01   2.6631836e-01   1.4222135e+00   5.1288610e-01   4.1226497e-01
   2.0000000e+00  -1.7929184e-01   7.6291734e-01   6.9462520e-01   8.6397844e-01   6.6456686e-01   8.2100683e-01
