   2.0000000e+00   8.0494273e-01  -4.9095741e-01   1.5261955e+00  -2.4138108e-01  -8.3207772e-01  -9.0793765e-01
   2.0000000e+00   7.7935310e-02   5.0574795e-01   1.3186213e-01   2.3900237e+00  -5.5173604e-01   1.9563444e+00
   2.0000000e+00  -2.1794294e+00  -8.2685168e-01  -1.3291449e-01   9.6420814e-01  -2.4058984e-01  -1.3726350e+00
   2.0000000e+00  -6.1940253e-01  -1.1116228e+00  -2.7369961e+00   1.8757763e+00   5.5184517e-01  -1.4228436e+00
   2.0000000e+00  -1.0880054e+00  -4.7868777e-01   1.3966966e+00  -1.9533067e-01  -5.4675599e-01   1.5075826e-01
   2.0000000e+00   8.5496637e-01   2.2868588e-01   5.4137609e-02  -5.5613475e-01   8.7963489e-01   1.6019536e+00
   2.0000000e+00  -7.3892516e-01   1.1246653e+00   4.8192401e-01   1.1873166e+00  -7.4618770e-01  -1.7554826e+00
   1.0000000e+00   5.5741088e-01  -2.8801754e-01   4.7122157e-01  -1.1167385e+00   3.9913671e-03   3.5214798e-01
   2.0000000e+00   1.7581321e+00   2.3709379e-01   1.3401551e+00   2.6586787e-01   1.8271032e+00  -7.4815754e-01
   2.0000000e+00  -1.3367411e+00   2.0076337e-02   9.3545807e-01  -1.6072893e-01  -1.5750580e-01   1.6589925e+00
   2.0000000e+00  -3.0577598e-01   1.1781086e-01   6.8724465e-01   5.8081544e-01   6.8102307e-01  -6.5345485e-01
   1.0000000e+00  -1.3058963e+00  -1.5374354e+00   6.5785314e-01   1.3735109e+00  -2.2521984e-01   1.0847320e-01
   2.0000000e+00  -8.1342735e-01  -2.2193759e+00   1.1199109e+00   1.4675478e-01   1.0070477e+00  -2.3635559e-01
   2.0000000e+00   2.0555733e-01   7.8427482e-01   4.2209386e-01   1.1229278e+00   8.1313945e-01   2.3175347e+00
   1.0000000e+00  -5.5645532e-01   8.2681004e-01   6.7116486e-01  -1.6343370e-01  -6.3857121e-01   2.4132722e-01
   2.0000000e+00   1.4800003e+00   8.2989818e-01  -4.3928418e-01  -6.4584011e-01  -6.1249073e-01  -6.9908402e-01
   2.0000000e+00   1.0103370e-01  -1.9188689e+00   8.2804232e-01  -1.7262431e-02   7.5032095e-01  -1.8385686e-01
   2.0000000e+00  -1.1437536e+00   9.1544708e-01   1.4123871e+00   1.4421540e+00  -1.4886655e+00   2.5040589e+00
   2.0000000e+00   3.5549089e-01  -8.4590726e-01  -1.4913448e+00  -1.0604089e+00  -7.5219715e-01  -7.1949708e-01
   1.0000000e+00  -1.0127393e+00   2.1155359e-01  -2.2929701e-01  -7.5796017e-01  -1.2507335e+00   2.3761410e-01
   2.0000000e+00   1.4744813e+00  -4.6317737e-01  -1.6616966e+00  -1.1424196e+00  -4.1613948e-01  -5.0951683e-01
   2.0000000e+00   7.0588623e-01  -1.9338045e+00  -1.6264228e+00   9.7037282e-02   4.1858118e-01  -2.0987466e+00
   2.0000000e+00   1.1164760e+00   1.4212775e+00  -1.4096850e+00   1.0917466e+00   8.8607924e-01  -1.5133930e+00
   1.0000000e+00  -5.3467888e-01   4.2538470e-01   8.1358860e-01  -7.1362546e-01  -5.7903456e-01   3.8129980e-02
   2.0000000e+00   1.4395669e+00  -1.3718804e+00  -1.0200838e+00   2.0136045e+00  -1.6944195e+00   7.9502433e-01
   2.0000000e+00   1.2734633e-01  -1.9927901e+00   5.2584231e-01   4.5471616e-01  -9.7869608e-02  -1.7168807e-01
   2.0000000e+00  -9.7433384e-02   3.8299695e-01   8.3566220e-01  -9.3000426e-01   1.9673629e+00  -3.3336259e+00
   2.0000000e+00  -2.3376928e+00   1.9624249e-01  -1.2551634e+00  -3.0662185e-01   1.8696405e+00  -1.4541535e+00
   1.0000000e+00  -3.2510806e-01  -2.5467136e-01  -6.3337733e-01  -2.3887264e-01  -3.5255049e-01   2.6688989e-01
   2.0000000e+00  -7.0008236e-01   1.3097181e+00   7.7861396e-01   1.2515058e+00  -2.1722666e-01   9.4453414e-01
   1.0000000e+00   1.2191806e+00   1.1158715e+00   5.5369927e-01  -1.5028538e-01   4.7801614e-01   7.0498186e-01
   2.0000000e+00   1.1132704e+00  -3.8408141e-01  -1.7293421e-01  -1.7141951e+00   2.4839193e+00  -8.5124618e-01
   2.0000000e+00   3.9215791e-02   4.6965433e-02  -8.3776254e-01   8.1304518e-01   7.8003262e-01  -8.9140756e-01
   1.0000000e+00  -5.9201731e-01   2.0010120e-01  -6.1600599e-01   7.3487865e-01  -2.3473463e-01   6.3510988e-01
   2.0000000e+00   3.5145799e-01   9.0698442e-01  -1.2272219e-01   1.0509845e-01   1.0274588e+00  -9.1563107e-01
   1.0000000e+00   9.9363580e-02  -2.2872530e-01   5.5982428e-01   1.8860628e-01  -1.6734777e+00   8.2311496e-01
   2.0000000e+00   1.1254249e-01   1.6846449e-01   2.8561370e-01   1.9724092e+00  -1.3019127e+00  -2.5787572e-02
   2.0000000e+00   1.0253854e+00   6.1437364e-01   1.1378813e+00  -1.5219344e+00   1.0588880e+00  -7.9833610e-01
   2.0000000e+00   1.3614586e+00  -6.4100348e-01   1.0270082e+00  -5.6087020e-02  -2.1632917e-01  -7.7901259e-01
   2.0000000e+00   1.6545169e+00   5.6757862e-01  -4.0235900e-01  -3.3165725e-01  -5.1500886e-01   1.4979279e+00
   2.0000000e+00   5.4283560e-01  -5.5623528e-01  -7.4881719e-01   2.3870507e-01   3.0990524e-02  -1.2694692e-02
   2.0000000e+00  -2.0642466e-01   1.4035636e-01  -7.4186389e-01   1.5024464e+00   6.9011942e-01  -1.0758485e+00
   1.0000000e+00  -9.7789125e-01   8.5440128e-02   7.4355047e-01   1.0445748e+00   3.6863331e-01   6.6419846e-01
   1.0000000e+00  -2.1310188e-01  -2.7815647e-01   5.8969225e-01  -3.6253023e-01   6.1152347e-02   5.5184916e-01
   2.0000000e+00  -1.0288291e+00  -1.9755956e-01  -2.4062070e+00   5.6685229e-01   1.4630085e+00   6.0946450e-01
   2.0000000e+00   1.3935487e+00   3.8312400e-01  -4.9461742e-02  -9.0549195e-01  -1.2576789e+00   1.8996947e+00
   1.0000000e+00   4.5942134e-01  -2.8348049e-01  -1.6366995e-01  -3.3944761e-01  -2.8838686e+00   6.7402377e-01
   1.0000000e+00  -5.0580463e-01  -4.5364257e-01   3.9200025e-03   7.7736461e-01   8.8560313e-01   5.0624188e-01
   2.0000000e+00  -6.7878420e-01  -1.3186703e+00  -6.0105473e-01   8.2237361e-01  -3.0396553e-01  -1.7822380e+00
   2.0000000e+00  -7.0688715e-01  -4.4626810e-01   2.9517428e-01   1.0127300e+00   2.9674251e-01   2.0787938e+00
   1.0000000e+00   1.2260570e+00  -1.4683097e-01   1.6378417e-01  -8.8318390e-01  -1.3223569e+00   3.5233985e-01
   2.0000000e+00   1.1884357e+00   3.6946281e-01  -1.1074806e-01   2.1033358e+00   6.9455834e-01  -6.2181167e-01
   2.0000000e+00   1.8777477e-01  -5.5857276e-01   1.5765268e+00   1.6502953e+00   6.2654346e-01  -3.7959226e-01
   2.0000000e+00  -1.0481070e-01   6.9129833e-02  -3.7394231e-01   5.0924319e-02   2.2063786e-01  -5.6252608e-01
   1.0000000e+00   3.4983972e-01  -1.6303295e-01   6.3071844e-01   8.2135268e-01  -7.2625167e-01   2.9943249e-01
   2.0000000e+00   1.1866573e+00   1.7826310e+00   6.8682229e-01  -1.3389929e-01   2.2547697e+00   1.6678194e+00
   2.0000000e+00  -1.1244854e+00   1.3439496e+00  -2.7595234e+00  -2.7958638e-01  -1.8524094e+00   1.0208435e-01
   1.0000000e+00   6.9815268e-01  -2.1697103e-01  -1.3880093e-01   5.2779882e-01  -8.7513104e-01   2.2345051e-01
   2.0000000e+00  -3.0124917e-01  -8.3847988e-02  -1.1627066e+00   4.4679990e-01   2.4141428e+00   7.8631243e-01
   2.0000000e+00  -5.3052492e-01   6.9280269e-01  -2.9778705e-01  -7.3187558e-01  -1.1118723e-01  -8.4740365e-01
   1.0000000e+00  -7.8727837e-01   1.7398642e-01  -7.8013359e-01  -1.1178526e+00  -9.7954480e-01   2.0440101e-01
   2.0000000e+00   3.9243122e-01   2.7939346e-01   9.7133229e-01  -2.8368370e-01  -3.9789869e-02  -9.5487132e-01
   2.0000000e+00   7.0994364e-02  -3.6830595e-01  -1.0221690e+00  -1.1554656e+00  -9.8972023e-02  -6.5706038e-01
   2.0000000e+00  -1.5787278e+00  -5.6848558e-02  -1.4852258e+00  -1.5722453e+00   5.4479470e-01  -1.1044616e+00
   2.0000000e+00   1.0381494e+00  -4.4016428e-01   1.2987770e+00   8.2042746e-02   5.5461072e-01   9.8586020e-01
   2.0000000e+00   1.4060619e+00  -3.4278422e-01  -1.6510993e-01   7.7522060e-01  -9.0213268e-01  -9.3807583e-01
   2.0000000e+00  -1.1932719e+00  -5.5294419e-02   1.5695815e+00   1.6555452e+00   7.9958124e-01  -7.5760907e-01
   2.0000000e+00  -1.1276085e+00  -8.0628536e-01   8.0632923e-01  -4.8038133e-01  -1.7963519e+00  -1.2170572e+00
   2.0000000e+00  -1.8307046e-01  -1.0500180e+00  -2.0077392e+00  -3.0034577e-01   5.8515856e-01  -3.7989264e-02
   2.0000000e+00  -1.2121183e+00  -4.9364783e-01   6.4822461e-01   7.3066225e-02  -1.1340465e+00  -4.3409001e-01
   2.0000000e+00  -5.9328455e-01   6.3151473e-01   1.1271260e+00   5.6952730e-01  -8.9527616e-02   1.0422051e+00
   2.0000000e+00  -5.9945093e-01   1.0781290e+00   2.7360325e-01   9.7679364e-01  -2.8307286e-01  -1.1112120e-02
   2.0000000e+00  -2.9778061e-01  -1.9891890e-01  -1.4648615e+00  -5.5458443e-01   1.5511854e-01  -5.4239876e-01
   2.0000000e+00   6.8378194e-02  -4.3151101e-01   2.2812835e+00  -1.5937620e+00  -1.1572007e+00   2.8983595e-01
   2.0000000e+00   1.0625448e+00  -8.4415151e-02  -2.9133305e-01   9.4050114e-01   1.7939365e-01   1.7141402e+00
   2.0000000e+00  -1.0787118e+00  -5.0039242e-01  -1.4641176e+00  -3.7451678e-01   8.1234502e-01   9.2175331e-01
   2.0000000e+00   1.7604144e-01  -9.4871051e-01   3.8861816e-01   5.3218983e-01  -8.5654417e-01  -1.0976358e+00
   2.0000000e+00  -9.9075748e-02  -4.0952341e-01  -1.0998114e+00   1.5426093e+00  -3.6667417e-02   1.7991150e-01
   2.0000000e+00  -1.8536053e+00  -2.5945107e-01   2.3049328e-01  -1.5470260e+00   1.7696465e+00  -5.4277398e-01
   2.0000000e+00  -7.4631251e-01   3.5340764e-01  -5.0547590e-01  -5.8077994e-01  -2.6480563e-01  -7.5420381e-01
   2.0000000e+00  -2.0239749e+00   3.4998684e-02   3.6478486e-01   1.6057486e-02   3.1648902e-01   4.3216805e-01
   2.0000000e+00   5.4811985e-01  -3.8797931e-02  -5.3667358e-01  -1.1100118e+00   2.9177031e-01  -9.3784539e-01
   2.0000000e+00   4.7969381e-01   6.9087485e-01   1.1566495e+00  -1.1583868e+00   1.6298042e-01  -1.3155704e+00
   2.0000000e+00   4.1708401e-01   1.7482006e+00   1.1402093e+00   1.8392555e+00  -8.7920415e-01   1.4576101e+00
   2.0000000e+00  -1.8249439e+00   8.5515945e-01  -8.9135011e-01   1.8055946e-01   2.0512216e-01   1.7641135e+00
   2.0000000e+00   8.4001324e-01   6.7251977e-02   1.0865723e+00   5.7170329e-01  -6.9725641e-01  -3.4554678e-01
   2.0000000e+00  -3.8127025e-01   2.2893064e-01  -1.3320566e-01  -7.8444743e-01   8.4534708e-01   1.1717028e+00
   2.0000000e+00   3.0214448e-01  -3.3202808e+00   1.3989067e-01   3.4453070e-01   1.5147833e+00  -2.3647367e+00
   2.0000000e+00  -1.1800968e+00  -8.7797036e-01  -1.3558499e+00   9.2345029e-01  -1.8299517e+00   1.2724993e+00
   1.0000000e+00  -9.9713491e-01   2.2205239e-01  -2.0215705e-01   1.3064712e+00   7.4774588e-01   5.9788442e-01
   2.0000000e+00  -7.9075032e-01   7.7617844e-01  -6.6909345e-01   5.5753619e-01  -1.2070964e-01   1.6341686e+00
   2.0000000e+00   2.6620579e-01   3.7846280e-01   1.3142451e+00   1.3442541e+00  -1.1892941e+00  -7.7703022e-02
   2.0000000e+00   6.5262492e-01   6.5127131e-01   1.0448374e+00   4.1820585e-01   9.5135091e-01  -3.9599959e-01
   2.0000000e+00  -4.0335110e-01   1.5126156e+00  -7.1649615e-01  -5.1466566e-01  -1.3828296e+00  -5.8670480e-01
   2.0000000e+00   1.1755767e+00   1.5261574e+00  -8.7953937e-01  -1.0400538e+00  -1.1990488e+00  -1.2772390e+00
   2.0000000e+00   1.6989822e+00   3.5927865e-01   3.8229797e-01  -1.1544351e+00  -9.9372887e-01  -6.9644296e-01
   1.0000000e+00  -8.5255037e-02   1.3891881e-01   3.0174106e-01  -6.5955900e-01  -1.8226318e+00   3.2583536e-02
   1.0000000e+00  -1.0568062e+00   1.7826290e-01   6.3286842e-02  -1.1845958e+00  -7.2164891e-01   3.2772260e-01
   2.0000000e+00  -4.7581228e-02   7.1282081e-01  -1.5097515e+00   1.6499765e+00   7.5512797e-01   1.2417378e+00
   2.0000000e+00   7.7776340e-02   1.3132235e+00  -1.2395096e+00  -2.8828387e+00   9.8660261e-01  -2.3077092e-01
   2.0000000e+00   8.9168464e-01   6.9467983e-02   1.4793063e+00  -9.3079816e-01   6.3399724e-01   4.7722698e-01
   2.0000000e+00   6.3162812e-01  -5.8905899e-01  -1.5666787e+00  -2.2819190e+00  -6.2608368e-01   2.4344130e-01
   2.0000000e+00   2.0558218e-01  -9.3454737e-01  -3.0071560e+00  -5.2677340e-01   1.8918112e+00   1.1542214e+00
   2.0000000e+00  -1.2871070e+00   3.1715653e-02  -3.1550964e-01   1.9893450e+00  -9.4068118e-01  -1.0006008e+00
   2.0000000e+00   4.6361003e-01  -1.0831158e+00   2.1488182e+00   7.2239188e-01  -4.2954200e-01  -1.6444928e+00
   2.0000000e+00  -4.2624519e-01  -6.9545623e-01  -9.1276445e-01   7.0084364e-01  -1.3546222e+00  -1.3854744e-01
   2.0000000e+00   1.8928548e+00  -5.9377663e-01  -1.3583385e+00   5.2924265e-02  -4.3334809e-01  -7.2225092e-01
   2.0000000e+00   9.6135030e-01  -5.9366457e-01   4.4487508e-01   1.0511998e+00  -5.0825466e-01  -8.9166085e-01
   2.0000000e+00  -1.8246238e+00  -4.6641215e-01   1.4901150e+00  -4.5220989e-01  -2.4978368e-01  -1.0493229e+00
   2.0000000e+00   1.0335387e+00   3.6739603e-01  -1.9672372e+00   6.0450331e-01   1.2328847e+00  -5.3220464e-01
   1.0000000e+00   6.0222990e-01   2.4370197e-01  -3.9865825e-01   1.3786503e+00   9.6152569e-01   5.5414305e-01
   2.0000000e+00  -1.6667408e+00   1.9027707e-01  -1.4834705e-01  -3.7295092e-01  -6.9893214e-01  -1.3496363e+00
   1.0000000e+00  -1.1377897e+00   2.0902001e+00   4.1362646e-01   2.4563631e+00  -8.3426861e-01   7.7757558e-02
   2.0000000e+00   5.6517309e-01  -1.5989305e-01   2.4229280e+00  -1.1266356e+00   1.1948985e-01  -7.5347433e-01
   2.0000000e+00   1.0286615e+00   1.3987811e+00   4.4736220e-01  -3.2157680e-03  -1.1672624e+00  -3.5251748e-01
   2.0000000e+00  -2.0968479e-01  -4.9534415e-01  -1.3971854e+00  -1.2904682e+00   1.1097258e+00  -9.1188358e-01
   1.0000000e+00  -7.6868828e-01  -6.6986991e-01   1.8400698e-01   3.7643496e-01   2.8650919e-01   2.5209756e-02
   2.0000000e+00   9.9581096e-01  -7.6683234e-01   2.9303592e-01   2.3805776e-01  -1.2420747e-02  -3.6036130e-01
   2.0000000e+00   1.4475409e+00  -2.2386626e-01   3.6046087e-01   5.0486081e-01  -4.1409007e-02  -3.1620725e-01
   2.0000000e+00   1.0045641e+00  -9.1048927e-01  -1.3887190e+00  -5.2678845e-01   8.0095581e-01   2.8089185e+00
   2.0000000e+00   4.6915429e-01  -5.3664346e-01   4.0630435e-01   1.0165027e-01   6.4073511e-02  -1.5421491e-01
   1.0000000e+00   2.9283634e-01  -1.5164237e+00   6.2172724e-01  -9.7534698e-01  -1.8475770e+00   3.0701717e-01
   2.0000000e+00   1.5983101e-01   6.9634037e-01   1.1776462e+00  -5.6294811e-01   1.1721455e-01  -5.2569098e-01
   1.0000000e+00   2.6485772e-02  -2.3181132e-01  -8.2451866e-01  -2.2851028e+00  -3.7504181e-01   4.3727803e-01
   2.0000000e+00   7.2053756e-01   7.3311633e-01  -9.4225341e-01  -1.3313668e-01   5.9390078e-01  -7.7072360e-01
   2.0000000e+00   2.4384433e+00  -7.5613972e-01  -2.1589513e-01   3.1186956e-01  -1.3457151e+00  -1.5244785e+00
   2.0000000e+00   9.8873568e-01   6.3278084e-01   1.1442991e+00  -1.0601323e-01  -2.0202688e+00  -2.4273938e-01
   2.0000000e+00   8.9509690e-01   4.0581522e-01  -9.3734234e-01  -2.1839753e+00  -7.3589220e-01  -7.3073484e-03
   2.0000000e+00  -1.9623090e+00  -1.3256516e+00   1.5389314e+00  -6.7493493e-01   1.5321863e+00   1.4632992e+00
   1.0000000e+00   1.4464991e-01   2.4612662e-01   5.6807547e-01   4.8633319e-01  -7.5611883e-01   1.1420549e-01
   2.0000000e+00   1.2209454e+00  -9.9058845e-01  -1.0898814e+00   9.5556928e-02   6.1204466e-01   4.6458952e-01
   2.0000000e+00  -4.4667837e-01  -8.5491737e-01   3.4382784e-01  -6.5273637e-01  -5.9178381e-01  -5.3727805e-01
   2.0000000e+00   4.0843884e-01   7.2874827e-01   8.9759788e-01  -8.8940112e-01   1.4247997e+00  -1.5042709e-01
   1.0000000e+00  -8.8454577e-01   8.9154656e-01   4.8934820e-01  -2.2133443e-01   1.9347055e-01   7.4257953e-01
   2.0000000e+00   8.7282075e-01  -4.3587146e-01  -1.1056913e+00   3.2710245e-01   7.3914566e-01   1.1452548e+00
   1.0000000e+00   9.9206661e-01   8.6373176e-01  -2.1391080e-01   9.6630744e-01  -2.2270394e-01   4.7443790e-01
   2.0000000e+00  -6.4169704e-01  -3.6417367e-01  -1.1886802e+00   7.2776662e-01   1.3814165e+00  -2.6215948e-02
   2.0000000e+00   8.5748769e-01  -4.3813485e-01   2.4133413e+00  -6.6461459e-01   1.2263721e-01  -2.4214046e+00
   1.0000000e+00  -1.6727698e+00   1.4134005e+00   7.0148941e-01   7.4271498e-01   2.3108734e-01   5.6959313e-01
   2.0000000e+00   7.5873142e-01   4.9218185e-01   2.0629235e+00   8.2481865e-01   7.6441940e-01  -9.4848255e-01
   2.0000000e+00  -1.0025809e+00   4.4977027e-01  -4.1922026e-01  -1.2020183e-01   9.3925074e-01  -1.5361434e+00
   2.0000000e+00   9.7639265e-01   1.9140684e-01  -2.9263381e+00  -1.5460600e+00   8.5455910e-01   1.5563558e+00
   1.0000000e+00   7.8866767e-02  -1.0347655e+00   5.2536723e-01   5.1972119e-01  -4.2814203e-01   4.6091790e-01
   2.0000000e+00   5.9969050e-01  -9.5620887e-01   6.0372639e-01  -1.6583426e-01  -4.3712963e-01   1.0110619e+00
   1.0000000e+00  -8.2980328e-02   1.2522699e+00   5.3771528e-01   7.7640141e-01   3.3627459e-01   7.3266463e-01
   2.0000000e+00  -2.3722718e+00  -1.5668903e+00  -5.9074643e-01   1.4170038e+00  -7.0472846e-02   5.5180466e-01
   2.0000000e+00  -1.6844579e-01  -1.6378981e+00   4.7842192e-01  -2.0355402e+00  -5.4893915e-01  -6.8598369e-01
   1.0000000e+00   1.7144199e+00  -2.6423309e+00  -9.5920549e-01  -6.5348979e-01   4.0246967e-01   1.7738756e-01
   2.0000000e+00   1.0063259e-01   4.8200008e-01  -1.1810216e-01   9.1505396e-01  -8.2651472e-01  -8.6804998e-01
   2.0000000e+00  -5.6509152e-01  -8.7009211e-01   1.4128620e+00  -2.2230507e-01   1.2498838e+00  -1.8324441e+00
   2.0000000e+00   2.0318114e+00  -5.2430553e-01   1.0672365e+00   6.5397746e-01  -1.1566054e+00   3.4802343e-01
   2.0000000e+00  -2.1377934e+00  -8.7740853e-01   8.6224824e-01  -3.4678819e-01  -1.8355604e-01   2.1346660e-01
   2.0000000e+00   1.1561758e+00  -1.8460803e-01   1.8184491e-01  -5.8382289e-02  -1.4887544e-01  -5.2441249e-01
   2.0000000e+00  -5.4747979e-01   1.7039932e-01  -7.3929925e-01  -8.0209639e-01   7.3661111e-01  -1.1268055e-01
   1.0000000e+00   4.7288415e-01  -9.7748876e-02   4.2148860e-01  -1.3158496e+00   1.2334325e+00   7.6794698e-01
   2.0000000e+00   1.4747207e+00   8.1127850e-02   9.6223682e-01   1.8553293e+00   1.5779188e-03   6.7065655e-01
   2.0000000e+00  -1.5797085e+00   3.4379837e-01  -1.1201340e+00   1.5163605e+00  -1.7291525e-01  -1.1828266e+00
   1.0000000e+00  -6.8541613e-01   2.7768015e-02   4.3200176e-01   1.5836083e+00   1.5801392e+00   3.6895274e-01
   2.0000000e+00  -1.6429517e+00   7.4807888e-01  -1.5793267e+00   2.0571793e+00  -2.6203068e-02   7.4636420e-01
   2.0000000e+00   3.8150004e-01  -3.8066605e-01  -1.5877388e+00  -1.2910451e+00  -3.8181205e-01  -1.1261719e+00
   2.0000000e+00  -4.5519457e-01  -1.4056173e+00  -4.1992634e-02   1.0606750e+00  -5.2284536e-02   1.7651030e+00
   1.0000000e+00  -1.9748887e+00  -9.9513802e-01   2.8187892e-01  -1.2022968e+00   1.2264490e+00   2.2854622e-01
   1.0000000e+00   4.7180469e-02   1.0342918e-03   2.9308207e-01   4.0031208e-01   1.6444473e-01   7.6594685e-01
   2.0000000e+00   2.1239747e-01   8.9271918e-01   1.1355519e-01  -1.2136542e+00   8.9443824e-01   1.3727997e+00
   2.0000000e+00   5.9515211e-02   8.1414286e-01  -1.6727798e+00   1.4706765e+00  -5.6903166e-01  -5.7306959e-01
   2.0000000e+00   1.7140521e+00  -6.4095684e-01   6.7474817e-01  -1.9771072e+00   1.0501304e+00  -1.2312080e+00
   2.0000000e+00  -7.7174158e-01  -1.1369676e+00   2.7164887e-01  -3.4977393e-01   1.1799462e-01  -1.4310051e-01
   2.0000000e+00  -2.0031081e-01   1.1680477e-01   1.4232645e-01   1.1474060e+00  -4.8744374e-01  -7.3367838e-01
   1.0000000e+00  -9.8282882e-03  -1.8909633e+00   1.3831394e-01  -3.1803527e-01  -8.7635346e-01   1.8882890e-01
   2.0000000e+00   5.3737031e-01  -6.0224182e-01  -2.1732788e+00   1.3901689e+00  -3.1138306e+00   4.2233743e-01
   2.0000000e+00   6.5583409e-01  -1.7581029e+00   4.0518850e-01  -2.9374136e-01  -3.1161457e-02  -1.4453501e+00
   2.0000000e+00   8.5842888e-01  -8.2682871e-02   1.2597836e-01   1.0398508e+00   3.7308027e-01  -3.9578939e-01
   2.0000000e+00   1.9600451e+00  -1.1736764e+00  -9.1585878e-01   6.4672952e-01  -1.7102203e+00   5.8992170e-01
   1.0000000e+00  -2.9809061e-01  -1.2483393e-01  -9.1090032e-03  -2.6230650e-01  -4.1619151e-01   2.1259945e-01
   2.0000000e+00  -6.3161563e-04   1.5204503e+00   2.5174352e-01  -7.1875548e-01   1.1286582e+00  -8.5006113e-01
   2.0000000e+00   8.8562250e-01   1.4386773e+00   1.6671086e+00   5.0639968e-01  -1.7002477e+00  -1.8282928e-01
   2.0000000e+00   9.5313670e-01  -1.4278944e+00  -1.2537744e-02   1.1916981e-01  -5.0509160e-01  -1.7454443e+00
   2.0000000e+00  -7.7433340e-01   3.8506273e-02  -9.4448767e-01  -3.0919974e+00   1.0985634e+00  -1.1233467e+00
   2.0000000e+00  -1.5808916e+00   2.1983992e-01  -7.5163101e-01   3.0419989e-01  -3.4886298e-01  -1.4767059e+00
   2.0000000e+00  -9.6267808e-01  -2.4856870e-01  -5.7807534e-01   9.8328059e-02   1.2555434e+00  -7.7274367e-01
   2.0000000e+00   1.4414154e+00   4.0065090e-01  -1.3559724e+00  -4.1769748e-01  -1.7714696e+00  -1.0465714e+00
   1.0000000e+00   7.9025429e-01  -1.0690660e-02  -3.4596294e-01   2.9328285e+00   2.1343021e+00   5.8115315e-01
   2.0000000e+00  -9.0428737e-01   7.7325023e-01  -1.6533260e+00  -1.1983652e+00   1.8260843e+00  -6.1836007e-01
   2.0000000e+00  -1.2403210e+00  -5.1940677e-01   7.1584115e-01   1.1777896e+00  -6.0405886e-01   1.4108196e+00
   1.0000000e+00  -1.5286086e+00   3.0871357e-01  -4.2253081e-02  -1.1133655e+00  -8.4486701e-01   1.7138771e-01
   2.0000000e+00  -8.3580785e-01  -7.0114916e-01  -1.6361647e+00  -7.6283817e-02   3.1717915e-01  -3.9580780e-01
   2.0000000e+00  -7.4240385e-01   6.3884279e-01  -3.0363647e-01   8.2700024e-01  -7.4865309e-01  -1.7556694e-02
   2.0000000e+00   1.0115650e+00  -4.4541311e-01   3.6777672e-01  -2.7729445e-01   1.6142881e+00  -6.6952967e-01
   2.0000000e+00   1.2956880e+00   5.6928366e-01  -7.7523699e-01  -1.7501933e+00   6.7241600e-01  -1.5643601e+00
   2.0000000e+00  -4.7044290e-01  -4.0631559e-01   1.8669471e+00  -6.3697515e-01  -6.2423087e-01   1.2619112e+00
   2.0000000e+00  -7.0362376e-01  -1.0097321e+00   1.9283231e+00   7.5359625e-01   1.8641363e+00  -4.6995545e-01
   2.0000000e+00   1.9812744e-01   9.2780118e-01   6.6412296e-01   3.1495029e+00  -9.2408912e-01  -1.0253388e+00
   1.0000000e+00   3.0214267e-01  -1.2202846e+00   2.6847344e-01   1.3751123e+00   5.5779848e-01   6.6555690e-01
   2.0000000e+00  -1.2780198e+00  -1.4274905e+00   9.3110540e-01   1.9708450e+00  -3.1988202e-01   7.4475699e-01
   2.0000000e+00   8.3320908e-01  -6.0589594e-01   1.0768711e+00   1.0843700e-01   9.4216175e-01  -1.1542056e-02
   2.0000000e+00  -1.1636741e+00  -1.7903573e-01   3.9143596e-01  -8.6917906e-01  -3.5328569e-01  -6.9991307e-04
   2.0000000e+00   1.5098800e+00  -1.1580451e+00   4.7002615e-01  -1.2121795e-01   9.9545069e-01  -1.5085142e+00
   2.0000000e+00   8.3078042e-01  -2.7618898e-01   1.3038931e+00   7.8142215e-01  -5.3924821e-01  -5.4300518e-01
   2.0000000e+00  -6.8007754e-01  -4.6360216e-01  -2.3014212e+00  -5.2828041e-02   6.7721174e-02  -1.1927907e+00
   1.0000000e+00  -5.9805168e-01   2.2662704e-01   2.3813363e-01   5.3724596e-01   3.5042342e-01   1.7858275e-01
   2.0000000e+00  -8.5906890e-01   1.1229395e+00  -8.2519933e-01  -9.0660700e-01   1.2118539e+00  -1.6594761e+00
   2.0000000e+00  -1.7363943e+00   6.6962720e-01   7.5453972e-01   7.7479505e-01   1.5584702e-02  -6.5091930e-01
   2.0000000e+00   1.6363492e+00   7.6908782e-01  -1.2097933e+00   1.0103540e+00  -1.0120037e+00   1.5236879e+00
   2.0000000e+00   1.5568408e+00   5.4079275e-01  -1.1913294e+00  -2.4508757e+00   1.6960170e+00   1.1300967e+00
   2.0000000e+00  -5.0061341e-01   9.6201528e-01  -1.5249356e+00   1.4879443e+00   6.6991708e-01   1.0506368e+00
   2.0000000e+00  -7.1581720e-02  -9.0858780e-01  -1.1467211e-01   3.2112722e-02   6.1148616e-01  -1.7100515e+00
   2.0000000e+00   2.1656007e+00  -6.4224635e-01  -5.0930842e-02   1.7507637e+00   2.0865528e-01   3.6770062e-01
   1.0000000e+00  -1.1019861e-01   2.6715262e-02   3.3287027e-01  -1.9135552e-01  -4.2961279e-01   3.6956817e-01
   2.0000000e+00  -4.2874984e-01  -1.1888212e+00   7.6696409e-01  -6.0258219e-01   1.9581749e+00  -1.3717572e+00
   2.0000000e+00  -8.4943901e-01   1.6476751e+00  -2.0568083e+00  -6.0031887e-01   2.2138355e-01   8.8342199e-02
   2.0000000e+00  -4.5899388e-01  -6.8413767e-01   1.5681765e-01  -1.1589332e+00   8.2230525e-01  -4.0912274e-01
   2.0000000e+00   8.4735895e-01   9.4217106e-01   2.0381218e+00   2.3038439e-01  -1.4264563e-02  -5.1220069e-01
   2.0000000e+00  -1.1425987e+00  -7.5916730e-01   1.0663018e+00   4.0836082e-01   8.7722845e-01  -2.3467844e-01
   2.0000000e+00  -1.1535779e+00   2.2462792e-01   8.6002238e-01  -1.3356807e+00   5.2399680e-01  -6.7969713e-01
   2.0000000e+00   4.7409517e-01   5.4004420e-01   1.9610651e+00   2.5990998e-01   1.1560817e+00  -2.4509980e+00
   1.0000000e+00   1.2768804e+00   2.1383231e+00  -5.2120068e-01   1.7841968e+00  -2.3813521e-01   6.6863148e-01
   1.0000000e+00  -6.3678155e-02   9.8296759e-01   4.0215004e-01   1.4731088e+00  -8.1530655e-01   1.4289281e-01
   2.0000000e+00   1.3095196e+00  -4.0308430e-01   2.9693531e-01   1.2989550e+00   9.7636243e-01  -3.3779280e-01
   1.0000000e+00  -9.0471049e-01  -1.0952788e+00  -7.7567502e-02  -1.0827395e+00  -5.3176334e-01   2.9926524e-02
   2.0000000e+00   1.2489072e+00   3.0796607e-02  -7.5068157e-01  -2.2122255e-01  -3.2155243e-01  -4.0573018e-01
   2.0000000e+00   2.5430236e-01  -5.3509636e-01  -1.3005704e+00  -5.3291946e-01  -6.8626460e-01   6.6171217e-01
   2.0000000e+00  -1.0504657e+00  -6.8257633e-01  -7.1923075e-01   3.6649590e-01  -1.4284467e-01  -8.5219724e-01
   2.0000000e+00  -5.8326820e-01  -6.4606604e-01  -4.1272915e-01  -2.4509241e+00   6.9060449e-01  -5.6640957e-01
   1.0000000e+00  -1.1259112e+00   1.8915313e+00   2.2573446e-01   8.6971792e-01  -1.1588481e+00   7.8910333e-02
   1.0000000e+00  -4.9950508e-01  -1.7217208e+00  -1.2521583e-01   3.6917403e-01  -9.8583865e-01   5.4353017e-01
   2.0000000e+00   5.5564561e-01  -6.5919550e-01   1.9658614e+00   3.8731349e-01   9.1123245e-01   5.7267227e-02
   1.0000000e+00   6.9737032e-01   4.3473034e-01  -3.5452418e-01  -1.1221914e+00  -5.9502233e-01   5.7525261e-01
   1.0000000e+00  -3.5733755e-01   1.2289839e+00  -1.1038461e-01   9.7256505e-01  -3.9095298e-01   8.4630401e-01
   2.0000000e+00   1.1869084e+00  -4.8023652e-02  -2.6775178e+00  -7.3871875e-01  -1.9826477e-02  -1.2629189e+00
   2.0000000e+00   7.5235141e-01   1.3263455e-01   1.0543278e+00   2.1626619e-02   3.6162616e-01  -1.8083630e-01
   1.0000000e+00   3.4765732e-01   1.7253289e+00   1.5732233e-01   4.6176256e-01   2.4436028e-01   6.1017147e-01
   2.0000000e+00  -3.8849524e-01   7.7987425e-03  -2.4874265e-01  -9.1743117e-01  -8.4065479e-01  -2.3852998e+00
   2.0000000e+00   5.0533719e-03  -5.7116666e-01  -1.1724528e+00   9.5674172e-02  -6.8481211e-01   7.3539958e-01
   2.0000000e+00  -2.0606349e-01   1.4451868e+00  -2.2575497e+00   5.7780500e-01  -1.3113168e-01  -3.7748748e-02
   1.0000000e+00  -5.8851938e-01   6.9682415e-01   2.5861524e-01  -1.6435897e+00  -9.1864115e-02   2.6358703e-03
   2.0000000e+00  -9.7606510e-02  -1.9545235e+00   1.4286313e+00   6.2939052e-01   5.3013995e-01  -1.4533109e+00
   2.0000000e+00   5.6212134e-02  -1.4410476e+00   2.0037116e-01  -1.8553281e+00  -8.0410037e-01  -3.4194843e-01
   2.0000000e+00   1.7322316e+00  -1.1157654e+00   1.5581007e+00  -8.4050451e-01   5.7724525e-01   1.7492597e-02
   2.0000000e+00   1.4861901e+00   1.4569372e-01   1.1600477e+00   5.8937721e-01  -1.4426185e+00   3.8876162e-01
   2.0000000e+00  -7.3409698e-01   1.9371613e-01  -1.1951765e+00   1.2731647e+00   3.7136630e-01  -2.4100893e+00
   2.0000000e+00  -1.3113253e+00   6.8863737e-01   1.2939115e+00   1.0056299e+00  -2.1734965e+00   1.4009431e+00
   2.0000000e+00   6.4832714e-01   1.7243171e+00   1.2843491e+00  -9.7119280e-01  -1.3552281e+00  -1.6822652e+00
   2.0000000e+00   9.2020682e-01   5.7394516e-01   6.5642733e-01  -1.6330375e-02   5.0552274e-02  -6.6473614e-01
   2.0000000e+00   7.7569235e-02  -9.0940518e-01   1.8492766e+00  -1.0226922e-01  -9.0511648e-02  -1.7684404e-01
   2.0000000e+00   2.5039873e-01  -7.7460741e-01   2.0861980e+00   2.7947717e-01   1.2577611e+00   2.2990230e-01
   2.0000000e+00  -1.5900862e-01   1.1062747e+00   6.7832915e-02  -5.1726220e-03   7.7431214e-01  -6.9679232e-01
   2.0000000e+00   1.0940562e+00  -1.5207209e-01   2.1438713e+00  -7.7190994e-01   7.4500187e-01   7.4930883e-01
   2.0000000e+00  -1.8315207e+00  -1.1249896e+00  -2.8381275e-01   6.8876907e-02   2.5331807e-01   1.3213254e+00
   2.0000000e+00  -1.3371268e+00   1.1996345e+00   5.4527722e-01   7.8795536e-02   2.1449123e-02  -6.1829661e-01
   2.0000000e+00   1.5254498e+00  -1.9617232e+00   8.4833197e-02   6.3279459e-01  -1.1961213e+00  -1.4713676e+00
   2.0000000e+00   1.3704945e-01   2.4446723e+00  -4.7322672e-01  -2.7143864e-01   6.9779461e-01  -1.8123306e-02
   2.0000000e+00   1.5208566e-01  -9.4973158e-02   2.5712130e-01   1.7592945e+00   2.7576244e+00  -2.8381389e-01
   2.0000000e+00  -6.5444938e-01  -4.6396987e-01   6.2455019e-01   3.7261340e+00   1.4566581e-01  -2.3445722e-01
   1.0000000e+00   2.6040465e-01  -2.6219348e-01   6.9744770e-01   8.6922709e-03   1.4439205e+00   6.9129370e-01
   1.0000000e+00  -1.3030300e+00  -2.2995538e+00  -4.0623104e-01  -3.2156346e-01  -5.9832195e-01   1.5146157e-02
   2.0000000e+00  -5.9344016e-01   2.2475150e-01  -1.9183353e+00  -9.9342186e-02  -1.1886858e+00   1.0786233e+00
   2.0000000e+00  -6.6987956e-01   2.5264550e+00   8.5303617e-01   1.2115385e+00   1.7599088e+00  -1.0920993e+00
   2.0000000e+00   1.1261478e-01  -1.7269379e+00   2.3215906e-01  -7.0976512e-01   3.8681664e-01  -1.5365064e+00
   2.0000000e+00  -3.8250257e-01   1.4488829e-04   1.0355341e+00   6.9142888e-01   1.2594431e+00   4.9398886e-02
   2.0000000e+00  -7.5174791e-01  -8.7552858e-01  -1.0861914e+00   2.0255188e-01   2.1392366e-01   9.8038331e-01
   2.0000000e+00  -1.4054448e+00   1.4208133e-01  -7.1200957e-01  -1.4075300e+00   1.7700923e+00  -9.8270876e-01
   2.0000000e+00   2.0174728e+00  -2.0548832e+00   4.7244706e-01  -1.4558795e+00  -2.4644679e-01  -5.3955357e-01
   2.0000000e+00   7.6496355e-01   3.2115909e-01   1.4816423e+00   3.2371793e-01  -2.1877756e+00  -5.5728035e-01
   1.0000000e+00   5.5873342e-01  -9.2618442e-01  -2.6026118e-01   1.2167078e+00   3.8378569e-01   2.3255491e-02
   2.0000000e+00   4.4859761e-01  -4.9365193e-01  -1.5275642e+00  -5.3760177e-01  -1.0997382e-01  -8.3127454e-01
   2.0000000e+00   2.0823060e-01   1.5365821e+00  -1.5099031e-01   3.5603820e-01   6.6490764e-01  -2.6205601e+00
   1.0000000e+00   2.2957739e-01  -7.4250886e-01   1.3616072e-02   1.9292900e+00   6.9253668e-01   6.7625258e-01
   2.0000000e+00  -8.5340185e-01  -7.1007332e-01   1.4227413e+00  -1.5261015e+00   3.3452025e-01  -1.1634675e+00
   2.0000000e+00  -1.4048961e+00  -4.4572942e-01   6.6162239e-01  -6.1347192e-01   6.9681489e-01  -3.5785425e-01
   2.0000000e+00   6.3848098e-01   4.4751525e-01  -1.6572661e+00   3.4200343e-01   3.5680966e-01  -1.1618588e-01
   1.0000000e+00   5.6724989e-01   1.1442960e+00  -6.1476212e-01  -1.1495341e+00  -7.1631177e-01   4.5002673e-01
   2.0000000e+00  -2.8120393e-01   5.7123566e-01   1.1729842e+00  -5.3488594e-01   1.7634398e+00  -5.1417150e-01
   2.0000000e+00  -9.6724922e-01  -3.9846615e-01  -7.3520218e-01   1.2514660e+00   1.0860745e-01   2.1492866e+00
   2.0000000e+00  -7.4018081e-01  -3.3682410e-01  -1.1967268e+00   1.4203600e+00   1.1623092e+00   1.4938158e+00
   2.0000000e+00   5.0693248e-01   4.6003231e-01   1.1472667e+00  -7.1897376e-01  -8.6804136e-01  -1.9178878e+00
   2.0000000e+00  -7.2562997e-02  -3.3957906e-02  -1.0715727e-01   1.5144450e-01   6.4548160e-01  -8.5105484e-01
   2.0000000e+00   7.5942371e-01  -6.2756650e-01  -1.0066586e+00   5.1661846e-01   1.2525388e+00   1.1355556e+00
   1.0000000e+00   1.4143491e+00   4.4698177e-01  -6.1953610e-01   8.5309046e-01   1.1938807e+00   2.6685653e-01
   1.0000000e+00  -7.6181450e-01  -1.1392559e+00  -4.4777165e-01  -1.2014641e+00   3.7012886e-01   3.9619379e-01
   2.0000000e+00   3.7913426e-01   7.3417975e-01  -1.6638703e-02   1.4886861e+00  -2.0994107e+00  -9.2874726e-01
   1.0000000e+00   7.8443955e-01   1.5412391e+00  -5.0475462e-01  -9.4037424e-01   1.3362475e-01   8.3055192e-01
   2.0000000e+00  -1.6858756e-01   1.6504214e+00   1.1448940e+00   7.9511823e-01   3.6301577e-01   5.5665714e-01
   2.0000000e+00   6.1673545e-01   6.2501867e-01   8.2796627e-01   3.7112593e-01  -1.8621310e+00   6.5964450e-01
   2.0000000e+00   1.8569980e+00   2.5719406e+00  -6.0880292e-01  -1.2180213e+00   5.2025811e-01  -1.1270882e+00
   2.0000000e+00   1.3044425e-01   6.9790890e-01  -2.2349609e+00  -1.9778130e-01   2.9820029e-01  -1.2835361e+00
   2.0000000e+00   4.1803885e-02  -6.9105962e-01  -1.8142836e+00  -4.2455263e-01  -1.2918468e+00   6.2086048e-01
   2.0000000e+00   3.6733941e+00  -2.9832968e+00   1.2799870e+00   1.2965314e+00  -1.2561760e+00   6.9881350e-01
   2.0000000e+00  -1.7833349e+00   1.6835439e-01  -1.0880952e+00  -6.2678408e-01  -1.1421870e+00   6.8749757e-01
   2.0000000e+00  -9.7598370e-01   1.6499882e+00   2.2751543e+00   3.0448492e-01   8.9190018e-01   4.3695795e-01
   2.0000000e+00  -5.8924360e-01  -2.9089250e+00   1.4090121e+00  -1.1103779e+00   4.3699120e-02  -3.2095338e-01
   2.0000000e+00   1.0412006e+00   1.9402043e+00   3.1544123e-01  -8.7735538e-01  -1.9223920e+00  -3.3014055e-01
   2.0000000e+00  -6.1183575e-01  -9.1947323e-01   6.9277095e-01   5.3458615e-02  -1.6168654e+00  -1.3159186e-01
   2.0000000e+00   2.3229344e-01  -2.5290497e-01  -1.7046650e-02  -1.0824132e+00   1.0199436e+00  -2.7012913e-01
   2.0000000e+00   1.1756282e+00   5.9475144e-01  -6.7053950e-02  -1.0994629e+00   1.1082645e+00   1.4239523e+00
   1.0000000e+00   5.5624078e-01   1.0508555e+00   3.2619579e-01   1.9966680e-01  -4.6489271e-01   4.6111663e-01
   1.0000000e+00  -2.2138362e-01   1.1819234e+00  -3.1679579e-01   8.7808378e-01   1.7706906e-01   4.1348831e-01
   2.0000000e+00   1.5720585e+00  -1.3115725e+00   9.4573085e-01  -5.4118676e-01  -3.8602170e-02   1.1274133e+00
   2.0000000e+00  -9.4058278e-01   1.5600754e-01  -1.1458955e+00  -9.7894606e-02   3.5926395e-01  -1.7831625e+00
   2.0000000e+00  -7.7842266e-02  -5.1639529e-01  -1.6974398e+00  -1.9691370e-01  -2.5017357e-01   8.2184953e-01
   1.0000000e+00   5.1734524e-01  -7.8607260e-01   2.6299641e-01   7.9481715e-01  -6.6708602e-01   6.3803752e-01
   1.0000000e+00  -3.3303214e-02  -3.3025111e-01  -5.4928124e-01  -2.6138793e+00  -1.2173366e-01   1.1915401e-01
   1.0000000e+00  -3.0686569e-01   5.7464018e-01   5.0160401e-01   2.3117948e-01   4.8442227e-02   5.3730127e-01
   2.0000000e+00   7.8034481e-01  -1.1602177e+00  -6.6053211e-01   1.1413922e+00  -2.2446134e-01  -1.0361272e+00
   2.0000000e+00  -8.4878651e-02  -9.7560207e-02  -3.8348861e-01  -5.8430887e-01  -6.2199858e-02   1.9803370e+00
   2.0000000e+00  -2.7659925e-01  -4.0170055e-01   1.1523331e+00  -1.6742791e+00  -2.6505086e-01  -5.6817810e-01
   2.0000000e+00   9.8864209e-01   7.0746616e-01  -1.8886673e+00   6.9299471e-01   2.7398787e-01  -1.1034720e+00
   1.0000000e+00  -1.0639006e-01   7.3828427e-03  -6.4922981e-01   2.1773282e+00   3.9284592e-01   2.8566581e-01
   2.0000000e+00   1.3983443e+00  -2.4341804e-01   9.7172121e-02  -6.8870391e-01   6.7480334e-01  -8.0463461e-01
   2.0000000e+00   5.3795930e-02  -1.6104842e+00  -1.6232629e-01  -1.6516345e+00   1.1583538e+00  -8.1566137e-01
   1.0000000e+00   9.8014898e-01   5.3191935e-01   5.9448591e-01  -6.9552612e-01  -1.2153475e+00   7.0489108e-01
   2.0000000e+00   7.4591672e-01  -1.8895178e+00  -1.0511655e+00   8.8120843e-02   1.1510882e+00  -1.6989377e+00
   1.0000000e+00  -1.0391239e-01   1.6865290e+00  -1.8682430e-01  -1.9419679e+00   1.0074716e-01   7.2876350e-03
   1.0000000e+00   7.2105014e-02   7.4977791e-01   1.7826526e-01  -3.5493124e-01   1.9520078e+00   8.6508883e-02
   2.0000000e+00   5.0297346e-01  -8.8397445e-01  -2.4602452e-01  -5.2512532e-01  -1.2427770e+00  -4.1768438e-01
   2.0000000e+00  -1.6393195e-01  -2.3060096e+00   1.3729618e+00  -1.1704418e+00  -6.7789259e-01  -1.3322634e+00
   2.0000000e+00  -1.0863345e+00   2.2749166e-01   6.5836871e-01  -2.1471307e+00  -1.9644455e-01   3.4177708e+00
   2.0000000e+00   2.2352811e-02  -1.0141679e+00   1.7379330e+00  -1.8644797e+00   1.0629623e+00   6.4987370e-01
   2.0000000e+00  -1.1439705e+00   2.3866602e+00   2.5011786e+00  -9.3766129e-02   1.3867716e+00   2.6102379e+00
   1.0000000e+00  -6.6958037e-01  -6.4310636e-01   2.6766828e-02  -6.4338867e-01  -3.7038362e-01   4.7931254e-01
   2.0000000e+00  -4.1442504e-01   1.2644120e+00  -1.0308924e+00  -1.1517413e+00  -5.7877116e-02  -5.0685074e-01
   1.0000000e+00   4.1056800e-03  -1.0414916e+00  -2.9751253e-01   5.0016417e-01   1.5317390e+00   3.1052372e-01
   1.0000000e+00  -3.2980996e-01   1.8047478e-01   4.1034254e-01  -9.0178729e-01   4.3768340e-01   3.8826065e-01
   2.0000000e+00  -5.5558406e-01  -5.8536440e-01   5.6233218e-02   2.2388689e+00   2.0780607e+00  -2.1793038e+00
   2.0000000e+00   7.3463837e-01  -4.9084381e-01  -1.4346151e+00   2.7980965e+00  -1.3693907e+00  -5.1829824e-01
   1.0000000e+00  -9.6681490e-01   2.2381373e-01   8.0300483e-01   1.2121852e+00   1.4181589e+00   4.1168554e-01
   2.0000000e+00   7.9451277e-01  -1.1284513e+00  -1.1219945e+00  -1.6766698e+00   8.4380233e-01  -7.2541877e-01
   1.0000000e+00   9.9816796e-01   1.2565196e+00   1.3861217e-02   2.5227653e-01   1.7008271e+00   1.6775717e-01
   2.0000000e+00  -2.6677949e-01  -8.7515388e-01  -8.3323961e-01   1.2620582e+00   1.6555821e+00  -5.9772246e-01
   2.0000000e+00  -8.9396508e-01  -2.1367054e+00   1.2349068e+00  -1.1974533e+00   1.7652547e+00   5.8361507e-01
   2.0000000e+00   6.3856753e-01   7.0080074e-02   2.7195488e-02   2.2197451e+00   2.6966125e-01  -8.4076256e-01
   2.0000000e+00   2.3311869e+00   6.5984546e-01   2.5976073e+00   3.3501653e-01   5.8828514e-01  -1.4402166e+00
   2.0000000e+00   1.1602747e-01   1.0969053e+00  -6.7968161e-01   1.1429235e+00  -7.0913464e-01  -1.6900603e-01
   2.0000000e+00  -1.5511941e+00  -8.5347903e-01  -6.4395776e-01  -5.1853545e-02  -8.8830609e-01  -6.3231722e-01
   2.0000000e+00  -1.5224042e+00  -1.1053840e-01  -3.6453764e-01  -1.5025452e+00   1.0316708e-01   1.1217193e+00
   1.0000000e+00  -4.2396393e-01   1.6932334e+00  -7.1746524e-01   1.6322482e-01  -1.0404629e+00   2.0389917e-01
   2.0000000e+00   4.9870796e-02  -1.1121428e-02   5.0804203e-01  -8.0889341e-01   6.6016640e-01  -1.1587206e+00
   2.0000000e+00  -2.1694210e+00  -2.0131270e+00   3.1954941e-01  -1.0737544e+00  -2.3112666e+00   4.7025886e-01
   1.0000000e+00  -1.4387999e+00  -8.2670645e-01   2.5820591e-01  -2.0373977e-01  -7.0561284e-02   4.9589705e-01
   2.0000000e+00   1.2959400e+00  -1.3543375e+00  -1.0330812e+00  -2.6960772e+00  -1.2016153e+00  -1.6751445e+00
   2.0000000e+00   2.1055175e+00   4.7946360e-01   8.7983353e-01  -4.9031205e-01   1.5934419e+00  -1.5210278e+00
   2.0000000e+00   7.0879121e-01  -6.6259054e-01   7.8728977e-02  -1.1436781e+00   7.7520840e-01  -7.0710659e-01
   2.0000000e+00  -3.1733289e-01  -1.7196082e+00   1.1696465e+00  -1.8507473e+00   1.2627471e+00   8.8672757e-01
   2.0000000e+00  -3.7133927e-01   3.2750225e-01   9.7284816e-01   8.0597048e-01   2.4067227e-01  -1.2425846e+00
   2.0000000e+00  -4.2313837e-01  -5.0030215e-01  -3.3595460e-01  -2.9728837e-01  -1.1227849e+00  -5.3903773e-01
   1.0000000e+00   3.4896415e-01   2.4760251e+00  -8.0341437e-01   1.5286719e-01  -9.6148034e-01   5.6595506e-01
   2.0000000e+00  -7.3777552e-01   7.4935539e-01  -1.6836535e+00   7.2892390e-02  -2.9199549e-02  -8.1846643e-01
   2.0000000e+00   1.5282777e-01   6.8970656e-02   1.7620091e+00  -1.1461051e+00  -1.4367011e+00  -4.0785321e-01
   2.0000000e+00   8.4461889e-01   1.6400054e+00  -1.2598557e+00  -8.0076457e-01   4.2180011e-02   1.0032806e+00
   1.0000000e+00   1.4696616e-01   1.1127583e+00  -4.0173521e-01   1.3765421e+00   1.0959622e-01   5.9944673e-01
   2.0000000e+00   2.0759335e-01   1.0821013e-01  -1.5667602e+00   1.3083977e-01  -9.1949456e-01   6.7434270e-01
   1.0000000e+00  -1.3426744e+00   7.2586947e-01   1.8539594e-01  -4.9253825e-01   7.9206287e-01   3.3896008e-01
   2.0000000e+00   1.1601364e+00   1.4532665e+00  -1.0699105e-02  -3.8434487e-01   4.6313448e-02  -2.4744035e+00
   1.0000000e+00   1.4259329e+00   1.4580485e+00  -4.1843774e-01  -7.7369179e-01  -5.3293320e-01   1.1678449e-01
   2.0000000e+00   1.0007910e+00   3.6520891e-01  -1.1580814e+00  -1.0034976e-01   3.9164146e-01   1.7614562e+00
   1.0000000e+00   4.3033309e-01   8.6429563e-01  -4.0313281e-01   2.1689232e-01  -1.1788726e-01   8.0407839e-01
   1.0000000e+00   8.0805901e-01   2.3728277e+00   5.7453813e-01  -3.2661631e-01   6.9295563e-03   8.1913539e-02
   1.0000000e+00   1.9727253e+00  -8.0967021e-01  -5.3720820e-01   1.5693754e+00  -3.2267030e-01   1.8393325e-01
   2.0000000e+00  -1.7678191e+00   2.1499644e-01   1.0037256e+00   1.2182658e+00   9.6003755e-01  -3.9669830e-01
   2.0000000e+00   9.5281662e-01   6.3694024e-01   9.2040387e-01   5.9246663e-01  -2.3923652e-01  -7.2993208e-01
   2.0000000e+00  -1.1491749e+00  -1.8338932e-01  -3.3522502e-01   1.2836391e+00  -1.2737075e+00  -9.3068472e-01
   2.0000000e+00  -2.7754983e-01  -1.5317670e+00   8.0450981e-01  -5.2541102e-01   4.8130518e-01  -1.2804661e+00
   2.0000000e+00  -2.5030434e-01   6.0506657e-01   9.8814780e-01  -8.6087981e-01  -1.0677357e+00   4.4157179e-01
   2.0000000e+00   1.6124002e-02   5.3019128e-01  -1.9674312e+00   2.1726202e+00  -1.8780759e+00   2.2994452e+00
   2.0000000e+00  -1.4226449e+00   1.5977570e+00  -3.9369553e-01  -9.7181266e-01  -3.8292848e-01  -3.3526122e+00
   1.0000000e+00  -9.6828659e-01  -1.2032835e+00   5.2845700e-01  -4.0521011e-01   1.5356102e+00   8.4882316e-01
   2.0000000e+00  -1.5173034e+00   4.7143068e-01   2.6992136e+00   1.8512296e+00  -8.4261497e-01  -2.5327581e-02
   2.0000000e+00   9.1775759e-01   4.4585433e-01   1.4058901e-01  -7.5371571e-01   1.2280322e+00  -7.3308199e-01
   2.0000000e+00  -2.3088147e+00  -9.3922353e-01  -4.4058767e-01  -7.0047532e-01   4.9638031e-01   9.3676889e-01
   2.0000000e+00  -2.8985000e-01  -2.9904657e-02  -1.4569921e+00   5.4480979e-01  -6.8840731e-02   1.1992286e+00
   2.0000000e+00   4.2218997e-01  -2.0480386e+00  -2.5555599e-01   6.9290080e-01   7.1333786e-01  -6.1758174e-01
   2.0000000e+00  -7.9200532e-01   1.3233836e+00   4.9404916e-01   4.7475574e-01   4.9334394e-01   2.0035290e+00
   2.0000000e+00   1.1400331e+00  -4.4481525e-02   4.8985519e-01   7.8233464e-01  -4.4179408e-01   1.8262188e+00
   2.0000000e+00  -2.6033844e-01  -1.0705636e-01   9.7918081e-02   7.8548672e-01  -1.1069372e+00   1.7436100e+00
   2.0000000e+00  -6.6301907e-01   8.0481209e-02   1.1118707e+00   6.7880559e-01   2.7024130e-01   1.1492656e+00
   2.0000000e+00  -4.4162731e-01   3.8605732e-01   2.4579846e+00   4.9614541e-01   1.9538347e+00   7.3308195e-01
   2.0000000e+00   1.3109062e+00  -1.2425949e-02   2.2710057e+00   4.8609633e-01   5.7058137e-01   1.7597089e+00
   2.0000000e+00   1.1817330e+00  -2.9544285e-01  -1.9450241e+00  -8.7651950e-01   3.1604086e-01  -3.0840588e-01
   2.0000000e+00  -1.5108862e+00  -2.8027928e-01   2.5968342e+00  -8.9721579e-01  -4.3482985e-02   3.8904564e-01
   2.0000000e+00   3.8689390e-01  -2.8570506e-02  -1.4693152e-02   8.0728259e-01   1.3183771e+00   1.1618015e+00
   2.0000000e+00   7.9781991e-01   9.2860784e-01  -5.2871934e-01   1.5339536e+00  -5.3924950e-02  -2.3500044e+00
   2.0000000e+00   1.3132812e+00   8.3582348e-02  -2.0196336e-01   8.0013223e-01   3.2482571e-02   1.5635066e+00
   2.0000000e+00   3.9680456e-01  -5.9952371e-01   6.4225647e-03   6.3051290e-02   2.1471393e-01  -8.0783907e-01
   1.0000000e+00   2.6453220e-01  -2.6168870e+00  -2.6348050e-01  -4.6061857e-01   7.3238936e-01   9.1797394e-01
   2.0000000e+00   5.6753991e-01   4.4264572e-02   4.0768434e-01   1.8661061e+00  -1.0461658e+00  -2.9815550e+00
   2.0000000e+00  -3.5286242e-01  -8.3631086e-01  -2.7572948e-01  -3.5834642e-02   5.6625222e-01  -1.5484108e+00
   2.0000000e+00   4.1795474e-01  -1.8248745e-01   9.3445061e-01   2.7993839e-01  -5.9052799e-01   1.3372354e+00
   2.0000000e+00  -1.6213339e+00   1.1823516e+00  -1.3808470e+00   1.0093488e+00   7.3312369e-01  -9.9973621e-01
   2.0000000e+00   2.3330448e-02  -1.0722586e-01  -4.1846728e-01  -1.7674425e+00  -1.9760580e-01  -8.3799493e-01
   2.0000000e+00   4.3878915e-01  -2.2647132e-01   9.1614655e-01   1.7010535e+00   3.3615726e-02  -2.7178389e-01
   2.0000000e+00  -4.9220677e-01   1.3754648e+00  -2.7333694e-01  -6.0079160e-01   1.1724611e-01  -5.0857146e-02
   2.0000000e+00  -7.8890720e-01   2.1043432e+00  -1.1199161e+00   1.2532284e+00  -3.9854648e-01   5.6192509e-01
   2.0000000e+00   6.0551603e-01   1.4686545e+00   1.1200761e+00  -5.3567526e-01  -1.8799716e+00  -2.0244217e+00
   1.0000000e+00   1.1035000e+00   5.1208981e-01   1.7573521e-01  -8.7732216e-02   4.6111197e-01   2.8694115e-01
   2.0000000e+00   4.7328903e-01   3.9268801e-01  -4.8784502e-01   7.4432056e-01   1.3121221e+00  -6.9810656e-01
   2.0000000e+00  -9.4467943e-01  -4.2954287e-01  -1.6767042e+00  -1.0295635e-01  -1.5594420e+00   4.0305128e-02
   2.0000000e+00   1.5403426e+00   7.8070974e-01  -1.2926816e-01  -2.4227912e-01   4.5596009e-01  -6.0970782e-01
   2.0000000e+00  -2.6695073e-01   9.8509636e-02  -2.7810570e-02   1.0080675e+00  -1.0392797e+00  -9.4219548e-01
   2.0000000e+00  -5.8108965e-01   8.1272517e-01  -2.9776478e-01  -1.4118468e+00   6.8466355e-01  -8.2672046e-01
   2.0000000e+00   6.9837517e-03   5.4757001e-01   2.3610658e-01   3.2878197e-01   1.4582799e+00  -8.1889949e-01
   2.0000000e+00   1.4270516e+00   1.9040222e-01   3.5536548e-01  -7.0215710e-01   3.7705601e-02  -1.7540103e+00
   2.0000000e+00   9.8276979e-02  -1.2244866e+00  -1.3228773e+00   3.8475396e-01  -6.0901070e-01  -3.1451013e-01
   2.0000000e+00   2.7310127e+00  -1.7017307e+00  -1.4670306e+00   7.6737775e-01   1.1548974e+00  -1.3448874e+00
   2.0000000e+00  -4.4337481e-01  -1.2863552e+00   1.5702683e+00   8.7423613e-01   8.2611752e-02   6.4997358e-01
   2.0000000e+00   1.7429592e-01   1.4670585e-01   1.5265503e+00   5.7542355e-01  -5.4878127e-01   3.9069179e-01
   1.0000000e+00  -9.7568922e-01   1.2257234e+00   6.5875324e-02  -1.0187127e+00  -9.7537915e-01   3.1306360e-01
   2.0000000e+00  -1.1047502e+00  -1.3034343e-01   1.0460550e+00   1.0308220e+00   3.5559693e-02  -1.5792543e+00
   2.0000000e+00   8.5154650e-02   9.3072373e-01  -8.7794213e-01  -6.5897252e-01  -1.3791291e+00  -2.8234472e-01
   2.0000000e+00   7.9738565e-01  -1.5571416e+00   3.0087616e-01  -1.7493875e+00  -3.2402115e-02  -1.4695563e+00
   2.0000000e+00  -2.0012225e+00  -7.2368523e-01  -2.9303190e-01   7.0845516e-01   7.6818307e-01   1.1888974e+00
   2.0000000e+00  -8.6204036e-01  -5.7961838e-01   9.4628619e-01  -9.8935308e-01  -2.8073399e-01  -3.1317955e-01
   2.0000000e+00  -5.0382979e-01   5.0961572e-01  -8.7622578e-01   6.3140646e-01   6.5789619e-01   7.5017984e-01
   2.0000000e+00   1.5574497e+00  -1.3557979e+00  -1.2199715e+00  -4.4949257e-01   2.0535895e-01  -9.4927197e-02
   2.0000000e+00  -4.2522627e-01  -7.2276594e-01  -1.0078131e+00  -1.0336099e+00   8.8458657e-01   2.6307049e+00
   2.0000000e+00  -5.0377789e-01  -4.7782047e-01  -3.4580662e-01  -4.7785029e-01  -1.1430469e+00  -6.6676693e-01
   2.0000000e+00  -3.3070153e-02   3.2579005e-01  -1.5064380e-01  -1.7358608e+00  -3.0340373e-01  -2.8845780e-01
   1.0000000e+00  -1.4181047e+00   2.6483887e-01   4.0278132e-01  -2.1129938e-01  -5.6946143e-01   2.0028795e-02
   2.0000000e+00   5.3021127e-02  -4.8869621e-01   9.1428551e-01  -3.5860945e-01   4.3373779e-01  -5.2193039e-01
   1.0000000e+00   8.1973023e-01   1.2014163e+00   4.3415035e-01  -1.2026024e+00  -1.7802316e+00   5.9332566e-01
   2.0000000e+00  -6.1999436e-01  -1.2926438e+00   6.3627717e-01  -8.1405608e-01   4.6352515e-01  -7.7279589e-01
   1.0000000e+00  -9.7594509e-01  -1.6990995e+00   3.2290202e-01   2.8617789e-01  -6.9467060e-01   2.1772601e-01
   2.0000000e+00  -4.0676821e-01  -1.0720654e+00   5.9251184e-01   2.9292442e-01   4.1361269e-01  -8.5467683e-03
   1.0000000e+00   9.7160979e-01  -6.0011566e-01   6.9577875e-01   9.4649422e-01   1.2372550e-01   5.8049366e-02
   2.0000000e+00  -2.0396994e+00   8.7934576e-01  -7.0803617e-01  -1.6479815e-01  -1.0799267e+00   9.7409301e-01
   1.0000000e+00  -5.3106599e-01   2.3717228e+00   3.4809670e-01   1.9252286e+00   1.3367734e-01   7.5730721e-02
   2.0000000e+00   6.0475059e-01  -3.9982826e-01  -8.5993044e-01  -9.9551940e-02  -4.4924439e-01  -1.5971639e+00
   2.0000000e+00  -8.5406542e-02  -1.7368006e+00  -7.4669252e-01  -1.9317551e+00  -6.9572049e-01  -2.8434688e-01
   1.0000000e+00   4.9799495e-01  -6.5589140e-01   2.6492136e-01  -1.4159293e+00  -6.7954580e-01   6.9996289e-01
   1.0000000e+00  -1.2770897e+00  -2.8991532e+00  -5.7615597e-01  -1.9234934e+00  -1.1848210e+00   6.3698670e-01
   1.0000000e+00  -2.0653426e-01  -6.8518586e-01  -4.1120819e-01  -1.9838253e-01  -8.2589872e-01   4.6378659e-02
   2.0000000e+00   1.6053886e-01   1.2704496e+00   1.3206293e+00   3.6295875e-01  -4.5651852e-01  -3.3479821e-01
   2.0000000e+00  -2.3979117e+00   1.5578208e+00   6.5699906e-01   2.1536099e+00  -3.6749923e-01  -4.6101897e-01
   2.0000000e+00   1.9329954e+00  -6.0599665e-01  -1.7864742e+00   9.2106247e-01  -6.2398348e-01   1.9657201e+00
   2.0000000e+00   8.5807771e-02  -1.5514902e+00  -2.0994234e+00  -1.1685489e+00   2.1841953e-01   4.0485048e-01
   1.0000000e+00  -6.6874454e-01   3.7580936e-01   7.3929882e-01  -1.4355987e+00   1.0231430e-01   4.0616782e-01
   2.0000000e+00   1.7176498e+00   2.7436116e-01  -1.2656736e+00  -2.1993391e-01   9.7351928e-01   8.6142589e-03
   1.0000000e+00   3.2015937e-01  -5.2551461e-01   3.5500201e-01  -5.9797712e-01  -3.8965866e-01   3.6170263e-01
   2.0000000e+00  -2.1361375e-01   9.9009925e-01   1.0086743e-01   7.3375073e-01   9.9469436e-01   1.3184991e+00
   1.0000000e+00   7.0479469e-01   3.2140172e-01   4.4592813e-01  -1.0986338e+00  -1.4860144e+00   8.3648811e-02
   2.0000000e+00  -8.9444479e-01   2.3126074e-01  -1.1335591e-01   5.9878326e-02   9.1184199e-01  -2.0624433e+00
   2.0000000e+00   1.3420062e+00  -6.2241199e-01   9.8512588e-01  -1.0019021e+00  -7.2085247e-01  -3.9647942e-01
   2.0000000e+00   1.9286469e+00   1.2737695e+00  -7.7605498e-02   1.9974832e+00  -3.5607476e-01  -8.1320931e-01
   2.0000000e+00  -9.9833465e-02   1.5867947e+00  -4.7387743e-01   6.9555480e-01  -4.9837811e-01  -2.7489465e-01
   2.0000000e+00   1.4697646e+00  -1.1179029e+00   1.2085647e+00   9.6649972e-02  -4.9106330e-01   1.4066557e+00
   2.0000000e+00   9.6486000e-02  -2.4357432e-01  -1.6423764e-01   2.1490432e+00  -1.7154927e-02   1.0119298e+00
   2.0000000e+00  -6.4591268e-01   3.2565814e-01  -1.7465979e+00   2.7261764e-01   2.4925968e-01  -5.2017081e-01
   2.0000000e+00  -1.2562510e-01  -1.8414870e-01   8.6779827e-01   1.0342438e+00  -7.3795265e-01  -9.5888281e-01
   2.0000000e+00   1.1271986e+00   1.0753006e+00  -1.7576045e+00  -9.6335569e-01  -2.3175322e-01   1.4999537e+00
   2.0000000e+00   1.6340988e+00  -2.0110646e+00  -9.4601130e-02   1.1602500e+00  -3.1293721e-01  -7.7390788e-01
   2.0000000e+00   1.4723830e+00  -2.3982142e-01  -2.3564166e+00   3.4107955e-01   7.8374314e-01   1.5537775e-01
   2.0000000e+00  -1.7865474e+00  -3.2735658e-01  -1.5524807e+00   1.4562488e-01   1.3266358e+00   2.1897320e-01
   2.0000000e+00   1.0678645e+00   1.8571292e+00  -9.9538751e-01  -2.9787517e-01  -7.1952140e-01   1.2623988e+00
   2.0000000e+00   6.6395082e-01  -1.0694544e+00   9.2842421e-01  -2.8254665e-01   2.7942635e-02   1.2314651e+00
   2.0000000e+00   5.6810569e-01   1.1176142e+00   7.0652217e-01  -1.0049725e+00   1.6387922e+00   8.4568557e-01
   2.0000000e+00  -4.0033442e-01  -2.6606990e-01  -1.4831377e+00  -3.4795495e-01  -3.7023975e-01  -1.5813792e+00
   2.0000000e+00  -1.4324221e+00   3.7424391e-01   1.8668697e+00  -1.8377484e-01   1.3968670e+00   1.5543227e+00
   2.0000000e+00   1.7793337e-01  -9.5745637e-01  -1.9500919e+00   5.3789461e-01  -1.1759289e+00  -5.9610208e-01
   2.0000000e+00   1.0974877e-01  -1.9069810e-01  -6.8982484e-01  -7.8269222e-01  -9.8299941e-01   8.6203982e-01
   2.0000000e+00   1.7092452e+00  -1.5163392e+00   7.1975633e-01  -2.2802568e-01  -1.5598460e-01  -8.9648835e-01
   2.0000000e+00   5.8962256e-01  -9.7232940e-01   1.8406052e+00  -2.9433425e-01   8.4171510e-03   9.5833114e-02
   2.0000000e+00   1.5995652e-01  -1.0788438e+00  -3.7420427e-02  -1.0979496e+00   2.3896240e-02  -1.8133865e+00
   2.0000000e+00  -5.6617374e-01   9.4211303e-01  -1.9272698e+00  -2.7671681e-01   4.4344837e-01   5.1807653e-01
   1.0000000e+00   4.4985484e-01  -6.1447227e-01   6.2612449e-01  -6.7503806e-01  -1.7872176e+00   1.9924930e-02
   2.0000000e+00  -3.7445464e-01  -1.2379474e+00  -1.5052061e-01   4.6576460e-01   3.3231095e-01  -3.1375483e-01
   1.0000000e+00   1.0928555e+00  -1.9202848e+00  -1.3822862e-01  -9.4462280e-01   7.3408623e-01   5.1057312e-01
   1.0000000e+00  -1.3308646e+00   1.1643640e-01   7.4759948e-01   1.4916782e-01  -1.7005699e+00   3.3964958e-01
   2.0000000e+00  -2.0073826e-01  -1.5362643e+00  -3.5231494e-01   1.4459735e+00   1.3068483e+00  -7.0777448e-01
   2.0000000e+00   8.8396898e-01  -1.2049972e+00   6.7372866e-01  -7.8979292e-01  -4.8659056e-01  -1.8964853e+00
   2.0000000e+00  -2.8028226e-01  -8.4229922e-01  -1.1778306e-01  -1.1607402e+00   1.9651093e-01  -1.7874318e+00
   2.0000000e+00  -4.9175387e-01  -1.4536139e+00   8.6570349e-01  -5.6529701e-01   8.4838963e-01  -4.4046784e-01
   2.0000000e+00  -5.9178029e-01   5.8815722e-01   6.7912400e-01  -2.3246997e-01   1.1761064e+00  -2.6407911e-01
   2.0000000e+00  -5.0378519e-02   9.8508767e-01   1.4914519e+00  -3.6067163e-01   5.3248545e-01   1.9051094e+00
   1.0000000e+00  -1.5073648e+00   9.9684075e-01   7.2246115e-01   1.9312009e+00   2.9388014e-01   4.1188706e-01
   2.0000000e+00   1.3530213e+00  -4.8060742e-01  -2.0776193e-01   7.1182682e-01   1.0918255e+00  -2.8092157e-01
   2.0000000e+00   7.0690262e-01   4.0570501e-01  -1.2326509e+00  -1.4872889e-01  -7.3533481e-01   1.6793309e-03
   1.0000000e+00   8.9683150e-01   3.1345484e-02   2.4283997e-01   2.2784501e-01   1.9396438e-01   4.9729220e-01
   1.0000000e+00  -3.6834993e-01  -2.4066988e-02  -4.8384671e-01  -9.0753663e-02  -1.5576058e+00   7.6329694e-01
   2.0000000e+00  -7.5908543e-01  -2.2408180e+00   1.6011690e+00  -6.9810263e-01  -1.3586523e+00  -1.0499224e-02
   2.0000000e+00  -6.3726422e-02  -2.4895524e-01   2.7455519e-01  -9.3759729e-01  -2.0527391e+00  -8.1018924e-01
   2.0000000e+00   1.0739142e+00   1.5421121e+00   3.8696746e-01  -8.8518255e-01  -4.0461499e-01  -1.6874809e+00
   2.0000000e+00   3.0390548e-01  -9.7192106e-01   1.2173250e+00  -3.2962617e-01  -4.9182542e-01  -2.3349416e+00
   2.0000000e+00   3.8091773e-01   2.9238821e-01  -7.0644823e-02  -8.9325323e-01  -9.6326460e-02  -1.7776748e-01
   2.0000000e+00   4.8062513e-01   8.4089717e-01   2.4771549e+00   6.3839376e-01  -7.6646874e-01   7.9803770e-01
   2.0000000e+00  -7.7079901e-01  -3.1418853e-01  -1.6505368e+00  -5.8456966e-01   3.0501328e-02   1.2303178e+00
   2.0000000e+00  -1.1559202e+00   8.1722807e-01  -1.2546457e+00  -1.4385808e+00  -5.3078345e-02  -3.5926324e-01
   2.0000000e+00  -7.9639980e-01   5.1443103e-01  -2.2213601e+00   7.1945775e-01  -6.9821933e-01   5.6862003e-01
   1.0000000e+00  -3.9419804e-01   2.2422252e-01  -5.4582305e-01   5.0548050e-02   1.0792851e+00   9.9113751e-02
   1.0000000e+00   6.6343588e-01   4.7436055e-01   4.9290945e-01   6.5668099e-01  -3.6964036e-01   3.5665607e-02
   2.0000000e+00  -1.0016547e+00   1.4288352e+00   1.5022570e-02   8.2015707e-01  -1.5634508e+00   1.1403209e+00
   2.0000000e+00  -2.2358063e-01   1.9624461e+00   8.3352301e-01   1.0380790e+00  -3.6077230e-01   2.4761096e+00
   2.0000000e+00   2.6056973e+00   3.0326842e-01   6.1981228e-01  -1.3805435e+00   1.9242475e+00  -9.3922618e-01
   2.0000000e+00  -1.0977491e+00   6.2469693e-02   3.9781738e-01   9.0890618e-01  -6.0537859e-01  -5.8818220e-01
   2.0000000e+00   6.2522890e-01   9.4012829e-01   1.4175690e+00   8.4514465e-01   6.5225909e-01  -3.8691250e-01
   2.0000000e+00  -2.9019435e-01   8.4997897e-01  -5.0634104e-01   5.8143501e-03  -2.0522866e+00   9.7250148e-01
   2.0000000e+00  -3.4872448e-01   6.1448640e-01   1.2980763e+00  -1.1479192e+00  -1.3121399e+00  -7.1185780e-02
   2.0000000e+00   6.0433386e-01  -3.4367018e-01   8.8333380e-02  -9.0328746e-01   8.8385269e-01  -1.5420184e+00
   2.0000000e+00  -2.3225584e-01  -1.9863401e+00   8.7989227e-01   1.0525037e-01  -1.2418140e+00  -8.8886419e-01
   1.0000000e+00  -4.8103770e-01  -1.5948845e-01  -4.4281499e-01  -3.9976459e-01  -2.6180610e-01   3.2167342e-02
   2.0000000e+00   1.7581409e-01  -8.2499510e-01  -4.5642364e-03   2.4725988e-01   2.8273814e-01  -4.0521089e-01
   2.0000000e+00  -9.8222332e-03   5.0253297e-01  -2.1053950e-01  -1.5040490e+00   3.9401567e-01  -8.0845824e-01
   1.0000000e+00  -1.3539094e-02  -1.9567380e+00  -5.6552929e-01   1.1634630e+00   6.9565828e-01   1.4027219e-01
