   2.0000000e+00  -1.9079884e-01   5.1392730e-01  -4.4464087e-01   4.0271604e-01  -1.5338056e-01  -8.0348000e-01
   2.0000000e+00   4.9692526e-01  -1.4943588e+00   8.3317177e-03   1.5250429e+00  -1.2985894e+00   5.5985322e-01
   2.0000000e+00  -7.3479203e-01   1.5487735e+00   8.6697893e-01  -1.4232362e+00   1.1999887e+00   7.3208693e-01
   2.0000000e+00   7.1370643e-01  -2.4934373e-01  -3.4477669e-01   4.3357176e-01   2.4775740e+00   1.8059474e+00
   2.0000000e+00  -4.3936707e-01  -1.2995122e+00  -1.5430484e+00  -1.6100763e-01  -1.6573060e+00   1.1444186e+00
   2.0000000e+00  -6.1260296e-01   5.8660489e-01   9.9490276e-03  -1.7577968e+00   2.9848641e+00   5.6863142e-01
   2.0000000e+00  -2.5990317e-01   6.5060432e-01  -3.5261097e-01  -5.6892466e-01  -1.1901093e+00  -4.6399816e-01
   1.0000000e+00  -1.0563528e+00  -1.2901618e+00   5.0948933e-01   4.4857603e-01   3.6382927e-01   2.1447326e-01
   2.0000000e+00  -8.7359129e-01   1.2495970e+00  -1.6334496e+00   2.6273287e-01   9.2480882e-02  -3.8313109e-01
   2.0000000e+00   8.8172236e-01   1.9466216e+00   6.1170074e-01   2.8539515e+00   7.3980108e-01   4.3194145e-02
   2.0000000e+00   1.8918276e+00  -1.3876873e-01  -7.7993534e-01   1.0758853e+00  -8.5778642e-01  -1.6741345e+00
   1.0000000e+00   5.8338167e-01  -1.9532523e+00  -5.4345925e-01  -1.1351234e+00   7.6831850e-01   1.8874819e+00
   2.0000000e+00   6.4903037e-01  -4.8098713e-02  -8.2938669e-01  -9.0544858e-01  -7.1583853e-01   1.3028033e+00
   2.0000000e+00   1.0330060e+00   5.9950266e-01  -1.3822614e+00  -9.6476857e-01  -4.4258279e-01  -4.6020759e-01
   1.0000000e+00  -9.3676490e-01  -4.8643981e-02  -8.1994226e-02  -1.8323281e+00   7.4000472e-01  -5.9351550e-01
   2.0000000e+00   9.6642213e-03   7.3756753e-01   1.5911764e+00   5.8955524e-01   6.1849182e-01  -6.8610605e-01
   2.0000000e+00  -1.5600988e-01   2.4728647e-01   6.2347322e-01  -1.8505899e+00   1.7165200e+00   4.9938284e-02
   2.0000000e+00   2.6072677e-01  -2.4466540e-01   4.7526628e-01  -7.7294373e-01   1.0709076e+00  -2.0706591e+00
   2.0000000e+00  -4.9691271e-01   8.3953757e-01   2.5265301e+00   8.2347350e-01  -7.4130937e-01  -1.2168843e+00
   2.0000000e+00   2.3516249e+00   7.1142605e-01   1.2442715e+00  -5.2295495e-01  -7.9411713e-01   1.2460873e-01
   2.0000000e+00  -5.3668626e-01  -6.2784733e-01  -1.2923210e+00  -2.1468447e-01  -1.1089108e+00  -1.7777478e+00
   2.0000000e+00  -6.3051520e-01   2.7644163e-01   1.2947329e+00   9.3949114e-01  -1.8999685e+00   7.7087037e-01
   1.0000000e+00   7.8988597e-01   5.8761351e-01  -6.2834971e-01   5.1478387e-02   6.4933055e-01   1.1510358e-01
   1.0000000e+00  -4.8250204e-02  -4.9693214e-01   2.2516445e-01   4.7626978e-02   8.3964359e-01   1.5165107e+00
   2.0000000e+00   4.7103258e-01  -2.6971433e-01  -1.2598052e+00   1.0647774e+00  -1.6685878e-01   7.8402018e-01
   2.0000000e+00  -2.3036769e-01  -1.5428821e+00   4.7246142e-01   8.8442412e-01  -1.0738257e+00  -1.9177165e-01
   2.0000000e+00   3.7923000e-01   7.3171272e-01   1.5040117e-01   2.5748992e-01  -9.2001594e-01   1.2010674e+00
   1.0000000e+00   8.3638038e-02  -8.2529515e-01   2.8519296e-01   1.0459327e+00   5.4972015e-01  -9.3896684e-01
   2.0000000e+00   1.1829211e+00  -3.3391528e-01   7.8157312e-01  -6.3881185e-01  -1.9205677e+00  -4.4557714e-01
   2.0000000e+00   1.5113704e+00  -6.9513903e-01   1.8943334e+00   7.1046888e-01   8.3803467e-01   3.7811942e-01
   2.0000000e+00   7.2879477e-01  -3.5144016e-01   9.1152792e-01   1.5615689e+00  -4.1289045e-02  -6.4179169e-01
   2.0000000e+00   1.0157088e-02  -2.0846907e-01  -5.6584643e-01  -3.0403236e+00  -9.8806341e-01  -1.1777808e+00
   2.0000000e+00   9.0076253e-01   3.5034220e-01   7.9749003e-01  -4.7360407e-01   1.0153729e+00   2.0695969e+00
   2.0000000e+00  -1.4119878e+00   6.1248141e-01  -1.5720015e-01  -1.4300802e+00   1.2270001e+00   7.3599920e-01
   1.0000000e+00   6.0372921e-01  -1.0322339e-01  -4.3230167e-01  -1.7998000e-01   2.3713631e-01  -8.7708186e-01
   1.0000000e+00  -1.7843584e-01  -1.4384351e+00   1.6421187e-01   9.6242675e-01   8.3173186e-02  -9.6369568e-02
   2.0000000e+00  -2.3743716e-01   5.4012194e-01  -2.2611618e+00  -1.6309746e+00   1.5295250e-01  -1.4881046e+00
   2.0000000e+00  -1.1817712e+00   1.6443671e+00  -8.4999869e-01  -7.9636383e-02  -1.6788127e+00  -7.6263570e-01
   2.0000000e+00  -4.3738141e-01   3.8033349e-01  -1.6990792e+00  -5.8344462e-01   5.2375563e-01   1.8756791e+00
   1.0000000e+00  -1.8617750e-01  -1.4276542e+00   3.9998840e-01   1.1170946e+00   5.4762621e-01   1.5844426e+00
   2.0000000e+00  -6.7434526e-01   3.6514668e-01   3.5868708e-01  -2.8067084e-01  -8.1367173e-01  -2.0625337e+00
   2.0000000e+00  -9.0839566e-01   9.3499307e-01   4.8143279e-01  -6.2671570e-01  -1.0602577e-01  -2.1171790e-01
   2.0000000e+00  -1.4491587e+00  -1.8824778e-01  -8.2795340e-01  -8.2295335e-01  -1.6176843e+00   4.2873507e-01
   2.0000000e+00   2.0332399e+00  -1.0001371e+00   8.6211101e-01  -6.9518018e-01  -5.2022533e-01   3.8375687e-01
   2.0000000e+00  -9.9869352e-01  -4.4467705e-02   2.7519118e-01   8.1557117e-01  -1.4130464e-02  -5.4297576e-01
   1.0000000e+00  -1.2089477e-01  -8.5045706e-01  -3.1925825e-01  -1.5688999e-01   4.6296851e-01   7.0910468e-01
   1.0000000e+00  -3.3027273e-01  -6.0810010e-01  -1.1397126e-01  -1.6862863e-01   3.0761815e-01   2.5891831e-01
   2.0000000e+00   1.3687368e+00   6.1517305e-01  -1.6759527e+00  -1.6782388e+00   6.3501426e-01  -1.3273836e-01
   2.0000000e+00   5.8883947e-01  -2.7402315e-01  -4.2911378e-01  -1.1788122e+00  -1.5950491e+00   9.8067102e-01
   2.0000000e+00   7.7255458e-01   5.1395166e-01  -1.1642931e+00  -1.6212313e+00  -4.3913116e-01   1.0630562e+00
   2.0000000e+00  -1.7739871e+00   2.7917791e-01   2.9806999e-01   5.5532202e-01  -1.5907690e-01  -1.0431007e+00
   1.0000000e+00  -8.1402830e-01   2.9642195e-01  -3.1994793e-01  -8.9777374e-01   7.6383242e-01  -1.2557365e+00
   2.0000000e+00  -2.7424266e-01   7.8865824e-01   9.8186289e-01   1.3995376e+00  -1.8176997e+00  -4.9384801e-01
   2.0000000e+00  -3.0621682e-01  -4.9122533e-01  -1.3815729e+00  -4.2485260e-01  -2.0517168e+00  -2.1387364e-01
   2.0000000e+00   6.6374428e-01   6.0469184e-01  -4.4983837e-01  -2.0646076e-01   1.1274330e+00  -3.4310070e-01
   1.0000000e+00  -1.3372754e+00   1.6882244e-01  -7.4550231e-01  -4.6397262e-01   1.7554923e-02   1.1471316e+00
   1.0000000e+00  -3.6738317e-01   1.9436448e-01   6.0772082e-01  -1.5378203e+00   7.8593347e-01   1.1839122e+00
   2.0000000e+00  -1.3960386e+00   1.3455928e+00   6.2760031e-01  -1.2371804e-01  -2.9977600e+00   1.0787427e+00
   2.0000000e+00   8.3699385e-01  -1.7032637e-01   1.9578714e+00  -5.2667473e-01   1.0865094e-01   3.2366902e-01
   2.0000000e+00   9.4263640e-01   1.5059815e+00   1.9676637e+00  -1.0379222e+00   1.6831747e-01  -1.2891612e+00
   2.0000000e+00   3.7650625e-01  -2.7507502e-01   1.3729933e+00   2.1171968e-01   1.0530538e+00  -5.6959391e-01
   2.0000000e+00   7.3293465e-01  -6.7210259e-01  -4.9939952e-01   3.9059442e-01  -3.6308209e-01   2.5207868e+00
   2.0000000e+00  -1.0700987e-01   5.0927029e-01  -2.0953702e+00  -5.8282280e-01  -1.3587850e+00  -2.9100230e-01
   2.0000000e+00  -8.3984477e-02   1.5755846e+00  -5.3127141e-01   2.2308434e-01   1.0926709e+00  -2.0422894e-01
   1.0000000e+00  -5.7318300e-02  -1.1952082e+00  -2.9156034e-01   6.4065964e-01   9.0523842e-01   7.7440612e-03
   2.0000000e+00   1.5751577e+00   1.5971616e-01   2.1893518e-01   9.1419833e-01  -1.7121582e-01   1.2131910e+00
   2.0000000e+00   9.5294476e-01   4.6838801e-01  -1.4714223e+00  -9.7640712e-01   4.6090902e-01  -1.6840056e+00
   1.0000000e+00  -1.6241530e-01   5.8224331e-01   6.9299701e-01  -1.2076617e-02   3.7162950e-01  -2.2353342e+00
   2.0000000e+00  -2.2896652e-01  -5.9199463e-01  -6.3948527e-01   5.8609454e-01  -5.8386664e-01  -2.7855196e-01
   1.0000000e+00  -2.5638903e-01   9.3678958e-01   1.8743797e-02   1.3911960e+00   1.6401625e-01   8.2361438e-01
   2.0000000e+00  -1.9328389e+00  -6.5035209e-01   7.7761178e-01   6.3586243e-01  -5.2836127e-01   1.5025575e+00
   2.0000000e+00   4.6897356e-01  -8.0321492e-01  -2.0528959e+00  -9.1383931e-01   3.2860274e-02   9.6788554e-01
   2.0000000e+00  -1.1693112e+00  -1.6693464e-01   4.4354396e-01  -3.3485568e-01  -1.5502128e+00   4.6512330e-01
   2.0000000e+00   3.3063327e-01  -6.1425648e-01  -1.3121632e-01  -3.5243119e+00   9.3571416e-01   6.5967690e-01
   2.0000000e+00  -1.2018028e+00  -1.8427850e+00  -5.0829903e-01  -9.5778823e-01  -8.3741602e-01   2.1133110e-01
   2.0000000e+00   1.3906879e+00  -2.4808250e-01   1.5690878e+00  -2.3855490e+00  -4.6592377e-01   1.9021552e+00
   2.0000000e+00  -1.2874084e+00   1.3154655e+00   2.4002688e-01   1.0971958e+00  -9.7411333e-01  -6.2665244e-01
   1.0000000e+00  -6.8774489e-01  -2.4707157e+00   6.5128376e-01  -3.5249820e-01   2.5143145e-01  -5.7716176e-01
   2.0000000e+00   1.5247587e-01   2.0078488e-01  -1.5537365e-01  -5.2369431e-01  -1.5238986e+00  -7.1962814e-01
   2.0000000e+00  -8.3282748e-01   1.0874984e+00  -7.8028551e-01  -1.8426719e-01   9.7051463e-01   8.4064743e-01
   2.0000000e+00  -3.1123532e-01  -9.1726855e-01  -8.5271139e-01  -7.0659454e-01   8.8248587e-01  -1.1497026e+00
   1.0000000e+00  -8.7077658e-01  -6.7991660e-02  -3.1615800e-01   3.9563584e-01   2.6534820e-01   4.1632396e-01
   2.0000000e+00  -1.1234991e+00  -6.0887447e-01  -6.2515152e-01  -1.8268713e+00   1.0001281e+00   1.1640610e+00
   2.0000000e+00   7.5035166e-02  -4.9381516e-01  -8.4978050e-01   3.2862039e-01  -4.2204414e-01   1.1139257e+00
   1.0000000e+00   2.4310809e+00   1.6355513e+00  -5.0472434e-01  -5.4569425e-01   5.6010441e-01  -5.6922755e-01
   2.0000000e+00  -1.2172290e-01   1.6787922e+00   9.7327892e-03  -1.6342730e-01  -4.6015644e-01  -1.6947338e+00
   2.0000000e+00  -5.2790657e-01   1.7335963e+00   6.4147260e-01  -7.6829114e-01  -7.5679978e-02   4.6923299e-01
   2.0000000e+00  -1.2818901e+00   6.9573230e-01  -9.6578209e-02  -8.6133823e-01   1.6818294e+00   4.8129013e-01
   2.0000000e+00   1.2615474e+00   2.3136219e-01   8.6480872e-01   1.3666718e+00  -3.1989907e-01   2.3248457e-01
   2.0000000e+00  -1.4340535e-01   8.7185373e-01  -8.4644029e-01   2.1876765e+00   1.7294494e+00  -2.7717351e-01
   2.0000000e+00  -5.0291211e-01   1.9165315e+00   7.0903739e-01   3.0551989e+00  -2.2453632e+00   7.7024363e-01
   1.0000000e+00   2.6150896e-01   1.7805094e+00   9.1279507e-02   1.1745585e+00   7.9412297e-01   2.0074091e-02
   2.0000000e+00  -8.2804379e-01  -1.5103367e-01   1.7159998e+00  -7.5014285e-01   1.1571532e+00   1.4045533e+00
   2.0000000e+00   8.5435158e-01  -3.9411004e-02  -2.0622654e+00  -6.0679967e-01  -6.8895401e-01   3.2642106e-01
   2.0000000e+00   1.9162917e+00   5.3641523e-01  -5.5431606e-01   5.2135723e-01   1.3003356e+00  -8.8075383e-01
   2.0000000e+00   8.3905418e-01   1.0173879e-01   5.3968675e-01  -1.2857034e-01  -1.5378882e+00   7.6487138e-01
   1.0000000e+00  -9.6125165e-01  -2.5507264e+00   6.3551484e-01   1.3046216e+00   6.5734564e-01  -2.3735416e-01
   2.0000000e+00  -1.3704752e+00  -1.3490964e+00   7.9169980e-01  -6.7888674e-01  -1.2028176e+00  -1.1789294e+00
   2.0000000e+00   6.8893905e-01   4.4972359e-02   1.5643528e+00   1.5146238e+00   9.1681970e-02  -2.1749621e+00
   2.0000000e+00   1.0973577e+00  -1.1173206e-01  -6.1938282e-01   1.6953051e+00   1.0416896e+00   4.5463017e-02
   2.0000000e+00   1.1118561e-03   1.2930683e+00   1.4227298e+00   8.5254544e-01  -1.4789810e+00  -2.6345895e-01
   2.0000000e+00  -3.0081966e-01   1.8807643e+00  -2.8650271e+00  -2.6862155e-01   1.4932066e+00   1.3193060e+00
   2.0000000e+00   8.1253973e-01   5.0616279e-01  -8.9064367e-01   7.6208361e-01  -2.7906006e+00  -8.3859090e-01
   2.0000000e+00   2.7214374e+00   3.9254420e-02   9.8492881e-01   1.2172839e-01  -1.0392578e+00  -1.0496429e+00
   2.0000000e+00  -8.0006986e-01  -1.0179072e+00   1.4177325e+00  -8.7659946e-01   1.5674609e+00  -4.3396707e-01
   2.0000000e+00   5.4176779e-01  -1.1528654e-01  -5.9694402e-01  -1.9829991e+00   2.9054774e-01   1.2575253e+00
   2.0000000e+00  -3.4518987e-01  -7.7258041e-01   9.2696069e-01  -2.0313825e-01  -2.7248579e-01  -1.2018054e+00
   2.0000000e+00  -9.6354311e-01   1.9914717e-01   1.3917452e+00  -8.8133366e-01  -7.2517364e-01  -4.0994025e-01
   2.0000000e+00  -1.7567272e+00   3.0376315e-01   8.4271295e-02  -1.2750073e+00  -1.2733099e+00   3.3102748e-01
   1.0000000e+00   1.0806951e+00  -4.3978615e-01   5.9926148e-01  -6.9561089e-01   2.0074291e-01   2.3153493e+00
   2.0000000e+00   7.5370076e-01  -6.1323118e-01   5.9837988e-01   1.7297552e-01  -3.1680066e-01  -4.7918717e-01
   2.0000000e+00  -5.1173473e-01  -5.6327150e-01  -4.9526443e-01   9.6168783e-01   1.6037699e+00   8.0190796e-01
   2.0000000e+00  -3.2405424e-01  -1.1881178e-01  -3.3952495e-01  -7.3384782e-01  -4.6788546e-01   8.1511609e-01
   2.0000000e+00   1.1923258e+00  -2.2171057e+00   1.8775953e+00   6.2194479e-01  -1.1907951e+00  -2.3167061e-01
   1.0000000e+00   1.0438570e+00  -4.8976390e-01  -5.5150515e-01  -5.7087632e-01   4.3531918e-01   2.3347013e+00
   2.0000000e+00  -3.5153633e-01   3.1451839e-02   5.1065728e-01  -7.2687606e-01  -5.1925687e-01   1.8915966e+00
   2.0000000e+00   7.2548262e-01   4.3890719e-01   3.4501848e-01   6.3712071e-01   2.5404430e+00  -9.9883294e-01
   2.0000000e+00  -1.0714884e+00  -9.7872728e-01  -2.1071636e+00  -1.2931814e+00  -5.1802692e-02   3.4037703e-01
   1.0000000e+00   3.5092930e-01  -8.8586374e-01  -6.3560225e-02  -1.2622048e-01   3.9375291e-01  -6.2030993e-01
   1.0000000e+00   1.1880677e+00  -1.0644537e+00   9.4601644e-01   1.4382516e+00   1.3245208e-01  -2.7820648e-01
   2.0000000e+00   4.5118269e-01   5.9176311e-01   7.8348386e-01  -7.4384388e-01  -1.5210406e+00  -9.5178675e-01
   2.0000000e+00  -5.1507773e-01  -4.4655912e-02   4.3835141e-01  -5.2103877e-01  -1.6010871e-01   2.1956781e+00
   1.0000000e+00   1.4735443e+00   3.9543265e-01  -8.6064028e-01   3.8602797e-01   2.0233352e-01  -9.3278461e-02
   2.0000000e+00  -2.5867091e-01  -5.3893423e-01  -7.5934749e-01  -1.4376091e+00   7.5732546e-01  -6.4381106e-01
   2.0000000e+00  -1.0768315e+00   1.3410738e+00   2.5911682e-02  -6.2775162e-01   2.7358882e+00  -1.7533107e+00
   2.0000000e+00  -4.5597295e-01  -1.4253660e-01   1.7087149e-01   4.4220447e-01  -7.5654019e-02   2.4194936e-01
   2.0000000e+00   7.1538189e-01  -1.0246341e+00   1.5697216e+00  -4.8360963e-02  -9.3453990e-01   7.0770941e-01
   1.0000000e+00  -6.0532736e-01  -1.3915893e+00   3.4611657e-01   2.4029801e-02   1.7111409e-01   9.5645927e-01
   1.0000000e+00   4.2695273e-01  -4.4114526e-01   2.3362116e-01  -5.0214177e-01   1.5644533e-01   2.0559427e+00
   2.0000000e+00   6.4673016e-01   1.2978473e+00   3.6188672e-01  -1.7702476e-01  -6.1348548e-01   2.3651013e-01
   2.0000000e+00  -6.0384048e-01   6.1395299e-01   1.1772863e+00   9.7219642e-01   8.6212666e-01   1.3828638e-01
   2.0000000e+00   3.5779920e-01   9.7713267e-01   7.5818212e-01  -3.6038129e-01   8.5530813e-01  -5.4651289e-03
   1.0000000e+00   2.9334231e-01  -1.4665583e-01   4.5565025e-01  -4.9998170e-01   7.7061131e-01  -6.8037713e-01
   1.0000000e+00  -9.9480305e-02   1.4627010e+00  -4.9465888e-01   7.2563648e-01   4.1223068e-01   5.2330952e-01
   2.0000000e+00  -1.1174580e-01  -6.2612467e-01   4.5745844e-01  -1.1748068e+00  -9.6087125e-01  -1.7204551e-01
   1.0000000e+00   2.7007167e-01  -1.1771158e+00   1.8301891e-01   3.0637753e-01   9.2272754e-02  -5.2229596e-01
   2.0000000e+00   4.1581364e-01   9.9280206e-01  -2.0579799e-01  -7.2035271e-03  -1.1224303e+00  -9.3961931e-02
   2.0000000e+00   1.4848399e+00  -1.8046695e+00  -1.2378848e+00  -1.3893285e+00   8.0792379e-02  -2.7622671e+00
   2.0000000e+00  -3.2710092e-01  -1.6156466e+00   5.1376007e-01   7.0453597e-01  -1.6292893e+00   1.6519099e+00
   2.0000000e+00   2.0223134e-01  -6.2556874e-01  -2.1831115e+00   7.8854421e-02   8.5493077e-01  -8.3086974e-01
   1.0000000e+00   6.2364964e-01   1.1142649e+00  -2.9177946e-01   1.6075862e-02   1.7618439e-01  -5.7862843e-01
   2.0000000e+00  -4.6370585e-01  -1.0484140e+00   7.0581113e-01  -6.7431143e-01   1.2534718e+00   1.1705404e+00
   2.0000000e+00  -1.2338462e+00  -8.0483673e-01  -3.7814787e-01   4.4716784e-01  -3.8156617e-01   9.3689538e-01
   2.0000000e+00  -6.7488518e-02  -8.2453883e-02   1.5250135e+00   5.2819700e-01  -1.5473474e+00   3.5752124e-01
   2.0000000e+00   1.7576274e+00   2.7509160e-01  -6.0484030e-01   1.4410905e+00   1.1997633e+00  -5.9447575e-01
   2.0000000e+00   7.6003870e-01   6.9550791e-01  -1.4456174e+00   8.9018925e-01   2.0888064e+00  -6.8532117e-02
   1.0000000e+00  -2.7919466e-01  -5.6519816e-01   4.0759499e-01   1.4508840e-01   2.3256018e-01  -2.4312724e-02
   2.0000000e+00   1.0486141e+00  -1.3434204e-01  -1.1872495e+00  -1.3296949e+00  -4.3265990e-01  -1.7693250e+00
   1.0000000e+00  -1.0955731e+00   7.7286730e-01   7.1937586e-01  -1.2304427e+00   5.5350133e-02   8.7376627e-01
   2.0000000e+00   1.0285614e+00  -7.8603035e-02   3.3888296e-01  -1.7782563e+00  -1.1913490e+00   6.9218256e-01
   1.0000000e+00   1.8110360e-01  -1.2537132e+00  -5.7574206e-02   2.8744810e-01   2.0533516e-01   1.2257694e+00
   2.0000000e+00   4.0029087e-01   6.5165090e-01  -2.0704745e+00  -9.5437284e-01  -3.8642312e-01   9.6125607e-01
   1.0000000e+00  -3.3204250e-01  -6.6673701e-01  -4.2590326e-01   1.2308272e+00   3.7199530e-01   4.8584657e-02
   1.0000000e+00   8.4983281e-01   2.1995421e-01  -2.6875532e-01   1.6368481e+00   3.0336842e-01  -1.3032177e+00
   2.0000000e+00  -1.7776016e+00  -8.5264614e-01  -5.9636519e-02  -6.3394557e-01   2.2315139e+00  -3.6528833e-01
   2.0000000e+00  -7.1883912e-01   1.1048895e+00   9.1767396e-01  -1.0348919e+00   4.0642244e-01  -4.1087542e-01
   2.0000000e+00   1.5122261e+00  -2.0883231e+00  -3.5122780e-02  -3.6510084e-01   1.0745683e+00  -1.2070846e+00
   2.0000000e+00  -2.4290267e+00   1.3229940e+00  -6.9082561e-01  -7.3815222e-01   9.1528649e-01   3.4222222e-01
   1.0000000e+00  -1.2744365e+00   2.5269542e-01  -6.6419392e-01   1.2485516e-01   2.4658431e-01  -2.8702528e-01
   2.0000000e+00  -9.1449879e-02   5.7628869e-01   4.6929864e-01  -5.6217495e-01  -2.4864948e-01   8.9089982e-01
   2.0000000e+00   4.2922810e-01  -1.8275111e+00  -1.4849500e+00  -1.7325427e+00  -1.4815699e+00  -1.3629995e+00
   2.0000000e+00  -2.1179544e-01  -1.1673134e+00   1.1604634e+00  -3.7939784e-01   1.2933299e+00  -1.1830973e+00
   2.0000000e+00   1.1281382e+00  -1.6061268e-01  -4.2018480e-01  -4.8859327e-01  -1.8468380e+00  -1.0466292e+00
   2.0000000e+00  -1.4731554e-01   1.1246272e+00   4.9657223e-01   3.8851453e-01  -3.3379457e-01  -1.2062482e+00
   2.0000000e+00  -1.7924330e+00   6.7883244e-01  -1.3071785e+00  -1.2374365e+00  -7.7535153e-01   1.2984545e+00
   2.0000000e+00  -2.4134907e-01  -8.8260805e-01   1.1870554e+00  -3.3684604e-01  -2.1081492e-02   7.6658314e-01
   2.0000000e+00   2.3279897e+00   9.1270483e-01  -2.9830318e-03  -1.1367943e+00   1.2366428e+00  -1.9544869e-01
   2.0000000e+00   6.4689950e-01  -1.4966027e-01  -1.2542171e-01   2.3135108e+00   3.1100925e-01  -4.0363777e-01
   2.0000000e+00   1.0847318e+00  -2.7469888e-01   1.1942165e+00  -3.2098592e-01  -3.0934913e-01  -6.0215079e-01
   2.0000000e+00   7.6971454e-01   1.6678313e-01   5.9803578e-01   1.7387204e+00   9.1095890e-01  -1.4525536e+00
   1.0000000e+00   5.6840656e-01  -1.5367429e+00   1.5237322e-01  -6.7306738e-01   7.6792084e-01   1.7035227e+00
   2.0000000e+00   2.8122916e-01   2.2183840e-02  -8.1199947e-01   3.5815558e-01   1.3600309e+00  -1.6715588e+00
   2.0000000e+00  -5.1995931e-01   1.2593493e-01   6.5491776e-01   1.0786588e+00  -4.6874606e-01   5.6476799e-01
   2.0000000e+00  -8.9983641e-02   6.8880596e-01   8.2365032e-01   5.3816584e-01  -1.3422198e+00   1.1341232e+00
   2.0000000e+00   2.3816527e-01  -1.2706668e+00   6.5928003e-01  -1.1382469e+00  -1.0332896e+00  -3.8435264e-03
   1.0000000e+00  -6.5183071e-01  -1.2464408e+00  -6.0497756e-02   4.5185139e-02   4.3005487e-01  -6.8381742e-01
   2.0000000e+00   2.6738746e-01   1.3165856e+00  -1.4489149e+00   1.3093101e+00   1.0585409e+00  -6.1789996e-01
   1.0000000e+00  -1.1213440e+00   1.1589370e+00   1.3989643e-01   8.3302388e-01   5.4564281e-01  -7.9161138e-01
   2.0000000e+00  -1.8736075e+00   8.9612252e-01  -1.0382186e+00   2.0991734e-01  -1.8054742e+00   8.8864929e-01
   2.0000000e+00   7.3152008e-01   9.4007173e-01   1.4758860e+00  -1.3300597e+00   1.0345353e+00  -2.1511256e+00
   2.0000000e+00  -2.3247579e-01   3.2550768e-01  -1.6262631e+00  -5.2379039e-01  -2.5641499e-01   1.0395079e-01
   2.0000000e+00   3.5635219e-01   2.4811637e+00   1.1363208e+00  -5.5336729e-01  -6.9042763e-01  -7.0259605e-01
   1.0000000e+00   1.8900841e-01  -2.1226159e-01  -4.2393033e-01   3.3822820e-02   5.8651772e-01   2.5948467e+00
   2.0000000e+00  -1.6374613e-01   5.9883125e-01  -3.6192298e-01   7.6531329e-01   1.8399080e+00   1.7292785e-01
   2.0000000e+00  -1.8247835e+00   2.8781095e-01   8.2604608e-01  -6.7697403e-01   2.4437334e+00  -7.5427963e-01
   2.0000000e+00   5.5341132e-01  -1.6460690e+00   5.5890162e-01   2.5639353e-01  -1.3398981e+00  -1.1664488e-03
   2.0000000e+00  -1.1561580e+00   1.0867383e+00  -2.6867766e+00   1.4029145e+00  -2.2159801e+00   2.6649634e-01
   2.0000000e+00  -2.4615708e-01  -1.4004054e-01   1.1828981e+00   1.0532044e+00   1.0665479e+00  -4.7110541e-01
   2.0000000e+00   1.9341920e-01   2.2648127e+00   7.5406238e-01   2.1292995e-02  -2.3715604e-01  -1.5085223e+00
   2.0000000e+00   5.4426194e-01  -3.0563000e-01  -1.2297045e+00  -1.4240462e+00  -7.5531210e-01   2.4257815e-01
   2.0000000e+00   1.6052361e+00  -8.8316035e-02  -1.0219694e+00   4.8362391e-01   8.6138775e-01  -3.2946435e-02
   2.0000000e+00  -4.0122711e-01  -1.1937696e-01  -1.6678298e-01  -1.9881611e-01  -8.1919068e-02   2.0645137e+00
   1.0000000e+00   1.2158989e+00  -1.1028032e+00  -1.6293598e-01   5.2408854e-01   7.1624282e-01   1.4846509e+00
   2.0000000e+00   1.7691655e-01   9.5783875e-01  -9.2410358e-01   2.2012546e-01  -3.3532288e-01  -9.0064355e-01
   2.0000000e+00  -6.4549694e-01  -1.6211714e+00   1.6859588e+00  -1.8465489e-02  -2.1093014e-01   1.8643305e-01
   2.0000000e+00   5.2415450e-02  -2.0735318e+00   1.2752700e+00  -1.4040730e+00   1.0363757e+00   1.2965651e+00
   2.0000000e+00   7.0992650e-01  -3.5689500e-01   5.6632534e-01  -5.2148200e-01  -8.3847289e-01   4.4422141e-01
   2.0000000e+00  -4.6703016e-01   6.7919478e-01   1.6143491e-01  -6.7966746e-01   1.0063297e+00  -4.5212590e-01
   1.0000000e+00  -5.0526182e-02   3.9267800e-01   6.2359320e-01   6.0328992e-01   6.2320103e-01  -1.4614623e+00
   2.0000000e+00   2.3312090e+00  -2.0847947e-01   1.0728677e+00  -7.3040076e-01  -8.5336442e-01  -1.5863477e-01
   2.0000000e+00  -1.7066144e+00  -2.3800336e+00  -5.9960708e-01   6.3315032e-03  -1.5278918e+00   1.8735302e-01
   2.0000000e+00  -4.9741446e-01  -1.2702137e+00  -8.8548110e-01   9.5320546e-01  -6.1536740e-01   8.3504098e-02
   2.0000000e+00  -6.1013820e-01  -6.2849305e-01   1.0014529e-01   1.2356344e+00  -6.8984145e-01  -9.6013187e-01
   2.0000000e+00  -1.1957130e+00   6.0960792e-01   5.0530982e-01   5.4159756e-01   1.0641283e+00  -1.3709018e+00
   1.0000000e+00   1.9431977e-01   1.5724998e-01   4.0197489e-01   9.5985819e-01   1.3173356e-02  -2.9141618e-02
   2.0000000e+00   1.1164373e+00  -2.3130927e+00   3.5002699e-01   3.9942029e-01  -4.2446197e-01   3.8404466e-01
   2.0000000e+00   5.5939114e-01  -7.9255836e-01   1.4969891e+00  -6.8790276e-01  -4.9841395e-01  -6.3782199e-01
   2.0000000e+00   1.7201668e-01  -8.9460420e-01   2.8671668e+00   6.2690496e-01   2.7581754e-01   2.3130269e-01
   2.0000000e+00   5.5341964e-01   9.6265466e-02  -9.4028195e-01   7.1611087e-01  -4.1282217e-01  -7.4638492e-01
   1.0000000e+00   1.0598331e+00  -2.7004646e-01   7.8329828e-01  -9.3905969e-02   4.2858380e-01  -1.1949480e+00
   2.0000000e+00   5.3047487e-01  -1.5127717e+00   1.9253821e+00   6.4885069e-01   7.0740259e-01  -1.6924183e+00
   1.0000000e+00   2.7188200e-01   5.2155784e-01  -6.8066246e-01  -1.9964178e-01   4.8674420e-01  -3.2789196e-02
   2.0000000e+00  -6.3306363e-01  -5.0811693e-02   1.4146080e+00   1.1510974e+00   1.7986886e+00  -9.9621285e-01
   2.0000000e+00  -1.2431030e-01   9.3119748e-01   1.0073221e+00  -6.4056276e-01  -1.0727985e+00   7.7600207e-01
   2.0000000e+00   1.1262212e+00   5.9251192e-02   2.0276626e+00  -3.7884361e-01   2.5325158e-02  -3.0109811e-01
   2.0000000e+00  -5.2262461e-01   1.4390275e+00  -4.9091934e-01  -1.4883061e+00   1.2137307e+00   2.8020000e-01
   2.0000000e+00   7.4725957e-01   1.2758656e+00  -4.7822792e-01  -6.1020338e-01   1.8768802e+00  -2.7340377e-01
   2.0000000e+00  -9.4502755e-01   2.3601844e+00   1.2032778e+00  -6.3140350e-01  -2.1757148e-01   4.7376957e-01
   1.0000000e+00  -2.9067198e-01  -1.2358079e+00   8.1373269e-01  -8.2793130e-01   2.1144729e-01  -2.2061542e+00
   1.0000000e+00  -1.7365087e-01  -4.8080161e-02   8.8403594e-01   8.9617874e-01   7.8034768e-02  -1.9639381e+00
   2.0000000e+00   5.5537397e-01  -4.6502230e-01   3.9325085e-01  -2.8171883e-01  -2.3234602e-01  -5.9932110e-01
   2.0000000e+00   4.1892131e-01  -1.0185908e-01  -3.7299345e-01   4.6603879e-01  -1.3712898e+00  -1.0267978e+00
   2.0000000e+00  -1.1380428e+00  -6.1997206e-02   5.3910310e-01   1.1543762e+00  -2.8611533e-01  -1.7441425e+00
   2.0000000e+00   1.7339931e-01  -7.2778513e-01   2.9605258e-01  -1.8583100e+00   1.4212351e+00  -5.7021527e-01
   2.0000000e+00   1.8099577e+00   1.4306372e+00  -1.3533782e+00   1.8355894e-01   1.0775224e+00   6.9394587e-01
   2.0000000e+00  -3.3692035e-01   2.5706320e-01  -1.0344700e+00   8.3461947e-01  -1.5991851e+00   1.2616711e-01
   2.0000000e+00  -5.8082416e-01   8.2662108e-01  -5.8300203e-01   3.5285521e-01   1.8441772e+00   1.1297498e-01
   1.0000000e+00   1.7180389e-01  -2.5867636e-01  -8.3906836e-01  -3.8725751e-01   6.6349519e-02  -5.0567824e-01
   2.0000000e+00  -1.5749794e+00  -2.7441194e-01  -1.0233876e+00  -6.5600393e-01  -1.1925019e+00  -4.0300240e-02
   2.0000000e+00  -9.4116502e-01   1.2956002e-01  -1.7914282e+00   7.9490669e-01   9.4341397e-02  -2.2920307e-01
   2.0000000e+00  -2.2358116e-01   1.6553759e+00  -1.5995561e+00  -1.4487671e+00  -8.3961556e-01   1.3042643e-01
   2.0000000e+00  -1.4195543e+00   9.0084058e-03  -6.2186670e-02  -2.2355495e+00   4.8728590e-01   8.7528160e-01
   2.0000000e+00   6.0356232e-01  -1.1970960e+00   7.8678426e-01   1.0061645e+00   8.2853784e-01  -3.8509335e-02
   2.0000000e+00  -7.8485737e-01  -1.0446533e+00  -6.8026953e-02  -1.3082581e+00  -1.3340486e+00   1.5511390e+00
   2.0000000e+00  -1.1377643e+00   1.3477702e+00  -7.1473907e-01   2.3458538e-01  -7.9151671e-01  -5.8887201e-01
   2.0000000e+00   3.2144274e-01  -6.5242267e-01  -7.8823941e-01  -6.4000614e-02  -3.8348711e-02   4.8191567e-01
   1.0000000e+00   6.4435408e-01  -3.0467833e-01   1.7515265e-01   6.1219487e-01   2.5549185e-01   5.8143672e-02
   2.0000000e+00  -2.8282867e-01  -2.0129225e-01  -8.9718082e-02   1.5409201e+00  -1.1517918e+00   7.7758894e-01
   2.0000000e+00   1.0957051e+00   5.3248781e-01   5.6082696e-01   1.6297204e+00  -1.5333285e+00   3.6687214e-02
   2.0000000e+00  -1.2958380e+00   2.6649784e-01  -1.0608503e+00   6.9330151e-01   2.4736870e-02   1.0723326e+00
   2.0000000e+00   3.5774629e-01  -1.2443902e+00   1.6484207e+00   1.5445649e+00  -1.2391605e+00   1.7312926e+00
   1.0000000e+00   7.6677443e-01   5.2790446e-01   7.4385991e-01  -9.5819195e-02   6.0893258e-01   3.2283240e-01
   2.0000000e+00   1.2974222e+00  -5.7542655e-01  -5.7279787e-01   1.8370986e+00  -9.0478116e-01   1.1117917e+00
   2.0000000e+00   1.3852131e+00   1.0394391e+00  -3.4266406e-01   1.2759886e+00  -1.0957888e+00  -3.3260689e-01
   1.0000000e+00  -3.1415978e-01  -7.7159372e-01   7.6676486e-01  -1.1307042e+00   4.8504907e-02  -3.0702181e-01
   2.0000000e+00  -1.5612849e-01   4.0691051e-02  -7.1840295e-01  -1.1612283e-01   1.1572109e+00   4.9501262e-01
   2.0000000e+00   1.0782965e+00   4.2039695e-01   9.7039279e-01  -4.5608290e-01  -2.1131153e+00  -1.0244791e+00
   1.0000000e+00   3.9191827e-01  -5.5575029e-01  -8.0009894e-01  -3.9364503e-01   2.5749704e-01   1.5177893e+00
   2.0000000e+00   1.9710520e+00   2.7625648e-01  -1.1097475e+00  -5.3957932e-01  -1.0834934e+00   4.6921164e-01
   2.0000000e+00   7.6322913e-01  -1.2689671e-01   6.0579785e-01  -2.6509253e-01   1.8032033e+00  -4.3578000e-01
   2.0000000e+00   3.5745105e-01   1.1417087e+00   1.9303338e-01  -5.0993619e-01  -1.5269883e+00   4.1887464e-01
   2.0000000e+00  -1.3580423e-02   3.1502315e-02  -9.2300297e-01   1.6410836e+00  -1.2210258e+00  -1.6840622e+00
   2.0000000e+00  -6.0647360e-01  -6.2747506e-01   2.4073017e+00  -9.2828128e-01  -3.5296273e-01   3.3775445e-02
   1.0000000e+00   6.6902847e-01  -1.3582384e+00   7.7043141e-03  -1.3247083e+00   9.0344455e-03  -5.6103974e-01
   2.0000000e+00  -1.0847101e+00  -2.1638848e-02   4.7742038e-01   9.2545067e-01  -6.1797303e-01  -5.8779251e-01
   2.0000000e+00   1.3302902e+00   1.1493340e+00  -2.7498665e-01   8.3931715e-01  -1.1016180e+00  -1.5934967e+00
   1.0000000e+00   8.0394388e-01   9.9660634e-01   1.0577595e-01  -1.3699799e+00   8.7256294e-01   1.3858024e+00
   2.0000000e+00  -1.6739780e-01   4.4977027e-01   3.0931665e-01  -1.0382728e+00  -1.5305079e+00  -2.8133880e-01
   1.0000000e+00   9.4830430e-01  -3.6330306e-01  -1.0276652e-01  -1.0067049e+00   6.2233598e-01   6.3779476e-01
   2.0000000e+00  -7.4751325e-01  -3.0327020e-01  -3.1666131e-01   6.2788405e-02  -4.5570411e-01  -6.3386594e-01
   2.0000000e+00   2.7290763e-01   8.0101009e-01   2.7741905e-01   2.0065463e+00  -1.2375385e+00  -1.4250038e+00
   2.0000000e+00  -6.0976274e-01   1.0767191e+00   6.1295452e-01   2.7789322e-02  -4.1195243e-01   1.0813889e+00
   2.0000000e+00   8.3657006e-01   1.3701400e+00  -1.0200666e+00   5.0409617e-01  -8.7126829e-01   2.1438394e+00
   2.0000000e+00   4.4663391e-01   8.8520106e-01  -8.1816372e-01  -1.8687742e+00  -3.8687292e-01   1.3881211e+00
   2.0000000e+00  -8.1051547e-01   1.4981391e-01  -3.7798805e-01   8.3570915e-01  -9.7136342e-01   1.2265378e+00
   2.0000000e+00   1.0047486e+00   1.1392034e+00   8.2721967e-01   1.0410385e+00   1.1916925e+00  -9.5236095e-01
   2.0000000e+00   3.6380384e-01  -3.7090746e-01  -1.1246451e+00   1.0414527e+00  -2.6866052e+00   3.5345684e-01
   2.0000000e+00   1.0636313e-01  -4.3246204e-01  -6.5308629e-01   2.5473622e-01  -3.3577555e-01   1.0511473e+00
   2.0000000e+00   8.3601068e-01  -9.6030623e-01  -1.3147382e+00   6.4594467e-01   7.8659467e-01  -1.0699451e+00
   2.0000000e+00   3.9886288e-01  -9.3103234e-02  -5.1774739e-01   1.3749314e+00  -2.5547667e-03  -1.0605950e+00
   2.0000000e+00   1.1343812e-02   3.2127673e-03   4.6716457e-01   6.7707454e-01  -4.0250711e-01   6.7712473e-01
   2.0000000e+00  -3.7432763e-01  -8.7755009e-02  -8.7008065e-02   1.4630761e-01  -6.9115306e-01   9.9547797e-01
   2.0000000e+00  -3.8391940e-01   1.8192796e+00  -9.1754183e-01   7.9569219e-02  -6.7176006e-01   4.0235340e-01
   1.0000000e+00   1.1218908e+00   4.4125244e-02   6.3213004e-01   3.2207206e-03   2.2757939e-01  -8.8407775e-01
   1.0000000e+00   5.3818550e-01  -2.4503926e-01   5.4075933e-01  -7.5874713e-01   2.5696870e-01  -1.1224694e+00
   2.0000000e+00   1.2992325e+00  -6.7026477e-01  -1.3843677e+00  -1.6327743e+00   1.6664413e+00  -3.0476595e-01
   2.0000000e+00  -9.3601999e-01  -7.6784115e-01   9.0518255e-01  -1.6893436e+00  -1.5088461e+00  -1.5811375e+00
   2.0000000e+00  -3.5209780e-02  -1.6462518e+00   8.7997396e-02  -7.2409697e-01   1.6429022e+00  -9.9684678e-01
   1.0000000e+00   1.1368247e+00  -8.3957483e-01  -4.3677074e-01   7.5605652e-01   4.0582057e-01   7.4664753e-01
   1.0000000e+00   8.8045658e-01   7.7077007e-01  -6.4889322e-01   1.9729839e-01   5.1553264e-01  -8.5776714e-01
   2.0000000e+00  -8.5257469e-01   8.7209358e-01  -7.1472974e-01  -1.0888256e+00   1.5901475e+00   9.0321277e-01
   1.0000000e+00  -5.1155720e-01  -5.8591815e-01   2.8928430e-01  -4.1405086e-01   4.0398939e-01  -5.3697269e-01
   2.0000000e+00  -1.5894253e+00   8.1484538e-01   5.9489177e-01   9.8303248e-01   2.0628684e+00  -6.8852668e-01
   1.0000000e+00   9.1210680e-01  -1.3456412e-01   3.5630538e-01   1.2679234e+00   5.0198726e-01   8.7109373e-01
   2.0000000e+00   8.4292787e-01   1.7499525e+00  -3.3430524e-01   7.8410398e-01  -4.1634364e-01   1.1097593e+00
   2.0000000e+00  -9.7121930e-01  -1.2035793e+00  -1.9443080e+00   7.6121840e-01  -1.1144441e+00  -2.0691584e-01
   1.0000000e+00   3.0314487e+00   4.4932365e-01   7.9550921e-01  -2.2228033e-01   3.7312343e-01   7.6134235e-01
   2.0000000e+00   9.5184708e-01   2.2349086e+00  -8.6097175e-01  -3.3409774e+00   1.0228522e+00  -1.3868290e+00
   2.0000000e+00  -1.0079849e+00   1.1964306e-01  -1.8092397e+00  -8.6737264e-01   7.5332727e-01  -7.8896249e-01
   2.0000000e+00   6.4490215e-01   9.7786850e-01  -3.8571655e-01   2.9592612e-02  -1.0779973e-01   1.3342863e+00
   2.0000000e+00  -1.2592118e+00  -6.0363282e-01   6.6834855e-01   6.4710883e-01   1.1337391e+00  -8.0039823e-01
   2.0000000e+00   7.8250033e-01   9.2421250e-01   2.0387908e+00   1.4818956e+00   6.5893864e-01   6.9744187e-01
   2.0000000e+00  -1.0919983e+00  -2.8300006e-01   4.8685786e-01  -4.6436029e-02   1.0803415e+00   3.0139050e-01
   2.0000000e+00   2.3061253e-01  -2.1388680e+00  -4.8888779e-01  -3.6850047e-01  -7.5343586e-01  -1.4791242e+00
   1.0000000e+00   3.9737459e-01   7.4670696e-01   1.2055704e-01   1.6209685e+00   2.4380263e-01  -1.2655231e+00
   1.0000000e+00  -3.1269385e+00  -5.6301528e-01   4.2817653e-01   3.9032883e-01   3.4459031e-01   6.4815830e-01
   2.0000000e+00  -1.8557343e+00   4.3654027e-02   1.5325473e+00  -5.5624008e-01  -5.2763483e-01  -7.9721716e-01
   2.0000000e+00   5.4323020e-01   1.0675812e+00  -2.9025162e-01   2.1582911e-01  -9.0768447e-01   1.1858030e+00
   2.0000000e+00  -1.3492003e+00  -2.2546005e+00   1.4913174e-01  -2.0355866e-01  -8.8182776e-01  -1.2070565e-01
   2.0000000e+00   6.6762950e-01  -8.0102808e-01  -6.0790237e-01  -5.8627690e-01  -1.3249759e-03  -7.3889652e-02
   2.0000000e+00   4.4426098e-01   1.4559338e+00   4.4758516e-01   2.3540962e+00  -1.8494489e+00   1.3525689e-01
   1.0000000e+00  -1.6349725e+00  -4.1607101e-01   2.4504355e-01  -1.4185739e+00   2.9623657e-01   1.4558458e-01
   2.0000000e+00   5.6383668e-01   1.6297466e+00   1.8900564e+00   2.7841780e-01   2.1147436e-01  -4.9673887e-02
   2.0000000e+00  -4.3574850e-01   1.2902265e+00  -1.1519490e+00   1.4587309e+00   1.1298873e+00  -3.2093995e-01
   2.0000000e+00  -1.5556470e+00   1.9189686e+00  -1.0758357e+00  -9.5948858e-01  -3.2159570e-01   5.0726963e-01
   2.0000000e+00   1.4031699e+00   2.0403422e+00  -8.1890257e-01  -1.0113063e+00  -1.2417207e+00   1.2974617e+00
   1.0000000e+00   4.2554013e-01  -1.0350832e+00   2.8308025e-02  -1.1644568e+00   1.3082824e-01   6.8389867e-01
   2.0000000e+00   1.4693450e-01   2.7823069e-01  -2.6731569e-01   1.2600333e+00  -4.2913101e-01   6.2462397e-01
   1.0000000e+00   3.0615688e-01   6.0936174e-01  -4.4006898e-02   3.8738185e-01   2.8140806e-02  -7.5210722e-01
   2.0000000e+00  -6.9730816e-01  -2.2492945e+00  -2.8518270e-01  -3.5692126e-01  -7.8593418e-01   1.3201127e+00
   2.0000000e+00   7.9582483e-01   1.8829761e+00   1.2494075e+00   1.1340763e+00  -3.9203142e-01  -1.2200443e+00
   2.0000000e+00  -1.6636670e+00  -1.5931878e+00   3.8556341e-01  -1.8704630e+00  -5.9636904e-01  -1.0828671e+00
   2.0000000e+00   1.1332946e+00  -1.1623355e+00   7.4114352e-01   1.3621554e-01   1.2680263e+00   1.0155361e-01
   1.0000000e+00   3.8333499e-02  -1.3864359e-01   2.2545924e-01   4.7556314e-01   3.0121383e-01  -5.2218885e-01
   2.0000000e+00  -7.3245245e-02  -9.6843895e-02   1.2429188e+00  -4.8531276e-01   1.7998520e+00   2.2399437e-01
   2.0000000e+00   1.9252683e-01  -1.4532219e+00   1.3534214e+00   4.1843968e-01  -1.4225543e+00   1.8266479e+00
   2.0000000e+00   1.8458758e-01  -1.4336734e+00   2.2289093e-01  -2.2496004e+00  -2.1854998e+00  -1.2805519e-01
   2.0000000e+00  -6.1028252e-01  -7.6545275e-01   1.3852638e+00  -4.6222623e-01  -2.1201165e-01   1.1605433e+00
   2.0000000e+00   5.5979563e-02   7.1896153e-01   3.7643781e-01   1.1450319e+00  -7.9441269e-01  -1.0186833e+00
   2.0000000e+00  -1.3161975e+00  -1.9168743e-01   1.3038645e+00  -1.2059779e+00   1.2573092e+00   1.7367615e+00
   2.0000000e+00  -2.4476664e-02   9.3837168e-01   2.5834117e+00  -2.2956258e+00  -1.1774735e+00  -3.4972944e-01
   2.0000000e+00  -1.4788083e+00   1.3892566e+00  -3.9721289e-01  -2.4076046e-02  -1.3032107e+00  -8.5065629e-01
   1.0000000e+00   9.2149548e-02   3.3255205e-01  -9.7637971e-01   1.3850345e+00   6.4049300e-02  -7.8711389e-01
   1.0000000e+00   1.4810651e+00  -1.5936888e+00   6.3064462e-01   7.4637654e-01   6.8853376e-01   1.0523394e+00
   2.0000000e+00  -1.2460301e-01  -6.5582335e-01   1.3998554e+00  -1.1337509e+00  -5.7555668e-01  -2.4713191e-01
   2.0000000e+00   3.8107979e-01  -6.7498167e-01   1.1929972e+00   5.7393445e-01   4.2822132e-01   1.7295664e+00
   2.0000000e+00  -1.0581618e-01  -1.1151196e-01  -1.3394082e-02   1.9340383e+00  -7.7679012e-01   5.6204361e-01
   2.0000000e+00   8.0676758e-02  -5.3519042e-01  -1.4567626e+00   1.3855355e+00   1.8533801e+00   1.3555615e+00
   2.0000000e+00  -2.8243258e-02   1.6103395e+00   1.6877585e+00   3.4848614e-01   3.2579364e-01  -2.0913039e-01
   2.0000000e+00  -6.9046694e-01  -7.2101301e-01  -1.5834706e+00  -1.7423166e-01   1.8718285e+00   1.4686187e+00
   1.0000000e+00   1.8192043e+00  -9.8766050e-01   8.2557070e-01   1.3299402e+00   1.7604994e-01   8.0886572e-02
   2.0000000e+00  -1.1353915e+00   1.7087961e+00  -1.0108584e+00   1.2329583e+00   3.8402343e-01   8.0344872e-01
   2.0000000e+00  -1.1146999e+00  -1.4088407e+00  -4.5831474e-01  -5.1751937e-01   1.8696726e+00  -1.0371212e+00
   1.0000000e+00   2.1357790e+00   5.8144096e-01  -7.7057606e-01   1.6697014e-01   5.9596051e-01   1.2538496e+00
   2.0000000e+00   1.7031141e+00   3.7144422e-01   9.4428103e-01   8.9916231e-01   5.4882721e-01  -8.7650973e-04
   2.0000000e+00   1.2020972e+00   5.4252270e-04  -2.2212617e-01  -2.2532158e+00   1.4929376e+00  -5.1374778e-01
   2.0000000e+00   8.4770469e-02   3.2138755e-01  -7.9527883e-01  -1.5696898e+00   1.5335406e+00  -3.6739229e-01
   2.0000000e+00  -7.1335818e-01   1.3476281e+00  -4.9486148e-01  -4.7033203e-01  -6.7426909e-03   6.9789525e-01
   2.0000000e+00  -1.0093339e+00  -4.7228168e-01   1.0844547e+00  -1.0178440e+00  -4.2313046e-01  -1.4818391e+00
   2.0000000e+00   9.2485448e-01  -9.2943850e-01   2.0821989e+00  -3.3622406e-01  -1.2119577e+00  -2.0230938e-01
   1.0000000e+00   2.0953676e-01   5.5310733e-01  -4.4310034e-01   5.5410641e-01   4.9610205e-01   1.0855422e+00
   2.0000000e+00   1.0120628e-01   7.8710149e-01   1.2717854e+00  -3.7156840e-01  -2.1380616e+00   1.5246893e+00
   2.0000000e+00  -2.7320043e-01   1.5173794e+00  -1.6802901e+00   8.7102902e-01   2.0556634e-01   8.2037509e-01
   2.0000000e+00  -2.3541461e+00   3.3170769e-01  -1.7320843e+00   1.2955368e+00  -4.7127417e-01   1.0455596e+00
   2.0000000e+00  -1.4488420e-01   5.5456247e-02  -1.2765751e-01   9.7530573e-01  -3.4159888e-01   1.4625237e+00
   2.0000000e+00   1.3764177e+00   1.2034651e+00  -1.1975059e+00   6.6335314e-01  -6.3548352e-01   1.4877025e-01
   2.0000000e+00   1.2961267e+00   4.1737486e-01  -1.5422605e+00   8.9526886e-01  -4.6412704e-02  -1.2470628e+00
   2.0000000e+00   3.5543402e-02   1.2770507e+00   1.6405671e+00  -1.2991885e+00   1.0672254e+00  -2.7809412e+00
   1.0000000e+00  -9.9115056e-01   6.8515527e-01  -5.3293905e-01   8.9351025e-01   2.3598956e-01   3.3719469e-01
   2.0000000e+00   6.1709531e-01   5.0131043e-01  -3.5693536e-01  -3.9990259e-01  -9.9439052e-01  -8.8146432e-01
   1.0000000e+00  -1.0088483e+00  -9.3501640e-01  -2.6826285e-02   6.5533021e-01   8.5577601e-01   3.5536564e-01
   2.0000000e+00   1.6639814e+00  -6.1591291e-01  -9.2768847e-02  -9.6842411e-01   1.0002781e+00  -1.4562546e+00
   2.0000000e+00   1.1527988e+00  -1.1787920e+00  -2.8298344e+00   1.1191591e+00  -1.2251151e+00  -2.9182030e-01
   2.0000000e+00  -9.2090175e-01  -7.9970458e-01  -1.6825281e-01   6.9928208e-01  -1.0705861e+00  -6.8132620e-01
   2.0000000e+00   2.5753788e+00  -1.6545220e+00   9.9854311e-01  -8.3889717e-01  -1.5750158e+00  -9.4292935e-01
   2.0000000e+00  -1.5456234e-01   1.0991096e-01  -4.9553637e-01   1.0107607e+00  -4.0638791e-01  -6.8158460e-01
   2.0000000e+00   8.2607544e-01   1.4208116e+00  -1.3925604e+00  -2.1428811e+00   1.7360555e-01   5.0575586e-01
   2.0000000e+00  -1.8405190e+00   1.5919636e+00   3.5494216e-01   1.4704817e+00  -4.9190152e-01   1.5258895e+00
   2.0000000e+00   1.0805844e+00  -6.3348709e-01  -3.8905958e-01   1.3158745e+00  -2.2360012e-01  -1.1111634e+00
   2.0000000e+00  -7.4478871e-01   5.3127818e-02  -9.5739450e-01  -5.1041921e-01  -1.2480771e+00   1.3262928e-01
   2.0000000e+00   6.6106955e-01   3.0010857e-01   4.5946629e-01  -2.1089407e-01  -8.8656317e-02   7.4038948e-01
   2.0000000e+00  -1.0735024e+00  -9.4519979e-01  -9.9291702e-01   2.4070541e+00  -1.5899380e-01  -3.7581670e-02
   1.0000000e+00   1.6208113e+00  -2.1766260e+00  -1.4606641e-01  -6.1640681e-01   6.2456626e-01  -9.8339037e-01
   2.0000000e+00   7.9693858e-01   8.4831501e-02   1.2161972e+00   6.0398689e-01  -4.3679116e-01  -1.7645632e-01
   1.0000000e+00   1.4779466e+00  -2.5176781e-01  -5.6335338e-03   6.8646642e-01   3.8130607e-01  -1.5142389e+00
   2.0000000e+00   4.6591096e-01  -7.9239254e-01  -6.9581862e-01  -4.4569092e-01   1.4796880e+00  -6.3801872e-01
   2.0000000e+00  -1.6569190e-01   2.2886100e+00   7.2259559e-02   5.8035689e-01   2.0059097e+00  -1.3596207e+00
   2.0000000e+00   1.1556703e+00  -5.3137680e-01   7.0027965e-01   9.6371682e-01  -1.6183276e+00  -3.9182716e-01
   2.0000000e+00   8.3461315e-01  -2.3101067e-01   2.2863515e+00  -4.3352775e-01   1.6909574e-01   9.8695108e-01
   1.0000000e+00  -1.7244043e-01  -2.2622270e-01   2.2339854e-01   3.2461010e-01   7.0397598e-01  -1.1939963e+00
   1.0000000e+00  -1.5856111e+00  -1.6727572e+00  -3.2736830e-01  -4.3469037e-01   7.2104895e-02  -1.8372569e+00
   2.0000000e+00  -5.6667579e-02   1.5888658e+00  -2.8056833e+00  -7.5859868e-01   8.8750919e-01   8.2345776e-01
   2.0000000e+00   1.5491519e-01   8.9784142e-01   2.6178534e-02  -3.9610788e-01   1.1609579e+00   3.6358984e-01
   2.0000000e+00  -4.1392646e-01   9.5621424e-02   1.6279576e+00  -7.7084878e-01   1.0132751e+00   6.0691982e-01
   1.0000000e+00   1.0974867e+00   8.9540555e-01  -2.0747589e-01   3.7773870e-02   2.3609824e-01  -2.8119846e-01
   2.0000000e+00  -1.1434354e+00  -6.5295888e-01   1.0280248e+00   2.5822926e-01   2.0871414e-01   2.1993397e-01
   2.0000000e+00  -1.4734091e+00   6.6106468e-01  -9.5544146e-02   8.9284275e-01   1.0651263e+00  -4.3975225e-01
   2.0000000e+00   2.0336855e+00   5.8794154e-02   6.6239143e-01   7.5172850e-02  -1.2876593e+00  -5.4305300e-01
   1.0000000e+00  -6.7550634e-01   1.9078335e-02  -6.2544718e-01   1.5939060e+00   2.2981475e-01  -7.3825557e-01
   2.0000000e+00  -7.6984690e-01  -7.3168548e-01   1.2042580e+00   5.7640090e-01  -4.6799695e-01  -2.0502429e+00
   2.0000000e+00   1.7679777e-01  -3.5730391e-01  -7.6092865e-01   2.3057768e+00  -7.0164016e-01  -8.5757390e-01
   1.0000000e+00  -6.0999241e-02  -1.4075450e+00  -1.7361139e-02  -1.1516871e-01   8.6684068e-01   1.8771312e-01
   2.0000000e+00  -5.6397410e-01  -8.0551414e-02   1.6259192e+00   2.5936585e-01   3.1489405e-02   1.2481626e-02
   2.0000000e+00  -2.1055317e-01  -1.2743027e+00  -5.8290615e-01  -2.3876140e+00   3.2757226e-01  -2.3374777e+00
   1.0000000e+00  -1.2777374e+00  -3.3091167e-01  -6.1759302e-01   4.9338585e-01   1.6803465e-01   1.0361802e+00
   2.0000000e+00   1.1000132e+00   3.2409066e-01  -1.4048415e+00  -7.3351855e-01   3.4519769e-01   5.4328972e-02
   2.0000000e+00  -4.2793073e-01  -6.9533871e-01  -1.0859138e+00   1.6133413e+00  -2.7533145e-01  -3.4701723e-01
   1.0000000e+00  -7.6816277e-01  -2.5992967e-01  -3.1870400e-01  -3.3038501e-01   5.3947411e-01   1.4822345e+00
   2.0000000e+00  -1.9704264e-01   1.3006296e+00  -1.0916944e+00   5.7341747e-01  -1.7895068e-01  -7.8228622e-02
   2.0000000e+00   3.2049088e-01   1.0101893e+00  -5.8807749e-01   9.8775596e-03  -4.2913143e-01   8.8202179e-01
   2.0000000e+00   6.9358075e-01   6.0329007e-01  -1.1358355e+00   9.8687916e-02  -4.0810418e-01   2.5673444e+00
   2.0000000e+00  -1.4781755e+00   1.3300103e+00   5.1648599e-02  -1.5780018e+00  -1.8557820e-01  -7.0106016e-01
   2.0000000e+00   1.9559782e+00  -1.2585169e+00  -6.6930790e-01  -3.1122538e-01  -2.0743308e+00   7.8994455e-01
   2.0000000e+00   3.7222017e-01  -1.7459449e-01  -5.2414649e-02   1.4565431e+00   2.9247393e+00   1.1736528e+00
   2.0000000e+00  -3.0585584e-01  -1.6782247e+00  -1.9451009e+00   6.7779075e-01   2.2825416e+00  -1.6725400e+00
   2.0000000e+00  -9.1298738e-01  -4.5609513e-01  -5.7397764e-01  -2.1287741e+00  -9.8394490e-01  -1.2775796e+00
   2.0000000e+00   6.4181258e-02  -6.3573337e-01   7.4603420e-01   1.8082786e+00  -1.5782767e-01  -8.7413608e-02
   2.0000000e+00   3.1115765e-01  -1.4350924e+00   1.5023935e+00   1.5566498e-01   1.4142825e-01  -3.4207386e-01
   1.0000000e+00   2.0447398e+00   2.1970334e-01  -7.3090528e-01  -4.2518638e-01   1.1752255e-01   9.2224315e-01
   2.0000000e+00  -1.4251508e+00   5.2328639e-01  -1.0751891e+00   2.5897494e-01  -5.7697913e-01  -1.4920625e+00
   2.0000000e+00   9.2883365e-01   1.2044378e+00  -1.2352623e-01  -5.5134525e-01  -1.8479935e-01  -9.2857032e-01
   2.0000000e+00  -1.5232820e+00  -8.3910154e-01  -1.4253955e+00   1.0145244e+00   5.2409200e-01  -9.8950122e-01
   2.0000000e+00  -5.0667384e-01  -2.4761462e-01  -2.3683797e-01   1.1921695e+00  -8.9529716e-01   3.9791390e-01
   2.0000000e+00  -1.3727082e+00   8.0039341e-01   1.1298100e+00   4.0308129e-01   5.5610512e-02  -7.0357097e-01
   2.0000000e+00   1.8838579e+00  -1.0147486e+00   1.6242323e+00   4.6300788e-02  -5.0975827e-01   1.7068215e+00
   2.0000000e+00   2.7084212e-01  -1.1561113e+00  -9.7680339e-01  -3.8222811e-01  -7.5137847e-01   7.5350995e-01
   2.0000000e+00  -1.3024508e+00   1.0553133e+00  -4.9639253e-01   1.0611758e+00   8.9998323e-01  -2.4459457e-01
   2.0000000e+00  -3.1519437e-01  -8.1059003e-01   8.8254364e-01   7.7403841e-01  -1.3524402e+00   1.1994864e-01
   2.0000000e+00  -7.5814407e-01  -1.3802989e+00  -9.6972789e-01   2.4265831e-02   1.0680296e+00  -5.7966322e-01
   2.0000000e+00   1.1779861e+00  -1.4466442e+00  -7.9730956e-01   1.9967930e+00  -6.6177254e-01  -2.7307958e+00
   1.0000000e+00  -1.0363087e+00  -8.6851126e-01   8.2109638e-01  -4.1317921e-01   6.3736090e-02   2.6165430e-01
   2.0000000e+00   1.3546979e+00  -6.8452138e-01   1.1940422e+00   3.0916949e-01  -1.3963946e+00  -4.4659361e-02
   2.0000000e+00  -8.3091177e-01  -5.6549074e-02  -3.6693801e-01  -1.2333336e+00   1.5088282e+00   1.2190143e+00
   2.0000000e+00   9.5254682e-01  -1.6329365e+00   1.0144945e+00   3.5664602e-01  -5.1557445e-01   1.0392505e+00
   2.0000000e+00   9.5330932e-01  -9.2922827e-01  -7.1142306e-01  -1.3223087e+00  -1.1941594e+00  -1.3523792e-01
   1.0000000e+00  -1.9090020e-01  -3.6783772e-01   9.4810594e-02   3.4206783e-01   4.6553030e-01   4.1511461e-01
   2.0000000e+00  -1.0075144e+00  -9.3612087e-01   1.2620073e+00   1.9971111e+00  -1.9353542e-01   1.2853499e+00
   1.0000000e+00  -2.4027277e-01   1.1050052e+00  -2.3431407e-01  -1.4123692e+00   5.1744484e-01  -1.0575460e-01
   2.0000000e+00  -7.7345921e-03   1.4569007e+00  -2.3641772e-02   2.5740725e-01  -7.1363198e-01  -3.5893090e-01
   2.0000000e+00   1.3456449e+00  -8.7284007e-01  -9.8703270e-02  -1.0769989e-01  -8.4303071e-01  -1.8281928e-01
   2.0000000e+00  -2.6964514e-01   7.9860275e-01   6.7226880e-01   1.2829577e+00  -1.6866420e+00   8.2268262e-01
   2.0000000e+00  -5.6277291e-01   1.0493414e+00  -5.8606665e-01  -6.6478524e-02   1.2058153e+00   1.8430957e+00
   2.0000000e+00  -3.3165838e-01  -1.3321356e+00   5.3599383e-01  -1.6321696e+00  -7.7575214e-01  -2.1786708e+00
   2.0000000e+00  -2.1203227e-01   2.8533093e+00   7.8113257e-01   2.3308379e-02  -8.2264872e-01   3.1870874e-01
   1.0000000e+00  -2.8708809e-01  -7.6784221e-01  -3.2652216e-01   8.0990698e-01   9.0716912e-01   7.3324308e-01
   2.0000000e+00  -7.6248821e-01  -1.1359981e+00  -1.3627802e+00   1.4891520e-01  -4.9897908e-01   1.5313222e-01
   2.0000000e+00  -3.3387163e-01  -2.8717499e-01  -1.0525835e-01   1.9423539e+00  -1.6609764e+00  -8.6374577e-01
   2.0000000e+00  -3.8933519e-01  -6.3621830e-01   7.9316170e-02  -4.3040406e-01   1.7106663e+00  -9.9053005e-01
   2.0000000e+00   1.1676706e+00  -2.5637779e-01  -1.1794492e+00   6.8046497e-02   1.2737141e+00  -4.4016715e-01
   1.0000000e+00  -1.7768835e+00   1.5130226e+00   5.7524304e-01  -8.4703422e-01   5.7956146e-02   1.5525399e+00
   2.0000000e+00  -9.0120331e-01  -1.1200641e+00  -9.1119666e-01  -1.3964355e+00  -5.0525214e-01   1.3528384e+00
   2.0000000e+00   1.6978310e+00   3.3543617e-01  -6.6402427e-01   1.2371634e+00  -7.5339327e-01   7.2133387e-01
   2.0000000e+00   2.3732724e-01  -3.3277001e-01   4.2887875e-01  -1.1367677e+00   1.6702403e+00   1.3599999e-01
   1.0000000e+00   1.1274640e-01   1.6294634e+00  -2.5055622e-01  -1.2659059e-01   4.0149626e-01  -1.8891659e+00
   2.0000000e+00   5.2497216e-01  -3.5199241e-01   1.8416861e+00   1.6451771e+00   7.2302764e-01   4.8810872e-01
   2.0000000e+00   5.0821652e-01  -1.6518710e+00   9.3813549e-01  -3.0308584e-01  -1.6482143e+00   1.0410000e+00
   2.0000000e+00  -1.2934060e+00   8.7281487e-01  -1.0925258e+00   3.0996697e-01   8.6788166e-01  -1.3088771e+00
   1.0000000e+00   1.2368282e+00  -2.9942670e-01   1.4323735e-01   1.4847227e+00   4.4652391e-01  -7.7977525e-01
   2.0000000e+00   2.0107547e+00   6.4606711e-01   2.6887894e+00   4.6947899e-01   4.5386675e-01  -8.8623252e-01
   2.0000000e+00  -1.2312604e+00   1.3113187e+00   4.0466263e-01   7.0206088e-02   1.1035804e+00   1.5109999e+00
   2.0000000e+00   7.8145285e-01   5.0141476e-01  -9.6980031e-01   4.7099772e-01  -7.5838247e-01  -7.2875215e-01
   2.0000000e+00   8.3375320e-01   1.9700137e+00  -1.2990664e+00  -2.0961030e+00   6.6564196e-01  -9.9106149e-01
   2.0000000e+00   4.1570900e-01  -6.4497433e-01  -2.7050736e+00   1.5451000e+00  -1.7151553e-01   8.7906466e-01
   1.0000000e+00  -9.0458261e-01  -4.5888370e-01  -7.6752349e-01   1.0941731e+00   3.4238140e-02   1.3786631e+00
   2.0000000e+00  -4.0798630e-01  -3.0287120e-01  -1.9615358e+00  -1.0861871e+00  -2.0587695e+00  -1.2366329e+00
   2.0000000e+00  -5.7261413e-01   1.0158720e+00   8.8636028e-01   6.3508061e-02  -2.5622686e+00   1.1736920e-01
   1.0000000e+00   6.7540713e-01  -1.2801347e+00   7.3963615e-01   2.1106262e-01   3.5181873e-01  -4.2971330e-01
   2.0000000e+00  -2.9718143e-01   2.5835595e-01  -6.0037194e-01  -1.3827121e-01  -1.1262938e+00  -2.9730763e-01
   1.0000000e+00   1.1245532e+00  -3.0353871e-01  -8.5476312e-01  -8.2715972e-01   1.8772559e-02   1.2729942e-01
   2.0000000e+00  -8.2894911e-01   1.2603007e+00   1.0892320e+00  -1.0613099e+00  -5.2405016e-02  -6.0678277e-01
   2.0000000e+00  -1.2094296e+00  -2.5474683e-01   1.2191075e+00   3.8391943e-02   6.4615696e-01   1.2017992e+00
   1.0000000e+00   7.1183391e-01  -7.8600268e-01   3.9103157e-01  -7.1389155e-01   7.4622389e-01  -9.6306785e-01
   2.0000000e+00   5.5062393e-01   1.5018968e+00   1.8114012e+00   5.1200216e-01  -1.1817479e+00   6.5847272e-01
   2.0000000e+00   1.9534631e-01   2.3553002e+00   1.2284798e+00  -5.9527142e-01  -1.0712170e+00   1.3780118e+00
   2.0000000e+00   1.3492996e+00   2.1833487e+00   9.5039150e-01  -1.2802453e+00   6.6151419e-01  -1.3356468e+00
   1.0000000e+00  -1.4248020e-01   6.1435311e-01  -7.4447809e-02  -2.2393314e-01   5.7271773e-01   2.1506736e+00
   2.0000000e+00  -1.2939244e+00  -7.3675551e-01  -1.3961101e+00  -2.7897945e+00  -6.0713648e-01   2.6882487e-01
   2.0000000e+00  -2.9877924e+00  -1.3526703e-01   9.6976868e-01   6.0434094e-01  -2.1796990e+00   1.6347716e+00
   2.0000000e+00   9.3743933e-01   1.4894524e+00  -1.1319105e+00   1.9656387e+00   9.2842217e-01  -7.7954012e-02
   1.0000000e+00   1.4500726e-01   2.1778774e-01  -3.7600172e-01   7.5469189e-01   4.2912847e-01   1.2592982e+00
   2.0000000e+00   3.3147363e-01   4.2276026e-01  -1.5407013e+00   1.4182196e-01  -7.4853856e-01  -1.2704130e+00
   2.0000000e+00  -3.4600689e-01  -9.7187300e-02  -6.8007264e-01   6.5322120e-01   1.3706255e+00   1.0686765e+00
   2.0000000e+00  -6.5569366e-01  -2.0011981e+00  -5.5902808e-01  -1.2331048e-01  -1.3498175e+00  -1.1642836e+00
   2.0000000e+00   6.0702485e-01  -9.2408337e-01  -1.9289988e+00   1.2359954e+00   5.1863008e-02   2.4681782e-01
   1.0000000e+00   1.2209595e+00   1.0571356e+00  -1.4235315e-01   1.2525760e+00   3.3140812e-01  -4.3656966e-01
   2.0000000e+00   3.5148088e-01  -4.9742118e-01  -3.6947949e-01   6.3086403e-01   1.0294911e+00  -3.4960878e-01
   2.0000000e+00   1.9124506e+00   1.2123489e+00  -9.8374973e-01   7.2185600e-01   1.5531940e+00   9.7821981e-01
   1.0000000e+00  -1.1331874e+00  -3.8005116e-01  -1.6757885e-01   2.5132756e-01   5.6578272e-01   1.9470126e+00
   2.0000000e+00  -6.0459713e-01   1.4810165e+00  -1.3002102e+00   6.9798674e-02   5.0057725e-02  -2.1093173e-01
   1.0000000e+00  -2.9490732e-01   2.7458606e-01  -3.0763441e-01   9.8816378e-01   7.0158182e-01   7.1837356e-01
   2.0000000e+00  -7.0860548e-01   7.9680772e-02   3.9736487e-01   8.7446211e-01   1.6678270e+00   3.1796211e-01
   1.0000000e+00   1.3863314e+00   1.3183479e+00   3.7252305e-01   1.0627596e+00   2.2081551e-01   1.5625161e+00
   2.0000000e+00  -6.1297718e-01  -1.7770911e+00  -5.6289053e-01   6.2425431e-02  -3.0795478e-01  -2.0906895e+00
   2.0000000e+00   8.9138813e-01  -1.9507904e+00   3.2457822e-01  -3.7743352e-01  -1.4597932e+00  -8.0423214e-02
   2.0000000e+00   1.1378401e+00  -5.2774139e-01   1.0558479e+00  -2.0020164e+00   1.4352964e-01   4.8613363e-01
   2.0000000e+00  -1.5883851e+00   1.3185842e-01  -3.4135208e-01   1.2565714e+00  -1.8049523e+00  -9.0570727e-01
   1.0000000e+00  -8.1918300e-01   3.8219388e-01   1.7041817e-01  -1.6956037e-01   2.2764533e-01  -9.0256696e-01
   2.0000000e+00  -3.7050206e-01   1.8796830e+00  -6.2962638e-01  -2.6189956e-01  -2.6586001e-01   5.0692140e-01
   1.0000000e+00   1.0168964e+00  -1.1733435e+00   9.5039013e-01   4.8180005e-01   2.5846290e-01   4.3235863e-01
   2.0000000e+00  -6.7344979e-01  -4.5336035e-01   1.1303570e-01  -1.4900197e+00  -1.7426999e+00  -2.9371323e-02
   2.0000000e+00   2.2584142e+00   4.3417984e-01  -1.9722813e+00  -1.2523100e+00  -1.4279027e+00  -1.4681757e-01
   2.0000000e+00   9.0318492e-01  -1.6157524e+00  -3.0662072e-01   1.1632295e+00  -7.1417019e-02   1.5544445e+00
   2.0000000e+00   3.2661272e-01   1.2797040e+00   1.9497268e-01  -3.2708035e-01   1.9517776e+00   3.2229525e-01
   2.0000000e+00   2.2269585e+00  -7.2518157e-01  -1.3453355e+00  -2.2090784e+00  -2.6500354e-01  -2.1536463e+00
   2.0000000e+00   4.6969101e-01  -5.1826607e-03   2.5384002e+00   2.7964775e-01   9.4983683e-01  -1.5825352e+00
   2.0000000e+00  -1.2835739e+00  -1.3929869e+00  -3.9647418e-01  -2.0747100e+00   1.6962249e+00  -5.6785364e-01
   2.0000000e+00  -6.6545262e-01  -7.7914788e-01  -1.4652066e+00  -2.9389191e-01  -5.3444277e-01   6.1693859e-01
   2.0000000e+00  -2.0453567e+00   1.0660993e+00  -8.6724921e-01   1.6451226e+00  -2.7494167e-01  -5.8605312e-01
   2.0000000e+00   1.2300970e+00  -1.5643973e+00  -7.0759404e-01   1.6217853e+00  -1.6760943e+00  -8.2017684e-01
   2.0000000e+00  -2.2471731e-01   2.5069018e+00   1.8556434e-01  -3.7424133e-01   1.9878180e+00  -2.8837673e-01
   1.0000000e+00   1.0251364e+00  -6.3042422e-01   3.8553723e-01   5.2630511e-01   8.1042835e-01   1.9803071e+00
   2.0000000e+00  -7.9548182e-02  -1.6587903e+00   8.5969591e-01   1.4339358e+00  -1.1367778e+00  -3.8231854e-01
   2.0000000e+00   6.5037261e-01   1.1518126e+00   7.4416817e-02  -6.2179991e-01  -6.4030662e-01  -2.4403593e-02
   2.0000000e+00   1.8428924e-01   9.5856125e-01  -1.0692519e+00  -1.0763948e+00   1.6223210e+00  -1.4797441e+00
   2.0000000e+00   3.8112229e-01   1.8826710e-01  -2.1205896e-01   9.2558750e-02  -7.0947204e-02   7.0431646e-01
   2.0000000e+00  -1.5738383e+00   4.1324341e-02  -2.9778407e+00   2.2262546e+00   1.1485847e+00   9.2767624e-01
   1.0000000e+00  -2.2249956e-01   7.7235194e-01   1.0313588e-01   1.5776543e+00   2.4127608e-01  -8.9826369e-01
   2.0000000e+00  -2.9780693e-01   7.1606534e-03  -4.9146311e-01  -8.5090952e-03  -7.7171605e-01  -3.3531285e-01
   2.0000000e+00   3.9077487e-01   1.6628789e+00  -5.6822429e-01   3.8979696e-01  -4.4200769e-01  -1.0181557e+00
   2.0000000e+00   1.1838484e+00   3.3328550e-01  -1.2222576e-01   2.2920814e-01   1.5588276e+00   2.2439686e+00
