   2.0000000e+00   4.5202115e-01  -2.0297503e-01  -6.9124323e-01  -9.0808470e-01  -6.9045292e-01   5.7870980e-01
   2.0000000e+00  -2.9797451e-01   1.0050831e+00  -4.3226354e-01  -9.6177998e-01  -2.0518136e+00   5.8049899e-01
   2.0000000e+00  -6.6611398e-01   1.1059642e+00  -4.3741473e-01   1.7235098e+00  -1.0266446e+00   6.5151319e-02
   2.0000000e+00  -1.1691290e+00   2.0610393e-02   5.8581096e-01   1.0070409e+00   1.0293301e+00  -1.0319847e+00
   2.0000000e+00   6.7515428e-01   4.2216432e-01  -9.6528518e-02  -6.5060846e-03   5.8246582e-01  -2.4084522e+00
   2.0000000e+00   5.5918775e-01  -3.4823893e-02  -9.2800292e-01  -7.7188745e-01  -8.8765153e-01  -1.7056765e+00
   2.0000000e+00   5.2647683e-01  -5.6118113e-01  -1.0193759e+00   1.0020096e+00  -5.2940289e-01  -5.8475647e-01
   2.0000000e+00   4.5199759e-01  -1.9793949e+00   1.6631219e-01  -1.1802928e+00   1.0673070e+00  -1.4734140e+00
   2.0000000e+00   8.8021597e-01   6.8701008e-01  -9.4623725e-01  -1.9905865e+00   1.1610760e+00   1.4158931e+00
   2.0000000e+00   1.1297970e+00  -1.2381461e-01  -8.3088244e-01  -6.0641499e-02   1.5307960e+00   1.3154278e+00
   2.0000000e+00  -8.5807125e-01   1.3523137e+00  -6.3104284e-01   2.4376076e+00  -1.1176198e-01  -2.5699957e-01
   2.0000000e+00   1.4786227e+00   1.7480995e-01  -9.7114560e-01   7.8580204e-01  -1.2340101e+00  -1.4355880e+00
   2.0000000e+00   8.3536354e-01  -8.6233027e-01   3.7292061e-02   7.3035044e-01   1.3598430e+00   1.5976346e+00
   2.0000000e+00   1.4739799e+00  -2.0709134e+00   1.0723070e+00  -7.3350352e-01  -3.7657613e-01  -4.9175929e-01
   2.0000000e+00   1.2944684e+00  -9.9796804e-01  -1.0758869e+00   6.4249484e-01  -8.7304182e-01  -2.9976845e-01
   1.0000000e+00   3.3384286e-02   1.1925887e+00   2.0185782e-01  -1.0103139e+00  -2.7746924e-01   1.8505542e-01
   2.0000000e+00   5.5022789e-01   4.9999302e-01  -1.2731856e+00  -3.2414432e-02  -4.3748491e-01   2.0418035e-01
   2.0000000e+00   7.3262424e-01  -1.1259898e+00  -6.9911677e-01  -6.8939713e-01  -5.5654403e-01  -6.9195712e-01
   2.0000000e+00   1.5710020e-01  -1.1675293e-01   2.6883070e+00  -4.1886681e-01   2.0079465e+00   3.9192742e-01
   2.0000000e+00  -9.4078013e-01   5.8071772e-01  -2.0553090e-01   1.5269089e+00  -1.3246781e+00  -1.0011609e+00
   2.0000000e+00  -6.8040913e-01   9.4418436e-01   3.5500703e+00   4.5046036e-01  -1.0984936e+00   5.6483517e-01
   1.0000000e+00  -5.0922002e-01   4.0662572e-01   8.8196371e-01   9.1028930e-01  -3.3091620e-01  -4.2084989e-03
   2.0000000e+00   6.1559732e-01  -4.8508974e-01  -8.5481046e-02   7.0284297e-01  -2.3512544e+00  -5.6502075e-01
   2.0000000e+00   2.2815600e-01  -2.8277171e-01   1.2992030e+00   2.1169814e-01  -3.9972252e-01   9.0614659e-02
   2.0000000e+00  -2.6958300e+00  -2.0286717e+00  -1.1890041e+00   1.4685648e+00  -4.5975451e-01  -6.5629641e-01
   2.0000000e+00  -8.6256315e-01  -1.2423667e-01   6.6998143e-01  -3.0683951e-01  -1.0391995e+00  -8.1341496e-01
   2.0000000e+00  -1.2859489e+00  -1.3325322e+00  -4.9389954e-01   4.6471746e-01   8.9328140e-01   8.6511192e-01
   2.0000000e+00   7.5213618e-01  -6.6198518e-01   1.1548995e+00  -6.7085029e-01   3.8148334e-01  -1.6750987e+00
   2.0000000e+00  -1.0697914e+00  -3.3807106e-01  -3.7944048e-01   9.5172059e-01   6.8960214e-01   3.2562248e-01
   1.0000000e+00   1.3126134e+00   8.1135870e-01   6.7804560e-01  -1.1556500e+00   7.3115101e-01  -1.1739609e+00
   2.0000000e+00   3.1207681e-01  -8.9538507e-01  -4.1434203e-01  -1.2025848e+00  -1.5441122e+00   1.9881084e+00
   2.0000000e+00   7.5045117e-01   5.5930840e-02  -6.6436867e-01  -1.0468352e+00   7.8320391e-01  -1.0616443e+00
   2.0000000e+00  -2.0567277e+00  -3.5696125e-01  -1.3674875e+00   1.4534389e-01  -1.1916955e+00   9.4841885e-01
   2.0000000e+00  -2.2059937e-01   2.5840843e-02   3.8941967e+00   8.2743145e-01   3.9985409e-01   4.1350668e-01
   2.0000000e+00   3.2768453e-01   6.3608865e-01   3.7347919e-01  -1.1526059e+00   3.3169671e+00  -2.3834743e+00
   2.0000000e+00   7.3623622e-02  -9.1577602e-01   1.0239439e+00   1.7191770e+00   1.1942022e+00   1.0659141e+00
   2.0000000e+00   7.7418146e-01  -1.1302331e+00  -5.5865010e-01   2.5470128e-01  -3.3568851e-01   1.6551803e-01
   2.0000000e+00  -2.0656937e+00  -1.1220844e+00  -9.0668790e-01  -1.0955431e+00  -5.6723369e-01  -6.2610207e-01
   2.0000000e+00  -4.4955196e-01  -4.0970492e-01  -7.2731199e-01   4.0907394e-01  -4.0438959e-02  -1.5144321e+00
   2.0000000e+00   1.9233584e+00   1.4731027e+00   1.0686164e-01   4.6013190e-01   1.1774967e+00  -6.9505825e-01
   2.0000000e+00   3.4769974e-01  -7.0476522e-01   2.8404381e+00  -2.6829872e-01  -5.1129657e-02  -3.9962299e-01
   2.0000000e+00  -2.6008486e+00  -3.9016405e-01  -3.3567752e-01   7.6227206e-01   2.4819106e+00  -7.3221562e-01
   2.0000000e+00  -2.5480141e+00  -3.2549532e-01  -1.7045860e+00  -2.4405007e-01  -2.2720458e+00   1.0077015e+00
   2.0000000e+00  -1.2295816e+00  -1.2643764e-01  -6.2889987e-01  -1.2640821e+00  -3.8282395e-01  -1.8724212e+00
   2.0000000e+00  -7.3163701e-01  -6.1396307e-01  -8.4590365e-01  -5.1008610e-02  -1.2263734e+00   1.5400510e+00
   2.0000000e+00  -1.1607070e+00  -7.1995188e-01   1.3012959e-01   4.1908534e-01  -1.8031604e+00   3.1703256e-01
   2.0000000e+00   1.5570816e+00  -7.5912633e-01   4.9202663e-01  -6.5563411e-01  -1.1516250e+00   2.1462109e+00
   2.0000000e+00   6.8096585e-01  -1.2380535e+00   3.0758178e+00   3.0526019e-01  -6.1420526e-01  -8.1124739e-01
   2.0000000e+00  -1.6978582e-01  -3.6073105e-01  -5.6453997e-01  -6.8309693e-01  -1.1902020e-01  -9.8535984e-01
   2.0000000e+00   1.1349893e-01   1.4372488e+00   5.0591228e-01   7.3111867e-01   1.0437584e+00  -4.2679578e-01
   2.0000000e+00   7.3452266e-01   2.9114394e-01  -1.4973427e+00   1.1654806e-01   9.3693343e-01  -4.9609508e-01
   2.0000000e+00  -2.6032825e+00   6.3055762e-01  -1.0325562e+00  -9.0355094e-01  -3.5309072e-01   4.6164464e-01
   2.0000000e+00  -7.2859109e-01  -1.1874862e+00   4.5977937e-01  -1.9362178e-01   1.1731711e+00   1.7581346e-01
   2.0000000e+00   5.8568017e-01  -4.6106304e-01  -6.3596086e-01  -4.4116682e-01   6.3447246e-01   2.7565487e-01
   1.0000000e+00  -6.7063130e-01  -6.0183954e-01   3.8172308e-01   1.0054387e+00   1.8270524e-01  -2.1961704e-01
   2.0000000e+00  -7.2107980e-01   1.2831882e+00  -2.3043666e-01  -8.7818308e-01   6.4688702e-01   1.2674870e-01
   1.0000000e+00  -9.9896764e-01  -8.0278468e-02   4.0823334e-01  -1.9545727e+00  -3.3204393e-01  -1.3198546e-01
   2.0000000e+00   2.6010737e-01  -8.8106568e-01  -1.7711963e-01   1.9898962e-01   3.4484801e-01   1.0496932e+00
   2.0000000e+00   3.4097169e-01   1.6870958e-01  -9.3558099e-01  -1.6733033e+00  -1.8683563e-01  -3.2480800e-01
   1.0000000e+00   5.5470757e-01   9.3475178e-01   2.2589517e-01  -2.2093997e+00   6.9251356e-01   1.6573946e-01
   2.0000000e+00  -4.0876131e-01   7.4467075e-01  -2.7761173e-01   3.2881468e-01  -1.0923391e+00   1.2294302e+00
   2.0000000e+00   1.2489253e-01   1.0059498e+00   1.0239891e+00  -7.7276687e-02   8.7166322e-01   2.4314880e+00
   2.0000000e+00  -7.9298508e-01   4.8084009e-01  -1.4619114e+00   8.6206757e-01  -3.9131995e-01   3.9930240e-01
   2.0000000e+00   2.9671795e-02  -1.8542751e-01   1.0208955e+00  -1.6272341e+00   1.0684878e+00  -1.5370978e+00
   2.0000000e+00  -2.7646318e+00  -6.6060696e-01  -2.5432212e-01   5.4339979e-01   5.6328352e-01  -1.4329630e+00
   2.0000000e+00  -5.1668505e-01   2.1047930e+00   1.4991688e+00   1.2143303e+00   1.1121229e+00   1.4731948e+00
   1.0000000e+00   1.0558125e+00   2.5582986e-01   3.2648676e-01   4.5400316e-01   2.1961261e-01  -3.8992686e-01
   2.0000000e+00  -8.9546971e-01   7.5899800e-01  -5.5329479e-01   2.1515192e-01   1.3569113e+00  -1.5089377e-01
   2.0000000e+00   1.1819204e+00  -4.5832245e-02  -5.6242027e-01   1.6494297e+00  -1.5531038e+00   4.1654204e-01
   2.0000000e+00   1.1452925e+00   7.7267311e-02  -7.2312151e-01   5.4303880e-01  -8.3037944e-01  -1.1756254e-01
   1.0000000e+00   8.3262978e-01  -4.8121943e-01   5.7613101e-01   7.5414986e-01   4.0242307e-01   1.8765396e-01
   2.0000000e+00   4.3600022e-01   4.3925144e-01  -8.9415919e-01   1.0305420e+00  -5.5271755e-01  -1.9036631e+00
   2.0000000e+00   6.6360422e-01  -1.0934660e-01   9.4010669e-01   5.3520257e-01  -4.6309782e-01   1.3961557e+00
   2.0000000e+00   8.2072645e-01   2.6673102e-01  -9.4975502e-01  -1.6953315e+00  -2.6833721e-01  -6.1577415e-01
   2.0000000e+00   3.4562487e-01  -1.6797155e+00  -8.7979900e-01  -3.9986294e-01  -8.3125344e-01   1.9603506e-01
   2.0000000e+00  -2.4051311e-01  -4.0300661e-01  -2.5584726e-01   9.5017226e-01  -1.2465799e+00  -5.9532956e-01
   2.0000000e+00  -9.0354281e-01   1.0094395e-01  -8.8727666e-01  -5.1055245e-01  -5.1620885e-01   3.8532205e-02
   2.0000000e+00  -1.9082471e+00  -1.2960517e+00  -7.3834944e-01  -7.9414275e-01   1.9252963e-01  -1.7592755e+00
   2.0000000e+00  -1.0236497e-01   4.8643154e-01  -5.8173496e-01   2.2936709e-02   7.9462941e-02   2.1930198e+00
   2.0000000e+00  -6.9447158e-01   1.1923484e+00  -4.9252843e-01  -1.2130441e-01   7.8456127e-01   2.6167521e-01
   2.0000000e+00  -6.5291205e-01   3.9460116e-01  -8.2967442e-01   6.5092059e-01  -1.3678987e+00   5.6448005e-01
   2.0000000e+00  -8.2221281e-01   1.0946925e+00   1.1438544e+00  -1.3505112e+00  -1.5469497e+00  -9.0331668e-01
   2.0000000e+00   1.5382745e+00   8.2966374e-01  -7.8123553e-01  -1.8632380e+00  -1.6015128e+00  -1.4517795e+00
   2.0000000e+00   1.9024595e+00   6.9138348e-01  -1.0026466e+00   1.6828883e+00   1.2448660e+00  -2.3023094e-01
   2.0000000e+00  -6.5837123e-01   4.1966762e-01  -1.0142724e+00  -1.5651766e+00  -1.3703056e+00   3.6794035e-01
   2.0000000e+00  -9.7934805e-01   4.5713123e-02  -1.7534414e+00  -1.2254035e+00  -5.5477547e-01  -5.0544990e-02
   2.0000000e+00  -1.2250057e-01  -1.5019325e-01   1.2161615e+00   4.4322235e-01   2.8943920e-01   6.9784675e-01
   2.0000000e+00   2.1446564e+00   6.9795758e-01  -1.5915452e+00   1.4724516e+00  -2.9568524e-01  -4.5885743e-01
   2.0000000e+00   1.9461332e-03  -4.7240937e-01   4.3964593e-01  -1.1130981e+00   1.6829565e+00   1.0969052e+00
   2.0000000e+00  -9.6362430e-01  -1.0383348e+00  -8.8760515e-01  -7.9809942e-01  -8.0849258e-01  -1.1858428e+00
   2.0000000e+00  -6.4987777e-02   6.4308161e-02   1.9249202e+00   2.9555771e-01   3.7758863e-01  -7.2029652e-01
   2.0000000e+00   1.4341635e+00  -1.3689629e+00  -6.2236426e-01   1.4212616e+00  -4.9285519e-01  -1.6747256e+00
   2.0000000e+00   1.6154903e-01   1.7971297e+00  -9.3852032e-01   2.0215813e-01   1.5110548e+00   9.3330031e-01
   2.0000000e+00   1.9221220e+00  -4.9213928e-02   2.5084061e-01  -9.3091407e-01  -9.9904344e-01   9.2160867e-01
   2.0000000e+00  -8.4310976e-01   1.9579453e-01  -1.0527075e+00  -9.1691783e-01   1.7232925e-01   2.6256102e-02
   1.0000000e+00  -1.2243433e+00  -1.3461491e+00   2.5725620e-01  -6.7121471e-01   6.0074754e-01   4.4385573e-01
   2.0000000e+00   2.7083356e-01  -8.6596005e-01  -8.7165923e-01   7.3521891e-01   1.3033985e+00   2.0120926e+00
   2.0000000e+00  -3.1013357e-01  -1.4724018e-01  -1.4560848e-01  -6.8594954e-01  -5.7868707e-02   9.2912448e-01
   2.0000000e+00  -5.1618896e-01  -9.6119597e-01   1.6702945e-01   3.4686233e-01  -1.2104222e+00  -4.8215240e-01
   2.0000000e+00  -4.5664916e-01  -3.4513787e-01  -5.7222144e-01  -1.1328023e+00  -6.8882966e-01  -2.1601419e+00
   1.0000000e+00   5.6338206e-01  -1.2870493e+00   1.2425522e-01   2.8117498e-01  -2.1598694e-01   1.9913804e-01
   2.0000000e+00  -8.5260164e-01  -6.2682930e-01  -1.3175393e+00   1.0815436e+00   4.3824945e-01   1.7325804e-01
   2.0000000e+00   3.6981156e-02   4.6071018e-01  -1.1944439e-01  -5.7192745e-01   2.6286804e-01   3.1097952e-01
   2.0000000e+00  -7.5026830e-01   3.2073281e-01  -1.3607380e-01  -1.1854959e+00   5.1868762e-03  -1.1530679e+00
   2.0000000e+00  -8.2484767e-01   8.0056862e-01  -7.2852984e-01   8.1542390e-01  -5.8358072e-01   9.0066432e-01
   1.0000000e+00   2.0541970e-02  -2.1074765e+00   2.8324972e-01   2.0187881e-01   1.0730912e-01  -1.5435751e-01
   1.0000000e+00   6.1198595e-01   2.3804923e-01   4.5669682e-01  -8.3963968e-01   6.5330428e-01  -2.1608882e-01
   2.0000000e+00  -9.2058700e-02   9.3050552e-02  -1.4216188e-01  -1.0414787e-01   2.0872872e-01   3.6105633e-01
   2.0000000e+00   6.6417206e-01   9.7485714e-01   1.2834807e+00   5.1899043e-01   1.3699349e+00   3.2717514e-01
   1.0000000e+00   1.6149470e+00   4.4342147e-01   8.9043870e-01  -1.3474678e+00   3.6567268e-01  -9.7813155e-01
   2.0000000e+00   9.8929793e-01   1.1500427e+00  -4.0194311e-01   1.8390838e-01   1.3826305e+00  -7.8131155e-01
   1.0000000e+00   4.4332054e-01  -1.2527117e+00   6.7467627e-01  -5.2677228e-01  -5.9616269e-01  -2.7513534e+00
   2.0000000e+00   2.3141315e+00   1.2269151e+00  -9.5609568e-01  -1.0764589e+00   1.2623487e+00   1.0723048e+00
   2.0000000e+00  -2.7736737e-02  -1.9891388e+00   9.9937241e-01   2.0221300e+00   1.2730016e+00  -1.1050881e-01
   1.0000000e+00   2.0263099e-01  -4.9314753e-01   4.0063309e-01   5.9528940e-01   8.0564426e-01   1.8300272e+00
   2.0000000e+00  -4.1805956e-01  -1.6019421e+00  -2.7664641e-01   9.1146126e-01   4.9543025e-01   1.6600018e-01
   2.0000000e+00   1.5102162e+00  -9.0563046e-01   2.5770592e-02   1.3513560e+00  -1.5316124e+00   4.5730947e-01
   2.0000000e+00   1.7615133e-02  -1.0597993e+00  -3.0870071e-02   8.2045824e-01   3.1020168e-01   7.0224766e-02
   2.0000000e+00  -3.2520590e-01  -2.5973594e-01  -4.1163022e-02  -1.8140323e-01  -1.7607685e-01  -1.2010820e+00
   2.0000000e+00   1.7472784e-01   1.1561517e-01  -1.6846717e+00  -3.5555443e-02   8.0753787e-01  -6.3235518e-01
   2.0000000e+00  -1.1937652e+00  -7.9764829e-01  -8.3344363e-01  -1.4253495e+00  -5.4795861e-01   2.0125384e+00
   2.0000000e+00  -1.1705891e-04  -1.8745110e+00  -8.3232471e-01  -1.6711372e+00   1.2007770e+00   5.7515531e-01
   2.0000000e+00   9.6414913e-01  -8.1821710e-01   3.1594485e-02   6.3950483e-01  -1.1781244e+00  -7.2846969e-01
   1.0000000e+00   2.3921547e-01   6.8351951e-01   6.4307784e-01  -2.5528227e-02   4.5851880e-01  -1.0623761e+00
   2.0000000e+00   1.1967361e+00   7.3172788e-01  -1.5686010e-01   1.4059803e+00   1.4481909e-01   7.5872829e-01
   1.0000000e+00   3.4986606e-01  -9.5993546e-02   8.4890535e-01  -1.0047862e+00   1.4885983e-01  -1.0328775e+00
   2.0000000e+00  -8.9776755e-01   1.0233388e+00  -1.0345047e+00   5.4731656e-01   1.4514607e-01  -1.0744204e+00
   2.0000000e+00   4.3307995e-01  -8.0108722e-01  -7.2394149e-01  -1.2228231e+00   1.1578374e+00   1.1209672e-01
   2.0000000e+00   1.2105412e+00   1.1374895e+00  -2.3897742e+00   2.4171188e+00   3.2655165e-01   1.8202703e+00
   1.0000000e+00  -7.5001317e-01  -1.0728058e+00   7.5161482e-01  -6.6731070e-01   5.5481730e-01   2.6759169e-01
   2.0000000e+00   6.0370130e-01  -7.5828746e-01  -1.5767392e+00   6.2770741e-01  -1.9339019e+00   7.8048541e-02
   1.0000000e+00   1.5864188e+00   3.3706500e-01   8.9484957e-01   4.8036377e-01  -1.1924001e-02  -5.1804506e-02
   2.0000000e+00  -2.8587204e-01   8.7210154e-01  -1.8358982e+00   6.8737118e-01   1.5549000e+00  -6.2985047e-01
   2.0000000e+00  -2.2642155e+00   6.4398450e-01   1.1956321e+00   1.7060339e+00  -8.5908330e-01   9.4905590e-02
   2.0000000e+00  -1.0676297e-01   8.1506269e-01  -1.5049557e-03  -8.4135256e-01   1.1393139e+00  -1.4127570e+00
   2.0000000e+00   8.3056580e-01   6.6103427e-02  -1.1461173e-01   1.0071918e+00  -1.4866090e-01   7.6867497e-01
   2.0000000e+00   1.3827759e+00  -1.1686499e+00  -2.5075612e-01  -1.2863779e+00  -1.4196932e+00  -1.0310320e+00
   2.0000000e+00  -1.0805895e+00   1.3423742e+00  -4.0446304e-01  -3.9958716e-03  -8.8494705e-01   1.5705988e+00
   2.0000000e+00  -1.1559184e+00   7.7157266e-01  -6.3896580e-01  -2.7656936e+00   1.9728721e-01   5.4364688e-01
   2.0000000e+00  -8.7029233e-01   7.1978995e-01   1.8608203e+00  -6.5845277e-01  -2.6717251e-02  -8.2690087e-02
   2.0000000e+00  -6.1398394e-01   8.1719365e-01   1.7770069e+00  -7.9070928e-01   1.1049712e+00  -1.0059855e+00
   2.0000000e+00  -2.7440351e-01   9.6687074e-01  -2.8555435e+00   4.3350201e-01  -8.5697033e-01   6.2044173e-01
   2.0000000e+00  -1.4198088e+00  -1.9560661e+00  -3.2737857e-01   6.2811075e-01   4.0504519e-01  -9.3623380e-02
   1.0000000e+00  -1.0960677e+00   5.0185837e-01   1.5001577e-01   5.6228526e-02   2.6371581e-01  -1.3386696e+00
   2.0000000e+00   1.5975080e+00  -1.0318885e+00  -2.8539334e-01  -4.8642193e-01   3.1757339e-01   5.7492897e-01
   2.0000000e+00  -7.5227865e-01   1.5131267e+00  -1.1861520e+00  -5.6833896e-01   1.9049246e+00  -4.7051808e-01
   2.0000000e+00   2.1353043e+00  -4.6593194e-01  -5.5485442e-01   9.4253023e-02  -2.0866176e-01   2.0808943e+00
   1.0000000e+00  -4.7096243e-01   1.1036640e+00   5.9620058e-01  -1.3321900e+00  -5.2191265e-01   2.2481617e+00
   2.0000000e+00   1.5054976e+00  -1.7473103e+00  -5.8184783e-01   3.3372609e-01   4.2891138e-01   1.3526305e+00
   2.0000000e+00   1.6245878e+00  -1.3229013e+00  -8.8348169e-01  -7.7784540e-01  -5.9308866e-01  -2.4556635e-01
   2.0000000e+00  -1.1494955e+00  -5.1460619e-01  -5.5942801e-01  -1.3573970e+00   5.7672863e-01   1.2230797e+00
   2.0000000e+00   7.5828698e-01  -5.3447060e-02   1.1051302e+00  -4.9961816e-01   1.0962644e+00  -8.7872951e-01
   2.0000000e+00   8.5830371e-01  -1.5972015e+00  -8.1488285e-01  -1.1873280e+00  -1.6930664e+00  -7.3748911e-01
   2.0000000e+00  -4.0594320e-01  -6.9256884e-01  -5.1380077e-01   1.3067578e+00   8.9350138e-01   4.4216084e-02
   2.0000000e+00  -2.7044867e-01   4.7490113e-01   2.0446233e-01   1.6918321e-01   1.4853866e+00  -2.2288250e-01
   2.0000000e+00   1.4449562e+00  -5.3865642e-01   1.0395283e+00   7.7670309e-01  -1.0769146e-01   2.0990860e+00
   2.0000000e+00  -1.1160317e-01  -3.4523090e-01   1.1073280e+00  -1.5426181e+00   1.6926273e+00  -1.5939646e+00
   2.0000000e+00  -1.6369711e+00  -1.0536044e+00  -1.6126825e+00   1.5651567e+00  -8.7632064e-01   3.6083761e-01
   2.0000000e+00  -9.9876325e-01   6.3489086e-01   1.0610217e+00  -6.1399230e-01  -2.1239406e+00  -1.6683926e+00
   2.0000000e+00  -1.4810897e-01   2.4645698e-01   1.0817788e+00   6.8656117e-01   3.3287795e-01  -1.0928060e+00
   1.0000000e+00  -5.4844818e-01   1.8074321e+00   4.3431819e-01  -3.6876951e-01   3.1907177e-01   2.0242154e+00
   2.0000000e+00  -5.3527613e-01   3.9846197e-01  -9.7305631e-02   1.3577633e+00  -1.7643025e+00   8.1066127e-01
   2.0000000e+00   3.5614067e-01   1.6063402e+00   3.4085118e-01   5.4358754e-01   2.2065603e+00   1.6407331e-01
   2.0000000e+00  -1.6365971e+00   1.5881314e+00   1.6381120e+00  -4.7352908e-01   3.6020407e-01   1.5623944e+00
   2.0000000e+00  -6.5731789e-01  -4.2361153e-01  -1.2741682e-01   1.0286768e+00  -3.2103325e-02   5.9331227e-01
   2.0000000e+00   6.2378519e-01   1.3140813e+00  -1.0880833e-01  -6.0299588e-01  -4.1555282e-01  -2.5141030e+00
   2.0000000e+00  -3.8808854e-02  -6.1933312e-01  -1.5019939e+00   1.5493517e+00  -3.7186502e-01  -1.9339208e+00
   2.0000000e+00   5.4184213e-02  -9.5671178e-01   9.4443577e-01  -1.9684319e+00   4.5561973e-01  -8.9876331e-01
   2.0000000e+00   1.5497425e+00  -6.8651162e-01  -1.4434946e-02  -3.7317321e-01   5.5181174e-01   3.0520101e-01
   2.0000000e+00   1.9304880e-02   1.0553903e+00   8.8917292e-01   1.0141776e-01   2.4371987e+00   1.1279770e+00
   2.0000000e+00   2.2266089e+00   6.6761787e-02   1.5596428e+00  -4.3891049e-02  -6.3982881e-02  -5.6101216e-01
   2.0000000e+00   9.7488275e-01  -4.6313567e-01  -1.4333811e+00   1.6870934e+00   1.2658102e-01  -6.1071591e-02
   2.0000000e+00   6.2822518e-01  -3.1922092e-01   2.3193763e-02   7.6978014e-02  -1.1392637e+00  -1.1333063e+00
   2.0000000e+00  -9.2639794e-01   6.0513952e-01   5.4176017e-01  -7.0252091e-01   2.1574405e+00  -9.7659477e-01
   2.0000000e+00  -1.4147503e+00   6.9236168e-01   6.9934922e-01   1.4404095e-01  -1.3704686e+00   1.3616554e+00
   1.0000000e+00   1.6948370e+00   2.7135794e-01   4.0163173e-01   7.0804933e-01  -2.8360738e-01   2.9566074e-01
   2.0000000e+00  -6.3227603e-03  -2.8564002e-01  -2.4569275e-01  -6.9676820e-02  -2.9763293e-01   1.0217708e+00
   2.0000000e+00  -1.3613855e+00  -9.1715778e-01  -1.5695100e+00  -8.5398432e-01  -9.2309117e-01   2.8112044e+00
   2.0000000e+00  -5.6195671e-01  -1.8813915e+00  -1.5456006e-01  -2.8641315e-02   3.6385282e-01   1.7409970e-01
   2.0000000e+00   1.5356226e+00  -1.1145602e+00  -6.8742069e-01   2.7471657e-01   4.2664978e-02   1.9002676e+00
   2.0000000e+00  -2.2125660e-01   6.3598368e-01  -2.2039661e-01  -1.3990037e+00   1.6121226e+00  -1.0892623e-01
   2.0000000e+00   1.1576223e+00  -7.2201720e-01   8.0307143e-01   3.7211527e-02  -8.6598330e-01   9.6723756e-01
   2.0000000e+00  -6.9571330e-01   1.9278152e+00  -5.2739622e-01  -1.6064376e+00  -1.0545971e+00  -3.2801823e-01
   2.0000000e+00   5.7847572e-01  -6.3128678e-01  -2.9497974e-02   1.0536519e+00   1.8449678e+00  -1.1351986e+00
   2.0000000e+00  -1.1027246e-01  -4.1425146e-01   1.1141894e+00   1.5999331e+00   7.0336781e-01  -2.0832602e+00
   2.0000000e+00  -1.0345292e+00  -2.4754558e+00   1.0374763e+00  -8.7274590e-01   3.5325066e-01   5.9906229e-01
   2.0000000e+00   6.6403924e-01   1.6202812e+00   7.3572871e-01  -1.1897636e+00  -1.2877030e+00  -6.6848969e-01
   1.0000000e+00   2.5282121e-01  -1.8360753e+00   8.1923328e-01   6.1530491e-01  -3.0763528e-01  -1.2762250e+00
   2.0000000e+00   1.2399475e+00   8.7576822e-01  -1.5804924e+00  -1.0336861e+00  -2.4089266e-01   3.5894946e-01
   2.0000000e+00  -9.5648182e-01  -1.1637948e+00   1.5955005e+00   1.9762306e-01   2.1759857e-01  -6.2299412e-01
   1.0000000e+00   5.6302470e-01  -1.7721816e+00   5.0427618e-01  -1.5554990e+00   2.3792586e-01  -1.2021066e+00
   1.0000000e+00   8.3750332e-01  -3.7099324e-01   6.8875100e-01  -7.1460125e-01  -4.9561807e-01   8.6336046e-01
   1.0000000e+00  -7.7554269e-01   5.8163902e-01   9.2639394e-02  -1.0215482e+00  -2.3758032e-01   2.9413672e-01
   2.0000000e+00  -9.3145527e-01  -1.4431821e+00   7.4508575e-01  -7.0748996e-01   1.0031625e+00  -1.9286884e-01
   2.0000000e+00  -2.2222445e-01  -1.6203901e+00  -1.6701579e+00  -2.1739653e+00  -1.1175306e+00   4.3252543e-01
   2.0000000e+00   1.0572765e-01  -1.6659584e+00   1.2257539e+00  -4.9744887e-01  -5.7236780e-01  -5.1574411e-01
   2.0000000e+00   9.1157434e-01   2.5593890e-01  -5.7094150e-01   6.5836083e-01   9.5650560e-01  -6.9885566e-01
   2.0000000e+00  -5.2679592e-01   7.7663960e-01  -1.1487169e-01   1.3905689e+00  -1.5659987e-01   3.7379959e-01
   2.0000000e+00   7.9634893e-02  -5.4195777e-01  -9.2105352e-01  -1.3139742e+00  -3.3192780e-01  -2.8410857e-01
   2.0000000e+00  -8.7471094e-01   3.0327652e-01   3.8934132e-01   1.3249754e+00  -2.4131825e+00   5.2115043e-01
   2.0000000e+00   6.4639413e-01  -5.7758613e-01   5.1400212e-01  -5.7598980e-01  -1.2512940e+00  -1.3337951e+00
   2.0000000e+00   1.4741495e+00  -7.2792722e-01   1.1622651e-01  -1.6734608e+00  -1.0106451e+00   3.1342835e-01
   2.0000000e+00   4.2578879e-01  -2.3054100e+00   6.6769405e-01  -2.3190648e-01  -9.2263290e-01  -1.4826564e+00
   2.0000000e+00   2.3899008e+00   7.5185384e-01  -8.0688555e-01  -5.5123061e-01   5.3798321e-01   1.0596854e+00
   2.0000000e+00  -5.4050103e-01  -7.2068107e-02  -9.2060238e-01   5.2475655e-01   1.6702998e-01  -1.4457683e+00
   2.0000000e+00   1.6596729e+00   9.8687411e-01  -7.0187744e-01  -1.0327639e+00  -9.1200547e-01   8.0852424e-01
   1.0000000e+00  -1.7485693e+00  -2.7701375e-01   1.6991130e-01   2.3646205e-01   4.8652106e-01  -8.3549880e-01
   2.0000000e+00  -6.0634770e-01  -6.7845961e-01  -1.8061841e+00  -1.0727761e+00   5.3915528e-01  -1.0533472e+00
   2.0000000e+00  -7.8635998e-01  -9.4348024e-01   1.3938991e+00  -1.8227769e-01  -1.8812050e+00  -1.0968321e+00
   2.0000000e+00  -1.0723347e+00   1.6326152e+00  -1.2781939e+00  -1.6377202e-01  -2.6256223e+00   1.8414261e-01
   2.0000000e+00  -1.1018747e+00   1.6658538e+00  -2.6046962e-02   6.2876995e-01  -1.1516297e+00  -3.3861479e-01
   2.0000000e+00  -2.3897154e+00   1.8505631e-01   1.0744180e+00  -4.0916411e-01  -4.9461458e-01  -9.2803300e-01
   2.0000000e+00   6.4444702e-01  -1.5961489e+00  -1.4721630e+00  -4.1347277e-01   5.0531910e-01   3.6890299e-01
   2.0000000e+00   9.4940962e-01   2.4172168e-02  -2.4048673e+00   1.9855519e-01   1.9176011e+00   1.3875321e-01
   2.0000000e+00   1.4198681e+00   9.4138367e-01  -1.0632257e+00  -2.5094687e-01  -3.6958552e-01  -1.4892944e+00
   2.0000000e+00   2.4579256e-01   3.4034227e-01  -2.6318585e-01   6.5452591e-01  -1.9623908e-01   1.4715709e+00
   2.0000000e+00   9.0171170e-01   1.8304915e+00   1.3805662e+00   1.5576168e-02   5.1197442e-01  -1.8691818e+00
   2.0000000e+00   9.7433505e-01  -5.4322379e-01   9.3790207e-01   1.4699209e+00   1.2105617e+00  -1.8827592e-01
   2.0000000e+00   5.0101139e-01  -2.7884470e-01   1.0081365e+00  -2.4516030e+00   5.3297547e-01  -7.2309509e-01
   2.0000000e+00  -1.6323826e+00  -2.9033146e+00  -2.1122262e+00   6.8095776e-01  -1.2060397e+00   5.1616111e-01
   2.0000000e+00   1.0225268e+00   1.5720716e+00  -1.6514967e-01  -5.9044068e-01   1.2837980e+00   7.0625405e-03
   2.0000000e+00   8.9645838e-01   2.3445377e+00  -3.2210209e-01  -5.6970026e-02   9.6709371e-01   3.2411479e-01
   1.0000000e+00  -7.7900924e-01   1.3895929e+00   4.2438260e-01   1.2533174e+00   8.1694541e-01   1.8002485e+00
   2.0000000e+00   7.7516932e-01   2.2225569e-01   2.0060078e+00   1.2232554e+00  -5.6236480e-01  -2.7464114e-01
   1.0000000e+00   1.3542055e+00   1.1480931e+00   3.6262781e-01   5.9595846e-01   6.9340197e-01  -1.9462971e+00
   2.0000000e+00  -1.3542586e+00   1.2475777e-01   1.7654548e-01  -1.5836739e+00  -1.0923108e+00   5.5782857e-01
   1.0000000e+00  -4.5623571e-01  -8.5744242e-01   6.7465643e-01   5.4431853e-01  -6.1488751e-01  -4.7526353e-01
   2.0000000e+00  -6.9779825e-01  -5.7604107e-01  -6.9094286e-01   1.2966143e-01  -7.2868270e-01  -8.6424216e-01
   2.0000000e+00   3.4745937e-01  -1.1170131e+00   1.1346618e-01  -1.0160653e+00  -1.3956500e+00   7.3317448e-01
   2.0000000e+00   3.6275612e-01   1.8851685e-01  -9.0171979e-01  -6.9701458e-01  -7.3815880e-01  -2.8936991e-01
   2.0000000e+00  -5.4750852e-01  -1.0205377e+00   3.8917684e-01   3.8583637e-01  -1.2964322e+00  -1.1578245e+00
   1.0000000e+00   6.6908533e-01  -8.1598897e-01   7.5300557e-02  -1.6771999e+00  -6.8462801e-01  -1.2002295e+00
   2.0000000e+00  -9.4287670e-01  -4.7220647e-02  -1.0880332e+00  -3.8752632e-01   1.8848613e+00   1.2200515e+00
   2.0000000e+00   2.6930203e-01   6.4011232e-01  -1.1805665e+00   1.6326172e+00  -3.5011747e-01   4.3293201e-01
   2.0000000e+00  -1.3503711e+00  -1.3963846e+00  -1.4953564e+00  -7.6161505e-01  -9.9533489e-01  -2.4719369e-01
   2.0000000e+00   8.0601229e-01   6.8722220e-01  -1.4260524e+00   1.5257904e+00   7.4478911e-01   6.9249532e-01
   2.0000000e+00  -7.3623048e-01  -1.2775453e+00  -1.9997002e-01   2.6690827e-01  -2.6614710e-01  -1.3093556e+00
   2.0000000e+00   2.0972429e-01   9.4436975e-01   1.1223488e-02   2.2651211e-01  -1.2842227e+00  -8.6506999e-03
   2.0000000e+00   6.3489702e-01   1.5756681e+00  -1.4797196e+00  -4.8364480e-01  -3.9538183e-01   5.2189608e-01
   1.0000000e+00   1.0623808e+00   3.2743022e+00   6.4551099e-01  -1.3093537e+00   5.4921683e-01   6.2795104e-01
   2.0000000e+00   1.7892485e+00  -7.2611343e-01  -4.9804711e-01   4.4264685e-01  -4.7016417e-01   8.8110805e-01
   2.0000000e+00   2.2769565e-01   1.6469064e+00   2.0992678e+00   2.0117761e-01   9.5029304e-01  -7.8010999e-02
   2.0000000e+00  -2.7036034e-01   1.1480889e+00   6.0673369e-01  -1.2411570e-01   1.3477703e+00   4.1110272e-01
   2.0000000e+00  -1.0588714e+00   8.4560157e-01  -2.5689787e-01  -2.3636901e-01  -1.2237103e+00   5.6517360e-01
   2.0000000e+00  -2.2881763e-01   2.5398881e-01  -8.0519497e-01  -6.3887489e-01  -1.0109600e+00   1.9207382e+00
   2.0000000e+00  -9.0253481e-01   5.7142776e-01  -4.9601674e-02  -3.5865322e-01  -1.5716358e+00   1.1583201e-01
   2.0000000e+00  -8.8400921e-01   1.6060568e-01   1.7951263e+00  -7.8725762e-01  -4.6298984e-01  -8.7138269e-01
   2.0000000e+00   1.1121126e+00   1.8006875e+00  -9.1168209e-01   5.6166382e-01  -7.5244376e-01   1.3967088e+00
   2.0000000e+00  -1.9154594e+00  -1.8005080e+00  -8.4378572e-01   1.0737968e+00   1.4433331e+00  -1.3351716e+00
   2.0000000e+00  -2.8399901e+00  -2.3606445e+00  -1.3068269e+00  -4.8945148e-01  -2.7755898e-01   4.4623666e-01
   2.0000000e+00   1.1269308e+00   1.4435194e+00  -1.5870291e+00   7.7671514e-01   1.5286856e+00  -1.3862546e+00
   2.0000000e+00  -6.1820597e-01  -1.2294934e+00  -8.9872580e-01  -4.6160355e-01   1.1783155e+00   1.6677471e+00
   2.0000000e+00   5.3679307e-01   1.0523830e+00   1.5871757e+00  -8.3453311e-01   1.5099147e+00  -1.1251797e+00
   2.0000000e+00  -1.4095684e+00   1.7903606e+00  -3.2281839e-01  -7.8569465e-01  -6.1089028e-01   1.3651477e+00
   1.0000000e+00   7.5190500e-01  -5.8750042e-01   2.5133793e-01  -5.8273138e-01  -1.1291219e-01  -9.1616622e-01
   2.0000000e+00   2.2129666e+00  -1.9531662e-01   3.1949707e+00   5.6483520e-01  -3.3270767e-01   1.6856981e-01
   2.0000000e+00  -1.0539946e+00  -6.6027845e-01  -1.9115337e+00  -1.1177787e+00   8.0891959e-01   9.0306431e-01
   2.0000000e+00  -9.0517306e-02  -6.9319965e-01  -2.9797745e-01  -3.5865211e-01  -1.6804418e-01   5.1435229e-01
   2.0000000e+00   3.6221744e-01  -1.2772568e-01   2.0207598e+00   4.7707753e-01  -3.9677030e-01  -5.3361868e-01
   1.0000000e+00  -9.4089208e-01   2.2026234e+00   2.8086551e-01   4.8619907e-02  -9.0814433e-02  -1.6296576e-01
   2.0000000e+00   1.1316443e+00  -7.4514268e-01   6.2290266e-01  -2.0997095e-01  -8.8430990e-01  -1.1768255e-01
   2.0000000e+00  -3.4940987e-01   4.4425015e-01  -1.2101226e-01  -1.0123941e+00   6.2899028e-01   5.7199509e-01
   2.0000000e+00   2.5387264e-01   1.5823934e-01  -4.4940519e-01   4.4067501e-02   4.4150966e-01  -5.3599740e-01
   2.0000000e+00  -1.0381111e+00   2.1766478e-01   4.1007179e-01  -2.3974299e+00   1.0038818e+00  -2.4998251e+00
   2.0000000e+00   8.9284523e-01  -9.3628827e-01  -1.0729589e+00  -2.3000547e+00  -1.9298011e-01  -1.1435174e-01
   2.0000000e+00  -2.3226386e-01   6.0062983e-01  -1.0678413e+00   1.6941437e+00  -8.4277769e-01   7.4614417e-01
   2.0000000e+00   9.2306406e-02   2.0177790e+00  -1.7366847e+00  -3.4884458e-03   2.3813822e+00  -8.0524680e-01
   2.0000000e+00  -7.7888776e-01   1.7249096e+00   1.2038338e+00   2.6002393e-01   1.2712961e+00  -1.6269766e+00
   2.0000000e+00   4.0882710e-01  -5.5226944e-01   1.4096429e+00  -1.7321419e+00   4.0283237e-01  -5.2901162e-02
   2.0000000e+00   5.2099906e-01  -5.1921635e-01   6.4976808e-01  -7.6563647e-01   1.5790195e+00  -1.4410875e+00
   2.0000000e+00   7.3098391e-01  -1.4304945e+00   5.1696139e-01   2.9852113e+00   1.6061433e+00   8.6713061e-01
   1.0000000e+00   5.6362547e-01  -8.1943451e-01   3.6389175e-01   5.2230916e-01   6.6640644e-01   2.8702289e+00
   2.0000000e+00  -9.9634803e-01  -1.2798903e+00  -2.4109290e-01   5.0491861e-01   1.9607480e-01   3.8150456e-01
   1.0000000e+00   5.4301131e-01   1.4916909e+00   8.6235785e-02   4.9284176e-01   2.0202808e-01  -5.0148269e-01
   2.0000000e+00   1.1129287e+00   5.2491854e-01  -4.7408344e-01  -5.0717084e-01   4.7730317e-01   2.6154907e-01
   2.0000000e+00   2.6757665e-01   1.2419052e+00  -1.5179822e+00   2.8860722e-01   1.9009612e-01  -6.8234669e-01
   2.0000000e+00  -4.8488503e-01   2.9197231e-01   9.3194033e-01   4.6513186e-01   1.7820176e+00  -2.5554062e-02
   2.0000000e+00  -1.1238914e+00  -1.0820282e-01   8.8269452e-01   7.6068836e-01   1.6659208e+00  -1.3912886e-01
   2.0000000e+00   6.2587930e-01  -1.2544075e+00  -5.3073493e-01  -1.3149788e+00   1.6277616e+00   1.1608282e+00
   2.0000000e+00   2.2776935e-01  -9.0397646e-01  -1.0365987e-01  -5.1232151e-01   8.9905070e-01   3.5777798e-01
   1.0000000e+00  -8.9047902e-01  -3.4100317e-01   9.9449716e-02   8.5003768e-01  -6.6513878e-01  -2.3951307e-01
   2.0000000e+00   4.0603047e-01  -1.0294304e+00  -5.0905685e-01   1.7968648e+00   2.3452823e-01   6.8843817e-01
   1.0000000e+00  -7.6003588e-01  -9.6220481e-01   6.0765747e-01   1.0134674e+00  -3.8622069e-01   4.6065451e-01
   2.0000000e+00  -1.6472065e+00  -2.0150851e-01  -2.0693696e+00  -1.1269642e+00   1.4213271e-01   1.2528748e+00
   2.0000000e+00  -6.0562061e-01   4.9001929e-01   5.2005230e-01   1.9078153e+00  -8.6142149e-01  -5.6624447e-01
   2.0000000e+00   7.8926467e-01  -1.7288956e-01   1.3840687e+00   1.2480432e+00   1.0458544e+00   2.7766617e-02
   2.0000000e+00   5.6913919e-01  -8.6440643e-01  -4.2879128e-01  -5.4354586e-01   5.0344536e-01  -2.1577437e+00
   2.0000000e+00   3.3125068e-01   4.1667455e-01  -1.0458350e+00   6.1483199e-01   2.2391608e-01  -1.8177630e-01
   2.0000000e+00  -1.6225807e+00   1.5193279e+00  -6.0686883e-01  -4.6034536e-01  -1.5176678e+00  -3.2917276e-01
   2.0000000e+00   9.0056563e-01   2.1203947e+00  -5.4763816e-01   8.7813352e-01  -1.3276888e+00   4.0859020e-01
   1.0000000e+00  -3.8202212e-01   1.0287540e+00   7.7750220e-01   8.6753816e-01  -1.3892045e-01  -1.6464072e-01
   2.0000000e+00   6.2233119e-01   1.1029092e-01  -5.8726369e-01  -1.6776463e+00  -2.3996285e-01  -7.4455135e-01
   2.0000000e+00  -5.9322823e-01  -2.1403331e+00   1.1993152e+00  -8.1031161e-01   1.6717957e+00  -3.5215309e-01
   2.0000000e+00  -3.8171716e-01  -1.3767810e+00  -9.0021343e-01  -4.6545896e-01   3.3551751e-01   8.3143265e-01
   2.0000000e+00   6.9516560e-01  -2.9609116e+00   2.6369560e-01  -1.0168070e+00   2.1275459e+00  -5.7343094e-01
   2.0000000e+00   2.5662035e+00  -1.2611953e+00  -1.5251167e+00   9.3022985e-01   5.3088514e-01   8.5875828e-02
   1.0000000e+00   1.0458661e+00  -1.4398605e+00   3.2158166e-02  -1.3259681e+00  -6.1275203e-01   4.5840039e-01
   2.0000000e+00   3.8190090e-01   2.4465509e-01   9.2890759e-01  -1.5533899e+00   1.2221575e+00   1.0410514e+00
   2.0000000e+00   2.2995151e-01   1.0292356e+00  -1.0318708e+00   1.0216391e+00   1.4026394e-01   1.3169543e+00
   1.0000000e+00   1.0943925e-01   5.9558236e-01   5.0745202e-01  -5.5298910e-01   1.3443633e-01  -1.4815484e-01
   2.0000000e+00   9.7658464e-02   2.5068442e-01   3.2517052e-01  -1.4142316e+00   1.0904808e+00   1.7790965e+00
   2.0000000e+00  -4.8105184e-01   7.7507311e-01  -7.2195852e-02   6.5663806e-01  -3.3972277e-01  -3.3136111e-01
   1.0000000e+00  -1.9460999e+00   1.2144234e+00   3.9280105e-03  -7.9954714e-01   9.0887334e-01  -7.4335746e-01
   2.0000000e+00   1.6914038e+00  -8.2059966e-01   1.0278386e+00   4.4619886e-01  -6.6238291e-01  -3.2630606e-01
   2.0000000e+00   9.7774023e-01  -1.2828195e-02  -7.3216681e-01  -1.9589983e-01   3.2483864e-01  -2.5509689e+00
   1.0000000e+00  -9.3091365e-01  -4.6829418e-01   3.9891199e-01  -5.1448745e-01   2.7700311e-01  -8.0707033e-01
   2.0000000e+00  -6.5280974e-01  -2.5188138e+00  -1.4423109e+00   1.0565651e+00  -1.2153587e+00  -1.1137580e+00
   2.0000000e+00   6.2237818e-01   8.2707801e-01  -7.7645881e-01  -2.0211121e-02   9.9454875e-01  -2.1091520e+00
   2.0000000e+00  -1.8980640e-01   1.1115086e+00  -6.7816398e-01  -4.5497815e-01   2.0347441e-02   1.7525160e+00
   2.0000000e+00   2.3858922e-01  -1.2999037e+00  -4.4059415e-01  -1.4160669e+00  -7.8672718e-01  -4.4053970e-01
   2.0000000e+00  -4.6863229e-01  -1.0917348e-01  -7.2378086e-01   6.6956195e-01  -9.9907023e-02   1.5270777e-01
   1.0000000e+00   1.3329619e+00   9.9638904e-01   8.3651342e-01  -1.1377157e+00   5.1301660e-01   1.7277766e-01
   2.0000000e+00   2.4645694e+00   7.7845106e-01  -3.0266589e-02   7.6499628e-01   2.3415639e+00   1.8167980e+00
   2.0000000e+00   2.4971635e+00   1.7578455e+00  -4.3346882e-01  -1.8099081e-01  -1.0555183e+00  -4.4272195e-01
   2.0000000e+00  -5.5462211e-01  -1.4714034e+00  -2.7666916e-01   7.1252290e-01   9.6414346e-01  -2.2078695e-01
   1.0000000e+00   1.1399962e+00   7.6137242e-01   1.3762365e-02  -2.4624980e+00  -4.1463888e-01   7.5854186e-01
   2.0000000e+00  -2.5202692e-01  -1.4793117e+00  -1.5356871e+00  -9.4755697e-01  -1.6442307e+00  -1.8650573e-01
   1.0000000e+00   3.0483042e-01   1.9183997e+00   2.0331923e-01  -1.9852002e-01  -6.2999169e-02   9.9904505e-01
   2.0000000e+00   8.5734336e-01   2.0997518e+00   2.1003776e-01   5.1756590e-01   1.5389263e+00  -4.2399434e-01
   1.0000000e+00   6.4895569e-02  -1.1796482e+00   5.4644974e-02   2.1261631e+00   5.2524672e-01  -1.8128568e+00
   2.0000000e+00  -8.0763049e-01   1.9668035e+00  -3.6658161e-01  -4.8109526e-01   4.9300149e-01  -7.0112428e-01
   2.0000000e+00   6.5793462e-01   3.8533700e-01  -1.2878145e-01  -1.6724409e-01  -3.5667972e-01   1.4313539e+00
   2.0000000e+00   5.3084905e-01   3.2290671e-01  -1.6254141e+00  -1.0692789e+00   1.3888710e+00   1.1398993e+00
   2.0000000e+00   2.9962177e-02   6.7727109e-01  -6.0922822e-02   2.0181756e+00  -1.1562948e+00  -1.7193701e+00
   2.0000000e+00  -4.4753421e-01   1.2777516e-01  -6.6867952e-01  -1.4600320e+00   2.1883184e-01  -8.5519485e-02
   2.0000000e+00   7.7799785e-01   7.5742816e-01  -7.0354569e-01  -2.0803642e-02   4.0347055e-01  -2.0266140e+00
   2.0000000e+00   1.1388355e+00   2.0280217e+00  -3.5564528e-01  -1.4409152e+00   1.8311932e+00  -1.0572769e+00
   2.0000000e+00   1.0843938e+00   3.2453252e-01  -2.7136014e-01   6.1059656e-01  -5.6587085e-01   8.8482154e-01
   1.0000000e+00   7.6185918e-01  -6.7433453e-01   3.3258164e-01  -4.4409306e-01  -2.1429452e-01  -3.2883843e-01
   2.0000000e+00   2.0369442e-01  -4.7467484e-01  -1.0755768e+00  -1.9419078e+00  -8.6211861e-02   5.1143177e-01
   2.0000000e+00   3.4041207e+00  -5.6082960e-01   3.6084617e-01   6.7361567e-01  -1.1001477e+00  -1.1711099e+00
   1.0000000e+00   4.5662768e-01   2.3741738e-01   7.4526732e-01  -1.1050764e+00  -3.9732388e-01   2.2824093e-01
   2.0000000e+00   3.7503743e-01   3.8044061e-01  -2.1988364e-01   1.5422915e+00  -6.5253458e-01  -1.6782678e+00
   2.0000000e+00   3.9906678e-02   5.8144378e-01  -1.7088563e+00   8.8712680e-01  -2.1816135e+00   6.5838820e-01
   1.0000000e+00   6.5887533e-02  -3.5115150e-01   6.0099645e-02   1.9302000e+00  -2.0297915e-01   4.7125847e-01
   2.0000000e+00   9.9974169e-01  -2.6911700e-01  -7.7207187e-01   2.3982666e-01   1.3901579e-01   8.7864737e-01
   2.0000000e+00  -1.3699864e+00   1.2230884e+00   4.9891240e-01  -7.5548946e-01   1.1999207e+00  -4.9805838e-01
   2.0000000e+00  -2.2147415e+00  -8.1996073e-01  -3.7796477e-01   2.9697832e-01   3.2960206e-02  -8.6768410e-01
   2.0000000e+00   5.2238221e-01  -5.2257544e-01  -1.4438890e+00  -9.2017903e-02  -9.4517173e-01   7.5480106e-01
   2.0000000e+00  -3.5760148e-01  -4.6688604e-01  -9.9066791e-01  -9.6351091e-01  -3.4449602e-01   1.8978796e+00
   2.0000000e+00   3.5239123e-01   1.3814482e+00  -7.3185953e-01   7.5334537e-01  -5.4924457e-02   7.5501317e-01
   2.0000000e+00  -4.8858746e-01  -1.5514091e-01  -8.2604542e-01  -6.0180454e-01  -5.1615102e-01   1.5610420e-02
   1.0000000e+00   1.0685705e+00   1.3555289e+00   3.4390588e-01   1.1589816e+00  -1.0912388e-01   3.7952324e-01
   2.0000000e+00  -7.9488783e-01  -1.3182995e+00  -2.2661017e-01  -7.0202915e-01  -9.6358294e-01  -6.9913236e-01
   2.0000000e+00   1.7977596e-01  -1.6836042e+00   1.6044396e+00  -9.6969234e-01   1.8021853e+00   4.7930714e-02
   2.0000000e+00  -2.8147369e-01   8.5019328e-01   1.7525964e+00   1.1836187e+00  -9.7379946e-01  -9.7257426e-01
   2.0000000e+00  -4.2717871e-01  -9.5230522e-01  -1.0709521e-01  -2.0539538e+00  -1.3708201e+00  -3.4400383e-01
   1.0000000e+00   5.6245067e-01  -1.0232191e-01   3.4943438e-01  -1.3979348e+00  -3.9902295e-01   1.9699547e+00
   1.0000000e+00  -4.2907027e-01  -3.2267982e-01   2.9635242e-01  -5.2393628e-01   1.7820577e-01   1.2187109e+00
   2.0000000e+00  -1.8749331e+00   1.4723208e-01  -7.3413807e-01   1.9897284e-01  -3.6266492e-01   4.6945635e-01
   2.0000000e+00  -8.0037593e-01  -1.7574941e-01  -1.0073533e-02   1.0227808e+00  -5.0854928e-02  -9.8994081e-01
   1.0000000e+00   9.9995813e-01   3.0651376e-01   4.7240752e-01  -4.5412718e-01   1.1909538e-01   2.3039783e+00
   2.0000000e+00  -1.1050303e+00  -8.5062571e-01  -2.2343411e+00   1.3816260e+00  -2.8145429e+00  -8.6231079e-03
   1.0000000e+00  -4.0423593e-01   5.4967791e-01   6.2451196e-02   2.3554793e-02  -9.7504747e-01   4.0395856e-01
   2.0000000e+00   9.9382022e-01   2.8913544e-01   1.2092862e+00   4.6236365e-01  -1.1384419e+00   7.6875088e-01
   2.0000000e+00  -8.7129846e-01  -1.9027480e+00  -1.0088247e+00  -9.1481689e-01   8.1976021e-01  -8.5906731e-01
   2.0000000e+00  -6.1204555e-01   3.7664203e-01  -4.0718322e-01   2.3885119e-01   1.3092028e+00   1.1156923e+00
   2.0000000e+00   1.3661762e+00   1.3449097e+00   9.8449248e-01   1.9682444e+00   8.7395775e-01  -6.5378002e-01
   1.0000000e+00   3.8369204e-01   1.7875449e-02   6.3765610e-01   5.0211431e-01  -5.8366803e-01   9.7491357e-01
   2.0000000e+00  -8.5326104e-01  -1.1332782e-01  -2.7295297e+00  -6.2184059e-01  -9.7753847e-01   1.2923752e+00
   2.0000000e+00  -1.8459087e+00  -1.7205470e+00   1.2105532e+00   6.7546900e-01   1.1179808e+00  -1.8054651e-01
   1.0000000e+00  -6.5064859e-01   3.6158836e-01   4.0036977e-01   5.4065607e-01  -4.0261542e-01   5.7223703e-01
   2.0000000e+00   1.4021769e+00  -3.6220590e-01  -8.2486402e-02  -2.5348828e-02   5.6171590e-01  -2.4153451e+00
   2.0000000e+00   6.9039789e-01   2.7167051e-01  -1.4769703e+00   1.3259255e+00  -6.2059412e-01  -1.3869970e+00
   2.0000000e+00   3.1882704e-02  -1.6562480e+00   1.3146645e+00  -1.0861864e+00  -6.7205257e-01  -1.8886981e+00
   2.0000000e+00  -1.0523659e+00   1.2835175e-01   2.3775328e+00  -3.0447446e-01  -1.6654202e+00  -2.0656659e+00
   2.0000000e+00  -1.4042607e+00  -1.3703689e+00  -8.5091999e-01   7.6147979e-02  -7.6174933e-02   1.0002249e+00
   2.0000000e+00  -1.4031960e-01  -1.9177995e-01   1.3809975e+00  -4.8235881e-02  -3.5229652e-01   1.3547036e+00
   2.0000000e+00   1.5681772e-01   9.8515283e-01  -1.0793851e+00   9.4850266e-01  -6.0421890e-01  -5.2224434e-01
   2.0000000e+00  -1.4541613e+00  -2.2269789e-01  -9.5363901e-01   6.9283421e-02   5.7966291e-01  -1.5323541e+00
   2.0000000e+00   1.2662948e+00   4.1712247e-01  -3.6607109e-01   6.3968707e-01  -1.3343111e+00  -5.3964119e-01
   2.0000000e+00   1.0297932e+00  -1.2999907e+00  -1.2387863e+00  -3.5463906e-01   7.5009796e-03  -1.0811766e-01
   1.0000000e+00   1.8859842e+00   1.1824258e-02   4.9888133e-01  -8.0554308e-01   5.3181584e-01  -2.8960388e-02
   1.0000000e+00   3.3372047e-01   6.0270784e-01   1.5468622e-01  -1.2972517e-01  -3.0408016e-01   2.2747230e+00
   2.0000000e+00  -3.7552082e-01  -1.2210277e+00   6.6483711e-01  -8.3832363e-01  -1.1014833e+00  -2.7618737e-01
   2.0000000e+00  -1.0225423e+00  -1.1819321e+00  -8.4353036e-01  -8.1825957e-01  -5.8383613e-01  -4.7006487e-01
   2.0000000e+00  -2.2416276e-02   9.5965457e-01   1.0821685e+00  -8.8716792e-02  -5.8342205e-01   8.9517375e-01
   2.0000000e+00   1.7866533e+00   8.0181773e-01  -2.8213308e-01   1.1875302e+00  -8.2940060e-01  -1.2325785e+00
   2.0000000e+00   5.7397659e-01  -5.8952267e-01  -1.2372254e+00   2.3398300e-01  -6.3136914e-01  -1.0974892e+00
   2.0000000e+00   1.4190641e+00   7.3882963e-01  -1.3277854e+00   8.7824467e-01   1.4449272e+00  -4.9875560e-01
   1.0000000e+00   6.8577358e-01   5.1062738e-01   5.6847424e-01  -1.8391872e+00   4.1088952e-02   8.9541635e-01
   2.0000000e+00   8.0758984e-01  -1.0683064e+00  -8.6443527e-01   9.9557479e-01  -6.8188911e-01  -1.7717067e+00
   1.0000000e+00  -2.5530522e-01  -7.8584384e-01   5.9444245e-01  -1.0843262e+00   4.3616392e-01   6.5174532e-01
   2.0000000e+00  -4.5138690e-01  -4.9885157e-01  -3.0235204e-01  -6.8230449e-01   1.3055976e+00  -3.4756996e-01
   1.0000000e+00  -2.9572531e-01   7.7944973e-02   1.0697713e-02   9.0918760e-01  -1.0461071e-01  -6.1845446e-01
   2.0000000e+00   1.4681683e+00   1.1056222e+00   9.4009562e-01   9.7420416e-01   8.3854344e-01   5.1645973e-01
   1.0000000e+00   6.3882590e-02  -6.7474754e-01   6.8973789e-01   5.5757632e-01   3.1872888e-01  -4.5781918e-01
   2.0000000e+00  -9.7978321e-01   5.3372458e-01   5.2746690e-01   2.3246150e+00  -1.5908242e+00   2.0670751e+00
   2.0000000e+00  -2.8229461e-01   9.4308129e-01   1.7809429e+00   6.7537113e-02   6.3682271e-01  -1.5797013e-01
   2.0000000e+00  -3.6010630e-01  -1.2548031e+00  -9.1995727e-01  -2.2968945e+00   1.8564058e-01  -6.3235636e-01
   2.0000000e+00  -1.9601189e-01   4.1959792e-01  -1.9061390e-01  -1.8859165e+00  -6.1790040e-01   1.6094334e+00
   2.0000000e+00   2.1293212e-01   6.3292821e-03  -1.1424591e+00  -8.0635859e-01   6.1537681e-01  -9.1454254e-01
   2.0000000e+00  -8.8825396e-02   1.4019402e+00  -8.0366761e-02   4.5533053e-01  -5.8374692e-01  -1.2183721e-02
   2.0000000e+00   3.3970650e-01   1.0244637e+00  -2.6499766e-01  -8.5503064e-01   1.1433703e+00  -2.7518143e+00
   2.0000000e+00  -1.4735939e+00  -1.0530780e+00   8.9119748e-01  -1.1742466e+00   1.6710478e+00  -3.7074246e-01
   2.0000000e+00  -1.4905583e+00  -5.2637644e-01  -8.3917158e-01   1.1379308e-01   1.2735698e-01  -6.7861790e-01
   2.0000000e+00   2.2962512e-01  -6.3178274e-01  -1.0801750e+00  -7.9030676e-03   7.5645428e-01   6.1922950e-01
   2.0000000e+00  -7.4340751e-01   5.1198815e-01   5.9279949e-01   4.9116332e-01   8.5865815e-01  -5.2902953e-01
   2.0000000e+00  -3.0951480e-01   5.9618150e-01  -1.9973814e+00   1.1666137e+00  -3.0963840e-01  -7.8076671e-01
   2.0000000e+00  -3.6711169e-01  -1.6495497e-01   1.7249412e+00  -1.4935809e+00   6.4174334e-01   6.1083534e-01
   1.0000000e+00   5.8930002e-02   1.8887972e-01   2.3997869e-01  -2.1318236e+00   1.5284777e-01  -1.7654788e+00
   2.0000000e+00  -7.7288489e-01  -1.7587530e-01  -6.1935733e-01   1.6453093e+00  -8.2733333e-01   5.1534350e-02
   1.0000000e+00   1.2609231e+00  -2.3586530e-01   7.6611973e-01  -8.4389651e-01   1.2570069e-01  -4.0665145e-01
   2.0000000e+00  -8.1278731e-01   1.4116155e+00   1.2182698e+00   6.0158345e-02  -3.2145118e-01   1.1319599e+00
   2.0000000e+00  -1.8479491e-02   4.3968044e-01  -3.1466145e+00   2.1430250e+00   1.2408913e-01  -4.0224523e-01
   1.0000000e+00  -1.6372205e+00   8.4433581e-01   8.4044868e-02   6.8831442e-01  -4.7085685e-01  -1.1235557e+00
   2.0000000e+00  -3.5735998e-01   2.0807985e-01  -5.8107228e-01  -4.2347718e-01   9.7411391e-01  -4.8811235e-01
   2.0000000e+00  -5.9950246e-01  -5.6609706e-01  -4.3661229e-01   2.7501802e-01  -1.3355959e+00   1.3547677e+00
   2.0000000e+00  -5.4397989e-02   4.3533519e-01   9.7781106e-01  -1.2603527e+00   4.5987318e-01   3.1965914e-01
   2.0000000e+00  -2.4113130e-02  -1.2615451e+00  -8.5483561e-01   1.8668682e-01  -2.1113529e-01   1.3526601e+00
   2.0000000e+00  -1.0771873e-01   9.9771855e-01   1.6477345e+00   1.3681748e+00  -5.8046811e-02  -1.4063545e+00
   1.0000000e+00   1.0797590e+00  -6.6451544e-01   1.6524777e-01   7.5971993e-01   7.1300589e-01  -1.6607095e-01
   2.0000000e+00   1.6971847e+00   1.6918326e+00  -8.1138986e-01  -9.7351545e-02   9.1056979e-01  -5.2027152e-01
   2.0000000e+00  -1.7446641e+00   2.0271449e-01   5.7527226e-01   9.2520246e-01  -8.7036552e-01  -2.8536417e-03
   2.0000000e+00   1.7676391e-01  -8.2883206e-01  -6.0921300e-01  -1.7604489e+00   2.0130180e-01   5.8645375e-01
   2.0000000e+00   7.2189406e-01   1.1012272e-01  -1.3916851e+00  -7.2765420e-01   1.3239609e+00   4.7087027e-03
   2.0000000e+00  -1.8337569e+00   3.3342292e-01  -6.0861743e-01   4.0278196e-01  -1.5352222e+00   4.5849296e-01
   2.0000000e+00  -1.1398858e+00   5.8490338e-01  -3.4452143e-01  -5.7967255e-01   1.5854695e+00   7.8295730e-01
   1.0000000e+00   8.5673202e-02   1.3531586e+00   4.6705414e-01  -1.4449334e-01   8.2681972e-01  -7.1504462e-01
   2.0000000e+00   1.0085244e+00  -2.0777856e+00  -1.9711277e+00   6.0859339e-01  -9.7892672e-01   4.3742691e-01
   2.0000000e+00  -4.3509327e-01  -1.4403661e+00   1.1012009e+00   4.0572318e-01  -6.0156389e-01   3.3058756e-02
   2.0000000e+00  -8.7234308e-01  -2.3520801e+00   2.3954024e+00  -3.7643189e-02   1.1591320e+00  -6.4992307e-02
   1.0000000e+00   5.4770135e-01  -1.6308877e+00   1.1740787e-01  -1.3286370e+00   6.9524471e-01   7.9853168e-01
   2.0000000e+00   5.6610626e-02  -2.0671060e-01  -6.3110003e-02  -3.6034831e-01  -7.0497398e-01  -4.5412398e-03
   2.0000000e+00  -1.0738621e+00  -1.4300243e+00   1.1575517e+00   1.2576839e+00   7.7131100e-01   2.1440597e-01
   2.0000000e+00   9.3954234e-01  -7.8979475e-01   1.5381201e+00   7.1169431e-01   4.7172923e-01   1.2819469e+00
   2.0000000e+00  -8.2022453e-01   1.8298789e+00  -2.1519884e+00  -2.2582735e+00  -1.9822784e+00   5.8884439e-01
   2.0000000e+00  -4.7457530e-01   2.0084910e-01   9.0919246e-01  -1.2241493e+00   4.5289471e-01  -1.4710004e-01
   2.0000000e+00   1.4771630e+00  -1.3307920e+00  -1.0235535e+00   7.9210925e-01  -1.3060643e+00  -4.1926380e-01
   2.0000000e+00   9.6503775e-01   4.2433657e-01  -1.4824075e+00  -1.3619956e-01   5.7344494e-01   5.3856033e-01
   1.0000000e+00  -4.5655295e-01   1.7425565e-01   4.7615593e-01   1.6694765e+00  -6.3345223e-01  -3.9593285e-01
   2.0000000e+00  -1.3538953e-01   1.3410871e+00  -8.0439064e-01  -8.3438659e-01   3.7186754e-01   1.0611729e+00
   1.0000000e+00  -1.3245010e+00   9.8676189e-02   6.0463079e-02   1.5282732e+00   7.6418752e-01   9.7411212e-01
   2.0000000e+00   1.1465716e+00   9.9366771e-01  -5.2557752e-01   7.7351059e-01   4.3754732e-01  -8.4688585e-01
   1.0000000e+00   1.3965581e+00   2.0283627e+00   1.3278211e-02   3.4449984e-01  -3.3578045e-01  -1.3633577e+00
   2.0000000e+00   1.6562676e+00   1.3661432e+00  -1.8125452e-02  -6.8717392e-01   2.0931492e+00  -7.1806447e-01
   2.0000000e+00   7.8770839e-01  -3.5135252e-01   6.2069624e-01  -1.9174623e-01   9.0371740e-01   1.4088465e-01
   2.0000000e+00   6.0735290e-01  -4.1757151e-01  -1.2154397e+00  -1.0409946e+00  -1.0603084e+00   1.0273126e+00
   2.0000000e+00  -3.9306611e-01  -6.6970796e-01   8.0661922e-01  -1.4505249e+00  -1.0219615e+00  -3.2682996e-01
   1.0000000e+00  -1.7854476e+00  -3.7963620e-01   2.0731512e-01   3.4053275e-01   2.4623163e-02   1.0391615e+00
   2.0000000e+00  -1.0167671e+00   9.6084010e-01  -1.4562346e+00  -1.1641319e+00   8.5704504e-01  -9.8111669e-01
   2.0000000e+00   1.8955636e-02   1.8496779e+00   9.5850215e-01  -1.0581851e+00   1.1104331e+00   2.3343030e+00
   1.0000000e+00   7.7048349e-02  -3.2403166e-01   5.8997535e-01  -2.2795466e+00   6.4196888e-01   8.9971530e-01
   2.0000000e+00   3.4464087e-01   1.1968007e+00   1.5325164e+00   5.3984846e-01   7.2140463e-01   2.1778118e+00
   2.0000000e+00  -2.3229795e-01  -1.4415278e+00   1.0696671e+00   5.2275330e-01   4.4759166e-01   9.1561948e-01
   2.0000000e+00   1.6040817e-01   4.2082008e-01  -2.4266439e-01   7.6129549e-01   6.4936947e-01   2.0966108e+00
   2.0000000e+00   3.2286033e-01  -5.7815506e-01  -2.0572843e+00   7.6580714e-02  -5.5399496e-01  -9.4500620e-02
   2.0000000e+00   1.9768274e+00  -1.7246257e-01   5.6787215e-01   1.0353039e+00  -6.3448617e-02   5.9558205e-01
   2.0000000e+00  -9.2194698e-01   9.6415429e-01  -1.1054478e+00   4.0380779e-01  -8.7081568e-01  -6.3662122e-01
   2.0000000e+00  -2.4724285e+00   9.7425485e-01   1.5111065e-01  -2.9831133e-01  -7.5737098e-01  -1.0675960e+00
   2.0000000e+00  -1.1457491e+00   8.1151834e-01  -6.2066074e-01   6.1160143e-01   6.3393549e-01  -2.2854159e-01
   2.0000000e+00   9.6956546e-01   1.1104291e-01   5.6469464e-01   7.7567901e-01  -1.2075159e+00  -2.6435206e-02
   2.0000000e+00   1.4047958e+00  -2.5072554e-01  -2.5095529e-01   1.1839764e-01   2.0709203e-01   2.0596055e+00
   2.0000000e+00  -6.6129961e-01  -5.7066483e-01  -7.9752836e-01  -8.3586178e-01   1.6867383e+00  -1.4508315e-01
   1.0000000e+00   7.5289786e-01  -4.9420650e-01   7.4485820e-01   1.8944970e+00   3.3275520e-01  -1.1538972e+00
   2.0000000e+00   7.6843192e-01  -2.3534158e+00  -1.6761679e+00  -1.7259785e-01  -2.3762727e-01  -9.7888887e-02
   2.0000000e+00   7.4658246e-01  -7.5802870e-01  -1.1739685e+00   1.4063836e+00  -9.8730000e-01   1.0541526e+00
   2.0000000e+00  -9.3955857e-01   1.1936384e+00   1.8056334e+00   1.1256533e+00  -2.7515022e-01   2.1732222e-01
   2.0000000e+00   2.5883692e-01  -7.5438320e-02   4.7858745e-01   1.5452215e+00   1.8052122e+00   1.9469976e+00
   2.0000000e+00   2.4954073e-01  -9.5921600e-02  -1.2566168e+00   2.0392484e-01   5.4141688e-01   1.5067966e+00
   1.0000000e+00   4.8125023e-01  -8.4371869e-01   3.1292198e-01   9.1950934e-01  -1.4422952e-01  -6.0241397e-01
   1.0000000e+00   1.6430834e+00  -3.0770474e-01   6.3847589e-01   7.8485145e-01   4.1451121e-01   3.1074532e-01
   2.0000000e+00   4.1361782e-01   8.0367649e-01  -5.0757914e-02   1.4802210e+00   1.9735276e+00  -1.1517641e+00
   2.0000000e+00   1.5333410e-01   1.4380625e+00   2.5049936e+00  -9.1093515e-01   8.7943063e-01   5.6597512e-01
   2.0000000e+00   9.4898735e-01   4.4426601e-01  -2.0372439e+00  -2.6035763e-01  -1.4073968e+00  -1.4626633e+00
   2.0000000e+00  -9.7796415e-02   1.9458650e+00  -4.7100846e-01  -5.5713729e-01  -1.0567304e+00   1.5209265e+00
   2.0000000e+00  -2.3194099e+00  -1.6582044e-01   5.2538210e-01   2.6505606e+00  -7.6893612e-01   2.3202473e+00
   2.0000000e+00  -2.0870936e-01  -6.0539805e-02   2.7919801e+00  -4.2752819e-01   6.1718603e-02   3.5346449e-01
   2.0000000e+00   1.8496721e-01   1.1360348e+00   1.7596916e+00   1.5600902e+00  -6.0113878e-01  -4.7130713e-01
   1.0000000e+00   4.4377662e-01   4.1441991e-01   5.9523074e-01   7.8074026e-01   2.2044343e-01   3.0420026e-02
   2.0000000e+00   4.0288113e-01   1.1511414e+00  -1.0961386e+00  -3.8173479e-01   1.0872139e+00  -6.9619799e-01
   2.0000000e+00  -6.3690466e-01   5.1140150e-01  -1.5678164e-01   1.1243797e+00  -1.0715821e+00  -5.1922661e-01
   2.0000000e+00  -8.0698411e-01   2.1624016e-01   1.9142886e-01   2.7204676e-02   1.0236284e+00  -1.6975353e+00
   2.0000000e+00   6.7729661e-01   7.2137201e-01  -2.8551487e-01  -1.8735894e+00   3.7796275e-01   9.4459123e-01
   2.0000000e+00  -1.3035612e+00   1.8882445e-01  -3.7248096e-01  -2.0168366e-01  -1.0320646e+00   9.9228424e-01
   1.0000000e+00  -1.3751093e+00  -4.6156174e-01   5.8091281e-01   1.2543921e+00   6.0496431e-01   3.9512236e-01
   2.0000000e+00   4.0210152e-01   1.3414314e+00   1.4365090e+00  -5.8009440e-01   1.6062881e-02  -2.3710852e-02
   2.0000000e+00   2.0168106e-01  -1.2185390e+00   1.5467297e+00   3.0282792e-01   1.8586801e+00  -1.5076679e+00
   2.0000000e+00  -4.9524740e-01   1.9482483e-01  -6.8944498e-03   2.3668028e-01  -1.5565564e+00   3.2085031e-01
   1.0000000e+00  -2.9897508e-01   1.7522219e-01   2.3357787e-01   3.1300321e-01   5.9675696e-01   1.4587350e+00
   2.0000000e+00  -1.3638184e-01   2.7299759e-01  -1.0543225e+00  -2.3790423e-01   6.9454502e-01   1.0522387e+00
   2.0000000e+00   5.4084155e-01   6.7269592e-01  -1.4440389e+00  -1.5213119e-01   6.1131840e-01   9.7683046e-01
   2.0000000e+00   9.5436277e-01  -5.0979783e-01  -6.5353376e-01   2.1339164e-01  -7.9069975e-01   4.3813715e-01
   2.0000000e+00  -1.4398897e+00  -1.2096617e-01  -3.9524511e-01  -1.7217027e-01   1.0270775e+00  -1.1606899e-01
   2.0000000e+00  -1.7204953e+00   7.1994018e-01  -8.9053923e-01   8.8338871e-03  -7.3018975e-01  -1.5459566e+00
   2.0000000e+00   3.7345003e-01  -2.1360351e-01  -1.0704653e+00   6.7990552e-01  -7.9464323e-01  -1.0965591e-01
   2.0000000e+00  -3.5988025e-01   1.3315668e+00  -3.1380025e-02  -1.6463128e+00  -1.1639995e+00   1.1341660e+00
   2.0000000e+00  -1.4902306e-01  -8.1934319e-01   1.8420724e+00   1.4509969e+00   3.0908997e-01   6.2336270e-01
   2.0000000e+00  -5.0062260e-03  -1.1493496e+00   1.4126879e+00   2.7755418e-01  -3.0433232e-01   1.3010477e+00
   2.0000000e+00   8.9934696e-01  -2.4584083e+00  -2.2819736e-01   7.7332515e-02   1.6110049e+00   1.8010213e+00
   2.0000000e+00  -2.3931574e+00   6.8119096e-01  -1.5984308e+00  -4.8012171e-01   1.9493297e+00   5.4961814e-01
   1.0000000e+00  -1.2701458e-01   4.5051511e-01   4.6872023e-01   5.6500537e-01  -4.8296146e-01   6.1927285e-01
   2.0000000e+00   1.2144970e+00   7.6944451e-01  -1.7376860e+00   5.9122405e-01  -9.3915546e-01   7.6991597e-01
   1.0000000e+00   5.5154732e-01  -4.9012999e-02   4.1233841e-01  -1.0359678e+00   7.8661113e-01  -6.0124634e-01
   1.0000000e+00   1.9546445e+00   1.1109398e+00   2.7313652e-01   6.2852415e-01  -1.5753897e-01  -1.2068544e-02
   2.0000000e+00   1.4305037e+00  -7.3583174e-01  -9.7322547e-01   1.0439019e+00  -1.7023030e+00   1.2418647e+00
   2.0000000e+00  -1.5428862e+00  -3.6303515e-02  -7.4837792e-01   1.6562323e+00   1.7509942e+00  -4.7041024e-02
   2.0000000e+00  -6.7510412e-01  -5.1257930e-01   1.1428438e+00   1.0932427e+00  -4.0989693e-01   7.2477501e-01
   1.0000000e+00  -5.8652524e-02  -3.4141627e-01   6.0781964e-02  -1.1579891e+00  -1.5704748e-01  -4.2623587e-01
   1.0000000e+00  -1.5463708e-01  -2.1367634e-01   4.7501884e-01   6.5967773e-01  -8.3735816e-01  -1.2604985e+00
