   2.0000000e+00  -2.9792544e+00  -2.7647648e-01   1.4098693e+00   2.6622183e+00  -2.1678384e-01   5.4862760e-01
   1.0000000e+00   1.3210122e-01   7.9453037e-01   1.3865707e+00   5.8197518e-01   7.3834370e-01  -1.9824793e-01
   2.0000000e+00   1.3748333e+00   1.0194457e+00  -5.7351421e-01  -1.0862882e-01   4.2170556e-01  -1.8633224e+00
   2.0000000e+00  -5.2086223e-01   3.9653284e-01   2.1377894e-01   1.2896117e+00  -3.3492488e-01   7.7629261e-01
   2.0000000e+00   1.9886579e+00   5.1429294e-01  -2.2168035e-01   9.3544790e-02   4.6554479e-01  -1.8466902e-01
   2.0000000e+00   4.8668280e-01  -8.3506165e-01   4.8207617e-01  -1.8987283e-01  -1.5777648e+00  -1.5771317e+00
   2.0000000e+00   8.5354080e-01   2.8699206e-01  -1.6063849e+00  -1.6885601e+00   5.5117635e-01  -1.6453250e+00
   2.0000000e+00   1.9234761e+00   1.7877988e+00   4.0995365e-01   8.8906958e-01  -1.2119671e+00  -8.9104676e-01
   2.0000000e+00   2.3772855e+00  -2.1894589e+00  -1.2751742e+00   1.2561878e+00   1.8972175e+00   3.6510841e-01
   2.0000000e+00  -5.2809640e-01   1.6661083e-01  -3.6564885e-01  -1.2612144e+00  -4.4992966e-02   1.0925718e+00
   2.0000000e+00   3.5832792e-02  -1.1664416e+00  -2.7725706e+00   1.5739273e+00  -9.0562684e-01   2.1835388e-01
   1.0000000e+00  -6.2198236e-01   7.9509715e-02   1.4831125e+00  -4.9627769e-01  -3.0245065e-01   2.4890004e-01
   2.0000000e+00  -5.1064244e-01   1.1942454e+00   1.3101452e+00   5.9071443e-01   8.1885511e-01   9.5834776e-01
   2.0000000e+00   8.8279863e-01  -4.0058913e-01  -1.4654869e+00  -9.8104066e-01  -2.8343448e-01   9.9387597e-01
   2.0000000e+00  -1.6699621e-01  -1.4258193e+00  -1.3282351e+00  -1.1012020e+00  -1.0841290e+00  -3.8133514e-01
   2.0000000e+00  -5.0453597e-01   2.0425608e+00  -1.5308675e+00   3.3934264e-01   6.9916929e-01   4.4709603e-01
   2.0000000e+00  -6.0229255e-01  -1.5813964e+00  -4.5749577e-01  -3.9178045e-01  -1.9008097e+00  -1.2304534e+00
   2.0000000e+00  -1.4253004e+00   1.9436770e+00   6.2735421e-01   1.0642829e-01   5.3834494e-01  -6.6841081e-02
   2.0000000e+00  -2.7541019e-01  -5.0236147e-02   1.9993282e+00  -2.9427466e-01   6.6684755e-01  -2.0072066e-02
   2.0000000e+00  -5.4744983e-01   4.3712118e-01   1.3371449e+00  -1.0200149e+00  -2.1371450e+00   1.3827565e+00
   1.0000000e+00  -1.1185628e+00   4.9692118e-01   2.1861141e-01   4.2241841e-02   4.3732064e-01   2.3188710e-01
   1.0000000e+00  -9.1461122e-01   8.3967673e-01  -8.3066819e-01  -4.9908415e-01  -9.0475500e-01   2.3072739e-01
   2.0000000e+00   1.8754968e-01  -4.5923370e-01   8.2170785e-01   2.7261910e-01  -1.7344673e-01  -1.8225470e-01
   2.0000000e+00   1.7402261e+00  -5.2359652e-03   7.2528758e-03  -2.6929875e-01  -9.2197601e-01  -3.0621436e-01
   2.0000000e+00   1.0259244e+00  -2.3251842e-01  -1.4602173e-01   9.0725376e-01  -8.3458436e-01   6.0215648e-01
   1.0000000e+00   1.0588633e+00   5.5494314e-01   1.1927395e+00  -3.0408785e-01  -5.2847067e-01   7.1205697e-01
   2.0000000e+00   4.9463455e-02  -1.9240105e+00  -1.8785324e-01   1.3957975e+00   6.5037926e-03  -1.2326120e+00
   1.0000000e+00   3.1929801e-01   7.3751782e-01  -1.4338489e-01   2.6060400e-01  -4.2946237e-01   1.6928922e-01
   2.0000000e+00  -2.4924881e-01   5.0600691e-01   1.4274191e+00   1.1168689e+00  -3.2512655e-01   1.2679290e+00
   2.0000000e+00  -3.8481124e-01  -4.4053870e-01  -8.1627644e-01   2.5616124e-01  -5.8876544e-01   1.2699269e+00
   2.0000000e+00   1.7851774e+00  -1.1534049e+00  -9.7634672e-01  -1.8221312e+00   8.7404329e-01   1.0683981e+00
   2.0000000e+00   1.5660806e-01   4.2972817e-02   3.1672274e-01   2.3407653e+00  -1.6389082e+00   1.9137697e-02
   2.0000000e+00  -6.2728558e-01   4.1116828e-01   7.6754270e-01   1.4536535e+00   1.3695267e+00  -1.3520470e+00
   2.0000000e+00   1.0827923e-01  -1.3444715e+00   5.0904017e-01  -1.4049644e+00   1.8071300e+00  -1.1473351e+00
   2.0000000e+00   1.3465168e+00  -3.3438346e-01   2.4136467e-02  -3.8338599e-01  -1.9246844e+00  -2.8591196e+00
   2.0000000e+00   3.4538325e-01  -2.5039294e-01  -6.8199781e-01   1.3976946e+00  -1.0813874e+00   5.6781218e-01
   2.0000000e+00   3.3997995e-01   7.1352898e-01   1.0112410e+00   7.1283070e-01  -8.1201307e-02  -5.7881108e-01
   2.0000000e+00  -1.4350518e+00   2.0760231e+00   1.0807783e+00   2.9823882e-01   1.9895513e+00  -4.8700965e-02
   2.0000000e+00   6.7371393e-02  -2.9381727e-01   1.2847062e+00  -4.8433736e-01   4.7338917e-01   1.0836689e+00
   2.0000000e+00   6.5098937e-02  -1.3882947e-01   1.1303015e+00  -1.2017521e+00   1.1619054e+00   2.7619126e-01
   1.0000000e+00  -4.0845762e-01   1.2486606e-02  -1.4675062e+00  -1.8613670e-01   1.1852016e+00   4.4721591e-01
   1.0000000e+00   1.8683117e-01   4.8852406e-01  -6.4876888e-01  -5.3577346e-01   6.6958176e-01  -1.1021591e-01
   2.0000000e+00   1.3533932e+00  -3.6767438e-01   3.6443147e-01  -4.1910473e-01  -1.6689654e+00  -1.5495105e+00
   2.0000000e+00  -1.0943133e+00  -2.3348178e-01   1.4423725e+00  -6.5337407e-01   2.1167047e-01   3.4608934e-01
   2.0000000e+00   7.0521828e-01   7.9202868e-01   3.8547459e-01   7.9790162e-01  -1.3379969e+00  -5.9960847e-01
   1.0000000e+00   7.9944703e-01   5.2307828e-01   1.8293073e+00  -4.6832461e-01   2.0548431e-01   1.5886535e+00
   1.0000000e+00  -3.8047554e-01   5.7632880e-01   1.1739095e+00  -6.1783481e-01   8.5161056e-01  -1.3717803e+00
   1.0000000e+00   3.8908239e-01   6.4712515e-02   5.5972831e-01  -1.9344017e-01  -3.8052909e-01   7.1548741e-01
   2.0000000e+00   3.8590589e-01  -4.5839647e-01  -1.1157150e+00  -1.6756114e+00   5.5878302e-01   3.5661762e-01
   2.0000000e+00   5.3307013e-02   2.0583501e+00   5.8283872e-01   9.1411891e-01  -3.3380845e-01   5.5024568e-02
   1.0000000e+00  -1.2123572e+00   5.0129173e-01   4.3928968e-02   4.9122615e-01   9.0285639e-02  -8.7432185e-01
   1.0000000e+00  -6.1290475e-01   8.3859312e-01  -2.2167078e+00   4.2179702e-01   4.2035902e-01   6.0505982e-01
   2.0000000e+00   5.6907341e-01  -9.4574697e-01  -8.9267916e-01  -4.4694154e-01   4.7392714e-01   9.7069113e-01
   2.0000000e+00  -3.1583111e-01  -6.0001141e-01   1.3532274e+00   1.1809521e+00  -7.7850968e-01   5.9803219e-01
   2.0000000e+00   9.4218774e-01  -6.0472836e-01   6.2629775e-02   1.9142582e-01  -1.5293248e-01  -1.1950220e+00
   2.0000000e+00   1.0186460e+00   7.6560362e-01   9.9196121e-01  -1.6145854e+00   2.2274447e+00  -1.7591520e+00
   2.0000000e+00  -4.8519961e-01  -4.1106487e-01   6.4560424e-01  -2.8015478e-01  -6.9615824e-01  -5.6248340e-01
   1.0000000e+00  -6.6117050e-01   9.1273668e-01  -7.2942009e-01   5.9874760e-02  -5.5557747e-01   1.1300757e+00
   1.0000000e+00   5.2834372e-01   3.7067923e-01  -1.0964707e+00   6.2635904e-01   8.9016774e-01   2.8535575e-01
   2.0000000e+00  -1.2935815e+00  -6.3515033e-01  -1.2932258e+00   2.7247541e-01  -3.9158956e-01   6.4063782e-01
   2.0000000e+00   5.5028297e-01   8.7905917e-01   2.0310934e+00   7.3490050e-01   4.6054266e-01  -1.3419342e+00
   2.0000000e+00  -3.4272212e-01   9.0928988e-01   1.0422306e+00   9.0201102e-01  -1.2722650e+00  -3.8483526e-01
   1.0000000e+00  -7.8337460e-01   3.2944940e-01  -1.5161556e+00  -9.7606098e-02  -2.2892601e+00  -3.4394132e-01
   1.0000000e+00  -4.8523762e-01   5.0546653e-01  -4.3573330e-01  -7.7940341e-01   6.6928158e-01  -6.7472880e-01
   2.0000000e+00   6.4952908e-01  -1.8419996e-01  -9.0047209e-01  -1.7663009e-01   9.0311405e-02   1.0127960e+00
   2.0000000e+00   1.6207092e-01   7.5212737e-01  -2.3127393e-01   8.3138487e-01   1.2792880e+00   2.7154967e-01
   2.0000000e+00  -8.4460368e-01   2.0044226e+00   1.7189092e-01   1.0420955e+00  -1.2446178e-01  -2.6935171e-02
   2.0000000e+00  -1.0641671e-01  -1.6081833e+00  -5.4801633e-01   1.7816732e-01   2.4059986e-01  -1.2708876e+00
   2.0000000e+00   5.6351939e-01  -1.9455373e-01  -3.2086388e-01  -5.0477433e-01  -1.8578903e+00   1.1925927e+00
   2.0000000e+00   5.6742518e-01   9.7795448e-01  -1.3142419e+00  -5.0133102e-01   2.6254559e-01  -1.2809024e+00
   2.0000000e+00   4.3497718e-01  -9.1798021e-01   3.9121341e-01   1.8497170e+00  -8.0683066e-01  -1.9860279e+00
   2.0000000e+00   1.6910633e+00  -3.3260270e-01  -1.5128524e+00  -5.1582727e-01   4.9118249e-01   7.1588059e-01
   2.0000000e+00   4.1400753e-01  -9.7279201e-01   2.2364629e+00   3.3149602e-01   2.0254651e+00  -6.1272911e-01
   2.0000000e+00   4.9977167e-01  -1.2852819e+00  -9.0169716e-02   3.5444135e-01   6.7806124e-01   4.2797818e-01
   2.0000000e+00   2.8814193e-01  -1.7948263e+00   2.3656256e-01   7.4642484e-01   1.2371971e+00   1.0773493e+00
   2.0000000e+00  -1.5495063e+00   1.0582861e+00  -9.6502859e-01  -1.6299534e+00   7.8539042e-01   1.3064747e+00
   2.0000000e+00  -2.2554345e+00  -1.0425624e+00   2.4899978e+00   2.1936934e-01   3.5949045e-01   7.4278615e-01
   2.0000000e+00   7.8423244e-01   3.2148099e-02  -5.0645311e-01   1.0693209e+00   2.6714544e-01   4.0664604e-01
   1.0000000e+00  -7.3423062e-01   6.2617000e-01  -1.1955181e-01   3.1321958e-02  -1.5810432e+00   1.3663933e+00
   2.0000000e+00  -1.1057744e+00  -1.1842890e+00  -1.1775121e+00   2.5280069e+00   6.7351518e-01  -1.4743946e+00
   2.0000000e+00  -1.0990516e-01  -1.5417099e+00   3.1982063e-01   1.2268442e+00   4.2160149e-02  -8.2343750e-01
   2.0000000e+00   2.3068338e-01  -7.5889524e-01  -1.9142248e-01   1.9322528e-01   1.0256589e+00  -7.2570446e-01
   2.0000000e+00   1.9039579e+00   1.7561383e+00  -5.7943916e-01   1.0609965e+00   2.9466850e+00   7.7532688e-01
   1.0000000e+00  -9.7660699e-01   1.8003017e-01   4.0076138e-01   6.9086578e-01   1.6186672e+00   1.7633905e+00
   2.0000000e+00  -1.8758584e+00   4.0070447e-02  -2.1336514e-01   2.0740354e+00   3.6583952e-01  -2.4598001e+00
   2.0000000e+00   2.2160895e-01   1.4313916e+00  -1.3106611e-01   1.0110899e+00   1.9124520e+00   1.1807663e+00
   2.0000000e+00  -2.5915486e+00  -7.5359045e-02   2.4703259e+00   5.4679893e-01   8.5230463e-01   9.9117134e-01
   2.0000000e+00   1.5486447e+00   6.3035925e-01  -3.5268353e-01   7.9479245e-01  -4.3066689e-01   1.0092283e+00
   2.0000000e+00   2.5331237e-01   1.4861345e+00  -1.1840474e+00   1.1428291e+00  -1.5318878e+00   7.2035355e-01
   1.0000000e+00  -4.2145980e-02   7.5785760e-01  -8.0643559e-01   1.8108842e-01   4.6185052e-02  -2.1703834e+00
   2.0000000e+00  -3.2808761e-01  -4.0088710e-01   1.2144969e+00  -1.3135256e+00   1.6686738e+00   5.0884667e-01
   2.0000000e+00   7.6550577e-01   3.9046919e-01   4.2843112e-01   1.8120565e+00   4.2323317e-01  -7.0554301e-01
   2.0000000e+00  -3.4775579e-01  -4.5837038e-02  -1.0646471e+00  -1.1592025e+00  -1.1387524e+00   9.3610137e-02
   2.0000000e+00  -6.1384688e-01   5.5512510e-01  -1.0814421e+00  -8.3239186e-01  -1.5278331e+00  -5.5187498e-01
   2.0000000e+00   2.8582614e-01   1.1569099e+00  -6.6394479e-01  -8.5595832e-01   1.4420153e+00   2.8455712e-03
   2.0000000e+00   2.7191805e-01   9.1925260e-01   1.1317850e+00  -8.3464592e-01  -9.1784529e-01   4.3810847e-01
   2.0000000e+00  -1.0829442e+00  -5.9456221e-01   4.7562211e-02  -1.0107122e+00  -5.0991539e-01   2.5951612e-01
   1.0000000e+00   5.4167855e-01   5.2791874e-01   9.4235995e-01  -4.9715411e-03   6.0395955e-01  -9.1905804e-01
   2.0000000e+00   4.8110934e-01  -1.3360981e+00   7.9611950e-01   6.8001661e-01  -1.0423931e+00  -9.1148733e-01
   2.0000000e+00  -9.5220641e-01   2.0076348e+00  -5.9293520e-01  -2.1357585e-01  -1.1217604e+00  -3.6914002e-02
   2.0000000e+00   8.3945277e-01   9.2149200e-01  -5.3293005e-01   6.8445259e-01   9.1274076e-01  -3.9657168e-02
   2.0000000e+00  -1.7230342e+00  -2.7608681e-01  -9.0365318e-01  -2.2037111e-01  -1.5369430e+00   9.6212782e-01
   2.0000000e+00   7.6408060e-02  -6.4600826e-01  -4.5557325e-01   1.6958313e+00   5.6283577e-01  -5.2330765e-01
   2.0000000e+00   1.0325152e-01  -1.1617002e+00  -9.6714894e-01   6.0775599e-03  -6.7269560e-01  -1.2429114e+00
   2.0000000e+00  -1.2786232e+00  -5.9690136e-02  -1.4108654e+00   1.2105976e+00  -9.4428985e-01  -9.1684784e-01
   2.0000000e+00   1.2051175e-01  -1.5223559e-01  -7.6215514e-01   6.9929718e-01   2.9128686e-01  -1.5233476e+00
   2.0000000e+00   7.8038131e-02   4.4169741e-01   8.0791942e-01  -1.0287255e+00  -2.0726061e-01  -1.5777875e+00
   2.0000000e+00   7.0589651e-01  -8.2073522e-01   6.3775036e-01  -7.1161232e-01   5.2993636e-01   9.3915300e-01
   2.0000000e+00  -9.4367677e-01  -2.3571786e-01   1.6018846e-01  -9.4964838e-01  -2.3913606e-01  -9.5541582e-01
   2.0000000e+00   1.4152888e+00  -4.3909540e-01   9.1018582e-02   6.4512803e-01   1.1448728e+00  -5.8657503e-01
   2.0000000e+00  -1.3171044e+00  -9.3124387e-01   1.4173000e+00   1.7634444e-01  -7.5510669e-01   2.9978290e-01
   2.0000000e+00  -2.5783671e+00  -2.9772960e-01   1.2454721e+00   4.1672352e-01   8.1309538e-01  -1.2593322e+00
   2.0000000e+00  -1.5239031e-01  -1.4309105e+00  -1.0222602e+00  -1.1424203e+00  -4.8204914e-01  -4.8335555e-01
   2.0000000e+00  -2.6405898e-01  -5.1770645e-01  -1.4538212e+00   1.9193791e-01   1.1358384e+00   1.8912688e+00
   2.0000000e+00  -3.5251144e-01  -3.4056736e-01   4.6815981e-01  -8.2659534e-01   5.2164964e-02   8.7124623e-01
   2.0000000e+00   9.7712086e-01  -2.3109020e-01  -1.0090988e+00  -1.0421695e+00  -1.0657763e+00  -1.4591077e-01
   1.0000000e+00   1.4832941e+00   6.2436123e-01   4.7117215e-01   6.0754785e-01  -1.3611196e+00   1.5636401e-01
   2.0000000e+00  -1.5523436e+00   2.0735713e+00  -7.5538566e-02  -3.4585284e-01   1.7364629e+00  -2.8093872e-01
   2.0000000e+00   8.3826943e-01  -1.3671201e+00  -1.1288141e+00   2.3468811e+00   2.3589201e-01  -4.9967048e-01
   2.0000000e+00  -6.1952800e-02  -2.9589454e-01  -2.8637236e-01  -9.4497489e-01   1.5929960e+00  -1.0852669e-01
   2.0000000e+00   5.2139647e-01  -9.4052984e-01   8.3916593e-01  -1.2220460e+00   1.8395529e-01   6.1783890e-01
   2.0000000e+00   2.1443958e+00   2.7661536e-01  -9.6188237e-01   1.3916120e+00   3.4819432e-01   3.6231077e-01
   2.0000000e+00   1.0463190e+00   1.0735635e+00  -7.2251254e-03  -1.1509376e+00  -1.0171554e+00   7.4510445e-01
   2.0000000e+00   1.3187158e+00  -1.4334149e+00   1.3477654e+00  -4.5836498e-01   8.3922394e-01   3.8980817e-01
   1.0000000e+00   9.6866575e-01   4.2865594e-01  -4.6168194e-01   4.7231286e-02   3.3608159e-01   7.6824626e-02
   2.0000000e+00  -4.3896717e-01  -1.6029432e+00  -9.1043540e-01  -8.9805223e-01  -3.9307620e-01   1.1359555e+00
   2.0000000e+00   3.4040907e-01   8.4070115e-01  -1.4519680e+00  -1.0508079e+00  -9.1586376e-01  -1.1413890e+00
   2.0000000e+00   1.3330570e+00  -1.3814736e-01   4.0176026e-01   1.3310507e+00  -4.3429799e-01   1.8956181e+00
   2.0000000e+00  -5.3642271e-01  -3.1234666e-01   6.6718617e-01   8.4896597e-01  -1.5570800e+00  -5.5347919e-01
   2.0000000e+00  -2.7522175e-01  -2.5063484e-01   7.9842367e-01   4.5870057e-01  -2.6365562e-01  -1.0181134e+00
   2.0000000e+00   7.7133904e-01   1.4825034e+00  -4.7690304e-01  -1.2500508e-01  -6.2124820e-01   5.6955097e-01
   2.0000000e+00  -1.8510185e+00  -1.8420690e+00  -2.2817026e-01   1.1444064e+00   1.2491892e+00   9.2710490e-01
   2.0000000e+00   1.2883490e+00  -4.9718220e-01  -7.4778597e-01  -1.9191591e+00   1.1498746e+00  -1.0829666e+00
   2.0000000e+00  -1.3206285e-01   1.0811959e+00   1.5392797e-01  -1.6694459e+00   4.2630612e-01   1.4847754e-01
   2.0000000e+00  -1.0928152e+00  -1.1414130e+00  -6.0526307e-01  -7.2304273e-01  -6.2434393e-01  -6.7518159e-01
   2.0000000e+00  -5.8390192e-01  -2.3986289e+00   9.1040149e-01   7.5180084e-01   6.3256848e-01   3.7332571e-01
   2.0000000e+00   1.1631149e+00   9.5575225e-01   8.7613987e-01   1.4192874e+00   6.0039304e-01   1.1108763e+00
   2.0000000e+00  -6.0054521e-01  -4.1563116e-01   2.9594109e+00  -1.5302240e+00   9.2180814e-01   7.6327638e-01
   2.0000000e+00   1.0303338e+00  -1.9364358e-01   6.4211475e-01  -4.1568209e-01   6.1111226e-01   1.3361769e+00
   2.0000000e+00  -1.9474321e+00   1.6156985e+00   7.9730672e-01  -5.4900822e-01  -1.0110120e+00   9.7718128e-01
   2.0000000e+00   1.5593997e+00   1.5129810e+00   1.5178998e-01  -1.0989577e+00   7.7392662e-01   7.7748048e-01
   2.0000000e+00  -3.4928075e-01  -5.6061631e-01   2.3442822e-01  -1.4580780e+00  -2.2665225e-01   1.1432688e+00
   2.0000000e+00  -1.0004245e+00   1.4405327e+00  -7.0020084e-01  -2.0069867e+00   7.9362658e-01   1.1472176e+00
   2.0000000e+00   2.6792169e-01   1.1400331e+00  -7.4570222e-01  -1.7891402e+00   2.0569846e+00   1.4798391e+00
   2.0000000e+00   1.8251926e+00  -1.9633431e-01  -1.1643182e-01   1.5394722e+00   2.3340168e-01  -1.4112531e+00
   1.0000000e+00   1.3902191e-02   1.2468431e-01   7.5049864e-01  -1.2097780e-01  -8.4470535e-01  -1.7683675e+00
   1.0000000e+00  -7.8347375e-01   2.0934166e-01  -4.0128925e-01   7.0593323e-01  -2.8719792e-01  -3.3977402e-01
   2.0000000e+00  -9.7516858e-01   9.4262741e-01  -7.8541766e-03   1.3762239e+00  -2.0170396e-01  -2.2194969e-01
   1.0000000e+00   1.3268298e-01   1.1118465e-01   7.3607444e-01   7.6765457e-01   5.1534053e-01  -4.6269409e-01
   1.0000000e+00  -5.4368985e-01   5.9583485e-01   5.1068009e-01   1.5977479e-01  -6.5157841e-01  -2.3876102e-01
   2.0000000e+00   6.0020941e-01   7.9996776e-01  -1.6167379e-01  -1.4933264e+00   8.2958752e-01  -1.1542582e+00
   2.0000000e+00  -1.3542028e+00  -7.2583501e-01  -8.4863060e-01   2.4365063e+00  -1.1079132e+00  -5.1066208e-01
   2.0000000e+00   1.3997012e+00  -7.2590788e-01   5.4311851e-01   2.3853687e-01   2.1158096e-01  -4.1242709e-01
   2.0000000e+00  -8.0541071e-01   1.3557813e+00  -1.8739915e-02   5.9903616e-01  -1.6042220e-03   1.2823468e+00
   1.0000000e+00  -3.1134889e-01   2.1206968e-01  -6.2262735e-01   4.6127093e-01   1.6774690e+00  -9.6465710e-01
   2.0000000e+00   2.9577399e-01  -9.3785447e-01   4.6154293e-01  -1.4643032e-01  -7.4202298e-01   1.0581409e+00
   2.0000000e+00  -2.2599689e+00   1.6170049e+00   5.6789302e-01  -2.3220992e-01   2.4898406e-02  -8.5667480e-01
   2.0000000e+00   1.7208411e+00  -2.0197917e+00  -2.3144295e-01  -3.8698498e-02  -1.8398977e-01   8.2675980e-01
   2.0000000e+00   1.0907386e+00  -2.8755322e-01  -1.0034464e-01  -2.7142180e-01  -1.2046754e+00  -1.3903700e-01
   2.0000000e+00   2.2286655e-02  -9.6888587e-02   2.2824819e+00   1.6917918e+00   6.6058389e-01   5.1491483e-02
   1.0000000e+00  -5.4084754e-01   4.5684162e-01  -2.4432604e-01  -3.8282795e-01   1.0246671e+00  -2.5249511e-01
   1.0000000e+00  -2.1762831e-01   6.4135513e-01   3.6580405e-01   5.8889485e-02   1.2685507e+00   8.1184640e-01
   2.0000000e+00  -3.6362117e-01  -1.1293625e+00   1.2378008e+00   1.1038208e+00   1.8926419e+00   4.6392858e-02
   1.0000000e+00   6.1136267e-01   4.2129670e-01   1.1473398e+00  -7.0221270e-01   1.4538662e+00   5.5752785e-01
   2.0000000e+00  -9.1034743e-01  -1.0451562e+00  -1.3983803e+00   5.9486686e-01   1.3047429e-01  -2.0877305e+00
   1.0000000e+00   1.0282576e-01   3.5646461e-01   6.3064710e-01  -8.3660013e-01   1.7184032e+00  -2.5378297e+00
   2.0000000e+00   2.1961031e+00   1.2248744e+00   8.2131868e-01  -7.6697124e-01   1.0099638e-01  -8.7765025e-01
   1.0000000e+00   1.3834974e-01   6.4963416e-01   1.2150464e-01  -3.2088610e-01  -5.8134793e-01  -1.0530490e+00
   2.0000000e+00  -1.2074347e+00  -2.6690298e+00  -6.0947448e-02  -1.0107315e+00  -1.2210146e+00  -2.9904178e-01
   1.0000000e+00  -4.1403314e-02   7.5540207e-01   5.4458399e-01   3.2998152e-01   1.1985425e-01  -2.5507537e-01
   2.0000000e+00   1.2976912e+00   4.8530054e-01   2.0068144e+00   2.1241465e+00   4.2005595e-01   6.2173995e-01
   2.0000000e+00  -2.2084035e+00  -1.3027972e+00   1.3213840e+00  -4.4687938e-01   8.0654947e-01   9.8290848e-02
   1.0000000e+00  -3.2207478e-01   2.4174179e-01   9.9265820e-01  -3.1875309e-02  -3.1144304e-01  -4.1877273e-01
   1.0000000e+00   2.8050455e-01   6.6911221e-02  -5.9858125e-02  -3.8818035e-01  -1.2851089e-01  -1.6677980e-02
   2.0000000e+00  -1.1401925e+00   4.4254928e-01   3.0811633e-01  -1.3710775e+00   1.5780930e-01   5.9583733e-01
   2.0000000e+00  -1.1812309e+00   9.3354246e-01   1.5035039e+00  -1.9823258e+00  -2.2482237e+00  -4.2522505e-01
   2.0000000e+00   2.8497904e-01  -7.7462893e-01   1.6646628e-01   1.3735190e+00   5.8574317e-01   5.0410423e-01
   2.0000000e+00  -8.0824053e-01   1.0674838e+00  -1.0965772e+00   2.6272828e-01  -1.5681984e-01  -5.2687829e-01
   1.0000000e+00   1.1993111e+00   8.9556171e-01  -6.3448948e-02   3.8713492e-02  -1.7087379e+00  -6.3323514e-01
   2.0000000e+00   1.1354060e+00  -8.0302205e-01  -1.0633099e+00  -1.1632755e+00  -2.0452459e-01   4.7855439e-02
   1.0000000e+00   1.0923751e+00   3.0261201e-01   1.0983125e+00   2.4682972e-01   1.5143135e+00  -1.1698126e+00
   2.0000000e+00  -2.0002125e-01   2.5450454e-01  -4.4233639e-01   1.7795918e+00  -1.0667766e+00  -4.7076546e-01
   2.0000000e+00  -9.9899292e-01   9.3238519e-01  -1.4256217e+00  -1.1174723e+00  -6.2344722e-01   1.1613186e+00
   1.0000000e+00  -5.0772539e-01   7.2392599e-01  -5.4593863e-01  -5.9814505e-03   1.4502742e-01   7.2599459e-01
   2.0000000e+00  -2.8816631e-01  -1.2628550e+00  -1.4635941e+00  -5.5287891e-01  -1.2833509e+00   1.3162139e+00
   2.0000000e+00   3.2147444e-01   2.8190041e-01  -5.8720620e-01   1.9571366e+00  -1.2405775e+00  -1.1065215e+00
   2.0000000e+00  -9.2669760e-01  -1.6999983e-02  -2.8698442e-01  -1.8554936e-01   1.0230994e-01  -6.7052012e-01
   2.0000000e+00   5.2844257e-01  -1.8614461e+00  -6.3725526e-01   4.1134217e-01   1.1158090e+00   9.0244887e-01
   1.0000000e+00  -1.3732463e+00   9.2692543e-01   1.5319505e-01  -2.5596293e-01   3.1823659e-01  -2.9091232e-01
   2.0000000e+00  -8.8336528e-01  -8.8656331e-01   6.6158316e-01  -1.0862924e+00   6.1434050e-02   7.5827654e-01
   2.0000000e+00  -1.5410936e+00   1.2848046e+00  -4.0353779e-01   4.1391172e-02   5.6269444e-01  -4.3441027e-01
   2.0000000e+00   6.4436211e-01   1.4109004e+00  -6.8534676e-01   1.2967964e+00  -1.0842223e+00  -8.2431198e-01
   2.0000000e+00  -1.3251626e+00   4.1335427e-01   4.1527809e-01  -2.7360364e+00  -1.6340710e-01  -1.0702103e+00
   2.0000000e+00   4.1362383e-01  -5.9249029e-01   9.3328683e-01  -1.0233395e+00  -4.7509382e-02  -1.8876938e-01
   1.0000000e+00  -3.0518833e-01   3.5233916e-01  -5.5623409e-01  -4.7398262e-01   3.4214217e-02  -1.0123615e+00
   2.0000000e+00   8.0629989e-01  -1.0643787e+00   1.2648217e+00   1.5472065e+00  -1.9346021e-02  -7.3565048e-01
   1.0000000e+00  -8.9922360e-01   3.0193249e-01   1.4845527e+00   2.7937146e-01   1.9136312e-01   1.5940611e+00
   2.0000000e+00   1.7902253e+00   3.7388680e-01  -4.3411970e-02  -1.8879968e+00   2.9335876e-01  -1.1049313e+00
   2.0000000e+00  -1.9519474e+00  -1.0065346e+00   1.8183334e+00  -1.9620089e-01   4.8235522e-01   8.5274294e-01
   2.0000000e+00  -2.4547188e-04   8.2677496e-01   1.5244105e-01  -2.6115450e+00  -8.9933052e-02  -4.8610921e-01
   1.0000000e+00  -8.6254105e-01   9.2902496e-01  -8.1150181e-01  -3.6608402e-01  -3.8393605e-01   5.9086660e-01
   2.0000000e+00   6.1161238e-01   1.2896071e+00  -1.0714039e+00   3.0392063e-01  -6.0237428e-01  -8.4543090e-01
   2.0000000e+00   1.3679105e+00   9.6226693e-02  -5.8851791e-01   1.0674869e+00  -2.9062643e+00   3.4748692e-01
   1.0000000e+00  -1.3812321e-01   4.9599451e-01  -2.3170258e-01  -4.4171300e-03   1.2565194e+00   3.5236719e-02
   2.0000000e+00   1.3310808e+00  -1.5510630e-01  -6.3881568e-01   5.3830197e-01  -6.1996583e-01  -1.6592168e-01
   1.0000000e+00  -1.9769823e-01   3.1872072e-01  -6.9584375e-01  -7.3663863e-01   8.2707852e-02  -2.3309267e-01
   2.0000000e+00  -3.7395725e-01  -6.0192845e-01  -2.4105845e+00  -3.9931456e-02  -3.9546221e-01  -5.5632714e-01
   2.0000000e+00   1.6945190e+00  -1.9224337e+00  -3.6398876e-01  -1.1540182e-02   3.3066562e-03  -6.8132440e-01
   2.0000000e+00  -1.3475026e+00  -7.6418504e-02   9.5478869e-01  -5.1525301e-01   7.1474924e-01  -1.2904857e+00
   2.0000000e+00   6.5487379e-01  -6.5511967e-01  -9.7214973e-01   1.2953638e+00   1.7118834e-01   4.4412649e-01
   2.0000000e+00  -4.4975235e-01   1.5657735e+00   5.7210301e-01   1.6985626e+00  -2.7881798e+00  -1.4198282e+00
   1.0000000e+00   5.8558211e-01   6.7649245e-01  -5.2353370e-01  -3.2917829e-01  -5.2474605e-01   1.2326069e+00
   2.0000000e+00  -9.3474577e-02  -9.7345216e-01   5.4185753e-01  -8.6422642e-01  -1.0859299e+00   8.3776138e-01
   2.0000000e+00   5.8707816e-02  -1.7853303e-01  -1.7592598e-01  -1.4360885e+00  -1.7945121e+00   1.4571498e+00
   2.0000000e+00  -1.0892970e+00  -1.0402113e+00   4.5448163e-01   1.1253928e+00  -1.5957106e+00  -4.2572190e-01
   2.0000000e+00   1.7346375e+00  -3.2295307e-01  -1.2092817e+00   6.3547435e-01  -2.9820000e+00   6.9127563e-01
   1.0000000e+00  -8.3076534e-01   6.9404937e-01  -1.4650341e-01   5.0128961e-01  -1.1271809e+00  -2.5247366e-01
   2.0000000e+00   3.0129775e-01   1.2844000e+00   1.6763590e+00  -3.8190401e-01   2.1157257e+00   1.3852262e+00
   2.0000000e+00  -2.4943098e-01  -1.2443829e+00   8.0266391e-01   4.0873692e-01  -3.5245917e-01  -2.6480182e+00
   2.0000000e+00  -9.3630259e-02   3.4314370e-01  -1.3442090e+00  -1.8995951e+00   1.2615689e+00   7.1183137e-01
   2.0000000e+00  -2.2023380e-01   6.8966067e-01  -8.4938700e-01   1.2348667e+00   1.2581579e+00  -2.6905775e-01
   1.0000000e+00  -6.6110942e-01   2.3079602e-01   1.3018736e+00   9.4316727e-01  -9.3974952e-01  -4.5352838e-01
   2.0000000e+00   1.1925756e+00  -6.3155923e-01  -1.8283732e+00  -1.2394197e+00  -4.2295254e-01  -8.5204794e-01
   1.0000000e+00  -1.2907357e+00   4.8786086e-01  -8.7689727e-01   9.7607550e-02   2.6515772e-01  -1.1691945e+00
   2.0000000e+00  -7.4629922e-01  -1.6962991e-01  -1.2116540e+00  -1.8371724e-01   9.4502429e-01  -2.8635227e-01
   2.0000000e+00   5.6175020e-01  -2.4278077e+00   9.6557141e-01   5.4254390e-01   3.7741160e-01   1.1546156e+00
   1.0000000e+00   5.7292320e-01   2.3807152e-01   5.3507894e-01  -2.0238142e-01  -3.4823862e-01   2.3392302e+00
   2.0000000e+00   1.3704003e+00  -1.3813295e+00   1.1753027e+00  -5.1497414e-01  -1.3944715e-01  -4.3642821e-01
   2.0000000e+00  -1.3277529e+00  -1.6864446e+00  -1.2764721e+00   1.1854460e+00  -1.3699608e-01  -4.5707216e-01
   2.0000000e+00  -1.9600539e+00  -1.1692742e-01   3.3787085e-01  -7.4634537e-01   7.0035139e-01   6.3602641e-01
   2.0000000e+00  -5.3284432e-01  -2.8932457e-01   2.0666912e+00   1.8095479e+00  -4.5540053e-01  -8.1002106e-01
   2.0000000e+00   1.3625851e-01  -2.7745723e+00  -6.4980420e-01  -1.7537688e+00   8.6850915e-01   1.1365860e+00
   2.0000000e+00   1.6276375e+00  -1.6146321e-02   1.2722905e+00   9.0961546e-01  -1.2031470e+00  -1.4409104e-01
   2.0000000e+00   9.1145186e-01  -1.8435041e-01   2.3556377e-01  -2.7476324e-01  -3.1471700e-01  -9.6004342e-01
   1.0000000e+00   1.9349304e-01   2.2578699e-01   7.5312642e-01   6.8137319e-01  -9.0396338e-01   2.1553074e+00
   2.0000000e+00  -1.6260195e+00   1.4465853e+00  -8.7056233e-01  -1.8908961e+00  -1.6132831e-01  -9.5461463e-01
   2.0000000e+00   1.4420604e+00  -1.9596415e+00   7.9008508e-01   2.2991900e+00  -1.2124100e-01   7.7422201e-01
   2.0000000e+00  -1.0234440e-01   1.4368244e+00  -2.9732809e-01  -1.4883501e+00  -3.9329036e-01  -9.2729292e-01
   1.0000000e+00   4.6670543e-01   7.4359637e-01   9.2865112e-01   1.8378810e-01  -4.6417348e-01  -1.3026783e+00
   2.0000000e+00  -2.9374751e-01   9.2431328e-01   1.1414803e+00   1.5016103e+00  -6.9305439e-01  -6.4116680e-01
   2.0000000e+00   4.0369858e-02  -5.2824897e-01  -4.7888860e-01   1.8972560e+00  -3.0303366e-01   9.1559994e-01
   2.0000000e+00   1.6296407e+00  -7.4416020e-01  -3.3581385e-01   6.8636330e-01  -1.9488432e-01  -7.5342799e-01
   2.0000000e+00   8.9542672e-01   2.4994322e+00   1.3611785e+00   7.2899686e-01  -2.2765609e+00   7.2449697e-01
   2.0000000e+00  -8.8382559e-01  -1.6723444e-01   7.3340774e-02   8.4483849e-01  -5.4819799e-01  -9.0962375e-01
   2.0000000e+00  -1.4965078e+00  -1.5981724e+00  -1.1434433e+00  -4.8644406e-01   1.8404533e+00  -5.6661848e-01
   2.0000000e+00   1.4245779e+00  -1.4628740e-01  -1.1940761e+00   2.1279156e+00   1.0200794e+00  -1.2274790e+00
   2.0000000e+00   1.1781146e+00  -8.6137183e-01   1.2603062e+00  -1.1628250e+00   3.6673766e-01  -3.9869838e-01
   2.0000000e+00  -2.9642915e-01  -2.9834445e-01   1.1762946e+00  -8.7767927e-01  -1.1942887e+00  -7.7743613e-01
   2.0000000e+00   2.0106097e+00  -3.7064951e-01   7.0032023e-01  -2.8217784e-01  -5.1087265e-01   7.4891053e-01
   2.0000000e+00  -9.9746767e-01  -9.2136234e-02  -1.5771450e+00   1.3761641e+00   1.1825380e+00  -1.4038404e+00
   2.0000000e+00   3.9524351e-01  -9.2291581e-01   8.5482446e-01  -1.2186159e+00  -8.8301926e-01  -4.7518003e-01
   1.0000000e+00   2.2726362e-01   3.7270431e-01   3.9446065e-01  -9.1781350e-01  -6.7268328e-01   2.3384088e+00
   1.0000000e+00  -1.0055025e+00   3.3503909e-01   2.8136029e-01  -1.6509376e-01   6.8238135e-01   9.4449747e-01
   2.0000000e+00  -1.7019293e-01   1.6204007e+00  -5.9889188e-01  -4.3527405e-01   1.0558405e+00   1.0477438e+00
   2.0000000e+00   4.7008777e-01   1.5447977e+00  -2.4562075e+00  -6.5623635e-01   1.1160722e-02  -9.0006251e-01
   2.0000000e+00  -4.5227419e-01  -7.3618650e-01   1.4618043e+00  -2.6737237e-01   2.0972401e+00   8.0265545e-01
   1.0000000e+00   1.3269290e+00   1.4917888e-01   6.7819423e-01  -2.1934852e-01   1.4223460e+00   2.2370837e-01
   2.0000000e+00   1.6738219e+00   1.5431091e-01   5.0185795e-01   1.8192104e+00   6.8424971e-02  -6.3607131e-02
   1.0000000e+00   1.0222881e+00   2.6369383e-01  -9.1406362e-01  -6.3165278e-01  -7.0124052e-01   4.9848104e-01
   2.0000000e+00  -1.5804218e+00  -4.2791841e-02  -9.8825554e-01  -1.9919266e-01  -1.2300265e-01   2.1394340e-01
   2.0000000e+00   1.9094014e-01   6.1091474e-01   3.0080534e-01  -8.1127347e-01  -2.6194587e-01  -1.3288097e+00
   2.0000000e+00   1.0964828e+00  -7.4261992e-02  -2.1476149e+00   5.6485864e-03  -8.0851147e-01   4.2411603e-01
   2.0000000e+00   1.0599884e+00   1.7995622e+00  -1.6908661e-02   3.4908648e-01   1.8633254e+00   5.2592659e-01
   1.0000000e+00   9.8454211e-01   5.8348059e-01  -7.3526785e-01  -3.7092417e-01   6.6791113e-01  -1.2590668e+00
   2.0000000e+00   1.2643016e+00  -8.0769794e-01   1.7738486e+00   1.1778431e+00   1.7102522e-01   4.5214964e-02
   2.0000000e+00  -5.1179026e-01   9.4214173e-01  -9.0723115e-01   9.2592647e-01   5.9937704e-01  -2.1144143e-01
   2.0000000e+00   4.0400715e-01  -1.0082649e-01   1.0287775e+00  -8.8713833e-01   6.7645720e-02   9.1437892e-01
   2.0000000e+00  -1.6744079e-01  -1.8316112e-01  -7.5106068e-01   4.5137214e-01   2.9357035e-01  -1.0021510e+00
   2.0000000e+00  -2.2629546e-01  -1.6566907e+00  -1.2147917e+00  -4.6390147e-01  -3.7700574e-01  -9.0941719e-02
   2.0000000e+00  -1.1574011e+00  -1.9127920e-01  -8.3349313e-01   2.0257521e+00  -2.7611861e-01  -7.8690461e-01
   2.0000000e+00   6.7336204e-01  -1.6101747e+00   7.0054126e-01   6.8573141e-01   7.6843769e-01   8.4348248e-01
   2.0000000e+00   1.0347607e+00   1.3291953e+00   4.5405464e-01  -2.5986990e-02   3.5042348e-01   4.9209700e-01
   2.0000000e+00   1.5570357e+00  -1.1150837e+00  -5.2253020e-01   1.0029709e+00   1.5069773e+00  -1.6412851e-01
   1.0000000e+00  -3.2553656e-01   2.9542662e-01  -9.4153574e-01  -6.1857373e-01   1.7828201e-01  -9.8276109e-01
   2.0000000e+00   7.7808954e-01  -1.1670710e-01  -6.2536038e-03   1.4627682e+00  -7.7771043e-01   4.1806019e-01
   2.0000000e+00   5.3747826e-01  -2.5989912e-01  -7.1332588e-02   4.9551934e-01   5.8852559e-01   5.6018306e-02
   2.0000000e+00   8.4607154e-01  -1.7203668e+00  -6.2485448e-01  -6.5345816e-01   1.4140822e+00  -8.0478042e-01
   2.0000000e+00  -1.7551813e+00  -5.0375425e-01   1.1262656e+00  -1.1407354e+00  -6.1180142e-01  -7.4242241e-01
   2.0000000e+00   1.2064114e+00  -2.2102820e-01   4.2683894e-01  -8.9353222e-01  -5.8183542e-01  -1.4723451e+00
   1.0000000e+00   1.6569014e+00   8.3209991e-01  -5.2491563e-01  -4.7711710e-02  -1.0258114e+00  -1.5286003e-01
   2.0000000e+00   1.1016944e+00  -1.9476480e+00   4.2137432e-01  -2.1246452e+00  -4.7498872e-01   6.2359475e-02
   2.0000000e+00  -9.2958327e-01  -9.7208486e-01  -5.3796540e-01  -3.5523231e-01   4.3803215e-01  -7.6185451e-01
   1.0000000e+00   2.5894029e-01   9.8083683e-01  -1.4541726e+00   1.1730486e-01   3.4697246e-01  -1.3202506e+00
   2.0000000e+00   2.7073935e-01  -1.0262426e+00   6.5987459e-01   5.9917531e-02   1.7390480e+00  -8.2225711e-01
   2.0000000e+00  -1.5954392e+00   9.4428867e-02  -1.9990616e+00   1.3964120e+00  -5.0027981e-01  -7.2763536e-01
   1.0000000e+00   1.6704625e+00   4.8972576e-01   1.4744905e+00  -7.6567747e-01   3.5608032e-02   8.3235164e-01
   2.0000000e+00   1.0568803e+00   1.0837323e+00   1.6432675e+00   3.5036457e-01   5.0885433e-01  -1.1996743e+00
   2.0000000e+00   1.3762424e+00  -8.8694322e-01   2.8897210e-01  -1.4829590e+00   6.2738215e-01  -1.3107873e+00
   2.0000000e+00  -1.1860925e+00  -1.1020455e+00  -1.1626294e+00   1.1341856e-01  -9.6368689e-01   1.7368968e+00
   2.0000000e+00  -1.3364667e+00   7.2028639e-01   2.7013196e-01   8.8879406e-01  -3.6341101e-01   7.2359235e-01
   2.0000000e+00   1.2819568e+00  -1.3656461e+00  -6.3676940e-01   3.9853180e-01  -7.3495081e-01   1.1027985e+00
   1.0000000e+00  -9.4528126e-01   8.3862298e-01  -1.3327454e-01  -2.0294577e-01  -2.8098492e+00   2.3203078e-01
   2.0000000e+00  -1.1805867e-01  -4.4081798e-02   7.5871039e-01   1.5962185e+00   9.2107617e-01   8.1761888e-01
   2.0000000e+00   1.9854803e+00   1.3729852e+00   1.7850902e-01   4.1245364e-01  -1.2316735e+00  -6.5827234e-02
   2.0000000e+00  -4.4833809e-01  -8.9453792e-02  -2.0009011e+00   3.2890043e-01  -1.2095208e+00   1.6961795e+00
   2.0000000e+00   2.3391361e-01   7.3903684e-01   1.8287558e+00  -1.6312233e+00  -8.2817002e-01   5.7615659e-01
   2.0000000e+00  -1.9259829e+00  -2.1709738e+00  -5.7770080e-01  -4.2733207e-01  -1.1717220e-01  -4.2268568e-01
   2.0000000e+00   1.2437967e+00  -2.6593463e-01   1.0241784e-01   2.3994295e-01  -1.1552488e+00   8.5049521e-01
   2.0000000e+00  -6.1113250e-02  -8.9585785e-02   1.3699067e+00  -5.1639331e-01  -4.9846606e-01   1.2050355e+00
   2.0000000e+00   3.3210922e-01   1.0562155e+00   1.3383048e+00   8.0643931e-01  -2.5751433e-01   1.3329436e+00
   2.0000000e+00  -2.2274424e+00  -2.4543511e-01   1.0234434e+00   2.6422811e-01   4.1809499e-01   1.4516966e+00
   1.0000000e+00   6.0190203e-01   1.9527559e-01   6.2897218e-01   1.3059075e-01  -8.0895910e-01  -6.6209759e-01
   2.0000000e+00  -1.4632018e-01  -3.2290085e-01  -5.7487889e-02  -2.8440010e-01   1.3792882e+00  -1.9024738e+00
   2.0000000e+00  -2.5518596e-01  -9.0551403e-02   6.5824053e-01   4.4720092e-01  -1.7471055e-01  -1.0677147e+00
   1.0000000e+00   1.4077576e+00   4.3183504e-01   1.2233437e+00  -3.3171081e-01  -1.2713368e-01  -2.5812472e-01
   2.0000000e+00  -8.8233833e-01  -8.6260915e-01   1.6474138e-01  -1.0554656e+00   5.2248381e-01  -1.6350807e+00
   2.0000000e+00   5.5935927e-01  -2.6070842e-01   7.5673147e-01   3.5185645e-01  -5.8150687e-01   1.5119015e+00
   1.0000000e+00  -9.1818389e-01   7.5070408e-01   6.8062569e-01  -6.3982622e-01  -5.3233683e-01  -5.8549619e-01
   2.0000000e+00   3.2547750e-01   9.4332016e-02  -3.0092674e-01   1.3314604e+00  -4.2323175e-01  -8.8383802e-01
   2.0000000e+00  -1.6452528e+00   1.5519831e+00   4.7849545e-01   7.8831191e-01   8.1757928e-01   1.2607673e+00
   2.0000000e+00  -1.7563583e+00  -7.6045012e-01  -1.7544948e+00  -8.3923398e-01  -2.9790448e-01  -4.3873894e-01
   2.0000000e+00  -2.7085833e-01   1.4450808e+00  -9.5721325e-01   1.4004208e+00  -1.2695378e+00   3.0469236e-01
   2.0000000e+00   1.5248631e-02  -4.7283806e-01  -7.6796606e-01  -2.2300422e-01  -5.5546649e-01   5.1748000e-01
   2.0000000e+00  -1.5014976e+00   1.0986981e+00   1.9024377e+00   1.2129041e+00  -6.4669744e-01   2.2600383e-01
   2.0000000e+00   1.5334481e+00  -1.2893647e+00  -1.6629249e+00   1.2867178e-03  -7.0605110e-01   7.6753978e-02
   2.0000000e+00  -1.0492502e+00  -6.2616588e-01   8.0337663e-01   7.8098157e-01   1.6904468e-01   7.7026327e-01
   2.0000000e+00   4.4329043e-01  -1.6293172e+00   4.1631201e-01  -4.5826116e-01  -5.4280129e-01  -1.3406555e+00
   2.0000000e+00   1.5905878e+00  -5.0522985e-01   1.5961160e-01  -1.6086099e+00  -1.1348487e+00   1.5313850e+00
   2.0000000e+00   3.2220551e-01   1.5302423e-02   1.4856186e+00   1.7101762e+00   6.8571740e-01   3.6420373e-01
   1.0000000e+00  -2.4218540e-01   3.4398849e-01   1.4349590e+00   3.2906247e-01  -1.4327667e+00   6.9846363e-01
   1.0000000e+00  -7.4508954e-01   5.2240195e-01   1.6636574e-01  -6.2933923e-01   4.2000472e-01  -3.1695964e-01
   2.0000000e+00   1.1451417e+00   9.0927631e-01   4.7743467e-01   8.4362124e-01   1.3529844e+00  -4.8523807e-01
   2.0000000e+00  -8.9074073e-01  -1.2957460e-01  -1.3742971e+00  -1.3993558e+00  -5.9395461e-02   4.8141253e-01
   2.0000000e+00  -1.3860006e+00  -7.7407245e-01  -4.5224705e-01   2.6192880e+00  -2.9819613e+00   1.1630869e+00
   2.0000000e+00  -1.5740800e+00  -7.4694475e-01  -1.0206567e+00   7.8621881e-01   1.1802821e-04  -1.4733348e-01
   2.0000000e+00  -2.2357788e+00   9.5271995e-01  -8.9371867e-01  -2.9847664e-01   5.8224121e-01  -4.5226838e-01
   2.0000000e+00   1.0029787e+00  -2.9308272e-01   3.8494849e-01   1.6203277e+00   1.5713616e+00   3.1448897e-01
   2.0000000e+00  -8.5405840e-01  -2.2850993e-01  -3.6349054e-01   7.0084877e-01   1.5953741e+00  -4.4144319e-01
   2.0000000e+00  -2.9298105e-01   1.7430220e+00  -2.3089203e-01   4.2856262e-01  -4.3168568e-01  -7.3186475e-01
   2.0000000e+00  -4.8557929e-01   1.3833465e+00   7.6130245e-01  -5.7119901e-01   7.9432162e-01   2.0155521e+00
   2.0000000e+00   6.7772104e-01  -1.2105405e+00   1.3258831e+00   2.9822421e-01  -6.3532488e-02   3.4377642e-01
   2.0000000e+00   6.5204935e-02  -1.3329402e+00   7.9706345e-01   2.8339058e-02  -1.3563679e-01   6.5802183e-01
   2.0000000e+00  -3.9654551e-01  -1.4468225e+00   8.6139607e-01   9.3979837e-01   1.5078548e-01  -1.8530378e+00
   2.0000000e+00   3.1039516e-01  -1.9679506e-01   5.4222131e-01  -4.1260403e-01  -1.0495025e+00  -9.2809098e-01
   2.0000000e+00   1.2186469e+00  -5.8332357e-01  -8.1990673e-02   9.2789543e-01  -3.5845649e-01   9.4366961e-01
   2.0000000e+00   4.0995027e-01  -1.1032244e-02  -3.4709226e-01   2.0102227e-01  -8.3337426e-01   1.0613576e-01
   2.0000000e+00   9.9332275e-01   1.4904173e+00   6.5869238e-02   4.0669970e-01   8.1011093e-02   1.1313926e+00
   2.0000000e+00  -7.5914816e-02   1.2921814e+00  -5.3013667e-01  -1.0261024e+00  -1.2608008e+00   1.1134270e+00
   2.0000000e+00  -1.1636486e+00   1.1123011e+00  -3.6454078e-01   6.2607468e-01   4.3429830e-01  -9.1278349e-01
   2.0000000e+00  -5.8052883e-01   1.6465153e+00  -1.3653545e+00   4.5365973e-01  -3.4770738e-01  -1.6467345e-01
   2.0000000e+00   1.0006281e+00  -1.6152659e+00  -5.4559020e-01  -3.3392766e-01  -7.3323404e-01   8.6560970e-02
   2.0000000e+00   8.6165987e-02  -4.1027939e-01   9.0067153e-01  -1.7937343e+00   1.7400205e+00  -1.4920695e+00
   2.0000000e+00   3.0015650e-01  -2.7074340e-02   2.2335677e-01   1.4012118e+00   9.5407570e-01  -8.5843047e-01
   2.0000000e+00  -2.9306795e-01  -2.4233403e-01   3.2708284e-01   3.2993484e-01   1.7709943e+00   1.3025975e-03
   2.0000000e+00   2.0859125e+00   2.0620341e-01   5.2857816e-01   4.9030909e-01   1.3069610e+00   1.7452378e+00
   2.0000000e+00  -3.0503727e-01   3.0999408e-01   3.6228003e-01   2.2299258e+00   5.7860397e-01  -4.4182999e-01
   1.0000000e+00   6.0512892e-01   3.1772705e-02  -8.7550483e-01  -4.0916028e-01  -3.5808060e-01   3.8945835e-01
   2.0000000e+00  -1.8650156e-01  -2.5239361e-01   1.5640728e-01   1.0387102e+00   3.9595702e-01   6.8032565e-01
   2.0000000e+00  -9.0079282e-01   3.2715645e-01  -2.6959620e-01  -1.1020463e+00  -2.5834315e-01   2.5412367e-01
   2.0000000e+00  -4.3553599e-01  -2.7424262e-02   1.4708920e-01   6.2406002e-01  -2.3362997e-01  -9.0923821e-01
   2.0000000e+00   1.2147870e+00   7.3317527e-01  -1.4687476e+00   1.2008143e+00  -1.0250679e+00   7.3974012e-01
   2.0000000e+00   1.0018608e+00  -4.0582047e-01  -9.0285162e-01   7.0941802e-01   5.6844380e-01  -8.1154659e-01
   2.0000000e+00   2.5202350e-01  -1.6428362e+00   1.5956063e+00  -1.0668217e+00   7.9314589e-01   1.9795924e-02
   2.0000000e+00   5.6052147e-01  -1.8476903e+00   2.8064473e-01  -3.2418334e-01   4.1459944e-01  -9.9913891e-01
   2.0000000e+00   1.3075933e+00  -1.6767926e-01  -6.4870888e-01  -3.3437001e-01  -1.5476277e+00   4.2054210e-01
   2.0000000e+00   1.1253343e+00   4.3639242e-01  -7.6128184e-01   1.0322389e+00  -1.8393357e-01  -4.5256464e-01
   2.0000000e+00   6.7243334e-02   2.1738474e-01  -2.3640952e-01  -1.4977897e+00  -4.4870280e-01  -9.4257208e-01
   2.0000000e+00   1.5536478e+00   1.1087859e+00   1.1654683e+00   7.5371834e-01  -1.6013419e+00   1.3988496e+00
   2.0000000e+00   1.1883042e+00  -7.6573963e-01   1.5395319e+00  -1.0383724e+00   5.0150004e-01  -1.0118590e+00
   2.0000000e+00   3.6355341e-01   3.0338292e-02  -1.4098021e-01   1.0998325e+00   9.6670108e-01  -1.1808889e+00
   2.0000000e+00   1.1293691e-01   3.6187179e-01   3.5510815e-01  -1.4830894e+00  -7.8253967e-01   4.2688520e-01
   2.0000000e+00   1.7780051e-02  -3.3303836e-01   1.0114638e+00   2.1195626e+00   1.4661458e+00  -5.2874096e-01
   2.0000000e+00   1.1705398e+00  -5.5825635e-02   9.5449963e-01  -1.0324598e+00   1.1912935e-01   1.0229761e+00
   2.0000000e+00  -4.2521845e-01  -5.4819391e-01   8.6602067e-01   1.1356571e+00  -7.8938991e-01   1.4138698e-01
   2.0000000e+00  -1.2082445e-01   6.9430780e-02  -1.2460747e+00  -1.1099275e+00   4.3855037e-01   8.4660250e-01
   2.0000000e+00  -1.1015687e+00  -4.1178757e-01   1.5832447e+00  -4.5758782e-02   5.4890431e-01   5.0226999e-01
   1.0000000e+00  -5.1708625e-01   7.1004946e-01   1.4772298e+00  -3.8951038e-01   7.8576039e-01   5.9822235e-01
   2.0000000e+00  -1.0505315e+00  -1.6334471e+00   1.1942452e+00   2.0215572e-01  -3.3867017e-01   4.4670884e-01
   2.0000000e+00   5.3224691e-01  -1.5675878e+00  -1.0424139e-01   1.3817333e+00  -7.9130600e-01   1.1534317e+00
   2.0000000e+00  -1.4423632e-01   3.9629090e-01   2.4723108e-01  -1.1014809e+00  -7.4420656e-01  -1.3598929e+00
   1.0000000e+00   1.1252606e+00   4.1552050e-02   2.1476612e+00  -5.4600162e-01  -2.8479111e+00  -1.3559788e+00
   2.0000000e+00   1.0171515e+00   1.4130940e-01  -1.7932607e-01   1.6984716e+00  -1.4177106e-01  -1.5796045e+00
   2.0000000e+00   7.7375358e-01   1.0840788e+00   1.2200656e+00  -1.9237829e+00  -9.7485950e-02  -9.0012757e-01
   2.0000000e+00  -4.1431915e-01  -6.7046936e-01   6.8547161e-01  -6.9277321e-01   8.5067898e-01   1.9003468e+00
   2.0000000e+00  -6.3496733e-01  -6.0877496e-01   1.5873088e+00   5.8900187e-01   3.2924361e-01   6.1079503e-01
   2.0000000e+00  -2.1407239e-01   1.4008894e+00   4.4749945e-01  -2.0619928e+00  -8.1642871e-01   8.7147570e-01
   2.0000000e+00   5.6203701e-01  -1.7226212e+00  -5.0129503e-01  -2.0336660e-01   1.6405667e+00  -9.2490939e-01
   2.0000000e+00   6.9432837e-01   1.4006904e+00   6.0509459e-01  -8.0941473e-03  -2.0826493e-01  -1.2057374e+00
   2.0000000e+00  -7.0454654e-01   1.0632850e+00   1.2387511e+00   5.0651378e-01  -2.4684013e-01   2.6994234e-01
   2.0000000e+00  -6.9362377e-01  -1.2284739e-01  -6.7200707e-01  -5.5902810e-01   4.3930535e-01   9.0205027e-02
   2.0000000e+00   5.1777445e-01  -6.7169910e-01   3.4896969e-01  -1.2263208e+00  -4.9332179e-01  -1.4394827e+00
   2.0000000e+00   4.4879836e-01   1.5687473e-01   5.7131146e-01  -1.4412670e+00   9.3402253e-01  -1.0446403e+00
   2.0000000e+00   1.8929782e+00   7.2717228e-01   1.0153211e+00   1.9198041e+00   2.3634337e-01   9.7259267e-01
   2.0000000e+00   8.3966878e-01   9.5978236e-01  -6.4434887e-01   4.3030544e-01  -1.5394943e+00   4.8497090e-01
   2.0000000e+00   7.7477818e-01  -4.3030110e-01   2.9248633e-02  -6.2693372e-02   7.5571482e-01   1.9446354e-01
   1.0000000e+00   1.1929835e+00   8.1994075e-01  -4.2070867e-01  -3.2538135e-01   7.3271615e-01  -1.5534970e+00
   2.0000000e+00   9.3394339e-01  -1.4244218e+00   9.6116394e-01  -1.7648537e+00   1.2980842e+00   3.6251049e+00
   1.0000000e+00   1.0714348e+00   5.8452712e-01  -4.7955601e-01  -3.1192216e-01  -2.8279343e-01   7.2819867e-01
   2.0000000e+00   9.9312495e-01   8.7473012e-01  -1.1000568e+00  -2.1382000e+00  -7.8986138e-01   1.7514340e-01
   1.0000000e+00   7.9560418e-01   5.1591196e-02  -3.5145269e-01   4.9644575e-01   3.1309617e-01   1.7478352e+00
   1.0000000e+00  -1.4145538e+00   9.6528461e-01  -6.7869670e-02   1.4133956e-01  -7.6755162e-01   1.8914936e+00
   1.0000000e+00  -3.4278777e-01   6.9967042e-01   2.6696601e-01   1.4784043e-01   6.6564108e-01  -1.7182669e-01
   2.0000000e+00  -1.1439677e+00   1.2289992e+00  -1.6096917e+00  -8.6038414e-01  -1.9903722e+00   2.3512354e+00
   2.0000000e+00   6.2878883e-01  -8.0932791e-01   9.3767650e-01  -2.1816322e+00   7.7541573e-01   2.5253013e-01
   2.0000000e+00   8.8807175e-02   8.7960180e-01   7.9703980e-01  -9.9357628e-01   6.8628913e-01   2.4846871e+00
   2.0000000e+00  -5.1712164e-01  -8.1229100e-01   2.7262994e-01   1.1059660e-01  -1.5661156e+00  -4.2034966e-01
   1.0000000e+00  -3.8748319e-02   6.6544525e-01   1.5867468e+00  -5.1054033e-01   1.2408989e+00  -5.7627440e-01
   2.0000000e+00   1.3246911e-01   9.9639509e-01   6.5849998e-01  -8.9618742e-01   4.8490229e-01   1.6603464e+00
   1.0000000e+00   4.7211427e-01   5.4203604e-01   1.1569717e-01  -3.8494858e-01  -3.2953113e-01  -1.1893093e+00
   2.0000000e+00   1.7652676e-02   1.4559192e+00  -2.9045371e+00  -1.6091377e+00   1.6318807e+00  -7.6469010e-01
   2.0000000e+00  -2.9651855e-01  -1.0949534e+00  -8.3686809e-01   1.4809144e+00  -1.6463462e+00  -7.6361599e-01
   2.0000000e+00  -7.6167999e-01   4.6717579e-01   1.0051576e+00  -1.2746648e+00   1.2085667e+00   1.4959145e+00
   2.0000000e+00   3.4407070e-01   1.1638593e+00   5.4341949e-01  -1.4214933e-01  -9.7481229e-01  -5.1526988e-01
   2.0000000e+00  -2.9474153e-01  -6.1317677e-01  -1.6119933e+00  -5.2206452e-02   6.2435242e-01  -1.1091300e+00
   2.0000000e+00  -1.0403163e+00  -9.9712177e-01  -1.7551272e-01   5.0098058e-01   7.9687416e-01  -7.0441596e-01
   2.0000000e+00   1.0475202e-01  -8.4614994e-01   8.3583824e-01  -9.2445923e-01  -2.2437774e-01   1.9206448e+00
   2.0000000e+00   8.2807231e-01  -1.0282461e+00  -1.9977960e+00  -1.7087359e+00  -1.6022912e+00   1.9292248e-01
   2.0000000e+00  -1.1796448e+00  -2.4778879e-01  -1.0301832e+00   3.8473701e-01   6.5317157e-01  -1.5198963e+00
   2.0000000e+00  -1.2405653e-01  -3.0549726e+00  -7.2460613e-01  -4.5547429e-01  -6.4643794e-01   1.5253129e-01
   2.0000000e+00  -6.1379142e-01  -3.8674402e-01  -3.1663847e-01   5.0397048e-01   6.5503826e-01  -4.5348057e-01
   1.0000000e+00  -9.5617496e-01   2.4196172e-01   9.4959583e-01   5.0481782e-01  -2.0490082e-01   1.7670457e-01
   2.0000000e+00   2.0545753e+00  -4.9400693e-01  -1.0563754e-01  -2.1087362e+00   2.4015844e-01  -2.4580803e-01
   2.0000000e+00   1.6075647e+00  -5.2325455e-01  -3.2290132e-01  -5.0857016e-01   1.7410666e+00  -1.1740719e+00
   2.0000000e+00   1.7215314e+00   3.8840700e-01   3.4685719e-02  -1.0148275e+00   1.6100077e+00   4.6569973e-02
   1.0000000e+00  -3.5870966e-02   7.2867897e-01  -9.6712710e-01   5.4316354e-02   3.3549407e-01  -7.8909930e-01
   2.0000000e+00  -1.2956118e+00  -1.2153275e+00  -2.1318659e-01   1.2418508e+00  -2.3577773e-01   1.9803987e+00
   1.0000000e+00  -6.1370440e-01   2.0986279e-01  -8.6367888e-01   1.8079209e-01  -1.0900912e+00  -2.5540674e-01
   1.0000000e+00  -3.2209069e-02   4.8068485e-01  -1.6292589e+00   7.2056950e-01   5.5864444e-01   2.0637244e-01
   1.0000000e+00  -1.3725727e+00   3.3935544e-01  -1.7697071e+00   6.9974071e-02   3.4217521e-02   3.8114374e-01
   1.0000000e+00  -5.0419759e-01   8.5689210e-01  -4.4290122e-01   1.4538423e-01  -3.8238504e-01  -5.3332056e-01
   2.0000000e+00   2.8465379e-01  -1.3595632e+00   2.1303224e-01   7.1623046e-01  -9.7221733e-01  -7.1665467e-01
   1.0000000e+00   1.4831973e+00   4.4920579e-01   1.3203123e+00   7.3492932e-02   1.0601878e+00   1.1874740e+00
   2.0000000e+00  -7.8865672e-01  -1.0724692e+00   8.9081032e-01  -5.5664842e-02   1.2705744e+00  -1.0533691e-01
   2.0000000e+00   7.0398254e-02   3.5046356e-01  -1.2079943e+00   1.3610777e+00   3.1913270e-01   1.5281830e+00
   2.0000000e+00   5.7740661e-01   5.2416214e-01  -1.2836099e+00  -2.7241048e+00  -6.2744441e-01  -1.9304256e+00
   2.0000000e+00  -6.6959371e-01  -1.0954980e+00   1.2943544e+00   3.8753329e-01   5.5244462e-01  -7.4704612e-01
   1.0000000e+00  -1.6567322e+00   3.2331721e-01   1.0436434e+00   8.1198010e-01   4.1346126e-01  -7.4652499e-01
   2.0000000e+00   1.6479619e+00  -1.5979925e+00  -2.0065161e+00  -9.9824718e-02   1.2649573e+00   1.2119430e-01
   2.0000000e+00  -1.0588506e+00   4.5985580e-01   1.7523178e-01  -1.0952758e+00   3.6204674e-01  -2.2012226e-01
   2.0000000e+00   1.9116396e+00   9.6032891e-01   1.1310199e+00   1.5182945e+00   3.0982948e-01  -1.6051194e+00
   2.0000000e+00   5.4015548e-02  -1.0687248e-01  -5.0956440e-01  -5.2711254e-04   7.0030865e-01   1.0472683e-01
   2.0000000e+00   1.9955887e+00  -2.1752021e-01  -7.9128672e-01  -5.5278372e-01  -6.7659331e-01   4.7711989e-01
   2.0000000e+00  -1.6612246e+00  -1.3994757e+00   6.8891228e-01  -1.9548764e+00  -2.7348595e-01   3.5876069e-02
   2.0000000e+00  -5.2418897e-01  -2.3535915e-01  -8.9121331e-01   1.1234437e+00  -3.9719404e-01  -1.0429078e+00
   2.0000000e+00   3.1735532e-01   7.7306634e-01  -2.0601452e-01   1.1492088e+00   1.2337184e+00   1.1207746e+00
   2.0000000e+00  -1.2872584e+00   1.1524298e+00   5.5088828e-01  -3.2927532e-01  -8.9233879e-01  -4.1331472e-01
   2.0000000e+00   1.2518115e+00  -7.2571511e-01  -2.3574207e-01   1.6847483e+00  -9.3283287e-01  -6.3767750e-02
   2.0000000e+00  -2.4466939e-01  -1.2400013e+00   1.3174806e-01   4.6310165e-01  -4.0728782e-01   1.7215001e+00
   1.0000000e+00  -1.4477095e+00   8.0300481e-01   8.8764088e-02  -1.7857352e-01  -9.0677266e-01   1.2905663e+00
   2.0000000e+00   2.4062152e-01  -4.8527504e-01  -1.1569660e+00  -4.8437714e-01  -1.0791649e+00  -1.9260923e+00
   2.0000000e+00  -1.1774277e+00  -1.3029835e+00   1.2926361e+00  -1.4642630e+00   3.7124242e-01   7.9216426e-01
   2.0000000e+00   1.4080505e+00  -3.2443547e-01  -5.7883263e-01  -4.9498021e-02  -1.6343273e-02  -5.5356318e-01
   2.0000000e+00   1.1651879e-01   1.0140849e+00  -9.5785030e-01   6.1880837e-01   1.2561368e+00  -1.0247151e+00
   1.0000000e+00  -1.6037053e+00   1.0114375e-01   4.6328161e-01   2.0311563e-01  -1.3149797e+00   7.0707508e-02
   2.0000000e+00   3.2563498e-01  -1.1819492e+00   7.2862275e-01   1.1273342e-01  -1.0442568e+00  -8.3063590e-02
   2.0000000e+00   8.8067855e-01  -6.2361619e-01   2.3575544e-01  -1.2532886e+00   2.7614864e+00   1.1571401e+00
   1.0000000e+00  -5.3545354e-01   3.4393640e-01  -3.7533924e-01  -7.1828276e-01   1.1620843e+00  -4.4482419e-01
   2.0000000e+00  -1.9398287e+00  -1.6478365e+00  -1.6197867e+00  -3.9920349e-01   7.8941784e-01   6.9868195e-01
   2.0000000e+00   1.2546369e+00  -3.7780508e-01   8.4121248e-01   2.7681439e-01  -1.5359777e-01   2.5146320e-01
   2.0000000e+00  -8.4654836e-01  -3.2471590e-01  -8.4912112e-01   8.6484476e-01  -7.4148199e-01   2.6919034e+00
   2.0000000e+00   1.5213268e+00   8.1666207e-01   4.7396517e-01  -1.3986241e+00   6.2474952e-02   2.8488240e-01
   2.0000000e+00   7.4794997e-01   1.2283255e+00   6.6675926e-01  -9.5408410e-01   1.3187598e+00   1.7024140e+00
   1.0000000e+00   2.8024142e-02   6.5028275e-01  -8.2606175e-01  -3.7270052e-01  -7.8779340e-01  -1.1917801e+00
   2.0000000e+00  -2.6909462e+00   1.1068066e+00  -9.8630249e-01  -7.2945090e-01   1.5083213e+00  -2.7754201e+00
   2.0000000e+00  -1.0892203e+00  -4.2128859e-01  -2.1197442e+00  -1.3247553e+00   3.1310160e-01   2.1328770e-01
   2.0000000e+00  -1.6141006e+00  -2.9993736e-01   2.5654423e-01  -1.1774081e-01  -3.3526270e-01   6.8525774e-01
   2.0000000e+00   2.2210372e+00  -8.4752953e-01  -1.7207671e+00  -2.5369827e-01   8.9926296e-02  -8.3059022e-02
   2.0000000e+00  -1.0596573e+00  -1.2832048e-01   2.1449660e+00  -1.1509750e+00  -5.8980326e-01   1.4001314e+00
   1.0000000e+00  -1.1583216e+00   7.2998786e-01  -1.6842210e+00   4.4216738e-01   3.4665261e-01   1.6467068e+00
   2.0000000e+00  -1.3284872e+00   1.6554002e+00  -1.1015627e+00  -1.2384501e+00  -1.4652363e+00  -3.8434104e-02
   2.0000000e+00  -4.8710179e-01   6.4531278e-01   7.0028926e-02  -8.8402895e-01   4.3623382e-02   1.5097645e-01
   2.0000000e+00  -1.3025936e+00   2.2625431e-01  -1.1680381e-01  -1.2253837e+00   5.3431358e-01  -1.7039494e+00
   2.0000000e+00   4.1146278e-01  -7.9716541e-01   6.9005016e-01   1.6207195e+00   5.7598892e-01   9.9098618e-02
   2.0000000e+00   3.6003631e-01  -8.5248222e-01  -1.0398265e+00   2.6036651e-01   8.1441951e-01   3.8514557e-01
   2.0000000e+00   5.1307989e-02   2.3360264e+00  -6.0354524e-01   5.6431085e-01   1.0473264e+00  -1.8645520e-01
   1.0000000e+00   8.8149052e-01   2.4251311e-01   1.7974385e-01  -3.4157581e-02   8.8789336e-02   2.6458998e-02
   2.0000000e+00   6.4467833e-01  -7.4009999e-01   5.3486701e-01   5.7339765e-01   4.0634335e-01  -8.5662185e-01
   2.0000000e+00   3.4162909e-01  -7.1815885e-01   1.9596134e+00  -1.6784448e+00  -4.1356365e-01   7.5648145e-01
   2.0000000e+00   8.3536607e-01  -1.4399685e+00   1.2731445e+00   1.8493342e+00   9.2509716e-01  -1.2678960e-01
   2.0000000e+00   8.6896971e-01  -1.0344284e+00   7.3875930e-01  -6.3722355e-01   1.7157998e-01   8.7088660e-01
   2.0000000e+00   1.1977014e-01  -3.3173974e-01  -1.7007966e-01  -1.0557041e+00  -3.0083137e-01   5.3466591e-01
   2.0000000e+00  -9.0109242e-01  -1.9471857e-01   5.3850707e-01   7.6790059e-01   4.7130657e-01   8.9556951e-01
   2.0000000e+00  -8.3094298e-01  -4.3116973e-01  -2.2193643e-01  -8.0406303e-01   7.2681848e-01   1.5817382e+00
   2.0000000e+00  -4.0398490e-01  -1.0349029e+00   5.6784283e-01   3.0257642e-01  -1.2681807e+00   2.8714255e-01
   2.0000000e+00  -2.3257942e+00  -1.1287038e+00   1.5618834e+00  -2.5616495e+00   6.7348442e-01  -1.2381244e-01
   2.0000000e+00  -8.8535360e-01  -9.2376924e-01  -1.6318852e-01   6.8262281e-01   9.6738551e-01  -2.0654599e+00
   2.0000000e+00   2.1286117e-01  -1.5205098e+00  -1.4068532e+00  -5.5087178e-02   8.6856035e-03  -7.4823497e-01
   2.0000000e+00  -1.5315231e+00  -5.5791983e-01  -1.7273656e-01   1.5171752e-01   1.2808502e+00   5.0272451e-01
   2.0000000e+00   1.7232445e-01  -3.0220157e-01   2.2703419e+00  -6.2242077e-01   4.7267768e-01  -2.7287194e+00
   2.0000000e+00   3.6048285e-01   5.6707811e-01  -8.6164725e-01  -1.2731263e+00   4.1681620e-01   2.0761656e-01
   2.0000000e+00  -1.2855129e+00   7.8962028e-01   7.3705787e-02  -9.5758896e-01  -4.5868665e-01  -9.4009407e-01
   2.0000000e+00   6.3895749e-01   1.4163722e+00  -9.1448399e-01   2.9998824e-01   8.8486838e-03  -1.0111998e+00
   2.0000000e+00  -8.2826370e-02  -5.7627939e-01  -1.6177107e+00  -4.1060294e-01   1.5597731e+00   1.3896969e+00
   2.0000000e+00   1.0223025e-01  -2.4618116e-01  -5.7018769e-01  -3.3263698e-01   6.7691681e-02   1.3440319e-01
   2.0000000e+00   2.1810350e-01   2.2377198e+00  -2.8400431e-01   4.8100071e-01  -2.6475197e+00  -2.1987963e+00
   1.0000000e+00   2.4945480e-01   1.3564768e-01  -2.5241635e+00   4.4680044e-01  -2.0286636e-01   1.7709267e-01
   2.0000000e+00   1.1327450e+00  -2.2835672e-01  -1.2421253e+00   6.1537350e-01   1.7740804e+00  -3.7473094e-01
   2.0000000e+00   3.6172056e-01  -3.3708349e+00   1.2346371e-01   6.1862776e-01   1.0732974e+00  -4.8323991e-01
   2.0000000e+00  -8.0510239e-01  -4.6639752e-01  -2.0517864e+00   2.2984248e-01  -2.5610816e-01   6.7945991e-01
   1.0000000e+00   1.9774999e+00   1.1033320e-01  -9.6922647e-01   3.3456821e-01  -7.5779877e-01   3.8887937e-01
   2.0000000e+00  -9.0226677e-01   2.4519970e-01  -3.5207300e-01  -2.0161652e+00   5.2228963e-01   4.5358773e-01
   2.0000000e+00   5.4985043e-01  -3.0109832e-01  -1.5422652e+00  -1.1544262e+00   9.0943857e-01  -6.3642688e-01
   2.0000000e+00   3.3738158e-01  -5.2045462e-01  -9.4511292e-01   8.8464370e-01  -1.2652143e-01  -1.1390889e-01
   2.0000000e+00  -2.9447301e-01  -2.5350938e-01   8.1320246e-01  -1.0510565e+00   1.8068742e+00  -3.5322028e-01
   1.0000000e+00   1.2942811e+00   3.5414175e-01   9.2158266e-01   6.8001972e-01  -1.4975706e+00  -2.3961222e+00
   2.0000000e+00  -2.4538116e-01   1.1366154e+00  -5.8455505e-01   8.3988700e-01  -5.6385277e-01  -1.8794385e+00
   2.0000000e+00  -7.6043468e-01  -1.0371981e+00   6.7172188e-01   4.6600835e-02   9.3031379e-01  -8.7218087e-01
   2.0000000e+00   8.0043395e-01  -8.3157730e-01   4.6134015e-01  -8.0798837e-01  -8.5099317e-01  -9.7904984e-01
   2.0000000e+00   5.6287879e-01  -6.0525612e-01   2.1477485e-01   1.6201043e-01   3.0020243e-01   1.1840112e+00
   2.0000000e+00   6.1708524e-01   8.7807464e-01  -8.7651481e-01  -7.6170618e-01   1.2569762e-01   3.0428927e-01
