   1.0000000e+00   2.1208134e+00   2.8461077e-01   6.8296761e-01  -1.8558289e+00   2.8919609e-01  -3.5497349e-01
   1.0000000e+00  -2.0039809e+00  -4.1124603e-01   4.7711389e-01  -3.1975626e-01  -1.6710414e+00  -1.1190900e+00
   2.0000000e+00  -1.1687941e+00   1.6649737e-01  -1.6509889e-02   5.4295594e-01  -3.6077206e-01  -2.0463461e-01
   1.0000000e+00   1.9712188e+00   6.6659359e-01   5.4735826e-03   5.5024314e-01   7.9468248e-01   1.5904103e+00
   2.0000000e+00   6.0382550e-01   8.4961027e-01  -6.1919432e-01   4.1167729e-01   1.4644533e+00  -1.3826111e+00
   2.0000000e+00   1.8423295e+00  -1.0149296e+00  -9.4109136e-01   2.1925870e-01   1.5111306e-01  -1.9644783e-01
   1.0000000e+00   1.8691473e-01   4.2678948e-01   8.4488077e-01   5.3674966e-01   5.6092592e-01  -1.5709328e+00
   1.0000000e+00   1.5368200e+00   3.4472979e-01   9.3227797e-01   5.9839398e-01  -8.0200444e-01   1.1171839e+00
   2.0000000e+00  -7.2089271e-03   5.1345009e-01  -2.7012360e-01   2.2439501e+00   1.9933205e-01   8.1350722e-01
   2.0000000e+00   2.9711746e-01   1.1310297e+00   3.1495476e-01  -1.1377004e+00  -5.5767521e-01   9.2450092e-01
   2.0000000e+00   4.2027927e-01   8.7514771e-01   1.5616856e+00  -9.2987425e-01  -2.4012091e-02  -3.5412550e-01
   1.0000000e+00  -1.1402848e+00   1.0908136e-01   8.3208364e-01  -1.2044555e-01   5.3504635e-01   4.9678208e-01
   2.0000000e+00  -4.5509622e-01   3.2919596e-02   2.2073161e+00  -9.5887531e-01  -3.5609451e-01   3.1927333e-01
   2.0000000e+00  -8.9674971e-01   3.1892684e+00  -6.0198383e-01   3.2383066e-01   2.4076698e+00   7.2612407e-01
   2.0000000e+00  -4.0561402e-01  -1.9485202e-01  -3.4516107e-01   1.5771876e+00  -3.6436451e-01   5.8688090e-01
   2.0000000e+00  -1.0619955e+00   4.7318008e-01  -8.2164201e-01   7.0289303e-01   1.1654619e-01  -7.7523158e-01
   2.0000000e+00  -1.6584414e-01  -8.6758981e-01  -1.8710955e+00  -2.2612358e-01  -7.7343281e-01  -3.1125376e-01
   2.0000000e+00  -2.3817713e-01   7.0994698e-01  -8.7764310e-01  -4.1835550e-02  -1.0134359e+00   1.9770096e-01
   2.0000000e+00  -1.4078870e+00   5.1320717e-01  -4.8144539e-01  -1.9219929e-02   3.0182738e-01  -2.7428204e-01
   2.0000000e+00  -1.4220155e-01   1.0387697e+00   1.0372756e+00  -6.6591879e-01  -4.7943344e-01   2.9108327e+00
   2.0000000e+00  -1.3733663e+00   9.3847030e-01   3.4889434e-01  -4.2526380e-01  -1.3232437e+00  -1.3539680e-02
   2.0000000e+00   1.9753627e-01  -9.5092424e-01   9.6585051e-01   5.1551686e-01  -1.0475019e+00  -7.9583544e-01
   2.0000000e+00   2.5759373e-01   8.8557970e-01  -1.8778479e+00   2.0632740e+00  -9.2645719e-01   1.1979783e+00
   1.0000000e+00   3.3094900e-01  -2.1004365e-01   5.8039760e-01  -7.5582051e-02  -8.3248593e-01  -4.3884039e-01
   2.0000000e+00   6.2291670e-01   3.4716776e-01   1.7726023e+00   1.2559877e-01  -4.9452011e-01  -5.7582317e-01
   2.0000000e+00  -1.2725918e+00  -1.3628598e-03  -1.4035695e-01  -1.0801262e+00   1.8199999e+00  -1.4728469e+00
   2.0000000e+00  -3.0526478e-01   6.4160715e-01  -2.0153407e+00   1.3868381e+00  -1.7231512e-01  -1.4416254e+00
   2.0000000e+00   9.2062264e-02  -2.8961828e+00  -1.0123456e+00  -5.6426884e-01  -1.4563329e+00   1.9812650e+00
   2.0000000e+00   4.6214735e-01  -1.8986821e+00  -4.9474284e-01   6.7629890e-01  -1.3451620e-01   1.5493241e+00
   2.0000000e+00  -7.3774275e-01   1.1905222e+00  -1.1050572e+00  -1.5075755e+00   5.6083553e-01   2.2966963e+00
   2.0000000e+00  -5.1503262e-01   1.1041161e+00   2.4565016e-01   4.6549787e-01  -5.8547231e-01   1.8839176e+00
   2.0000000e+00  -8.6434325e-02   9.4919412e-01   2.0728499e+00  -2.0111411e-01   6.7576397e-01   1.7690824e+00
   2.0000000e+00   5.3325012e-01   2.7373032e-01   1.4156178e+00  -3.6857289e-02   2.7371262e-01   3.8039548e-01
   2.0000000e+00  -3.2432385e-01   7.9653626e-01  -1.2916338e+00   1.3847624e+00   8.7949655e-02  -8.9110233e-01
   2.0000000e+00  -4.9746902e-02   1.3492891e+00  -1.9533706e+00  -4.8772201e-01  -1.2805051e-01   8.2228147e-01
   2.0000000e+00   3.9381961e-01   7.5704774e-01  -1.9317028e-01  -5.2084883e-01  -1.9347193e+00   6.8257546e-01
   2.0000000e+00   1.3815808e+00   2.1474884e-01  -1.9206423e+00   1.0300662e+00  -5.6148993e-01  -8.9491822e-01
   2.0000000e+00   1.8393214e+00  -1.2076392e+00  -1.0365041e+00  -8.0548005e-01  -2.5483374e+00  -7.3242596e-01
   1.0000000e+00   1.9537964e+00   7.2375500e-01   6.5578475e-01   1.0675822e+00  -1.2718911e-01   2.8131754e-01
   2.0000000e+00   1.0521050e-01   6.3743017e-01   8.2459348e-01  -9.1998481e-02  -2.1380817e-01   5.1821816e-01
   2.0000000e+00   1.0860497e+00   6.2255178e-02  -5.6802767e-01  -1.0576975e+00   1.0915392e+00   3.5142724e-01
   2.0000000e+00  -1.0486660e+00   9.9727708e-01   2.9550275e+00  -6.1983890e-01  -2.1110431e-01   1.3507964e+00
   2.0000000e+00  -1.0701685e+00   1.5680795e+00   2.3677508e-01  -1.4340097e+00  -2.0657331e+00  -1.3393660e+00
   1.0000000e+00   4.6386602e-01  -3.5047847e-01   2.4174323e-01   3.9259588e-01   1.2463772e+00  -1.9617810e-01
   2.0000000e+00  -6.9828876e-01   1.6828262e+00  -1.5355278e+00   6.0095468e-02   1.3615306e+00   1.4364721e+00
   2.0000000e+00   4.5874126e-01   2.5427489e-01   1.6509333e+00   6.9716249e-01   1.2517173e+00  -4.7633661e-01
   1.0000000e+00   1.9697494e-01  -1.3304817e-01   1.7158951e-01  -1.1186549e+00   4.7970550e-01  -9.9902964e-02
   2.0000000e+00  -2.2096916e+00  -8.7421953e-01  -9.7780866e-01   2.1728704e+00   4.3956967e-01   1.4187442e+00
   2.0000000e+00  -5.7787009e-01  -1.7331260e+00   4.9477983e-02   9.6318449e-01  -7.1255668e-01  -4.4253559e-01
   1.0000000e+00   2.6127807e-01   6.8091071e-01   3.2220641e-02   2.5471405e-01   1.8222741e+00   6.8623182e-01
   2.0000000e+00  -9.7603281e-01   1.5799187e+00   1.4797168e+00  -1.7904757e+00   1.2652845e+00  -5.3048770e-01
   2.0000000e+00  -7.9975798e-01   1.0540240e+00   3.5408685e-01   8.7071425e-02   5.0857040e-01   1.0873948e+00
   1.0000000e+00   3.6342389e-01  -8.5418288e-01   3.4891613e-01   6.8536851e-01  -3.8039961e-01  -1.2656395e+00
   1.0000000e+00   2.2575137e-01   7.4131065e-01   3.5722513e-01   1.0662080e+00  -6.9420571e-02  -2.2568503e+00
   2.0000000e+00  -1.0669069e+00   1.9146547e+00   5.8137398e-01   2.5215941e+00   6.7453102e-01  -4.4143749e-01
   1.0000000e+00   1.8784773e-01   2.3606832e-01   3.3864760e-01  -4.0904813e-02   7.5619920e-01  -2.5042803e-01
   2.0000000e+00   1.5148505e-01   1.2004155e+00   6.6611840e-02   1.9517682e+00   9.0218522e-02  -8.3536929e-01
   2.0000000e+00   1.6377972e-01  -7.0997890e-01  -3.7247094e-01   1.4820680e+00   8.9298542e-01  -1.5432360e+00
   2.0000000e+00   6.9249797e-01  -9.3807786e-01  -1.3770492e+00  -9.5631685e-01  -6.9406505e-01  -1.0078745e-01
   2.0000000e+00  -4.1425133e-01   7.4333146e-01  -6.0768931e-01  -1.2652582e+00   9.2497004e-01  -2.5072236e-01
   2.0000000e+00   1.4130493e+00   1.2972778e+00  -1.1333642e+00   5.3770105e-01   1.1678181e+00   8.6315515e-01
   2.0000000e+00  -1.8158235e+00  -1.4550520e+00   5.7169730e-01  -1.4810044e+00  -8.0167433e-01   5.4407624e-01
   1.0000000e+00  -9.8065770e-01   7.1395269e-01   8.0503744e-02  -9.5420761e-01   7.0111680e-01  -1.0924945e+00
   2.0000000e+00  -6.6048892e-01  -6.2021606e-02  -1.1904304e+00  -2.0544453e+00  -2.8527390e-01  -6.5888330e-01
   2.0000000e+00   2.1117341e-02  -1.1532279e-01  -1.2911812e+00   1.6854996e+00   7.4676713e-01  -1.1608347e+00
   2.0000000e+00   1.9857588e+00   1.7583403e-01  -2.1212362e-01   1.7175237e+00  -1.2087832e+00  -9.3165265e-01
   2.0000000e+00   3.1742786e-01   8.2837645e-01   1.0417811e+00  -3.7031783e-01  -2.8086703e+00  -2.8685768e+00
   2.0000000e+00   4.8830642e-01   1.4554670e+00  -2.7353989e-01  -2.6998631e-02   6.5308168e-02  -6.9308979e-01
   2.0000000e+00  -1.8967105e+00   6.6672238e-01   8.4538544e-01  -9.8534967e-03  -7.0905217e-01  -1.4796353e+00
   2.0000000e+00  -6.7786638e-01  -2.7394846e-01  -5.3314476e-01  -4.7148724e-01  -9.6743259e-01  -4.1708162e-01
   2.0000000e+00   1.6266322e-02   7.9468626e-01  -4.2314450e-01  -4.0236304e-01  -1.9451244e-01   7.8681260e-01
   1.0000000e+00  -2.6049942e-01  -4.0329132e-01   8.9310120e-01   3.8849470e-01  -1.3626874e-01  -1.9031299e+00
   2.0000000e+00  -3.6909968e-02   1.0705561e+00   2.0105309e+00  -9.2375397e-01  -7.5837836e-01   1.4586449e+00
   2.0000000e+00   3.7886454e-01  -9.3648779e-01  -4.5140774e-01   5.2249530e-01   1.9585968e-01  -3.5620679e-02
   2.0000000e+00  -3.8585592e-01  -5.3304886e-01   1.6374348e+00  -5.4850274e-01  -3.1308471e-01  -1.4444246e+00
   1.0000000e+00   4.4979794e-02   4.3154293e-01   8.2109966e-03   7.4139263e-01  -1.9217842e+00  -3.0712189e-01
   2.0000000e+00   1.5399838e+00  -9.8404275e-01  -9.3281441e-02  -6.8615161e-01   7.7671982e-02  -2.0114005e+00
   2.0000000e+00   4.7199652e-01   1.3551832e-01  -7.6265833e-02  -4.0759596e-01  -6.2114726e-01  -1.4266788e+00
   1.0000000e+00  -2.4023508e-01  -6.1539628e-01   9.0710524e-02   4.1901987e-01  -1.7410941e+00  -1.3949470e+00
   2.0000000e+00   1.0230753e+00   1.0817249e+00   3.5932616e-01   5.9730947e-01  -6.6702528e-02   7.1564592e-02
   1.0000000e+00   7.2088583e-01   2.4741146e-01   6.5780794e-01   2.7696793e-01  -1.7342861e+00  -7.0107919e-01
   2.0000000e+00  -1.2386949e-01   1.8070026e-01  -4.2824368e-01   6.0956557e-01  -1.6600178e+00   6.3556986e-01
   2.0000000e+00   7.2867418e-02  -1.8093809e-01  -9.1243470e-01   9.5873324e-01  -2.0149186e+00  -9.7407435e-01
   1.0000000e+00  -6.7173143e-01  -7.7585631e-01   7.1654328e-02   4.5482124e-01   1.7007519e+00  -5.5927094e-02
   2.0000000e+00  -9.9404594e-01   1.2294391e+00   2.7370858e-01  -5.3612277e-01  -1.3944377e+00   5.1190830e-01
   2.0000000e+00   9.9187217e-01  -9.9097838e-02  -2.3118482e-01  -1.5601005e+00  -2.7149637e+00   9.1005473e-02
   2.0000000e+00   6.9765426e-01  -1.2398543e+00  -5.3866853e-01  -6.8589281e-01   7.7213191e-01   7.4096694e-01
   2.0000000e+00   2.0015114e+00   2.7531632e-01  -9.3504386e-01  -1.2427019e+00  -6.7898459e-01  -1.5415222e+00
   1.0000000e+00   2.2829026e-01  -9.1632532e-02   4.3770569e-01   2.0989736e+00  -1.2264529e+00  -2.1047935e-02
   2.0000000e+00  -3.0608055e+00  -3.8977808e-03  -1.9206339e+00   2.6042944e-01   2.5384054e-01   3.2081770e-01
   1.0000000e+00  -7.1500113e-01  -1.5338982e-01   3.8271519e-01  -5.5012143e-01  -9.8554863e-01  -1.9170251e+00
   2.0000000e+00   2.2595908e+00  -6.9051668e-01  -1.7989004e-01   2.0498838e+00   1.7518879e+00  -5.5002645e-01
   2.0000000e+00  -5.8152113e-02   4.5768040e-01   9.2953803e-01   2.2340802e-01  -9.7410277e-01  -3.8866125e-01
   1.0000000e+00   2.5855508e+00   9.3351638e-01   9.9722147e-03  -9.2692766e-01  -1.5234871e+00   6.4271341e-01
   2.0000000e+00  -6.6356273e-01  -1.9765258e+00  -2.0938033e+00   5.8887339e-01   6.3219845e-01   1.0009681e+00
   2.0000000e+00   6.3874685e-01   8.8405644e-01  -5.8053100e-01   1.1166077e+00  -1.4042722e+00   8.1581119e-01
   2.0000000e+00  -7.5502294e-01   1.2298745e+00  -5.1961138e-01  -2.0677805e-01   1.3031972e+00  -4.6796189e-01
   2.0000000e+00   1.1095709e+00   1.7306585e+00   4.1397257e-01   1.6741498e+00   2.0082790e+00  -9.3521679e-01
   2.0000000e+00  -9.2971706e-02   9.3085759e-01  -4.9412011e-01   1.6774493e-01   2.5603651e-01   6.8925920e-01
   2.0000000e+00  -4.8576326e-01   1.1935223e+00   9.2514688e-02   3.3481767e-01   1.7567046e+00  -2.7812875e-01
   2.0000000e+00  -1.3792244e-01   1.0070015e+00  -4.2492812e-01   4.3880318e-02   4.9098170e-01   1.1196062e+00
   2.0000000e+00   5.2951135e-03  -1.9151283e+00   1.9189774e-01  -4.6312593e-01  -6.2037366e-01   2.5654558e-01
   1.0000000e+00   6.5340973e-01   1.0814589e-01   2.9815124e-01   5.3676922e-01  -5.1973301e-01   8.4646626e-01
   2.0000000e+00  -3.8664947e-01   6.4419318e-01  -7.1905408e-01   1.4936444e+00   8.7243692e-01   3.1502912e-01
   2.0000000e+00  -2.1698758e-01   1.3497559e+00  -1.4117107e+00  -8.1864706e-01  -7.4808217e-01  -5.2055984e-01
   2.0000000e+00  -5.8496589e-01  -9.8695593e-01  -2.4286083e+00   4.1652274e-02   3.8285311e-01   6.5120235e-01
   2.0000000e+00   7.7015938e-02  -6.1561489e-01   9.4424585e-01  -1.4467213e+00   1.0896382e+00  -4.8241958e-01
   2.0000000e+00  -1.2796797e+00  -1.4115583e+00  -1.1052568e-01  -1.9328488e+00  -6.7156793e-02  -4.5025516e-01
   2.0000000e+00  -1.1563775e+00  -2.2987882e+00   1.6751784e+00   2.3720477e+00  -2.6898190e-01  -1.6841625e+00
   2.0000000e+00   5.8791774e-01   3.5042379e-01  -1.7412991e+00   3.8647277e-01  -3.5974325e-01  -1.0984045e+00
   2.0000000e+00   4.7402005e-01   6.8465928e-01  -8.7117742e-02  -1.3954354e+00   1.7608974e-01  -3.7533152e-01
   1.0000000e+00  -2.7024584e-01  -2.2717500e-01   6.1962837e-02   3.3307941e-01   2.1271660e-01  -1.0812179e-01
   2.0000000e+00   1.2138479e+00   5.0260627e-01  -1.3079048e+00  -5.4294212e-02  -1.2195790e+00   1.1552941e+00
   1.0000000e+00  -3.5293231e-02   1.0514709e-01   7.9904747e-01   8.2337084e-01  -5.7897108e-01   2.0862630e-01
   2.0000000e+00   5.0042774e-01  -1.4651438e+00   6.3886051e-01  -5.3234867e-01   7.4332716e-01   1.8755466e+00
   2.0000000e+00  -6.2991220e-01  -6.3649143e-01  -8.0694890e-01  -3.1096843e-01   1.7903901e+00  -2.1687342e-01
   2.0000000e+00  -1.4719611e-01   7.0563737e-01  -1.5036654e+00  -5.7581159e-01  -3.5877108e-01  -1.9290444e+00
   2.0000000e+00   4.0028834e-01   1.4949291e+00  -1.2755475e-01  -1.7989154e-01   7.4258679e-01  -3.2159746e-01
   1.0000000e+00  -4.8043655e-01   2.1076865e-03   5.1117984e-01  -1.0265257e-01   1.0665607e+00  -2.3376379e+00
   2.0000000e+00  -9.3442372e-01  -2.1200348e+00   9.3960890e-01  -4.6318222e-01  -1.0022008e+00   1.8848533e-01
   1.0000000e+00   4.2200875e-01   5.9209161e-01   2.6569656e-01   1.6645410e+00  -7.2192564e-01   7.4888107e-01
   2.0000000e+00  -9.5093940e-01  -1.5122099e+00  -1.4257116e+00   1.0750588e+00  -2.7943110e-02  -1.3290800e+00
   2.0000000e+00   2.7832820e-01  -2.0613537e+00   9.3281689e-01   2.6698192e-01   1.1956802e+00   2.2179682e-01
   2.0000000e+00  -8.6088150e-01   5.8685199e-01  -1.7551149e+00   2.2751644e+00  -2.8984392e-01  -4.2151507e-01
   1.0000000e+00  -4.8222523e-01  -4.1514912e-01   6.0533408e-01   4.9767308e-01  -7.1330203e-02   9.6166525e-01
   2.0000000e+00  -4.6798581e-01  -1.5616568e-01  -6.1753993e-01   1.6420478e-01   8.7655769e-01   8.3786217e-01
   2.0000000e+00  -9.1298873e-02   6.2441874e-01  -1.1675157e-01  -4.7799606e-01   2.1321885e-01  -7.4451413e-01
   2.0000000e+00   1.2283836e+00  -1.3688649e+00   1.1910409e+00   7.0637776e-01  -4.9658431e-01   2.4692622e+00
   2.0000000e+00   2.5034014e-01  -6.8422088e-01   2.6354805e+00   8.4003013e-01   8.9260264e-02   4.6908755e-01
   1.0000000e+00   1.1167872e-01  -2.8401861e-01   8.4744170e-01   2.9485926e+00  -4.2138963e-01  -1.0656528e+00
   2.0000000e+00   1.0867321e-02  -1.3133490e+00   1.6215694e+00   4.5931519e-01   5.7298512e-01  -8.8012212e-01
   1.0000000e+00   4.4352752e-01  -4.4907134e-01   5.6641100e-01   6.6331847e-01   8.4096587e-01   4.6571315e-02
   2.0000000e+00  -3.9549736e-01   9.5391578e-01  -1.0152229e+00   4.6460322e-01   1.0569249e+00   9.4305973e-01
   2.0000000e+00  -2.2686684e-01  -1.1118790e+00  -1.7649312e-01  -1.5369189e+00  -1.3225926e+00   4.6940016e-01
   2.0000000e+00   4.2629895e-01   3.8764687e-01  -3.1598291e-02   2.0181969e+00  -4.8056827e-01  -7.9809802e-03
   2.0000000e+00  -5.0393001e-01  -2.2482810e-01   1.5212561e+00  -1.4478626e+00   7.4827898e-01   5.1503620e-01
   2.0000000e+00   4.5333117e-02   7.8392568e-01  -8.6960628e-01   6.9863531e-01  -9.6814461e-01  -1.3822434e+00
   2.0000000e+00   1.0725606e+00   1.3197843e+00   9.8552975e-03   5.3011185e-01  -1.3365918e+00  -2.4305807e-01
   2.0000000e+00  -1.7293773e+00  -1.2490573e+00   2.6387043e-03  -7.1627200e-01   2.2816057e+00  -7.5652169e-01
   2.0000000e+00   9.4403313e-01   1.8421947e+00  -4.8356713e-01   1.1132303e+00   1.1996266e+00  -2.8751880e-01
   2.0000000e+00  -4.1848155e-01  -2.7634783e-01  -1.1355862e+00   3.1806578e-01   1.3276035e+00   9.3675109e-01
   2.0000000e+00   4.0011319e-01   1.2727578e+00  -1.0439602e+00  -2.0962479e+00   1.4001145e+00  -1.0553470e+00
   2.0000000e+00   5.2744116e-01  -8.7785595e-01   1.3176294e+00  -3.1271627e-01   1.4785159e+00  -6.2743168e-01
   1.0000000e+00   2.6662441e-01  -3.6873989e-01   1.5044036e-02  -6.3789658e-01  -6.5739069e-01   4.4716251e-01
   2.0000000e+00   5.4324307e-01  -3.9890850e-01   4.2680706e-02   7.4101681e-01  -2.2429098e+00  -1.1009424e+00
   2.0000000e+00  -6.1454382e-01  -5.7780346e-01   1.5908427e+00   1.1364050e+00  -1.4228693e+00   7.3654035e-01
   1.0000000e+00  -2.3980915e-01  -5.1456294e-01   7.1430877e-02  -3.5333993e-01  -9.0075647e-01  -7.9146436e-01
   2.0000000e+00  -1.2479763e-01  -8.0582874e-01  -5.7522066e-01  -3.6103737e-01  -2.0827054e+00   3.7493820e-01
   2.0000000e+00   3.3740960e-01  -1.1398288e+00   2.7567533e-01  -5.2744955e-01  -1.6013234e+00  -1.5065329e+00
   2.0000000e+00  -1.7332845e+00   1.9278966e-01  -2.9101861e-01  -1.9883227e-01   4.8911666e-01  -1.5003696e+00
   2.0000000e+00  -2.1913843e-01   1.1465057e-01  -1.3217293e+00  -1.2542754e-01  -8.6886130e-01   2.0113782e-01
   1.0000000e+00   1.4191572e+00  -7.1859958e-01   3.9695249e-02  -1.0077677e+00  -3.6090538e-01   6.6069942e-02
   1.0000000e+00   1.0091634e+00  -4.5871834e-02   5.8801540e-01   5.8491311e-01  -1.3677578e+00   2.0108889e+00
   2.0000000e+00  -1.4491843e+00   6.5525509e-01   9.7408542e-01   7.7650150e-01  -2.5543557e-01   2.9227410e+00
   1.0000000e+00   1.1824204e+00  -3.8701680e-01   4.9657790e-01  -1.9711417e-01  -1.1640024e+00   8.3361393e-01
   2.0000000e+00  -9.1785249e-01   2.1942157e-03  -1.5422493e-01   6.4795560e-01  -1.8228441e-01  -5.4106251e-01
   2.0000000e+00  -9.6510754e-01   3.2610026e-01  -2.6225828e-01  -9.5316821e-01  -4.4768516e-01  -4.8917358e-01
   2.0000000e+00  -7.5315192e-02   9.5522418e-03  -1.1861423e+00  -1.4220457e+00  -2.2225959e-01  -1.1497055e+00
   2.0000000e+00  -9.0481535e-01   9.0727499e-01  -1.2071347e+00  -1.0665802e+00   1.0780826e+00   8.6988167e-01
   2.0000000e+00   3.5545029e-01   1.8448613e+00   2.8314500e-01  -3.5199690e-01   4.5313715e-01  -3.8393864e-01
   2.0000000e+00   1.0662760e+00   8.0149245e-01   1.5205440e+00  -9.6308719e-01   1.7614562e+00  -9.6467413e-01
   1.0000000e+00   2.0866224e+00  -3.8800178e-01   2.3968929e-01  -3.1816613e-02  -1.2044661e-01  -1.3107626e+00
   2.0000000e+00  -6.9547174e-03  -4.1922567e-01  -3.9616476e-01  -1.0733236e+00  -4.5564402e-01   5.6865625e-02
   2.0000000e+00   5.0352933e-02   1.1274665e+00  -2.1048956e-01   6.2982742e-01  -3.8678416e-01   2.3151291e-01
   1.0000000e+00   4.3765170e-01   4.1934221e-01   6.5727055e-01   1.9688536e-01  -1.4401522e+00  -4.8639881e-01
   2.0000000e+00  -1.1746054e-01   1.5276048e+00   2.6717311e-01   2.2440384e-01   1.2286707e+00   1.2039973e-01
   1.0000000e+00  -8.9798520e-01  -3.6283838e-01   7.6245801e-03   1.2711104e+00  -5.0933577e-01  -2.4341382e+00
   2.0000000e+00   1.3094295e+00   3.7800379e-02   1.9440039e+00  -1.1779248e+00  -2.8321605e-01   7.5688599e-01
   2.0000000e+00  -2.8622298e+00  -2.0229729e-01  -2.6352642e+00   6.8830200e-01   2.8564706e-01   8.9687461e-01
   2.0000000e+00  -7.3120088e-01  -2.0055509e+00   4.3322669e-01   1.0177965e-01   7.6381906e-01   4.1023057e-01
   2.0000000e+00  -1.5226230e+00  -3.5293280e-01  -2.2930312e+00   7.6923630e-01  -9.6001539e-01   1.2492020e+00
   2.0000000e+00   7.5757393e-01  -5.4456359e-01  -2.1794801e+00  -1.6535035e-01  -2.5336702e-01  -1.4717784e+00
   2.0000000e+00  -1.0149421e+00   5.2458832e-01  -2.8139191e-01  -5.8582886e-01  -1.5119312e-01  -3.1328313e-01
   2.0000000e+00   4.1970209e-01   1.0910556e+00   1.5216593e-01   5.3011413e-01  -4.7343202e-01  -1.4043840e+00
   2.0000000e+00  -7.3668197e-01   1.5079417e-01  -4.7967276e-01   1.7354983e+00   1.8257683e-01   5.8034289e-01
   1.0000000e+00   2.9828729e-01   1.2712336e-01   3.1458538e-01   3.2558505e-01  -9.3031282e-01   5.8856140e-01
   1.0000000e+00  -1.8950865e+00  -8.2139745e-02   9.3163960e-01   1.0193823e-01   6.6902925e-01  -2.5330961e-01
   1.0000000e+00   6.7272802e-01   2.5470223e-01   3.7150994e-01  -4.7000462e-01  -1.0672925e+00  -1.0725685e+00
   1.0000000e+00   2.1358822e+00   7.8430752e-01   2.9099016e-01  -4.0109576e-01  -5.3515939e-01  -1.9536727e-01
   2.0000000e+00   8.2706532e-02  -1.0505297e+00  -1.0643525e+00  -1.6904684e-01   5.9862586e-01   1.8938062e+00
   2.0000000e+00  -1.8277555e+00   5.4012591e-01   1.3065594e+00   1.5654166e-01  -4.8959999e-01  -1.0322967e+00
   2.0000000e+00  -1.8841859e+00  -8.5144555e-01  -3.2596477e-01  -1.1387502e+00   1.2436910e+00   2.8761850e-01
   2.0000000e+00  -1.4087264e-02   6.5679286e-01  -1.1457365e+00  -1.2307981e+00  -2.1432001e+00  -1.2615209e+00
   1.0000000e+00  -1.7003290e+00  -6.9569956e-01   1.0138808e-01   8.5483234e-01  -2.8637045e-01  -2.1242370e-01
   2.0000000e+00  -1.1191484e-01   2.3518821e+00  -5.5477125e-01  -7.0369670e-01  -6.5124364e-02  -1.8538234e+00
   2.0000000e+00  -1.0621380e+00   5.0417340e-01  -9.3103232e-02   1.1486318e+00  -9.7681478e-01  -3.0085395e-01
   2.0000000e+00   7.1300508e-01  -1.1982959e+00   2.8810802e-01   1.1206223e-01   2.8334604e-02  -3.9866043e-01
   2.0000000e+00  -1.4442330e+00   1.4667860e+00  -7.0022393e-01  -1.2764904e+00   3.5543071e-02   6.3968387e-01
   2.0000000e+00   2.2021919e-01   1.4992441e+00   9.3095270e-01  -1.4258690e+00   1.9363323e-01   1.2668388e+00
   2.0000000e+00   1.9292755e+00   1.6578882e+00  -3.5808455e-01  -5.1210445e-01  -1.1418696e+00   7.3751379e-01
   2.0000000e+00  -6.8761956e-01  -1.6579711e+00   1.5105319e+00  -6.7464106e-01  -1.1444974e-01  -2.3669155e+00
   2.0000000e+00  -2.1027430e+00  -1.8996341e-01   1.3032385e+00   5.8356592e-01  -5.2501519e-01  -2.1611023e-01
   2.0000000e+00  -1.3234755e+00  -5.3309475e-01  -5.9879139e-01  -1.6076967e+00  -9.0714085e-01  -3.1895139e-01
   2.0000000e+00   2.8784012e-01  -3.4842023e-01  -4.8181091e-01  -7.5465084e-01  -5.1736953e-01  -3.0782700e-01
   2.0000000e+00   1.7751512e+00  -1.3187761e+00  -2.1078696e+00  -4.7995038e-01   7.8174065e-02   2.4373854e-01
   2.0000000e+00  -6.2019809e-01  -5.8593806e-02  -8.0894693e-01  -8.0499077e-01   1.1854756e+00  -7.1214254e-01
   2.0000000e+00  -8.3714712e-01  -1.3297098e+00   5.4842312e-02   9.3734370e-01  -8.4668287e-01   4.9946050e-01
   2.0000000e+00   6.8938525e-01   8.8906732e-02  -1.4700651e+00  -7.5482295e-02   5.7318843e-01   1.0486450e-01
   2.0000000e+00   8.7842110e-01   7.5860526e-01  -6.9560143e-01  -7.0110480e-01   1.4250328e+00   1.5925690e+00
   2.0000000e+00  -1.4234586e-01  -4.7868378e-01  -8.8687722e-02  -3.2525323e-02   8.5725587e-01   7.1533357e-01
   2.0000000e+00   6.3520862e-01  -1.1206254e-01   1.6805487e+00  -5.8525435e-01  -1.6276092e-01   2.9717619e-01
   2.0000000e+00   1.1549850e+00   1.2103533e+00   2.5896556e-01   1.2612995e+00   3.3515533e-01   3.3374588e-01
   2.0000000e+00   1.8464855e-01  -2.6561091e+00  -7.1893923e-01  -8.1896665e-01   1.6897364e+00   1.8210563e-01
   2.0000000e+00  -2.4573728e+00   3.5298776e-01   1.3429964e+00  -1.0191842e+00   1.7324260e-01  -7.4268309e-01
   1.0000000e+00   1.1693319e+00   1.3165496e-01   2.1613165e-01   6.4665745e-01  -1.4282285e-01  -9.5296688e-01
   2.0000000e+00   1.0857337e-01  -8.4997076e-01   8.1580549e-01  -9.2275829e-01  -1.5881470e+00   1.6537419e-01
   1.0000000e+00   5.7847827e-01  -6.7943767e-01   6.7572077e-02   6.3989012e-01  -4.9545426e-01   7.5424230e-01
   2.0000000e+00  -6.2125457e-01  -1.4286773e+00   2.1137341e-01  -2.7484027e-01   1.4718502e-01  -6.9856929e-01
   2.0000000e+00   4.4408444e-01  -1.4865168e+00  -1.3731446e+00   1.3713118e+00  -1.2207640e+00   8.0927376e-01
   2.0000000e+00  -3.2570180e-01  -6.5308560e-02  -6.6335391e-01   5.1684753e-01  -3.7734780e-01   1.9340782e+00
   2.0000000e+00  -1.3481569e-01   3.2869967e-01  -2.7366424e-01  -3.0493678e+00   1.2760734e+00   1.9335275e+00
   1.0000000e+00   9.5704078e-02  -4.3439627e-01   5.1896311e-01   8.3392312e-01   1.6379859e+00   2.3404488e+00
   2.0000000e+00   7.6587815e-01   2.0510405e+00  -7.2183034e-01  -2.2460572e+00   1.1968057e+00   2.2750411e+00
   1.0000000e+00   3.0216067e+00   7.6078377e-01   3.2700815e-01   1.5580228e+00   2.7808189e-01   1.1644980e+00
   1.0000000e+00  -1.8303084e+00   3.9558184e-01   4.1063016e-01  -7.3573831e-01   9.6495968e-01   8.4555163e-01
   2.0000000e+00  -7.7369649e-01   4.2375369e-01  -8.0327577e-01   1.8783936e+00   2.5642041e+00  -2.0878406e+00
   2.0000000e+00  -2.1567353e-01  -1.9645357e-01  -1.5261684e+00   6.2022856e-01   4.9933446e-01   9.7639042e-01
   2.0000000e+00   4.9762312e-02  -1.0734213e+00   1.5784983e+00  -1.4998501e+00   1.3932212e+00  -1.6450094e+00
   2.0000000e+00   6.4145559e-01  -6.9850991e-01   1.3984671e+00   7.4925163e-01   1.2434795e+00   8.3626538e-01
   2.0000000e+00  -9.2680857e-01  -2.3101889e-01  -4.1129449e-01   1.8806376e+00   6.1641736e-01   3.2636997e-01
   1.0000000e+00  -8.3208669e-01   3.1326780e-01   8.7400942e-01  -1.1353216e+00  -4.2996728e-01  -2.7526448e-01
   2.0000000e+00  -9.8787619e-01  -1.5418177e+00   1.4980999e-01   7.6569737e-01  -5.3718606e-02  -1.0299675e+00
   1.0000000e+00  -7.8229171e-01  -5.4043090e-02   7.6922905e-01  -5.4335585e-01   1.3548246e+00   1.4475310e+00
   2.0000000e+00  -6.5293511e-01  -5.0407248e-02  -1.2393613e+00   4.8823979e-01  -1.0321220e+00  -1.9740321e+00
   2.0000000e+00   6.1784993e-01   7.9301800e-01  -1.0701728e-01   6.8817992e-01   3.6365145e-01   4.2800844e-01
   2.0000000e+00  -9.0435452e-01   7.4387957e-01   1.7625152e+00   3.2383896e-01   1.5513685e-02  -6.7482969e-01
   2.0000000e+00   5.7067756e-01  -1.6653025e-01   1.3483899e+00  -2.5722865e-01   1.0182961e+00   1.1210340e+00
   2.0000000e+00   4.8740802e-01  -8.5400529e-01   1.4758397e+00  -1.0527623e+00   9.1105232e-01  -1.6300331e-01
   1.0000000e+00  -5.1839767e-01  -6.6190379e-01   3.3630803e-01  -1.3472093e+00  -1.5838650e+00   1.1482943e+00
   2.0000000e+00  -9.5992702e-01  -8.0229402e-03   1.3227565e+00  -5.8648574e-01  -1.5551289e+00   6.8171261e-01
   1.0000000e+00  -2.2334677e-01   1.2633979e-01   5.7260773e-01   1.4540339e+00  -6.0548160e-01   1.9402421e-01
   2.0000000e+00  -1.0405048e+00   1.3711924e-01  -5.6674519e-01   8.6944561e-01   1.5185435e+00  -1.1544778e+00
   2.0000000e+00  -1.3633970e+00   2.6381423e-01   2.3144759e+00   8.7553285e-01  -1.0497035e+00  -5.5949938e-01
   2.0000000e+00   2.2662011e-01   1.0289781e-01  -5.4359956e-01  -1.6505205e+00   1.7696277e-01  -1.8715714e+00
   2.0000000e+00   3.8754410e-01   1.2340236e+00  -1.3423257e+00   1.2399575e+00  -8.6488694e-01  -1.1309227e-01
   2.0000000e+00   1.0131563e-01  -1.0891496e+00   6.7155485e-02  -9.2509506e-02  -5.1394351e-01  -1.8775891e+00
   2.0000000e+00  -3.3510130e-01  -3.2678722e-01  -1.5302748e+00   2.5469818e+00  -1.1268906e+00   2.3625088e+00
   2.0000000e+00   1.8290324e-01  -1.6275093e+00   7.1626418e-01   5.6813773e-02   8.4036517e-01   1.4844508e-01
   2.0000000e+00  -8.6323962e-01  -5.2772264e-01  -4.0120598e-01   1.1630971e+00   1.4370769e+00  -1.2757417e-01
   2.0000000e+00   2.9502307e-01  -1.4078632e+00  -1.0272049e+00  -1.4581182e-01  -3.6070166e-01   3.6117578e-01
   1.0000000e+00   3.9368205e-01  -4.6604175e-01   4.4299235e-01  -1.0313902e+00  -5.4685102e-01   1.3341907e+00
   2.0000000e+00  -1.1319127e+00  -1.4760303e+00  -1.8279552e-01   2.4173800e+00  -1.9684613e-01   9.9053893e-01
   2.0000000e+00  -2.3885308e-02  -4.8325829e-01   1.3731413e+00  -1.2175458e-01   5.9545765e-01   6.2816163e-01
   2.0000000e+00   4.6355243e-01  -6.4054722e-01   1.6008406e+00  -1.2743357e+00  -1.6159949e+00  -3.0628716e-01
   2.0000000e+00  -4.3471437e-01   7.4912346e-02  -5.2390908e-01   4.8528130e-01   1.4278361e+00  -2.4206957e+00
   2.0000000e+00   1.0013524e+00   5.6300381e-02  -1.2188875e+00  -3.4864158e-01   1.1310683e+00  -1.2716168e+00
   2.0000000e+00   2.4072820e-01  -1.9598467e+00   6.1039714e-01   1.2261092e+00  -6.4855621e-01  -6.6006508e-01
   1.0000000e+00   4.5691235e-01   4.4279374e-01   5.9274146e-02   9.8477946e-01  -1.8999769e-01  -1.4170880e+00
   2.0000000e+00   5.7545323e-01  -6.5365496e-01   1.2873298e+00   5.0571954e-01   1.0127121e+00  -5.2504959e-01
   2.0000000e+00  -1.8845774e+00  -8.9212930e-01   1.1859307e+00   1.8614046e-01  -7.6893517e-01   9.8456923e-01
   2.0000000e+00   3.1005314e-01   1.9784738e+00  -1.8312007e-01  -2.8431570e-01  -3.0899250e-01  -3.0890806e-01
   2.0000000e+00  -2.0347003e+00   1.4195715e+00   2.9953579e-01   1.2775729e-01   1.1474328e+00   3.1635914e-01
   2.0000000e+00  -4.0315177e-01   5.3997118e-01  -2.6117397e+00  -7.3842128e-01  -1.0133574e+00   6.2552486e-02
   2.0000000e+00  -5.0778386e-01  -9.5479124e-01  -4.6808596e-01  -6.1692960e-01  -2.5597380e+00   9.9587982e-01
   2.0000000e+00  -7.3883524e-01  -1.9510251e-01  -4.3523990e-01  -1.1179439e+00   1.8270807e-02  -7.2831522e-01
   2.0000000e+00  -6.6810935e-01  -1.3583804e-01  -8.5472095e-01   2.3311446e-01   1.6959097e-02   1.2879197e+00
   2.0000000e+00   4.8899807e-01   1.6476313e+00  -1.4790855e+00   6.3573672e-01  -3.3838060e-01   1.7449190e+00
   2.0000000e+00  -1.6447554e+00  -6.1484201e-01   1.2731016e+00  -5.3721599e-01   2.3553106e-01   2.3980944e+00
   2.0000000e+00   5.8921598e-01  -3.5821961e-01   1.8768157e+00  -1.8882543e+00   8.0583450e-01   4.3388112e-01
   2.0000000e+00  -4.0224488e-02  -4.9592247e-01   1.4355445e+00  -2.7303915e-01  -5.8993527e-01   1.4258657e+00
   1.0000000e+00  -1.4330621e+00  -6.9429385e-02   5.4588092e-01   6.6851029e-01  -8.1533242e-01  -3.8047323e-01
   2.0000000e+00   1.1614551e-01  -6.8045816e-01  -7.9809537e-01  -1.0841358e+00  -1.0060692e-01   4.6432451e-01
   2.0000000e+00  -5.4909747e-01   1.7938321e-01   1.6349283e+00  -2.0888646e+00  -8.9300470e-01   2.2262031e+00
   1.0000000e+00   4.4714929e-01  -3.5016132e-01   8.5691557e-01   1.6204568e+00   6.1536700e-01   4.5929859e-01
   1.0000000e+00  -1.4636183e+00   5.8876047e-01   6.1926247e-01   3.2909173e-04   1.4943420e+00  -1.9937293e-02
   2.0000000e+00  -2.8202865e-01  -6.9512737e-01  -8.3487153e-01  -6.1035387e-01   4.2149563e-01   5.5542269e-01
   2.0000000e+00  -5.1014500e-01  -1.1428929e+00   3.6101641e-01   1.2080659e+00   2.0237449e+00  -8.0732315e-01
   2.0000000e+00  -1.2491447e+00   1.9995059e+00  -8.4354493e-01   9.3341569e-01   3.8014003e-01   9.3090342e-01
   2.0000000e+00   5.8707631e-01  -1.7246819e+00  -1.5184671e-01  -2.2953566e-01  -2.2096672e-01   6.5964205e-01
   1.0000000e+00   1.6894456e+00   7.9974643e-01   4.5598606e-01   1.6894150e+00  -3.2620067e-01   7.9827040e-01
   2.0000000e+00   7.3037175e-01   1.3067139e+00  -7.0711030e-01   1.0603598e-01   3.9759091e-02  -3.1473149e-02
   2.0000000e+00  -3.8108902e-01  -1.4591227e+00  -9.2231237e-01   2.8112910e-01   4.8841566e-01  -6.5019123e-01
   1.0000000e+00   1.0374548e-01  -7.4292840e-01   5.2375150e-01  -8.1102571e-01   1.9598654e-01   4.6312174e-01
   2.0000000e+00   1.4685696e+00   1.0932203e+00  -4.6661524e-01   4.0146009e-01  -6.3794951e-01   8.3454187e-01
   2.0000000e+00   5.2863678e-01   1.0330153e+00   9.4733723e-01  -6.1236017e-01  -1.3787656e+00  -8.1813848e-01
   2.0000000e+00   1.1435904e+00  -8.8992631e-01  -6.1498436e-01   1.2195164e+00  -2.3216680e+00   9.7856720e-03
   2.0000000e+00  -2.1082168e-01  -9.0688611e-01  -1.8986729e-01   1.1218774e+00  -1.0903594e-01  -6.9055077e-01
   2.0000000e+00   1.0993784e+00  -1.7127084e+00  -1.2155697e+00  -8.3538287e-01   1.6951445e-01   5.3751799e-01
   2.0000000e+00  -1.1785877e+00   3.2318057e-01   1.1041470e+00   4.3927513e-01  -8.8883819e-01   1.5025459e-02
   2.0000000e+00   7.9494738e-01  -2.7661065e-01  -1.6938406e-01  -1.3074335e+00  -2.2396579e-01   1.0511326e+00
   2.0000000e+00   1.9357029e-01   7.5707079e-01  -2.4689668e-01   1.4472971e+00   1.6807572e+00  -9.0913920e-01
   2.0000000e+00   3.3264193e-01  -4.9117608e-03  -8.0994283e-01   1.2460065e-01   6.8531159e-01   7.4413705e-02
   2.0000000e+00   5.9009593e-02   5.8946289e-02  -3.9645976e-01   1.9691340e+00  -4.5857931e-01  -5.5769477e-01
   2.0000000e+00  -2.3155936e-01   3.3487128e-01  -9.1770300e-01  -8.1297533e-01  -1.4300939e+00  -9.8626584e-01
   2.0000000e+00   9.5221694e-01   5.7412767e-01  -3.3024414e-01   4.6577022e-01   9.3938917e-01   4.9792609e-01
   2.0000000e+00   1.5155006e+00  -3.4518144e-02  -4.7490529e-01   1.5673336e+00  -1.2200000e-01   5.2158945e-02
   2.0000000e+00   2.5351817e+00   2.2497725e+00   1.0178706e+00  -9.8052910e-02   1.1535119e-01  -5.3248852e-01
   2.0000000e+00   1.7457268e+00   3.3825980e-01   1.0964446e+00  -3.1185816e-01   6.3389961e-01   3.4415916e-02
   2.0000000e+00   3.3068851e-01  -1.0859040e+00   8.3592702e-01   3.1862171e-02  -3.9629097e-01   5.2525709e-01
   2.0000000e+00  -1.8804597e-01   1.3323005e+00   9.8394903e-01  -3.8317090e-01   1.2121161e+00  -2.0025325e+00
   2.0000000e+00  -9.3027353e-01  -1.1372171e+00  -4.3784450e-01  -7.8695287e-01  -7.5486922e-01   1.2221337e+00
   1.0000000e+00   1.1698295e+00   2.8840450e-01   1.4938684e-01  -3.7735805e-01   6.9230387e-02   1.4293584e-01
   2.0000000e+00  -6.1889755e-01   1.4830374e+00   2.5192210e-01  -1.7182802e-01   8.8361163e-01   5.2799477e-01
   2.0000000e+00  -9.7535934e-01   8.2780154e-01  -1.1564821e+00  -1.2505585e+00   4.1649156e-01  -5.3251454e-01
   2.0000000e+00  -1.9296666e+00  -3.3035401e-01  -3.3043298e-01  -6.5890012e-01   1.2509660e+00  -2.6328136e-01
   2.0000000e+00   1.6161614e+00  -3.1029181e-01  -4.8339446e-01  -8.2975847e-01  -8.6893374e-01   1.1336535e+00
   2.0000000e+00   4.8593890e-01  -1.0403779e+00  -5.8247289e-01  -7.5196302e-01   5.6562733e-01   8.1008643e-02
   2.0000000e+00   2.5580542e-01   8.6651335e-01  -2.0481980e+00   5.0384306e-01  -1.5889524e+00  -1.1454505e+00
   2.0000000e+00  -2.5439088e-01   4.3843717e-01   1.7344563e+00  -1.5216563e-01   1.2094107e-01  -5.2552156e-01
   1.0000000e+00   5.7740657e-01   2.1140312e-01   1.1293938e-01   8.7821205e-01   3.1838672e-01   9.2079105e-01
   2.0000000e+00  -1.7446724e-01  -1.2024956e+00  -1.0771758e-02  -1.0599731e+00  -1.1150855e+00   7.5863844e-02
   2.0000000e+00  -1.1859510e+00   4.3492980e-01  -3.7916143e-01   4.7950890e-01   3.9789788e-01  -7.6040146e-02
   1.0000000e+00   7.5151932e-01   4.7686975e-01   7.7174883e-01  -9.9312468e-02  -5.8506371e-01  -3.0888052e-01
   2.0000000e+00  -2.2603407e+00   9.7098804e-01  -7.4509597e-02  -1.2729097e+00   1.7237988e+00  -6.5909140e-01
   2.0000000e+00   3.1847021e-01  -1.7953292e+00  -8.4678669e-02  -6.8742267e-01   1.4618041e+00  -1.1021845e+00
   2.0000000e+00  -1.9339265e+00   1.0559247e+00   7.7285427e-01  -1.2101244e+00   1.1082452e-01   1.4096477e-01
   2.0000000e+00   1.1682564e+00   1.0070351e+00  -8.2163621e-02  -3.0052367e-02   4.9039336e-01  -5.7019455e-01
   2.0000000e+00   1.9224326e+00   1.7404069e+00   1.1722078e-01  -9.5966589e-01   8.1503352e-02   1.1493054e+00
   1.0000000e+00  -9.7578512e-01  -3.5324869e-01   4.0880119e-01   1.7661346e+00   7.4098153e-01   2.2389743e-01
   2.0000000e+00   4.8266749e-02  -3.5658630e-01  -5.8579356e-01   9.1482667e-01  -1.0228942e+00   1.7635702e+00
   2.0000000e+00   5.3252159e-01   5.2130996e-02   1.1848258e+00  -6.3935745e-01   1.0677712e+00  -3.8217648e-01
   2.0000000e+00   1.1418065e+00  -6.5862876e-01  -2.3656497e-01  -5.3181149e-02   6.0358341e-01   3.8084638e-01
   2.0000000e+00   2.1226156e-01  -1.2834067e+00   1.6467510e-01   4.2156999e-01  -2.8112816e-01   8.6934356e-01
   1.0000000e+00   2.4302135e-01   2.3872283e-01   4.8944792e-01  -1.4910763e+00   3.1065354e-02   3.7993258e-01
   2.0000000e+00  -4.9610875e-01   1.5474563e+00   2.5625642e-01   3.3105164e-01   1.2992503e+00  -1.4360534e+00
   2.0000000e+00  -9.2099141e-02   1.8690125e-01  -1.8725345e-02   9.4785550e-01  -6.5337086e-01   1.0850707e+00
   2.0000000e+00  -1.0493139e+00  -1.8808691e+00  -2.9743057e-01  -4.0465633e-01   1.5331294e+00   6.4432719e-01
   2.0000000e+00  -1.3475066e+00   4.0569468e-01   1.7853242e+00  -1.5418121e+00  -5.3467155e-01  -2.6242492e-01
   2.0000000e+00   1.0911926e+00   6.4618185e-01  -9.7669222e-01  -6.4354975e-01  -1.3421532e+00  -1.0133676e+00
   2.0000000e+00   4.7905166e-01   1.5967107e+00  -1.2092124e-01  -6.8724738e-02  -7.2431620e-01   4.3599200e-01
   2.0000000e+00  -5.0836070e-02  -1.1562304e+00   1.1275180e+00   4.4703181e-01   1.8492411e-01   5.0676354e-01
   2.0000000e+00  -4.3130203e-02   3.0035952e-01  -2.0614732e+00   6.3053230e-01  -4.7633736e-01  -6.6672250e-01
   2.0000000e+00   1.6459704e+00   9.6691790e-01  -8.8637073e-01  -1.9410579e+00  -1.5553498e+00   1.3818403e-01
   2.0000000e+00   3.6124813e-01   5.8642803e-01   1.5073759e+00  -5.9698161e-01   1.2425212e+00   1.4190977e+00
   2.0000000e+00  -1.1395926e-01   6.5452007e-01   7.7332197e-01  -1.6960558e+00   1.2247146e+00   4.4635493e-01
   2.0000000e+00  -3.0648637e-01  -1.0604255e+00   1.0943164e+00   3.4971350e-01  -1.3313193e+00   3.2668570e-01
   1.0000000e+00  -2.2227121e-01  -6.5839007e-01   5.0087226e-01   1.2824237e+00  -1.7434541e+00  -5.4014537e-01
   2.0000000e+00   1.6396178e+00   1.4469958e+00  -2.1939906e+00  -1.2653211e-01   6.8230872e-01  -4.6499599e-01
   2.0000000e+00   4.7242179e-01  -1.3897033e-01  -6.3858761e-01  -6.0563351e-01  -3.6332041e-01   5.1585880e-02
   2.0000000e+00  -1.2603971e+00   3.3393026e-03  -1.3508258e+00  -3.1524477e-01  -6.6715859e-01   7.0326917e-01
   2.0000000e+00  -1.9449753e+00  -5.8942600e-01  -6.6155319e-01  -2.1765044e+00  -1.8973489e-02   1.9503376e+00
   2.0000000e+00  -1.0239854e+00  -9.4434798e-01   1.6544623e+00   9.0068755e-01  -8.7451920e-01   1.0255144e-01
   2.0000000e+00  -2.6859016e-01   8.7082852e-01  -4.4815065e-01  -1.4330138e+00   3.2721751e-01   1.6058012e-01
   2.0000000e+00  -8.2669509e-01  -3.8642546e-01   2.8338069e+00  -1.8499351e+00  -5.3499665e-01  -1.1743433e+00
   2.0000000e+00  -3.4292744e-02   2.0441299e-01  -3.4712323e-01   2.0518817e-01  -7.6738952e-01   4.0196887e-01
   2.0000000e+00   4.2326687e-02   1.3463942e-01  -8.0559845e-01   1.4306708e+00  -2.2124084e+00  -4.6158698e-01
   2.0000000e+00   9.6043505e-01  -7.3589465e-01   9.8916069e-01   5.6772339e-01  -9.8319433e-02  -5.8858830e-02
   2.0000000e+00   4.5984426e-01   4.3647863e-01   1.3177499e+00  -2.4141852e-01   1.1584292e+00  -1.3491517e-01
   2.0000000e+00  -4.6159245e-01   2.1929417e+00  -6.2866070e-01   1.5394427e+00  -5.4128884e-01  -7.8150411e-01
   2.0000000e+00  -5.8510758e-01  -2.1944186e+00  -1.9149736e-01   1.6934150e+00   1.5065039e+00   3.6824165e-01
   2.0000000e+00  -8.2053188e-02   5.5759848e-01  -4.6260975e-02  -5.9247494e-01  -2.0166356e+00  -6.0316984e-01
   2.0000000e+00   1.3089073e+00  -2.2262151e-01   1.0904703e+00  -1.7101026e+00   1.2112482e+00  -1.8282913e+00
   2.0000000e+00  -2.3462526e+00  -5.1741249e-01   2.2694890e-01  -1.9005686e+00  -2.3033358e+00   3.2003422e-01
   2.0000000e+00  -7.2111161e-01   1.5002779e+00  -1.7113001e+00  -1.0184675e+00   3.4808798e-01   2.5501860e+00
   2.0000000e+00  -2.8982658e-01  -1.1837642e+00  -1.3458796e+00  -9.2400693e-01  -2.2485671e-01  -1.0912214e+00
   2.0000000e+00  -1.0903435e-01   4.6160210e-01   1.5472724e+00  -7.0103761e-01  -2.8257578e-01   3.9953171e-01
   2.0000000e+00   4.5160233e-01  -1.3640105e-01  -5.8988251e-02  -6.2392473e-01  -4.2289098e-01  -1.3903802e+00
   2.0000000e+00   1.6990608e+00  -5.9893095e-01  -2.6777906e-01   1.0025847e+00  -2.0451740e+00   7.9492595e-01
   2.0000000e+00  -1.5217983e-01  -1.1014803e+00   1.6332474e+00  -2.0150027e+00  -1.5450195e-01   9.4701871e-01
   2.0000000e+00   8.8754466e-01  -1.9572111e+00  -5.4671646e-01  -4.9598990e-01   9.8029406e-01   9.6803380e-01
   2.0000000e+00   6.5057046e-01  -1.0847659e+00  -3.0318951e+00  -4.1263916e-01   8.0845982e-01   4.0822390e-01
   1.0000000e+00   5.1566299e-01  -3.0861068e-01   7.0848264e-01   1.2837997e+00   7.1411190e-01   4.3588242e-01
   2.0000000e+00   1.0879970e+00  -1.7534562e+00   1.1791631e+00   4.6918911e-01  -4.3264037e-01   9.8967677e-01
   2.0000000e+00   3.0256214e-02   2.0041545e-01   1.2316893e+00   4.3104910e-01   1.0064995e-01  -1.9541773e+00
   2.0000000e+00  -8.0685934e-01   1.9591434e+00  -3.0834648e-01  -8.9368156e-01   9.0375257e-01  -5.5239332e-01
   2.0000000e+00  -6.0622234e-01   1.0361233e+00  -1.8319801e-02   1.1484325e+00  -8.4401787e-01   5.0444104e-01
   2.0000000e+00   1.1422764e+00  -1.3497021e+00   2.8307176e-02   1.4298092e+00  -1.2642041e-01  -8.3705576e-02
   2.0000000e+00   2.6997894e-01   4.8349055e-01  -5.1268622e-01  -5.7676667e-01  -3.4712357e-01  -2.7589958e-01
   2.0000000e+00  -4.8242772e-01   1.8945403e+00   3.4737039e-01   1.3446340e+00   3.5458893e-02  -1.1357160e+00
   2.0000000e+00  -2.0003071e+00   1.1753640e+00   2.5628188e+00  -1.0521775e+00  -9.3940692e-01   2.9322943e-01
   2.0000000e+00   1.0960344e+00   7.4246471e-01   7.7974118e-01   6.2758375e-01  -8.5171924e-01  -1.4093988e+00
   2.0000000e+00   1.5232571e+00   4.0754093e-01   1.0249099e+00  -1.6497350e-01  -7.0787734e-01   2.9385548e-01
   2.0000000e+00  -1.2382950e+00  -2.1836530e+00   1.1278353e+00   9.1083247e-02   8.1598063e-01  -2.7940365e-01
   2.0000000e+00  -1.5106617e-01   6.0324005e-01  -1.4197385e-02  -1.5044623e+00  -2.6355393e-01  -6.1923588e-02
   2.0000000e+00  -1.4193486e-01  -7.3063756e-02  -1.1629992e+00  -4.4981979e-01  -1.8653318e-01   1.3252722e+00
   2.0000000e+00  -6.6461664e-01   3.0006145e-01  -1.3695821e-01  -1.7169302e+00   6.6596430e-01  -2.7066514e+00
   1.0000000e+00   1.0743792e+00  -7.8063961e-01   5.1949504e-02  -1.9282171e-01  -3.3051930e-01  -1.1468893e+00
   2.0000000e+00   2.9084776e-01  -3.4977965e-01  -1.6907230e-01   8.3090284e-01   1.8116882e-01   1.0022146e+00
   2.0000000e+00  -4.3104795e-01  -1.3233372e+00  -1.0009361e+00  -5.8132711e-01   7.1675275e-01  -7.9731608e-01
   1.0000000e+00   3.5488452e-01  -6.9279946e-01   2.2422586e-01   6.0720628e-01   1.7020807e+00   5.7541353e-01
   1.0000000e+00  -9.8931781e-01   9.1675275e-01   2.1102753e-02  -3.4081265e-01  -5.4168819e-01  -1.9419885e-01
   2.0000000e+00  -7.2465134e-02  -8.4197889e-01   9.6104807e-01  -4.0142108e-01  -1.5371202e+00  -2.4669467e-02
   2.0000000e+00  -7.4727767e-01   4.5715688e-01  -1.6849121e-01   1.9452034e+00   5.2370731e-01   9.1727999e-01
   2.0000000e+00   8.3646650e-01   2.5436200e+00  -9.4429401e-01  -1.0073544e+00  -9.7327723e-01  -8.0801168e-01
   2.0000000e+00   6.3392561e-02  -1.0712892e-01  -7.5693124e-01   3.0373181e-01  -2.7490591e-01   1.0059850e-01
   2.0000000e+00   1.9870721e-01   1.1500727e+00   5.2206216e-02   1.0750598e+00  -1.0876531e+00   1.2900168e+00
   2.0000000e+00   1.1537273e-01   1.2408294e+00   9.0851493e-01   1.3333272e+00   4.3890426e-01   6.6543802e-01
   2.0000000e+00   5.7470940e-01   9.7436205e-01  -4.3857949e-01  -9.4175698e-01   3.4943270e-01   1.3368571e+00
   1.0000000e+00   9.8017431e-01  -9.0859975e-02   4.9040882e-01  -2.0884626e+00  -1.5455176e-01  -9.1101759e-01
   2.0000000e+00  -2.3979261e-01   1.0585784e+00   7.4804831e-02   5.0663879e-01  -2.2730926e+00  -1.0030520e+00
   1.0000000e+00  -7.7633304e-01   4.4849945e-01   5.5796717e-01  -8.5766847e-01   2.2891537e-01  -4.5398459e-02
   1.0000000e+00   1.8587744e+00  -6.6189734e-01   2.1461415e-01   5.3096056e-01   1.2715036e+00  -9.1855690e-01
   2.0000000e+00   4.5424911e-02   1.7102631e-01  -1.3772559e+00   2.5805475e+00   9.6626547e-01   2.8487152e-01
   1.0000000e+00   3.7227736e-01  -5.2282736e-01   6.5455223e-01   5.5471390e-01  -3.1620324e-02  -4.1784619e-02
   1.0000000e+00  -1.3281956e+00   6.7528855e-01   3.8100498e-01  -7.7504059e-01  -9.5730439e-01   1.5602912e+00
   2.0000000e+00  -2.0267649e-01  -3.6221293e-01   2.2263717e+00   1.4102587e+00  -9.1017237e-01   1.2154009e+00
   1.0000000e+00   8.9600611e-01   3.0906246e-01   7.6863766e-01  -6.5748977e-01   1.4777006e+00  -8.4250820e-01
   2.0000000e+00  -3.2233205e-01  -1.5640850e+00  -9.2055414e-01   5.1165206e-01  -1.0040377e+00  -2.6943442e-01
   2.0000000e+00  -1.0480258e+00   3.7166367e-01  -8.4423851e-02   4.5725256e-01  -5.2792835e-01  -1.9303379e-02
   2.0000000e+00  -2.4989578e-01   6.2307921e-01  -2.5314308e-01   9.6216508e-01   8.0792690e-01   1.3579606e+00
   2.0000000e+00  -9.8295202e-01   1.3432811e+00   3.8875789e-01   1.1893117e+00  -2.1934999e+00   9.7021806e-01
   2.0000000e+00   1.2060014e+00  -7.9512256e-01   6.2899572e-01  -1.6644122e-01   1.2031374e-01   8.3014394e-02
   2.0000000e+00  -2.0061922e+00  -1.3056304e+00  -2.7752094e+00  -1.6523125e+00  -6.4330453e-01  -4.7010566e-01
   2.0000000e+00   3.7946310e-02   1.1200997e+00   4.8714967e-01  -1.2398909e+00  -3.5179315e-03   7.4751352e-01
   1.0000000e+00   2.2534633e-02  -3.8042563e-01   1.4422237e-01  -8.1361382e-01  -5.4439654e-01  -1.2774715e+00
   2.0000000e+00  -1.3704148e+00  -7.7382606e-01  -1.0360670e+00   7.5631827e-01   1.8465800e-02  -7.9432953e-01
   2.0000000e+00  -1.8717031e+00  -1.8223481e+00  -1.9155636e-01  -1.0070131e+00   7.9895145e-01   1.2128154e+00
   2.0000000e+00   7.6602026e-01   4.9846457e-01  -1.4475121e+00  -1.1534641e+00  -8.5710115e-01  -1.5102687e+00
   2.0000000e+00  -1.9763726e+00  -1.6167694e-01   3.4754124e-01   5.6307291e-01   2.3881233e+00  -8.4831103e-01
   2.0000000e+00   7.6681780e-01   1.8293205e-01  -1.0308535e+00   5.5179630e-02   7.1463990e-01   6.3603136e-01
   1.0000000e+00   1.0124745e-01  -2.2615557e-01   3.8208809e-01  -7.7589577e-01   8.6590416e-02  -1.7531693e-01
   2.0000000e+00   2.1351553e+00   7.5466322e-01  -1.8639283e+00  -2.4222429e+00  -3.3473808e-01   1.8042862e-01
   2.0000000e+00  -1.0309758e+00   1.4383051e+00  -1.2620414e+00  -2.9884594e-01   1.2524818e+00   7.0082954e-01
   2.0000000e+00  -8.3736801e-01   3.2072309e-01  -7.1350266e-01   3.0623308e-01   1.3148566e+00  -1.1255854e+00
   2.0000000e+00  -5.7926441e-01   1.6064934e-01  -8.4695037e-01  -7.4201278e-01   1.1197212e+00  -6.7429834e-01
   1.0000000e+00   1.6153231e-01   4.8577020e-01   1.5804843e-01  -3.8558599e-01  -8.0678320e-01  -2.0840891e+00
   2.0000000e+00   1.9474768e+00   2.3911277e-01  -2.6708041e+00   7.7899050e-01  -2.7038623e-01   6.4150479e-01
   2.0000000e+00  -4.7913109e-01  -3.3802611e-01  -4.7008100e-01  -9.8091304e-01   1.2888567e+00  -1.7134393e-01
   2.0000000e+00  -7.0242939e-01   1.0888794e-01  -2.1664568e+00  -1.0259451e+00  -1.2425371e-01   6.8962079e-02
   2.0000000e+00  -1.5129241e+00   3.0094892e+00   7.8710078e-01  -4.5111576e-01  -5.4153525e-01   1.8702271e+00
   2.0000000e+00  -1.1760075e+00  -3.0689365e+00   4.8995792e-01   8.9349252e-01   3.7809500e-01  -2.1026908e-01
   2.0000000e+00   2.1500169e+00  -5.1262338e-01   2.0522741e+00   1.1436011e+00  -2.7487329e-02  -8.3941800e-01
   2.0000000e+00  -7.0780547e-01  -3.9425763e-01  -1.1835536e+00   8.0658864e-01  -1.4738101e+00   1.3202559e-01
   2.0000000e+00   8.3240794e-01   5.4660197e-01  -4.6145488e-01   1.0398974e+00  -2.3046083e-01   1.6344177e+00
   2.0000000e+00  -9.7325627e-01  -2.4843770e-01  -4.2338110e-01   3.5012180e-01   1.1194327e+00   1.5823169e+00
   2.0000000e+00   4.3486651e-01   1.5672955e+00   1.9951670e+00   1.7791486e+00  -3.3361954e-01   1.3928003e+00
   2.0000000e+00   2.4202472e+00   3.0753203e-01   1.2204516e+00   2.2146689e-01  -9.7099709e-01   4.3520688e-01
   1.0000000e+00  -2.6315261e-01   2.2478178e-01   7.9060339e-01  -1.5303207e-01   3.3289959e-01   9.1467953e-01
   1.0000000e+00  -8.3862015e-01  -2.0326456e-01   6.9382629e-01  -7.9389765e-01   5.0864276e-01   5.0881890e-01
   1.0000000e+00   5.3971894e-01   8.2874352e-01   5.5294519e-01   6.2727788e-01  -8.8868508e-01  -5.3168014e-01
   2.0000000e+00  -1.8067057e+00   5.2237574e-01   9.9298837e-01  -5.4129282e-01   1.2354558e+00   5.4558567e-01
   1.0000000e+00   1.0568276e+00  -6.7912669e-02   9.5890316e-01  -2.2964698e-01  -4.8648007e-02   1.3512840e+00
   2.0000000e+00   7.0220767e-01   9.8891527e-01   1.0892949e+00   1.9443932e-01   1.5301319e+00   6.5108309e-01
   2.0000000e+00  -5.5605070e-01  -1.2920363e+00   2.2541454e+00  -4.4689372e-01  -5.5857873e-01   4.3230746e-01
   2.0000000e+00  -2.8283695e-01   1.7004534e+00   6.8016915e-01   7.4865181e-01   1.1170556e+00   4.8320979e-01
   2.0000000e+00   8.5275456e-01  -1.2442874e+00   1.6403037e+00   7.0621706e-01  -5.3285536e-01  -2.2174367e+00
   2.0000000e+00   7.6469535e-01   9.8541608e-01   6.3835885e-01   2.3852992e+00  -1.0012345e+00  -3.0572580e+00
   2.0000000e+00  -2.2043311e+00  -2.1853630e-01  -7.1670247e-01   3.9555269e-01  -3.5986659e+00  -1.0973803e-01
   2.0000000e+00   1.2672588e+00   3.4528089e-01  -1.1949351e+00   1.8980426e+00  -2.0110769e-01   1.7200858e+00
   2.0000000e+00   1.0275027e+00   5.8931877e-01   2.9174181e+00   2.5123170e+00   7.5781571e-01  -8.5623028e-01
   2.0000000e+00   2.0532081e+00   5.7352513e-01  -6.4607989e-01   1.2632366e+00   9.3947930e-02  -1.6024332e+00
   2.0000000e+00  -1.4922286e+00   4.4000121e-01   1.2298734e+00   8.5359915e-01  -1.1035712e+00   4.9046683e-01
   2.0000000e+00  -7.0261333e-01   1.9140516e+00   6.0254361e-01  -1.3443933e+00  -8.0112420e-01  -3.5455541e-01
   2.0000000e+00  -1.0387229e+00  -1.3584892e+00  -1.4394008e+00  -2.9865151e-01   9.8695229e-01  -2.7306875e-01
   1.0000000e+00  -6.0668379e-01   8.6386888e-01   3.9770594e-01   1.0714287e-01  -5.4179306e-01  -1.6799822e-01
   2.0000000e+00  -1.4115288e-01  -9.6314176e-01  -1.3837461e+00  -8.7268753e-01  -1.3424551e+00   9.5371359e-01
   2.0000000e+00  -5.0307399e-01  -2.4418587e-01   1.1495152e+00   1.4841229e+00  -1.2021172e+00  -4.4511177e-01
   2.0000000e+00  -4.7087061e-01   1.0728865e+00  -2.8609433e-01   3.2416484e-01   6.6978063e-01   1.1473384e-01
   2.0000000e+00   8.9759937e-01   5.9366830e-01  -5.1439389e-02   5.6997017e-01   7.2361725e-01  -1.7549053e+00
   2.0000000e+00  -8.2963283e-01   5.5934841e-01   1.9090353e+00   1.1760982e+00   1.7208703e+00   6.0488308e-01
   1.0000000e+00   1.1065972e-01  -3.8557155e-02   1.9246711e-01  -2.5430264e-01  -9.1928225e-01   3.8051480e-01
   2.0000000e+00  -1.8124997e+00  -6.7737681e-01  -2.0710031e-01  -1.6284864e-01   4.3865873e-01   7.8038978e-01
   2.0000000e+00  -6.9270561e-01  -3.6048107e-01  -1.4445199e+00   1.2810560e+00  -1.5219697e+00  -1.5820611e-01
   2.0000000e+00  -2.4516054e-01   3.0649499e-01  -1.0372473e+00  -4.6345361e-01   8.3901546e-01  -1.2658736e-01
   2.0000000e+00   7.9726753e-01   1.0035073e-01  -1.7613299e+00   1.8904125e+00  -1.1260706e+00   7.7181050e-03
   2.0000000e+00   1.0187083e-01   1.2450694e+00  -4.6618936e-01  -1.0989451e-01  -8.7924395e-01  -1.4567966e+00
   2.0000000e+00  -1.8645650e-01  -2.2506596e-01  -6.8946847e-01   1.1806409e-01   3.1185279e-01   1.0390342e+00
   2.0000000e+00  -1.3898715e+00   5.9701989e-01  -1.1778741e+00  -7.3249827e-01  -6.7254538e-02   5.0497321e-01
   1.0000000e+00   1.2570636e+00   1.4431815e-01   7.3058830e-01  -7.3526784e-01  -1.5626707e+00   1.4177753e-01
   2.0000000e+00  -4.8341319e-01  -9.1862768e-01  -1.3892814e+00  -4.6184402e-01   7.2669403e-01   2.0557089e+00
   1.0000000e+00   2.2800284e+00  -6.6575529e-02   8.4876462e-01   8.2155805e-01   6.4303860e-01  -3.7984525e-01
   2.0000000e+00   8.1457955e-02   1.1038983e+00   5.8265328e-01  -3.1604564e-01   1.3775044e-01  -9.8429676e-01
   2.0000000e+00  -3.6134051e-01   9.3093487e-01  -3.7279548e-02  -6.0775687e-01  -1.2513180e+00   1.0360801e+00
   2.0000000e+00  -1.5670207e-01   9.9602835e-02  -1.9654027e+00   4.0795157e-01   1.3901545e+00   1.8565714e+00
   2.0000000e+00   1.4922568e+00   1.4145587e-01   1.5618751e+00  -4.0843581e-01  -9.4661132e-01   1.4287760e+00
   2.0000000e+00  -1.6143647e+00   5.7799367e-01  -5.7397385e-01   2.8749619e-03  -1.8375979e+00  -6.4274535e-01
   1.0000000e+00   1.9447440e+00  -4.0449713e-01   1.5696924e-02   1.5635706e+00   3.4003186e-01   5.3945153e-01
   2.0000000e+00   2.4453488e-02  -1.0573259e-01  -3.7052808e-01  -2.2931186e-01   1.0345945e+00   1.4378878e+00
   2.0000000e+00   2.4908626e-01  -5.9861300e-02  -1.3741913e-01   2.0408606e+00  -1.8066423e-01  -5.5167038e-01
   2.0000000e+00   6.6389653e-01  -1.1159580e+00  -4.7811326e-01   1.3653305e+00  -9.1118778e-01   1.7806371e+00
   1.0000000e+00   8.4236948e-01  -2.2571691e-01   3.1501160e-01  -1.0060113e-01   1.4328866e+00   6.3434054e-01
   2.0000000e+00   8.0745128e-01  -1.0074730e+00   5.3022063e-01   4.3512280e-01   3.8627090e-01  -1.0771783e+00
   2.0000000e+00  -1.1053514e+00  -1.2873702e+00   4.8292564e-01  -6.9362688e-01  -6.0517250e-01  -1.5337348e+00
   2.0000000e+00  -2.2014215e+00  -2.0534395e+00  -7.2905914e-01  -1.8578098e-01   1.0604127e+00  -2.7826070e+00
   2.0000000e+00  -1.4030492e-01  -3.2625342e-01   1.7025054e+00   6.0376534e-01   6.9986102e-02   1.1620817e+00
   2.0000000e+00   1.5997468e+00  -1.2164228e+00  -8.0311075e-02   1.1021705e+00  -2.6199711e-01   6.7679198e-01
   1.0000000e+00  -6.2919365e-01   1.3720641e-01   2.9715266e-02  -3.0643795e-01   9.6324488e-01  -3.0186183e-01
   2.0000000e+00   1.2964226e+00  -4.0291492e-01  -4.9474215e-01  -1.9586988e+00   6.0141254e-01   3.4167660e-01
   2.0000000e+00  -1.3112543e+00   5.9335759e-01   8.7216092e-01  -2.7086979e-01  -1.1221204e+00  -1.5800357e+00
   2.0000000e+00   8.3211970e-02   1.2142313e-01   1.0962120e+00  -8.5209239e-01  -3.8589326e-01   5.5114240e-02
   2.0000000e+00  -5.0126721e-01   8.1376181e-01   1.3036431e+00  -9.7530265e-02   5.9701812e-01   1.2575974e-03
   1.0000000e+00  -2.0044820e-02  -7.8335409e-01   4.8146105e-01   1.5552601e+00  -1.8629278e+00  -1.1831326e+00
   2.0000000e+00   7.4462389e-01   9.6675315e-01  -9.9037627e-01   4.4530342e-02  -1.6834855e+00   1.2824965e+00
   2.0000000e+00  -4.9317956e-01   9.1506907e-01   6.4166450e-01   1.1425265e+00  -9.1081810e-01   1.1163697e+00
   2.0000000e+00  -7.5192649e-01   1.0638780e+00   1.7892576e+00   5.4013929e-01   4.4848036e-01  -4.2346211e-01
   1.0000000e+00   8.7854847e-02   1.1184130e-01   1.4241894e-01   9.0350760e-01  -9.5228482e-01   1.2474658e+00
   2.0000000e+00   2.9104038e-02   1.7525226e+00   1.7506964e+00  -1.1408820e+00   1.0534785e+00  -1.5049478e+00
   2.0000000e+00  -1.3825035e-01   7.5950588e-01  -1.3746964e+00   2.4010313e-01   1.2531322e+00  -8.6109611e-01
   1.0000000e+00  -1.1085909e+00   3.7326695e-01   7.8746109e-01   2.4880242e+00  -9.4682466e-01   2.2138903e+00
   1.0000000e+00  -3.4210404e-01  -5.6185348e-01   4.7793164e-01  -8.0444580e-02  -8.6028534e-01  -6.6525040e-01
   2.0000000e+00   8.7678820e-02   1.9639232e+00  -2.7495737e-01   1.0745957e+00  -2.0583587e+00   2.1039356e+00
   2.0000000e+00   4.0262804e-01  -3.5045178e-01  -6.9631968e-01  -1.1224451e+00   3.8521257e-01  -9.0572209e-01
   2.0000000e+00  -2.3275830e+00   9.3179276e-01   3.7780313e-01   2.6502320e+00   2.1023487e+00   2.9611429e-01
   2.0000000e+00   6.2881546e-01  -1.1193791e+00  -1.4695313e+00  -3.8077091e-01   4.2814648e-01  -2.4421558e-02
   2.0000000e+00  -5.7713031e-02   4.4074495e-01   2.2122497e+00  -3.8813122e-01   1.5147046e+00  -1.4227329e+00
   2.0000000e+00   2.6325297e+00   3.0421736e+00  -3.0483636e-01  -8.1822495e-01  -4.5765618e-01   2.2808510e-02
   2.0000000e+00   8.8622477e-02   6.5851413e-01  -3.0085442e-02  -8.0675813e-01   3.0891459e-01  -2.3236844e-01
   1.0000000e+00   1.4173829e-02   6.2275285e-01   5.7703628e-01   3.8735232e-02  -6.2641971e-01   1.2286394e+00
   2.0000000e+00  -8.6170717e-01   1.6493383e+00   1.0132499e+00   4.8998243e-01   1.9480824e+00  -4.0076269e-01
   2.0000000e+00   1.3535008e+00  -1.0415655e-01   1.4325893e+00   1.1504172e-01  -2.2754953e-02   1.1950285e+00
   1.0000000e+00   1.0644061e+00  -1.6564276e-01   1.2278350e-01   4.6521338e-01  -5.9459887e-01   7.5418738e-01
   2.0000000e+00  -7.7487352e-01  -4.3199452e-02   1.0655912e+00  -7.0587022e-01  -1.1063070e+00   1.6694897e+00
   2.0000000e+00  -3.1190816e-01  -1.3909964e+00   1.1601764e+00   3.2970876e-01  -1.6487491e+00   9.4972619e-02
   2.0000000e+00   3.8776851e-02   1.5331710e+00   3.5751518e-01  -4.9734612e-01  -4.3353117e-02  -1.6627079e+00
   2.0000000e+00   6.0287254e-01   6.0795523e-01   1.1324879e+00   1.3306032e+00  -2.8265486e+00  -1.5329646e+00
   2.0000000e+00   4.0258470e-01  -1.6486798e+00  -6.4066357e-01   1.8430450e+00  -9.3515168e-01   1.0066920e+00
   1.0000000e+00  -5.2951536e-02   4.4501819e-01   4.0133960e-01   6.0443381e-01  -1.4613887e+00   4.2910992e-01
   2.0000000e+00  -5.3150537e-01   4.8958470e-01   9.1801813e-01   2.7987325e+00   6.0406003e-01   8.2578685e-02
   2.0000000e+00   5.7341379e-01   1.9746319e-01  -1.5883901e-01  -4.9563272e-01  -9.5553944e-01  -3.1827563e-01
   2.0000000e+00  -6.0072422e-01   1.0540213e+00   1.2148226e+00   1.0307876e+00   4.9602901e-01   3.2185280e-01
