   2.0000000e+00   4.7280927e-01   6.2411926e-01  -6.8894543e-01  -3.7471102e-01  -9.5244908e-01   1.2890083e-01
   1.0000000e+00  -1.6546052e+00   3.6366773e-01   1.3239916e-01  -4.9429180e-01  -8.5181174e-01   2.1661216e-01
   2.0000000e+00  -6.9193291e-02  -1.1138348e+00   9.2381394e-01   4.6548943e-01  -1.8959562e+00  -8.1899804e-01
   2.0000000e+00   1.2634774e+00  -8.5212690e-01   1.2619316e+00  -3.1083530e-01  -1.9476925e+00   4.9676685e-01
   2.0000000e+00   2.6343272e+00  -4.9221551e-01  -7.7663736e-01  -7.1299395e-01   5.8284232e-01   6.2163092e-01
   2.0000000e+00  -7.4651934e-01   5.0933768e-01  -4.3253511e-01   8.5518045e-01   4.6604683e-01   1.0733386e+00
   2.0000000e+00   1.0084869e+00  -5.7953179e-01  -1.7779529e-01  -1.8482991e+00  -4.2852370e-01   8.5966928e-01
   2.0000000e+00  -1.3628470e+00  -7.7197984e-01  -5.0338128e-01  -5.0287039e-01   9.8502479e-02  -1.3823527e+00
   1.0000000e+00  -1.3577557e+00  -3.7804917e-01   6.9241803e-02  -2.9371097e-01  -6.3439350e-01   4.3310054e-01
   2.0000000e+00  -7.4398327e-01  -7.3558552e-02  -1.2571070e+00   4.0636266e-01  -2.7480989e-01   2.0726189e-01
   2.0000000e+00  -1.1188385e+00  -2.5885773e-01  -1.6789330e-01  -9.3905461e-02  -1.4795639e+00   1.0941723e+00
   2.0000000e+00   5.0562757e-01  -2.0366936e-01  -1.4545587e+00   2.0021886e+00   4.1584779e-02   3.0568491e-01
   2.0000000e+00  -4.6064949e-01   2.2762876e-01  -1.7669437e-01   3.5322384e-01   7.3402846e-01   5.9874833e-01
   2.0000000e+00  -1.7245966e+00  -4.0893675e-01   5.2970400e-01  -9.3650137e-01   1.7132284e+00  -1.4168810e+00
   2.0000000e+00   1.0983110e+00  -1.0637981e+00   1.0295849e+00   2.3486291e-01   2.5731932e-01   4.0703230e-01
   2.0000000e+00  -7.0840421e-01   1.6698625e+00  -4.1794111e-01  -1.5883852e+00   2.3485617e+00  -3.2430134e-01
   1.0000000e+00  -1.8145178e+00  -1.5969396e+00   4.9015398e-01  -2.5050609e-01   8.4682935e-01  -7.5610107e-01
   1.0000000e+00   1.4666306e+00  -9.2443392e-01   7.0357418e-01   4.7313117e-01   1.1638868e-01  -3.5843081e-01
   1.0000000e+00  -2.9317204e-01   5.4019211e-01   2.7176154e-01  -3.2455536e-01   6.2351691e-01   1.1441857e+00
   1.0000000e+00   8.7534241e-01   1.7768439e+00   5.1875541e-02  -3.9932632e-01  -1.5992349e+00   7.8679092e-03
   2.0000000e+00   6.7582671e-01   1.1729517e+00  -1.1616587e+00   1.3543422e+00  -1.6781033e+00   3.4307962e-01
   2.0000000e+00  -1.7390897e-02  -1.2352789e+00   1.3058049e+00   2.4732059e-02   3.2360522e-01  -4.6368478e-02
   2.0000000e+00   7.5702591e-01   1.2676157e+00  -3.9026176e-01  -2.9284369e-01   1.6810451e+00  -1.2865601e+00
   2.0000000e+00  -3.9880319e-01  -4.8047213e-01   1.9825278e+00  -1.7174462e+00  -4.9552708e-01  -9.8611735e-02
   2.0000000e+00  -3.5013800e-01  -7.2698204e-01  -7.5816479e-01  -1.6349409e+00  -2.7431635e-01  -3.7421906e-01
   2.0000000e+00   6.8740508e-01   1.0984148e+00   8.5839856e-01  -5.7618416e-01  -2.9877954e-01   4.2522524e-01
   2.0000000e+00  -6.5882658e-01   3.9940827e-01  -7.6855100e-01   6.2429746e-01  -1.0527779e-01   8.5054945e-01
   2.0000000e+00  -6.1351436e-01   1.0165761e+00   5.6977969e-01  -1.0552570e+00  -4.2064720e-01  -1.9823489e+00
   2.0000000e+00   8.7657056e-01  -4.7940004e-01   1.1434791e+00   1.2216681e+00  -1.4275747e-01   1.6004602e-01
   2.0000000e+00   4.4017229e-01  -2.6273126e-01   1.1249414e+00   9.0418431e-01   9.7419561e-01   2.7950816e-01
   1.0000000e+00  -1.4088739e+00  -6.0034001e-01   4.8773623e-01   7.2496310e-01  -1.3192462e+00  -9.5744905e-01
   2.0000000e+00  -1.6512493e+00  -3.8612602e-01  -1.6784084e+00  -5.4383126e-01  -1.3288229e+00  -5.0117536e-01
   2.0000000e+00  -5.1118929e-01   4.2344377e-01  -1.3743372e+00   6.0646113e-01  -9.2887977e-02   2.2484514e-01
   2.0000000e+00   2.3491622e-01   2.3641638e-01  -3.2050707e-01  -7.8646596e-01   1.1547370e-01  -2.1519465e+00
   2.0000000e+00  -6.1385082e-01  -4.5201028e-01   9.8138678e-01  -3.6086115e-01  -1.1777893e+00  -4.9389042e-02
   1.0000000e+00   1.4581666e-01   5.8805581e-01   3.8114895e-01   5.6361184e-01  -1.1807242e+00   1.2178706e+00
   2.0000000e+00  -7.1996055e-01   1.1686770e+00   6.7064382e-01   1.3397590e+00  -8.5821664e-01  -5.3789818e-02
   2.0000000e+00   3.0436460e-01  -3.6148134e-01   2.5963765e-01   2.4735340e-01  -3.4506238e+00   1.9876257e+00
   2.0000000e+00   4.4832693e-01   1.6310330e-01  -5.7794605e-01   1.5812324e-01   1.0269704e+00   1.5514338e-01
   2.0000000e+00  -8.3967462e-01  -2.5999956e-01  -2.7310825e-01   1.8376000e-01  -7.1549772e-02   5.7023406e-01
   2.0000000e+00  -5.0947512e-01   1.1758979e+00  -1.1257231e+00  -7.8998711e-01   6.6540625e-01   9.9102911e-01
   2.0000000e+00   9.6570037e-01  -2.2367815e+00  -1.5446408e-01   2.3163858e+00   1.0931990e+00   1.3313268e-01
   2.0000000e+00   1.5049120e+00  -1.2252702e+00  -1.4476893e+00   1.6848048e+00   2.0512593e+00  -4.9884395e-01
   2.0000000e+00  -2.4354315e-01   6.3630606e-01   6.6270138e-01   2.8219335e+00  -1.4358065e-01   5.4609337e-01
   1.0000000e+00   1.1221623e+00  -1.0336599e-02   4.6257578e-01   4.2305846e-01  -5.5306140e-01   2.4691685e-01
   2.0000000e+00   1.4947586e-01  -1.6437800e-01  -7.4355509e-01  -4.7060288e-01   1.5474774e+00   6.2340350e-01
   2.0000000e+00   1.1715911e-01   1.4958142e-01  -1.1684303e+00  -1.8434868e-01   1.2455428e-02   1.0914037e+00
   1.0000000e+00   2.0078341e+00   1.3505264e+00   6.4353690e-01   4.8771311e-01   8.6331986e-01  -3.5112421e-01
   2.0000000e+00  -8.8217128e-01  -1.8946388e-01  -1.7519914e+00   8.7842653e-01   1.2070373e+00   1.2088169e+00
   1.0000000e+00  -6.6074920e-01  -1.5807490e-01   3.7355773e-01  -8.3851143e-01   1.4252011e+00  -7.4028533e-01
   2.0000000e+00  -1.2600697e-01   3.2576340e-01   1.1806926e+00  -1.3849796e-01   1.1119545e+00  -6.6600367e-01
   2.0000000e+00   5.6320266e-03   3.7537527e-01  -1.5203954e+00  -8.3017569e-01  -4.8349114e-01   8.3521762e-01
   2.0000000e+00  -2.5382750e+00   1.1901034e+00   9.4451260e-01   9.4789261e-01   1.0201726e-01   2.1886019e-01
   1.0000000e+00  -7.7501196e-01   1.6152927e+00   1.9148551e-01  -3.2316460e-01  -4.8468343e-01   4.0361024e-02
   2.0000000e+00   3.3847311e-01  -1.3834979e+00   6.4095422e-04   1.8266643e+00  -1.9449444e+00  -2.5356673e+00
   2.0000000e+00   2.3498769e-01  -7.6561115e-01  -5.3236224e-02  -4.2554584e-01  -7.7073685e-01  -7.6619161e-01
   2.0000000e+00  -2.9510305e+00  -1.4700801e+00  -3.5491137e-01   6.9986050e-01   7.4589147e-01  -8.4875816e-01
   2.0000000e+00  -4.1061983e-01  -2.8462846e-02  -2.5550709e-01  -2.5465518e+00   1.1641756e+00  -9.7387459e-01
   2.0000000e+00   1.8086456e+00  -8.6155909e-01  -2.1051165e+00  -1.0313559e+00   4.4900808e-01  -2.5599942e-01
   2.0000000e+00  -1.1623352e+00  -1.7313888e-01   9.7937076e-01  -5.0342988e-01   9.8645039e-02  -1.0992290e+00
   2.0000000e+00  -7.6724423e-01   4.1806637e-01  -1.4514073e-01  -3.2349174e-01  -2.9701231e-01  -3.1080917e-01
   2.0000000e+00  -8.5960037e-02   1.7306600e-01  -1.0060095e-01   3.8196392e-02   2.7293630e-01   8.5495824e-01
   2.0000000e+00  -5.8377843e-01  -7.6788596e-01  -1.0212030e+00  -9.4034098e-01   1.3661824e+00  -5.4697249e-02
   1.0000000e+00  -1.2099588e+00   4.4591677e-01   7.4602536e-01   7.5136034e-02  -2.0674771e-01  -2.7794514e-01
   2.0000000e+00   7.5102714e-02   1.6583246e+00   1.7694059e+00   9.7822863e-01  -1.2890710e-01  -8.0549424e-01
   2.0000000e+00  -5.7014634e-01   4.6362112e-01  -2.9163635e-01   9.6169715e-01  -1.2541398e+00  -9.4762925e-01
   2.0000000e+00   8.8168472e-01  -2.7410475e-01  -5.3790136e-02   1.7446534e-01   7.0631656e-01  -6.3938079e-01
   2.0000000e+00  -2.0350611e+00  -9.8091808e-01   1.1882663e-03   1.2988790e+00  -1.1857920e+00   7.0969413e-01
   2.0000000e+00   7.5764066e-01   6.7658805e-01  -1.1196853e+00  -2.4072050e+00  -4.5142641e-01  -6.1419018e-01
   2.0000000e+00  -1.2912163e+00  -2.7695455e+00  -5.5992626e-01  -6.8777877e-01  -6.2719185e-01   1.1169801e+00
   2.0000000e+00   1.0050185e+00   6.9195390e-01   4.2293812e-02   1.1118127e+00  -1.4352731e-01  -2.2758345e+00
   2.0000000e+00   1.1304423e-01  -6.8663009e-02  -1.4134463e+00  -4.2904157e-01  -5.4718438e-01   1.7569700e-01
   2.0000000e+00  -4.2808259e-01  -4.7465208e-01  -1.4884967e-01   8.2795111e-01   9.3810503e-02   1.2990845e+00
   1.0000000e+00   6.1681736e-02  -1.0740049e+00   5.7403153e-01   4.9439102e-01   1.0873640e+00   1.0862029e+00
   2.0000000e+00   1.6205131e+00   7.5675196e-01   1.2498719e+00   2.6230425e-01   1.2854800e+00  -3.9038064e-01
   2.0000000e+00   7.3285766e-01   9.7565979e-01   8.0668285e-01  -7.7499250e-01   2.3170512e+00   9.3072480e-01
   2.0000000e+00   5.8469215e-01  -6.3849038e-01  -2.7934341e+00   3.0135037e-01   5.7975302e-01  -4.3073211e-01
   2.0000000e+00   4.3463583e-01   1.6258895e+00   9.4108969e-01  -4.5708655e-01  -1.9814889e+00  -1.7453855e-01
   1.0000000e+00  -1.8650422e+00   1.5593632e+00   7.8048842e-01   6.1125957e-02   2.2664460e-02   2.6963781e-01
   1.0000000e+00  -5.6533547e-02   8.1232965e-01   8.7401682e-01  -3.4592235e-01   1.0327441e+00   1.1190927e+00
   2.0000000e+00  -1.1520814e+00   3.2252420e-02  -3.4816722e-01   1.2537501e+00   9.2544175e-02   7.8114165e-01
   2.0000000e+00   1.3484966e+00  -2.4623554e-01  -5.5778120e-01  -5.2667079e-01  -1.1821699e+00  -1.2068583e+00
   2.0000000e+00  -7.2625781e-01  -1.8403560e+00   1.0027359e+00   7.2132533e-01  -5.7966104e-01  -1.6555248e-01
   2.0000000e+00   1.8339055e+00  -1.1926894e+00   2.7238402e+00   1.1885628e+00   1.4799926e+00   2.1831048e+00
   2.0000000e+00  -3.9887290e-01   3.8777694e-01  -9.0494686e-01   4.2729060e-01   7.7652759e-01   9.7483289e-01
   2.0000000e+00  -1.8301671e+00  -2.1106021e+00  -9.5518281e-02  -4.9811938e-01   1.8938610e-01  -1.5148628e-01
   1.0000000e+00   1.6507617e+00  -4.7932828e-01   3.1870041e-01  -8.9088669e-02  -1.1659728e+00  -7.2534146e-01
   2.0000000e+00   2.0791298e+00  -6.8785985e-01  -1.2283325e+00  -1.4510498e+00  -6.1293507e-01  -1.4771094e-01
   2.0000000e+00   5.4850101e-01  -6.2616987e-01  -4.6330046e-01  -1.1219740e+00   1.0263989e+00   7.7958192e-01
   2.0000000e+00   2.1697119e-01   3.9648561e-02  -9.1617662e-01  -8.2852633e-01  -1.8345989e+00  -1.2017652e-01
   2.0000000e+00  -6.5373210e-01   1.4291953e+00   5.4838725e-01  -1.8966087e+00   9.0244334e-01  -1.8780578e-01
   1.0000000e+00   2.2764211e+00   5.4283205e-01   6.5678222e-01   6.2399474e-01  -3.0267420e-01  -1.1242877e+00
   2.0000000e+00  -1.2256900e+00  -9.5619600e-01  -1.3583246e+00  -1.2285370e+00  -3.1948968e-01  -1.8159412e+00
   2.0000000e+00  -1.2625810e+00   1.7305507e+00   8.3279544e-01   1.3347708e+00  -5.8478889e-01   1.3447463e+00
   2.0000000e+00   4.6385611e-01   9.8040009e-02  -9.2331006e-02  -3.2086287e-01   3.4974191e-01   2.3664581e-01
   2.0000000e+00   2.4600568e-01  -9.5184899e-02  -9.8635567e-02  -2.5366324e-02   7.7083315e-01   5.1595034e-01
   2.0000000e+00   1.1287989e-01   3.0547033e-02  -2.3242490e-02   5.3243610e-01  -7.7987081e-02  -1.3750573e+00
   2.0000000e+00  -6.1523035e-01  -2.8257133e-01  -6.6440392e-02   4.9505254e-01  -1.3215913e+00  -6.8892233e-01
   1.0000000e+00  -2.4067815e-01   1.7409382e-01   4.6008863e-01  -2.2470322e-01  -4.2866907e-01  -2.6271104e-01
   2.0000000e+00   1.2738524e+00  -3.6547133e-01   2.2882366e+00  -1.5198829e+00   4.2524898e-01  -1.0888582e+00
   2.0000000e+00  -5.2305433e-01  -2.3169843e+00   4.4584336e-01   1.0372717e+00  -1.5240239e+00  -1.1999171e-01
   2.0000000e+00  -1.1544813e+00   1.7990311e+00   1.4113488e+00  -4.5103275e-01  -1.1570983e+00   2.3428928e-01
   2.0000000e+00   6.8632016e-01   6.9004877e-01  -9.7916474e-01  -2.2097448e+00   2.2256169e-01  -6.4351582e-01
   2.0000000e+00  -6.8885726e-01  -6.5985569e-01  -6.6854484e-02  -9.9400028e-01  -4.2387988e-01  -7.7961023e-02
   2.0000000e+00   7.2883585e-01   4.2905774e-01  -1.1871107e-01  -1.3811021e+00   1.0992494e+00   2.1769058e+00
   2.0000000e+00  -1.4063051e+00  -9.1817745e-01   6.2768615e-02  -1.1341496e+00  -1.4974869e-01   3.3330414e-01
   2.0000000e+00  -2.5454442e-02  -6.9140750e-01   6.9676497e-01   8.5140011e-01   2.2240831e-01   2.6348231e-01
   2.0000000e+00  -4.7611761e-01   8.4668679e-01  -1.0471952e-01  -3.3125439e-02  -6.5361058e-01   9.6724004e-01
   1.0000000e+00   8.7044079e-01  -8.1771066e-01   2.7585788e-01  -7.1940168e-01   5.6290189e-01   1.5933548e-01
   2.0000000e+00   1.4447868e+00  -1.2382017e+00   8.0891469e-01   1.5623365e+00  -6.9538201e-01  -1.9870663e+00
   2.0000000e+00  -1.7121065e+00  -4.6874924e-01  -1.1764309e+00  -1.7597775e+00   7.3005824e-01  -7.6838810e-01
   2.0000000e+00   1.0709145e+00  -1.6473347e+00  -2.2791886e+00   1.2949627e-01  -1.2383971e+00   6.6977579e-01
   1.0000000e+00  -4.0214005e-01   9.9417937e-01   6.9107443e-01  -2.2340827e-01   1.4483041e+00  -6.5578568e-01
   1.0000000e+00  -8.5535605e-02  -6.6375529e-01   6.8679430e-01   6.0081353e-01  -2.1667032e-01  -2.5078114e-02
   2.0000000e+00  -5.7198350e-02  -6.5646227e-01   2.5330092e-01   8.2091665e-01  -2.5019071e+00   1.2391724e-01
   2.0000000e+00  -1.9647066e-01   1.6335405e-01  -1.9380709e-01  -1.4847011e+00  -3.4563047e-01   4.3248747e-01
   2.0000000e+00   2.6798917e-01   2.2584987e+00  -3.0075262e-02  -2.9923980e-01   1.1475947e+00   4.7829972e-01
   2.0000000e+00   1.6860349e+00  -5.2721376e-02  -3.7983756e-01  -1.3365551e+00   2.3118048e-01  -1.0007866e+00
   2.0000000e+00  -4.9967585e-01   4.7154693e-01  -2.0027528e+00   1.6110828e+00  -2.1338625e+00   1.4554079e+00
   2.0000000e+00   9.6550457e-01   1.2580736e+00  -3.3159134e-01   2.6419959e-01  -1.0719012e-01   8.0937804e-01
   2.0000000e+00  -1.4908474e-01   1.3858903e+00  -1.7839817e-01  -1.0430252e+00   1.9299396e+00  -1.6073118e+00
   2.0000000e+00  -1.4706007e-01  -3.7166610e-01  -1.6667390e-02  -2.2412760e+00   4.6477103e-01   2.6529995e-01
   2.0000000e+00   1.3789304e+00  -5.5444388e-01   1.5759636e+00  -4.3087880e-01  -5.7276196e-01  -3.2500836e-01
   1.0000000e+00  -2.0853986e-01   2.8089484e+00   9.6788413e-01  -1.9067369e-01   6.1222694e-01  -1.2879405e+00
   2.0000000e+00   1.1701543e+00   1.8523584e+00  -9.7858793e-01   8.3605042e-01  -3.3437171e-01  -5.4560341e-01
   2.0000000e+00   1.8252242e+00  -1.0746238e+00  -6.8981406e-02  -1.7218081e+00   1.8441476e-01   6.6083437e-01
   2.0000000e+00   2.1806406e-01  -1.1961961e+00  -4.5706544e-02   1.2386519e+00  -3.1886573e-01   1.0265372e-01
   2.0000000e+00  -7.2555084e-01   2.8554720e-01  -6.3021225e-01   3.5857814e-01   2.0416575e-01   1.1243536e+00
   2.0000000e+00  -3.4170177e-01  -3.8349050e-02   9.5843462e-01  -8.0743266e-01  -1.2384507e+00   7.9920859e-01
   2.0000000e+00   6.4689055e-01  -1.7168444e+00   8.3434752e-01  -1.3569844e+00   1.7744243e+00  -1.7988603e+00
   1.0000000e+00   6.5625562e-01   4.8127521e-01   2.4087640e-01  -6.2666692e-01   6.8131196e-01  -9.3688148e-01
   1.0000000e+00   3.1075903e-02  -4.6152473e-01   5.2828371e-02  -9.2424882e-01   1.7405269e+00  -1.7428813e+00
   2.0000000e+00  -7.7340427e-02   6.9408190e-02   7.8776841e-01  -8.2292467e-01  -3.9507040e-01  -9.8774547e-01
   1.0000000e+00   3.4477347e-02  -6.8717396e-02   6.0758071e-02   2.3313956e-01   2.4910546e-02  -1.4510143e+00
   2.0000000e+00  -1.1167465e+00   2.2618994e-01  -9.4638246e-01   5.3181271e-01  -1.0274577e+00   1.9581417e-02
   2.0000000e+00  -1.0786240e+00   2.4896771e+00   1.3997938e+00   1.8746734e+00  -1.3156516e+00  -6.2039038e-01
   2.0000000e+00  -1.9770098e-01   9.6402107e-01   1.5149944e+00  -6.8922727e-01   1.4274213e+00   7.3249157e-01
   1.0000000e+00   1.4379361e+00   2.0168665e-01   3.5620406e-01   1.1401283e-01  -1.5527726e+00  -9.4787199e-01
   2.0000000e+00  -3.0796676e-01   8.8216768e-01  -1.1549539e+00  -6.6543125e-01  -9.3085611e-01   1.0538336e+00
   2.0000000e+00  -2.6336524e+00   1.4011660e+00  -6.9258028e-01   9.6540391e-01   4.4906088e-01  -2.0904699e-01
   2.0000000e+00  -2.3623463e-01   2.4868441e+00   6.7674200e-01  -1.1491723e+00   6.1544707e-01  -6.3856451e-01
   2.0000000e+00   1.5737611e+00   4.2954320e-01   1.3732839e+00   6.2702651e-02   3.8069398e-01  -7.4145453e-02
   2.0000000e+00  -1.2779956e-01  -1.1992040e+00  -1.3822979e+00   1.3097510e+00  -2.0399406e-01  -1.5305992e+00
   2.0000000e+00   2.4369806e-01  -9.0335316e-01  -9.0936037e-01  -7.9451323e-01   1.1603982e+00  -6.7237769e-01
   2.0000000e+00  -5.1872391e-01  -1.2568957e+00   1.1597385e+00  -5.1955787e-01   7.0265572e-01   1.0714393e+00
   2.0000000e+00   5.9693775e-01   1.4439705e+00   1.1353235e+00  -2.1111133e+00   1.1285078e+00   2.0980356e+00
   2.0000000e+00  -1.1139907e+00  -6.6915752e-02  -5.8554141e-01   1.1374797e-01  -1.2682158e+00  -5.0174353e-01
   1.0000000e+00  -2.1876739e-01   3.6744229e-01   2.4105071e-01  -1.5166445e-01   1.3941529e+00  -2.1763832e-01
   2.0000000e+00   8.2123299e-01  -1.2266425e+00  -6.6423365e-01  -8.9519076e-01   1.0780255e+00  -1.1301730e+00
   2.0000000e+00   8.6476991e-01   4.6210813e-01   1.7021609e+00  -1.2516639e+00  -1.1058093e+00  -2.1306982e+00
   2.0000000e+00  -9.1780528e-01  -7.4367434e-01  -1.9959526e-01   1.0729717e+00   8.3034403e-01  -3.8624925e-01
   2.0000000e+00   2.7210044e-01   7.5350941e-01  -2.1335342e+00   2.2780633e+00   5.7910247e-01  -2.2999002e+00
   2.0000000e+00  -9.0685596e-01   1.1504684e+00  -1.0372282e+00   9.4141213e-01  -9.1269849e-01  -9.3333624e-01
   1.0000000e+00   9.6630874e-01   3.1725360e-01   5.7403344e-01  -5.1396538e-01  -2.3955848e-01  -6.4299792e-01
   2.0000000e+00  -1.7130288e-01  -3.5586395e-01  -1.2460485e-01   3.0177142e+00   4.3944881e-01  -2.1110009e-01
   2.0000000e+00  -1.4962083e+00  -3.4955615e-01  -8.9085933e-01  -6.1917847e-01   5.7153351e-01   2.8923180e-01
   2.0000000e+00  -1.0767914e+00  -1.8279697e+00  -6.4598412e-01   3.6970410e-01   2.9711332e+00   9.3271515e-01
   1.0000000e+00   3.5250799e-01  -7.2845903e-01   4.4143714e-01   8.0940956e-01   5.8974490e-01   9.1166600e-01
   2.0000000e+00   1.4114448e+00   1.6498513e+00  -1.1861446e+00  -4.0820516e-01  -4.3538917e-01   1.3270400e+00
   2.0000000e+00   2.8910404e-01   4.7133445e-01  -1.6316755e-02   1.7146410e-01   6.7397227e-01  -4.5992621e-01
   2.0000000e+00   6.9682228e-01   1.4648397e+00  -9.2960460e-01  -9.7872829e-01  -1.4840207e+00  -2.2111440e-01
   2.0000000e+00  -3.4282148e-01   3.3222150e-01   5.7632689e-01   1.2537461e+00   8.5481652e-01   2.4413431e+00
   1.0000000e+00   1.5367299e+00  -2.1090489e+00   3.9715570e-01   1.5792375e-01  -8.5915560e-01  -3.3952249e-01
   1.0000000e+00  -1.8334425e+00   1.1377685e+00   6.0333216e-01   7.4448751e-01  -1.1564384e+00   2.6183844e+00
   2.0000000e+00  -2.1250189e+00  -8.2443400e-01   8.5991222e-02  -1.0771897e+00   7.9495636e-01  -3.2308447e-01
   2.0000000e+00   8.6244122e-01  -1.9534811e+00   7.9378510e-01   2.2462501e+00   1.6184593e+00   1.3502579e-01
   2.0000000e+00   2.3138292e+00  -8.8296366e-01  -1.0031630e+00   1.6829352e-01   1.9501081e+00  -1.4180299e+00
   2.0000000e+00   4.3242107e-01   3.9890337e-01  -7.7332932e-01   4.4718083e-01   1.3296908e-01   2.9222597e-01
   2.0000000e+00   3.8121211e-01  -1.9945416e-01  -2.1490323e+00   2.9015631e-01   1.4530673e+00  -7.6320422e-01
   2.0000000e+00  -6.7622067e-01   6.6184783e-02   9.5686141e-01  -3.9412133e-01   2.5668392e-01  -8.3454802e-01
   2.0000000e+00  -3.4612583e-01   1.3619575e+00  -6.2982540e-03  -3.2875820e-01  -8.8109927e-01  -1.6049202e-01
   2.0000000e+00  -6.6620853e-01   8.7034543e-02   2.0524213e+00  -6.5748341e-01   1.0634545e+00  -3.0355033e-01
   2.0000000e+00   1.1359803e+00   1.4540037e+00   8.4613164e-01   1.4404503e+00  -2.8624886e-02   3.8945174e-01
   1.0000000e+00  -1.0887838e+00   4.8207494e-01   5.2026820e-01   2.0212473e-02   1.0567722e+00   3.6207085e-01
   2.0000000e+00  -5.6037454e-01   2.6185543e-01  -1.2099075e+00  -9.9370621e-01  -8.9104078e-01  -1.6719616e+00
   2.0000000e+00  -9.8444655e-01  -7.0520754e-01  -1.1858806e+00   2.2698188e-01  -2.4581282e-01   9.4486219e-01
   1.0000000e+00   1.9903074e-01   5.9969182e-01   6.5395017e-01  -4.6418311e-01  -4.9399731e-01   1.2278310e+00
   2.0000000e+00   2.6962625e-01  -1.6802624e+00   1.0039988e+00   3.1800339e-01   8.5387352e-01   1.9501566e+00
   2.0000000e+00   1.2728932e+00  -1.9797804e-01  -6.7177082e-02  -2.1573982e-01   2.5366177e-01   1.8511192e+00
   2.0000000e+00  -1.6314525e+00   7.8717437e-01  -7.9551333e-01  -5.7041016e-01   4.9711980e-01  -6.0817331e-01
   2.0000000e+00   6.9586671e-01  -6.1378604e-01  -1.6712504e+00   6.8347808e-01  -1.5785144e+00   5.1160319e-01
   2.0000000e+00   1.2787056e+00   2.1170898e+00  -1.0379481e+00  -3.1360960e-01  -7.4220383e-02  -8.2245544e-01
   2.0000000e+00   8.4622648e-01   4.6870178e-01   1.3035313e+00   3.4870818e-01   7.2896795e-01  -2.4459574e-01
   1.0000000e+00   9.7243794e-01  -1.6061927e+00   9.8706251e-01  -4.5104545e-02  -1.2222230e+00   6.6545020e-01
   1.0000000e+00   3.3765268e-01  -6.2347131e-01   6.6205615e-01   6.4173793e-01  -1.2785348e+00   1.2050413e+00
   2.0000000e+00   1.7294038e+00   5.7221583e-01   1.4852540e+00  -1.7776103e+00   2.2124466e+00  -1.0513644e+00
   2.0000000e+00   5.7384583e-01  -3.7072538e-01   1.2897578e+00  -8.5544666e-01  -8.2155444e-01  -8.7335289e-03
   2.0000000e+00  -7.8532564e-01   1.0538901e+00  -1.0763384e+00   1.3654766e+00  -2.5025753e-01  -8.3541277e-01
   2.0000000e+00  -3.4773360e-02   1.0171906e+00   1.1657986e+00   1.2520682e-01   3.0621184e-01  -7.9377470e-01
   2.0000000e+00  -6.0056295e-01  -5.4463334e-02  -2.1173666e+00   1.5020549e+00   4.1044378e-01   6.3191588e-01
   2.0000000e+00   3.3910410e-01   3.6391694e-01  -3.8760113e-01  -2.3281293e-01  -1.9500074e+00  -1.1879196e+00
   2.0000000e+00  -1.7459523e+00  -5.0685207e-01  -9.8713014e-01  -1.3198956e-01  -3.9560996e-01  -7.2484629e-01
   2.0000000e+00   2.4831160e-01  -2.8215403e-01  -7.8330262e-02  -6.2570778e-02   1.0876777e-01  -1.7069038e+00
   1.0000000e+00  -1.2302946e+00  -1.1807902e+00   2.2847302e-01   3.5102106e-01   6.9661427e-01  -7.1685975e-01
   2.0000000e+00  -4.1226621e-02   5.0717041e-01   1.2773872e+00   7.0691326e-01   5.9954253e-01   7.5108941e-01
   2.0000000e+00   2.7371728e-01  -1.7311409e+00   7.7436650e-01  -1.0569059e+00  -2.6402057e-01   1.3831839e+00
   2.0000000e+00  -9.6633036e-01  -4.8818159e-01   1.5328525e+00   6.1772878e-01  -8.1968933e-01  -7.0202916e-01
   2.0000000e+00   1.8760322e+00   6.3512048e-01   8.2216687e-01  -1.3894227e+00   7.5026533e-01  -1.4778043e+00
   1.0000000e+00  -5.4967299e-01  -1.1948198e+00   5.0287344e-01  -8.0940785e-01  -1.6530887e+00   2.0292812e+00
   2.0000000e+00   3.8853219e-01   8.2880080e-02  -1.0776666e+00   8.6202788e-01   4.4688563e-01   3.3089851e+00
   2.0000000e+00  -1.3482901e+00  -7.7087960e-01  -1.2944982e-01   1.0264738e+00  -1.0932814e+00   1.7623531e-01
   1.0000000e+00  -2.2303107e-01   6.0157672e-01   5.6145311e-02  -3.3143762e-01  -1.5978670e+00  -2.1527390e-01
   2.0000000e+00  -6.5984799e-01  -8.1783333e-02   1.8255220e+00  -6.7919447e-01  -1.9745326e-01  -2.7615370e-01
   2.0000000e+00  -1.0757021e+00  -1.4990973e+00  -4.2698270e-02  -8.2218602e-01   5.1734933e-01  -1.0187870e-01
   2.0000000e+00  -8.9720601e-01   3.8079636e-01   9.2955399e-01  -7.6028583e-01   1.1134480e+00  -4.5977640e-01
   2.0000000e+00   5.6246975e-01   1.1682439e+00   9.8511753e-01   1.0551999e+00  -4.7907740e-03   2.4807100e+00
   2.0000000e+00   1.3831599e+00   8.8839000e-02   1.3590928e-02  -1.5774605e-01   2.1159335e+00   2.8642646e-01
   2.0000000e+00   1.5652268e-01  -1.0489825e+00  -4.9642334e-01  -1.3759754e+00  -1.2009756e+00   1.4886277e-01
   2.0000000e+00  -9.8767798e-01  -1.3042612e-02   1.5715753e+00   8.1155853e-01   7.5354043e-01   2.1270806e-01
   1.0000000e+00   1.3920778e+00   2.0829967e-01   6.3761591e-01   4.3697614e-01   1.1850001e+00  -5.5213989e-01
   2.0000000e+00  -5.8255254e-01  -4.0961495e-01  -6.4678703e-01  -8.2556083e-01  -1.3125646e+00  -1.9379322e+00
   1.0000000e+00   1.5982055e+00  -1.3616301e-01   5.8110636e-01   1.2703616e-01  -6.9781797e-01  -1.9787433e-02
   2.0000000e+00  -9.4723370e-01   1.2035199e+00  -8.5294445e-02  -1.7889047e-01   1.8678399e+00   2.8137006e-01
   2.0000000e+00  -1.1237618e+00   7.2376162e-01  -1.4574287e+00  -4.8487175e-01   1.2172854e-01   1.1211966e+00
   2.0000000e+00  -1.1636101e+00  -8.9381613e-01   9.1948729e-01  -4.8307478e-01  -4.5492000e-02  -6.0018914e-01
   2.0000000e+00  -3.6739608e-02   7.7007754e-01  -5.5822811e-01   1.8991985e+00  -8.1627381e-01  -8.1468702e-01
   2.0000000e+00  -1.3337268e+00   6.3776970e-01  -6.2882519e-01   1.4156270e+00   1.2225263e+00  -4.0949969e-01
   1.0000000e+00   2.2835336e+00   1.4491705e-02   2.4300553e-01   3.1996734e-01  -9.9501473e-01  -2.4919550e-01
   2.0000000e+00   1.2803758e+00  -7.9602995e-01   2.4699819e-01   1.3102657e+00  -8.0606297e-01   5.5911350e-01
   2.0000000e+00   5.4442929e-01  -1.0922433e+00  -1.3786606e+00  -5.0214027e-02   1.8382225e+00   5.1017501e-01
   2.0000000e+00   1.3062462e+00   7.6947883e-01  -1.0339715e+00  -2.3073533e+00   1.2267636e-01   7.8352794e-01
   2.0000000e+00  -3.3265445e-01   1.0948819e+00  -7.3745143e-01   6.2141284e-01  -5.4672703e-01  -5.9763770e-01
   2.0000000e+00   8.3063623e-01  -1.7800510e-01  -1.4968650e+00  -2.3131441e-01   4.2593806e-01   1.7576101e+00
   2.0000000e+00   4.0679261e-01  -3.3194476e-01   5.3079699e-01   1.8180124e+00  -1.5765490e+00  -1.1019345e+00
   1.0000000e+00   1.6475305e+00  -9.7805821e-01   2.4605646e-01   2.8035300e-01  -1.4911353e+00   1.4374115e+00
   2.0000000e+00   1.3417420e+00  -5.9060804e-01  -9.9817195e-01  -2.9454677e+00   2.6961588e+00  -2.5916723e-01
   1.0000000e+00   1.3059137e+00   3.8360378e-01   6.9657913e-02  -1.9881160e-01   8.2121953e-01   5.6267726e-01
   2.0000000e+00  -9.8440359e-01  -2.1669470e-02  -2.8411814e-01  -3.3529499e-01  -7.4803199e-01  -1.1418093e+00
   1.0000000e+00   1.7473415e+00   4.0765763e-02   3.4118498e-01  -1.2109156e-01  -7.7300197e-01  -7.3875741e-01
   2.0000000e+00  -7.4273490e-01   1.5086984e-01   1.1887348e+00  -1.8833653e+00   1.1959841e+00   1.4385939e+00
   2.0000000e+00  -1.2277789e+00  -1.2038346e+00  -6.9071301e-01   1.3227434e+00  -1.2293585e+00  -1.2099999e+00
   1.0000000e+00   9.6203955e-01   3.0269426e-01   6.8614402e-02   4.7233290e-01  -2.1866356e-01  -2.1692559e-01
   2.0000000e+00   2.1765730e+00   9.2271521e-01   2.9277383e+00   1.3577238e+00   9.6290199e-01   2.1754549e-01
   2.0000000e+00   8.3979861e-01   6.9997328e-01  -3.8281969e-01  -2.4012588e-01   1.5575757e+00   1.4417698e-01
   2.0000000e+00  -3.2308242e-02  -6.7966613e-01  -4.8770115e-01  -1.2643314e+00   4.4009634e-01   7.8703312e-01
   2.0000000e+00  -9.0916401e-02  -5.2424933e-01  -9.2138750e-01  -2.0018088e+00   4.0087647e-01   1.5149567e+00
   2.0000000e+00  -5.3178595e-01   4.4494445e-01  -1.1843205e+00   6.7066186e-01   1.9277719e+00   1.1517508e+00
   2.0000000e+00  -1.3200843e+00  -2.0431261e+00   3.8797271e+00  -1.2770933e-01   6.1704890e-01  -6.3216640e-01
   1.0000000e+00  -9.0422585e-01   1.2297881e+00   9.0239062e-02  -3.3943268e-01  -3.4098803e-01   3.7161924e-01
   2.0000000e+00   9.0006249e-02  -1.6776504e+00  -1.1910867e+00  -2.2752334e-01   6.6570479e-02  -4.5938929e-01
   2.0000000e+00   1.1633845e+00  -1.4268112e-01  -1.4022948e+00  -2.9968996e-01  -7.2158637e-01  -7.9647272e-01
   2.0000000e+00   5.2895163e-01   7.1174850e-01   6.5303325e-01   1.9330133e+00   1.3958666e+00   1.1230294e-01
   2.0000000e+00  -8.3330867e-01   5.8251315e-01  -7.9515860e-01   5.1937971e-01  -4.0453156e-01   9.5820787e-01
   2.0000000e+00   1.0369881e+00   7.8613159e-02  -9.6068829e-01   5.0542268e-01  -3.9244865e-01   9.3403745e-01
   2.0000000e+00  -1.5576187e+00  -8.6609916e-01   9.4822458e-01  -6.4249974e-01  -2.7086773e-01  -2.0271939e+00
   2.0000000e+00  -1.4280681e+00  -2.8840419e-01  -2.2763198e-01  -1.6966305e+00   4.1248981e-01  -1.9698122e+00
   2.0000000e+00  -4.4498388e-01  -1.1247137e+00   6.2442126e-02   1.6129395e+00   2.1133671e-01   4.0417331e-02
   2.0000000e+00  -9.0352140e-01  -1.4527458e+00  -6.8554146e-01   1.2747500e+00  -1.5937252e-01  -1.3786043e-01
   2.0000000e+00   5.1068319e-01   8.1376369e-01  -1.1157786e+00   1.9564344e-01   1.0202839e-01  -8.0805188e-01
   2.0000000e+00  -2.6630691e-01   1.1788462e+00  -5.3963481e-01  -8.9433094e-01  -7.0146048e-01  -5.2647874e-01
   2.0000000e+00   1.3135455e+00   2.0660822e-01  -9.3720043e-02  -1.6108474e+00   8.9970872e-03  -6.1246384e-01
   2.0000000e+00  -2.8125246e-01   1.0535859e+00   4.5209522e-01  -1.4913928e+00  -1.1881154e-02   5.3888609e-02
   1.0000000e+00   2.3550172e+00  -2.9724590e-01   1.6152527e-02  -6.6467550e-01   1.1476983e+00   2.2065413e+00
   2.0000000e+00  -9.4741910e-01  -8.9225477e-02   9.8848880e-01   9.4602910e-01  -8.2601934e-01   1.0294892e+00
   1.0000000e+00   2.8233859e+00  -7.2360200e-01   4.7591252e-01   6.6179064e-02  -5.1805704e-01   8.5504118e-01
   2.0000000e+00  -8.6348666e-01  -5.7901960e-01  -2.4133212e+00   1.8785677e+00   1.7049279e+00   1.9259128e-01
   1.0000000e+00   1.5779316e+00   2.4675298e-01   4.5151952e-01  -3.0449350e-03  -1.6690947e-01   1.9902759e+00
   1.0000000e+00  -2.7507764e-01   1.8004600e-02   3.9545074e-01   7.9664477e-01   5.5345994e-01   4.7351553e-01
   1.0000000e+00  -3.2029922e-01   1.5790625e+00   1.3050145e-02  -3.7673151e-01   8.2485146e-01  -8.1801477e-02
   2.0000000e+00   1.5008475e+00  -1.4217860e+00   4.2287015e-01  -1.1248872e+00  -5.8935224e-01  -8.5980068e-01
   2.0000000e+00   1.1459925e+00   8.6773479e-01  -3.2935381e-01  -8.0226781e-01   8.5942543e-01   2.4754526e-01
   1.0000000e+00   5.5947467e-01  -4.6029842e-01   4.4420129e-01   2.6442507e-01   9.4073440e-02   3.6338353e-01
   2.0000000e+00  -1.9411192e+00  -3.6222662e-01   7.9617221e-01   7.6759527e-01   9.0741827e-01   1.6717622e+00
   1.0000000e+00  -2.2439928e-01  -1.2791073e+00   5.0850817e-01   7.6087297e-01   1.5201494e+00  -1.5136357e-01
   1.0000000e+00  -9.5385073e-01   4.5816510e-01   5.4856957e-01  -6.2429340e-01  -4.8771247e-01   2.3123480e-01
   2.0000000e+00  -1.1983349e+00   1.1211984e+00   1.2256859e+00   1.0508489e+00   6.4276483e-01   9.3451528e-01
   2.0000000e+00  -1.5679270e-01  -4.4341494e-01  -1.4522136e+00  -5.2980816e-01  -1.2870188e+00  -1.0779598e+00
   2.0000000e+00  -5.5234835e-01   1.0884079e+00   1.0916810e+00   7.3670137e-01   5.2898276e-01   5.6217365e-01
   2.0000000e+00   1.1687793e+00  -7.6776761e-01   4.9192409e-01   1.0060579e+00   1.9281338e+00   4.1058073e-01
   2.0000000e+00  -3.5715225e-01  -1.0378574e+00   5.7886630e-01   1.8993133e+00   4.2874712e-01  -5.6949402e-01
   2.0000000e+00   1.7479444e-01   5.6121277e-02   1.1163280e+00  -1.0149052e+00  -2.7144372e-01   2.1867643e+00
   2.0000000e+00  -3.6855717e-01   1.4168650e-01  -1.8067232e+00   1.6335182e+00  -5.4390892e-01  -1.0204599e+00
   2.0000000e+00  -1.5345981e+00  -6.4396129e-01   1.0463977e+00  -1.7671363e-01   1.2440794e+00  -4.7412042e-01
   2.0000000e+00   4.5335626e-02  -1.2650391e+00  -1.6361930e+00   1.6778345e+00  -3.9024295e-01  -1.4361842e+00
   1.0000000e+00   4.2527719e-01  -1.1612163e+00   3.3373258e-01   2.6693431e-01   1.0234002e+00   1.2250781e+00
   1.0000000e+00   4.4770793e-01  -1.7900876e-01   3.7945260e-02  -2.3710394e-01   4.5597739e-01   3.2732801e-01
   1.0000000e+00   3.5372832e-01  -8.0375305e-01   4.2568493e-01  -6.1753946e-02  -7.5431305e-01   1.0096995e-01
   1.0000000e+00   7.8439568e-01  -1.3001839e+00   1.6859488e-01   9.6767016e-01   1.8435779e+00   1.6217549e+00
   2.0000000e+00   3.3887497e-02   1.9962579e+00   9.9596722e-01  -1.5751308e+00   2.0894269e-01   3.9812534e-01
   2.0000000e+00   7.0303550e-02   3.7674158e-01  -3.5377418e-01   1.0111298e+00   1.8657536e+00   3.7258522e-01
   2.0000000e+00  -1.7942877e+00   1.3544448e+00  -1.0912358e+00  -8.1873357e-01   4.1757917e-01   3.2808373e-01
   2.0000000e+00   9.7890964e-02  -1.9021235e-01   1.1552304e+00   1.3487753e+00   1.3985930e+00   6.9276462e-01
   2.0000000e+00   3.2839793e-01   8.8485856e-01  -3.5236644e-01  -5.7967169e-01  -2.1057271e-01   1.8011995e+00
   1.0000000e+00  -1.8877098e-01   2.6786896e+00   4.4400331e-01   3.0524856e-01  -1.3477995e+00   2.2286879e+00
   2.0000000e+00   1.8316270e+00   8.6013138e-01  -3.2555570e-01  -1.6669918e+00   8.1712711e-01   1.7759829e+00
   2.0000000e+00  -1.6306162e+00   1.4215459e+00  -9.6989831e-01   1.3640354e+00   1.6515959e+00  -5.6227794e-02
   2.0000000e+00  -7.0065147e-01   2.6864452e-01  -1.1312942e+00  -1.0455210e+00  -1.2174369e+00  -2.0194077e-01
   2.0000000e+00   6.8222288e-01   1.3068479e+00  -1.0705869e+00  -5.1481782e-01  -9.8860879e-01  -5.5670279e-01
   1.0000000e+00  -5.7445025e-01  -1.8907763e+00   5.8647260e-01   3.8143501e-01   3.5450432e-01   3.7988048e-01
   2.0000000e+00  -9.7555165e-01   8.2575180e-01  -8.0683029e-01  -2.7637726e-01  -8.1216281e-01   1.2872315e+00
   1.0000000e+00   4.1293465e-01   1.1066841e+00   9.3389345e-01   3.0964638e-01  -5.2803149e-01   8.8996771e-01
   1.0000000e+00  -6.7696456e-01  -1.3346120e+00   2.0168896e-01  -1.1236792e-01   4.5125252e-01  -1.1906188e+00
   2.0000000e+00  -8.0972485e-01  -1.8537395e-01   2.9882452e-01  -1.9389849e+00   7.9034071e-01   1.2343582e+00
   2.0000000e+00  -5.3689007e-01  -2.1680519e-01  -6.3476086e-02  -9.6016749e-02  -1.0366654e+00  -1.4306078e+00
   1.0000000e+00  -1.8500842e+00  -2.4088939e+00   7.8343462e-01   1.7453645e-01   1.2852295e+00   4.4025314e-01
   2.0000000e+00  -1.5563216e-02   1.3076006e+00  -3.7461809e-01  -7.8750123e-01   3.4450729e-01   4.6253888e-01
   2.0000000e+00  -9.2449803e-01  -1.8158394e-02  -1.8721536e+00  -8.7253584e-01   5.5178768e-01  -1.2580243e+00
   2.0000000e+00  -1.7872435e-01   1.1486957e-01  -5.3235413e-01  -1.1155321e+00   8.5674943e-01   7.6250225e-01
   2.0000000e+00  -7.9309825e-01   4.4820642e-01  -2.1854507e+00  -4.9872404e-01  -5.7667731e-02  -3.8997508e-02
   2.0000000e+00  -3.1147027e-01   1.7067718e-01  -3.7903878e-01   3.8898275e-01   5.0817428e-01  -9.0199284e-01
   2.0000000e+00  -1.2241661e+00   1.9708917e+00  -8.2024761e-01  -1.6716824e+00  -1.1774648e+00   9.7971446e-01
   2.0000000e+00   6.1330655e-01   2.2599596e-01   9.7022776e-01   6.2718564e-01  -3.7883942e-01  -1.6696024e+00
   2.0000000e+00   1.1178322e+00  -1.5683267e+00  -3.4780810e-01   1.7170114e+00  -6.3569127e-01   1.0132994e+00
   1.0000000e+00  -1.1328761e+00   6.3976752e-02   2.3402903e-01  -3.8614780e-01   1.1861566e-02  -1.7432487e+00
   2.0000000e+00  -1.0489259e+00  -3.3177296e-01   1.4534837e+00   7.8610429e-02  -2.4210553e-01  -7.0658571e-01
   2.0000000e+00   1.7870866e-01  -6.2658983e-01  -6.0978573e-01   1.5718546e+00   1.3125393e+00  -5.4947376e-01
   2.0000000e+00  -3.8917712e-01  -4.0872946e-01  -6.2395329e-01   1.4764111e+00  -2.1704284e-01   9.2517914e-01
   2.0000000e+00  -2.8088608e-01   7.0481193e-01  -7.1652327e-01   5.9469023e-02   1.1586994e+00   7.1543685e-02
   2.0000000e+00   1.2490795e+00  -7.4192237e-01  -1.9121090e-01   5.7338222e-01   1.0252042e+00  -4.3631860e-01
   2.0000000e+00  -2.8803466e-01  -4.6846334e-01   9.6688684e-01   1.4535118e+00  -8.3609817e-01  -1.4288236e+00
   1.0000000e+00   4.5067614e-01   4.0006214e-01   1.8187393e-02  -6.0425812e-01  -1.1335538e-01  -1.1460282e+00
   1.0000000e+00   8.7864781e-01  -1.7986847e-01   2.5509731e-01  -9.6183578e-01  -1.1125375e+00   5.1506963e-01
   2.0000000e+00  -7.8510298e-01  -1.4366840e+00  -9.9088589e-01   7.0416115e-01  -3.2506399e-01   1.0726581e+00
   2.0000000e+00  -1.1768750e+00   2.3669172e+00   1.2155945e+00   3.4392862e-01  -1.5634660e+00  -6.9854580e-02
   2.0000000e+00   4.2088430e-01  -7.2957758e-01  -3.0240184e-01   2.6514502e-01   2.7214164e-01  -1.1252290e-01
   2.0000000e+00   7.0468606e-01   8.8644228e-01  -1.3737980e-01  -5.1722427e-01   9.4261101e-01  -6.2890528e-01
   2.0000000e+00   1.4583968e-01   1.0693370e+00  -7.9494901e-01   1.6642093e-01  -2.0937036e+00   1.1981561e+00
   2.0000000e+00  -6.6176931e-01  -1.5328599e-01  -7.7687900e-01   2.1666361e-01  -1.4321718e+00  -4.7069269e-01
   2.0000000e+00  -7.5835537e-01  -4.2682097e-01  -3.3929062e-01   6.4535537e-01   5.3732165e-01   1.9034371e-01
   2.0000000e+00   5.6174060e-01  -3.3876222e-01  -2.6060536e-01  -1.9536236e-02   1.0619434e+00  -9.5777670e-01
   2.0000000e+00   7.1420000e-02   6.1889097e-01  -3.5229456e-01  -8.5205615e-01   2.2991796e+00  -1.5919186e-01
   2.0000000e+00  -2.7249166e-01   2.3017058e+00  -1.2476306e-01   1.2108658e+00   5.2811570e-01   1.1694957e+00
   2.0000000e+00   6.3871714e-01   7.2890561e-01  -1.1227593e-01   1.4476212e-01  -3.2026685e-01   5.2350667e-01
   1.0000000e+00   4.3329450e-01   2.4495402e+00   6.3575454e-01  -4.5452266e-01   1.7858680e+00   1.6363337e+00
   2.0000000e+00  -6.2453740e-01  -2.1356116e-01  -1.7469029e-01  -9.6980620e-01   1.3859252e+00   9.0650279e-02
   1.0000000e+00   1.5875753e-01  -7.5068664e-01   3.1389162e-01   2.2142739e-02  -3.3524680e-01  -2.1042262e+00
   1.0000000e+00   1.0213579e+00  -1.0834065e+00   2.1487615e-02  -1.4299021e-02  -9.3651566e-01   7.5665088e-01
   2.0000000e+00   6.0154455e-01  -8.6031291e-01  -1.5566559e-01  -2.0752134e+00   1.4029805e+00   3.5836143e-01
   1.0000000e+00  -1.4623626e+00  -1.0732388e-01   5.6711624e-02  -4.6587745e-01  -1.3841259e+00   7.7146194e-01
   2.0000000e+00   1.7052220e+00  -6.4844056e-01   1.0253857e+00  -7.8285038e-01   1.7055689e+00  -1.5285520e+00
   2.0000000e+00   7.0519766e-01   8.6532470e-01   3.3147402e-01   1.2009358e+00  -1.5228670e-01  -1.5395240e-01
   2.0000000e+00   7.8746160e-02   1.2446627e-01   1.5296105e+00   1.2893142e+00  -1.0651423e+00  -1.4742072e-01
   2.0000000e+00   3.3724511e-01  -1.2146607e+00  -7.6851457e-01   3.3012075e-01   1.4984003e-01   1.1977240e-01
   2.0000000e+00  -2.0655536e+00   9.2316118e-02   1.1047941e-01   1.9484960e+00  -3.1127171e-01  -5.2403045e-01
   2.0000000e+00   1.1183072e+00   4.7161360e-01  -2.3292990e-01  -7.1507442e-01   1.2631169e+00   3.4974087e-02
   1.0000000e+00   8.1089887e-01  -7.0554471e-01   3.9457517e-01  -1.7223876e-01  -5.0473748e-01   1.1659331e+00
   2.0000000e+00  -5.4410601e-01   1.5605246e+00   1.2905250e+00   1.0095014e+00   1.2372983e+00  -1.0931364e-01
   2.0000000e+00   7.5054406e-01   8.8550693e-01   1.3287528e+00  -2.1036026e+00  -2.7805142e-01   1.7032204e+00
   1.0000000e+00  -1.4404366e+00  -1.0848734e+00   8.7223859e-02   6.9852516e-01  -6.5986292e-01   3.6128029e-01
   2.0000000e+00   2.0668379e-01   3.6183086e-02  -7.3914500e-02   5.2488842e-01  -4.3761040e-01   4.6577456e-01
   2.0000000e+00  -2.8846596e+00   1.6871890e+00   9.1707474e-01   4.6762615e-01  -3.1858287e-01  -1.5109614e+00
   2.0000000e+00  -1.3774892e+00  -7.5028195e-01  -9.1488694e-02   5.2001931e-01  -4.5672966e-01   5.5686213e-01
   2.0000000e+00  -2.4923867e+00  -4.9459655e-01  -3.8121823e-02   1.2118593e+00  -1.4797955e+00   7.8374102e-01
   2.0000000e+00  -7.3237156e-01  -9.7911145e-01  -8.7984250e-01   1.3314942e-01  -1.0560018e+00   7.1640005e-01
   1.0000000e+00  -9.9230917e-01  -3.0271459e-01   5.8672470e-02   2.0007342e-01  -1.0526946e+00  -9.4054368e-01
   2.0000000e+00  -2.1119988e-01   4.9187503e-01  -1.0440403e+00  -5.5752134e-01   4.1750285e-01  -2.2168967e+00
   2.0000000e+00   1.1820582e+00   1.1813824e+00   2.6076219e-02  -1.3895401e+00  -3.8475275e-01   1.9414729e-01
   2.0000000e+00   1.5479253e+00   1.0063513e+00   6.2233550e-01   1.5969771e+00  -4.8785941e-01   1.4700754e+00
   2.0000000e+00  -1.0432428e+00  -2.2774253e-01  -3.1735595e-01   6.5211286e-03  -1.3358637e+00  -4.4536881e-02
   2.0000000e+00  -4.8565913e-01  -9.1781385e-01   1.9359960e+00   9.7500365e-01   2.9750642e+00  -4.0403208e-01
   2.0000000e+00  -5.0880861e-01  -8.1502819e-01  -1.0507001e+00   8.3417725e-01  -1.2879808e-01   1.0212198e+00
   2.0000000e+00  -1.6839964e+00  -1.6933502e+00  -7.4502214e-01  -1.0241442e+00   9.1753296e-01   7.5847192e-01
   2.0000000e+00  -1.0225326e+00  -1.7672064e+00  -1.0123299e+00   1.5146400e+00  -1.1363161e+00  -8.4358912e-01
   2.0000000e+00  -6.0907039e-03   2.2276815e+00  -1.2144116e+00   1.5849584e+00  -4.2847221e-01   8.3400537e-01
   1.0000000e+00   8.5519034e-02   9.2373538e-01   7.5063773e-01  -4.4609822e-01   1.6528496e-01   5.7896775e-01
   2.0000000e+00  -2.3407416e+00   2.8188742e-01  -7.5454803e-01  -2.5840012e-01   2.2330665e+00  -3.8897160e-01
   2.0000000e+00  -1.6462250e-02   5.1380723e-01   1.0390666e+00  -5.5400354e-01  -1.8667482e+00  -4.4368819e-01
   2.0000000e+00  -1.2247999e+00   1.1279586e+00  -2.0325255e-01   1.2682850e+00   5.9112129e-01  -6.4831538e-01
   2.0000000e+00   1.1910458e+00   3.2917478e-02   1.1277839e+00   2.6073702e+00  -2.6202509e-01  -1.2063824e+00
   2.0000000e+00   1.3122428e-01   1.9603472e-01  -2.2796850e-01   7.2188697e-01   1.4212331e-01   1.7955701e+00
   2.0000000e+00   1.0526842e-01   1.1454823e+00  -6.6446616e-01  -4.2604626e-01   5.4239949e-02  -4.5113270e-01
   1.0000000e+00  -2.3720146e+00   2.8728801e-01   1.1683161e-01  -1.0303894e-01  -1.4754476e-01  -7.4456566e-01
   2.0000000e+00  -1.2000082e+00   2.2534798e-01  -2.4699605e-01  -9.9766966e-01  -7.7731688e-01  -1.3213608e-01
   1.0000000e+00  -7.7449949e-01   5.9825719e-01   6.7518495e-01  -1.8019856e-01  -4.0997419e-01   6.4114685e-01
   2.0000000e+00   3.2059550e-01   1.1232552e+00  -1.0914709e-01  -1.1125907e-01  -3.1909492e-01   1.1906547e-01
   1.0000000e+00   1.0302069e+00  -7.6359172e-01   5.8190351e-01   2.9473160e-01  -4.2755252e-01   5.4457449e-01
   2.0000000e+00  -1.4907090e-01   3.9964728e-01  -5.7762625e-01   5.3469804e-01  -9.3808030e-01   3.7485585e-01
   2.0000000e+00  -9.1817484e-03  -4.2791835e-01   1.4327655e+00  -6.1497444e-01   1.7163122e+00   9.4558407e-01
   1.0000000e+00   8.1324255e-01   7.6245349e-01   3.4588019e-01  -6.7161495e-01  -2.7275266e-02  -1.5660130e-01
   2.0000000e+00   5.0247491e-01  -4.7970835e-01  -1.3705486e+00  -3.3924820e-01  -4.7565709e-01   4.0557794e-01
   2.0000000e+00  -1.1052628e+00   4.9702244e-01  -6.4015648e-01  -5.7891067e-01   9.8249883e-03   2.1018786e+00
   2.0000000e+00  -4.3159588e-01   1.5919579e-01   1.3167007e+00   1.4352163e+00   2.7313712e-01   1.1837825e+00
   2.0000000e+00  -1.4776850e+00  -4.7341075e-01  -6.8698147e-01  -4.7105503e-01   2.5362549e-01  -2.1243634e-01
   1.0000000e+00  -3.1463504e-01   1.5990095e+00   3.1912390e-01   8.5403397e-03   1.2230957e+00  -2.1609246e+00
   2.0000000e+00   1.9342391e-01  -1.0035253e+00   2.1461895e+00  -6.9328147e-01   7.3264216e-01  -7.0306812e-01
   2.0000000e+00   1.7702635e-01   1.6757738e+00   1.9403151e+00   9.0633474e-02  -7.8166777e-02   4.4512603e-01
   2.0000000e+00   1.2863637e-01  -7.0134449e-02  -1.0485808e+00  -1.0679023e+00   2.6306623e-01   2.9285739e-01
   1.0000000e+00  -9.5429046e-01   1.3951215e+00   4.5421740e-01  -2.9097338e-01   2.7599996e-01  -7.8330528e-01
   1.0000000e+00   7.0847771e-02   1.2406261e+00   9.4317412e-01  -2.9825611e-01   7.2966753e-01  -3.6115398e-01
   2.0000000e+00   5.9270598e-01   1.1705590e+00  -1.1985340e+00   1.4772210e+00   1.9540970e+00  -1.6213511e+00
   2.0000000e+00  -6.2311273e-01   1.5045638e+00  -2.9035703e+00   1.5030089e+00   2.0390041e-01  -5.4110799e-02
   2.0000000e+00   1.7521229e+00  -9.4887350e-01  -3.4290533e-01   1.3226866e-01  -1.3090692e-02  -3.6057710e-01
   2.0000000e+00  -1.4314910e+00   1.3591957e-01   3.5256350e-01   1.0043332e+00  -7.0106855e-01   3.2835982e-01
   2.0000000e+00  -3.1009306e-01   1.2509182e+00  -8.2776043e-01   1.8361115e-02  -5.6402136e-02  -1.4047858e+00
   2.0000000e+00  -5.5158652e-01   8.5345449e-01   5.5531392e-01   7.4918263e-01  -1.9938359e+00  -5.9883349e-01
   2.0000000e+00   9.6702942e-02  -9.3028334e-01   8.0734611e-02   1.1390504e+00  -7.9406990e-01  -1.3879363e+00
   2.0000000e+00   1.4724376e+00   2.3061024e-01  -6.5521075e-02  -1.8339581e-01   1.7597653e+00  -1.4741251e+00
   1.0000000e+00  -6.2871649e-01   3.4892039e-01   1.0387384e-01  -7.7047839e-02  -1.5273490e+00  -1.0366101e+00
   2.0000000e+00  -1.8298212e+00  -7.0992305e-02  -2.9253831e-01  -1.3987471e+00  -1.3189408e+00   2.6832200e+00
   2.0000000e+00  -2.0862623e+00  -3.3687364e-02  -7.1077242e-01  -4.1011581e-01   1.0599673e+00   7.8738489e-01
   2.0000000e+00   6.0700009e-02   6.7859338e-01   7.2820725e-01  -1.1305557e+00  -2.6595227e-01   5.3659700e-01
   1.0000000e+00  -1.7865412e+00  -1.4130877e+00   4.7880126e-01   1.5975382e-01  -3.8042175e-02   1.9510528e-01
   1.0000000e+00  -1.3170476e-01  -2.9221630e-01   7.2107478e-01  -1.0818965e-01  -8.9835365e-01  -9.6518679e-01
   2.0000000e+00  -6.1435598e-02   3.1828032e-01  -2.4496964e+00   1.4355224e-01   2.0426813e+00  -4.0585779e-01
   2.0000000e+00  -2.9706377e+00  -6.9486287e-01  -1.4882252e+00   9.6183567e-02   3.4743977e-01  -3.2124849e-01
   2.0000000e+00   1.3584338e+00   1.3054702e+00   9.3812670e-01  -5.0762573e-01   1.9280465e+00  -1.6605881e+00
   2.0000000e+00  -1.1028801e+00   3.2600391e-01   1.1664360e+00   1.1510248e-02  -2.1271185e+00  -2.2211932e-01
   1.0000000e+00   7.7407973e-01   6.2188511e-02   7.3682947e-02   6.2459587e-01   8.5839829e-01  -2.1326490e+00
   2.0000000e+00  -3.7125519e-01   3.2541356e-01  -4.7462899e-01   7.0702520e-02  -2.2516455e-01  -1.1870434e+00
   2.0000000e+00  -5.6068509e-01   6.0939646e-01  -7.0048530e-01  -9.9444104e-01   2.8038859e-01  -1.3185297e+00
   2.0000000e+00  -7.3683491e-01  -6.2024714e-01   4.4503491e-01   2.0871378e+00  -4.3893573e-01  -3.3600289e-02
   2.0000000e+00  -1.9069398e+00   1.3391024e-01  -8.4989817e-01   3.1559362e-01  -8.9278473e-01  -6.8258230e-01
   1.0000000e+00   3.0981218e-01  -5.8259060e-01   6.3633399e-01  -4.0004732e-01  -1.3053352e+00   9.7156219e-03
   2.0000000e+00  -8.1414809e-01  -2.7950121e-01   1.5066446e+00   4.3000715e-01   1.0684914e+00   8.7728649e-02
   2.0000000e+00  -1.1494178e-01   1.1903130e-01  -2.3669400e-03   4.5399363e-01  -1.5494818e+00   2.2299342e-01
   2.0000000e+00  -1.1485370e-01  -1.0408628e+00  -8.6180367e-01  -1.0748118e-01   1.2524307e+00   4.3692676e-01
   1.0000000e+00   4.1367606e-01  -4.1870291e-02   4.1064495e-01   5.0667387e-01   2.4493801e-01  -1.5497405e-01
   2.0000000e+00   5.9988251e-01   2.0457813e+00  -8.2954698e-01  -1.4359791e-01  -9.5452045e-01  -1.4347708e+00
   2.0000000e+00   1.7629381e+00  -5.3388778e-02  -1.9456589e-01   9.1659042e-01  -4.6676747e-01   4.2158809e-01
   2.0000000e+00   7.2806911e-01  -1.5826724e+00  -2.1551930e-01  -3.7352481e-01  -1.6211185e+00   9.6510331e-01
   2.0000000e+00   2.0620251e-01   9.7086247e-01   6.0386777e-01  -2.8730473e+00   7.0068362e-01  -1.8198108e+00
   2.0000000e+00  -2.2720947e-01  -9.7432760e-01  -1.7007054e-01   1.2841806e+00  -4.3816330e-02  -9.5996635e-01
   2.0000000e+00   5.6046997e-01   1.3672947e-01  -1.3268124e-02   1.8848957e+00   3.7836143e-01  -3.8491365e-01
   2.0000000e+00   1.6332548e-01   7.1521166e-01  -7.5696626e-01   1.4606449e-01  -1.0541113e-01   6.3831214e-03
   2.0000000e+00   1.0720465e-01   2.1960923e+00  -2.1828213e+00   6.1695011e-01  -6.3656693e-01   6.4034669e-01
   2.0000000e+00  -3.7922048e-02   4.8971033e-01  -3.2551303e-01   8.8498800e-01  -3.5776029e-01   1.2846071e+00
   2.0000000e+00  -1.1460717e-01   1.3108265e+00  -1.2100834e+00   7.1033783e-02  -5.6459626e-01  -7.5131719e-01
   2.0000000e+00  -1.4881657e+00   2.4183456e+00   1.3210589e+00   5.0267192e-01  -6.2488787e-01   1.3674754e+00
   2.0000000e+00  -5.9996961e-01  -3.4941799e-01   1.6034453e+00  -7.1382431e-01  -1.6541516e+00   4.3514284e-01
   1.0000000e+00  -6.5781595e-01   1.0417068e+00   3.1388474e-01  -8.7545166e-01  -1.1482832e+00  -4.2606182e-01
   2.0000000e+00  -6.0060906e-01   1.0728551e+00   1.4215858e+00  -9.1996633e-01  -7.5543881e-01   8.0839386e-02
   1.0000000e+00   2.6482760e+00  -2.3534461e-01   1.4205104e-01   9.1211969e-01  -2.2735119e-01  -1.0476270e+00
   2.0000000e+00   5.2636573e-01  -1.5728786e+00   1.8732296e+00   4.3090500e-01  -1.0042116e+00   1.4289506e+00
   2.0000000e+00  -3.0199042e-01  -1.5550937e+00   2.5639231e-01  -1.5119754e+00   1.8274750e-01  -6.1471192e-01
   2.0000000e+00  -6.4317406e-01  -7.1737605e-01  -6.3527504e-01  -1.1147840e+00   1.2956306e+00  -1.1546109e+00
   2.0000000e+00  -1.1925332e+00  -1.2675645e+00   1.1691335e+00   1.0197429e-01  -3.3114053e-01   6.2519128e-01
   1.0000000e+00  -1.6899890e+00   1.8843838e-01   3.4376022e-02   6.4519410e-01   1.3006973e+00  -9.9930540e-01
   1.0000000e+00  -2.4801845e-02   2.9380383e-02   3.0574169e-01   8.5970682e-01   4.8898639e-01  -3.1026584e-01
   2.0000000e+00  -9.3412306e-01   8.5623334e-01   1.0577580e+00  -3.3618690e-01  -1.9465433e-01  -1.7481381e+00
   2.0000000e+00  -2.4266460e-02  -3.8157989e-01  -1.8951415e+00  -4.2764208e-01  -1.8195064e+00   1.2239842e+00
   2.0000000e+00   6.6971524e-01  -4.9413878e-01  -1.2552046e+00  -5.4132939e-01  -4.6133738e-02  -1.1231364e-01
   1.0000000e+00   2.6600533e+00  -5.5781303e-01   7.4789857e-01   5.0060607e-01   4.0176393e-01   1.5820453e+00
   1.0000000e+00   2.1965074e+00  -7.5871006e-01   3.7270658e-01   1.1721318e-01  -3.9812825e-01  -1.4268379e+00
   2.0000000e+00  -1.2903351e+00  -2.4392419e-01  -6.7390077e-01  -2.5569165e+00  -1.6171268e-01   2.9744243e-01
   2.0000000e+00  -4.9590047e-01   5.4299822e-02   2.2919258e-01  -2.3656852e+00   1.7483970e-01  -2.8395159e-01
   2.0000000e+00  -1.2637512e+00   3.6705433e-02   6.4167515e-01   1.3898435e+00   3.8422864e-01   2.9061828e-01
   1.0000000e+00  -1.0815324e+00   2.9605904e-02   4.4537361e-01  -2.3919993e-01   6.9988096e-01   5.9444007e-01
   2.0000000e+00   1.9647174e-01  -5.3542075e-01  -1.3898471e+00   1.2299690e+00  -1.2716025e+00   5.1642536e-01
   2.0000000e+00  -1.5985037e-01   3.0412943e-01  -1.1213473e-02   2.0488077e-01   1.9816358e-01   5.4195075e-01
   2.0000000e+00   1.0012537e+00  -1.1753538e-04   5.7296551e-01  -9.9569524e-01  -6.1633304e-01  -1.6606510e+00
   2.0000000e+00   7.3484048e-01  -6.5834874e-02   1.6861694e+00   3.3126856e+00  -5.7159281e-01  -1.0776016e+00
   2.0000000e+00  -3.8896210e-01   9.7395573e-02  -4.5462670e-01  -8.6287927e-01   3.4381717e-01  -3.4228679e-01
   2.0000000e+00  -4.9734181e-01   1.5231071e-01   1.4374243e-01   4.9208372e-01  -2.0169706e+00   4.7263404e-01
   2.0000000e+00   1.4094834e+00   2.8195215e-01   2.7478902e-01   1.0859563e+00   8.4116638e-01  -9.3621196e-01
   1.0000000e+00  -5.9696695e-01  -1.2337841e-01   3.7579769e-01  -3.7755306e-01  -9.4331141e-02  -3.3136295e-02
   1.0000000e+00  -2.1218057e-01  -1.5939701e+00   1.1470111e-01  -6.5352101e-02   1.9011201e+00  -4.4439576e-01
   1.0000000e+00  -8.7435742e-01  -1.8509397e+00   6.7853021e-02  -4.5815666e-01   2.6645378e-01  -2.5315146e+00
   1.0000000e+00   2.0030559e-01  -7.3024139e-01   9.0645187e-02  -6.6758570e-02   8.7864371e-01   6.3970940e-01
   2.0000000e+00  -1.8168914e-01  -4.8639852e-01  -1.6560985e+00   1.0480326e+00   1.0994275e-01   6.1893040e-01
   2.0000000e+00   7.5856556e-01   6.7012609e-01  -1.9202930e+00   1.8725587e+00  -2.3431013e-01  -4.4931114e-01
   2.0000000e+00  -6.4882502e-02  -7.5174570e-01   1.0644494e+00  -8.6829945e-02  -9.1089296e-01  -6.7370583e-01
   2.0000000e+00  -9.9228291e-01  -7.7437999e-01  -1.1200369e+00   4.9534915e-01   6.3951824e-01  -8.9948861e-02
   2.0000000e+00   1.5256612e+00   6.3601998e-01   6.9202161e-01   1.0646241e+00   1.9725563e-01   9.3506761e-01
   2.0000000e+00   5.1480314e-01   1.2156335e+00  -8.5648980e-02   1.3900705e-01   8.4508956e-01  -1.4742206e+00
   2.0000000e+00  -1.3793299e+00   5.8464869e-01  -1.0245663e+00  -3.4824517e-01  -1.7727656e-01  -8.8917359e-01
   1.0000000e+00  -7.3111101e-01  -5.6709776e-01   4.3101952e-01   8.4324194e-01  -9.9181299e-01  -1.6377105e+00
   2.0000000e+00  -1.0070160e+00  -3.1868480e-01  -1.5881533e+00   8.2821080e-01   7.9558267e-01   1.3502811e+00
   2.0000000e+00   1.3874174e-01  -2.2311144e+00   3.9280449e-01   1.2702466e+00  -1.9897883e+00  -2.2731478e-01
   2.0000000e+00   4.5863336e-01   1.2802636e+00   1.2638662e+00  -5.2547965e-01  -6.8145016e-01   1.3155682e+00
   2.0000000e+00   3.3176900e-01   4.2553771e-01   1.4204406e+00  -6.9342407e-01   1.4160675e+00  -9.3603429e-01
   1.0000000e+00   1.0029656e+00   1.5599224e+00   8.7335858e-01  -2.6599449e-01   7.1577169e-01  -1.1264240e+00
   2.0000000e+00   1.3228470e+00  -9.2194267e-01  -1.0434820e+00  -2.1538127e+00   6.8182393e-01   1.3101453e-01
   2.0000000e+00   6.4936238e-01   3.2283349e-02   1.9910224e+00  -1.0302816e+00  -1.9755382e+00  -1.0714027e+00
   2.0000000e+00  -1.5764958e+00   1.1457641e+00  -4.0177552e-01   5.5973530e-01  -9.3448186e-01  -2.3761167e-01
   2.0000000e+00  -2.3382691e+00   5.2370107e-01  -9.0544463e-01   1.2092871e+00  -3.2605329e-01  -3.5436490e-01
   2.0000000e+00  -1.1869125e+00   1.2719017e+00   1.8421842e+00  -9.8981738e-01   6.6170150e-01   7.1873725e-01
   2.0000000e+00  -9.3504654e-01   4.3169891e-01   5.3078283e-02  -2.2504755e+00   8.7248255e-01  -2.2679478e+00
   1.0000000e+00   4.7911551e-01  -2.3306656e+00   2.8590875e-01  -4.0117680e-02   9.6688103e-01   6.8048951e-01
   2.0000000e+00   1.2723904e+00  -6.8564681e-01   1.1310533e+00  -6.1945755e-02   6.2755312e-01   5.7816716e-01
   2.0000000e+00   9.7699372e-01   1.7052340e+00  -2.6452678e-01   2.5919556e-01   1.4043658e+00  -3.2726795e-01
   2.0000000e+00  -1.3425758e+00  -5.9652106e-02  -6.3745564e-01   5.1886612e-01  -2.2034361e-01   1.4738885e+00
   2.0000000e+00  -1.3262838e+00  -9.1491222e-01  -3.9466656e-01  -2.1359827e-01   1.1314726e+00  -4.6278817e-01
   2.0000000e+00   1.1059525e+00  -7.9552255e-01   2.2008091e+00   9.1336607e-01  -2.2988699e-01  -9.1548511e-01
   1.0000000e+00  -2.7195617e-01  -3.0958229e-01   4.9359068e-02  -1.2377741e-01   1.0943770e+00  -1.4738324e+00
   2.0000000e+00   2.8105683e-01   1.7632575e-02  -1.0362526e+00  -2.0779134e-01   3.3510526e-01   5.5601860e-01
   2.0000000e+00  -1.6001621e+00  -1.8307546e+00  -1.8204812e-01   1.7592135e-01   3.4789691e-01   1.7072469e-01
   2.0000000e+00   5.9233753e-01   1.2529858e+00   1.5396945e+00  -3.7412146e-01  -1.6233157e+00   1.8646832e+00
   1.0000000e+00   1.6093509e+00  -1.7863723e+00   3.2010028e-01  -2.0443638e-01  -3.7861662e-01   7.4687850e-01
   2.0000000e+00   1.6369128e-01  -1.2803473e+00   1.1947461e+00   1.1530778e+00   7.7699951e-01   3.1187736e-01
   2.0000000e+00   4.6367668e-01   1.4024465e+00  -1.4539143e+00   7.3178635e-01   1.9929821e-01   3.6878755e-01
   2.0000000e+00  -4.3985826e-01  -1.0094228e+00   1.9036755e-01  -2.3602259e+00  -1.1376227e+00   1.0299701e+00
   2.0000000e+00   4.3073487e-01   7.9017454e-02  -1.3283472e-01  -2.9959688e+00  -2.9560327e-01  -1.1974973e+00
   2.0000000e+00  -6.4503305e-01   4.1520505e-01  -8.3973335e-01  -4.5438397e-02  -4.9245469e-01   1.9326846e+00
   2.0000000e+00   2.6010706e-01   8.9549329e-01  -7.6758213e-01   3.1026352e-02  -1.4127179e+00   1.1493070e+00
   2.0000000e+00  -4.7229450e-02   1.2575384e+00  -2.6469194e-01   6.5651143e-01   9.6144666e-01  -2.5227652e+00
   2.0000000e+00  -9.5075334e-01  -1.5240335e+00  -8.7925794e-01   9.6612212e-02   3.0658859e+00   1.6877810e-01
   2.0000000e+00  -9.3701248e-01   4.9109129e-01  -1.7182438e+00  -8.1225860e-01   1.6022715e+00   1.2685482e-01
   2.0000000e+00  -2.8143067e+00   2.9622870e-01  -1.9821696e+00   8.5096909e-01   7.1555200e-01  -1.5036529e-01
   2.0000000e+00   5.1508100e-01  -1.5258148e+00  -1.7723583e-01   5.1803575e-01   1.1529037e+00  -5.9322670e-01
   2.0000000e+00   3.3130613e-01   8.9517165e-01  -1.7741779e+00   5.7758632e-01  -1.6122316e+00   6.7020582e-01
   2.0000000e+00   6.2566861e-01   1.5044127e+00   5.5609266e-01  -1.2095449e+00   4.4097315e-01  -2.0874550e-01
   1.0000000e+00   2.0414038e-01   1.9027307e+00   8.5779335e-01  -3.3223513e-02  -1.0071009e+00  -3.0244491e+00
   1.0000000e+00  -5.6321992e-01   4.9797038e-01   1.0196635e-01   7.4600629e-01   1.4812652e+00   1.2312617e-01
   2.0000000e+00   4.4088814e-01   7.6237997e-02  -2.4642292e+00  -4.3145454e-02   7.7156134e-01   7.0388055e-01
   2.0000000e+00   9.2213700e-01   3.3581871e-01  -3.9621475e-01  -3.7027374e-01  -1.2520225e-01  -1.1104350e+00
   1.0000000e+00  -7.0204914e-02   4.3252129e-02   8.1373964e-01   3.7571882e-01   1.2926560e+00  -9.4341968e-02
   1.0000000e+00   3.8551067e-01   7.0700666e-01   7.7101895e-02  -4.8501499e-01  -5.7685076e-01  -7.0535082e-01
   2.0000000e+00   4.4904816e-01  -5.8532685e-01   1.4746992e+00  -1.0554452e+00   4.1621641e-01   5.8092115e-01
   2.0000000e+00  -1.2831963e+00  -5.4472603e-01  -1.1029396e-01   2.6446300e-01   3.5586228e-01  -1.5090435e+00
   2.0000000e+00   7.1917339e-01   1.2054342e+00  -8.2142591e-02   2.3008610e-01   1.6315438e+00  -5.5054304e-01
