   1.0000000e+00   4.7653632e-01   1.2726008e-01  -6.1853450e-01   2.0344772e-02   1.5095484e-01  -7.9641388e-01
   2.0000000e+00  -6.6631239e-01   4.3205177e-01   3.2745887e-01  -2.1607611e+00  -2.6679335e-01   1.1632672e+00
   2.0000000e+00   7.8526360e-01   1.4542919e+00  -9.4337589e-01  -1.5584352e+00   9.0456931e-01  -2.1126183e+00
   2.0000000e+00  -1.0298747e+00   4.8927851e-01   1.0200579e+00  -1.4402458e+00  -7.9859270e-01  -8.8703858e-01
   1.0000000e+00  -8.0238578e-01   1.8938825e+00  -7.2021627e-01  -2.1624211e-01   1.0825945e-01   4.8164957e-01
   2.0000000e+00  -5.5002187e-02   2.8227021e-02  -1.1390536e+00   9.4303695e-01  -6.7850428e-01  -1.1782701e+00
   1.0000000e+00  -6.2471151e-01  -1.2455836e+00   3.1275613e-01  -4.2579558e-01   8.4498807e-01  -4.2774651e-01
   2.0000000e+00   1.2529551e+00   6.7808330e-01   1.1041325e+00   1.0170170e+00  -2.5936141e-01   1.0932798e+00
   2.0000000e+00  -3.3733710e-01  -6.9224763e-01  -1.5012256e-01   1.3009102e+00   1.8396110e+00  -7.5978376e-01
   2.0000000e+00   6.9995540e-01  -5.8635805e-01  -4.9136626e-01  -4.5469368e-01  -5.7205643e-01   7.7959542e-01
   1.0000000e+00   2.8685637e-01   1.2402168e+00   1.7524239e+00  -6.1676734e-01   2.4842084e-01  -2.3274884e-01
   2.0000000e+00  -3.1670178e-01   7.5498187e-02  -3.7106147e-01   4.2219768e-01   6.9451480e-01   1.2618313e+00
   2.0000000e+00   1.7942856e+00   1.4682387e+00  -4.6106173e-01  -1.2826717e+00   5.2185818e-01   1.4247467e+00
   2.0000000e+00  -1.2190058e+00   1.3674538e+00   4.5466181e-01  -3.4652905e-01   8.0740429e-01   7.8380425e-01
   2.0000000e+00   7.7171621e-02   3.0321483e-01  -4.7889921e-01  -1.6510236e-01  -1.7398555e-02   5.3697145e-01
   2.0000000e+00  -5.1727784e-01  -4.1244101e-01   7.1540752e-01  -3.7802199e-01  -1.5484278e+00   3.0209662e-01
   2.0000000e+00   3.6490459e-01   1.0330137e+00   9.1371360e-01  -8.9978930e-01  -1.7420565e+00  -1.2718867e-01
   2.0000000e+00   2.3713245e+00   6.1244566e-01   3.9338474e-01  -1.4106549e+00   2.7728199e-01  -1.3178014e+00
   2.0000000e+00  -3.4140958e-01   1.5651979e-01   4.3346516e-01  -1.3099156e+00  -3.2432052e-02   2.7225147e-01
   2.0000000e+00  -1.3621922e+00   2.9882172e+00  -2.1767236e-01   1.6595863e+00   4.6865311e-01  -2.5068744e-01
   2.0000000e+00  -6.0988891e-01   6.9555389e-01   1.8114861e+00   6.5558303e-01  -1.4471863e+00  -1.6388350e+00
   2.0000000e+00  -2.4436202e+00  -8.5231810e-01   6.6251009e-01  -7.9046219e-01   1.5947325e-01  -1.0494307e+00
   2.0000000e+00   4.2712583e-02  -1.9773148e-01   9.7966274e-01   8.4751091e-02  -2.1420865e-01  -2.0959464e+00
   1.0000000e+00  -1.2387280e+00  -1.8134120e+00  -6.8384515e-01   3.6750093e-01   4.0762047e-01  -2.1836083e-01
   2.0000000e+00  -4.4354635e-01   5.3301500e-01  -6.2371527e-01   5.6808814e-01  -5.3400845e-01   6.6445311e-01
   2.0000000e+00   6.4013200e-01  -6.5418453e-01   1.5744617e+00   1.1629885e+00  -9.3157840e-01  -1.9662864e-01
   2.0000000e+00  -1.2143701e+00   9.3444204e-01  -1.3623912e+00  -1.2889500e-01   7.9142568e-01   3.0793412e+00
   1.0000000e+00   1.0740582e+00  -2.2534413e-01  -1.0493120e+00   4.6222129e-01   2.5512946e-01   2.5194112e-01
   2.0000000e+00  -7.7942761e-01  -1.5987889e-01  -6.4499937e-01   1.6423599e+00  -1.2614238e+00   7.7144539e-01
   1.0000000e+00   8.4939580e-01  -6.8586209e-02  -8.9023001e-01  -5.5077716e-01   1.8711797e-01   6.2695842e-01
   1.0000000e+00   4.3242624e-01   3.5516631e-01   5.6814848e-01   3.6178464e-01   5.0247008e-01   6.9745005e-01
   2.0000000e+00   2.5163731e-01  -8.6983967e-01   2.5775576e-01  -5.8932929e-01  -5.3813416e-01  -8.7581496e-02
   2.0000000e+00  -2.0340042e-01  -4.5695499e-01  -1.3892286e+00  -2.5329498e-01   2.3914958e-01   1.0724176e+00
   1.0000000e+00   7.0180937e-01  -8.1826943e-01   1.6590765e+00   9.9813966e-01   4.5157623e-02   8.9908982e-01
   1.0000000e+00   1.4758710e+00  -4.0931863e-01   3.8012102e-01  -6.2028713e-01   7.1318710e-02   1.9329467e-01
   1.0000000e+00  -2.4663661e-01   5.2565338e-01   7.5849383e-01   5.9521022e-01   5.2356606e-01  -6.6651555e-01
   2.0000000e+00   1.7320691e+00   1.5186213e+00  -6.5126021e-01   5.1899626e-01  -6.5424081e-01   6.7730350e-02
   2.0000000e+00   4.6290428e-01   8.7683729e-01  -3.5012444e-01  -1.7469001e+00   1.8452471e+00  -5.3825773e-01
   1.0000000e+00  -1.5808626e-01  -1.6379172e+00   9.9472497e-01  -1.2074577e-01   3.7262293e-02  -2.4767026e-01
   1.0000000e+00  -5.0043406e-01  -8.6080294e-01  -1.4217843e-01  -1.4289618e+00   3.8368508e-01   6.3421597e-01
   2.0000000e+00   2.1401897e-01   1.1170803e+00   1.3189769e-01   3.9818114e-01   1.1971571e+00  -5.7162861e-01
   2.0000000e+00   2.3375787e+00   1.3034524e+00  -5.8035407e-01   1.4158596e+00  -5.4707861e-01  -6.6860186e-01
   2.0000000e+00  -5.1806466e-01   2.7273495e-01  -2.7338789e-01  -1.3592598e+00  -1.5706405e-01  -4.3908817e-01
   1.0000000e+00   5.7163201e-01   1.6247618e-01   1.6957273e-01  -1.2761658e+00   1.1882371e-01  -3.7998190e-01
   2.0000000e+00   5.1207732e-01  -5.1080367e-01  -8.6833330e-01  -1.4857390e+00   8.8192667e-01   5.2556651e-01
   2.0000000e+00   9.4487800e-01   1.7070365e+00  -2.3541359e-01   1.2539970e+00  -3.5166516e-01  -2.8659700e-01
   2.0000000e+00  -2.1765481e-01  -8.5698672e-01  -4.7555778e-02   1.5220543e+00  -8.2266151e-01   1.8314591e+00
   2.0000000e+00   1.4110549e+00  -8.4472737e-02  -1.2732818e+00   7.1735464e-01  -4.7765685e-01   1.3555088e+00
   2.0000000e+00  -1.3558530e+00   1.2361220e+00  -7.5651016e-01  -5.6092225e-01   1.0441867e+00   1.4869694e+00
   2.0000000e+00  -1.0323725e+00  -7.6197602e-01   8.5363824e-01  -3.7056555e-01  -3.8399742e-01  -6.1505214e-01
   2.0000000e+00   6.4055089e-01  -2.9136704e-01  -1.1939941e+00   6.1397586e-01  -6.9242773e-01  -1.5949421e+00
   2.0000000e+00  -2.0050673e+00   6.6013732e-01  -1.3470625e-01   1.1489811e+00  -1.7770429e+00  -5.8819191e-01
   2.0000000e+00  -1.0367806e-01   2.6279117e+00  -1.6168780e+00   6.9726055e-01  -8.1479022e-01   5.9464758e-01
   2.0000000e+00  -2.6629477e-01  -7.0428173e-01   7.2944410e-01   2.5954488e+00  -8.7419899e-01  -2.7216728e-01
   2.0000000e+00   2.0820450e+00  -1.5110258e+00   3.5171553e-03   1.0684668e+00  -9.1822623e-01  -6.1180864e-01
   2.0000000e+00  -1.2104667e+00   6.5985726e-01   8.7486741e-01   5.0810241e-01  -2.0670957e-01   7.3189143e-01
   2.0000000e+00   2.5785268e-01  -5.4398219e-01  -2.2448472e-01   1.7863651e+00   2.3553847e+00  -2.0651434e+00
   2.0000000e+00   1.4548169e+00   5.0420451e-01   5.0081014e-01   3.8110777e-01  -1.0834308e+00  -4.4414676e-01
   2.0000000e+00  -7.9932000e-01   4.7689479e-01  -1.1555624e+00   1.5435978e-01  -4.6375315e-01   3.6668815e-01
   2.0000000e+00  -9.8839746e-01   5.6130932e-01   1.3108650e+00   1.2887539e+00  -5.6715154e-01   1.7232904e+00
   2.0000000e+00  -1.3082627e-01  -8.1733825e-01  -2.0320483e+00  -1.2857403e+00   1.6566946e+00   2.6870064e-01
   2.0000000e+00  -1.7208512e+00   5.4286317e-01   1.7828806e-01   1.2557311e+00  -5.9883381e-02   9.0732880e-01
   2.0000000e+00  -1.8128980e+00  -8.4987928e-01  -4.5206655e-01   5.5614794e-01  -6.0783073e-01  -8.9870097e-01
   2.0000000e+00  -1.2171230e-01  -1.6735273e+00   4.2933083e-01   2.1958154e+00  -1.4887046e-01   2.8771675e-01
   1.0000000e+00   2.9430369e-01   4.1356949e-01  -9.0530849e-01   2.2120566e-01   4.1157729e-01  -7.9252124e-01
   2.0000000e+00   1.7717269e+00  -7.9594419e-02   1.9826542e+00  -1.1565219e+00   3.6538646e-01   9.3856974e-01
   2.0000000e+00  -1.2056534e-01   5.9034138e-01   2.9879083e-01   9.7343982e-02  -1.5078034e+00  -1.6332960e-01
   2.0000000e+00  -1.0452336e-01  -3.2453182e-01  -1.2920023e+00   9.1518037e-01  -1.1318191e-01   5.2066608e-01
   2.0000000e+00   8.9859650e-01   2.7367793e-01   1.1957566e+00  -1.5853200e+00  -6.0891153e-01  -1.2860417e+00
   2.0000000e+00   5.3649402e-01  -1.3833047e+00   3.7153464e-01   3.4670603e-01  -2.7584100e-01   5.8942354e-01
   1.0000000e+00   1.1148740e+00   4.2406585e-01   3.0881911e-02   1.8897043e+00   5.0416954e-02   1.7424781e-01
   2.0000000e+00  -1.7179766e-01   1.2236071e+00  -7.7128644e-01   8.5481727e-01  -1.1310928e+00   5.1253521e-01
   2.0000000e+00  -1.1929393e+00   1.0371920e+00   1.4886198e+00  -1.0176040e+00   9.4718372e-01  -1.1492450e+00
   2.0000000e+00   6.9130572e-01   6.2535529e-03  -7.5313924e-01  -1.1085529e+00  -5.9877711e-01   5.2513981e-01
   2.0000000e+00  -8.0024766e-01   5.3302059e-01  -1.1040496e+00   3.5409384e-01   9.7605548e-01   4.7981572e-01
   2.0000000e+00  -1.7480452e+00   7.6491024e-01   1.5367893e+00  -1.0000492e+00   1.5669935e+00   3.7360582e-01
   2.0000000e+00   1.6497107e+00   6.7585392e-01   9.3691956e-02  -1.5994229e+00  -7.5868461e-01   6.1462430e-01
   2.0000000e+00  -3.1820612e-01  -7.3526057e-01  -1.6155450e+00  -9.2483584e-01   1.1606329e+00   1.4527467e-01
   2.0000000e+00   6.3799767e-01   1.7385673e+00  -1.2625220e+00   3.3054568e-01  -1.4599773e-01  -6.4438442e-01
   2.0000000e+00  -9.7872857e-01  -4.7586528e-01  -2.1495779e-01  -3.8093790e-01   2.6003302e+00   8.6886769e-01
   2.0000000e+00   8.1363843e-01  -6.1590370e-01   3.8505825e-01  -2.9422742e-01  -8.8194603e-01  -3.5051727e-02
   1.0000000e+00   3.5139091e-01   9.6320815e-01  -2.3523888e+00  -8.5644021e-01   2.3384448e-01  -1.9190173e-01
   2.0000000e+00  -2.3865820e-01  -7.0913853e-01   3.8433661e-01  -3.3410092e-01   1.9717685e+00   9.5860388e-01
   1.0000000e+00  -1.7012262e+00  -1.4150518e+00   7.1612147e-01   1.6569586e+00   1.7899666e-01  -2.6730912e-01
   1.0000000e+00  -7.1720383e-01  -3.4033783e-02   2.0274225e-01  -7.5008225e-02   2.9340822e-02   2.6249868e-01
   2.0000000e+00  -7.9202859e-01   1.9206050e+00  -6.7058243e-01  -6.9290836e-01  -1.6209660e-01   1.0303188e+00
   2.0000000e+00  -5.2251498e-01   1.9070754e-01   5.7608590e-01   7.6088171e-01  -4.1102618e-01   5.3487990e-01
   2.0000000e+00  -1.1496864e+00  -3.6469133e-01   8.1566352e-02  -2.3544684e+00   1.8513616e-01  -2.3042313e+00
   2.0000000e+00  -2.1876846e-01  -4.1925737e-01  -1.2458781e+00   1.0331015e+00   3.5006756e-02   1.0508120e+00
   2.0000000e+00  -1.7552132e+00   4.5829311e-01   1.8668250e+00  -1.6796033e+00   4.8330269e-01  -9.7874661e-01
   2.0000000e+00   1.2504727e+00   4.0996250e-01  -1.6421919e+00   4.8687106e-01   2.4358536e+00   1.1427254e+00
   2.0000000e+00   1.3508382e+00   7.1638174e-01  -6.4627795e-01  -1.2412305e+00   1.6216568e+00   1.6081676e+00
   2.0000000e+00   1.5967838e+00  -1.6198934e+00  -2.6920177e-01   7.3922275e-01   1.0994738e+00   1.4657832e+00
   2.0000000e+00   7.0334901e-01   5.7384901e-01  -2.2125280e-01  -7.4604876e-01  -1.7531826e+00  -5.6911132e-01
   2.0000000e+00  -5.2791667e-01  -1.9083889e+00   1.7700629e+00   6.5880532e-01  -4.5639540e-01   4.0800304e-01
   2.0000000e+00   9.9918682e-02  -1.5361973e+00   6.5108601e-01   1.3044627e-01   1.7982877e-01   1.9777533e+00
   2.0000000e+00   1.2000651e+00   9.4254332e-01   7.1335087e-01  -7.0540454e-02  -2.1582843e-01  -2.4494909e+00
   2.0000000e+00   4.5732763e-01  -1.3096801e+00  -9.0319619e-02  -5.3162539e-01  -5.9540663e-01  -1.2162831e-01
   2.0000000e+00  -8.7709030e-01   3.7047782e-01  -1.8113416e+00  -1.1834550e+00   7.8807254e-02  -1.8249965e+00
   2.0000000e+00  -7.8295705e-01   1.3204578e-02  -1.3056567e-01  -7.0828513e-01  -2.5220902e-01  -3.0679398e-01
   2.0000000e+00   1.1040737e+00   3.1416897e-01  -9.3559944e-01  -2.9350872e-01  -8.2039528e-01   6.1177682e-01
   1.0000000e+00  -9.3136511e-01   2.4531075e-01  -5.8387516e-01  -1.4523119e-01   3.2037710e-01   3.7774572e-01
   2.0000000e+00  -8.1618214e-01  -6.8668443e-01   1.0832426e+00   2.3897537e+00   1.3186293e+00  -1.1502251e-01
   2.0000000e+00   2.5145754e-01   9.7230053e-02   1.7473222e+00   8.8801530e-01  -1.5924463e+00   1.7561214e+00
   2.0000000e+00  -9.8554045e-01  -9.0193556e-01  -1.4985454e+00   1.2049723e+00  -9.6981748e-01  -1.3953025e+00
   2.0000000e+00   2.4058472e-01   1.8687158e+00  -5.2918182e-01   1.0169603e+00   4.9417464e-02  -2.0215702e+00
   2.0000000e+00  -6.7161796e-01  -1.1707139e+00  -1.8086105e+00   2.2580791e+00   1.2718025e+00   2.3452621e+00
   2.0000000e+00  -3.0938418e-01  -6.5097277e-01   4.8174851e-01   5.7378392e-01  -1.0464792e+00  -4.9652878e-01
   2.0000000e+00  -5.8359177e-01  -1.9293303e+00   3.2658069e-01  -7.5241982e-01  -3.1848014e-01   2.3677584e-01
   1.0000000e+00  -8.2964450e-01  -7.7639404e-01  -1.6306348e+00  -1.6574369e-01   1.6104471e-01  -7.4561642e-02
   2.0000000e+00   2.4689412e-01   3.2200129e-01   9.0380030e-01  -8.6910557e-01   1.0751070e+00  -1.5979594e-01
   2.0000000e+00  -2.4052024e-01   1.0062396e+00   1.2752690e-01  -5.6763708e-01  -1.2854544e+00  -1.2537217e+00
   1.0000000e+00   1.9607801e-01  -8.3675880e-01   1.1614686e+00   9.3887179e-01   3.5887904e-01   2.0300372e-01
   2.0000000e+00   1.8009882e-01   1.4144536e-01  -4.3179516e-01  -1.5832664e+00  -3.5779553e-01   6.6875535e-01
   2.0000000e+00  -8.0979750e-01   1.7804917e+00   4.0639224e-01  -9.0865341e-01   1.1268733e-01  -1.3272218e+00
   2.0000000e+00   2.2778198e-01  -4.1334487e-01  -2.4615756e+00   5.2639557e-01  -4.6913515e-01   5.4873588e-01
   2.0000000e+00  -7.4819999e-01  -2.6965738e-01  -3.1698032e-01   1.4797677e+00   1.5980103e-01  -2.3984625e+00
   2.0000000e+00  -8.8181305e-02   8.6586411e-01   1.8431528e-01   6.7546846e-01  -9.8263970e-01  -4.2348170e-01
   2.0000000e+00   2.3548936e-01  -2.9784549e-01  -9.2765161e-01  -7.4622807e-01  -3.8065246e-01  -3.9860800e-02
   2.0000000e+00   9.4747962e-01  -7.4121497e-01   4.3178773e-01   8.5147128e-01  -8.1818882e-01   4.6494100e-01
   2.0000000e+00  -2.6364121e-01  -7.9207087e-02  -3.4541380e-02  -3.1407211e-01  -8.0361475e-01   7.2153102e-01
   2.0000000e+00   5.1856296e-01   1.1235356e+00  -1.0739840e+00   1.5038905e-01  -1.1002985e-01   1.3777081e+00
   2.0000000e+00   8.6553900e-01  -9.4097137e-01   9.2080245e-01   1.3628721e+00  -1.4256148e+00  -1.1147678e+00
   1.0000000e+00  -2.0559006e-01  -1.0219785e+00  -9.5069379e-01   1.9361987e+00   7.1939815e-01   7.7475488e-02
   2.0000000e+00   2.8362808e-02  -7.1073164e-01   1.0983125e+00   8.1928086e-01  -6.3974706e-01   9.4908140e-01
   2.0000000e+00  -5.4712025e-01  -1.9528909e+00  -3.2548359e-01   1.3903024e+00  -1.9996336e+00  -1.6989854e-01
   2.0000000e+00   2.7908774e-01  -1.1398277e+00  -1.8048134e-01  -1.3051389e+00   3.3404277e-01  -1.6392120e+00
   2.0000000e+00   1.2501020e+00   3.6285028e-01   1.2877343e+00   9.5893416e-01   7.8612476e-01   1.0365305e+00
   2.0000000e+00  -7.4308000e-01   3.4546622e-01  -2.1067156e-02   2.1600496e+00   1.5803001e+00  -3.8258434e-01
   1.0000000e+00   1.0024290e+00  -1.2201359e+00   6.4565686e-01   3.6990850e-01   6.7150586e-01  -2.6118908e-01
   2.0000000e+00   1.1543598e-02   6.1635709e-01  -5.7350887e-01  -6.1821282e-01   1.5311835e+00   9.1181426e-01
   2.0000000e+00   4.0411207e-02  -4.2040794e-01  -1.1390642e-01  -1.3453723e+00  -1.2954445e+00   4.0433334e-01
   2.0000000e+00  -9.7451867e-01   1.8433610e+00   2.7035294e-01   4.5484642e-01  -1.0878208e+00   4.3612652e-01
   1.0000000e+00  -5.3790107e-02  -7.3470310e-01   3.7848506e-01   1.1199594e+00   7.0982428e-01  -3.6384988e-01
   2.0000000e+00  -7.2773676e-02   2.2832424e+00  -2.6003934e+00  -2.5202963e-01  -7.2537845e-01  -6.8609774e-01
   2.0000000e+00   2.1175280e-01   2.6172479e-02   1.3980497e-02   3.1240827e-01  -2.3806739e+00  -3.1961905e-02
   1.0000000e+00   1.3765185e+00   1.4507438e+00   4.1084512e-01   1.8774462e-01   7.8042982e-01   1.3344367e-01
   2.0000000e+00   2.9456734e+00   1.5116687e+00   3.6506012e-01  -8.3096714e-01  -1.5476019e-01   1.2389536e+00
   2.0000000e+00  -2.7530451e-01  -3.5005820e-02  -7.7286229e-01  -1.4713073e+00  -5.2948180e-01  -9.8836248e-01
   2.0000000e+00   1.5886933e+00   2.3226757e-01  -7.5045970e-01   6.7087294e-01   2.0817785e+00   1.0966996e+00
   2.0000000e+00   1.6400457e+00   5.4934554e-01   7.8827728e-01   2.7841627e-01   1.7415462e+00  -9.1345799e-02
   2.0000000e+00   1.1717828e+00   1.6378572e-02  -1.4399245e-01   1.5820165e+00  -6.4836003e-01  -6.8606020e-01
   2.0000000e+00  -7.7844174e-01  -3.0413114e-01  -2.3342251e+00  -3.3880770e-01  -3.2245924e-02  -9.4101162e-01
   2.0000000e+00   1.5242115e+00   4.4368212e-01   2.5124591e-01  -1.0701526e+00   7.8938217e-01   8.8728189e-01
   1.0000000e+00   3.1266471e-01   2.1607080e-01   1.2911475e-01   9.8346865e-01   8.0467783e-01   4.0201367e-01
   1.0000000e+00  -1.6773749e+00  -8.6733477e-01  -3.0143508e-01   1.3988150e-01   7.0965210e-01  -6.0617032e-01
   1.0000000e+00  -4.5058949e-01   1.8520122e+00   1.2905640e+00   1.9883329e+00   1.7083066e-01   3.3169694e-01
   1.0000000e+00   1.6127014e+00   1.6013397e-01  -1.7144509e+00   1.6063059e-01   6.3337694e-01   5.8506077e-01
   2.0000000e+00   1.0678836e-03   1.7423581e+00   7.2045793e-01  -6.0809164e-01   8.2239293e-01   8.2532288e-01
   2.0000000e+00  -2.8455053e-01  -1.2411159e+00   6.1923871e-03  -5.9670850e-01  -8.4247560e-01  -1.8111106e+00
   2.0000000e+00  -6.9760452e-01  -7.8470747e-01  -2.8873361e-01   1.2517256e+00   1.7933589e-01   9.8734819e-01
   2.0000000e+00   8.5430407e-01  -8.9398807e-01  -4.6948644e-01   2.8505406e-01  -1.4782059e+00  -8.0476101e-01
   2.0000000e+00   3.3236053e-01  -2.3458480e-01   1.8071799e-01  -4.2730606e-01  -3.8765534e-01   4.7988128e-01
   2.0000000e+00   1.5032824e+00  -1.7536038e+00  -9.7258796e-03  -1.8062099e-01  -9.7964737e-01   7.1243108e-01
   1.0000000e+00   6.9732769e-01  -1.0127123e+00   4.1623405e-01   1.1884765e+00   6.4608539e-01  -1.5881734e-01
   2.0000000e+00   8.4027364e-01   7.6064544e-01  -4.1372527e-01   7.0234997e-01   7.2332204e-01   2.0044166e+00
   2.0000000e+00  -1.6916058e-01  -6.2114728e-01   6.8271288e-01  -6.0257452e-01   1.1411848e+00   4.0838652e-01
   2.0000000e+00  -1.5618915e+00   4.5287676e-01   1.9345027e+00   2.9354305e-01  -1.2011930e+00   6.9960240e-01
   2.0000000e+00   3.2195604e-01  -6.5756165e-01  -2.4776271e+00  -1.0513903e+00   1.3792387e+00   1.6046732e+00
   2.0000000e+00  -1.2714268e+00  -1.4862904e+00  -1.8284538e-01   2.4513063e-01   1.9933118e+00  -1.0177225e+00
   2.0000000e+00  -5.8164494e-01  -1.1143044e+00   7.8180390e-01   4.8097082e-01   1.5919141e+00  -1.1623244e+00
   2.0000000e+00  -9.2671493e-01   1.5114448e-01  -1.8781924e+00   4.0257694e-02   2.0992424e+00   8.4983591e-01
   2.0000000e+00   5.3402017e-01   1.6424812e+00   2.6754568e-01  -4.5845238e-01   5.8316218e-01  -8.7382381e-01
   1.0000000e+00   6.3043575e-01  -6.3582267e-01   5.4936298e-01  -4.1548230e-01   9.8512286e-02   6.1367625e-02
   2.0000000e+00  -4.0632291e-02   9.8973691e-01   3.6048487e-01   3.6906472e-01   7.6484329e-01   1.2450334e+00
   2.0000000e+00   1.7460783e+00  -9.0450067e-01   5.9740006e-01   1.4696561e-01   2.0721355e-01  -1.1823931e+00
   2.0000000e+00  -1.6850500e+00  -1.6996732e+00   7.0620018e-02   7.1013149e-01  -3.2766552e-02  -4.6032718e-01
   2.0000000e+00  -1.0093947e+00  -2.7395739e+00   7.8329467e-01  -7.3920452e-01  -4.6545497e-01  -8.5359101e-01
   2.0000000e+00   2.6940421e-02   1.1877187e+00  -1.3353285e-01   1.4985890e+00   2.5317928e+00   5.7243697e-01
   2.0000000e+00   1.5820624e-01  -6.4819123e-01   8.9505372e-01   2.1529870e-01   9.8127138e-01   9.6733864e-01
   2.0000000e+00   4.5724028e-02  -6.4827006e-01  -1.0351099e+00  -1.6827865e+00  -5.6920231e-01  -1.7570254e+00
   2.0000000e+00   2.7630231e-01  -5.9096887e-01  -1.0384520e+00  -1.0343270e+00   4.9981781e-01   1.1563072e+00
   2.0000000e+00  -5.1116303e-01   8.9766086e-01  -8.5469879e-03  -7.3670105e-01   1.9048521e+00  -1.0243627e+00
   2.0000000e+00  -1.3385716e+00   1.0602599e-01  -4.1285995e-02   9.9350983e-01  -1.6147264e-01  -2.7679341e+00
   2.0000000e+00  -6.5324268e-01   5.7848284e-01  -1.6876323e+00   3.8809069e-01  -1.2519135e+00   4.0454860e-02
   2.0000000e+00  -1.0569995e+00  -3.0752647e-01   1.0969030e+00   1.9557135e+00  -3.3263870e-01  -8.9278562e-02
   2.0000000e+00   1.0188100e+00   5.9829507e-01  -7.3134799e-01   1.2536450e+00   3.8689146e-01   1.1146583e+00
   1.0000000e+00   3.9782931e-01  -1.1152863e+00   1.1129102e+00   2.7718359e-01   1.9121121e-01   2.5200004e-01
   1.0000000e+00  -9.8462866e-01  -7.3172058e-02   3.1537668e-01  -7.8196352e-01   1.4175574e-01  -1.3689651e-01
   2.0000000e+00   4.1715396e-01  -1.1031593e+00   6.9836744e-01  -1.5960868e+00  -8.5181526e-01   3.9260320e-01
   2.0000000e+00   3.7616247e-01  -1.2474693e+00  -1.4464588e+00   1.5403548e+00  -5.3125834e-01   2.9945165e-01
   1.0000000e+00   8.3123134e-01   4.4195176e-01  -1.7135857e-01   7.0842169e-01   1.7533349e-02  -9.9668971e-01
   2.0000000e+00   3.9163005e-01  -2.0817443e-02   5.2021823e-01  -1.4275965e-01  -9.5304341e-01   5.7447671e-01
   2.0000000e+00   6.5157053e-01   2.8386509e-01   2.6218212e-01   1.2292252e-01   2.0581500e+00   2.0066933e+00
   2.0000000e+00  -1.1888112e+00   2.6571115e-01  -1.9823493e-01  -1.5842583e+00  -6.8284556e-01   1.0426227e+00
   1.0000000e+00   1.0958963e+00   3.2063097e-01   8.4270409e-01   9.0553237e-01   1.8879209e-01   3.5138098e-01
   2.0000000e+00   5.6296706e-01   7.9239223e-01   1.2322058e-01  -1.0709531e+00  -7.2611771e-01   1.3403727e+00
   2.0000000e+00   5.4142024e-01   1.4397167e+00   1.8038430e+00  -5.8614058e-01  -4.5081074e-02   1.2375753e+00
   1.0000000e+00  -5.2916353e-02  -1.7742528e-01   1.1567195e+00  -6.4098512e-02   9.5497397e-02   8.3443374e-02
   2.0000000e+00   1.4759075e+00  -1.5493249e+00   1.2016790e+00  -4.5415137e-01   2.7249564e-01  -1.1529884e+00
   2.0000000e+00  -2.3399762e-01  -4.2445427e-01  -4.3846936e-02   2.0760490e+00  -9.9027435e-01   5.2706336e-01
   1.0000000e+00  -8.3408602e-01   9.1336316e-01   1.3878514e+00   7.8965323e-01   9.2344241e-01   3.2764306e-01
   2.0000000e+00   8.9554898e-01   9.6699217e-01   2.1235475e+00  -1.9763319e-01   4.0695958e-01   1.9217317e+00
   2.0000000e+00  -4.1675477e-01   5.2601242e-01   2.0689756e+00   2.3214507e-01   2.5388545e+00   3.0525090e-01
   2.0000000e+00   5.2879075e-02   3.3706398e-01  -1.3877348e-02  -3.4871957e-01   1.8079461e+00  -7.4201284e-01
   2.0000000e+00   9.5120901e-01   5.1052029e-01  -1.3519345e-01   1.7261001e+00   1.8570791e+00  -1.7505380e+00
   2.0000000e+00   7.8838557e-01   5.5920993e-01  -1.2706817e-01   5.5197038e-01  -1.4884691e+00   9.5546852e-01
   2.0000000e+00   9.7373349e-01  -6.3770768e-01   8.5275009e-02  -1.2610555e+00  -9.2699085e-01   7.7475305e-01
   2.0000000e+00   3.1300380e-01   1.3109353e-01  -5.9995835e-01   6.5461240e-01  -3.5271255e-01   1.1525841e+00
   2.0000000e+00   1.3696656e+00   2.1140427e-01  -1.0061451e+00   4.7794954e-01   1.0772107e+00   9.4433291e-01
   2.0000000e+00  -4.4224552e-01   1.8285072e-01  -1.4816703e+00  -1.0139844e-01  -2.3697482e+00  -1.5339230e-01
   1.0000000e+00   2.2592798e+00   1.4979123e+00   1.4445992e-01   6.2420157e-01   6.8181460e-02   1.3232290e-01
   2.0000000e+00  -1.6491521e-01  -1.8653967e+00   1.3009183e+00   8.8200961e-01  -1.2896177e+00   6.7414847e-01
   1.0000000e+00   1.7810023e+00   4.5731487e-01  -1.2358600e+00   4.8090647e-01   5.5470024e-01  -5.4679834e-01
   2.0000000e+00   7.8121005e-01  -1.7629054e-03  -4.6442061e-01   4.5622173e-01  -2.4694449e+00  -7.9619476e-01
   2.0000000e+00   1.0242190e+00   6.0640915e-01  -1.7111762e-01  -3.6893329e-01  -1.5573774e+00  -9.9246995e-02
   1.0000000e+00   1.1698320e+00   6.7587398e-01  -1.9832462e-01   6.7317626e-01   6.9978259e-01   4.8405525e-01
   2.0000000e+00  -6.7470143e-01   3.1649448e-01  -6.0979796e-01   6.0726926e-01  -3.3357739e-01   3.6041947e-01
   1.0000000e+00   2.0705151e-01  -6.5821464e-01  -2.7336390e-01  -2.8020122e-01   7.5121582e-01   2.0839984e-01
   2.0000000e+00   1.4408979e+00   4.6452603e-01  -3.0060852e-01   3.2390231e-02  -1.8446476e+00  -2.6162047e-01
   2.0000000e+00  -1.0802343e+00  -1.4539527e+00  -1.1839559e+00  -1.8015153e-01   1.0885509e+00  -8.9232578e-01
   2.0000000e+00  -9.3395672e-01   1.0772479e+00   4.0033640e-01   1.0170785e+00  -1.2717489e-01   1.6021913e+00
   2.0000000e+00  -2.9894607e-02   1.2530126e-01  -3.4801844e-02  -4.5717861e-01  -2.6076952e-01   6.9917481e-01
   2.0000000e+00  -4.2675006e-01  -1.2184249e+00  -7.0360110e-01  -1.4897877e+00   1.3540734e+00   5.3203828e-01
   1.0000000e+00   7.2687515e-01  -8.9226358e-01  -1.0304908e+00   1.5042961e+00   1.3186020e-01  -4.7506432e-01
   2.0000000e+00  -2.8311064e-01  -1.8835575e+00  -7.4019075e-01   1.3273267e+00   1.5861959e+00  -1.6085146e+00
   2.0000000e+00   3.8277629e-01   8.4454372e-01  -4.4571302e-01  -5.5120331e-01   2.5781757e+00   6.1309292e-01
   2.0000000e+00   1.0560492e-01   1.2810051e+00  -1.0452197e+00  -3.5392531e+00  -7.4519322e-01   1.9396395e+00
   1.0000000e+00  -5.8940040e-02  -3.8764986e-01  -1.5727549e+00   1.6644810e+00   1.5368830e-01  -3.7660297e-02
   2.0000000e+00   9.6594810e-01  -7.1748223e-01   6.4103519e-02   1.0641705e-01  -5.0397073e-01   1.2476281e+00
   2.0000000e+00  -3.2390335e-01   4.1927740e-02  -5.2817537e-01  -7.5735174e-01  -1.0635337e+00   9.5034278e-01
   2.0000000e+00  -8.6884216e-01  -1.2520983e-01   2.3143741e+00   2.3950519e-01  -3.7012514e-01   5.7252884e-01
   2.0000000e+00  -1.2442744e+00  -5.2426546e-01   4.3694498e-01  -3.0277954e-01  -1.2501701e+00   5.0182504e-01
   1.0000000e+00  -6.7786308e-01  -8.2312326e-01   3.0894484e-01   2.5327254e-01   8.0128062e-01   8.8091125e-02
   2.0000000e+00  -5.6184981e-01   4.1525376e-01   2.7263860e+00   6.8010017e-01   5.5599373e-01   1.0422180e+00
   2.0000000e+00  -6.3184539e-01   1.0847107e-01   1.1903945e-02   4.4281377e-01  -1.5252634e+00  -5.2156417e-01
   1.0000000e+00   1.8412856e+00   1.3795528e+00  -8.5925506e-01  -2.2912204e+00   6.1910044e-01  -1.6945778e-01
   2.0000000e+00  -9.3617078e-02  -8.9850506e-01  -7.3688064e-03   2.2643135e-01  -1.4501670e+00   4.2362697e-01
   2.0000000e+00   3.8710409e-01  -9.3190849e-01  -2.2691115e-01   1.2719837e+00  -9.2482546e-01  -4.3889302e-01
   2.0000000e+00  -2.6461223e-01  -8.8659123e-01  -1.1066808e+00   1.1980233e+00  -6.2634908e-01  -7.6272194e-01
   2.0000000e+00  -1.5515074e+00   1.1079649e-01   1.1417911e+00   8.9551161e-02   1.5329410e+00   9.7219829e-01
   1.0000000e+00  -4.3167505e-02  -8.3886683e-01   4.0359696e-01  -3.0406328e-01   2.3542102e-02  -4.1455514e-01
   2.0000000e+00   1.0687775e+00  -2.7669932e-01  -5.3224338e-01   3.3527531e-01  -1.1786210e-01  -2.3652586e-01
   1.0000000e+00  -3.9860299e-01  -1.7704507e+00   1.7789492e+00  -2.1636926e-01   8.5743250e-01  -2.9130951e-01
   2.0000000e+00  -1.2366852e+00  -4.7461349e-01   3.0398698e-01  -1.5450882e+00  -5.2687497e-01  -5.0768850e-01
   2.0000000e+00  -1.4903449e+00  -7.8384598e-01   7.9667675e-02   1.0087764e+00  -1.1160733e+00  -4.5270687e-01
   2.0000000e+00   8.6378959e-01  -8.7513914e-01  -2.3514425e-01   5.8103497e-01   3.7119758e-01   2.0608455e+00
   2.0000000e+00  -1.1325401e+00  -2.7595086e-02   1.2105469e+00  -3.2244253e-01  -1.1850191e+00   1.8271490e-01
   2.0000000e+00  -9.8578534e-02   5.3865873e-01   4.0458542e-01  -2.6252383e-01  -9.0752915e-01   5.8012733e-01
   1.0000000e+00  -2.3219921e+00   5.0803599e-01   5.3939017e-01  -7.9790637e-01   4.4049257e-01  -2.9883239e-01
   2.0000000e+00   1.8833222e+00  -1.5690994e+00  -1.0455183e+00   1.1034226e-01   1.1378592e+00  -1.0296371e+00
   2.0000000e+00  -8.5087258e-01  -7.6436246e-01   9.9636978e-01  -1.0317867e-01   2.8302698e-01   1.3255797e+00
   1.0000000e+00   1.0084816e+00   9.2568511e-01   3.7352718e-01  -1.2033496e-01   1.9357222e-01   5.6263308e-01
   2.0000000e+00  -5.0759141e-01   8.8355291e-01  -1.7324060e+00  -3.8902897e-01  -1.4360732e+00  -1.9006764e-01
   2.0000000e+00  -1.7521135e+00   2.7963296e-02  -8.3776112e-02   8.5087389e-01  -2.5254917e-01   7.0166600e-02
   2.0000000e+00  -5.5176533e-01  -4.8402861e-01  -2.6567818e-01   1.4121127e-01  -2.5627086e-01  -5.3805069e-02
   2.0000000e+00   4.6149141e-01   7.2562895e-01  -1.3993888e-01  -8.9054116e-01   1.2956073e+00  -3.1110987e-01
   2.0000000e+00   5.9890187e-01   1.0479154e-01   2.9300908e+00  -1.8701414e+00  -5.3138894e-01  -8.0783209e-01
   2.0000000e+00   6.8111957e-01   1.1133859e+00  -1.6508988e+00  -2.8110059e-01  -1.2035997e+00  -1.3784357e+00
   1.0000000e+00   2.3322424e+00   2.6668531e-01  -6.4849089e-02  -1.2785086e+00   9.1806748e-02  -7.9008805e-02
   2.0000000e+00  -9.6223504e-01  -1.2123882e-01  -3.0870798e-02   8.3241045e-01   7.9724528e-01   1.4462115e+00
   2.0000000e+00   2.9720949e-01  -2.0639478e-01  -3.5138041e-01  -1.4929431e+00   7.5756280e-01   1.1746273e+00
   1.0000000e+00   1.9093206e+00   3.0293361e-01  -7.6990234e-01   1.5341515e-01   3.3938475e-01   7.3439630e-01
   2.0000000e+00  -1.6816500e+00  -2.8003900e-01  -8.8970568e-01   1.0831355e-01  -3.9480389e-01   1.0976183e+00
   1.0000000e+00   8.6373033e-01  -8.3305262e-01   5.1893295e-02   7.8995719e-01   6.7597755e-01  -4.6953470e-01
   2.0000000e+00   5.2216381e-01  -1.3110429e+00  -1.0078432e+00  -3.7648425e-01   1.1929004e+00  -1.8787531e+00
   2.0000000e+00  -3.0785542e-01   1.8782216e+00  -1.9823076e-01  -4.9258736e-01  -2.2972197e+00   9.1876273e-01
   1.0000000e+00  -1.0873168e+00  -1.8938520e+00  -6.6935659e-01  -2.1948921e-01   4.9884500e-01   8.5784035e-01
   2.0000000e+00   4.8692075e-01   1.0180494e-01  -1.0827925e-01   2.5771198e+00  -5.7358688e-01   5.9265726e-01
   2.0000000e+00   7.5149858e-02  -6.5189327e-01  -3.8379624e-01  -1.4161964e+00  -5.0124119e-01   9.5871456e-02
   2.0000000e+00  -1.2485985e+00  -3.1548627e-01  -2.0686433e+00  -3.1973524e-01  -1.6401321e-01  -2.1949575e+00
   2.0000000e+00  -1.6025097e-01  -3.3951422e-01   7.2797312e-02  -1.5132964e+00  -1.4621082e+00  -2.0683120e-01
   2.0000000e+00  -8.4496522e-01  -7.2168906e-01  -4.7954431e-01   6.5426402e-01   3.2599054e-01  -1.2913061e+00
   2.0000000e+00   9.8800284e-01  -7.9809470e-01   7.7927882e-02  -1.0399493e+00  -1.4544375e+00  -4.5531439e-01
   2.0000000e+00   3.8439540e-01  -5.3991566e-02   1.1440648e+00  -1.0845339e+00  -1.5493732e+00  -4.5151314e-01
   2.0000000e+00   1.0854739e+00  -1.2437586e+00   3.6472279e-01   5.0313671e-01  -1.2906680e-01   1.9788321e+00
   2.0000000e+00  -2.0721213e-01  -1.2000747e+00   1.5565870e-01  -2.0269419e+00  -3.6852704e-01  -2.9455644e-01
   2.0000000e+00   3.9005262e-01  -1.6505059e+00  -8.8707070e-01  -2.6475244e-01  -4.7692861e-02   4.6280003e-01
   2.0000000e+00  -2.1412380e+00  -6.6084579e-01  -1.5402104e+00  -1.4982160e+00  -1.6641415e+00  -1.1027340e+00
   1.0000000e+00   3.7230655e-01   3.3094103e-01  -6.2004686e-01  -9.5864635e-02   8.1897313e-01  -4.0402440e-01
   1.0000000e+00  -5.1596258e-01   5.4014643e-01   6.3087047e-01  -1.4259145e+00   4.7823431e-01  -2.6460450e-01
   2.0000000e+00   7.3719399e-01  -4.7022665e-01  -5.6141910e-01   6.6361779e-01   8.5896886e-01   1.1104494e+00
   1.0000000e+00   7.8907485e-01  -1.3459592e+00  -9.1337445e-01  -1.9080705e-02   1.7468894e-01   8.1158846e-01
   1.0000000e+00  -3.0386819e+00   7.0578062e-01   1.4976862e+00  -1.8188546e-01   1.6342579e-02   5.2637274e-01
   2.0000000e+00  -4.3603198e-01  -2.8214873e-01  -6.8961578e-01   6.1362008e-01  -7.7036888e-01   1.7166597e+00
   2.0000000e+00   8.0217750e-01  -6.1348243e-01   4.5992152e-02   9.3387679e-01   1.3084656e+00  -1.7129183e+00
   2.0000000e+00   1.4380057e+00   1.5639937e-01   4.0216549e-02  -1.2893521e+00  -6.1059943e-01  -1.4088082e+00
   2.0000000e+00   1.1208354e+00  -1.1424430e-01  -7.2977072e-01  -4.0124052e-01  -6.5956913e-01   1.5759244e+00
   2.0000000e+00   1.2185127e+00   1.2575544e+00   7.5075591e-01   1.9459929e+00   1.8435004e-01  -1.5404553e+00
   2.0000000e+00   1.5509682e+00   6.9127213e-01  -5.8388060e-01  -1.0966109e-01  -5.5548716e-01  -1.9378158e-01
   1.0000000e+00  -1.0592188e+00  -2.8737050e-01  -5.8705649e-02   5.4371630e-01   5.4058481e-01  -3.3046416e-01
   2.0000000e+00   3.3898788e-01   4.5328889e-01  -1.2262207e+00  -9.0600198e-01  -1.3693950e+00  -5.8306777e-01
   1.0000000e+00   1.6155237e+00   4.5058023e-01  -1.3824215e+00  -5.5869451e-01   1.3735258e-01  -9.5843750e-01
   2.0000000e+00   1.8951482e-01   5.4481869e-01   8.7379829e-01   1.4135147e+00  -1.6863105e+00  -2.0879243e-01
   2.0000000e+00  -4.9927650e-02   2.8571200e-01   1.2594652e+00  -1.9519840e-01   3.6947556e-02  -1.6926734e+00
   2.0000000e+00  -6.7178405e-01  -7.8207203e-01  -1.7668413e+00  -1.6866109e-01   2.1221680e-02   1.0381222e+00
   2.0000000e+00  -7.5391762e-01  -1.2380028e+00  -2.9041328e-01   7.1582742e-01   1.6227152e+00   4.0513108e-01
   2.0000000e+00  -6.3987217e-02  -2.6183602e+00   5.4717454e-01   1.3547313e+00   1.9069376e+00  -2.0012065e-01
   2.0000000e+00   7.1779103e-01   1.4794042e+00   6.3929649e-01   1.9765885e+00  -1.6265331e+00   1.1142448e+00
   2.0000000e+00   2.5065586e+00  -5.5593640e-01  -5.0775766e-01   1.0200886e+00   2.1652842e+00   5.6876467e-01
   2.0000000e+00  -1.8323005e+00   2.0512900e-01   2.5701111e+00  -3.0857327e-01  -7.9831191e-01   4.4730717e-01
   2.0000000e+00  -1.7068500e-01  -3.0752612e-01  -1.3161724e+00   4.7625802e-01   1.3046470e+00   6.0330525e-01
   2.0000000e+00   1.1212208e+00   1.0467007e+00   1.0555628e+00   1.4222564e+00   6.0454206e-01  -1.1408692e+00
   1.0000000e+00  -1.0734583e+00  -7.5721000e-01  -1.5466825e-01   7.6773710e-01   5.2282428e-01  -4.1648304e-01
   2.0000000e+00   4.7912697e-01   9.1432965e-02  -7.2217626e-01   2.0537044e+00   7.4615744e-01   1.0896723e+00
   2.0000000e+00   7.9207405e-01  -1.9284653e+00  -2.2358169e+00   1.0093438e+00   1.1836672e+00  -1.2185519e+00
   2.0000000e+00   4.1641681e-01   1.9620523e+00   6.9083463e-01   5.4945347e-01   8.5216120e-01   1.6418328e+00
   2.0000000e+00  -8.6338225e-01   2.2340541e+00   1.0673665e-01  -1.6893332e+00   4.0175393e-01   2.5926580e+00
   2.0000000e+00   1.4737450e+00   1.6495143e-01  -1.6187341e-01   8.3593126e-01   1.0563908e+00   8.2263339e-01
   2.0000000e+00   2.2811772e-01  -1.4300451e-01   6.9719002e-01  -8.0348325e-02  -1.1478224e+00  -9.6225909e-01
   2.0000000e+00   1.5395270e+00   2.0333019e+00   2.3411980e-01   1.2903732e+00  -2.5765124e-01   1.7828553e+00
   1.0000000e+00   1.3100571e+00  -1.4076300e-01   7.3257376e-01   3.2984754e-01   3.6967020e-02  -1.8742363e-01
   2.0000000e+00   7.6909480e-01  -8.4988517e-01  -2.7240067e-01   1.4901088e+00  -5.0948073e-01   1.2419092e+00
   2.0000000e+00  -1.8861987e+00  -5.0630511e-01  -3.6247052e-01   1.5844501e+00  -3.3649783e-01   1.7451133e+00
   2.0000000e+00   2.2609309e+00   1.0380640e+00  -8.0853614e-01  -5.3808780e-01   1.1846726e+00   4.0527302e-01
   2.0000000e+00   8.0565337e-01   1.8573778e+00  -5.1059400e-02   3.6169936e-01   5.1568338e-01   1.7179677e+00
   2.0000000e+00  -2.7176478e+00   7.8026897e-01   5.0393350e-01  -1.3059774e+00  -2.3454231e-01   3.5776130e-01
   2.0000000e+00  -5.7527739e-02  -4.2717997e-01  -3.8746993e-01   1.2230538e+00  -9.9660988e-02  -4.8356489e-01
   2.0000000e+00  -7.7599316e-01   1.7046160e-01   2.0844953e-01  -5.4255118e-01   1.0206044e+00  -2.4162129e+00
   2.0000000e+00   3.0178041e-01   3.8432639e-01  -4.6398273e-01   1.3731500e-01  -3.6938506e-01  -1.8867630e-01
   2.0000000e+00   2.0539881e-01  -9.1516386e-01   7.8973590e-01  -4.5491669e-01   8.2813556e-01   1.5443373e+00
   2.0000000e+00  -1.5848299e+00   8.8766605e-01  -4.9900939e-02   3.3950890e-01  -3.2375354e-01   7.1215350e-01
   2.0000000e+00  -8.2064175e-01   9.1561355e-01  -1.3453391e+00   1.8663270e+00   1.1299773e+00   1.2475572e+00
   2.0000000e+00  -2.2303695e+00   3.3752652e-03  -2.7094498e-01   1.8975266e-01  -1.8752887e+00  -3.2510953e-01
   2.0000000e+00   1.2676350e+00  -1.3128276e+00  -6.9905025e-01  -1.3091678e+00  -1.6187138e-01  -1.2028906e+00
   2.0000000e+00  -5.1142022e-01   5.7698677e-01   7.2297070e-01   4.4344002e-01   9.5103588e-01   8.1928697e-01
   2.0000000e+00   9.4065597e-01  -7.8734262e-01  -5.2047146e-02   3.5369846e-01  -3.5778626e-01  -6.0857902e-01
   2.0000000e+00  -1.6186076e+00  -3.2136008e-01  -4.4829761e-02   1.8699356e-01   8.1784471e-01  -1.3805791e+00
   2.0000000e+00   1.9567363e-01  -1.7284367e-01   4.6588869e-01   3.3472292e-01  -4.2350281e-01  -9.2784197e-01
   2.0000000e+00   1.1540593e+00  -2.2461420e+00   1.2738455e+00   6.1289818e-01   1.2663227e+00  -1.3642731e+00
   2.0000000e+00  -2.7836621e-02  -8.6328364e-01  -9.9135527e-01   9.1845222e-01   1.1116354e+00  -6.5893597e-01
   2.0000000e+00  -1.3689160e+00  -1.6639837e-02  -1.7691746e+00  -1.3185722e+00  -8.9864277e-01   6.8608744e-01
   1.0000000e+00   3.2344164e+00   3.0368058e-01   1.3246516e+00  -1.2635254e+00   4.8287495e-01  -1.8855369e-01
   1.0000000e+00   1.6795195e+00   1.6242777e+00   1.8866079e+00   2.0731481e+00   4.9549320e-01  -7.1209349e-01
   2.0000000e+00   5.6028847e-01  -1.5400704e+00  -8.5966631e-01  -6.2757944e-02  -1.1840440e+00   3.9636182e-01
   2.0000000e+00   8.0889072e-01  -8.4678600e-02  -5.6945462e-01  -4.5974578e-01   1.5833754e+00   7.9893253e-01
   2.0000000e+00  -2.1396009e+00  -2.0695059e-02  -3.0983001e-01   5.5828541e-01  -4.9590470e-01   1.4544495e-01
   2.0000000e+00  -6.1294425e-02   9.8210235e-01  -1.3534445e+00   7.5917880e-01   2.9612247e-01   9.6691121e-01
   2.0000000e+00  -5.3387318e-01  -2.6342278e-01  -1.3060918e+00  -1.8060569e+00   9.9224688e-01   5.0426368e-01
   2.0000000e+00   1.6245945e+00  -1.3124978e+00   2.0344508e+00  -6.2512637e-01  -1.7275467e-01   1.0618583e+00
   2.0000000e+00   8.5489022e-01   1.8137388e-01   9.8681947e-01   2.9972334e-01   1.5085781e+00   7.6997051e-01
   2.0000000e+00   1.0802863e+00  -1.5716901e+00   2.9506203e+00   1.2513738e+00   1.3083675e+00   1.0086224e+00
   2.0000000e+00  -1.3337942e+00  -2.1941832e+00  -3.7866996e-01  -8.5563587e-01  -5.3093774e-01   3.3599830e-01
   2.0000000e+00   3.6049281e-01  -6.6891627e-01  -6.0406268e-01   1.9405580e+00   1.1041308e+00  -6.9742690e-01
   2.0000000e+00   1.0198597e+00   1.3061588e+00   5.3402192e-01  -1.0242696e+00  -9.8772158e-02   2.5772461e-02
   2.0000000e+00   9.3791336e-01  -2.2667208e+00   1.0384730e-01  -1.5900855e+00  -1.2399608e-01  -2.0306582e+00
   1.0000000e+00   8.1546701e-01  -1.2743170e+00  -7.7939168e-01   3.6064639e-01   6.7610922e-01  -2.9175961e-01
   2.0000000e+00  -5.3483336e-01   6.5699833e-01  -3.4420472e-01  -4.7110773e-01  -5.9824437e-01  -1.2874094e+00
   2.0000000e+00   1.2572192e+00  -1.7726846e+00   5.6848911e-01  -1.4020447e+00  -2.2975016e-01  -3.5956012e-01
   2.0000000e+00   9.4570797e-01  -1.3111829e+00   2.4528959e-01  -8.5204346e-02  -5.3409675e-02  -1.1082390e-01
   1.0000000e+00   6.1036938e-01  -1.3829107e-01   1.2717594e+00  -3.0198652e-02   6.6590140e-01   6.5157871e-01
   1.0000000e+00   1.3071096e+00   1.7467267e-01  -1.6633451e+00  -5.1926821e-01   7.9146743e-01   5.8883678e-01
   2.0000000e+00  -6.0756914e-01  -1.2829887e+00  -2.9073253e-01   1.8560369e-01   2.0227071e+00  -1.6589173e+00
   2.0000000e+00   5.1117863e-01  -1.1269293e+00   3.0588778e-01  -1.7082902e+00   6.5897843e-01  -1.1186437e+00
   1.0000000e+00  -1.8678383e-01   6.6428599e-01  -5.0199670e-01   1.2134457e+00   3.3045337e-02   8.2802804e-01
   2.0000000e+00  -7.0940987e-01   1.3323882e+00   1.7575885e+00  -3.8691603e-01  -6.1611903e-01   7.0468908e-02
   2.0000000e+00   8.4014680e-01   9.2306039e-01   1.3672807e-01  -1.0271713e+00  -7.5186669e-02   8.3430395e-01
   2.0000000e+00  -1.0994398e+00   4.4653012e-01   1.8596736e+00   3.3668876e-02  -1.1628235e+00  -1.7354594e+00
   2.0000000e+00   3.6318771e-01  -9.0591252e-03   2.7211179e-01  -1.2111446e+00  -2.2650759e+00   2.5502654e-01
   2.0000000e+00  -9.3242695e-01  -9.5058699e-01  -2.0539684e+00   3.4718329e-01  -4.0201358e-01  -8.4783812e-02
   2.0000000e+00   1.2373581e-01  -7.7161858e-02   8.9120717e-01  -1.0741950e+00  -2.1558224e+00  -9.5183921e-01
   1.0000000e+00  -2.0693230e-01   1.3016925e+00   9.4313614e-01   4.8110853e-01   8.0247855e-01  -3.3727813e-01
   2.0000000e+00  -4.5858231e-01  -1.9978506e-01   5.3439690e-01  -8.7645593e-02  -1.2974739e+00   8.0372294e-01
   2.0000000e+00   4.7661284e-01  -1.8991347e-01  -1.2326292e+00  -1.0330351e-01  -1.6630673e+00  -1.8397565e+00
   2.0000000e+00  -1.5165917e+00  -7.4815031e-01  -8.7137671e-01  -1.1250115e+00  -8.2139908e-01  -8.6668440e-01
   2.0000000e+00  -3.3500892e-01  -8.3505307e-01   5.6457700e-01   5.0523252e-01  -4.9771409e-01  -8.5337710e-02
   2.0000000e+00  -5.7256084e-01  -1.8173176e+00   6.3964057e-01   1.8647296e+00  -4.7220683e-01   8.3723060e-01
   2.0000000e+00   5.5468311e-01   1.1356350e+00   6.6807459e-01   1.0458043e+00  -4.3745991e-01  -3.8063871e-01
   2.0000000e+00  -2.4335281e-01   5.2602232e-01  -6.0230751e-01  -1.8025599e-01  -3.6188488e-01   2.4999671e-01
   2.0000000e+00  -8.6260601e-01  -3.0010376e-01   1.1555294e-01   1.5863639e-01  -8.5792293e-02   3.7188199e-01
   2.0000000e+00  -1.2681038e+00   6.7732777e-01   4.4759090e-01  -1.1222557e+00  -6.7474115e-01   6.3807316e-01
   1.0000000e+00   1.9085958e+00  -2.5441581e-01   4.4177787e-01  -1.0120084e+00   8.4921147e-03  -1.1692446e-01
   2.0000000e+00   1.2018466e+00  -3.7561494e-01  -7.5350680e-01  -3.0700438e-01  -7.9325094e-01   8.8398948e-01
   2.0000000e+00  -1.3013730e+00   6.6374578e-01   7.9569258e-01  -1.5686626e-01   1.4886353e-02   1.9896507e+00
   1.0000000e+00   2.8299545e-01  -1.3108159e+00  -1.6674333e-01  -1.8221886e-01   4.5193148e-01  -4.7154916e-01
   1.0000000e+00  -4.4808695e-01   1.8992207e-01   8.4987198e-01   4.5616019e-01   7.4424807e-01  -2.1787058e-01
   2.0000000e+00   5.2789269e-01   1.0167239e-02  -2.5983422e-01  -6.3089995e-01  -7.8764120e-01  -5.7323398e-01
   2.0000000e+00   1.7312982e-01  -1.1342491e+00  -7.5038918e-01   6.5682407e-02  -4.5245404e-01  -3.5481566e-02
   1.0000000e+00   4.0162966e-02   3.7217596e-01   2.0632712e+00   1.1283744e+00   1.2148965e-01   6.4066759e-01
   2.0000000e+00   2.1447372e-01   3.1576405e-01  -5.7793212e-01   8.0357857e-01   2.6229097e+00   8.8529666e-02
   2.0000000e+00   2.3360691e+00   1.5135396e-01  -1.2464864e+00  -1.2320865e+00   1.3817417e+00   1.8533075e+00
   1.0000000e+00  -1.0176516e+00  -5.1227245e-01  -1.6447797e+00  -1.7420285e-01   4.0925960e-01   6.3535462e-03
   2.0000000e+00  -2.3067276e+00   8.1874949e-02  -1.1111225e+00  -1.9209580e+00  -7.5791893e-01   2.2097166e-01
   2.0000000e+00  -2.3283236e+00  -2.9117646e-01   6.4272949e-01  -4.3869327e-01   1.0280474e+00  -1.2155011e-01
   2.0000000e+00   1.9932093e+00  -6.1967732e-02  -3.6310720e-02   8.4946297e-01   9.4056861e-01  -4.1835554e-01
   2.0000000e+00   8.3462100e-01  -1.2097200e+00  -9.9955353e-02   1.3473676e-01   1.3608642e+00  -1.0992626e+00
   2.0000000e+00   1.1189297e+00  -2.4459394e-01   5.0450578e-02  -9.6115266e-02  -1.3259716e-01  -1.8380710e+00
   2.0000000e+00  -2.3188034e-01   7.3919279e-01   1.5837506e+00   1.6679156e+00   1.8202446e+00  -9.0263345e-01
   2.0000000e+00   1.7031733e-01  -4.2833491e-01  -1.6709450e-01  -5.6720139e-01   6.4924099e-02   1.2340176e+00
   1.0000000e+00   4.5134158e-01  -6.6382599e-01  -1.2050966e+00   4.2659236e-01   2.0229122e-01   6.8399857e-01
   1.0000000e+00   6.7318978e-01  -5.7220951e-01  -5.2949375e-01  -4.3500495e-01   8.8243694e-01   4.9536840e-02
   2.0000000e+00   4.4358752e-01   5.0326390e-01  -2.0769393e+00   5.3111561e-01   1.5316379e-01  -1.4204427e+00
   2.0000000e+00  -2.7409901e-01   1.3768110e+00  -1.5768654e+00  -7.7078198e-01   2.8050391e-01  -1.4890476e+00
   2.0000000e+00  -1.0445172e+00  -1.1211541e+00   1.1360989e+00   7.9632614e-01   3.9545876e-01   1.1996490e+00
   2.0000000e+00  -4.3833529e-01  -6.3957903e-01   1.2885483e+00  -5.5819477e-01   1.1840780e+00  -1.6163677e-01
   2.0000000e+00  -1.2986341e-01   9.9812012e-02  -2.4099960e-01  -1.3177647e+00  -3.3933483e-01   1.3865574e+00
   2.0000000e+00  -6.4821517e-01  -1.0016043e+00   1.1629149e-01  -7.0921120e-01   1.7095944e-01  -1.5420404e+00
   2.0000000e+00   1.0657954e+00   4.4196499e-01  -6.0911620e-02   3.6018459e-01  -4.7415567e-01  -7.1407260e-01
   2.0000000e+00  -9.0633170e-01   1.3476716e+00   1.9730228e+00   4.1754826e-01  -1.6895975e+00  -1.7354450e+00
   2.0000000e+00  -6.2751171e-02  -9.4245501e-01  -8.0774097e-01   4.7661760e-01   1.4621998e+00   2.4537987e-01
   1.0000000e+00  -3.0455696e-01   5.2330779e-01  -6.5707400e-01  -7.6424317e-01   2.7213825e-01  -5.7632530e-01
   2.0000000e+00   9.3597945e-01  -1.7056451e-02   1.6667505e-02   2.1586948e+00   1.0477079e+00  -8.5826249e-01
   1.0000000e+00   1.5303143e-01   1.3698948e+00   3.4634498e-01  -1.0872066e+00   5.7237099e-01  -7.6477838e-01
   2.0000000e+00  -3.0819326e-01  -7.4452552e-01  -1.4850767e-01   1.4385112e+00  -3.3865079e-01   3.4267588e-02
   2.0000000e+00  -6.0120677e-01  -6.3705912e-01   1.0195071e+00  -8.3140114e-01  -2.4307510e-01  -5.2585980e-01
   2.0000000e+00  -2.9619716e+00   1.4210563e+00  -5.0012968e-01   2.1713294e+00  -1.4706525e+00  -2.8570818e-01
   1.0000000e+00   1.3095525e+00  -4.8206432e-02  -4.4196352e-02  -1.6055377e+00   7.7819838e-01  -4.3206979e-01
   2.0000000e+00   3.6400432e-01   1.5472260e+00  -1.2787518e+00   1.3833785e+00   1.1403271e+00  -1.0738336e-01
   2.0000000e+00  -9.0407062e-02   5.4629834e-01  -6.6233962e-01  -5.7252374e-01  -1.9320138e-01   1.0384149e+00
   2.0000000e+00  -9.1472682e-01   3.4392741e-02   1.3513732e+00  -2.4766426e+00  -1.5552608e+00  -1.3851739e+00
   1.0000000e+00   5.2150868e-02   5.4612201e-01  -1.8971015e+00  -2.2269247e-01   1.0251065e-01   8.1300761e-01
   2.0000000e+00  -6.6790247e-02   1.6902455e+00  -1.5968745e+00  -4.8091821e-01  -9.8664188e-01   4.0592901e-02
   2.0000000e+00  -2.5592732e+00  -1.6016188e+00   3.3168685e-01   5.8667589e-01   1.2467953e+00   7.5389732e-01
   2.0000000e+00   7.2967167e-01  -4.0863123e-01  -7.2380053e-01  -1.2239604e+00  -1.9227084e+00   3.0408263e-01
   2.0000000e+00   5.3912463e-01  -5.3233858e-01  -9.7485294e-01   3.1828292e-01  -5.4453002e-03  -6.6538569e-01
   1.0000000e+00  -7.5526472e-01   9.3260706e-01  -8.6571775e-01   1.4332714e+00   4.6446165e-01   2.4131616e-02
   1.0000000e+00   7.2683594e-01  -5.6947608e-01  -4.5968719e-01   9.4794614e-01   7.4679484e-01  -1.5618321e-01
   1.0000000e+00   4.7470493e-01   3.4393501e-02   5.0983216e-01   1.2888573e+00   9.1122058e-02   5.7922824e-02
   2.0000000e+00  -9.5819425e-01  -2.3113406e-01  -1.2512011e-02  -3.5595457e-01   4.3022940e-01   1.4536029e+00
   2.0000000e+00  -6.9118196e-01   6.2101431e-01  -2.5888348e-01  -5.6416796e-01  -8.9570983e-01  -6.6113387e-01
   2.0000000e+00   7.2576080e-03  -2.2912912e+00   8.7390731e-01   5.1602441e-01   3.6851391e-01  -6.5290259e-02
   2.0000000e+00  -7.9250775e-01  -5.3098519e-01  -3.6104404e-01  -3.2877674e-01  -7.0379220e-01   6.7184029e-01
   1.0000000e+00  -1.0626259e+00   7.9340958e-01  -7.1287384e-01   6.4829246e-02   8.6939419e-01  -8.0536641e-02
   2.0000000e+00   3.1525355e-02  -7.6629540e-01   5.8642092e-01   2.1426709e+00  -9.5926236e-01   5.3976532e-01
   2.0000000e+00  -9.2455088e-03  -1.2372518e+00   3.9671336e-01  -9.6167815e-01  -9.0764341e-01   1.7210104e-02
   2.0000000e+00   5.8246329e-01   1.9649147e+00  -2.0259388e-01   3.0617085e-01  -1.8287876e-01   2.7558373e-01
   2.0000000e+00  -7.3464329e-01  -1.4612184e+00   3.1412952e-01  -7.1132883e-01   7.0119579e-01  -2.3292152e+00
   2.0000000e+00   7.0703043e-01  -8.1263780e-01   5.4497144e-01   1.3137179e-01  -1.0767377e+00   1.0730750e+00
   2.0000000e+00  -2.2657184e+00   1.7902090e+00  -2.7155814e-01   4.4252526e-01  -5.7262819e-01  -5.7703273e-01
   2.0000000e+00   1.4317861e+00   8.5131901e-01  -4.0571908e-01   5.8143194e-01   5.5769330e-01   8.7206689e-01
   2.0000000e+00   1.7926895e+00   9.7259337e-01   1.3686651e-01   1.1884318e+00  -1.4812830e+00  -4.1381568e-01
   2.0000000e+00   2.6405253e+00   6.4627579e-01   2.0433908e+00   1.5362454e+00  -1.4683422e+00  -7.6578882e-01
   2.0000000e+00  -7.8803183e-01   1.4307951e+00  -1.3028864e-01   9.9478934e-02  -8.4388196e-01   1.2423122e+00
   2.0000000e+00  -1.1193292e+00  -1.2861622e+00  -2.5190745e-02   1.8470379e+00   1.3413294e+00   8.6334939e-02
   2.0000000e+00   1.5302588e+00  -8.8579761e-01   3.4924697e-01  -1.1395417e+00  -4.0141617e-01  -1.3463228e+00
   2.0000000e+00  -1.5421981e+00  -9.9182591e-01   8.7280867e-01   7.7284404e-01  -4.9058429e-01   1.0551572e+00
   2.0000000e+00   2.3914900e-01  -1.5313183e+00   6.4462338e-01  -9.9879270e-01  -1.4231965e+00   1.0676447e+00
   2.0000000e+00   7.3095667e-01   1.8915882e+00   1.2354146e+00   1.0065661e+00  -1.5119890e+00   6.1302789e-02
   2.0000000e+00  -7.0842410e-01  -1.7097370e+00  -9.3452814e-01   1.5559728e-02   2.4293130e+00  -8.3840421e-02
   1.0000000e+00   5.8825512e-02  -1.9488552e-01  -1.6213766e-01  -1.6303395e+00   4.4210429e-01  -1.5947172e-01
   2.0000000e+00  -1.6509875e+00  -4.6717555e-01   1.7924941e+00  -3.0957175e-01  -1.7356133e-01  -1.2901245e+00
   1.0000000e+00  -4.7128385e-01  -2.6014085e-01   2.0697592e+00  -1.5875967e+00   3.5330869e-01  -4.9606848e-01
   1.0000000e+00  -4.6107789e-01  -1.1745657e+00   2.7354078e-01  -5.6353666e-01   4.4565294e-01   2.9006667e-01
   2.0000000e+00   7.2976277e-01   2.7848697e-01   1.4868555e+00   1.8196329e+00  -1.6193426e+00   5.6262265e-01
   2.0000000e+00   3.9430071e-01  -1.4648779e-01  -1.4796093e+00  -4.5651262e-01   1.7089201e+00   4.3615104e-01
   2.0000000e+00   3.7617761e-01  -2.4248336e-01   8.0005179e-01   1.2023120e+00  -1.6044305e+00   1.3041246e+00
   2.0000000e+00   1.7865631e+00  -8.3440761e-01   8.0405537e-01   1.0895293e+00  -1.2169993e+00   1.0963407e-01
   2.0000000e+00  -2.9165393e-01   1.8851111e+00   4.1704267e-01   3.9103444e-02   1.1901413e+00  -2.8805098e-01
   2.0000000e+00  -7.7258899e-01  -1.1900399e-01   9.4657316e-01   1.0515844e+00  -1.1958155e+00  -4.9675713e-02
   2.0000000e+00   7.3893475e-01   1.0091488e+00  -3.3303168e-01   2.0229787e+00  -2.5256917e-01  -4.6309820e-02
   2.0000000e+00   5.8579487e-01  -4.2740833e-01   2.0659455e-01  -2.0342386e-01  -1.6576285e+00  -3.3415974e-02
   2.0000000e+00  -1.0161516e+00   6.9407570e-01  -1.8067776e-01  -9.6424690e-01  -5.8608820e-01   1.4959924e+00
   1.0000000e+00  -3.7294065e-01  -1.5551966e-01  -3.3476130e-01  -8.0525906e-01   3.9665875e-01   1.2410747e-01
   2.0000000e+00   9.6530848e-01  -8.6734389e-01   6.0504172e-02  -3.5733913e-02  -2.3792765e-01   1.3329947e+00
   2.0000000e+00   1.4861654e+00  -9.9205991e-01   3.6257364e-01  -4.4476372e-01  -5.1266297e-01  -1.3698178e-01
   2.0000000e+00   1.4155602e+00   5.0115600e-02   8.3922352e-01   9.6917403e-01   1.1886901e+00   9.9866455e-01
   2.0000000e+00  -2.2914753e-01  -7.5709611e-01  -1.3223038e+00  -2.2511290e+00  -7.5431325e-01  -1.8821424e+00
   2.0000000e+00   9.8302060e-01   4.1636469e-01   5.1807043e-01   7.9921993e-01  -1.2853729e+00   6.0036661e-01
   2.0000000e+00  -9.6752217e-01   1.2575747e+00  -6.8362047e-01   1.4447838e-01  -5.2665231e-01  -2.7605426e-01
   2.0000000e+00  -1.2779529e+00   8.3214826e-01  -2.2913590e+00  -9.2970803e-01  -4.5366846e-01   1.2052210e+00
   2.0000000e+00   3.5004149e-01  -9.5202529e-01  -2.7090555e+00   7.9572862e-02   1.5789289e+00   2.6358706e+00
   2.0000000e+00  -9.7063440e-01   1.4544737e+00  -1.5367732e+00  -1.2822670e+00  -5.9442981e-01  -1.2283406e+00
   2.0000000e+00   1.3764054e+00   8.4061375e-01  -1.6803583e+00   2.3731049e-01   1.0439077e+00  -3.9455998e-01
   2.0000000e+00  -8.6461335e-01  -7.7957442e-01   4.0709081e-01   1.6451915e+00   9.6436498e-01   8.2089987e-01
   2.0000000e+00   4.7746714e-01  -5.9760528e-01   1.0462382e+00   4.1450170e-01  -7.5067896e-01  -2.1816047e-01
   2.0000000e+00   9.1650806e-01  -1.1591902e+00   1.5866130e-01   2.3858757e-01  -1.2363054e+00  -2.7205816e-01
   2.0000000e+00  -2.4938955e-01  -4.5758964e-01   2.1944429e+00   1.8587722e+00   1.0210521e+00   3.8798575e-01
   2.0000000e+00  -1.6599437e+00   7.3391661e-01   1.7973718e+00  -9.7464001e-01   1.8000637e+00   1.1078034e-01
   2.0000000e+00   1.7931912e-02   8.0202355e-01   8.0551348e-01   3.9862154e-01   1.2948027e-01  -1.4604222e+00
   2.0000000e+00   1.0018787e+00  -1.2200900e+00   3.2605013e-01  -1.2483812e+00  -2.6103722e+00   8.6262864e-01
   2.0000000e+00   2.2886199e+00   3.8321251e-01   9.9240016e-01   1.4080042e+00  -6.9235818e-02   1.0184433e-01
   1.0000000e+00   1.4269679e+00  -2.5489056e-01  -1.4157263e+00  -1.2965091e-01   4.9130777e-02   3.1421373e-01
   2.0000000e+00  -1.8816193e-01  -1.2148810e+00  -2.4515936e-01   1.2909610e+00  -4.8818659e-01  -9.3741047e-01
   2.0000000e+00  -2.2138782e-01  -3.7320733e-01  -1.5069982e+00  -7.1818565e-01   1.0619032e-01   1.2677064e+00
   2.0000000e+00  -8.5853498e-01   1.3659000e-01   1.1341187e+00  -4.0323794e-01  -4.4707544e-01   5.3953521e-01
   1.0000000e+00  -6.6961487e-01  -9.8418736e-01  -1.3313710e-01   3.2836151e-01   6.9365308e-01  -6.0269539e-03
   2.0000000e+00   4.6591915e-01   1.9048654e-01   9.5310197e-01   2.2138388e-01  -8.9144803e-01  -9.9412692e-01
   2.0000000e+00  -6.1153373e-01  -9.6167866e-01  -3.7311298e-01   5.0923542e-01  -4.4142581e-02   4.7045715e-01
   2.0000000e+00  -4.2692092e-01  -1.7558548e+00  -5.6208282e-01   5.9127988e-01  -6.7684097e-01   1.7073481e+00
   2.0000000e+00   5.5316955e-01   3.5851085e-01   9.6496363e-01   1.6229580e+00  -2.5252432e-01  -7.2825575e-01
   2.0000000e+00   5.7731929e-01  -7.4081849e-01  -1.6787707e+00  -1.1195007e+00  -4.9217739e-01  -2.1847997e-01
   2.0000000e+00  -6.5028044e-03  -4.3684541e-01  -1.1441901e+00  -3.7129996e-01  -2.7377071e-01  -5.5432728e-01
   2.0000000e+00   1.4818028e+00   3.9851078e-01  -3.6348138e-01   2.5902233e+00  -3.3614042e-01  -8.9284276e-01
   1.0000000e+00   8.2865640e-01   2.3415317e-01   3.1727644e-01   3.2192516e-01   2.8768731e-01  -3.8985295e-01
   2.0000000e+00   1.1149754e+00   2.9219898e+00  -4.1297070e-01  -9.6075363e-01  -3.8289224e-01  -5.2810420e-01
   2.0000000e+00   8.8552511e-01   6.6919467e-01   1.3827921e+00  -4.9867678e-01   1.5084351e+00   1.3486309e+00
   1.0000000e+00  -1.8264243e+00  -1.5328652e+00  -4.6041664e-01   1.6864727e+00   1.4224631e-01   4.9489339e-01
   1.0000000e+00   2.9277773e-01   9.4896180e-01  -5.3883339e-01  -6.2405015e-01   1.8673538e-01   1.6429157e-01
   2.0000000e+00   4.3686566e-03  -1.4549961e+00   6.8895345e-01   6.6092797e-02   7.7415353e-01   6.9281719e-01
   2.0000000e+00   2.8428809e-01  -1.2944654e+00  -2.5025617e+00  -1.7873515e-01  -6.0983115e-03   1.9694980e-01
   2.0000000e+00  -1.1661319e+00   1.3869366e+00  -3.9174377e-01  -2.3897512e+00   1.5498528e+00  -2.3027768e-01
   2.0000000e+00  -3.8430860e-01   7.8428014e-01  -1.8721535e-01   6.1704890e-01   1.2983441e+00  -1.0942441e-01
   2.0000000e+00  -3.6826845e-02   1.0698620e-02   2.9107260e-01   3.5965751e-01  -9.7767633e-01   1.4121513e+00
   2.0000000e+00  -8.7057216e-01  -4.3937303e-02   3.1408546e-01   2.8954377e-01  -1.4882011e-01   5.9248909e-01
   2.0000000e+00   1.3183530e-01  -7.7993024e-01  -7.6771350e-01   4.6533058e-01   2.3397379e+00   2.3680017e-01
   1.0000000e+00   1.8488078e-02  -5.6690519e-01  -1.1529208e+00  -2.0170914e-02   2.4377947e-01  -6.9475054e-01
   2.0000000e+00  -3.6230754e-01  -6.3005248e-01   7.5545817e-01  -1.5620913e+00   5.1732441e-01   1.0012875e+00
   2.0000000e+00   1.7401283e-01  -1.1834624e+00   8.5311061e-01  -1.9642386e+00   1.3502310e+00   5.9277211e-01
   1.0000000e+00   3.8143037e-01  -8.3260396e-01  -7.3958533e-02   1.3093600e+00   1.8441403e-01   4.6205073e-01
   2.0000000e+00   1.5223650e+00  -3.5666560e-02   1.9644944e+00   1.4298626e+00   1.6842549e+00  -3.9522521e-01
   2.0000000e+00  -4.3107102e-01  -2.1166256e+00   4.0862603e-02   1.4792253e+00   1.2858842e+00  -2.9371964e+00
   2.0000000e+00   5.3981756e-01  -1.8365522e+00  -9.0395981e-01  -6.0168568e-01   8.7053485e-01  -1.1771726e-01
   2.0000000e+00  -6.7252864e-01  -1.6949022e+00   7.0927665e-01   4.0470797e-01   1.8502776e+00   1.8249349e+00
   2.0000000e+00   3.9410676e-01  -1.2430275e-01   8.4098203e-01   1.3824386e+00   5.4132091e-01   8.7088598e-01
   2.0000000e+00   1.2207003e-01   7.6954698e-01  -1.0209353e+00  -7.2712195e-01   6.4042955e-01  -8.3369842e-01
   2.0000000e+00  -6.4802978e-01   1.5141514e+00  -9.7150086e-01  -8.7214479e-01  -3.8594388e-01   7.8979072e-02
   2.0000000e+00  -1.0435240e+00   8.6161525e-02   1.1207230e+00  -2.4928312e+00  -6.0402730e-01  -6.5102122e-01
   1.0000000e+00   3.2729318e-01   6.8129837e-02  -5.8351607e-01  -1.6579903e-01   3.7634938e-01  -2.4447790e-01
   2.0000000e+00  -6.7103714e-02  -7.6217567e-01  -8.5983810e-01  -7.0986903e-01   1.8731499e-01  -2.0968219e+00
   2.0000000e+00   6.3307306e-01  -4.8369951e-01   1.2845801e+00   6.8869719e-01  -2.2970935e-01  -5.3511838e-02
