   2.0000000e+00   1.7351506e+00  -9.9164894e-01  -9.5029171e-01   2.0111813e+00   5.4558939e-01  -2.4385279e-01
   2.0000000e+00   2.3797292e+00  -1.1543546e+00  -9.9432537e-01   1.9309010e+00   3.8587048e-01   6.3769586e-01
   2.0000000e+00  -1.6887244e+00   2.3320022e-01  -1.2583008e+00  -1.9014500e-01  -9.3512873e-01   1.3798181e+00
   2.0000000e+00   8.1780712e-01  -3.6145153e-02   1.4406707e+00   1.2187952e+00  -2.8400155e-01   5.7267804e-01
   2.0000000e+00   5.2616259e-01  -6.5115040e-01   2.4781127e-01  -1.5342356e+00   4.6720301e-01   1.1612881e-01
   2.0000000e+00   1.7109788e+00  -9.2157452e-02  -6.4820070e-01   9.7675802e-01   1.1849237e+00  -1.4731712e+00
   2.0000000e+00   5.8848111e-01   1.5324579e+00  -3.6607880e-01  -1.2011653e-01   4.9680534e-01  -2.0575713e-01
   2.0000000e+00  -1.2925171e+00  -1.6544912e-01   4.5609274e-01  -9.0880512e-01  -1.2053916e-01   7.5243920e-01
   2.0000000e+00   4.6928652e-01   1.6990393e+00   1.4250822e-01  -4.7412116e-01  -6.8110084e-01   1.6638024e-02
   2.0000000e+00  -1.5935902e+00  -5.3720599e-01  -1.4189396e+00   1.1711819e+00  -1.9184024e+00   4.6317863e-01
   2.0000000e+00   4.9019739e-02   1.4860346e+00  -2.4144752e-01  -4.6217611e-01   4.5685087e-01  -7.5376103e-02
   1.0000000e+00  -1.1707301e-01   6.0151579e-02   6.8164890e-01  -7.9884788e-01  -1.6723689e+00   4.2927797e-01
   2.0000000e+00   2.2310538e+00   1.4592201e+00   5.8099729e-01  -4.5607785e-01  -2.9065726e-01   4.4461023e-01
   1.0000000e+00   3.6152389e-01   5.5755591e-01  -9.1904247e-01   7.6696261e-01   4.1883804e-01  -4.4992884e-01
   2.0000000e+00   8.8888773e-01   1.6909666e+00  -1.1166704e+00  -1.2399271e+00   1.6654778e+00   9.3914770e-02
   2.0000000e+00   5.5820469e-01  -2.2783112e-01  -8.1253442e-01   3.5125801e-01  -2.7286296e-01  -2.7803973e-01
   1.0000000e+00  -2.6533178e-01   5.5347211e-01  -1.7187938e-01  -5.5796218e-02  -5.6163631e-01   2.8491998e-01
   2.0000000e+00  -6.8173752e-01   8.8925402e-01  -1.6126840e-01  -3.4979993e-01   6.6556064e-01   2.1722985e+00
   1.0000000e+00  -1.4399641e-01   5.3516651e-01  -3.1559116e-01  -2.0198782e+00  -3.7753397e-01  -8.8403067e-01
   2.0000000e+00   4.1862469e-01  -1.5705544e+00  -6.2195621e-01  -1.1145842e-01   6.1393339e-01   4.0220410e-01
   2.0000000e+00   1.1269700e+00  -7.6799250e-01  -2.7221215e+00  -6.8284251e-01  -5.6101609e-01  -3.7549930e-01
   2.0000000e+00  -7.8443074e-01   1.1651830e+00  -8.6614023e-01  -1.6905332e+00   1.4686331e+00   4.4785132e-01
   2.0000000e+00  -7.4156545e-01  -1.4390959e+00   2.6421487e-01   2.0325644e-02   4.3677304e-01   8.2247622e-01
   2.0000000e+00  -1.1066599e+00  -3.5869565e+00  -4.4629929e-01  -2.5980648e+00   3.7886870e-02  -1.3800689e-01
   2.0000000e+00  -2.5434617e-01  -8.7357221e-01  -4.6496872e-01   8.2046594e-01   1.5182817e+00   1.3629734e+00
   2.0000000e+00   9.8635405e-01   1.0720827e+00  -5.7169561e-01   4.9687801e-02   3.6576839e-01  -7.4457800e-02
   2.0000000e+00   1.0578048e-01  -1.1082530e+00   8.4544440e-01  -1.1288362e+00   8.3061347e-01  -2.2240240e-01
   2.0000000e+00  -8.1224552e-01   9.9680161e-01  -9.7355870e-01   8.2900999e-01   8.0457739e-01   4.6756204e-01
   1.0000000e+00   8.9614791e-01   3.8556239e-02  -8.6416414e-01  -7.4406681e-01  -2.6274104e-01   2.9126031e-01
   2.0000000e+00  -1.1747753e+00   3.6382272e-01  -7.9520472e-01  -5.4720421e-01   4.5407195e-01   2.8636218e+00
   1.0000000e+00  -1.5103762e-01   1.8345011e-01   7.6944849e-01   1.8711327e-01  -6.0400720e-01   1.1617767e+00
   2.0000000e+00  -3.7775889e-01  -1.9195504e+00   1.0824107e+00  -1.1515128e+00  -9.8542303e-01   1.3545729e+00
   2.0000000e+00  -1.1854220e-01  -9.0629055e-01  -3.3977601e-01  -1.1673472e+00   9.3249807e-01  -1.3619785e+00
   2.0000000e+00  -1.0066774e+00  -8.7829057e-01  -3.8450233e-01  -1.1990618e+00  -1.8158643e+00  -4.0811873e-01
   2.0000000e+00  -1.1806546e+00   2.3582748e-01   1.7235993e+00   1.2167269e+00   6.2438241e-01  -1.2280174e+00
   1.0000000e+00   5.4413362e-02   4.2037517e-01  -1.3067421e-01  -7.5432513e-01   4.8385656e-01   2.9122073e+00
   2.0000000e+00   1.4463916e+00   5.1821905e-01   1.8130780e+00   8.4056656e-01   3.5404725e-01  -2.1381855e+00
   2.0000000e+00  -1.2297827e+00  -1.4164066e+00   1.1120122e+00   3.7917282e-01  -2.6559852e-01  -4.4924211e-01
   2.0000000e+00   2.5404969e+00   1.1745957e+00   4.8298640e-01  -1.0720288e+00   6.6878556e-01   1.3593362e+00
   1.0000000e+00   4.6116658e-01   3.7296984e-01   8.4870097e-01   7.2948093e-01  -7.7839108e-02  -1.6443893e+00
   2.0000000e+00  -1.1365165e+00   1.1643715e+00   4.9038997e-01  -4.0111895e-01   4.2531764e-01  -6.9773142e-01
   2.0000000e+00  -1.8314960e+00   2.0187804e-01   1.4850372e+00   5.3642221e-01  -8.3307574e-02   8.4864389e-01
   2.0000000e+00   3.5314710e-01  -7.4240481e-01   7.5456545e-01   6.4473071e-01  -1.5589490e-01   3.2810349e-01
   2.0000000e+00  -2.9413602e+00   1.9702629e+00   1.1184173e-01  -1.1488546e-02  -3.9737529e-01   1.1113972e+00
   2.0000000e+00  -1.1651060e-01   2.8904127e+00  -4.4262739e-02  -7.1819635e-01  -2.2181105e-01   1.0205327e+00
   2.0000000e+00  -2.7972253e-02  -1.4617434e+00  -5.8771685e-01   1.6491185e+00   3.7986499e-01   8.4915112e-01
   1.0000000e+00   5.8387676e-01   4.2735821e-01  -4.1452380e-02  -1.1711624e-01   3.4463124e-01   2.9725214e-01
   2.0000000e+00   1.6645133e-01  -2.7253993e-01  -6.3794955e-02  -2.7587181e-01   6.4655766e-01   4.1282462e-01
   1.0000000e+00  -6.8160037e-01   2.3084421e-01   3.6243139e-01  -7.1902263e-01   1.2533919e+00  -8.3607236e-01
   1.0000000e+00  -4.7707313e-01   3.7968223e-01  -1.0473912e+00  -4.4450604e-01  -4.0608662e-01  -1.0647414e+00
   2.0000000e+00  -1.2224905e+00  -1.3085404e+00  -2.2349143e+00   7.2358081e-02   1.6314305e-01  -1.5306764e+00
   2.0000000e+00   1.3586542e+00   4.2494372e-01   2.8082865e+00  -1.7567918e+00   3.5223755e-01   3.9154614e-01
   2.0000000e+00  -8.5042128e-01  -1.3740268e-01  -4.8878277e-01  -1.6018333e+00  -1.4871977e+00  -1.5237633e-02
   2.0000000e+00   7.4543822e-01  -3.4796782e-01   1.4342717e+00  -1.2282789e-01   9.6619091e-02   3.1076445e-01
   2.0000000e+00   6.0551400e-01  -1.6135433e+00   4.8060771e-01  -6.7681419e-01  -5.8765057e-02   1.9924367e+00
   2.0000000e+00   1.7826403e+00   2.6310286e-01   1.0659472e-01   3.0196902e-01  -8.7414464e-01   1.5944165e+00
   2.0000000e+00   3.3995871e-01  -1.4476130e-01   1.2322321e+00  -2.4802248e+00   1.8048924e+00   5.6156388e-01
   2.0000000e+00  -5.3367042e-01  -4.8945988e-01   3.4434209e-01  -6.4394256e-02  -2.3146547e+00  -3.6716368e-01
   2.0000000e+00  -1.1462727e+00   4.1811159e-01  -1.1871821e-01  -6.2861772e-01  -1.8928374e-01  -1.4839130e+00
   2.0000000e+00   7.6196690e-01   1.1379047e+00  -1.9052950e+00  -4.9708211e-02   1.5151668e+00   9.3517069e-01
   2.0000000e+00   1.5436198e+00  -4.0071348e-01  -2.6426172e-01   1.5044529e-01  -1.7164660e+00   1.7799963e+00
   2.0000000e+00  -1.8316574e+00  -1.4903253e-01  -1.7312782e+00  -2.5458650e-01  -5.1001598e-01  -7.0714265e-01
   2.0000000e+00   6.2278901e-01  -1.1641741e+00   2.8679551e-01   3.8330332e-01  -1.4456054e-01   2.3668671e-01
   2.0000000e+00   1.1245854e+00   5.6750733e-01   1.4558524e+00  -3.6037897e-01  -2.7221762e-01   9.9320176e-01
   1.0000000e+00  -7.7916175e-01   4.6504157e-01   1.0218512e+00   6.5135412e-01   1.0447757e+00   2.6552068e-01
   1.0000000e+00  -9.2703460e-02   1.4866985e-01   9.2322817e-01   6.1143812e-01  -9.1274726e-01   6.4773034e-01
   1.0000000e+00   2.2335667e-01   8.1759662e-01  -6.2477790e-01   8.7536527e-01   1.5306141e-01  -1.1474968e+00
   2.0000000e+00  -1.3451445e+00  -1.8608422e-02  -2.6049496e-01   2.0248465e+00   1.1950828e-01   1.6352827e+00
   2.0000000e+00  -3.3625722e-01   9.6015085e-01  -1.2814150e+00  -2.8173925e-01   1.1763746e-01  -8.8220605e-01
   2.0000000e+00   8.8601410e-02   9.3195892e-01  -2.6089681e-01   1.8066186e+00   2.7915936e+00  -1.6810464e+00
   2.0000000e+00  -1.2397933e-01   1.6281571e+00   5.3832743e-01   2.1767552e-02  -5.3506818e-01  -1.7802404e+00
   2.0000000e+00  -7.2880265e-02  -8.6977610e-02  -2.1380901e+00   8.8757134e-02   1.4899070e+00   1.7589274e+00
   2.0000000e+00   4.0527750e-01  -9.1075112e-01  -1.2013714e+00   9.5639769e-01  -1.3821414e-01  -1.7324622e+00
   2.0000000e+00  -1.6532701e-01  -1.4937567e+00  -8.4286915e-01  -9.2911328e-01   8.1974747e-01   1.1030799e+00
   2.0000000e+00   1.1024491e+00  -4.0913870e-01  -1.3626248e+00  -1.5506031e+00   2.1932829e+00   1.0166561e+00
   2.0000000e+00  -1.1193183e+00   4.5281464e-01   7.4873396e-01  -1.0056854e-01  -2.9231807e-01  -5.0290976e-01
   2.0000000e+00   1.1149863e+00   2.8017821e-01   4.7875199e-01  -1.0662280e+00   5.0948435e-01  -1.0229832e+00
   2.0000000e+00   3.3833250e-01  -1.4358802e+00  -1.5736517e+00  -3.7212321e-01  -1.4024913e+00   1.8800147e+00
   2.0000000e+00  -1.3470303e-01   1.4014261e+00   1.7154227e+00  -1.7792112e+00   1.9047556e+00   1.0850076e+00
   2.0000000e+00   6.4336412e-01  -2.1158884e+00  -2.2544533e+00  -1.1180076e+00   2.0491161e+00  -2.6069014e-01
   1.0000000e+00  -2.1613235e-01   3.3588792e-01  -2.3837133e+00   3.3059262e-01  -1.7894121e+00   4.2325904e-01
   2.0000000e+00   1.7065784e+00   2.4266865e+00  -2.7430956e-01  -1.2174057e+00   5.1327522e-01  -8.4415429e-01
   1.0000000e+00  -8.0088494e-01   2.8906328e-02   2.5094446e-01   4.3226444e-01   1.1949320e+00  -1.0759324e-01
   2.0000000e+00  -9.2692342e-01   1.2232431e+00  -2.8060788e-01  -9.2773547e-01   1.3316045e+00  -4.6217584e-02
   1.0000000e+00   7.5568015e-01   1.7911128e-01  -2.5195122e-01   4.6784646e-01   6.4303113e-01  -4.8717911e-01
   2.0000000e+00  -4.7002731e-01  -6.5448306e-01   2.6216502e-01  -5.9749984e-01  -1.6708056e-01  -3.1835357e-01
   2.0000000e+00   1.5630608e+00  -3.8548654e-01  -5.2705864e-01  -6.4488654e-01   3.4468838e-01   2.7220072e-01
   2.0000000e+00   6.4709268e-01  -4.2831830e-01   6.0973498e-01  -7.2496535e-01  -9.4391659e-01   1.0736912e-01
   2.0000000e+00  -4.8422080e-01   1.2317963e+00   1.2062007e+00   1.4034716e-01   2.5756916e-01  -1.4753028e-01
   2.0000000e+00  -8.0352548e-01  -1.5972486e+00   1.2474393e+00  -4.5756068e-02   6.7774722e-01  -9.7725130e-01
   2.0000000e+00  -2.1019098e+00  -9.7779692e-01   1.8441630e+00  -5.8813517e-01  -3.1487153e-01  -1.5545677e-01
   2.0000000e+00  -8.6442005e-01   7.6310033e-01  -7.8109088e-01  -9.5018350e-01  -5.8195160e-03   5.7838193e-02
   2.0000000e+00  -1.1611793e+00   5.6174129e-01   8.4593427e-01  -2.9128251e-01  -1.5374470e-01   2.5981927e-01
   2.0000000e+00  -1.0336518e+00   6.5536776e-01   1.2866676e+00   9.1008518e-01  -4.6016384e-01   6.2482772e-01
   2.0000000e+00   2.2295938e-01  -1.1533035e+00   1.6586176e-01   7.2102969e-02   5.6859046e-01   9.3286188e-01
   2.0000000e+00  -2.6672834e+00   5.4509832e-02  -3.1608776e-02   6.5269002e-01  -1.5168856e+00  -4.3947567e-03
   2.0000000e+00  -1.1673497e+00  -1.6294551e+00   1.0848361e+00  -1.0115101e-01  -1.4911664e+00  -4.5485623e-01
   2.0000000e+00   2.2705216e-01  -3.7428085e-01  -7.9767169e-01   7.4182276e-01  -1.9049246e+00  -1.7679000e-01
   2.0000000e+00   1.0401731e+00   1.2310844e+00   9.6928531e-01  -2.3892391e-01   6.6790655e-02  -7.5030038e-01
   1.0000000e+00  -7.5359430e-01   1.6759560e-01   3.3955279e+00   5.6565357e-01  -1.1548007e+00   5.5545579e-02
   2.0000000e+00   1.0405777e-01  -9.0359365e-01  -1.4463657e+00  -4.1360054e-01  -4.5725195e-01  -7.1044055e-01
   2.0000000e+00   3.6939370e-02  -9.6492600e-02   8.6752859e-01   1.5906605e+00   1.3070467e+00  -5.4656446e-01
   2.0000000e+00   1.8050394e+00  -3.0885682e-01  -6.5369189e-01  -2.4561647e-01  -1.0848651e+00   1.3839422e+00
   2.0000000e+00   1.5694884e+00  -7.9411362e-01  -5.7031964e-02   6.6571989e-02  -6.0384108e-01  -1.5186920e-02
   2.0000000e+00  -7.9730043e-01   1.2862908e+00   2.2878914e+00  -8.6485780e-01  -1.0813014e+00   1.3623461e-01
   1.0000000e+00  -5.3990463e-01   2.8405179e-01  -1.7850527e+00   5.4772304e-01  -7.5083896e-01  -4.0814500e-01
   2.0000000e+00  -1.8572069e-01  -1.6331892e+00   7.0047786e-01   6.4846110e-01   2.1284343e-01   1.7988532e+00
   2.0000000e+00  -2.0172565e+00   1.4965862e+00   1.2438925e+00   8.8165312e-01   1.9760147e+00   9.7813287e-01
   2.0000000e+00  -3.8068456e-01  -6.4717264e-01  -1.8487630e+00  -6.5476147e-01   8.8428626e-02  -1.3212665e+00
   2.0000000e+00   3.0703525e+00  -1.8941054e-01  -1.6030536e-02   2.9892291e-01  -1.1391731e+00  -1.2624429e+00
   2.0000000e+00  -6.6389205e-01  -1.5727241e-01  -8.4382838e-01  -1.1270270e-01  -3.2590520e-01   4.6304058e-01
   2.0000000e+00  -1.4756180e+00  -1.4342937e+00   6.8459762e-01  -4.8878091e-01   1.1623781e-01  -4.8925560e-02
   2.0000000e+00  -1.9449121e+00   9.6543046e-01   1.0515345e+00  -8.0972611e-01   1.2446501e-01   1.8317853e+00
   2.0000000e+00   1.6007110e-01   1.8866321e+00   7.4708936e-01   1.0445480e+00  -1.1910029e+00  -1.9027464e+00
   2.0000000e+00   1.7459531e+00  -6.8291654e-01  -7.0553322e-01  -1.5758494e+00  -8.4998782e-01   8.3683195e-01
   2.0000000e+00   1.0512360e+00   1.2197447e+00  -1.5076619e+00  -1.0867867e+00  -6.2637875e-02  -4.1831116e-01
   1.0000000e+00   5.0886970e-01   5.0797592e-01  -6.4992248e-01   4.8058873e-01   3.6223978e-01   9.6224089e-02
   2.0000000e+00  -1.8495775e-01  -5.7825102e-01   1.0363351e+00   4.7419130e-01  -6.7815892e-01  -2.1894554e-01
   2.0000000e+00  -1.4982289e+00   6.2389799e-01   5.7120964e-01   1.1692807e+00   1.3098844e+00  -1.3049984e+00
   2.0000000e+00  -1.4729775e+00  -1.5921462e+00   1.5399262e+00   2.1456356e+00  -1.1327620e+00  -1.2892714e+00
   2.0000000e+00   2.6341208e-01  -3.9625215e-01  -1.8113107e-01   3.0293436e-01   5.3771919e-01  -1.3144279e+00
   2.0000000e+00   4.4752294e-01  -3.0680364e-01  -7.7176082e-01   1.9161169e-01  -8.6350039e-01   2.8032230e-01
   2.0000000e+00  -1.6491603e+00  -1.3436618e+00  -5.6493116e-01  -2.4163536e-01   2.5937479e+00  -9.5998123e-01
   1.0000000e+00   3.5094606e-01   6.0033470e-02  -8.4528677e-01  -1.2187096e-01   2.7029986e-01  -1.1255131e+00
   2.0000000e+00   2.3844129e-01  -2.7744478e-01   6.0394079e-02  -7.1209842e-01   7.2750726e-01  -1.9803666e-01
   2.0000000e+00  -4.5337981e-01  -1.1497099e+00   4.4998871e-02   4.3978209e-01  -1.9718456e-01  -2.2004011e+00
   2.0000000e+00   8.1938384e-01  -6.2026598e-01   6.9023113e-01  -5.2765248e-01  -6.8438477e-01  -1.2190279e+00
   2.0000000e+00   1.4474200e+00  -1.0846227e+00  -4.8034848e-01  -4.9080264e-01  -5.5111435e-01  -7.1420548e-01
   2.0000000e+00   1.5073155e+00   6.3255756e-01   6.9399638e-01   4.4861206e-01   7.9723961e-01  -1.5465960e+00
   2.0000000e+00   6.6968208e-01   1.0838268e+00   1.3074617e-01  -5.2226950e-01  -6.2104753e-01   1.3961897e+00
   1.0000000e+00  -1.4322911e-02   7.4523716e-01  -4.2910244e-02   8.9768421e-01  -3.0812573e-01   9.4083831e-01
   2.0000000e+00  -2.0790846e-01   1.1737052e+00  -7.5850987e-01  -2.0681556e+00   1.5977345e+00  -1.1696120e+00
   2.0000000e+00  -3.7136303e-02   1.1631304e+00   6.1463069e-01  -1.6188637e+00   7.9004566e-01   1.6215639e+00
   2.0000000e+00  -1.8564798e-01  -1.0452657e+00   2.0810352e+00  -8.5535750e-01  -2.4500632e-01   1.3616494e-01
   2.0000000e+00   1.2119912e+00  -1.1151095e+00  -5.2505181e-01   4.4293265e-01  -1.2532971e+00  -3.9318352e-01
   2.0000000e+00  -1.5916139e+00  -4.9905176e-01   4.1635447e-02  -5.9343726e-01  -7.4670587e-01  -1.6693205e-02
   2.0000000e+00  -1.8943447e+00   2.8410799e+00  -6.4618647e-01  -1.5139314e+00   5.2336799e-01  -8.1182505e-01
   2.0000000e+00  -1.1964921e+00   1.2135252e+00  -1.8124780e-01  -2.0073898e+00  -5.1432107e-01   6.0823337e-01
   1.0000000e+00  -4.2770072e-02   5.0530557e-01  -1.6283288e-01  -1.7390473e-02   1.3915868e+00   1.5111698e-01
   2.0000000e+00  -1.1359807e+00   1.6551964e+00  -7.4173130e-01  -1.4239696e+00  -8.4324045e-01   6.6703743e-01
   1.0000000e+00  -6.3984545e-01   5.8782063e-02  -8.5192714e-01   5.7882340e-01   5.8768377e-01   9.7225091e-01
   2.0000000e+00  -9.0195948e-01  -3.9581850e-01   8.6191029e-01   1.1372679e+00   3.8572172e-01  -9.6537508e-01
   2.0000000e+00  -1.0665458e-01  -2.9136042e-01   4.4143549e-01  -3.8809499e-01   7.1597211e-01   6.1007353e-01
   1.0000000e+00   7.7764502e-01   4.0754871e-01   1.6494020e+00   1.2168279e+00   5.8561563e-01  -2.2746084e+00
   2.0000000e+00   6.1633728e-01   7.1041063e-01  -4.4618220e-01   1.6302725e+00   2.1907337e+00  -3.4508280e-01
   2.0000000e+00  -1.0950157e-02  -3.3173297e-01  -1.1093364e-01  -8.7107008e-01  -2.2337103e+00  -1.4854459e-01
   2.0000000e+00   1.7583060e+00  -1.8161788e-01   2.0372948e+00  -6.9522769e-02  -1.2002791e+00  -1.4423808e+00
   1.0000000e+00   7.9073019e-01   2.4956193e-01  -5.7860238e-01  -1.1013060e+00  -5.4607612e-01  -5.6704651e-01
   2.0000000e+00  -1.2534105e+00  -4.3553345e-01  -1.5078034e-01  -1.7171826e-01  -3.1714857e-01  -5.5898412e-01
   2.0000000e+00  -3.3768641e+00  -1.1841705e+00  -2.0268474e-01  -5.8939825e-02   9.2479953e-01  -9.1497340e-01
   2.0000000e+00  -2.8566781e-01  -5.5414242e-01   2.0329058e+00  -1.6924874e+00   1.1102499e+00   1.2694648e+00
   2.0000000e+00  -3.8156299e-01   9.6840223e-01   7.2354500e-01  -1.5456974e+00  -3.1209210e-01   2.2983242e-01
   2.0000000e+00   2.7420862e-01   3.4918170e+00   9.1590446e-01   2.2696677e+00  -1.4513144e+00   3.3121296e-02
   2.0000000e+00  -1.8707919e+00  -1.0543690e+00   1.5322104e-01   6.1998533e-01   7.7586299e-01   1.0463953e+00
   2.0000000e+00   1.4709739e+00   1.6817121e+00   8.0914886e-01  -1.4217840e+00   1.5158289e+00   8.2118573e-01
   2.0000000e+00  -1.4827535e+00   6.4867814e-01  -9.9590932e-01   5.8709558e-01  -1.5729406e-01  -1.0767446e+00
   1.0000000e+00  -1.6008656e-01   4.9066372e-01   1.0696544e+00   3.1151414e-01  -4.9928219e-02  -1.1668534e+00
   2.0000000e+00  -8.4438773e-01  -1.0241482e+00  -1.5352113e+00  -8.5174792e-01   2.4947614e-01  -1.5933627e+00
   2.0000000e+00  -1.0164946e+00   4.1726416e-01   2.3527244e+00  -7.8989348e-01   1.7167669e+00  -2.5329865e+00
   2.0000000e+00   1.4585161e+00  -1.4695856e+00   5.2896474e-01   6.4089799e-01   2.0045155e-02   6.8824068e-01
   2.0000000e+00   5.5663017e-01   1.3167228e+00  -3.3050172e-01  -1.0896076e+00   7.9122905e-01  -2.3199244e+00
   2.0000000e+00   6.0837388e-01   1.0446101e+00   1.1175257e+00   9.3570985e-01  -1.4351552e+00   9.1273728e-01
   1.0000000e+00   1.3628237e-02   7.6565737e-01  -2.1818997e+00   1.7872384e+00   6.8559624e-01   2.3881238e+00
   2.0000000e+00   1.6901233e-01  -8.7831642e-02  -1.8307664e+00  -3.4549624e-01   1.5482730e-01   5.2115481e-01
   2.0000000e+00  -8.5075532e-01   7.2603358e-01  -8.0811458e-01   7.5372522e-01  -5.1229531e-01   8.2515957e-01
   1.0000000e+00  -1.0712766e-01   5.4869849e-01  -1.6861091e-01   9.6522339e-02   1.2910070e-01  -9.1301385e-03
   2.0000000e+00   2.1129877e+00   6.1506687e-01  -6.7229106e-01  -5.8824689e-01   2.4809700e-01   4.3223543e-01
   2.0000000e+00   1.3885484e+00  -2.1956549e+00   2.3167647e+00   1.3205279e+00  -7.9726960e-02   8.2836527e-01
   1.0000000e+00   9.2031707e-02   4.1545743e-01   1.9176222e-01   4.0264838e-02  -7.4829614e-01  -2.2669635e-02
   2.0000000e+00   1.0865510e+00   1.8186407e+00  -9.3613169e-01   9.4788266e-01  -6.5589249e-03  -9.2164659e-01
   2.0000000e+00  -1.2453069e-01  -3.1180878e-01   7.0077801e-01  -1.4522730e-01   2.9948190e-01  -2.3100575e+00
   2.0000000e+00   4.8756097e-01  -1.0875719e+00  -8.9963416e-01  -1.1351810e-01   1.6079295e+00   8.3328828e-01
   1.0000000e+00   3.2151670e-01   7.3376896e-01  -3.8871222e-01  -4.4671936e-01  -8.8097121e-01  -3.9281839e-01
   2.0000000e+00   1.3707267e-01  -7.5732442e-01  -1.8739501e-02  -4.8347532e-01  -2.2120995e-01  -4.2143801e-01
   2.0000000e+00   1.0812199e+00   7.2126227e-01  -4.5699859e-01  -1.1741685e+00   8.4357192e-01  -4.6295397e-01
   2.0000000e+00  -1.3653039e-01  -1.2750089e+00  -3.3337633e-01  -2.0493893e+00   2.0538294e-02   1.3166766e+00
   2.0000000e+00   3.2847874e-01  -2.0077385e-01   3.5334509e-01  -4.6714160e-01  -1.0013246e+00  -1.0461937e+00
   2.0000000e+00   5.8932781e-01  -4.8362092e-02  -7.2019473e-01  -1.7579213e-01   1.5334134e+00  -3.2388836e-01
   2.0000000e+00   9.9044322e-01  -1.1349992e+00   6.1530274e-01  -8.8397393e-01   1.5658479e+00  -1.2668852e+00
   1.0000000e+00  -5.8140834e-01   3.9052663e-01  -4.2348744e-01   4.9859422e-01  -1.6657310e+00  -1.1211170e-01
   2.0000000e+00   1.2011371e+00   1.6111381e-01   1.1980169e+00   7.8918580e-01  -1.9774529e-01   4.0263903e-01
   2.0000000e+00  -6.0289228e-01   1.6599840e+00   4.7838111e-01  -1.5756561e+00  -1.8754725e+00   7.5601037e-02
   2.0000000e+00   2.2879024e+00  -7.8511536e-01  -1.6629644e+00  -5.3311402e-01   1.9694164e+00   1.2373175e+00
   2.0000000e+00  -9.5878919e-01  -1.8972467e+00  -2.5511235e-01   1.8504469e+00  -1.0320210e+00  -4.2903819e-01
   2.0000000e+00  -1.0195164e+00   1.0033220e-01  -6.1054018e-01  -7.6792073e-01   2.3368726e-01   2.6373490e-01
   1.0000000e+00   8.6840887e-01   1.0551683e-01  -3.5657543e-01  -4.3699507e-01   5.7123154e-02   4.6794575e-01
   2.0000000e+00   8.5620211e-01   6.8672339e-01  -8.1043119e-01   7.6073922e-02   1.0552918e+00  -5.7761478e-01
   2.0000000e+00  -1.2127766e+00   4.8738037e-01  -5.5204531e-01  -1.3316050e+00  -8.6719350e-01  -3.8399415e-01
   2.0000000e+00   1.9195770e+00   9.8358558e-01  -1.5230598e+00  -9.3366804e-01   8.6117219e-01   5.1919873e-01
   1.0000000e+00   8.7660896e-02   5.5487693e-01   2.0906483e+00  -1.1569524e-02   2.8252740e-01   2.7730303e-01
   2.0000000e+00   1.6367695e+00   2.0561348e-01   8.1054372e-01  -5.0386365e-01  -6.6767967e-01   6.9623770e-03
   2.0000000e+00  -3.0665924e-02   6.0392106e-01   4.6577369e-01   2.6247792e-01  -2.1642282e+00   5.6477130e-02
   2.0000000e+00   1.0897921e+00   1.7071029e+00   9.9682634e-02  -4.5110732e-01  -1.8263906e+00  -3.2591542e-02
   2.0000000e+00  -6.0178104e-01  -8.1044878e-01   5.8093255e-01  -9.1759550e-02  -7.6245229e-02   1.9219521e+00
   2.0000000e+00  -1.1388020e+00  -9.5116408e-01   5.0981289e-02  -1.9449551e+00   1.2936671e+00  -2.0086593e-01
   2.0000000e+00   5.5132736e-01  -4.8570924e-01  -1.1814553e+00   9.2558114e-01   1.6896863e+00   5.2855730e-01
   2.0000000e+00  -1.5550091e-01   1.4001505e+00  -1.7855956e-02  -1.9672901e+00   1.0772142e-01   1.3332069e+00
   2.0000000e+00   4.1101123e-01   1.0818186e+00  -4.8790833e-01   2.7751378e-01   1.1067072e+00  -6.7854060e-01
   2.0000000e+00  -2.0453657e+00  -9.6252447e-01  -1.5390104e+00  -7.5775285e-01  -3.2661695e-01  -1.4494667e+00
   2.0000000e+00  -2.0151824e+00  -6.1183134e-01   1.9412618e-01  -2.1446850e-01  -8.4432036e-01   2.2587805e-01
   2.0000000e+00  -2.6125123e-01   2.5359203e+00  -1.6494983e+00   1.1685047e+00   6.8213443e-01   2.2903784e-01
   2.0000000e+00  -5.2749748e-01   2.7245806e+00   4.1125033e-01   3.5268267e-01   3.4005424e-01  -3.3043030e-01
   2.0000000e+00  -1.5531366e+00  -1.0836615e+00   4.0036266e-01  -2.3239107e-01  -5.4080665e-01  -7.4367943e-01
   2.0000000e+00  -8.1785130e-01   2.1641117e+00   3.6132932e-01  -1.8382252e+00  -1.7789736e-01  -6.1844999e-01
   2.0000000e+00   1.1689178e+00   6.2552755e-01  -4.7822920e-01  -1.4325994e+00  -7.9301206e-01   6.6752975e-01
   2.0000000e+00  -4.1346375e-01   4.1051480e-01  -1.3702540e+00  -9.5200516e-01   2.4064487e+00   8.4876574e-01
   2.0000000e+00   7.2113151e-02  -9.6856715e-01   3.2859472e-02   7.5586883e-01  -1.0951831e+00   3.7709795e-01
   1.0000000e+00  -1.2374401e-01   3.7197324e-01  -4.2906589e-02  -1.4194050e+00  -8.1140409e-02  -4.8150416e-01
   2.0000000e+00  -1.1303299e+00  -8.9280783e-01   3.9271521e-01  -3.7551523e-01   1.8545078e-01   8.3996315e-01
   2.0000000e+00  -1.5843833e+00   9.5453419e-01   1.0515219e+00   1.6480562e+00   1.9223568e-01  -2.0338669e-01
   2.0000000e+00  -1.3985567e+00   7.2478067e-01   8.6011229e-01   6.1234947e-01  -1.5595550e-01   2.5725015e-01
   1.0000000e+00  -3.8270483e-01   1.2332838e-01   1.0402680e+00   1.1506687e-01  -9.3923929e-01   2.4756685e-01
   2.0000000e+00   6.1752620e-01   1.4965487e+00   1.1752331e-01   2.5538589e-01   1.2588217e+00   2.6334499e-01
   2.0000000e+00   4.9152282e-01  -7.8409028e-01   9.6307074e-01  -1.1447312e+00  -1.0846083e+00  -1.3485470e+00
   2.0000000e+00   1.0917464e+00  -1.2725539e+00   1.3852884e+00   8.5147395e-01  -1.6070711e+00  -1.4024553e-01
   2.0000000e+00   1.4977785e+00  -3.4850638e-01  -1.0883183e+00  -4.2192718e-01  -1.7309261e+00   8.6689804e-01
   2.0000000e+00  -1.1902897e+00  -1.1034257e+00   1.3396102e+00  -5.1760013e-01   1.3667180e+00  -9.7481945e-02
   2.0000000e+00  -1.9069708e-01  -9.9434505e-02   1.6744104e-01  -9.7958972e-01  -3.7089024e-01  -5.6573282e-02
   1.0000000e+00  -6.7960643e-01   1.3732604e-01   5.2843672e-01  -8.8624257e-01   2.5037408e-01  -3.8052598e-01
   1.0000000e+00   3.4232937e-01   4.0619508e-01   1.7972570e-01   8.1314933e-01  -1.4759741e+00  -1.1844103e-01
   2.0000000e+00   9.9007045e-01   8.7410663e-01   5.8976547e-01   4.2797751e-01  -1.2950925e+00   1.1846566e+00
   2.0000000e+00  -1.8415724e+00  -5.6270611e-01  -1.1480543e+00   7.6082825e-01   2.2421734e+00  -9.1541159e-01
   2.0000000e+00   2.3100687e-01  -9.4443838e-01   2.2171406e-01  -6.6997998e-01  -2.8728766e-01   2.1696456e-01
   2.0000000e+00   1.4158728e+00   2.7618279e-01  -1.3221656e+00  -9.2730867e-03  -1.2411035e+00  -2.0210674e+00
   2.0000000e+00   1.7368791e+00   8.7928997e-01  -1.0811832e+00  -9.6856327e-01   7.4679048e-01   1.7353491e+00
   2.0000000e+00  -2.8737308e-01  -5.3477207e-01   1.0372332e+00   1.9640866e-01   1.4533472e+00  -9.9314095e-01
   2.0000000e+00   2.1167510e+00  -2.6573976e-01  -1.3929409e+00  -1.2004141e+00  -1.6167071e+00  -3.7469620e-01
   2.0000000e+00   8.9605702e-01   1.9052987e+00  -8.0786858e-01   1.8325894e-01   1.3981345e+00   1.1965069e+00
   2.0000000e+00  -2.2900668e-01  -1.3860523e+00  -3.1680420e+00  -6.1559615e-01   5.1113982e-02   7.4973236e-01
   2.0000000e+00   1.2540550e+00   4.7333038e-01   5.6648451e-01  -1.1458780e+00   2.7836636e-01   1.2203190e-01
   2.0000000e+00   3.0914042e-01  -7.3526493e-01   2.3878393e-02  -2.1566598e+00  -5.3346432e-02  -3.7439411e-02
   2.0000000e+00  -1.3500061e+00  -6.0527956e-01   8.7145568e-02   2.0707762e+00  -1.3320971e-01  -1.7898876e-01
   1.0000000e+00  -2.1602345e-01   5.0748402e-01   2.3555029e-01  -5.3053869e-01   1.2802622e+00   1.3008245e+00
   1.0000000e+00   5.5602098e-01   1.0959420e-01   3.1995579e-01  -4.7904645e-02  -5.3413330e-01   2.9599943e-01
   1.0000000e+00  -3.5248030e-01   7.3986781e-01  -2.2095898e-01   1.2038417e+00   1.2486076e+00  -1.1252191e+00
   2.0000000e+00  -1.3024206e-01  -1.7578930e-01   1.4172757e+00   9.4063922e-01   1.0836703e-01   2.0550723e-01
   2.0000000e+00   1.0261331e+00  -9.5873220e-01  -2.0164124e+00   1.0049762e+00  -5.2220028e-01   1.6169132e-01
   2.0000000e+00  -8.6620498e-01  -5.7782751e-01   8.6130012e-01   5.8177468e-02   7.0619860e-01   6.1244713e-04
   2.0000000e+00  -1.3724768e+00  -3.8404675e-01   3.1608763e-01   6.1768549e-01  -1.8087966e-01  -1.7964549e-01
   1.0000000e+00   2.2055478e-01   4.0986279e-01   1.0463076e+00   4.9638506e-01  -6.3412427e-01   2.7234143e-02
   2.0000000e+00   1.0276955e+00  -8.2629862e-01  -8.9904194e-01   7.3255324e-02  -1.0649904e+00  -6.7967221e-02
   1.0000000e+00   1.1542683e-01   1.7465341e-01   2.8077762e-01  -4.3255300e-03   1.0492523e+00   3.7622048e-01
   2.0000000e+00  -7.1473570e-01   1.3641974e+00  -1.7530035e+00  -6.3737324e-01   6.8193956e-01   3.4505924e-01
   2.0000000e+00   8.5707024e-01  -1.3642681e+00  -9.9018740e-01   2.4441229e+00   1.1805621e+00  -6.5608540e-02
   2.0000000e+00   2.1742232e-01  -4.9033725e-01  -1.1628504e+00   6.0181678e-01   1.2083502e+00  -1.9836344e-01
   2.0000000e+00  -1.4003888e+00  -6.3485914e-01  -7.9859244e-01  -3.9778144e-01   4.6118298e-01  -7.4831223e-01
   2.0000000e+00   9.4818561e-01  -1.2529583e+00   7.9920305e-01  -7.2837528e-01  -5.1599880e-01   3.6888367e-01
   2.0000000e+00  -1.3975631e+00  -6.3657319e-01   7.6727692e-01   3.0903078e-01  -2.3179811e+00  -4.6538282e-01
   2.0000000e+00  -1.2331538e+00  -6.4897783e-01   9.0008017e-03  -1.3320559e+00  -1.6249941e+00  -1.4515860e+00
   2.0000000e+00  -2.5099457e-01   1.7731478e+00  -2.1272447e+00   4.1595657e-01   1.3144192e+00  -8.9504220e-01
   2.0000000e+00  -2.0088112e+00  -3.1407042e-01   8.5852549e-01  -1.9331809e+00  -7.6837557e-01   6.8182684e-01
   1.0000000e+00   7.3088659e-01   1.9480188e-01  -5.4417946e-01  -1.2564525e+00   1.7367761e+00   6.1234777e-02
   2.0000000e+00  -6.4864385e-01  -3.1002204e-02  -1.0777158e+00  -4.1433421e-01  -2.2066645e+00   3.0159681e+00
   2.0000000e+00   2.4840064e+00   4.6211995e-01  -2.7001502e-01   1.4784473e+00   1.4924310e+00  -2.1679539e-01
   2.0000000e+00  -1.1716825e+00   1.4140431e+00  -1.1885803e+00  -1.3436807e-01  -9.7244178e-01  -7.5240189e-01
   2.0000000e+00   1.2411452e-01  -1.1912688e+00  -7.6095856e-01   2.7423120e-01   3.8623598e-01   4.1619725e-01
   1.0000000e+00  -2.3793010e-01   3.7316617e-01   3.1701318e-02  -7.4595541e-01  -5.7369995e-01  -4.2416528e-02
   1.0000000e+00  -4.2001516e-03   5.2289350e-01   1.3752285e+00   5.9940230e-01  -9.1698478e-01   5.9873237e-01
   2.0000000e+00  -6.2058777e-01  -6.0104891e-01  -7.8581947e-01   1.5277892e+00   1.3370736e+00   1.3317958e+00
   2.0000000e+00  -2.7295797e+00   4.8411685e-01  -1.5960087e+00   1.3447275e+00  -3.5430832e-01   7.8465804e-01
   1.0000000e+00  -4.8868580e-01   3.2774664e-01  -2.1491815e+00   3.9561733e-01  -7.2281468e-01  -5.5421965e-01
   2.0000000e+00  -2.0769925e+00   1.5378531e+00  -2.4782878e+00   2.4342012e-01   9.8435692e-03  -9.9314265e-01
   2.0000000e+00   1.2949532e-01  -4.0834720e-01   1.8543150e-01  -1.4867893e-01   1.3711789e-01  -4.1564148e-01
   2.0000000e+00   1.9229343e-01  -4.6493990e-01  -1.6706501e+00   9.4465412e-01  -2.0198467e+00  -1.2601710e+00
   2.0000000e+00  -1.5462135e+00   2.2093162e+00   9.2449598e-01  -4.8463353e-01  -1.5770583e+00   7.4367223e-01
   2.0000000e+00   2.3346296e+00  -4.6801966e-01  -8.7600474e-01  -1.9289341e+00   1.3353433e+00   9.4447517e-01
   2.0000000e+00  -3.3719443e-01   2.0522803e+00   2.8867741e-01  -4.5386023e-01   2.2551880e-01  -6.3070025e-01
   2.0000000e+00  -6.7655857e-01   1.0564136e+00  -2.9086768e+00   9.8497372e-01   1.3269702e+00   5.2057497e-01
   1.0000000e+00  -1.2152376e-01   5.5207326e-01   4.5185905e-01   7.8930748e-01  -7.1111383e-01  -3.6750494e-01
   2.0000000e+00  -5.1324407e-01  -1.0232782e+00   9.9744233e-01  -6.1701251e-01   1.1168805e+00   7.4004826e-01
   1.0000000e+00   2.9012083e-01   9.1709266e-01  -8.1701153e-01   4.2838211e-01   2.8680329e-01  -4.5363896e-01
   2.0000000e+00   1.2186325e+00   1.4297520e+00  -1.7155251e+00   9.3595247e-01   9.3368414e-01  -9.5772838e-01
   2.0000000e+00  -9.8371518e-01  -9.6709428e-02   7.2068530e-01   2.7703902e-01   1.3311906e+00   4.7519499e-03
   2.0000000e+00   3.8199493e-01  -8.3640062e-01  -6.2851388e-01  -9.5656240e-01   5.8806286e-02   6.9369660e-01
   1.0000000e+00   8.8935616e-01   2.7992731e-01  -8.7771337e-01  -8.6792364e-01   1.1476541e+00   8.1483526e-01
   1.0000000e+00   9.4931467e-01   2.9111479e-01  -3.5854558e-01  -1.0802563e-01   5.6995925e-01  -5.3376860e-01
   2.0000000e+00  -3.3419037e-01   2.1271413e+00  -9.4086979e-01  -2.7657197e-01   4.7714338e-01   1.3452518e+00
   2.0000000e+00   5.8207174e-01  -1.5959578e+00   7.7827621e-01   1.4549983e+00   2.0412924e-01   2.8769921e-01
   2.0000000e+00  -1.1122221e+00  -4.1163007e-01  -1.0058237e+00   2.1821677e+00  -1.5617278e-01  -3.4095719e-01
   2.0000000e+00   4.3471383e-01   9.6327519e-01   3.9445376e-03  -2.5275173e-01  -9.3991207e-01   9.0371047e-01
   1.0000000e+00  -1.3879883e-01   5.5835091e-01  -8.0953948e-01  -6.0778008e-01   5.7274060e-01  -4.7857251e-01
   1.0000000e+00   1.8799288e-01   1.8703418e-01  -1.4350212e-01  -1.0354632e+00   1.0114399e+00  -1.8461115e+00
   2.0000000e+00  -2.4944692e+00   1.5949166e+00   7.5678049e-01   2.2140624e-01  -2.5272638e-01  -1.3264107e+00
   2.0000000e+00  -9.3065632e-01  -6.3522137e-01   4.4253111e-01  -5.9184389e-02  -2.9150266e+00   9.2017138e-02
   1.0000000e+00   4.4408524e-02   4.6826255e-01  -1.1222941e+00  -9.1810860e-01  -8.5210258e-01   1.8488937e-01
   2.0000000e+00   1.2661903e-01  -1.3955645e-01   1.8418334e-01  -1.4830368e+00  -1.7540088e+00   2.0982302e+00
   1.0000000e+00   1.6305321e-01   6.9664544e-01   1.4525779e+00  -4.3035804e-01  -1.4629411e-01  -3.8202295e-01
   2.0000000e+00  -7.2364005e-01  -1.0653760e+00  -7.5116322e-01  -2.0322648e+00   1.7970738e+00  -6.0970206e-01
   1.0000000e+00  -4.6564591e-02   5.0146569e-01   6.0197633e-01   5.0691627e-01  -1.1747083e+00  -7.7495383e-01
   2.0000000e+00   1.0958832e+00   7.1934291e-01  -1.8820188e+00   4.9501833e-01   8.3801096e-01  -8.8378020e-01
   1.0000000e+00   2.1402690e-02   7.7982742e-02   1.9798189e+00   1.8369135e-04   4.7308414e-01  -5.5950297e-01
   1.0000000e+00   1.8581793e-01   3.2178689e-01   6.8494254e-01   3.4290181e-01   4.8996864e-01   6.1157135e-01
   2.0000000e+00  -1.2275858e+00  -4.4704532e-01   1.1552318e+00   6.0587052e-01  -7.8698487e-01  -2.4143810e-01
   2.0000000e+00  -1.4955271e+00   7.4733444e-01   1.7563489e+00  -2.0707355e+00  -2.0483304e-01  -1.1437748e+00
   2.0000000e+00   7.6500539e-01   6.7369261e-01  -3.2850276e-01  -5.0532593e-01   4.0886547e-01   9.6205244e-01
   2.0000000e+00  -1.5988872e+00  -3.2261745e+00  -7.1643049e-01  -1.5593552e+00  -2.3279535e-01   2.2608391e+00
   2.0000000e+00   5.4202876e-01  -1.7052614e-01   4.7000139e-01   1.3487078e+00  -8.1972721e-02   3.9709860e-01
   2.0000000e+00   1.1199351e+00   3.5609933e-01  -2.4340540e-02  -2.9939681e-01  -5.9957910e-01   2.0751598e-01
   2.0000000e+00  -3.7690298e-01  -5.3449635e-01   7.6588130e-01  -8.6547328e-01   1.3255576e+00   1.1513369e+00
   2.0000000e+00  -1.1963051e+00  -1.0717519e+00  -1.0107153e+00   4.7725489e-01   5.1110130e-01  -1.6608512e+00
   2.0000000e+00  -5.9478700e-01  -2.0089249e-01  -1.5398086e+00   4.7989342e-01  -4.1324006e-01  -2.9111665e-01
   2.0000000e+00   1.4032471e-01   1.8629785e+00  -2.4020657e+00   8.5086511e-01  -6.1870545e-03  -1.0555734e+00
   2.0000000e+00  -1.2525469e-01   9.1579876e-01   5.3165371e-01   7.0846986e-01   2.2318356e+00  -2.3808000e-01
   2.0000000e+00   9.7759928e-01   4.3964079e-01   5.4222097e-01   6.0859863e-01  -1.1547693e+00   4.5672749e-01
   2.0000000e+00  -1.1193411e+00   1.2902638e+00   2.1294274e+00  -4.5219669e-01   2.2015328e-01  -1.2068668e+00
   1.0000000e+00   8.0808071e-01   3.7778331e-01   1.2923581e+00  -3.1709185e-01  -1.0707821e+00  -2.1343055e-01
   2.0000000e+00   1.5081555e+00  -4.8738696e-01  -7.2385741e-01  -1.4048669e+00  -1.3350810e+00  -1.3264719e-01
   2.0000000e+00   1.5386845e+00  -1.2918022e+00  -8.8746608e-02  -5.6979990e-02   1.0118824e-01  -9.8323436e-01
   2.0000000e+00   4.4887144e-01   1.0195450e+00  -5.7492308e-01  -2.9779283e-01   6.2732679e-01  -1.1408129e+00
   2.0000000e+00  -6.0834813e-01  -5.7332063e-01  -8.9722240e-01   1.0938250e+00   8.9599375e-02  -2.7085814e-03
   2.0000000e+00   7.9175965e-01  -4.5202059e-01  -7.1698709e-01  -3.9857466e-01   7.8190855e-02  -3.9020796e-01
   1.0000000e+00   4.8453239e-01   5.9048484e-01  -9.3442135e-01  -9.9205200e-01  -2.3130903e-01  -8.6154288e-02
   2.0000000e+00  -1.8246003e+00  -5.0656775e-01   1.0412872e-01  -1.1660062e+00  -5.7356176e-02  -1.2312148e+00
   2.0000000e+00  -2.3603786e-01   1.1814031e+00  -3.0864328e+00   8.6043352e-01   4.9203483e-01   7.7480585e-02
   2.0000000e+00   3.3360371e-01   1.5167764e+00   1.6472267e-01   6.0543900e-02   7.5577714e-01   2.0533098e-01
   2.0000000e+00  -1.6733451e-01  -1.0934287e-01  -1.9685426e+00   1.1383651e+00  -1.9411821e+00   1.3741434e+00
   2.0000000e+00   8.2776895e-01  -1.7652644e+00   1.6509351e-01   1.1887140e-01   1.8425654e-01  -7.6049767e-01
   2.0000000e+00  -1.1753713e+00   1.1715380e+00   7.7094373e-01   5.4980104e-01  -6.8771592e-01  -2.0806755e+00
   1.0000000e+00  -6.4654835e-01   5.0674581e-02   1.8725930e-01   5.8859134e-01   5.1105905e-01  -1.7636427e+00
   2.0000000e+00  -1.2785097e+00   5.5842558e-01   9.0694767e-01  -1.5327677e+00   1.4212325e+00   6.4630397e-01
   2.0000000e+00  -1.4342661e+00  -1.5199598e+00  -4.4496125e-01   1.7476857e-01  -4.9684041e-03   1.3056197e-01
   1.0000000e+00  -2.6308104e-01   3.4746346e-01  -1.6568290e-01   2.8462828e-01  -2.4985743e-01   1.2834859e-01
   2.0000000e+00  -2.6553248e-01  -7.2102479e-01   1.3714325e+00   2.5649792e-01   5.5295623e-01   3.3767579e-01
   2.0000000e+00   9.0100517e-01   1.8774554e+00  -3.2406831e-01  -1.1913437e-01  -1.6168576e+00   2.9693613e-01
   2.0000000e+00   5.1586078e-01   9.1356670e-01  -2.9192167e-01  -1.2696434e-01   3.3407652e-01   8.1124216e-01
   2.0000000e+00   4.0767927e-01  -1.1193394e+00  -9.9879182e-01  -1.5023764e+00   8.0370631e-01  -6.2673123e-01
   2.0000000e+00   7.4333593e-01  -1.2655755e+00  -6.4155669e-02  -2.2747739e-01  -7.3699313e-01  -4.6941825e-01
   2.0000000e+00   9.2876144e-01   8.8871312e-01  -7.4925698e-01  -2.1199372e-01  -4.7513697e-01  -1.2485627e+00
   2.0000000e+00  -1.0454547e+00  -6.1811537e-02   1.4757726e+00   1.2290514e+00  -6.2251263e-01   7.4677906e-01
   2.0000000e+00   1.8688257e+00   3.6341869e-01   2.3459875e-01  -5.4046754e-01   2.5592720e-01   5.9599178e-01
   2.0000000e+00   2.9524347e+00   7.7522390e-01  -7.3408153e-02  -7.3498809e-01   1.4276737e+00   1.8629180e+00
   2.0000000e+00   4.8701819e-01  -7.2397721e-01  -1.5268000e+00  -7.2573457e-01   3.3366839e-01  -8.6875427e-01
   1.0000000e+00  -2.4770517e-01   8.7635578e-01   6.3566478e-01   3.3140463e-01  -3.2624298e-01   3.6680177e-01
   2.0000000e+00  -3.5685300e-01  -1.0261403e+00   1.0273545e+00  -1.3262662e+00  -7.3463663e-01   5.5088358e-01
   1.0000000e+00   5.1843808e-02   1.9834226e-01   6.8444382e-02   1.9878107e+00  -9.1700601e-01   2.8577171e-01
   2.0000000e+00  -1.2312381e+00  -1.1636826e+00   4.3009721e-01  -5.7555236e-01  -2.9695417e-02  -1.3720425e+00
   2.0000000e+00   1.2497219e+00   1.1141405e+00  -1.3045470e+00   5.4064001e-01  -1.5764441e-01   1.0249285e-02
   2.0000000e+00  -4.1202604e-01   9.6168210e-01   7.5757950e-01   1.7589209e+00   1.4912000e+00   1.3548135e+00
   2.0000000e+00   7.7372733e-01   1.1711077e+00  -9.3611572e-01  -3.1405522e-01  -7.0298745e-03  -6.3947071e-01
   2.0000000e+00   3.1990053e-01   1.7249048e+00   1.5930927e+00   8.1239144e-01   9.4223239e-02   2.7810426e-01
   2.0000000e+00   1.3758899e+00   2.5828349e-01   1.6804066e+00   5.9495585e-01  -7.2561780e-01  -5.8522528e-02
   2.0000000e+00   7.6805043e-02  -1.4232602e+00   2.7224914e-02   3.5276573e-01   3.9949014e-01   1.1615644e+00
   1.0000000e+00  -4.2632884e-01   3.1747218e-01  -8.0949881e-01  -2.5948556e-01   2.0144485e-01  -9.6218984e-01
   2.0000000e+00  -1.0433399e+00   1.9996525e+00  -6.1938036e-02   7.8332927e-01  -1.5428344e+00  -6.5501757e-01
   2.0000000e+00   1.3146469e-01   2.2072496e+00   9.5958228e-01   5.2559553e-01  -6.4576595e-01  -2.3797959e+00
   1.0000000e+00   7.8845843e-01   4.4779310e-01  -7.3375361e-01  -2.2359105e+00   1.0887134e+00   1.5166155e-01
   2.0000000e+00   2.8108952e-01   1.0928268e+00  -7.8820870e-01  -5.8396447e-01  -1.8996450e+00   1.5903781e+00
   1.0000000e+00   2.6056442e-01   9.6299150e-02   3.0510370e-01   2.1718486e+00  -6.3401976e-01   9.6833264e-01
   2.0000000e+00   2.4068512e+00  -1.0380127e+00   5.9159715e-01   4.8428940e-01  -6.8135465e-01  -3.9085053e-02
   1.0000000e+00   5.3191338e-01   7.5318241e-01   1.0150455e-01  -8.7386195e-01   8.1048793e-01  -1.3635349e-01
   1.0000000e+00   8.1076993e-01   1.5013826e-01  -1.9855552e+00  -6.7454250e-01  -1.3183637e+00  -6.2301720e-01
   2.0000000e+00  -6.3241457e-01  -7.8816393e-01  -2.0617919e+00   7.3732850e-01   6.1554101e-01   4.4979601e-01
   2.0000000e+00   1.6162584e+00  -1.7581695e-01  -4.6108346e-01  -3.1846392e-01  -1.0321164e+00   1.3508294e+00
   1.0000000e+00  -3.1002934e-01   5.4681158e-01  -4.8955728e-01   4.6244553e-01  -4.5124427e-01   4.1660165e-02
   2.0000000e+00  -5.2981092e-01  -6.1540638e-01  -5.8440648e-01   4.4325137e-01  -2.7415586e+00  -1.6826167e-01
   2.0000000e+00  -1.4935544e-01   2.5782069e+00  -8.4780947e-01   7.9928631e-02   1.1954373e+00   2.6212281e-01
   2.0000000e+00   6.1014767e-01  -6.7788696e-01  -1.2047667e+00  -8.6292376e-01  -9.6896528e-01  -6.4852333e-01
   2.0000000e+00   1.5613735e-02  -4.4058143e-01  -1.8899170e-01  -1.2337847e-01  -1.3403577e+00  -9.0623005e-01
   2.0000000e+00  -1.8497080e+00   1.6658612e+00   1.1037616e+00   1.1103440e+00   2.9865573e-02   1.6477111e+00
   2.0000000e+00   3.7013054e-01  -5.6159465e-01   1.6224175e-01   6.2829559e-01  -1.3183422e+00   1.2306799e+00
   2.0000000e+00  -1.0051620e-01  -1.8814886e+00  -5.3654989e-02   1.7066686e-01  -9.6251804e-01   1.8225356e+00
   2.0000000e+00  -4.5284919e-01   1.3247075e+00  -1.0504234e+00   1.5827869e+00   1.7851880e-01   5.2332696e-01
   1.0000000e+00   4.7089967e-01   6.5641362e-01  -9.1572758e-01   1.9143776e+00  -1.7284867e-01   8.0053881e-01
   2.0000000e+00  -1.3819700e+00   1.4513211e+00  -2.4609549e+00   1.9607235e+00  -1.9760988e+00   1.1905965e+00
   2.0000000e+00  -1.0812368e+00  -5.2513724e-01   5.8377195e-01  -1.8298753e+00   1.3293314e+00   1.4180803e+00
   1.0000000e+00   1.6793687e-01   2.0178375e-01  -6.4594499e-01   1.2858502e+00   1.1547342e-01  -9.8362782e-02
   2.0000000e+00   1.3554483e+00  -1.1795184e+00  -1.2586156e-01   8.0298617e-01  -1.3136046e+00   1.6698441e+00
   2.0000000e+00  -3.8681883e-01   9.5941019e-01   7.8557588e-01  -8.2293833e-01  -2.4127213e+00   1.3340174e+00
   2.0000000e+00  -9.6467584e-01   5.7718861e-01  -5.9839640e-01  -1.1847841e+00  -4.8307944e-01  -5.5513005e-01
   2.0000000e+00  -1.2481475e+00  -6.8415388e-01  -1.2776938e+00  -8.1992001e-01   9.3914910e-01   7.6751197e-01
   2.0000000e+00  -7.2032209e-01  -1.2291231e+00   6.6867361e-01  -8.7690127e-02  -5.2776684e-01  -2.7124933e-01
   2.0000000e+00  -4.5796932e-01   9.8642667e-01  -2.3197680e-01   3.7663087e-01   6.0821396e-01   7.5576647e-01
   2.0000000e+00   1.3249859e-01  -1.0273889e+00   4.4132858e-02   7.7160648e-01   1.7114755e+00  -2.0262842e+00
   2.0000000e+00  -1.6455317e+00  -5.4961448e-02   7.0788481e-02   1.7284591e+00   2.7254860e-01   1.2145145e+00
   2.0000000e+00   9.1117226e-01  -4.4911099e-01  -3.2023481e-01  -9.7096140e-01   2.2555097e-01  -6.2527002e-01
   2.0000000e+00  -1.4095733e-02  -3.6032253e-01  -1.5115334e+00   7.7013245e-01   4.1355650e-01  -2.7321296e-01
   2.0000000e+00  -7.6042922e-01  -2.1111683e+00   1.2783238e-01   1.5068646e+00   1.0400472e+00  -1.9013249e+00
   2.0000000e+00   5.0275601e-01  -7.1438010e-01  -1.9122243e+00   3.0965771e-01   9.0500720e-01   1.6677724e+00
   1.0000000e+00  -6.6932728e-02   6.7979040e-01   1.5821913e+00  -6.6533259e-01   1.2115358e+00  -1.4961070e+00
   2.0000000e+00   6.1479953e-01   8.9946610e-01   1.1046396e+00   4.3423314e-01  -9.6604255e-02   8.6542238e-01
   2.0000000e+00  -2.1001931e+00   1.9056389e-01  -1.1741750e+00   5.7670685e-01  -1.0939914e+00  -1.3579954e+00
   2.0000000e+00  -4.6140955e-01   1.4639155e+00  -9.1422123e-01  -5.1948387e-01   8.2867527e-01  -3.7324389e-01
   2.0000000e+00   1.3936969e+00  -7.4101556e-01   4.3979549e-01  -2.6928838e-01  -2.0694065e+00  -6.0860680e-01
   1.0000000e+00   1.6331188e-01   4.3896832e-01   6.1850144e-01   1.4406678e+00  -7.6794579e-01  -2.9973775e-01
   2.0000000e+00  -1.0671811e+00   3.6047524e-01   7.9112263e-02  -5.5447177e-01   7.2205230e-01  -9.0053481e-01
   2.0000000e+00   1.6419843e-01  -4.0342058e-01  -1.2583266e+00  -5.2526343e-01   3.1148107e-02  -6.5732157e-02
   2.0000000e+00   1.1561650e+00  -1.9740334e+00   2.2123608e-01  -9.0440075e-01   2.0971442e+00  -6.2908260e-01
   2.0000000e+00  -2.1292626e-01  -4.2222124e-01   1.8076474e-01  -8.8902881e-01  -1.1785905e-01  -5.4150250e-01
   2.0000000e+00  -1.0379875e+00  -3.0905046e-01   2.6776133e-01   3.8845603e-01   1.6178694e+00  -9.7373799e-01
   1.0000000e+00  -9.1540271e-02   3.2106926e-01   5.2128279e-01  -1.8551676e-01  -3.4191389e-01  -2.8200997e-02
   1.0000000e+00  -3.5150018e-01   1.6182439e-01  -1.7197267e-02   1.6947360e-01  -4.1700076e-01  -6.5713060e-03
   2.0000000e+00   3.0844498e-01   1.3840307e+00  -1.8270726e+00   1.2661491e+00   1.1345080e+00  -5.0543221e-01
   2.0000000e+00  -1.3933610e-01   1.8938616e+00   5.7131082e-02   1.9286647e+00  -5.2067219e-01   1.8420708e+00
   2.0000000e+00   1.8851123e+00  -2.4806974e+00  -6.8478644e-01   1.0752998e+00  -1.7722774e+00   1.1544328e+00
   2.0000000e+00   8.8344270e-01  -1.0017310e+00   1.4516965e+00   6.0072634e-01   2.7768435e+00  -8.1123616e-01
   2.0000000e+00   1.1940933e-01  -5.3556797e-01  -2.4471906e+00   1.7258412e+00   1.7026347e+00  -4.7063845e-01
   2.0000000e+00  -7.2491001e-01  -5.0932850e-01  -3.2615797e-01   6.6345482e-01   9.3826557e-01   6.1659597e-01
   2.0000000e+00  -1.9525361e+00  -5.4370980e-01   2.8154232e-01   2.1576886e+00   4.4188453e-01  -4.5857276e-01
   2.0000000e+00  -1.8323866e+00   7.1555876e-01  -2.5534437e+00  -7.3581881e-02  -1.4168779e+00  -1.8274088e+00
   2.0000000e+00  -4.0158390e-01   2.3506637e+00  -5.0598695e-01   5.0876809e-01  -1.0513801e-01  -9.6296968e-01
   1.0000000e+00  -3.2121465e-01   4.2274024e-01   2.5238354e-01   7.9098428e-01   4.5672978e-01   9.5993847e-01
   2.0000000e+00   4.7372910e-01  -1.2482792e-01  -7.3734402e-01  -1.9595252e-01  -1.0587360e+00   3.7825353e-01
   2.0000000e+00   1.4420909e+00  -7.9893518e-01   2.6347219e-01  -6.7473001e-01   8.3486297e-01  -5.9843626e-01
   2.0000000e+00  -9.1072196e-01   1.2423865e+00  -5.1208393e-02   1.0167531e+00  -1.7454874e+00   1.8745037e-01
   2.0000000e+00   1.2757323e+00  -6.4365893e-01   2.0845121e+00   4.1810937e-01   1.5886479e-01   1.8517967e+00
   2.0000000e+00  -5.0344045e-02  -5.9527105e-01  -1.4274668e+00  -2.9724067e-01   1.8511426e-01   5.2853971e-01
   2.0000000e+00   2.3775375e+00  -4.1132567e-01   5.2130188e-01  -7.6107426e-01   2.0296973e+00   6.0247096e-01
   2.0000000e+00   1.1138024e+00   2.2146653e-01  -1.3065990e+00   2.5101156e-01   5.7138378e-01  -8.4962027e-02
   2.0000000e+00  -7.7739449e-02  -9.0053537e-01   1.1817698e+00  -1.6828153e+00   2.6126196e-01   1.0266553e+00
   2.0000000e+00  -5.8960689e-01  -2.1766524e+00  -1.1058633e+00  -1.7278186e-02  -1.1761465e+00  -1.4595816e+00
   1.0000000e+00  -1.1722784e-02   8.6892263e-01   4.8882747e-01  -1.5528772e+00   2.5334307e-01  -6.9302366e-01
   2.0000000e+00   1.4036711e-01  -2.3307313e+00  -9.9676889e-01  -2.0958462e+00  -2.8032771e-01   2.7942533e+00
   2.0000000e+00   1.2677667e+00  -4.0372036e-01   1.0309507e+00   1.0472616e+00  -1.6464263e-01   1.7501943e+00
   2.0000000e+00   1.7110102e+00   1.0350841e-01  -2.7041083e-01   3.1167682e-01  -8.8275231e-01  -9.2526165e-01
   2.0000000e+00   2.0139393e+00  -1.8079768e+00   1.2806616e+00  -1.2456904e+00   9.3071984e-01   1.3354329e+00
   1.0000000e+00  -2.4747056e-01   9.0635344e-01  -5.9291774e-01   5.4548506e-01   1.3192810e+00  -5.4035674e-01
   1.0000000e+00   8.6330883e-01   1.6628217e-02  -1.3128130e+00  -1.5559387e-01   5.0311913e-01  -3.7416506e-01
   2.0000000e+00   3.4869087e-02  -1.5746383e+00  -2.0214759e-01   6.2799778e-02   2.6367369e+00  -2.0816919e-01
   2.0000000e+00   2.5286887e-01   1.5347021e+00   4.2389238e-01   7.5412225e-01  -6.1686873e-01   7.9022805e-01
   2.0000000e+00  -7.5277435e-02  -5.0880695e-01  -1.2081410e+00  -8.4418679e-01   5.5748363e-01   5.0928451e-01
   2.0000000e+00  -1.4870080e-01  -2.3663412e-02  -3.3563184e+00   1.2338158e-01  -8.2170328e-01   7.6139415e-01
   2.0000000e+00  -1.0061991e+00   1.9640777e-01   1.6787172e-01   2.5831665e-01  -8.8769603e-01  -8.1221261e-01
   2.0000000e+00  -3.9755994e-01   2.0473462e+00   7.9098749e-01  -8.8590505e-01  -9.0273091e-01   7.5634393e-01
   1.0000000e+00  -2.0328120e-01   3.4959234e-01   6.3583040e-01  -3.5259204e-01  -1.5829413e+00  -1.3107139e+00
   1.0000000e+00  -6.8373357e-01   3.4771270e-01   4.2654132e-01   1.0021629e+00  -4.6255606e-01   9.5847966e-01
   2.0000000e+00  -1.1801606e-01  -1.8777904e+00  -8.3989537e-02  -1.5579223e-01  -1.0465227e+00   8.5316792e-01
   1.0000000e+00  -7.0489142e-01   5.3977733e-02   8.7541373e-01  -2.1557552e-01  -5.2174952e-01  -1.5564471e-01
   2.0000000e+00   1.7839039e+00   1.2029765e-01  -2.3073486e+00   1.0513988e+00   1.8127054e-02   1.5304874e-01
   2.0000000e+00   6.3974580e-01   9.7826627e-01  -1.7569014e+00   1.4379659e-01   1.5123229e-01   1.7666462e+00
   2.0000000e+00  -1.5208416e+00  -1.6596642e+00  -1.3632265e+00  -8.4878622e-01  -3.9346530e-01   1.2906624e+00
   1.0000000e+00   3.4468052e-01   5.9708029e-03  -1.6144614e+00   1.0102573e-01  -1.1311696e+00   1.6127461e+00
   2.0000000e+00  -1.8919225e+00   3.5554667e-01   1.0351584e-01   1.3482706e+00   5.3669089e-01  -6.3617844e-01
   2.0000000e+00  -3.0039834e-01  -1.1780683e+00   6.9982181e-01  -3.1190719e-01   1.2881809e+00  -8.4202494e-01
   2.0000000e+00  -8.6386584e-02  -6.8427886e-01  -1.8372276e+00  -3.7269596e-01  -1.1788251e+00   2.9911290e-02
   2.0000000e+00   3.7043641e-01  -2.5560224e-01   6.9486981e-01  -4.2876324e-01   9.6651705e-01   3.2399305e-02
   2.0000000e+00  -1.0991753e+00   7.7782738e-01   2.4532525e+00   7.9526222e-01  -2.3256294e-01   3.0611905e-01
   2.0000000e+00   9.8825115e-01  -2.1757070e+00   4.6671125e-01  -1.7831849e+00   9.4556537e-01  -7.7062073e-01
   2.0000000e+00   2.8319888e-01   1.8177357e+00  -7.8046315e-01   1.2250570e+00   1.4131667e+00  -9.1341151e-01
   2.0000000e+00   3.3630605e-01  -2.0458409e+00   7.9149206e-01   9.7308972e-01   6.3292563e-01   1.0436602e+00
   2.0000000e+00  -1.4498350e+00  -1.6477759e-01   6.8176840e-01   1.0428284e-01  -7.7837159e-01   1.0934936e+00
   2.0000000e+00  -9.3222150e-02  -7.2173279e-01   6.9330183e-01  -2.2215412e-01  -8.0986689e-01   4.2255807e-01
   2.0000000e+00  -4.6604746e-01  -5.4695031e-01   2.7851093e+00  -2.5015399e-03  -3.0023751e-01   5.9508024e-01
   2.0000000e+00   1.2230909e+00   5.0222080e-01   1.8442699e+00  -8.8537520e-01   9.8462100e-01  -1.7963252e+00
   2.0000000e+00   1.4189706e+00   8.2674224e-01  -1.6297258e+00   2.0972689e+00  -1.1208751e+00  -3.1513296e-01
   2.0000000e+00  -6.8609778e-02  -8.3089492e-01   8.0836103e-01  -5.8414089e-01  -4.5802271e-01   3.5128603e-01
   2.0000000e+00   1.7511511e-02  -2.9684582e-01   1.7401510e+00   1.3544164e-02   9.2090750e-01   2.1554147e-01
   2.0000000e+00  -1.3762087e+00   1.7360249e+00  -9.7572443e-01  -8.5779968e-02  -4.2363938e-02   7.6256695e-01
   2.0000000e+00   8.0161336e-01  -2.3390634e+00  -4.2560323e-01  -8.6900328e-01  -3.7641327e-01   8.2557812e-01
   2.0000000e+00   1.3049088e-01   1.3989034e+00   9.5694046e-01   5.6923529e-02   1.3893813e+00  -2.5442052e-01
   2.0000000e+00   2.3015934e+00  -2.0023139e+00   5.5989879e-01  -8.3435035e-01   2.3708190e-01   7.4588176e-01
   1.0000000e+00  -3.8728616e-01   8.9558244e-01   1.4081327e+00   3.7798440e-01  -4.5835042e-01  -8.1778572e-01
   2.0000000e+00  -1.6580258e+00   1.5452107e-01   1.8357132e+00   1.9634022e+00   3.1072280e+00   1.6002357e+00
   2.0000000e+00  -3.1081033e-01  -1.5904729e+00  -4.3948191e-01  -8.9067463e-01   6.3537134e-01  -3.4413800e-01
   2.0000000e+00   1.0137076e+00   5.9208693e-01   3.3176291e-01  -1.8503035e+00   1.6256043e+00   1.3937305e+00
   2.0000000e+00  -1.9175275e+00  -2.2512538e+00  -4.2550402e-01  -1.0430500e+00  -4.0476760e-01  -1.7115584e+00
   2.0000000e+00   1.4817438e+00  -1.1350651e+00   4.0621926e-01  -1.1362985e+00   1.7055677e-02   3.2659947e-01
   2.0000000e+00  -2.8971122e-01   1.4435826e+00   1.9905569e+00  -5.0585294e-01  -5.0136052e-01   1.3885930e-01
   2.0000000e+00  -2.6015665e-01  -1.9263414e+00   1.3771164e+00   9.4999992e-02   5.3772277e-01   9.6047686e-01
   2.0000000e+00  -1.7463364e+00   8.1891660e-01   8.1279777e-01   7.0584972e-01  -6.6757053e-01  -7.6534392e-01
   2.0000000e+00   1.3859172e-01  -8.0825691e-01  -8.4641619e-01  -8.4914054e-01  -7.4156064e-01   1.4005361e-01
   2.0000000e+00  -1.0239132e+00  -8.2019220e-01  -4.8421516e-01   8.1655428e-01  -7.8671705e-01   2.3702410e+00
   2.0000000e+00   7.0297590e-01   9.5219513e-01  -3.8618853e-01  -1.3377022e+00  -3.3164549e-01  -3.0947265e-01
   2.0000000e+00   3.4202511e+00  -8.0326823e-01   1.2061873e+00   3.8941998e-01  -1.8746382e+00  -5.4455133e-01
   2.0000000e+00   7.4835327e-01  -1.8325565e-01   2.3163697e-02  -2.1338311e+00  -2.1204699e-01  -1.0114153e+00
   1.0000000e+00   2.6891099e-01   9.2528619e-02   7.7401595e-01  -4.7462988e-01   8.0552613e-01   2.8092217e-01
   2.0000000e+00   5.0563001e-01  -2.5770209e-02  -5.3145400e-01   6.5317573e-03   5.2543036e-01   6.0678576e-02
   1.0000000e+00   1.9784525e-01   4.6259620e-01  -9.7471903e-01  -1.1647762e+00   2.6583580e-01  -4.8807781e-01
   2.0000000e+00  -8.5305501e-02  -5.7397562e-02   1.3466199e+00  -1.0412192e+00  -4.4967467e-01  -3.2155607e-01
   2.0000000e+00  -1.1671982e-01  -8.2207641e-01  -1.0395063e+00  -1.9616262e+00   5.9161226e-01   4.0616202e-01
   2.0000000e+00   6.3439102e-01   1.3213353e+00   4.7818705e-01  -5.4614673e-01   6.9597917e-02   9.4914273e-01
   2.0000000e+00  -2.0417838e+00  -1.0558453e+00   1.2446730e-01  -1.6411761e+00   5.6634654e-01  -3.4510345e-01
   2.0000000e+00  -8.1193519e-01  -6.5419442e-01   1.2038205e+00  -6.2735796e-01   6.1667175e-01   1.0798490e-01
   2.0000000e+00  -1.2051817e+00  -8.9472177e-01  -3.0944893e-01  -6.3094574e-01  -1.6273413e-01   1.8370838e+00
   2.0000000e+00   6.5110840e-01   2.2167181e+00   1.4282329e+00   1.0064730e+00   1.2298176e+00  -1.1288274e+00
   2.0000000e+00  -6.4289634e-01  -2.6419371e-03  -1.9444644e+00   2.1133884e+00  -4.7711399e-01  -1.7823047e+00
   2.0000000e+00  -1.2388537e+00  -9.4933702e-01  -8.0976722e-01  -3.4004124e-01   5.9708205e-01   6.8146855e-01
   2.0000000e+00   1.6208019e+00   6.1757897e-01  -4.6245177e-01   5.0761854e-01  -2.5789529e-01  -1.4428568e+00
   2.0000000e+00  -1.3682504e+00  -1.2864654e-02  -8.9146126e-01  -1.1909445e+00   1.0641816e+00   6.0518672e-01
   1.0000000e+00   7.4786434e-01   3.9167903e-03  -1.0613210e+00  -1.6841617e+00  -1.5133524e+00  -7.2454939e-01
   2.0000000e+00   1.2845489e+00  -6.5410242e-02   1.3408135e-01   4.4555080e-01  -2.3903641e-01  -3.9872993e-02
   2.0000000e+00  -1.2295279e+00   4.0035698e-01   7.8774829e-01  -2.7245105e+00   1.1447828e+00  -1.0783567e-01
   2.0000000e+00   2.1086024e-01  -3.4253480e-01   1.1617122e+00   4.8259910e-01  -2.4196247e-01   4.8185594e-01
   1.0000000e+00   3.6362328e-01   1.6900808e-01  -1.9432134e+00   1.8542451e-01  -8.3210980e-01   5.8507193e-02
   1.0000000e+00   8.3670410e-01   1.4594056e-01   4.5766220e-01   5.4691683e-01  -1.1169703e+00   1.2572531e+00
   1.0000000e+00   3.0766530e-01   1.2972672e-01   1.1616296e+00   1.2131931e-01  -7.6444591e-01  -1.2253961e+00
   2.0000000e+00   1.4342459e+00   4.7820361e-02   1.3806982e+00  -1.5754325e+00   8.2914097e-01   8.3843159e-02
   2.0000000e+00   7.7573261e-01   6.9877283e-01  -5.4791789e-02   5.3610920e-01   1.0756400e+00   1.0903246e-01
   2.0000000e+00   2.0429683e-01   1.0442227e+00   1.4050994e-02  -9.5616991e-01   5.5303512e-01   1.4971654e-01
   2.0000000e+00   5.6031462e-01   9.2431917e-01   1.0445651e+00  -1.7048247e+00   1.0976326e+00  -1.1664345e+00
   2.0000000e+00   9.3666747e-01  -3.2193005e-01   1.5180469e+00   1.9989096e-01   5.9338590e-01   7.5545959e-01
   1.0000000e+00  -6.5934340e-01   4.7036708e-01  -2.2125736e+00  -5.4323232e-01  -4.4358766e-01  -9.3330649e-01
   2.0000000e+00  -1.4869459e+00  -8.6757833e-01   1.1854460e+00  -6.8048605e-01   1.1200884e+00  -6.8115783e-01
   1.0000000e+00  -9.0351837e-02   2.6644456e-02   9.9909941e-01  -1.1999123e+00  -6.9088350e-01  -1.6479432e-01
   2.0000000e+00  -1.0834752e+00   3.6317036e-01   3.7788236e-01  -8.7884379e-02   7.4165344e-02  -4.2392094e-03
   2.0000000e+00  -2.0271209e-01  -1.5461961e+00  -7.3243102e-01  -1.8770095e+00  -2.2083533e-01   7.7415059e-01
   1.0000000e+00   4.8073734e-01   5.5844671e-01   2.8129288e+00  -7.7594199e-01   5.2567120e-02   6.1409084e-01
   2.0000000e+00   4.9582964e-01  -1.6262998e+00  -2.7478411e-01  -8.7722850e-01   1.1052145e+00   1.3718764e+00
   2.0000000e+00  -1.9965165e-03  -1.4442643e+00   1.5221342e+00  -1.9497943e-01  -6.1445937e-02   1.3173796e-01
   2.0000000e+00   1.4150949e+00  -1.3770806e+00   2.3390755e+00   3.9229400e-01  -1.4509036e+00   3.2987738e-01
   1.0000000e+00  -4.1109271e-01   3.4736090e-01  -2.3971810e-01   6.6397843e-01  -1.6944724e-01  -3.8048080e-02
