   2.0000000e+00   3.4457609e-01   9.7967221e-01  -1.2192691e+00  -2.0430610e+00   8.1947938e-01   3.6028491e-01
   2.0000000e+00  -1.3767531e+00   2.7080243e-01   1.1675539e+00   9.0238531e-01  -5.5347359e-01  -5.9990658e-01
   2.0000000e+00  -1.6300834e-03   6.8407170e-01   7.3880614e-01  -2.8343351e-01   9.7750848e-01   1.7914087e+00
   2.0000000e+00   8.9680704e-01  -4.0983517e-01  -1.7260579e-01  -1.0438215e+00   2.7578308e-01   1.3342604e+00
   2.0000000e+00   3.2385356e-01  -1.7051178e+00  -2.4340200e-01   5.8815972e-01   1.7574248e+00  -1.5352105e+00
   2.0000000e+00   7.9722036e-01  -1.8198124e+00  -1.5272998e+00  -3.8831552e-01  -2.0024885e-02  -8.0287021e-01
   2.0000000e+00   6.0923340e-01   7.6897930e-01  -8.6114456e-01   2.6390809e+00   5.6444767e-01  -7.9806445e-01
   2.0000000e+00  -8.7205234e-01  -1.9447301e-01   4.1195084e-01   4.3143120e-01  -2.0164434e-02  -1.4831499e+00
   1.0000000e+00   1.2990256e+00   2.4821341e-01   3.5554989e-01   8.8936347e-01   3.1803343e-01   2.8159738e-01
   2.0000000e+00   8.5066866e-01   2.5632852e-01   4.9743633e-01   1.3033042e+00  -2.9696876e-01   2.1694009e+00
   1.0000000e+00  -2.1890172e-01   7.6977494e-01  -5.8287922e-02   1.8194747e-01  -3.4056779e-01  -8.9795369e-01
   2.0000000e+00   1.7607637e+00   8.1797271e-01   1.2666757e+00  -9.9749687e-01   1.9184618e-01  -3.1309866e-01
   2.0000000e+00  -1.5009906e+00  -7.3139945e-01   8.1020507e-01   1.3105428e+00  -3.2928380e-01  -6.5924881e-01
   1.0000000e+00   1.0468913e-01   2.2468441e-01   3.4911977e-01   4.0853709e-01  -4.1847208e-01  -8.2336056e-01
   2.0000000e+00  -8.3189588e-01  -3.7847403e-01  -2.2804904e-01  -1.3772538e-01   8.6396719e-02  -9.0699280e-01
   1.0000000e+00  -9.5214609e-01   2.3694142e-01   6.2983527e-02   6.2729640e-01  -5.5386259e-01   6.1041217e-01
   2.0000000e+00  -1.8044960e+00   1.2396963e+00   4.7260355e-01  -1.9419341e+00   5.1166785e-02   7.1069513e-01
   2.0000000e+00   1.8896828e+00  -1.4298815e+00   5.3428507e-01   1.2480869e-01  -1.3321632e+00  -7.5510874e-01
   2.0000000e+00   1.9245783e-01   3.8048824e-01  -1.3952382e+00  -1.1258936e+00   1.8975694e-01  -7.6296186e-01
   2.0000000e+00   2.1432884e-01  -1.6111067e+00   1.1650260e+00   3.2986199e-01  -2.8706313e-01  -1.7901207e-02
   1.0000000e+00   4.9768252e-01   3.1911258e-01  -4.4440753e-01   5.5889469e-01  -2.4535315e-01  -5.6584721e-01
   2.0000000e+00   1.4931328e+00   7.6996080e-01  -9.4485225e-01   9.5802271e-01   4.4367787e-01  -3.9712307e-01
   2.0000000e+00   1.8714529e-01   3.2697446e-01  -9.6210279e-01  -8.1722646e-01   9.7960443e-01  -1.5087813e+00
   1.0000000e+00  -4.9275011e-02   5.0269883e-01   5.8679197e-01  -7.2478446e-01  -1.7747128e-01   4.7699408e-02
   2.0000000e+00   5.3939440e-01  -9.1948646e-01   5.8399658e-01  -3.2325386e-01   9.0899164e-01   1.1263199e+00
   2.0000000e+00  -3.7695117e-01  -2.3537341e+00   2.6406496e-01   7.1923872e-01   1.1827648e+00   5.4395025e-01
   1.0000000e+00   9.7588189e-01   5.3926819e-01  -5.0505375e-01   5.3220019e-01   1.2246765e+00   4.5029166e-01
   2.0000000e+00  -2.1076002e+00  -9.8132562e-01  -3.0241631e-01   4.0313392e-01   5.0149938e-01  -4.1427808e-01
   2.0000000e+00   6.4546945e-01  -4.8009627e-01  -1.5733477e+00   1.3355445e-01   2.6493803e-01  -5.8565946e-01
   2.0000000e+00  -6.1081500e-01   4.4951772e-01  -9.1390986e-01  -1.2911126e+00   6.1334249e-01  -7.3861450e-01
   2.0000000e+00   1.3774013e+00  -8.7499330e-02   1.8840072e+00   5.6057438e-01   9.1072868e-01  -3.1264903e-01
   2.0000000e+00  -1.2161571e+00  -1.0676030e+00  -1.1399434e+00  -1.1207346e+00   5.7150457e-01   2.1733027e-01
   2.0000000e+00  -2.0195603e+00   9.8109501e-01  -1.3652727e+00   9.0632984e-01   1.4837427e+00   5.9681359e-01
   2.0000000e+00   7.8403148e-01   5.8006280e-01  -1.4482326e+00  -6.0135024e-01   1.6093448e+00  -4.2690288e-02
   1.0000000e+00  -5.1500255e-01   4.1827973e-01   2.0824284e-01   1.7468120e+00  -7.8848614e-01   7.9290680e-02
   2.0000000e+00   1.7266356e-01   1.0513522e+00  -2.4403493e+00  -2.9310242e-01  -1.9485789e-01   1.1314641e+00
   1.0000000e+00   2.9027192e-01   2.0957998e-01   3.9113216e-01   3.2079315e-01   1.2908375e+00   6.9125042e-01
   2.0000000e+00  -1.2777666e+00  -1.0919282e+00   2.4542285e-01   1.3171480e+00  -2.2985071e-01   4.2792613e-01
   2.0000000e+00  -7.2398429e-01   2.7231136e-01   1.8639403e+00  -1.0135752e+00  -1.1665527e+00  -3.7801447e-02
   2.0000000e+00   6.6168820e-01  -4.8235004e-02   3.5071498e-02   8.5520800e-01  -9.6321371e-01  -2.0519161e-01
   1.0000000e+00   4.3031847e-01   5.3096022e-01   5.7654507e-01  -1.4783445e-01   9.3988773e-01   5.1150374e-01
   2.0000000e+00   6.6931263e-01   2.8976751e+00  -3.5900387e-01  -4.1181664e-01   4.8720928e-01  -1.5899676e-01
   2.0000000e+00  -5.8657411e-01   1.5014089e-01  -1.2678288e+00  -1.4559416e+00  -8.5816545e-01  -7.0404239e-01
   2.0000000e+00   1.0657425e-01   1.1215827e-01   1.0210441e+00  -7.7639043e-02  -1.5623398e+00   5.0443599e-01
   2.0000000e+00   6.8779025e-01   1.9143057e+00  -1.3424218e+00   1.3244403e+00   3.2922951e-01  -5.8447954e-01
   2.0000000e+00   8.7743311e-01  -1.4066747e+00  -1.4044011e+00   1.9180655e+00  -7.9549023e-01   1.3297755e-02
   2.0000000e+00  -1.5199558e+00   2.0059613e+00  -3.8398774e-01  -1.3883613e-03  -4.8488744e-01   1.1783653e+00
   2.0000000e+00   8.3635525e-01   1.1713591e+00   2.8408244e+00   9.3867358e-01  -6.6303445e-01  -8.6864194e-01
   2.0000000e+00   6.8074801e-01   8.2959814e-01   6.3523145e-01   3.7549226e-01   3.0283544e-01  -7.8513208e-01
   1.0000000e+00  -5.3726211e-01   6.3833487e-01   3.3730294e-01  -3.6296716e-01  -7.4070347e-01   4.8213867e-01
   2.0000000e+00   6.7710875e-02  -1.5178429e+00   1.6292128e-01   4.9762260e-01   2.8432064e-01  -8.6194789e-02
   1.0000000e+00   1.3596129e+00   5.3400407e-02   1.6777374e-02   1.3225725e+00   3.0505381e-02   9.0856176e-02
   1.0000000e+00  -1.7117632e+00   3.6609624e-01   4.4662971e-01  -1.6176710e+00  -2.7330637e-01  -9.8710580e-01
   2.0000000e+00  -5.9771788e-01  -1.6453080e+00  -1.0903633e+00  -1.2262561e+00   6.5636975e-01  -2.0072108e-01
   2.0000000e+00   3.7932529e-01   9.5363504e-01   3.7618590e-01   4.3956557e-01   9.8732826e-01  -7.1653878e-01
   2.0000000e+00  -2.4140364e-01  -1.2992183e-01  -4.3373894e-01  -1.5014162e+00   4.4641808e-01  -4.4833410e-01
   2.0000000e+00   2.8474786e-02  -2.9724253e+00  -6.6025600e-01   4.1699398e-01   2.7844504e-01   1.4115803e+00
   2.0000000e+00  -2.5109706e+00   9.1286856e-01  -4.3123678e-01  -8.8315938e-01   5.4525132e-01  -9.3480978e-01
   2.0000000e+00   1.5901519e+00  -9.2177239e-01  -3.9349533e-01  -4.4472650e-01  -2.1716137e+00   5.9763458e-01
   1.0000000e+00  -1.4378125e+00   7.4785239e-01  -1.6160053e-01   1.2379176e+00  -5.9393600e-01  -1.9822811e-01
   1.0000000e+00  -1.6798389e-01   7.0420221e-01  -1.7644882e-01  -9.7518287e-01  -4.1174710e-01   5.7125536e-01
   2.0000000e+00   4.8758134e-02  -1.3274619e+00  -5.0811013e-01   4.5731677e-02   3.6893720e-01  -6.4928685e-02
   2.0000000e+00   1.8481732e+00   1.3156154e+00  -9.2676408e-01   7.1032917e-01   2.3477174e+00  -1.7363428e+00
   2.0000000e+00  -1.2931459e+00  -4.3522437e-01   4.1230711e-01   9.8413700e-01   1.1886469e-01   1.5220749e-01
   2.0000000e+00   1.0595299e+00   6.5907369e-01  -1.6966685e+00   1.3791770e+00   1.0640160e+00  -2.4013570e+00
   1.0000000e+00   4.9370458e-01   6.9954297e-01  -5.9935551e-01   4.2436812e-01   5.0508782e-01  -4.8549502e-01
   1.0000000e+00  -9.2459756e-01   1.1814838e-01  -8.0523978e-01  -1.3997531e+00  -1.1619872e+00  -4.3419183e-02
   2.0000000e+00   2.2625630e-01  -7.4088703e-01  -9.2805438e-01   1.4615298e+00   5.4136093e-01  -2.8008775e-01
   2.0000000e+00   9.3943545e-01   1.8022626e+00   5.1671079e-02   1.0005213e+00  -2.2309059e-01   7.4532256e-01
   1.0000000e+00   5.3789623e-01   4.6070532e-01  -5.4845355e-01  -3.7652451e-01   1.0339254e+00  -9.5616067e-01
   2.0000000e+00  -1.6318815e+00   1.2388556e+00  -2.6591193e-01   1.7795800e+00  -1.1318354e+00  -5.6688156e-01
   2.0000000e+00   4.2398704e-01  -8.8258001e-01   1.2782461e+00  -3.6904042e-02  -3.7581165e-01   3.8758143e-01
   2.0000000e+00  -5.7451578e-01   9.3263930e-01   6.7496081e-01  -6.7129620e-01  -4.5372843e-01  -2.5956193e+00
   2.0000000e+00  -9.3152879e-01   1.4127260e+00  -1.2421468e+00  -9.9786136e-01  -7.3962311e-01   2.2757171e-01
   2.0000000e+00  -7.0890824e-02  -1.6881192e-02   2.8786835e+00  -7.7078882e-01  -1.6507796e+00  -4.5444524e-01
   2.0000000e+00  -7.0913991e-02   7.4809665e-01   1.0418298e+00   7.9354998e-01   2.6212100e-01   4.7405903e-01
   2.0000000e+00   4.0649910e-01   5.8272215e-01   9.1516592e-01   9.3042279e-01  -1.2163522e+00   7.5335779e-01
   2.0000000e+00   8.5024249e-01  -5.8592553e-01  -3.4575152e-01  -2.5909045e-01  -4.0223721e-01  -2.3543507e+00
   2.0000000e+00   1.1832752e+00  -8.6926458e-01   6.8738936e-01   5.6480182e-01   1.3549197e+00   3.0160631e-01
   1.0000000e+00  -4.9765274e-01   6.3241992e-01  -7.1080955e-01   8.0485013e-02   8.2421687e-01  -8.3252865e-01
   2.0000000e+00   5.9032463e-01  -8.7267708e-01   1.0491283e+00   3.4366563e-01  -1.6619139e+00  -2.1122136e-01
   2.0000000e+00  -5.8178624e-01  -1.6173225e+00  -2.1868451e-01  -5.7743720e-01   6.1582753e-01  -1.1512187e+00
   1.0000000e+00   1.1131207e+00   6.0736225e-01   1.2604499e-01  -4.4009234e-02   8.4164676e-01  -6.6641167e-02
   2.0000000e+00   3.6478217e-02  -2.4031712e-01   1.3890191e-02   1.7032070e+00   2.3056430e+00  -8.2368499e-01
   2.0000000e+00   6.3812871e-01  -1.5292871e+00  -7.4233521e-01  -3.2770205e-02   1.4141842e+00  -1.4120376e-01
   2.0000000e+00   9.3772748e-01  -2.5782211e-01  -9.2108721e-01   1.7879344e+00  -1.0089036e+00  -3.0082547e-01
   2.0000000e+00   1.6197154e-01   4.6968566e-01   1.5073226e+00  -2.0478183e+00  -1.0197055e+00   1.1633163e+00
   2.0000000e+00  -1.0850004e+00   4.9133145e-02   1.3594123e-01  -9.3218558e-01   1.9207198e-01  -2.3849065e+00
   2.0000000e+00   2.4656274e-01  -9.0550282e-01   7.5960207e-01   1.4146293e-01   9.1809165e-02  -3.7620199e-01
   2.0000000e+00   7.0026390e-01  -1.0570980e+00  -7.2692274e-01   7.2816108e-01  -8.6569331e-01   1.1180958e+00
   2.0000000e+00   3.2368014e-01  -6.1027544e-01   4.1393504e-01   4.8693552e-01  -7.4199773e-01   6.0671026e-01
   2.0000000e+00  -1.2019033e+00  -5.2121620e-01   5.0780323e-01   5.4261361e-02  -7.4729345e-01   1.2653991e+00
   2.0000000e+00  -3.9235190e-03  -9.1643033e-01   6.9484582e-01   2.5571292e-01  -9.8370822e-01   1.4016271e+00
   2.0000000e+00  -2.0618829e-01  -4.9715160e-01   5.9982357e-01  -1.1921686e+00   2.6670195e-01   7.3148267e-01
   2.0000000e+00  -7.0701313e-01   3.7125962e-01  -1.6190981e+00   1.0987335e+00   5.9944527e-01  -2.6330933e+00
   2.0000000e+00  -1.1098928e-01   1.0508353e+00   1.0155181e+00   3.7561197e-01  -4.3000902e-01  -4.2956554e-01
   2.0000000e+00  -2.5436776e-01   1.0502223e+00  -2.0218294e-01   9.0040912e-01   8.4327960e-01   1.3026007e+00
   1.0000000e+00  -1.5986025e-01   1.1995426e-01   6.1015691e-01   1.0734915e+00  -3.0208936e-02   2.8198096e-01
   2.0000000e+00   7.8806457e-01  -5.6192018e-01   2.5404748e-01  -1.6561607e+00   3.5560131e-01  -4.2539508e-01
   2.0000000e+00   1.6571926e+00  -1.2030679e-01  -4.5898781e-01   1.8633208e+00   1.4168379e+00  -2.0522165e-01
   2.0000000e+00  -2.5918313e-02   1.3247486e+00  -1.3417539e-02  -8.0397739e-01  -2.1145907e-01   8.7264344e-01
   2.0000000e+00  -2.6190551e-01   1.4950747e+00   2.4615173e-01   3.2761757e-01   1.0548887e+00  -1.9783139e+00
   2.0000000e+00  -3.2887089e-01  -1.2614062e+00  -1.8995958e-01  -4.7354044e-01  -2.1251186e-01   1.9319348e+00
   1.0000000e+00  -1.0642366e+00   4.8846670e-01   8.0840361e-01  -8.7382465e-01  -6.6431071e-02   3.3414959e-01
   2.0000000e+00  -9.6592945e-02  -5.2182256e-01   5.7660668e-01  -5.7423765e-01   2.0099992e+00   4.1745953e-01
   2.0000000e+00  -6.2083590e-01  -3.2744591e+00   7.8909795e-01   2.7604575e-01   1.9701217e+00  -1.6795619e+00
   2.0000000e+00  -3.5605729e-01   1.2187086e+00  -3.2374446e-01   1.0671956e+00  -5.9582237e-01  -6.6094753e-01
   2.0000000e+00  -1.0375250e+00   9.1919434e-01  -2.1028603e+00   1.1688695e+00  -4.5398219e-01   3.0033959e+00
   1.0000000e+00  -1.2189521e+00   4.1460391e-01   5.7440676e-02  -5.8439721e-01   1.5461660e+00  -6.5366960e-01
   2.0000000e+00   4.4443622e-01  -8.6434318e-01   1.9987047e-01  -5.6922860e-01  -3.9665414e-01   2.7831745e-01
   2.0000000e+00  -2.3739987e-01  -1.4974698e-01  -7.6399426e-01   4.2102156e-01   1.9719512e+00  -1.2409958e+00
   2.0000000e+00  -1.0073219e+00  -4.0288994e-02  -1.7876729e+00  -4.9572252e-01   1.2147619e+00  -1.1253798e+00
   2.0000000e+00   1.2709753e+00  -1.7533743e+00  -3.7303491e-02  -4.0648856e-01   4.7282160e-01   4.4395447e-01
   2.0000000e+00   1.5796891e+00   1.1896404e+00  -1.0099585e+00  -3.2141493e-02   9.3142304e-01   1.5261072e+00
   2.0000000e+00   1.5616536e+00  -4.2478825e-03   6.6420862e-01   9.1058300e-01   1.8362893e+00  -1.8175461e+00
   2.0000000e+00   1.0948920e+00  -1.9105435e+00  -1.4308824e+00  -1.4676775e+00   2.9756102e-01  -1.1139240e-01
   2.0000000e+00   1.2231597e-01  -1.6166412e-01  -6.4937026e-01   3.3140567e-01  -1.6375455e-01  -4.8708662e-01
   1.0000000e+00  -7.1840503e-01   5.8777427e-01   7.4575200e-01  -5.5547534e-02  -7.4565636e-01  -6.1110211e-01
   2.0000000e+00   9.8107556e-01  -1.1284885e-01  -2.9983327e-01   1.8007455e+00   1.5638759e-01   3.5296754e-01
   1.0000000e+00  -6.4912035e-01   8.1545471e-01  -7.4791144e-02   5.2414898e-01  -1.2382177e-01  -6.1202098e-01
   2.0000000e+00  -5.7413720e-01   7.0410997e-01  -8.0167138e-01   7.9222643e-01   3.8366253e-01   1.3519967e+00
   2.0000000e+00  -6.6703093e-01  -1.6675557e+00   8.1307589e-01   5.6854698e-01   1.0012208e-02  -1.1753419e-01
   2.0000000e+00   8.6733418e-01  -1.4658318e-01   7.1000381e-01   7.8071140e-01   1.2130186e+00   8.8348353e-01
   2.0000000e+00   1.0266389e+00   1.3965684e+00   4.2612238e-01   5.0055764e-01   2.1440570e-01  -1.1810610e+00
   2.0000000e+00   1.2173306e-01   1.4420995e-01   1.8035231e+00  -7.7184870e-01   3.2567113e-01   1.2724907e+00
   2.0000000e+00  -3.2678162e-01   1.0048600e+00   3.7738572e-01  -5.1446461e-01  -2.1506271e-01   3.6831995e-01
   2.0000000e+00   2.3805980e-01  -1.2864122e+00   5.1671908e-01  -1.6656722e-01  -7.5182097e-02  -6.3526028e-01
   2.0000000e+00  -6.6910076e-01  -7.0122608e-01  -8.0767497e-01  -1.6104593e+00   2.2373077e+00   3.1499915e-01
   2.0000000e+00   5.7026299e-01  -1.4296089e+00   1.5452599e+00   4.1149104e-01  -7.7777276e-01   8.0731205e-01
   2.0000000e+00  -1.4476992e+00   8.1733664e-01   9.6097666e-01   8.8991268e-01   3.5118379e-01  -1.0137475e+00
   2.0000000e+00  -1.2836254e+00  -3.8480730e-01   9.6996919e-02  -9.5302014e-02  -1.9861159e+00   1.4320127e+00
   1.0000000e+00  -1.0655396e-01   2.6831037e-01  -5.5728592e-01   2.6312378e-01  -4.0279448e-01   1.8825690e+00
   2.0000000e+00  -6.6047787e-01   5.1160897e-02  -1.1848243e+00  -1.5644630e+00   7.9893435e-01  -4.9844283e-01
   2.0000000e+00  -1.2147066e+00   2.1180996e+00   1.1835393e+00   8.1143757e-02   1.0362699e+00  -7.2472285e-01
   1.0000000e+00   1.6926678e+00   8.1576165e-01   2.4281304e-01  -9.3703698e-01   5.0946976e-01   1.5779142e+00
   2.0000000e+00   4.6803562e-01  -2.9972064e-02   8.7418996e-01   1.6257879e+00   2.1916429e-01   1.8407127e+00
   2.0000000e+00   1.1235430e+00  -4.1536871e-01  -4.6575552e-02  -1.2133702e+00   1.6196315e+00   1.6260335e-01
   2.0000000e+00  -3.9159752e-01   1.2303833e+00  -9.9118366e-01  -4.6196334e-01  -1.2172486e+00   2.5439858e-01
   2.0000000e+00   4.0078110e-01  -2.9476643e-01   1.4349732e+00  -4.2722998e-01   1.1088038e+00   7.9119685e-01
   1.0000000e+00   2.0490756e+00   1.9410809e-01  -5.4715185e-01   9.3374981e-01   1.0745382e+00   6.4525811e-01
   1.0000000e+00   7.4680438e-01   8.5960356e-01  -1.4744351e-01   3.9540296e-01   1.4792856e+00   2.6171424e-01
   2.0000000e+00   6.8280540e-01   1.3709126e-01  -2.7665600e+00   5.5103146e-01  -1.6167420e-01   3.5504882e-01
   2.0000000e+00  -9.4603847e-01  -4.0245133e-01  -1.5305388e+00   3.3883913e-01   6.0281072e-01  -1.7764412e+00
   2.0000000e+00   2.0648958e+00  -6.9289090e-01   1.1409962e-01  -7.2085913e-01  -4.8246242e-01  -5.7528042e-01
   2.0000000e+00  -1.7104549e+00  -1.1392072e+00   1.3846967e+00   8.8823769e-01  -1.1049117e+00  -2.8439336e-01
   2.0000000e+00   7.3874292e-01   1.6259537e+00  -7.3052029e-02  -2.4690655e-01  -1.1754846e+00  -1.6591461e-01
   2.0000000e+00   9.7111280e-01   2.1587715e+00  -1.7395690e-01  -2.2016880e-01  -1.5409629e+00   1.1105331e+00
   2.0000000e+00   2.3669207e-01   2.3753421e+00  -6.3123287e-01   1.4681887e-01   1.3613335e+00   2.5105090e-01
   1.0000000e+00   1.7472161e-01   4.8265310e-01  -2.6788385e-01  -3.0942575e-01  -3.4142026e-01  -1.2369868e+00
   1.0000000e+00  -7.6797694e-01   1.7246302e-01   3.5790450e-01   8.0468877e-01  -4.6438555e-01  -4.0373743e-02
   2.0000000e+00  -4.9520856e-01  -1.3622565e+00   1.2087263e+00   5.6828042e-01   3.8288504e-01  -8.7661893e-01
   2.0000000e+00   5.0565689e-01  -1.1229030e+00  -7.8418183e-01  -2.3127741e+00   4.7915586e-01  -7.9205293e-01
   2.0000000e+00   3.3753259e-01   3.5079845e-01   1.1203496e+00  -3.6246293e-01   1.6869018e-01  -1.7716658e+00
   1.0000000e+00   1.5860471e+00   7.9791212e-01  -5.2252110e-01   1.2977537e+00   1.0786029e+00   1.0208014e+00
   2.0000000e+00   4.1377035e-01  -6.1146677e-02  -1.9887579e+00  -6.0752166e-03   2.4708437e-01  -5.5873578e-01
   2.0000000e+00  -6.0689938e-01  -5.5068102e-01   7.0460421e-01  -5.2586995e-02   9.5698847e-01   1.8109589e-01
   2.0000000e+00   7.7158764e-02  -3.0404809e-01  -3.3981656e-01   1.0608509e-01  -1.5510973e+00  -8.9041496e-01
   2.0000000e+00  -1.3764156e+00  -2.8297149e-01  -1.6877581e-02   4.8569147e-02   1.1017250e+00  -4.7969601e-01
   2.0000000e+00   8.5808055e-01   1.2938998e+00  -2.0764817e-01  -1.1543264e+00   2.1133259e+00  -1.1981868e+00
   2.0000000e+00  -7.4108162e-02   3.6298770e-01  -1.2208714e+00   1.0301212e+00  -5.0304539e-01  -6.5521723e-01
   2.0000000e+00   1.6167295e-01   1.9690272e+00  -1.5393371e+00   5.9550437e-01   4.5337251e-01  -5.5666470e-01
   2.0000000e+00   1.6924703e-01   7.3184671e-01  -1.3856821e+00  -1.5738776e+00  -1.2113400e+00  -1.6841326e+00
   2.0000000e+00  -5.5406638e-01  -4.9064001e-01   3.7018456e-01   2.0043510e-01  -1.5796901e+00   8.1585658e-01
   2.0000000e+00   9.1738946e-01   8.4575746e-01  -7.0973312e-01   8.1832552e-01  -8.6158444e-01   1.6060291e+00
   2.0000000e+00   4.7558829e-01  -8.8898239e-01  -7.6683338e-01  -7.9480311e-02  -2.0955625e+00  -7.0070610e-01
   2.0000000e+00   3.7553239e-01   1.0951872e+00  -9.9833255e-01   2.3143796e-01  -1.6052357e+00  -5.7395846e-01
   2.0000000e+00  -1.9542880e+00   1.5366985e-01   2.0861631e+00   7.7573266e-01  -1.9798594e-01   5.7148842e-01
   2.0000000e+00  -5.9982061e-01  -4.1584874e-01  -1.6848155e+00   7.1264400e-01   5.1421945e-01  -3.6879617e-02
   2.0000000e+00  -5.4473217e-01  -7.5465628e-01  -9.9128663e-01  -6.3510952e-01   4.1617419e-01   1.6742678e-01
   2.0000000e+00  -1.2741903e+00  -4.5214602e-01  -5.4538746e-01   8.9140649e-01   9.9660723e-01   1.3733717e-01
   2.0000000e+00   1.2715481e-01  -2.6848716e+00  -9.1780183e-01   5.3015978e-01  -5.4249553e-02  -4.5637307e-01
   2.0000000e+00   4.5800740e-01  -9.3427489e-01  -7.9709648e-01  -5.2015371e-01  -4.5074189e-01  -7.6806060e-01
   2.0000000e+00  -1.3234391e+00   1.9025185e+00  -2.8298831e+00  -6.5058879e-01  -1.4537457e+00   2.1406076e-01
   2.0000000e+00  -3.3371866e-01   1.2099341e+00   5.4904696e-02   5.7096721e-01  -2.4005653e-01  -2.6583470e-01
   2.0000000e+00  -2.6415650e-01  -4.5911360e-01   1.7712807e+00  -3.0685488e-01   2.4414892e+00  -5.7938912e-01
   2.0000000e+00   1.1450656e+00  -1.4916567e-02  -5.9638008e-01   1.6149318e-01  -8.6592877e-01   2.2577644e-01
   1.0000000e+00  -5.3853303e-01   1.3623432e-01   1.6155842e-02   1.1744861e-01  -4.8003181e-01  -6.4587575e-01
   2.0000000e+00  -7.7452457e-01   1.1237650e+00   1.0349737e+00   2.7316582e-01   1.9660626e+00  -2.7341744e-01
   1.0000000e+00  -1.3690848e+00   4.9249115e-01  -6.4269796e-01  -2.7575137e+00   5.6165170e-01  -3.9171739e-01
   1.0000000e+00  -1.4506662e+00   3.0563657e-01   4.1576832e-03   1.6919201e+00   1.3791860e+00  -1.1282783e+00
   2.0000000e+00   4.0002902e-01  -6.8838987e-02  -1.7845081e+00  -5.5905134e-01   7.3652178e-01   2.3478984e+00
   2.0000000e+00  -8.4341439e-01  -7.8540432e-01  -2.1123675e-01  -4.0710234e-01   1.2750088e+00   3.5870017e-01
   2.0000000e+00   7.4585806e-01   1.6208390e+00  -1.0899440e+00   3.7493943e-01  -1.3455945e+00  -9.2150738e-01
   2.0000000e+00  -2.1001501e+00  -4.8176122e-03   5.1759127e-01  -6.9643043e-01  -7.6145911e-01  -3.4050399e-01
   2.0000000e+00   3.9046279e-01  -1.2389291e+00   5.5115460e-01   5.4284967e-01   1.0246613e+00   1.7628010e+00
   2.0000000e+00   1.1851713e+00   9.2008445e-01   6.2337323e-01   9.5701329e-01   8.6150799e-01  -7.5082238e-02
   2.0000000e+00   2.5753718e-01   1.6388367e+00  -4.6608057e-01  -2.6010117e-01  -1.8717849e+00   2.5802875e-01
   2.0000000e+00   5.8132111e-01  -6.9266180e-01   1.5019711e+00  -1.2433877e+00  -4.1136834e-01   9.9782610e-02
   2.0000000e+00   9.7569507e-01  -6.8094183e-01   9.0323131e-01  -2.8978294e-02  -1.0991948e+00   5.0308743e-01
   2.0000000e+00  -1.2480601e+00  -9.5916458e-01   1.1370315e+00  -2.8226950e-03  -1.2676444e+00  -1.5418132e+00
   2.0000000e+00   1.1357291e-01   7.3996814e-01   1.4850309e+00   9.2087705e-01   1.1978959e+00   1.6593005e+00
   1.0000000e+00  -8.8371135e-01   4.8421323e-01   5.2939909e-01   1.3176533e+00  -1.0260542e+00   1.4198995e+00
   2.0000000e+00   6.9880662e-01   9.9272072e-01  -7.6371201e-01  -3.9059763e-01  -9.3781334e-01  -1.4733714e+00
   1.0000000e+00   2.5368800e+00   1.8244544e-01   1.1110526e-01   9.1508247e-01  -5.6058117e-01   1.1771536e+00
   2.0000000e+00   2.2501505e-01  -4.1108469e-01   1.1652023e+00   7.4529425e-01   1.7552272e-01   6.9574631e-01
   1.0000000e+00  -2.7970172e-01   8.0859274e-01   4.4446431e-01  -8.8114594e-01   8.7074039e-01   1.7132454e-01
   1.0000000e+00  -6.1150716e-02   2.0948995e-01  -3.9093592e-01  -8.8650628e-01   8.6160199e-01  -4.8019422e-01
   1.0000000e+00   5.5862828e-01   9.5432728e-02   8.0483098e-01  -3.6788653e-01   2.4486094e-01   3.1929103e-02
   2.0000000e+00  -1.1675570e+00  -2.8306388e-01   2.2148917e+00  -1.3397238e+00  -1.7380411e+00  -2.8770769e-01
   2.0000000e+00  -1.2278051e+00  -5.6486188e-01   2.6787922e-01   9.0173404e-01  -2.4444507e-01  -3.4905723e+00
   2.0000000e+00   1.2335658e-01  -3.8328410e-01  -2.6922433e-01  -1.8563460e+00   3.5707085e-01   7.3892229e-01
   2.0000000e+00   8.4412208e-01   2.4507832e+00  -1.8776132e+00   6.8172336e-01   6.0969780e-01   6.5629308e-01
   2.0000000e+00   5.9742351e-01   1.6378133e+00  -1.0350861e+00   2.2568963e-01  -1.4278395e+00   6.9850320e-01
   2.0000000e+00   7.9127932e-02   2.5965943e-01  -1.7123638e+00  -7.9625028e-01  -9.8421937e-01  -5.0937360e-01
   2.0000000e+00   1.6706757e-01  -4.2148614e-01   3.2881862e-01   1.3131945e+00  -1.3766191e-01   1.7922025e+00
   2.0000000e+00   7.0964290e-01  -1.6985203e+00   2.0834842e+00  -1.7026482e+00   5.9684053e-01  -6.2294003e-01
   2.0000000e+00  -2.3370984e-01  -5.2135836e-02   7.5976672e-02  -2.4779445e-01   1.1237733e+00   1.1024006e-02
   2.0000000e+00   8.6476721e-01  -1.0173913e+00  -2.4177548e+00  -7.5218851e-01  -5.5275341e-01  -1.0077278e+00
   2.0000000e+00  -5.2343448e-02   1.1303855e+00  -3.7273412e-01  -1.6516427e+00   1.2820495e+00  -1.2860884e+00
   2.0000000e+00   3.3164275e-01  -1.2606630e+00  -3.9622539e-01  -1.6993635e+00  -3.1458946e-01  -1.9324405e+00
   2.0000000e+00  -1.1791253e-01  -1.1358631e+00  -1.4817043e-01  -1.1885177e+00  -2.5997850e-01  -3.1748878e-01
   2.0000000e+00  -9.7987213e-01  -6.8487659e-01   9.6029403e-01   1.3652978e-01  -3.9371853e-01   8.5751001e-01
   1.0000000e+00  -9.3568347e-01   7.2490851e-01  -4.1475144e-02  -6.4704508e-01   7.8431517e-01   3.7749791e-01
   2.0000000e+00  -8.8036117e-01  -2.7478166e-01   4.0084891e-01   1.2966329e+00   7.1891289e-02  -6.2004839e-01
   2.0000000e+00   3.5742298e-01   1.8052011e+00   6.2357177e-01  -1.2833085e+00  -4.8789272e-01  -7.7943407e-01
   2.0000000e+00   1.0732835e-01  -4.1070900e-01   5.7497669e-01   9.8901754e-01   9.9745040e-01   4.7725017e-02
   2.0000000e+00   8.0551991e-01  -2.0736835e-02   1.0418519e+00   1.4792709e+00  -8.0881714e-01  -3.0365886e-01
   2.0000000e+00  -7.0443251e-01  -1.1813488e+00   8.1565235e-01   8.4163967e-01   6.1629469e-01  -1.6453864e+00
   2.0000000e+00   1.4652435e+00  -1.4514389e+00  -4.8547353e-01   6.2361707e-01   4.9658073e-01   9.3016970e-01
   2.0000000e+00   1.6823978e-01  -3.6675520e-01   3.8466822e-01  -8.5629744e-01   6.1927643e-01   2.3139991e-01
   2.0000000e+00   6.2912091e-01  -2.7511965e-01  -2.9627484e-01  -8.9718777e-01   1.9365840e-01  -1.9513364e+00
   2.0000000e+00  -4.1334787e-01   3.4636993e-02  -1.1245526e+00  -1.4896118e+00  -8.6397398e-01  -4.7825208e-01
   2.0000000e+00   1.0079235e+00  -4.4046452e-01   1.7166997e-01   5.6914609e-01   2.4766762e-01   2.8531404e-02
   2.0000000e+00   7.4424146e-02   1.5811918e+00  -1.3735616e+00  -6.7149311e-01  -2.0945323e-01   3.8347996e-02
   2.0000000e+00   1.2100147e-01  -1.4934953e+00   9.4144531e-01  -1.8166566e+00  -1.9497324e+00   7.5460169e-02
   2.0000000e+00  -6.2068650e-01  -7.3704343e-01  -9.3608107e-01  -6.3399433e-01  -1.5631467e+00  -5.5181940e-01
   2.0000000e+00  -2.8277551e-01  -1.6596511e-02  -4.3764923e-01  -1.5470036e+00   1.8134801e-01   1.0393598e+00
   1.0000000e+00   6.1552833e-01   5.2532182e-01   1.9985166e-01   1.8588678e-01   4.1220627e-01  -1.0459669e+00
   2.0000000e+00   8.7899842e-01  -4.4534029e-01  -1.4467070e+00  -9.7157855e-01   9.6211871e-01   1.0587996e+00
   2.0000000e+00   1.5348072e+00  -1.9510435e-01  -6.8260023e-01   6.1267355e-01  -1.3268506e+00   2.5999798e-01
   2.0000000e+00  -9.0311766e-01  -2.3424854e-01   1.3333002e+00  -9.2919482e-02   8.2033234e-01  -6.9085105e-02
   2.0000000e+00  -2.3056599e+00  -2.0782878e+00   3.4749440e-01   9.2576515e-01   1.8350028e-01   7.8179073e-01
   2.0000000e+00  -8.4636251e-01  -5.9082380e-01  -4.1962310e-01  -1.4363207e+00  -5.0548511e-01   6.2110263e-01
   2.0000000e+00   1.4789097e+00  -1.7783210e+00  -3.4308209e-01  -4.6586548e-01  -1.2737782e+00  -2.0513536e+00
   2.0000000e+00  -1.8350855e+00  -1.4190839e+00  -5.0123052e-01   1.6294277e+00   4.3287736e-01   1.8427605e+00
   2.0000000e+00   3.3027596e-01  -1.0721110e+00   5.0285791e-01  -8.7298119e-01  -1.1588202e+00  -2.5634403e-01
   2.0000000e+00  -1.1342128e-01  -2.6484153e-01   1.1996692e+00   1.4177241e+00  -9.1303594e-01   6.8642271e-01
   2.0000000e+00   2.1599469e+00  -2.1496738e+00   1.5441485e+00   2.0420243e+00  -3.8993389e-01   1.1476920e+00
   2.0000000e+00  -5.1863201e-01  -1.8378385e+00  -4.7253374e-01   3.4390662e-01  -1.3125373e-01  -1.0999192e+00
   2.0000000e+00  -2.1150766e-01  -2.4159831e+00   1.3623383e+00  -1.6556601e+00  -8.9641958e-01  -7.9413176e-01
   1.0000000e+00   1.9228684e+00   5.8045040e-01  -2.5523342e-01   1.7036997e+00   8.1837296e-01   1.2083289e+00
   2.0000000e+00   7.8499295e-01   6.0644293e-01   1.8912725e+00   1.2810109e+00   4.8212437e-01   1.9309084e+00
   1.0000000e+00  -7.1165678e-01   7.2718668e-02   7.2506513e-01  -1.8411234e-01  -5.4425072e-01   6.9062524e-01
   2.0000000e+00  -1.5161873e+00  -2.2641583e+00   7.3096274e-01  -4.3671036e-01   3.8826756e-01   1.1724127e+00
   2.0000000e+00   3.1743711e-01  -1.1127363e+00   2.6279223e-02   1.4570590e+00  -4.5174554e-01   1.2258733e+00
   2.0000000e+00   2.0832653e-01  -3.9884901e-01   6.4568978e-01   5.0324939e-01  -1.1678765e+00   1.0944701e-01
   2.0000000e+00  -1.2846870e-01  -1.9615897e+00  -1.0667411e+00   8.6316326e-02   1.5526270e-01  -8.0198813e-01
   2.0000000e+00   4.5322861e-01  -3.3377377e-01   6.0396778e-01  -9.0210397e-01   1.4085908e+00   1.7998153e-02
   2.0000000e+00  -4.5188749e-01   1.7338163e+00   1.4723478e+00  -1.0683641e+00   8.1521105e-02  -2.0273621e+00
   2.0000000e+00  -2.2408365e+00  -6.3739135e-01  -6.9782400e-01   1.3268707e+00   1.7834253e+00  -7.1411493e-01
   2.0000000e+00   9.9985401e-01  -4.0470456e-01  -1.2543957e+00   8.5436204e-01  -4.1365298e-01  -2.5461884e-01
   2.0000000e+00  -3.9908506e-02   2.4340196e+00   4.7715277e-01  -9.5610158e-02  -1.1216017e-01   6.7990400e-01
   2.0000000e+00   2.7644376e-01  -1.0740892e+00  -8.8747576e-01   1.2263447e+00   8.6694515e-01  -8.0652789e-01
   2.0000000e+00   7.5560497e-01   1.0547716e+00  -1.9878003e+00   5.6935273e-02   1.7112247e+00  -4.5512430e-01
   2.0000000e+00  -7.2945556e-01  -1.0435723e+00   6.5264843e-01  -8.9636097e-02  -1.8965724e-02   7.9880798e-01
   2.0000000e+00   6.9650873e-01  -9.5158318e-01   6.3031437e-02   5.1426575e-01   2.7179396e-02   2.8390469e-01
   2.0000000e+00   1.4099137e+00  -1.8328840e+00   3.1692080e-01  -1.1803457e-01   6.8548741e-01  -2.1794356e-01
   1.0000000e+00  -5.1502788e-01   6.8630922e-01   4.4596294e-01  -9.7423655e-01  -2.2497015e-01  -3.8655693e-01
   2.0000000e+00  -1.4447980e-01   1.9184174e-01  -1.5298600e+00  -1.1469530e+00   1.2340879e-01  -1.7634253e-03
   2.0000000e+00   1.5622737e+00   1.2446283e+00   6.0838165e-01  -7.8863299e-01  -2.1940326e+00  -1.9998850e+00
   2.0000000e+00  -1.9617352e+00  -4.6917619e-01   1.2143904e+00   7.8767117e-01  -6.9266257e-01   1.9981131e+00
   2.0000000e+00  -2.7215140e+00  -1.7947438e-01  -2.1713045e-01  -1.4771363e+00  -4.7692891e-01  -6.5399373e-01
   2.0000000e+00  -5.6830337e-01   1.7390873e+00   3.6844887e-01   1.5637813e+00   8.0487319e-02  -3.6650996e-01
   2.0000000e+00   7.8266288e-01   8.2842878e-01  -1.2529181e+00  -2.4012736e+00   4.6019142e-02   5.2163825e-01
   2.0000000e+00  -6.3944140e-01  -5.8600297e-02  -2.4015058e-01  -3.7403847e-01   2.3108067e+00   9.3323872e-01
   2.0000000e+00  -1.8014516e+00   2.8127667e-01  -1.9353360e+00   5.7786325e-01   1.8461046e+00  -1.3607316e-01
   2.0000000e+00   5.0213200e-01   7.5051976e-01   1.2421334e+00  -1.4395367e+00  -3.2486460e-01  -2.1150976e-01
   1.0000000e+00   5.5273435e-01   7.3958851e-01   6.3859599e-01   4.3343742e-01   8.5581131e-02  -1.4219183e-01
   2.0000000e+00   6.5631524e-01  -1.4940689e+00  -7.9737938e-01  -8.9383904e-01   4.6976319e-01  -7.0230204e-01
   2.0000000e+00  -8.8178809e-02  -2.1236605e+00  -7.9667800e-01  -4.2009348e-01   9.9372420e-01  -6.3469186e-01
   2.0000000e+00   9.5331055e-01  -7.8423860e-01   8.9264868e-01  -4.6618164e-01  -6.1648509e-01   1.1843853e+00
   2.0000000e+00   7.6695065e-01   1.0406556e+00  -1.2666806e-01  -3.4844489e-01   7.2022126e-02  -3.9392968e-01
   2.0000000e+00   8.9477641e-01  -8.2333753e-01   8.7631978e-01  -8.7272669e-01   5.8790748e-01   4.4832881e-01
   1.0000000e+00   2.8724194e-01   9.6343829e-02   1.9258619e-01   3.4639959e-01   2.4897424e+00   7.3623799e-01
   1.0000000e+00   7.5766231e-02   5.6985026e-01   4.5185579e-01  -5.8674499e-01  -1.0040882e-01  -5.6668970e-01
   2.0000000e+00  -1.2298219e+00   2.6302930e-01  -1.6540470e+00  -1.6046722e+00   1.1453683e+00   2.4583307e+00
   2.0000000e+00   1.4153336e+00   1.3146330e+00   1.5161693e+00   2.1408020e+00  -6.6049115e-01  -3.6627973e-01
   2.0000000e+00   8.4976118e-01  -9.8948040e-01  -6.9871047e-01   1.0996024e+00  -6.8552576e-01   2.5514243e-01
   2.0000000e+00   4.1379173e-01  -2.5107772e-01   3.3445498e-01  -9.2638611e-02  -5.4585734e-01  -2.0062944e-01
   2.0000000e+00   8.5724408e-01   5.1365501e-01   1.5623690e+00  -1.4827377e-01  -8.0061318e-02  -1.4548243e+00
   2.0000000e+00  -1.7550381e+00  -2.6390609e-01   1.6530138e-01  -6.6261098e-01  -8.4601022e-01   6.2290674e-02
   1.0000000e+00  -2.3501111e-02   4.9107524e-01   1.4417509e-01  -7.0093061e-01   1.1914064e+00  -3.1483714e-01
   2.0000000e+00  -1.2345723e-01   4.6317975e-01   1.4851293e+00   1.8455487e-01   1.6006319e+00   1.3587472e+00
   2.0000000e+00   2.9638346e-01  -1.3455460e+00  -5.1895266e-01   2.4838348e-01   4.5403892e-01   3.2150925e-01
   2.0000000e+00   2.4033940e-01   5.8014300e-01   2.5715191e-01   8.0891695e-01   1.4206975e+00   2.7236572e+00
   2.0000000e+00  -7.7533502e-01  -2.2581471e-03   7.6013534e-01  -2.5098308e-01   1.7686749e+00   5.3538866e-02
   2.0000000e+00  -6.3035451e-01  -7.2039986e-01  -2.0187459e-01   5.5864573e-01   4.9864782e-01  -1.3110135e-01
   2.0000000e+00   1.0327744e+00   7.4033342e-01   2.3555086e+00   7.6320439e-01   1.2462187e-01  -6.9808294e-02
   2.0000000e+00  -1.3472085e+00  -7.2257026e-01  -2.0266776e+00   1.0252208e+00   1.8937691e+00  -1.6986138e+00
   2.0000000e+00  -7.8679960e-01  -9.6334167e-01   1.6307365e-01   1.0416319e+00  -9.4179483e-01   3.9986243e-01
   2.0000000e+00  -4.8021827e-02  -5.1031488e-01   9.5353921e-01   5.5123271e-01   5.1016405e-01  -7.7396206e-01
   2.0000000e+00  -1.1191670e-01   2.2391542e-01  -1.8748299e+00  -6.6532798e-01  -2.4024703e-01   6.4116211e-01
   2.0000000e+00   1.6541667e+00  -4.5453673e-01  -1.1466240e+00   1.3715892e-01   3.8460935e-01  -7.2677866e-02
   2.0000000e+00  -1.8304057e-01   1.0967752e+00  -6.1908602e-01  -7.3620087e-02   1.6127580e+00  -1.3812252e+00
   1.0000000e+00   1.1563045e+00   2.7168906e-01   2.0238779e-01  -1.9437611e-01   1.2088884e+00   3.1009197e-01
   2.0000000e+00   6.0004124e-01  -2.6354204e-01  -9.7297642e-01  -7.9554459e-01   1.1073017e+00   1.0829501e+00
   2.0000000e+00  -1.5383638e+00  -1.7572897e+00   1.8232021e-01  -5.9794685e-01   1.4343550e+00   3.8545057e-01
   2.0000000e+00  -1.5694346e+00   2.1557420e-01   1.8280671e+00   2.1633154e-01  -4.3676544e-01   9.0388654e-01
   2.0000000e+00   3.0049608e-01   9.3232798e-01   8.3354451e-01  -9.3470956e-01  -1.9958526e-01  -5.8459587e-01
   2.0000000e+00   1.2045839e+00  -6.4366939e-01   3.6883942e-01  -7.1031360e-01  -8.6196705e-01  -2.2997962e+00
   2.0000000e+00   2.1117098e+00  -9.3853230e-01   1.0526399e+00  -8.8581985e-01   3.5870748e-01   1.3857248e-01
   2.0000000e+00  -1.0203582e+00  -2.2883549e-01   4.9473365e-02  -1.4997710e+00   3.2449478e-01   9.3968989e-01
   2.0000000e+00  -2.3805902e-01   1.4243630e+00  -9.3493293e-01  -3.4753132e-01   1.5311587e+00  -1.0684524e+00
   2.0000000e+00   5.6636888e-01   1.0940175e+00   4.7729984e-01  -6.9491349e-01  -2.5844563e+00   1.3135324e+00
   2.0000000e+00   2.9316923e-01  -3.9142810e-02   3.6357481e-01  -1.5084648e+00  -1.1838824e+00   1.3780458e-01
   2.0000000e+00   1.2435719e+00   3.5865933e-01  -1.0336519e+00  -1.7675486e-01  -3.2113652e-01   5.2801473e-02
   2.0000000e+00  -6.3415552e-01  -5.9640265e-01  -3.9021637e-02  -3.6813563e-02  -1.3318692e+00   9.2510872e-01
   2.0000000e+00   1.3474584e+00  -6.9686925e-01  -9.7860288e-01   5.4588909e-02   1.0280961e+00  -5.8638882e-01
   1.0000000e+00   8.5452797e-01   3.5240415e-01   9.6039625e-02   1.9284266e+00  -3.5579397e-02  -4.2801737e-01
   2.0000000e+00  -1.1010305e+00  -1.0304566e+00  -1.4836425e+00  -6.4104921e-01  -6.9283098e-01   2.5226052e+00
   2.0000000e+00   1.5352649e+00   1.1530015e+00   8.5681580e-01  -5.5958927e-01   1.1463598e-01   1.6054936e+00
   2.0000000e+00   8.8271096e-02  -1.0967808e+00   6.7787639e-01  -1.1927918e+00  -8.8650415e-01  -9.2176230e-01
   2.0000000e+00   6.7422391e-01  -7.1899453e-01   9.6974821e-01  -1.0728330e+00  -1.1775610e+00  -4.6443997e-01
   2.0000000e+00   1.1498216e+00   1.4035506e+00   3.0740515e+00   1.0164855e+00   1.7731689e+00  -9.6208245e-02
   2.0000000e+00  -3.4603231e-01  -8.2468907e-01   5.2784151e-02   1.0504312e-01  -1.5752974e-01   5.5547240e-01
   1.0000000e+00   1.4022641e-01   9.0768499e-01  -5.1112575e-02   3.2201415e-01  -5.7864009e-02  -1.0037062e+00
   2.0000000e+00   1.0859109e+00  -8.2735562e-01  -4.9981352e-01   9.5269110e-01   1.4543383e+00   1.3082578e+00
   2.0000000e+00   2.2492259e-02   4.2088284e-01   2.4806754e+00   6.5297235e-01  -1.1212302e+00  -4.6219300e-01
   2.0000000e+00   1.4175327e+00  -3.9147540e-01  -9.6681672e-02  -2.9941698e-01  -7.8985018e-01  -6.1998185e-01
   2.0000000e+00   1.1822968e+00  -1.8270778e+00   1.8401868e+00  -3.0893918e-03   1.1052182e+00   2.0931546e-01
   2.0000000e+00   3.9098492e-01  -1.7152933e-01  -3.1328240e-02   5.9331048e-01  -7.4644149e-01  -1.6274827e+00
   1.0000000e+00  -7.9979052e-01   2.5272358e-01   5.4594516e-02   1.0244347e+00  -1.3555685e+00  -3.4370535e-01
   2.0000000e+00   3.6878992e-01   1.0885647e+00  -1.3519555e-01  -2.1336973e-01   1.3929237e+00  -1.8988253e+00
   1.0000000e+00  -8.6855410e-01   8.0002838e-02   6.4300718e-01  -7.2588777e-01  -7.6906423e-01  -5.0952094e-01
   2.0000000e+00   1.1082303e-01  -8.0761931e-01  -9.8467986e-01  -2.6118061e-01  -5.1888422e-01   2.0185048e+00
   2.0000000e+00  -6.9660832e-01   9.7674140e-01   4.5181372e-01   2.8824992e-01  -1.0138474e+00  -5.1205529e-01
   2.0000000e+00  -7.5568815e-01   8.1413146e-01   1.5172073e-01  -8.8521997e-01   9.1011201e-01   2.2563942e+00
   2.0000000e+00  -2.7269001e-01  -3.7639129e-02   1.7411279e+00  -1.5975077e+00  -1.9986157e-01   6.5935086e-01
   2.0000000e+00   4.0817820e-01  -2.1915079e+00  -1.5655582e+00  -4.8814498e-02  -2.3708522e+00   2.2342764e+00
   2.0000000e+00  -4.2800008e-01  -5.2602740e-01   4.6290589e-01   7.4050889e-01   1.0298585e+00  -5.1653549e-01
   2.0000000e+00  -6.2098516e-01  -6.5694122e-02  -5.6101479e-01   4.0336674e-01  -8.6293550e-01   3.9412098e-01
   2.0000000e+00  -1.4866771e-02  -1.9536840e+00   9.8716614e-01  -4.9319261e-01   2.7086128e-01  -2.6597440e-01
   2.0000000e+00  -5.3777658e-01  -1.4597699e-01   2.2470692e+00   3.4765489e-01   1.4044645e+00   3.5376774e-01
   2.0000000e+00  -7.8043895e-02   9.1955075e-01   1.3883893e+00   2.2458452e+00   2.2349786e-01  -5.6502187e-01
   2.0000000e+00   3.5172064e-01   5.5665567e-01   6.7854688e-01  -1.9137339e+00   1.2704916e+00  -3.1520169e+00
   2.0000000e+00  -1.5512608e+00   1.6769148e+00   1.0982414e+00   1.1180542e+00  -6.0918246e-01  -3.8384745e-01
   2.0000000e+00  -9.2873106e-01   1.4254423e+00  -2.1979799e-01  -1.0044421e+00  -1.1915074e+00   4.6716006e-01
   2.0000000e+00  -5.1914318e-01   7.9462146e-02  -1.4560193e+00   3.4456766e-01  -8.9434371e-01  -3.5359936e-01
   2.0000000e+00  -1.4544625e+00   1.3418651e-01   1.2279353e+00   1.2096727e+00   7.3228330e-01  -5.1391639e-01
   1.0000000e+00   2.4762948e-01   2.6123453e-01  -1.0914138e-01   2.9369844e-01   1.0783713e+00  -6.4268073e-01
   2.0000000e+00  -6.0308007e-02   1.7125864e-02   1.6264461e+00  -6.2320015e-02  -4.0958185e-01   3.3520692e-01
   2.0000000e+00   6.9290145e-03   1.4035960e+00   2.1531159e+00   7.5512630e-01  -8.5561654e-01   1.1267481e+00
   2.0000000e+00  -2.9238780e-01  -5.5628610e-01   5.8193307e-01  -5.9268972e-01   2.7762603e-01   1.5276529e-01
   1.0000000e+00   7.9994088e-01   2.7608065e-01   5.4475746e-01  -5.2966648e-01  -2.4410962e-01   9.8040578e-01
   2.0000000e+00  -5.1796663e-01  -1.3747398e+00  -3.6661033e-01  -4.2892998e-01   5.8234139e-01  -1.7987606e+00
   1.0000000e+00  -4.8584494e-01   8.0676991e-01  -5.7958382e-01  -3.9231867e-01   2.9269146e+00   1.0419604e-01
   2.0000000e+00  -1.2585315e+00   1.7911105e+00  -1.8707768e-01  -1.6616343e+00  -5.0518080e-01   1.3865635e-01
   2.0000000e+00   1.6647036e-01   1.6555664e+00  -3.8032396e-01   6.5381686e-01   2.3438079e-01  -4.4054503e-01
   2.0000000e+00  -4.7522810e-01  -5.1399081e-01  -3.8224770e-01  -1.5369449e+00  -2.3347659e+00   1.1087951e+00
   1.0000000e+00  -2.0153793e-01   1.6504193e-01  -7.8183980e-02  -3.1140389e+00  -2.3466265e+00   1.2230053e+00
   2.0000000e+00   1.2691321e+00   1.2144805e+00   1.4819314e+00  -7.5720776e-01  -1.8836831e+00   6.5502900e-01
   2.0000000e+00  -4.8551409e-01  -6.5888522e-03   8.7013232e-01  -1.3167967e+00   7.6378172e-01   9.8969967e-01
   2.0000000e+00   8.6769222e-01  -4.6661410e-02   4.6263888e-01   9.4292392e-01  -5.4365729e-01  -3.8887796e-01
   2.0000000e+00   1.3448182e+00   3.5597450e-01  -1.2879518e+00  -4.7425743e-01   1.0139412e-01   1.5390924e+00
   2.0000000e+00  -1.7680744e+00   1.1432656e-01   1.1782030e+00   3.2132998e-01  -8.0718435e-01   1.0893359e+00
   2.0000000e+00   4.4360599e-01  -1.1075315e+00  -1.1055399e+00  -1.5445041e+00   2.7285405e-01  -9.3258639e-01
   2.0000000e+00  -2.0715216e+00  -1.3052115e+00   2.2602502e-01  -4.8184790e-01  -7.4807219e-02  -1.0261695e+00
   2.0000000e+00  -6.2376278e-01  -1.2137155e+00  -5.9396636e-01  -1.6216512e+00  -2.8116298e+00  -9.5813010e-01
   2.0000000e+00   3.5971803e-01   8.2872024e-01   3.7643091e-01  -5.2570914e-01   2.9890000e-04  -3.0682810e+00
   1.0000000e+00   5.0710075e-01   4.4331069e-01   1.6932881e-01  -3.5738476e-02  -6.4471954e-01  -1.8622646e+00
   1.0000000e+00  -2.8169528e-02   6.0384854e-01  -7.0322751e-01  -1.2683318e+00   1.6064558e+00   9.9924459e-01
   2.0000000e+00   6.0489083e-01  -1.4759217e-01  -1.0846883e+00  -4.7387042e-01  -1.9862005e-02  -1.0853594e+00
   2.0000000e+00   6.2710694e-01  -2.5328782e-01   3.7656662e-01  -1.1539494e+00  -5.5479364e-01   1.1103152e-01
   2.0000000e+00   1.6080332e+00  -7.0670202e-01   1.6792592e-01  -4.8237565e-01   2.8761848e-01   3.1933457e-01
   2.0000000e+00  -6.6695034e-01  -3.7953122e-03   2.5031021e+00  -4.3247568e-01  -1.0101303e+00  -8.5874792e-01
   2.0000000e+00   3.6924756e-02  -7.5922649e-01   1.5162245e-01   2.1654885e-01  -1.4568929e+00  -5.5081278e-01
   1.0000000e+00  -3.0825728e-02   4.9129384e-01   8.0284801e-01  -3.1773213e-01  -1.7422002e+00   1.1621479e+00
   2.0000000e+00  -1.2788662e+00  -4.6984697e-01  -6.8778890e-01   1.2175713e+00   1.8444161e-01  -7.6405307e-01
   1.0000000e+00   8.7310321e-01   1.1080099e-01  -7.6956520e-01   1.1765438e+00   1.0639495e+00   7.7665625e-01
   2.0000000e+00  -1.7713427e-01  -1.2143344e+00   1.2140589e+00   3.1595876e-01  -2.2019023e-01  -4.2305891e-01
   1.0000000e+00   7.1936580e-01   2.5704609e-02   9.7902951e-02  -7.0527292e-02  -1.2085715e+00  -1.3728513e+00
   1.0000000e+00  -5.6442723e-01   1.1267779e-01  -5.1451134e-02  -1.9378195e-01   6.2021384e-01  -4.3807639e-01
   2.0000000e+00   1.3597261e-01  -2.1137158e+00   8.0959326e-01   1.2670643e-01  -2.1197373e+00   6.1264722e-01
   2.0000000e+00   3.5106019e-01   1.3643815e+00   2.7324211e-01  -2.3055584e-01  -1.0063128e+00  -1.7869501e+00
   2.0000000e+00   1.3201278e-01   2.9666288e-01   4.2084509e-01   4.0014406e-01  -1.6116716e-02   2.8781631e+00
   2.0000000e+00  -2.1840493e-01  -1.0344201e+00   1.1541230e+00  -1.6199306e-01  -1.6142352e+00   3.2950273e-01
   2.0000000e+00   5.7751029e-01  -1.1099648e-01  -1.1021374e+00  -1.4457407e-01   1.9857549e-01  -1.2502641e+00
   2.0000000e+00  -1.1447422e+00  -1.2096993e+00  -2.6088150e+00  -9.1305582e-01  -1.9939652e-01   3.9556355e-02
   2.0000000e+00  -1.5192600e-01  -1.0212019e+00  -2.9738772e-01  -3.2813475e+00  -1.1095301e+00   1.8767507e-01
   2.0000000e+00  -4.9672460e-01  -6.6867193e-01  -1.0033551e-01  -1.1097338e+00   8.0300539e-01  -1.7152832e-01
   2.0000000e+00   6.0167386e-01  -4.6731684e-01  -1.9684053e+00  -8.9939584e-02  -1.6738281e+00  -4.7074985e-01
   2.0000000e+00  -1.1656912e+00  -2.8214447e-01   6.0238649e-01   2.4271940e-02   5.6773190e-01  -6.7453980e-01
   2.0000000e+00  -1.1446084e+00   1.5977765e-01   1.1977284e+00  -4.5883809e-01   2.4021296e-01  -6.3688511e-01
   2.0000000e+00  -8.6266209e-01  -5.6149376e-01  -3.3612779e-01  -4.2636007e-01   1.9870907e+00  -8.3942170e-02
   1.0000000e+00  -2.5804534e-01   8.9594354e-01  -2.7906603e-01   3.9293385e-01  -7.4230381e-02  -6.9335751e-01
   2.0000000e+00  -1.5899950e+00  -1.0139801e+00  -1.1199540e+00   3.6287635e-01  -1.8552171e-01  -4.2715997e-01
   2.0000000e+00  -1.1396317e+00  -4.7626928e-03   7.6924708e-01   2.9197286e-01  -4.3887231e-01   1.6926591e+00
   2.0000000e+00  -6.8651924e-01  -1.1006801e-02  -1.8475743e+00  -8.9666406e-01   4.4428612e-01  -9.8547357e-01
   2.0000000e+00   1.1348795e-01   1.8222850e+00  -1.2432725e+00   3.8022380e-01   5.1337197e-01  -9.2721377e-01
   1.0000000e+00  -8.4234092e-01   1.6967258e-01  -3.9980360e-01   9.2718306e-01  -4.4571152e-01   1.2047628e+00
   2.0000000e+00   4.0796484e-01  -1.7041972e-02  -1.6328078e-02   5.8307244e-01  -9.4281212e-01   6.6803759e-01
   2.0000000e+00  -1.0841066e-01   3.0692777e-02  -1.5063503e+00  -1.1098930e+00  -6.1242355e-02  -8.5596876e-01
   1.0000000e+00   5.3123248e-01   9.1165285e-01  -2.4786666e-03  -1.4155684e+00  -9.8780382e-01  -1.2267067e+00
   2.0000000e+00   9.1322259e-01  -7.8228777e-02  -6.9125516e-01  -1.0742951e-01  -1.2197152e+00  -1.9213866e+00
   2.0000000e+00  -2.0491607e-01   2.4248547e-02   1.1898890e+00   2.8241119e-02  -8.0288003e-01  -3.5584959e-01
   1.0000000e+00  -6.0652620e-01   1.6019651e-01  -4.3105309e-02  -9.9811774e-02   1.3572570e+00  -5.6674111e-01
   2.0000000e+00   6.7588468e-01  -5.2617443e-02  -5.2691376e-01  -3.5570096e-01  -1.7848553e+00   3.4032536e-02
   2.0000000e+00   3.8824052e-01  -1.5390604e+00   1.1336966e+00   4.4189814e-01  -5.0946503e-01   1.5872789e+00
   2.0000000e+00   9.5062570e-01   1.6160706e+00  -8.7645987e-01   5.6744809e-01  -8.6501147e-01   1.0448729e+00
   2.0000000e+00   1.5363723e+00  -1.0149872e-01  -4.5289389e-01   8.2872246e-01   8.6225106e-02   9.0226960e-01
   2.0000000e+00  -6.7778446e-01  -1.6507032e+00  -1.5846940e+00  -3.8648888e-01  -6.3622263e-01  -1.3307930e+00
   2.0000000e+00  -7.6866261e-01   1.1593657e+00   6.9632492e-01  -9.2643819e-01   5.4347820e-01   1.1061807e+00
   2.0000000e+00   1.5945745e+00   7.4912040e-01   1.0982386e+00  -2.9073858e-01   1.1071142e-01   1.5784161e+00
   2.0000000e+00   6.2662636e-01  -7.2410189e-02   6.6336718e-01   5.3746185e-01  -9.6478889e-01   1.6925735e+00
   2.0000000e+00  -1.3231061e+00   1.9415509e+00  -4.6441399e-01  -1.0953969e+00   6.3678118e-01  -5.0042965e-01
   2.0000000e+00   9.9214498e-01  -4.0771574e-01   6.1309883e-02   1.1282971e+00   4.9754802e-01  -8.8952592e-01
   2.0000000e+00   2.5428762e+00   1.2453897e+00  -1.4341876e+00   9.6224688e-01   1.3717745e+00   5.1882898e-01
   2.0000000e+00  -5.6199480e-01  -3.5680323e-01   6.5937807e-01   1.5662740e-01  -1.2597345e+00   9.4992507e-01
   2.0000000e+00  -4.8846591e-01  -6.0352087e-03   6.5011072e-01  -7.7798989e-01  -3.4446362e-01   1.8798031e+00
   2.0000000e+00  -7.8522018e-01  -1.4055892e+00  -1.3797963e+00   1.9699714e-01  -7.8126685e-01  -1.6745677e+00
   2.0000000e+00  -1.2478930e+00  -1.8984001e+00   1.0469674e+00   8.7503262e-01   1.6651125e-01   1.0418822e+00
   2.0000000e+00  -6.2035997e-02   6.0671238e-01   1.7630855e+00   9.9514022e-01  -1.3243085e-01  -1.0429578e+00
   2.0000000e+00  -3.5763400e-03  -1.5896878e+00  -5.6416322e-01  -1.6777575e-01   9.3925865e-01  -4.0936049e-01
   2.0000000e+00   1.0795645e+00   1.1531573e+00   1.6845507e+00   1.1515219e+00  -3.7359708e-01  -8.3384478e-01
   2.0000000e+00   7.4254927e-01  -9.4679139e-02   5.0920997e-02  -7.0540042e-01   1.0896183e+00  -3.8763990e-01
   2.0000000e+00  -1.4948954e+00  -1.3718644e+00   1.2983236e+00   6.9635865e-02  -4.5084929e-01   2.7884929e-01
   2.0000000e+00   5.4921841e-01   4.2375814e-01   1.8603655e+00  -2.3881003e-01  -4.7386758e-01  -3.5198220e-01
   1.0000000e+00  -1.6206691e+00   4.8016350e-01   8.3993138e-01  -6.5156856e-01  -6.0275791e-01  -3.2146081e-02
   2.0000000e+00   4.1298571e-01   1.6598146e+00   1.1131707e-01   6.7942441e-01   1.8629022e-01   8.8552598e-01
   2.0000000e+00   3.0276904e-01  -3.1701320e-01   8.7875071e-01   5.5689649e-01  -1.2782345e+00   7.5175096e-01
   2.0000000e+00  -8.3481559e-01  -1.5919708e-01   1.0789418e+00   3.1776469e-01  -7.9668271e-01   1.1696174e+00
   2.0000000e+00   1.5692424e+00  -1.0929012e+00  -5.5688055e-01   1.8172852e+00   3.0746662e-01  -9.5294531e-01
   2.0000000e+00   5.2431806e-01  -1.6348818e+00  -9.1440416e-01   7.7463605e-01  -8.8775755e-01  -1.1919928e+00
   2.0000000e+00   2.6268221e-01   2.5311932e-01   1.3094651e+00   1.3192496e-01  -1.1799420e-01   1.4558005e-01
   2.0000000e+00  -4.7881630e-02  -1.9390162e-01  -4.1234922e-01  -1.2330365e+00   3.0777507e-01  -1.3477778e+00
   1.0000000e+00  -1.4125928e+00   7.8326452e-01   1.2388588e-01  -1.1822772e+00  -1.8495491e+00  -1.6760073e+00
   2.0000000e+00  -1.6293947e+00  -7.2482024e-01   2.2321046e-01   1.0423436e-01   4.1495430e-01  -2.5944302e-01
   1.0000000e+00   3.8034791e-01   4.2693339e-01   5.4479976e-01  -1.5483922e+00  -2.3868861e+00   8.8708542e-01
   2.0000000e+00   3.1654910e-01  -2.2312772e-01  -6.5039685e-01   9.2931162e-01   7.4856547e-02   1.0091795e-01
   2.0000000e+00   3.1625660e-01   5.2404184e-01  -9.4634993e-01   9.5507620e-01   2.8564067e+00  -1.4149142e+00
   2.0000000e+00  -1.7211759e+00   1.8548532e+00  -7.8930104e-01  -7.2300240e-01  -5.7402068e-01   1.5940651e+00
   2.0000000e+00   3.7051895e-01  -4.8688985e-01  -6.0387712e-01   2.9017006e-01   1.5939287e+00   1.2495527e+00
   2.0000000e+00   2.6698285e-01  -8.2621150e-01  -1.6386304e+00  -6.0941234e-01   1.8457690e+00  -1.7289799e+00
   2.0000000e+00   2.8782161e-01  -8.6093663e-01   7.3090376e-01   3.0167415e-01  -1.1758378e-01   1.1120687e+00
   2.0000000e+00   8.4744334e-01  -9.3679852e-01   9.0475873e-01   1.6894581e+00   2.6070131e-01   6.0503420e-01
   2.0000000e+00   9.3756280e-01  -5.7853475e-01   8.7552646e-01   5.3398539e-01   7.7294455e-01   9.6734786e-01
   1.0000000e+00  -6.1639615e-01   2.5099395e-01   1.3840203e-01   1.1600022e+00  -2.6926644e-01  -3.3086374e-01
   2.0000000e+00  -9.4779474e-01  -1.1588728e+00   9.1714871e-01   4.4497758e-01   9.6540854e-01  -2.5521842e-02
   1.0000000e+00  -1.2541694e+00   3.0033591e-01   6.6561441e-01   4.8605617e-01  -4.2622118e-01   3.0309951e-01
   2.0000000e+00  -5.9995961e-01  -2.3700184e-01  -1.0681342e-01   6.7646067e-01  -1.5711655e-01   3.0130784e-01
   1.0000000e+00   1.1553979e-02   4.8437712e-01   3.6134999e-01   3.7393737e-01  -2.0038576e-02   1.2584359e+00
   2.0000000e+00   5.8249341e-01   9.2457611e-01  -1.0994052e+00   3.6141069e-01   2.2783153e+00   1.8684988e-01
   2.0000000e+00   3.9163913e-01   6.7162555e-01   1.6253427e+00  -2.3490086e+00  -7.0961841e-01   8.0522005e-01
   2.0000000e+00  -1.1637781e+00  -3.6537844e-01   4.6723602e-01   2.9075016e-01  -1.5390769e-01   5.9544225e-01
   2.0000000e+00   5.9611797e-01   1.4670802e+00  -1.6486578e+00  -1.5411227e+00  -6.1198721e-02   1.0783328e+00
   2.0000000e+00   1.0245641e+00  -1.9962319e+00   1.4911974e+00   1.1392929e+00   8.3216651e-02  -1.0236949e-01
   2.0000000e+00   3.3636577e+00  -1.7749385e+00  -9.1238926e-02   1.2658933e-01  -2.4303838e+00  -1.9498691e-01
   2.0000000e+00   1.0450255e+00   2.7308599e-02   4.5616947e-02  -4.1926886e-01   4.9871743e-01  -2.2020981e+00
   2.0000000e+00  -3.1151869e-02   2.4207134e+00  -9.5322198e-01  -9.7894783e-01  -1.0696936e+00   1.8034831e+00
   2.0000000e+00  -1.0783611e-01  -3.3265921e-01  -8.7804944e-01   1.0053724e-01   9.0617417e-03   1.0393584e+00
   2.0000000e+00  -1.6513995e+00   9.7439058e-02   1.7853424e+00  -8.9836649e-01   1.4734317e-01  -4.0282527e-01
   2.0000000e+00   7.1062570e-02   1.5617782e+00   1.0661954e+00   1.0474326e+00   5.1117528e-02  -1.1319491e-01
   2.0000000e+00   1.4669170e-01  -8.3973686e-01   1.8705303e+00  -1.2364602e+00  -1.4352479e-01  -6.2416549e-01
   1.0000000e+00   1.9567635e+00   1.1031455e-01  -9.8160339e-01  -6.0769291e-01   4.6511672e-01  -1.6456256e+00
   2.0000000e+00  -3.2171247e-01   8.4611380e-01  -9.4711015e-01  -2.5510450e-01   8.1624167e-01  -4.5063126e-02
   2.0000000e+00   1.3914566e+00   1.1050404e+00  -1.7213663e+00  -1.0927734e+00   2.7288362e+00   1.3925999e+00
   2.0000000e+00   7.5683793e-01  -2.9559651e-01   2.1089780e-01   2.1036724e+00  -1.3185300e+00  -9.0158314e-01
   2.0000000e+00   3.4213372e-01  -6.0638155e-01   4.5986736e-01   1.8306447e+00  -1.1750596e-01   1.1574114e+00
   2.0000000e+00  -4.4532837e-01  -1.9682951e-01   2.7077868e-01  -9.0669564e-01   1.3726039e+00   1.7487508e-01
   2.0000000e+00  -4.0644328e-02  -7.7563024e-01   1.6206826e+00  -1.6508289e-02  -7.7709371e-01  -7.3865510e-01
   2.0000000e+00   1.7643916e+00  -7.9460122e-01   7.1864634e-01   5.5464503e-01  -5.7273445e-01   3.1629714e-01
   1.0000000e+00  -1.4534628e+00   5.6676521e-01  -4.9638493e-01   2.3788328e+00  -5.6575787e-01  -4.1565055e-01
   2.0000000e+00   1.4322893e+00  -1.3559306e+00  -6.6179445e-02  -1.0674359e+00   1.4381818e+00  -1.1530251e+00
   1.0000000e+00  -3.8368947e-01   7.8645563e-01   3.9226673e-01   1.7913251e-01  -2.6208750e-01  -9.7028594e-01
   2.0000000e+00  -8.9278312e-01   1.4363949e+00   1.3250504e+00  -9.9090970e-01   2.0634580e+00  -2.0873867e+00
   2.0000000e+00   1.8909040e-01  -8.0644029e-01  -4.6212825e-01  -3.5480627e-01  -1.2527118e+00   5.6522865e-01
   2.0000000e+00   5.0010247e-01   6.5139890e-01   1.5666198e+00   1.2318589e+00   1.1126528e-01   1.6851056e+00
   2.0000000e+00  -7.4898512e-01  -9.4542235e-01   1.4095894e+00   4.7539225e-01  -6.8031965e-01  -4.0764359e-01
   2.0000000e+00  -9.0353777e-01  -5.0349097e-01  -1.0038156e+00   1.0526938e+00   1.0326779e-01   1.6755125e+00
   2.0000000e+00   3.3930432e-01  -1.0375893e+00   9.7833141e-01  -1.9408160e+00  -9.8939537e-01   9.9439280e-01
   2.0000000e+00  -2.4585095e+00  -2.2015901e+00   3.6395987e-01   6.3034515e-01   1.8233388e-01   2.2792707e-01
   2.0000000e+00   1.3996740e+00  -1.0452470e+00   2.3425716e-01  -1.5262580e+00   3.0569452e-02   2.1512944e-01
   2.0000000e+00  -1.0821627e-01   9.6078836e-01  -9.2125181e-01   7.0465110e-01   1.0550331e+00  -1.6471503e-02
   2.0000000e+00   9.8087488e-01   4.4731447e-01   1.0263796e+00  -9.8653464e-01   1.1936502e+00  -3.0407834e-01
   2.0000000e+00  -2.5260716e+00  -1.3679232e+00  -1.1514064e+00   1.7199149e+00  -9.6904149e-01  -9.0010552e-01
   2.0000000e+00  -7.9654587e-01  -6.9956550e-01   8.4201287e-01  -1.3537966e+00   1.5011856e-01  -5.8755313e-01
   1.0000000e+00   4.7902105e-01   4.6793616e-01  -5.3194756e-01  -8.6736753e-01  -1.3471332e+00  -1.6713755e+00
   1.0000000e+00  -6.2289662e-01   1.4356480e-01   6.5332824e-01   4.7286730e-01  -2.4813478e-01  -1.3451562e-02
   2.0000000e+00   1.0349731e+00   5.1711616e-01   1.7574026e+00   6.4411580e-01  -6.6231263e-02  -5.9968270e-01
   2.0000000e+00  -5.5988309e-01  -1.2746213e+00   9.0202187e-01   1.6469094e+00   9.6720314e-01  -1.2807488e+00
   2.0000000e+00  -1.3051347e+00  -4.4914738e-01   1.6107011e-01   5.2486105e-01   8.8394440e-01  -8.2474045e-01
   2.0000000e+00   1.5630030e-01  -4.9589834e-01   3.5016640e-01   1.8910710e+00   2.3165735e+00   1.1564735e+00
   2.0000000e+00  -5.5387895e-01  -1.3427838e+00   1.0150418e+00   4.4330639e-01  -5.9058475e-01  -8.2635262e-01
   1.0000000e+00  -4.8256200e-01   1.4965689e-01  -7.4198987e-01  -5.4442673e-01  -2.0256519e+00  -1.0349026e-01
   2.0000000e+00   1.8032425e+00  -5.2400340e-01  -7.4250552e-01   1.4569869e+00  -7.9069270e-01   1.2372234e+00
   1.0000000e+00   6.5933137e-01   6.1404988e-01   3.7521353e-01  -1.4395296e+00  -1.5124393e+00  -2.0607378e-01
   2.0000000e+00  -9.5780945e-01  -1.8775874e-01  -7.6510606e-01   5.4919146e-01   5.7360763e-01  -2.3560409e+00
   2.0000000e+00   1.4203753e+00   1.4905187e-01   1.1928486e+00  -2.1557296e-01  -7.0088670e-01   1.0212420e+00
   1.0000000e+00  -8.9560988e-01   4.5352224e-01  -7.7432937e-01  -1.7693943e-01  -1.9016842e-01   8.5977725e-01
   1.0000000e+00   1.3493060e+00   5.2738121e-01   9.0581232e-03   1.7445189e+00   5.3885818e-01  -3.2211482e-02
   1.0000000e+00   6.4951439e-01   4.9129588e-01   8.2230191e-01  -8.0164569e-01  -2.8484730e-01   8.5534111e-01
   2.0000000e+00   6.3216573e-01  -5.4586383e-01  -6.8059627e-01  -4.3311862e-01   2.6087595e-01  -1.7205716e-01
   2.0000000e+00  -2.9387906e-01  -5.3844200e-02  -1.9417586e-01   1.0030866e+00   1.0743482e-02  -7.0722106e-02
   2.0000000e+00  -4.7972143e-01  -2.2877203e-01   1.2118361e-01   1.3612690e+00  -5.2388360e-01   1.3490534e-01
   2.0000000e+00   1.3778488e+00  -8.5631438e-02   2.0303526e+00  -2.5843726e-01   1.3211960e+00  -7.4994894e-01
   2.0000000e+00  -8.4954542e-01   1.4827668e+00  -3.2012976e-01  -5.4849213e-01   3.6819406e-01   9.3968160e-01
   2.0000000e+00   2.8826274e-01   7.2854723e-01  -3.9819281e+00   2.2428533e+00  -9.0455787e-01   1.1788453e+00
   2.0000000e+00  -6.5976110e-01   2.1837065e+00   1.8033258e-01  -2.2224419e-01   1.3291657e+00   2.7285029e+00
   2.0000000e+00  -1.0641064e+00  -8.2924724e-01   7.5803398e-01  -1.4749791e+00  -7.4767794e-01   5.9597499e-02
   1.0000000e+00   1.1290150e+00   9.4697390e-02   4.0266761e-01  -1.1639954e+00  -7.9430157e-01   4.5535466e-01
