   2.0000000e+00  -7.1295092e-01  -4.6149842e-01   4.1228063e-01   3.2726648e-02  -1.6799454e-01  -4.7945966e-01
   2.0000000e+00  -1.1425523e+00   3.8315293e-01  -9.7333624e-01  -6.9288901e-01   1.9025017e+00  -1.6743843e+00
   1.0000000e+00   8.9671968e-01  -1.1375719e-01  -7.1825288e-01   7.6911859e-01   7.7820408e-01  -1.0644076e-01
   2.0000000e+00   1.3686524e+00   3.7522125e-01  -7.0343481e-01  -3.5204921e-01  -3.5822617e-01  -1.0868775e-01
   2.0000000e+00  -6.3123772e-01  -7.8226407e-01   1.1449366e+00  -6.7429201e-01   1.7237468e+00  -1.0201758e+00
   1.0000000e+00   2.7316048e-01   5.7821351e-01   1.8942187e+00  -5.5302734e-01   2.8324060e-01   1.8244937e+00
   2.0000000e+00   8.1283935e-01  -4.6395795e-01  -1.6182575e+00   6.2017219e-01  -1.0440602e+00  -2.0893329e-02
   2.0000000e+00  -9.3063710e-01  -6.4071923e-02   2.4343996e+00  -1.0674234e+00   2.0837151e+00   4.0874570e-01
   2.0000000e+00  -1.9306337e+00   1.1750131e+00  -1.5185319e+00   1.6476141e+00  -2.2927801e-01  -7.4733128e-02
   2.0000000e+00   2.4965149e-01   7.8590864e-01  -2.5233332e-01  -9.7989637e-01  -9.1442457e-01   1.1212448e+00
   1.0000000e+00   1.0036423e+00   4.2927388e-01   1.1502755e+00  -5.2891184e-01   1.6612041e-01   1.8812818e+00
   2.0000000e+00  -2.2996112e-01   2.7504973e-01  -4.4710613e-02   5.4545221e-01  -2.5393201e-01   6.1686818e-01
   2.0000000e+00  -1.2376053e+00  -1.4933867e+00   2.3073174e+00   6.3554254e-01  -1.2456426e-01  -9.0572408e-02
   2.0000000e+00   2.1440607e+00   5.4250420e-01   1.0969931e+00   4.3044363e-01   4.1261101e-01  -2.3202420e+00
   2.0000000e+00  -6.3378941e-01  -5.7401921e-01  -1.2663849e+00   1.2598179e+00   1.4116154e+00   5.2402759e-01
   2.0000000e+00   2.3655293e-01  -4.6554307e-01  -1.1272253e+00  -5.9805232e-01  -1.1021990e+00   3.9636894e-01
   1.0000000e+00  -8.8141238e-01  -4.5905485e-02   1.0564452e+00  -1.7332447e-01   9.2681599e-01  -3.8705798e-01
   2.0000000e+00  -1.1262766e+00  -5.0638552e-01  -5.0867207e-01  -3.0002217e-01  -1.7661469e+00  -1.8960869e+00
   2.0000000e+00   1.6426514e+00   1.3406406e+00  -1.7419132e+00  -2.7183486e-01  -6.2142317e-02  -1.4340810e+00
   1.0000000e+00  -1.8886365e-01   4.5668521e-03   1.1745563e+00   2.7312942e-01   2.5733888e-01  -1.3361223e+00
   2.0000000e+00  -3.1707877e-01  -1.9782016e+00  -3.0841360e-01   4.5124854e-01  -1.6044972e+00  -6.9166131e-03
   2.0000000e+00   1.0574538e-01  -1.5402200e+00  -1.9132182e-01  -9.4281505e-01  -7.4121216e-01  -2.4421850e-01
   2.0000000e+00  -6.6931840e-01   1.8133176e-01  -1.6950085e-01   1.5809066e+00  -9.4125702e-01  -4.6628794e-01
   2.0000000e+00   1.7132535e+00  -3.6224102e-01  -1.2383075e+00   8.8813427e-01  -2.8456257e-01  -1.8173666e+00
   2.0000000e+00  -1.6411422e+00   9.2910630e-01   3.0968389e-01  -8.0061299e-01   5.2482744e-01   1.1808698e-01
   2.0000000e+00  -1.4603444e+00   8.4732665e-02  -5.4541646e-01  -2.1483516e-01   1.2719319e+00   1.3423450e+00
   2.0000000e+00   1.7998047e+00  -2.5901084e-02   4.1254721e-01  -1.2214494e+00  -3.3098802e-01  -7.3987198e-01
   2.0000000e+00  -3.5663980e-02  -8.4457639e-01   2.0795571e-01   9.0975108e-01  -1.2109067e+00   1.9117135e+00
   1.0000000e+00   3.7743649e-01  -9.4329670e-01  -1.8036926e+00   1.0675629e+00   2.2707819e-01   1.9695226e+00
   2.0000000e+00   1.7593525e+00  -1.2082615e+00   6.5867240e-01  -3.4989824e-01  -6.2062612e-01   2.0126995e+00
   2.0000000e+00  -2.2534678e-01  -6.2430066e-01  -9.6188912e-01  -1.8343560e-01  -5.8908653e-01   9.3959595e-01
   1.0000000e+00  -2.7556907e-02   3.7544978e-01   1.5759150e-01  -3.7227817e-02   1.9757046e-01  -3.8702922e-01
   2.0000000e+00   6.1291938e-01   6.0518561e-01  -4.9315882e-01  -1.4761438e+00   1.7280269e+00   8.6346211e-01
   2.0000000e+00  -2.0752801e+00   1.0512924e+00  -5.4356769e-02  -7.3109964e-01  -6.3370642e-01   1.3354180e+00
   2.0000000e+00   6.4735967e-01   7.3015564e-01  -5.2535157e-01  -8.3991142e-01   1.4346035e+00   5.8827382e-02
   2.0000000e+00  -9.9735730e-01  -2.6126127e-02   1.6325078e-02  -1.9888887e-01  -1.0863156e+00   1.6511962e+00
   2.0000000e+00  -9.9169680e-01   9.5526539e-01  -3.6291025e-01   8.6654801e-01   7.6448430e-01  -1.4090752e+00
   2.0000000e+00   1.1584995e+00   1.8602043e+00  -4.4206464e-01   5.5832807e-01   1.2609812e+00  -1.6376841e-01
   1.0000000e+00  -5.2316816e-01   1.5840290e-01  -7.4976393e-01  -7.7861542e-01   4.5479416e-01   1.0087110e+00
   2.0000000e+00  -9.3163731e-01   1.7409155e-01   5.5076860e-01  -7.0412915e-01   1.7738117e+00   3.3631754e-01
   2.0000000e+00   5.7702923e-01   5.3756960e-01  -5.8351326e-01  -4.1452339e-01  -4.6450317e-01   1.4996674e-01
   2.0000000e+00  -3.5486043e-01   7.2627904e-01   1.0585951e+00  -2.6077273e+00  -2.8254853e+00  -6.0776643e-01
   2.0000000e+00   4.1491595e-01  -1.3137276e+00  -1.9918799e-01  -1.2151413e+00  -2.5870337e-01   1.2602043e+00
   2.0000000e+00  -1.2127680e+00   2.1902304e+00  -9.1800966e-01  -7.6018707e-01   4.8289385e-01  -6.1576314e-01
   2.0000000e+00  -8.9614225e-01   1.7622718e-01  -9.8261334e-02   1.1905700e+00  -1.4110520e-01  -1.9242113e+00
   2.0000000e+00   1.0096503e+00  -6.5113911e-01  -1.8598433e+00   8.6462384e-02  -1.7173890e+00  -1.3257626e+00
   2.0000000e+00  -7.2827194e-01   4.2778147e-01   8.8148638e-01  -1.6217288e+00  -5.5110499e-01  -1.3163883e-01
   2.0000000e+00   4.0731163e-01  -1.2738226e+00   6.7376283e-01  -5.4978315e-01  -7.0706453e-01   4.9530385e-02
   1.0000000e+00  -3.5835131e-01  -2.9100810e-02  -9.9450872e-01  -3.3002171e+00   7.3363175e-01  -1.1022323e+00
   2.0000000e+00  -1.4925977e+00   1.0259020e-03   8.3466876e-01   6.4528148e-01   1.6523390e+00  -5.9715385e-01
   2.0000000e+00   1.0222645e+00  -9.0383587e-01  -1.5601888e+00  -1.6385092e-02  -2.7560868e+00  -6.7424637e-01
   2.0000000e+00   1.3264306e+00   1.5410603e+00  -4.4271870e-01   4.4907664e-01   2.1421250e-01  -4.4828981e-01
   2.0000000e+00  -5.4496031e-01   8.3088745e-01  -1.5782114e-01  -1.9940770e+00   8.7874564e-01   1.1845108e+00
   1.0000000e+00   3.7304115e-01  -3.3840637e-01   4.1409029e-01  -1.5379822e+00   4.5512064e-01  -1.4722439e+00
   1.0000000e+00  -7.1659445e-01   8.8758582e-01  -9.1019008e-02   1.6591853e+00   1.3325594e-01  -1.7058250e+00
   2.0000000e+00  -7.6589624e-01  -9.6256565e-01   8.7144844e-01   1.9578081e+00   2.6650727e+00  -6.4807856e-01
   1.0000000e+00  -4.0154018e-01  -7.9666494e-01  -4.5429807e-01   7.3509177e-01   4.4557164e-01  -8.6204020e-01
   2.0000000e+00   1.2716738e+00   9.1433350e-01  -1.6649775e+00   9.3071986e-01  -9.6581683e-01   2.7318375e-01
   2.0000000e+00  -6.7288903e-01   1.2389257e+00   1.7090472e-01  -1.5031821e-01  -1.7788299e+00   1.4078928e+00
   2.0000000e+00  -1.0403340e+00   1.1669864e+00   3.9757180e-01   1.3161999e+00  -4.7039692e-01  -5.9427456e-01
   2.0000000e+00   1.6611739e+00   1.0602527e+00   9.2268444e-01  -3.9635697e-01   3.9981517e-01   8.9765748e-01
   2.0000000e+00  -2.3775261e+00   2.0827174e+00  -1.4483081e+00   3.1771221e-02   1.5286428e+00   2.5322916e+00
   1.0000000e+00  -5.5950119e-01  -4.9558631e-01  -2.9174406e-01  -7.1772321e-01   3.5950877e-01  -1.4446394e+00
   2.0000000e+00   3.8022955e-01  -9.8828049e-01   1.3305430e+00  -5.4848545e-01  -5.1114386e-01   6.1674313e-02
   2.0000000e+00   5.1754705e-01   6.9725874e-01  -7.7255451e-01   2.4106215e-02  -3.1911221e-01  -9.1745983e-02
   2.0000000e+00  -3.9486275e-01  -9.0404389e-01   1.5342625e+00  -2.0315932e-01   5.0965651e-01   1.2807774e+00
   2.0000000e+00   6.3320737e-01   1.2632814e+00  -3.7003029e-01  -5.7013305e-01  -4.0543473e-02   1.1765373e+00
   2.0000000e+00   9.9069853e-01   1.3961418e+00  -5.8136710e-01  -6.7026233e-01  -1.6914029e+00  -3.9477067e-01
   1.0000000e+00   6.7260368e-01  -1.2894348e-01   4.0311272e-01  -4.3325989e-01   2.1813559e-01   3.6931502e-02
   2.0000000e+00   3.4776487e-01   4.9277221e-01   1.2111716e+00  -5.0224962e-01  -2.8202417e-01  -1.2991016e-01
   2.0000000e+00  -5.1794887e-01   1.2686310e+00   7.0521418e-01   1.0026558e+00  -1.2696067e-01  -1.6036859e+00
   2.0000000e+00   1.3005781e+00  -1.3844771e+00   1.4142097e-01   1.3382649e+00  -1.3295851e+00   8.1635944e-01
   2.0000000e+00   9.2434694e-01  -1.2833590e+00   5.9154702e-01   7.9780232e-02  -1.6042906e-01  -2.9340707e+00
   2.0000000e+00   3.3619634e-01  -8.1070355e-01  -3.5157284e-02   5.7596099e-01  -5.2625757e-02  -2.7593157e-01
   2.0000000e+00   1.3614322e-01   4.1421051e-01  -8.7463350e-01   4.7470018e-01  -4.1414738e-01   7.2332060e-01
   2.0000000e+00  -2.5735711e-01   9.0657305e-01   2.3584456e-01  -1.1014772e+00   1.4683226e+00  -3.1237904e-01
   2.0000000e+00  -7.4103526e-01  -1.5269516e+00  -1.0908128e+00  -5.6351292e-01   6.0242919e-01  -5.8588689e-01
   2.0000000e+00  -3.2807256e-01   1.5570214e+00   2.1269591e-01  -1.9486730e-01   1.6881391e+00  -6.6656170e-01
   2.0000000e+00  -9.1015996e-02  -1.6655784e+00  -8.2939331e-01  -2.0159367e-01  -1.7628595e+00   5.6945240e-01
   2.0000000e+00   1.2667394e-02   7.2487497e-01   5.3605574e-01   6.6027538e-01  -7.1892206e-01   5.9779867e-01
   2.0000000e+00  -3.4664702e-01  -1.1209767e+00  -1.2399434e+00  -7.2156118e-01   7.3789984e-01   1.5834526e-01
   2.0000000e+00  -1.5994960e+00  -6.0266553e-01  -6.2464378e-01  -1.5424826e+00   1.4900901e+00  -5.6070292e-01
   2.0000000e+00  -1.1088459e+00   1.3632392e+00   9.3607617e-01   1.0305909e+00   3.7452324e-01   1.9506929e-01
   1.0000000e+00  -7.2085798e-01  -7.0919640e-01   2.5817972e-02  -2.8742986e+00   2.8719966e-01  -4.7963452e-01
   2.0000000e+00   9.3407923e-01   1.3262296e+00   1.3863559e+00   3.8912527e-01   2.5020839e-01  -6.3589959e-01
   2.0000000e+00  -1.0802210e+00   1.1684578e+00   3.3725898e-01  -7.2530160e-01  -2.0229819e+00  -1.2378312e+00
   2.0000000e+00  -1.9793984e+00  -2.0409361e+00   5.2123290e-01  -2.1596305e+00  -2.9163553e+00   1.5115092e+00
   2.0000000e+00  -3.6267840e-01  -6.3198073e-01  -6.6019101e-02   1.0613406e-01  -2.8840764e-01   8.8613318e-01
   2.0000000e+00  -2.8103079e-02  -4.9556270e-01  -1.0278205e+00  -2.3694399e-01   1.4553959e+00  -3.4753234e-01
   2.0000000e+00   1.6001233e+00   3.7294266e-01   2.4249949e-01   1.1737853e+00  -3.2503069e-02   1.1782148e+00
   2.0000000e+00   2.0538572e-01   1.8457759e-01   1.4188204e+00   5.0443586e-01  -1.2494630e+00  -1.2709626e+00
   2.0000000e+00   4.4000149e-02  -2.5959409e+00  -1.7041640e+00  -2.1245299e-02   6.1572205e-01  -1.1184911e+00
   2.0000000e+00   1.2257860e+00  -7.8428773e-01  -4.6899580e-01   1.8830352e+00   6.2160810e-01   4.4044776e-02
   2.0000000e+00   5.7254726e-01  -3.3161849e-01   2.7729010e-01  -8.3819598e-01   9.6977326e-01  -1.8584506e+00
   2.0000000e+00   1.1160109e+00  -7.1671945e-01   7.1663864e-01   1.5787020e+00   2.9208045e-01   2.7864311e+00
   2.0000000e+00  -1.2226888e+00  -9.9292276e-02  -9.4522238e-02   4.3069509e-02  -2.0640121e+00   1.9229471e-01
   2.0000000e+00   8.4952427e-01  -1.8348382e-01  -1.0726246e+00  -1.2980070e+00  -1.8340424e-01   2.2960977e-01
   2.0000000e+00  -2.4135256e+00  -1.5557053e-01   1.4331253e+00  -1.0712054e-01  -5.8882487e-01  -1.2929485e+00
   2.0000000e+00  -5.2135372e-01   1.0481063e+00   2.0456046e-01  -7.3079065e-01   4.7038976e-01  -2.5895164e-01
   2.0000000e+00  -6.5146244e-01  -4.7043833e-01   3.2438248e-01  -3.2599231e-01  -2.3865080e-01  -1.5057172e+00
   2.0000000e+00  -1.7906974e+00  -3.7107736e-01  -7.6837976e-02  -5.8340129e-01   1.9142125e-01   2.0171041e+00
   2.0000000e+00  -7.4860622e-02   2.2687045e-01   2.2938852e-01  -8.0132126e-01   1.1709803e+00  -7.2513817e-01
   2.0000000e+00   1.8158691e-01   1.5872793e+00   1.7655369e+00  -1.0921005e+00  -2.2074412e-01   7.4907842e-01
   2.0000000e+00  -3.9192710e-01  -4.4723022e-01  -1.8451628e+00   3.8649732e-01  -8.0990022e-01  -1.0563827e-01
   2.0000000e+00  -2.2560946e-01   9.1024116e-01  -9.0018934e-01   2.7033954e-01  -3.3020845e-01   7.6545111e-01
   2.0000000e+00   6.4160907e-01   1.5348155e+00  -3.3163524e-02  -2.4305313e-01   1.3002666e+00  -1.6157694e+00
   2.0000000e+00   2.5083810e-01   1.1043892e+00  -8.6669016e-01  -4.0998605e-01   3.7631682e-01  -5.2455147e-01
   2.0000000e+00   1.1782111e+00   1.0024761e+00  -1.6095043e+00  -4.2689417e-01  -2.2388691e-01  -1.1856581e+00
   2.0000000e+00  -1.6965501e+00   1.8025706e+00   1.9261078e-03   5.8435371e-02  -6.4103716e-01  -9.9161293e-01
   2.0000000e+00  -4.7860309e-02   1.2343946e+00   8.4638520e-01  -7.9082033e-01  -3.5566738e-02  -9.6068412e-01
   2.0000000e+00  -9.3822424e-01  -4.9001578e-01   3.9949365e-01   1.7121927e+00  -7.9346618e-01   8.7497813e-01
   2.0000000e+00   1.3532134e-01  -1.8294108e-01  -3.2923030e-01  -1.8852411e+00  -1.7684320e+00  -7.1016007e-01
   2.0000000e+00   7.9362619e-02   1.1340177e+00  -7.9738562e-01  -1.5390711e-01  -2.6309979e-01   1.0931240e+00
   2.0000000e+00   7.3237041e-01  -4.4345248e-01  -5.6477716e-01  -7.9194728e-01   1.0179222e+00   5.5068949e-01
   2.0000000e+00  -8.0701251e-01  -6.5213464e-02  -3.4485636e-01   7.8998530e-01  -8.4006813e-02  -6.4281586e-02
   2.0000000e+00  -1.2300994e+00  -1.1962309e+00   2.0767567e+00   6.1483508e-01  -2.4362820e-01   8.8759569e-01
   2.0000000e+00  -2.9733566e-01  -1.3056745e+00   1.1080025e+00   6.0251377e-01   2.4380766e-01   2.7973676e-01
   1.0000000e+00  -4.3339155e-01   2.7027377e-01   4.5352119e-01  -6.2680778e-01   1.8654377e-01   2.5903099e-01
   2.0000000e+00  -9.0213219e-01  -1.6332540e+00   3.4511969e-01  -4.1508587e-01   9.6042562e-02   4.3461099e-01
   2.0000000e+00  -2.5135715e-01   7.6784889e-01   1.9368785e+00   6.0751233e-01  -4.6243451e-01   8.7542924e-01
   2.0000000e+00   6.0139448e-01   8.2648865e-01  -4.1358368e-01   1.2890903e+00  -1.5684668e+00   2.7300713e+00
   1.0000000e+00  -3.1196971e-01   4.8455084e-01   1.8024540e-02   2.3012937e-02   4.7955146e-01  -1.4282105e+00
   2.0000000e+00  -2.7982604e-01  -6.8715744e-01   1.8892933e+00   8.1988548e-01  -6.0822895e-01   6.8162493e-01
   2.0000000e+00  -6.2709546e-01   1.8565469e+00  -9.5975773e-01  -3.2612109e-01   7.4972118e-01  -1.6924774e-01
   2.0000000e+00   8.8893624e-02  -2.4611057e-01  -9.5728837e-02  -1.1713160e+00  -7.6952496e-01   6.8330218e-01
   2.0000000e+00  -7.6972377e-01   1.5430853e-01   9.1191274e-01   8.1390609e-01   2.1582493e+00  -6.3224505e-01
   2.0000000e+00  -9.7828826e-01   1.0794864e+00   1.7730428e-01  -4.4440107e-01   1.1248617e-01  -9.6851937e-01
   1.0000000e+00  -5.3298681e-01   4.2664435e-01   6.0218449e-01   5.8123187e-01   8.1793780e-01  -1.2112849e+00
   2.0000000e+00  -2.0928252e+00  -1.5579904e+00   2.8062404e-01  -6.7301448e-01   4.6936448e-02  -1.0253452e-01
   2.0000000e+00  -1.5235696e+00   6.0334378e-01  -9.1521292e-01  -7.7989843e-01   8.1671830e-01   6.6210366e-01
   1.0000000e+00   3.0436722e-01  -2.6551891e-01   5.4090012e-01   1.9873991e+00   2.1185517e-01  -7.1367767e-01
   2.0000000e+00   9.2101507e-01  -1.7557308e+00   3.1431819e-01   2.9027149e-01   7.5535493e-01   3.9755007e-01
   2.0000000e+00   2.2494946e-01  -4.0322435e-01   1.2900186e-01  -6.2843204e-01   9.8890245e-01   1.5505788e+00
   2.0000000e+00  -5.5595840e-01  -7.5373801e-01  -6.1891063e-01   9.5346971e-01  -1.5108739e+00   1.6604089e+00
   2.0000000e+00  -3.5135290e-01  -6.2111894e-01   1.1230541e-01   6.8681880e-01  -4.2628029e-01   1.4292563e+00
   2.0000000e+00   7.1897811e-02  -1.4500172e+00   4.9918602e-01   1.2805447e+00  -1.1826724e+00   5.3848254e-02
   2.0000000e+00   1.2381229e+00   7.1874700e-01  -1.3728927e+00  -1.1492604e+00  -1.4304917e+00  -3.7747128e-01
   1.0000000e+00   1.7509403e+00   5.9442284e-01  -6.3462534e-01   8.5722713e-01   2.0092795e-01   8.9870518e-01
   2.0000000e+00  -1.5209994e+00  -1.5701104e+00  -5.1537222e-01  -2.2018121e+00   1.4706945e+00   7.0086460e-01
   2.0000000e+00   7.6163535e-01  -2.9752610e-03   1.2922071e+00  -1.7983251e+00  -1.1828987e+00   7.1120510e-01
   2.0000000e+00  -1.2010387e-01  -2.0985278e-01  -1.2766426e+00  -1.0226381e+00  -2.8545713e-01  -2.4728868e-01
   2.0000000e+00  -6.1659450e-02  -6.0913373e-01  -3.5778037e-01   9.7453877e-01   1.4928902e+00  -6.7215829e-01
   2.0000000e+00  -4.5559120e-03   4.4012620e-01  -3.6750693e-01  -1.2179538e-01  -1.4034573e+00   3.1064101e-01
   1.0000000e+00  -7.7115041e-01  -3.1415208e-01  -9.8398323e-01  -2.3992977e+00   3.3613756e-01   1.1473854e-01
   2.0000000e+00  -8.9978477e-01  -1.3480911e-02  -1.2234869e-01   2.3694596e+00  -3.5483778e-01   1.2120078e-01
   1.0000000e+00   1.1047706e+00   8.5499956e-02  -1.3910292e+00   9.2301578e-01   8.9650944e-01   1.0930056e+00
   2.0000000e+00   2.2542157e-01  -4.6098008e-01   3.7284552e-01   1.2816470e-01   1.8264118e+00   7.1253957e-01
   2.0000000e+00  -1.0490892e+00   2.2859561e+00   3.8846354e-01   7.9321487e-01  -1.9356671e+00   1.0109022e+00
   2.0000000e+00  -4.9184043e-01  -2.5316699e-01  -6.6131844e-01  -2.3715767e+00  -1.1976641e+00  -5.5341332e-01
   2.0000000e+00  -7.3330256e-01  -3.3113436e-01   4.4294908e-01   1.6586042e+00  -1.6497544e+00   1.0842055e+00
   2.0000000e+00  -1.2290896e+00  -1.0214034e+00   1.8569698e-01  -2.7702035e-01  -3.7329261e-01   2.1182066e+00
   2.0000000e+00   1.3593331e+00  -1.9070179e-01   4.6984650e-01  -2.5856427e-01  -1.1330421e+00  -1.4455016e+00
   2.0000000e+00  -4.3177752e-01   2.0556735e+00  -5.5849320e-01   2.8992770e-01  -8.2143150e-01   1.1170618e+00
   2.0000000e+00  -1.4578358e-01   1.4694268e+00   1.4493134e+00  -1.0650236e+00   1.2359895e+00  -3.8443350e-01
   2.0000000e+00  -1.8550017e+00   3.8437257e-01  -4.6990339e-01   5.6359367e-01  -6.4225432e-01  -2.4941827e+00
   2.0000000e+00   2.6876137e+00   3.9861653e-01   6.7928379e-01  -1.2227965e+00  -4.6603485e-01  -4.0116413e-01
   2.0000000e+00   3.8815028e-01  -1.6796349e+00   3.5573143e-01  -8.5706379e-01  -1.6716486e-01  -3.7537097e-01
   2.0000000e+00  -1.5324706e-01  -6.0350952e-01  -1.4796478e+00   5.0338229e-01   1.1308516e+00  -8.2318891e-01
   1.0000000e+00  -5.7069399e-01   4.7271955e-01   1.1146317e+00   1.2631493e+00   6.4243485e-01  -5.1274378e-02
   2.0000000e+00  -2.9542894e-02  -1.1402054e+00  -1.6133405e+00   2.6246726e-01   1.0818657e+00   1.8388528e+00
   1.0000000e+00  -1.3278153e+00  -7.1624430e-02  -1.3805632e+00   4.5573143e-01   1.3218628e-01  -1.6924701e+00
   1.0000000e+00  -7.5715080e-01   6.1583343e-01  -3.6248604e-01  -3.8887352e-01   3.9259268e-01  -1.2448347e+00
   2.0000000e+00   6.6855955e-01   1.9691235e+00   1.7225013e+00   9.5438745e-01  -9.0993699e-01   4.1373912e-01
   2.0000000e+00   1.1460689e+00  -1.4787367e+00   1.4798971e+00   9.5700693e-02  -2.8706118e-01   5.1063727e-01
   2.0000000e+00  -1.1244775e+00  -5.9381176e-01   7.6212679e-02   3.7589951e-01   8.3531399e-01  -7.2701330e-01
   1.0000000e+00  -1.3207063e+00   6.2559232e-01   7.2808205e-01  -1.0557673e+00   6.2793722e-01   1.3336543e+00
   2.0000000e+00   2.4610884e+00  -4.7673670e-01  -8.3660796e-01   3.4110876e-01   9.0448981e-01   2.4570258e+00
   2.0000000e+00  -3.7165974e-01   5.7862858e-01  -1.1957929e+00   4.3861431e-01  -6.1867405e-02  -1.9404170e+00
   2.0000000e+00  -1.3888559e+00  -7.7808672e-01   1.3655801e+00  -2.1970488e+00   8.5165453e-01  -4.7921404e-01
   2.0000000e+00   5.1177278e-01   3.4175534e-01  -3.8342769e-01   7.1481219e-01   2.1785477e+00   7.7026682e-02
   2.0000000e+00   2.7200618e-02  -3.1015191e-01   6.6298714e-01  -1.2990719e+00  -4.7863920e-01  -3.4821597e-01
   2.0000000e+00   4.6126888e-01  -9.5216962e-01   1.5603499e+00  -5.3070653e-01  -3.2717361e-01   1.7386725e+00
   2.0000000e+00   7.0979116e-01   2.3500978e-01  -3.9465171e-01  -9.5021543e-01  -6.3918217e-01  -7.7173698e-01
   2.0000000e+00  -9.8963164e-01   3.5367616e-02  -2.1630650e+00   5.9877590e-01  -2.1910218e-01   8.1891527e-01
   2.0000000e+00   2.6914094e-01  -2.3509720e+00   2.0967908e-01  -9.0918655e-02   3.2655104e-01  -1.2419174e+00
   1.0000000e+00  -5.4483995e-01   3.1890069e-05  -6.9036754e-01  -3.0732351e-01   8.1168237e-01   4.7074894e-01
   1.0000000e+00   1.4755065e-01  -2.2645880e-01   1.2161279e-01   2.0337224e-01   3.5174277e-01  -7.7495990e-01
   2.0000000e+00   1.2340777e+00  -1.4819844e+00   9.8360296e-01   2.8396203e-01  -3.7671173e-02   4.9722073e-01
   2.0000000e+00  -1.0916605e+00  -5.6793176e-02   4.1129819e-01  -1.0155150e-01  -1.2738512e+00   1.4892041e-01
   2.0000000e+00  -3.2781116e-01   1.3266900e+00  -7.2901616e-01  -1.8119664e+00  -3.2344687e-01   8.9948642e-01
   2.0000000e+00  -8.6597766e-01   9.7776418e-01   5.3756058e-01  -1.3058946e+00  -1.1741573e+00   1.4001670e+00
   2.0000000e+00  -2.6040741e-01  -1.1547009e+00   2.3209775e-01   7.5873877e-01   1.6488775e+00   2.5539682e-01
   2.0000000e+00   2.4241847e-01   1.0926315e+00   9.9790121e-01  -1.3386937e+00   3.3247290e-02  -1.7252098e+00
   2.0000000e+00   1.8234454e+00  -4.5724632e-01   5.0825177e-01  -5.8248209e-01  -7.0677149e-01  -3.9477448e-01
   2.0000000e+00  -1.3618716e+00   1.6772421e-02   5.1563501e-01  -2.1293728e-01  -1.2029179e+00  -1.3249131e+00
   1.0000000e+00  -1.1121963e-01  -1.4812035e-01   5.2497784e-01  -5.0050303e-01   8.5793030e-01   1.3868506e+00
   2.0000000e+00  -1.7961576e-01   5.5923394e-01  -8.1884896e-02   8.7536046e-01   1.5097368e+00  -6.4365132e-01
   1.0000000e+00   1.1840836e+00  -3.7131220e-01   6.3711008e-01  -1.0882845e+00   8.6930830e-01   1.3934386e+00
   2.0000000e+00   8.4046022e-01  -4.1727031e-01  -2.4530428e-01   2.4877037e-01  -1.5277212e+00  -3.2237596e-01
   2.0000000e+00   5.0349574e-01  -1.1296641e+00   4.8672122e-01   1.7335390e-01  -4.9765998e-01  -1.4802615e+00
   2.0000000e+00   2.2039748e+00   1.0540683e-01  -1.8781084e+00   5.6394852e-01  -1.4372452e+00  -7.1415997e-01
   2.0000000e+00   2.8286206e-03  -4.2296190e-01   3.2335586e-01  -2.1101837e-01  -8.8399410e-01   4.7331020e-01
   2.0000000e+00   7.5979126e-02  -1.0295843e+00   1.5570584e+00  -1.9512371e+00   4.8902563e-01   3.0901554e-01
   2.0000000e+00  -4.3469267e-01   1.5366159e+00  -7.6620227e-01   1.2870241e-01  -6.2852269e-01   1.3717448e-01
   1.0000000e+00  -9.7348626e-01  -4.8050225e-01  -2.3842974e-01  -1.1432487e-01   4.9285262e-01  -4.9037221e-01
   1.0000000e+00  -1.9152318e-01   4.6318809e-01   2.7539565e-01   5.5297936e-01   2.3580237e-01   1.6953825e-01
   2.0000000e+00   1.4218398e+00   1.9457373e+00   1.0069097e+00  -1.7427533e+00  -9.4515809e-01  -1.8052195e+00
   2.0000000e+00   1.2990456e+00   1.4028889e+00  -1.7576272e+00  -4.8183225e-01   1.7556217e+00  -2.0512304e+00
   1.0000000e+00  -1.2393022e+00  -1.9424067e-01  -6.8066443e-01  -1.9606203e+00   4.5010875e-01   1.9723792e-01
   2.0000000e+00   8.8358585e-01   1.5998051e+00  -5.1124510e-01   6.5297551e-01  -1.3913777e+00  -2.0649596e+00
   1.0000000e+00   5.5399918e-01  -3.8689158e-01   7.8295324e-01  -1.5252983e+00   2.3730781e-01  -8.9157574e-01
   2.0000000e+00   2.8096852e-01  -2.7835976e-01   7.6424213e-01  -7.2922719e-01  -7.6538652e-01   2.5183606e-01
   2.0000000e+00  -7.8503612e-01   1.7213313e+00   4.1702541e-01  -3.6691648e-01   2.6218691e+00  -1.5871394e-01
   2.0000000e+00  -1.4561085e+00  -5.7703300e-01  -8.3280529e-01   2.9274403e-01   1.3895692e+00   5.7090896e-01
   2.0000000e+00   8.6123353e-02   4.0755814e-01   4.8351735e-02  -2.4155400e-01   1.2462142e+00  -5.1947817e-01
   2.0000000e+00  -8.1064658e-01   4.6490067e-01  -1.5565011e+00  -4.0118103e-01  -6.8306972e-01  -8.5037423e-01
   2.0000000e+00  -6.3795946e-01  -5.6615177e-01  -1.9129710e+00   2.4373594e+00   1.4215695e+00  -4.5936545e-01
   2.0000000e+00   2.9614769e-02  -8.2861652e-01  -1.1180885e+00   1.0395998e+00  -1.1618206e+00   6.3275377e-01
   2.0000000e+00  -1.0215182e-01  -1.3826342e+00   5.8237764e-01  -1.6527482e+00   3.8554455e-01   1.2912180e+00
   2.0000000e+00   3.2088237e-01   1.0349717e+00  -5.1217967e-02   2.2992030e-01   1.6288578e+00  -2.0001274e-01
   2.0000000e+00   8.8143988e-01  -5.3580017e-01   3.9561366e-02  -6.1792044e-01  -1.7864280e+00   1.6808436e-01
   1.0000000e+00  -8.1744399e-01   3.1041278e-01   1.8335364e-01   1.0507310e+00   5.2938007e-01   1.2865356e+00
   2.0000000e+00   5.1957849e-01   4.0942702e-01  -9.2254057e-01  -6.5286925e-01  -1.1769405e+00   8.4886165e-01
   2.0000000e+00   8.6593923e-01  -1.4592647e-01   7.5547301e-01  -6.2439511e-01   1.4322497e+00  -3.0368207e+00
   2.0000000e+00  -3.6371229e-01   1.1198096e+00  -2.9521177e-01  -3.3586143e-02   6.9699057e-01   7.4795396e-01
   2.0000000e+00  -1.7000449e-02  -2.3871800e+00   1.6396832e+00  -6.7816778e-01   6.7304970e-01  -5.0260024e-01
   2.0000000e+00  -6.7370751e-01  -6.1300745e-01  -2.3974331e-01  -2.4276773e-01  -9.1878822e-01  -1.0970626e+00
   2.0000000e+00  -7.2695603e-01  -1.8366911e+00  -8.6099287e-01  -1.7602461e+00   4.3436575e-02  -1.8557914e+00
   2.0000000e+00   7.2246346e-01  -1.4900349e+00  -1.3702346e+00   1.5016913e+00  -4.2713939e-01   2.6650114e-01
   1.0000000e+00  -2.7115593e+00  -2.3654236e-01   5.7338093e-01   2.6223299e-01   1.0058075e-01  -4.3587740e-01
   2.0000000e+00   1.6307726e+00   1.4814137e+00   8.8194290e-01  -2.2902286e-01   8.4465560e-02  -2.7303643e-01
   1.0000000e+00   1.2439943e+00   8.4306054e-01   1.2273500e+00   6.7711095e-01   3.4264885e-01   8.1444781e-01
   2.0000000e+00   1.9220076e-01   4.9296594e-01   1.8831078e+00  -1.5072724e-01   1.0125908e+00   6.2034226e-01
   2.0000000e+00  -3.6475981e-01   7.8683089e-02  -7.7581257e-01   8.6165927e-02  -2.3050167e+00  -3.5618635e-01
   1.0000000e+00   3.3516036e-01   5.2503858e-02  -6.2910266e-01   6.2834903e-01   8.4979523e-02  -6.5592615e-01
   2.0000000e+00   7.6949741e-01   1.0184810e+00  -4.5588658e-01  -2.6238640e-01  -8.6182096e-01   1.3377098e-01
   1.0000000e+00  -2.8134013e-02  -5.7152236e-01   2.4045601e-01   8.6107234e-02   3.6662330e-01   1.0808614e-01
   2.0000000e+00   2.9016036e-01  -4.9991274e-01   1.1492322e+00  -3.9007375e-01  -4.3302445e-01   6.7555781e-01
   1.0000000e+00  -2.0844007e-01   2.6097842e-01  -1.5997934e+00   5.4509707e-01   4.4748433e-01   1.9411989e-01
   2.0000000e+00   2.3927775e-01  -5.8459430e-01   4.6234049e-01  -2.0229421e+00  -3.7138123e-01  -6.4923607e-01
   2.0000000e+00  -1.1127071e+00   7.7293195e-01  -7.1370575e-01  -1.3777000e+00   7.2241217e-01   1.4530263e-01
   2.0000000e+00  -1.5603198e+00  -6.2436183e-01   1.1756794e-01  -3.0757664e-01  -1.0941275e+00   1.0578010e+00
   2.0000000e+00  -1.4490123e+00  -5.6759872e-01  -2.4723948e-01  -1.0663953e-01   1.5427570e+00  -1.2019255e+00
   1.0000000e+00   1.5920075e+00   4.4199090e-01  -5.0943359e-01   8.8144350e-01   7.1994946e-01   1.0628348e+00
   2.0000000e+00   2.1141890e+00  -1.3258907e+00  -1.1525953e+00   1.0183442e+00  -1.4454530e+00   1.5113122e+00
   2.0000000e+00  -4.6581512e-01   1.5024345e+00  -9.4878560e-01  -8.0475374e-01   1.3737096e+00   9.7399720e-01
   2.0000000e+00   2.1625048e+00  -1.8883956e+00  -2.4160497e-01   8.8746334e-01  -1.8336232e-01  -2.4455174e+00
   2.0000000e+00   6.1633697e-01   1.4465026e-01   8.3792861e-02   2.3038088e-01  -1.1940400e+00  -1.1671434e+00
   2.0000000e+00  -3.2807115e-01   1.4079571e+00  -2.1893617e-01  -4.9192952e-01   4.1120054e-01   1.3096634e+00
   2.0000000e+00  -1.7943486e-01  -4.8684868e-01  -5.9031119e-01  -7.8221560e-01  -1.0187447e+00  -2.8269746e-01
   2.0000000e+00  -5.5989047e-01  -1.0766592e+00  -1.5048505e+00   1.2462767e-01  -1.2352427e+00   2.0040818e+00
   2.0000000e+00   2.3821645e-01   2.5319233e-01  -9.1213371e-01  -9.5710117e-01   3.6919830e-01  -2.1836818e+00
   2.0000000e+00   2.7620177e-01   1.9630158e+00  -3.2123206e-01  -2.4847144e+00   4.3665178e-01   9.5162179e-01
   2.0000000e+00   2.8467028e-01   2.0007005e+00  -2.0293681e+00   1.5231555e+00  -2.5627988e-01  -6.7870323e-02
   2.0000000e+00   4.2999496e-02   4.3418298e-02   5.2143380e-01   1.7435835e+00   1.4832330e+00  -8.0684488e-01
   2.0000000e+00  -3.9015724e-01  -6.1193306e-01   7.2381011e-01   5.2189922e-01  -5.3839190e-01  -1.2565235e+00
   2.0000000e+00  -1.3916279e+00  -7.9626690e-01   4.0029438e-01  -9.7283441e-01  -1.5583627e+00   8.0337573e-01
   2.0000000e+00   5.7514475e-01  -1.1359588e-01   1.0769148e+00   1.8378201e+00   1.2068517e+00   1.0830987e-01
   2.0000000e+00   2.3544534e-01   2.6466141e-01   2.1389161e-01   2.0153551e-01  -1.0693974e+00  -1.1381333e+00
   2.0000000e+00   1.5354281e+00  -1.2999878e+00  -3.0834998e-01   7.0509128e-01  -5.4397072e-01  -1.2551609e+00
   1.0000000e+00  -2.9841720e-01  -7.0956245e-01  -1.6435723e+00   1.2991129e+00   1.8995418e-01   6.8187150e-01
   2.0000000e+00  -1.6726387e+00  -6.2714250e-01   1.4049577e+00   3.1110677e-01  -1.6523749e+00   1.5662330e+00
   2.0000000e+00  -2.2112090e-02  -2.1847677e-01  -7.2986863e-01  -1.6293382e+00   1.4708354e+00  -1.1029631e-01
   2.0000000e+00  -9.1557180e-01  -4.9322214e-01   4.4611637e-01  -8.3451875e-01  -2.2384748e-01  -1.5763513e-01
   2.0000000e+00   2.0739267e+00   8.0833508e-01  -7.3704088e-01  -2.6593546e-02  -9.2467341e-01   1.4251821e+00
   2.0000000e+00   1.2277749e+00   1.1364216e-01   1.8674414e-01  -8.6941870e-01  -8.4468058e-02  -2.3900733e+00
   2.0000000e+00   1.0514955e+00  -3.7757405e-01  -4.9846822e-01   1.7758691e+00  -1.3328242e+00   3.0355853e-01
   2.0000000e+00  -1.0710832e+00  -8.5909932e-01  -9.0892018e-01  -9.9761390e-01  -4.3002042e-01  -8.5929936e-01
   2.0000000e+00   1.9820301e+00  -2.5171138e-01  -2.2966658e-01   8.4520689e-01   1.1978585e+00   4.2064107e-01
   1.0000000e+00  -1.3833717e+00   5.0335661e-01   7.1831922e-01  -1.7270436e+00   3.0706430e-01  -1.1956819e+00
   2.0000000e+00   1.2921730e+00  -2.4178113e+00  -2.1924225e-01  -2.1837040e+00  -6.9174732e-01   1.7802633e+00
   2.0000000e+00  -5.6567253e-01   7.7250978e-01  -1.0663436e+00   7.0560101e-01  -9.3642974e-01   1.1124407e-01
   2.0000000e+00  -6.8280874e-01  -1.3305167e+00   8.4977228e-01  -7.7996141e-01   4.7797439e-01   1.0473201e-02
   2.0000000e+00  -2.9190491e+00   1.7214711e+00  -8.1346429e-02   8.1974357e-01  -7.0085592e-01   3.1466809e-01
   2.0000000e+00  -7.6385434e-01  -2.2514019e-01   5.1869069e-01  -2.0847893e+00  -1.2384362e+00   2.0608470e-01
   2.0000000e+00  -4.0682768e-01   6.7917321e-01   1.7729211e+00   4.2037389e-01  -1.0850730e-01  -6.5134232e-01
   2.0000000e+00  -1.9183425e-01   7.9862692e-01  -1.1051909e-01  -2.0401324e+00   2.2046040e+00   8.2872156e-01
   1.0000000e+00  -5.5406878e-01  -1.0964349e-01  -1.5613786e+00  -3.5372214e-01   5.3821950e-01   3.1822535e-01
   2.0000000e+00   7.8872988e-01  -2.1950482e-01   6.8983157e-01  -2.0088378e+00  -1.2744394e+00  -6.4772684e-01
   2.0000000e+00  -1.0057533e+00   8.6960375e-02   5.2251754e-01   2.5745868e+00   1.4868932e+00   8.7972245e-01
   2.0000000e+00  -4.2324888e-01   1.5154498e+00  -1.5236711e+00  -3.8284966e-01   1.0594928e+00   9.1070670e-01
   2.0000000e+00   1.3794665e-01  -9.1708265e-01   1.2813255e-01  -7.8325325e-01   5.2489224e-01  -5.2872427e-01
   2.0000000e+00   1.3819593e+00   1.7146344e-01   2.6419412e-02   2.0777218e+00  -1.1788781e+00  -1.4120200e+00
   2.0000000e+00   3.2291934e-01   3.0419623e-01  -7.6813389e-01  -3.2016813e-01  -6.2757168e-01  -9.5054396e-01
   2.0000000e+00   5.4644963e-01   1.7325910e-01   6.5635991e-01   4.6647102e-01  -6.5056593e-02  -3.9993970e-01
   2.0000000e+00   5.1870506e-01  -8.2064250e-01  -1.5201595e-01  -2.4684778e-01   1.3107299e+00  -9.0249683e-01
   2.0000000e+00  -3.1521838e-01  -4.5906555e-01   1.1572832e+00   1.1547242e+00  -1.7790478e-01   9.9174773e-02
   2.0000000e+00  -1.4729849e+00  -1.4942347e+00  -8.4627517e-01   1.9196723e-01   8.3102638e-01   4.5345246e-01
   2.0000000e+00   5.7915458e-01  -1.2421639e+00   1.6883526e+00   9.2343901e-01  -1.8394296e-01   7.3517415e-01
   2.0000000e+00   9.2329611e-01   4.4524847e-01   1.6304998e+00   9.8468415e-01  -1.1564280e+00  -1.4643329e+00
   2.0000000e+00  -3.4288007e-01  -1.5313785e+00  -2.0325713e+00  -1.1434267e+00  -3.8213832e-01  -1.1488823e+00
   2.0000000e+00   3.4077173e-01   1.5361402e+00  -1.1503140e+00  -6.9309941e-01   1.6489875e+00  -1.1249404e+00
   2.0000000e+00  -5.4839763e-01  -1.1924500e+00  -9.8768753e-01  -1.1415605e+00   1.1347892e-01   7.4663903e-01
   2.0000000e+00  -1.5041977e+00  -1.7069714e+00   4.7326856e-01  -6.0872337e-02   2.4411671e-01  -8.0474172e-01
   2.0000000e+00   9.0416026e-01   2.1705566e-02   1.4550556e+00  -9.5020618e-01  -9.4573892e-01  -1.0210823e+00
   2.0000000e+00  -5.3635879e-01  -9.2131361e-01   6.2348359e-01  -1.3679761e+00  -1.6534027e-01  -1.0252058e+00
   2.0000000e+00  -1.0168419e+00  -3.3710805e-01   1.6667063e-01  -1.0278162e-01  -3.7938343e-01  -1.2758480e+00
   2.0000000e+00  -2.5664518e-01  -7.6168981e-01  -2.2419139e+00   1.5957077e+00  -3.9938586e-01   1.3452558e+00
   2.0000000e+00  -1.1026574e+00  -2.2304331e+00  -1.0369915e+00   5.7666874e-01   6.5989635e-01   9.9013582e-01
   2.0000000e+00   1.1626261e-01  -2.1101338e+00   1.7540497e+00  -6.5557449e-01   4.0688542e-01  -8.7494690e-01
   1.0000000e+00   4.9193211e-01   5.7651329e-01  -7.3017130e-01  -8.3437253e-01   1.9097901e-01  -8.7162060e-01
   2.0000000e+00  -8.1758154e-01   8.4055755e-01  -1.1615172e+00   1.3155406e+00  -1.1693157e+00   1.6210759e-01
   1.0000000e+00   1.3663376e+00  -1.6797328e-02   2.1698908e-01  -5.8174837e-01   4.9745099e-01  -8.3088598e-01
   2.0000000e+00  -9.3293749e-01   3.8808812e-01  -1.1415864e+00   4.2456723e-01  -5.8558199e-01   1.3472676e+00
   2.0000000e+00  -2.8409418e-01   9.3301201e-02  -2.9645037e-02  -5.1661967e-01  -1.5662280e-02  -1.5283198e+00
   2.0000000e+00  -1.0319885e+00   1.3300795e+00  -8.1443783e-02  -2.1964954e-01  -8.6615939e-01  -3.3546717e+00
   2.0000000e+00   8.7242442e-01   1.3917191e+00  -3.1844004e-01  -1.1392539e-01   9.2167503e-01  -1.6924898e+00
   2.0000000e+00   1.4473018e-01   2.8843070e-02  -7.2237584e-01   3.1028512e-01  -7.1281130e-01   4.2116534e-01
   2.0000000e+00  -9.0335084e-02  -2.5458449e-01   8.6507709e-02  -1.8161304e+00  -2.0622151e+00   1.3399200e+00
   2.0000000e+00  -8.1679744e-01   1.4204914e+00   5.4895954e-01  -6.0505877e-01  -2.4914869e+00  -3.3286178e-01
   2.0000000e+00  -8.6680709e-01  -1.8880056e+00  -3.7807553e-01   9.0617671e-01   2.8571299e-01   4.2026748e-01
   1.0000000e+00   3.7579420e-01   1.0081804e-01   4.4262460e-02   2.7582345e-01   1.3433403e-01   1.0424148e+00
   2.0000000e+00   8.0452256e-01  -2.8597081e-01   7.5147281e-01   4.4891896e-01  -1.3706979e+00   1.6034553e-01
   2.0000000e+00  -1.1784749e+00  -1.5442301e+00   1.3668629e-01  -1.5958457e-01  -4.7695621e-01  -9.4559115e-02
   2.0000000e+00   1.0843238e+00   6.8036996e-01  -2.0428003e-01  -6.3030029e-01  -4.7143992e-01   2.5215410e-01
   2.0000000e+00  -1.2428415e+00   4.2784622e-01   1.0149843e+00  -6.0969389e-01   9.6066081e-01   6.9268894e-01
   1.0000000e+00   4.1447670e-01  -1.8815324e-01   1.8636214e-01   5.8973121e-01   6.8221466e-01  -3.4178666e-01
   2.0000000e+00   1.1506614e+00  -6.4916494e-01  -3.7793957e-02   1.5248388e+00  -1.2319918e+00   7.4372655e-01
   2.0000000e+00  -1.3136615e+00   6.0247805e-01   8.0610010e-01   1.7032810e-01  -1.6794624e+00  -3.5807741e-01
   1.0000000e+00   1.4020510e+00  -4.8245512e-01   2.2492398e-01   3.6616859e-01   1.3228949e-01  -2.4972826e-01
   1.0000000e+00  -7.1585408e-01   2.3497815e-01  -6.3055095e-01  -5.9973771e-01   6.0259124e-01  -1.1800868e+00
   2.0000000e+00   1.3088779e+00  -1.3002302e+00  -3.7566236e-01   4.0787822e-01   2.3895018e-01  -5.3301647e-01
   1.0000000e+00   1.4359188e+00   1.1952434e-01  -3.7756864e-01   1.2922746e+00   4.1435373e-01  -1.4036333e+00
   2.0000000e+00  -1.4986669e+00   9.5489356e-01   1.3615904e+00  -7.7214872e-01  -1.4477407e-01   3.0595640e-01
   1.0000000e+00  -5.7215259e-01  -2.0885032e-01  -2.2889848e+00   1.1248441e+00   8.0691134e-01   1.2265302e-01
   2.0000000e+00  -8.2139132e-01   7.0845908e-02   7.6539771e-01   1.9435661e-02  -5.0410084e-01  -9.7335506e-02
   2.0000000e+00   8.0657378e-01   2.3962236e-01   7.1043787e-01   3.7002048e-01  -3.8089049e-01  -1.1013801e+00
   2.0000000e+00  -3.7565434e-01   1.0957290e+00   2.3172680e-01   7.8420477e-01  -1.0170510e+00   3.5465023e-01
   2.0000000e+00   4.5993470e-01  -8.7321772e-01  -1.0116631e+00  -7.6643174e-02   1.5049038e+00   9.9371233e-01
   1.0000000e+00  -1.4143568e-01   1.5734021e-01  -4.2186510e-01  -7.3921288e-01   8.4057952e-01  -1.6466846e+00
   2.0000000e+00   6.8168303e-01  -8.3908010e-02   4.8417247e-01  -7.1092170e-01  -1.4158646e-01   1.0896862e+00
   2.0000000e+00  -1.1720425e+00  -1.5311865e-01  -1.2497021e-01  -1.2527366e-01  -7.4908024e-01   6.5255862e-01
   2.0000000e+00   5.0379046e-01   2.2610815e+00   1.1929010e+00  -2.6739303e-01   7.4948616e-01  -4.9869901e-01
   2.0000000e+00   3.5139408e-01  -3.8150406e-01   1.9686291e+00  -1.2300414e+00   1.5015000e+00  -3.1651304e-01
   1.0000000e+00  -2.6314219e-02  -5.9780882e-01  -6.3945769e-02   1.2136489e+00   2.4472454e-01   6.3577162e-01
   2.0000000e+00   8.7531010e-01   6.7498271e-01  -8.8198548e-01  -2.8688045e-01  -4.4775523e-01  -9.1198433e-01
   2.0000000e+00   2.2484428e+00  -3.3240136e-01   7.5784658e-01  -2.6292759e-01  -1.0115298e+00   8.2173020e-01
   2.0000000e+00   3.6058144e-01   8.0172920e-01   1.9091438e+00   5.0167549e-03  -7.6619943e-01  -6.1834805e-02
   1.0000000e+00  -8.9315126e-02   5.7509777e-01   7.9513372e-01   1.0552551e+00   5.4291927e-01  -1.3814726e+00
   1.0000000e+00   1.2522523e+00   1.5166680e-01   9.6661527e-03  -5.7172347e-01   9.7246500e-01  -3.3431754e-01
   2.0000000e+00   1.5301621e-01  -1.3398700e+00   1.4096177e+00  -9.1624464e-01   2.4957309e+00   1.6299681e+00
   2.0000000e+00   2.6938005e-01   6.6140071e-02   3.7080300e-01  -7.3514417e-01  -5.7874091e-01   1.8710075e-01
   1.0000000e+00  -4.6061816e-01   3.5239807e-01  -5.7685477e-01   2.1303635e-01   2.4182763e-01   1.8554505e+00
   1.0000000e+00  -7.9475545e-01   4.7310319e-01  -2.6542708e-01   8.0884808e-01   4.5532966e-02   4.0146034e-01
   2.0000000e+00   1.1103107e+00  -3.0214878e-01  -2.1580300e-01  -4.0002811e-02  -2.1686064e+00   4.1763963e-01
   2.0000000e+00   6.4059972e-01  -1.4235246e+00  -4.7258889e-01   9.2523374e-01   3.1428104e-01   8.9939494e-01
   2.0000000e+00   1.0619555e+00  -3.4105546e-01   1.4779783e+00  -4.7893306e-01   1.4427014e+00  -3.8437540e-01
   2.0000000e+00   5.8229386e-01   1.4831492e+00  -1.4422073e-01   1.7916771e-01   1.8400920e-01   2.0574183e+00
   2.0000000e+00  -1.9643141e+00  -3.2350860e-01   8.9260789e-01  -8.0157850e-01  -1.5118225e+00   2.2997837e+00
   1.0000000e+00   1.2661491e-01   2.0024956e-01   1.6434214e-02   1.4637947e+00   1.1906659e-01  -1.8876972e-01
   2.0000000e+00  -1.2630657e+00  -2.4876250e-02  -3.2962241e-01   1.1959065e+00  -4.6828548e-02  -1.0530153e+00
   2.0000000e+00   4.2916742e-03   7.0125231e-01  -3.1601925e-01  -2.2245686e-01  -1.8531678e+00   6.5778199e-01
   2.0000000e+00  -7.7701778e-02  -7.4822311e-01   5.7034618e-01  -8.9613390e-02  -1.9057266e-01   7.8833309e-01
   2.0000000e+00  -1.9604174e+00   7.9516689e-01  -6.2004231e-01  -5.8836031e-01  -1.0074078e+00  -3.0355257e-01
   2.0000000e+00   1.0926345e+00  -5.5036398e-01  -9.2986928e-01  -7.1967920e-01  -1.0715266e+00  -1.4119343e+00
   2.0000000e+00  -6.3409336e-01  -8.0340271e-01   9.2504830e-01  -3.2374542e-02   1.1678644e+00   9.5293491e-01
   2.0000000e+00  -2.1233450e-01  -1.6058957e+00   6.2263008e-01   1.1743897e+00   3.5350818e-01  -4.8699144e-01
   2.0000000e+00   9.5796028e-01   1.0409401e+00   1.9513459e+00   2.4452244e-01   1.4621517e-01   5.5910136e-01
   2.0000000e+00  -9.7535976e-01   1.0559035e+00   2.9478474e-01  -1.8818847e+00  -2.0296587e+00   3.2441148e-01
   2.0000000e+00   1.2722349e-01   7.5428322e-01  -1.5666194e+00  -5.5275243e-01   1.3962000e+00   1.9970199e+00
   2.0000000e+00   1.0584122e+00  -1.5039349e+00  -1.3488578e+00   3.6487826e-01   4.7195858e-01   1.7741138e+00
   1.0000000e+00  -8.9661839e-01   5.4608133e-01  -3.7755194e-01  -1.2818072e+00   6.0088458e-01   1.4060761e-02
   2.0000000e+00   1.4561738e+00   5.6202561e-01   8.2633008e-01  -8.2068163e-01   1.8543173e+00  -1.5660270e+00
   2.0000000e+00  -6.9686971e-01  -2.8644278e-01   5.5951939e-01  -1.2750329e-01   1.2848496e+00  -6.3516868e-01
   2.0000000e+00   9.4943265e-01   1.4569578e+00  -1.0783068e-01   3.2196528e-01   9.6564579e-01   1.5750112e+00
   2.0000000e+00   4.5126582e-01  -5.1118354e-01  -7.6245351e-01  -7.2775892e-01  -6.0357940e-01   3.3738740e-01
   2.0000000e+00   1.8464232e+00   8.1333094e-01   8.8594129e-01   3.0130679e-02   1.3804669e+00   7.1809386e-01
   2.0000000e+00   1.5504605e+00   1.5960729e+00  -1.3809783e-02  -2.2652358e+00   9.6029482e-01  -1.7062512e+00
   2.0000000e+00  -1.3231750e+00   2.0634198e-01  -1.8329852e+00  -1.0886675e+00  -4.6263791e-02  -1.9736284e-01
   2.0000000e+00   3.5708778e-01  -1.6502093e-01  -9.1403327e-01   8.0023123e-01   1.9113144e+00   1.1997520e+00
   2.0000000e+00   3.8088149e-01   1.1550055e+00  -2.9579250e-02  -2.1149783e-01  -2.1123677e-01   1.8807346e-01
   2.0000000e+00  -3.4679832e-01  -2.4622439e+00  -2.0798058e-01  -1.3166956e+00   1.5005878e+00   1.8077029e+00
   2.0000000e+00  -1.3921960e-01  -1.5592788e+00  -9.4854174e-01  -3.3375288e-01   7.3395010e-01  -1.5395370e-01
   2.0000000e+00   1.2187728e+00  -5.5396049e-01  -5.6095794e-01   1.7004271e-01  -1.1871397e+00  -8.2608233e-01
   1.0000000e+00   4.7181142e-02   5.9938523e-02   2.9265239e-03  -1.3246459e+00   4.5054268e-01   1.1580913e+00
   2.0000000e+00   5.1860477e-04   1.8750187e-01  -7.2321929e-02  -4.1406834e-01  -1.6949831e-01  -9.3842311e-01
   2.0000000e+00   3.1831022e-01   1.5314076e+00   2.9269728e-01  -2.1360437e+00  -5.2333563e-01   2.2299667e-01
   2.0000000e+00   1.4023188e+00   4.4760452e-01   2.7611868e-01  -5.1285768e-01  -1.1504000e+00   7.4578772e-01
   2.0000000e+00   5.2107014e-01  -1.5908578e+00  -6.1598145e-01   5.5795772e-01   1.4307169e+00  -2.9392922e-01
   2.0000000e+00  -9.6715186e-01   9.7880817e-02  -1.2321100e+00  -1.4732465e+00  -1.2018197e-01  -2.3372574e-01
   2.0000000e+00  -1.0049288e+00  -8.9773495e-01  -6.8223197e-01   5.7177903e-01   1.3220396e+00   5.1390423e-01
   2.0000000e+00   1.7393152e+00   7.6172734e-01   3.6848123e-01   4.1235750e-01   6.6392355e-01  -8.3160931e-01
   2.0000000e+00  -1.6250973e+00  -7.2389651e-02   2.2538101e-01   1.5038320e+00  -3.4308559e-01  -6.1141716e-01
   2.0000000e+00  -1.5924294e+00   9.6177291e-01   4.7712931e-01  -3.4209337e-01  -6.5006175e-01   7.8933442e-02
   2.0000000e+00   8.5102241e-01   2.8880511e-01   3.8120569e-01  -9.2505365e-01  -1.4326245e+00   5.5826456e-02
   2.0000000e+00  -7.2616472e-01   2.1937530e+00  -2.0143180e+00  -6.5755146e-01  -1.4354616e+00   8.1381447e-01
   2.0000000e+00   6.9598791e-01  -9.9334015e-01   1.0627633e+00   1.8343965e-01  -3.0356390e+00  -1.2456269e+00
   1.0000000e+00   7.0782624e-01   1.9576740e-01  -4.0106273e-01  -2.1989326e-01   7.0549360e-01  -7.0753390e-01
   1.0000000e+00  -1.6809015e-01  -2.0334128e-01   5.5384723e-01  -2.2152920e-01   2.1010956e-01   1.7302926e+00
   2.0000000e+00  -4.1306911e-01  -1.2407923e+00  -4.3732036e-02  -9.8327674e-01   1.6310873e+00  -7.5037520e-01
   1.0000000e+00  -3.0761482e-01  -6.5316692e-01  -2.3834468e+00   5.3501992e-02   2.2462395e-01  -4.0039351e-01
   2.0000000e+00  -8.7727340e-01   1.4449051e+00  -1.3078735e+00   6.7953719e-01  -1.6318211e-01  -2.9556821e-01
   2.0000000e+00  -2.1910765e-01  -1.1891450e+00  -1.9088239e+00  -7.6027838e-01  -4.3111656e-01  -4.0213323e-01
   2.0000000e+00  -3.7136675e-01   1.4369277e+00   5.7984148e-03  -1.1137459e+00  -1.4169179e+00  -1.3175638e+00
   2.0000000e+00   1.1296126e+00  -1.4098399e+00  -1.5494989e-01   1.3005433e+00   1.2208047e+00  -1.1935886e+00
   2.0000000e+00   6.3700124e-01   1.1363665e+00   5.2750307e-02  -1.5788786e+00   8.4593231e-01  -1.4833874e+00
   2.0000000e+00   1.5318414e+00  -4.1194673e-01   2.2255913e-01  -4.0288631e-01  -7.3508486e-01   3.8658831e-01
   2.0000000e+00   1.5126479e-01   1.5961309e+00  -5.4123676e-01  -1.2308139e+00  -1.1123768e+00  -7.6369691e-01
   1.0000000e+00  -9.8935650e-02  -9.0057369e-01  -8.9068720e-01  -1.2723462e-01   8.3350571e-02  -4.8556227e-01
   2.0000000e+00  -2.0116578e-01   1.4180526e+00   1.5751091e+00  -1.5168021e-01  -3.4613650e-01   2.6131905e-01
   2.0000000e+00   3.9301776e-01  -8.6393393e-01  -9.2080195e-01  -6.0170566e-01   7.7844189e-01   4.6499390e-02
   2.0000000e+00  -8.8433295e-01  -9.6679931e-01  -1.2938620e+00  -2.3290645e-01  -2.4919496e-01   1.5316842e+00
   2.0000000e+00   7.1569211e-02   7.9882540e-01  -2.6788464e-01  -1.0478114e+00  -2.1102502e+00  -8.9818765e-01
   2.0000000e+00  -1.0272718e+00  -1.6458145e-01  -8.4634782e-02   6.1146135e-01   2.3549094e+00  -6.3309123e-01
   2.0000000e+00  -1.1981860e+00  -8.4550379e-01  -2.5851102e+00   2.1010873e-01  -2.6687695e-01  -5.5657302e-01
   2.0000000e+00  -7.8349315e-01  -1.5117888e+00  -5.7376144e-01  -5.4465315e-01  -1.7755754e-01  -1.1217967e+00
   2.0000000e+00   1.1437872e-03  -1.8202965e+00  -2.8271957e-02   4.3278911e-01   4.9284019e-01  -2.7326180e-01
   2.0000000e+00   1.6394513e-01  -1.1677301e-01   1.0092731e+00  -3.7844060e-01   1.7493727e+00  -1.6222849e+00
   2.0000000e+00  -8.9459073e-01   9.0503649e-01  -2.7301980e+00  -2.0011441e+00  -8.7088223e-01   2.5650125e-01
   2.0000000e+00  -3.7822218e-01   8.0501440e-01  -6.3376459e-01   4.7881827e-01  -8.1714528e-01  -1.4806640e+00
   2.0000000e+00  -1.1379640e+00   7.6584132e-01   5.1118371e-01   4.1641203e-01   7.3427860e-01  -2.4309664e-01
   1.0000000e+00  -2.3738878e+00   3.9297509e-01   4.3444913e-01  -1.3378081e+00   3.6508107e-01  -2.7689905e-01
   1.0000000e+00  -6.9884148e-01   8.6634236e-01   7.1824356e-01   8.9154276e-01   3.3868798e-02   5.1811472e-02
   1.0000000e+00   4.3397497e-01   5.6450745e-01   1.0476153e+00  -1.2507985e+00   3.3781715e-01  -9.6745346e-02
   2.0000000e+00  -3.8990023e-01   1.1405598e+00  -8.7643462e-01   1.9641810e-01   3.1010636e-01   4.6898778e-01
   1.0000000e+00   1.1474136e+00   4.7064869e-01  -2.0096061e+00  -7.3392549e-01   7.5417207e-01  -4.0229122e-01
   2.0000000e+00  -2.1492774e+00   1.4615193e+00   2.7916749e-01   7.1407651e-02   1.3721488e+00   1.2821669e+00
   2.0000000e+00  -6.9167077e-01  -1.1216758e+00  -3.1670257e-01  -4.2237828e-01   5.1000053e-01   2.3948120e-01
   2.0000000e+00   8.5568948e-01  -1.0523436e+00  -1.1240509e+00  -1.0506915e+00  -8.3988220e-01  -1.4454477e+00
   2.0000000e+00   1.4135295e+00  -1.4941349e+00   5.5423605e-01  -4.9269404e-01   1.5247372e+00  -2.1327535e-01
   2.0000000e+00  -1.9845854e-02  -2.2415785e-01   1.2187432e-01  -6.4657245e-01  -1.7898647e-01  -1.1680046e+00
   2.0000000e+00   1.0749810e+00   5.6493793e-01  -2.0222697e-01   1.3947103e-01   9.7927008e-01  -1.6843753e+00
   2.0000000e+00  -1.5456668e+00   9.2641829e-01   9.2066899e-01   9.9203299e-01   8.2083173e-01  -2.7604194e-01
   2.0000000e+00   1.4281236e+00   1.0225959e+00  -5.8111281e-01  -5.8926076e-01  -6.2344323e-01   2.7876904e-01
   2.0000000e+00   1.3827005e+00   2.7313295e-01   5.3029208e-01  -9.3474835e-01  -5.4143016e-01   4.3263893e-01
   2.0000000e+00   1.1101136e+00  -1.6990922e-01  -1.8748636e-01   4.6448470e-01  -4.0458321e-01  -2.2852706e+00
   2.0000000e+00  -1.7053193e-01   7.4556213e-01   6.9509798e-01   7.3603688e-02   1.4002921e+00  -1.8108714e-01
   2.0000000e+00   1.2879379e+00  -6.0101966e-01  -5.4783408e-01  -2.0226899e-02   8.7688085e-01   3.1670979e-01
   2.0000000e+00  -4.3573483e-01   1.3381047e-02  -1.8463477e-01   1.2410290e+00  -9.7536499e-01  -1.4018000e+00
   1.0000000e+00   3.9032664e-01  -8.8536835e-02  -1.8730756e+00   6.4506325e-01   7.8295285e-01   1.1835471e+00
   2.0000000e+00   6.8646430e-01   3.1161208e-01  -3.6859249e-01   1.2904250e+00   1.3904362e+00   3.9634619e-01
   2.0000000e+00   1.4389878e+00   8.0683734e-01   5.1780589e-01   9.6328585e-01   1.2512451e+00  -9.3610958e-02
   2.0000000e+00  -2.2143096e+00   1.0831592e+00  -7.2011052e-01  -7.8449351e-01   4.7880100e-01  -6.6651315e-01
   2.0000000e+00  -4.7830079e-01   1.3386888e+00   3.4194001e-02   1.0045723e-01  -3.7893651e-01   3.7198840e-01
   2.0000000e+00  -1.0800554e+00  -9.7996842e-01  -2.1426565e+00  -1.1649572e+00  -4.4971804e-01   3.1055901e-01
   2.0000000e+00  -1.1262184e+00  -9.0544461e-01   7.2420883e-02  -3.2252185e-01   1.0853699e+00  -1.8512356e+00
   2.0000000e+00  -1.6000007e+00  -1.7438125e+00  -3.0590288e-01   1.1155675e+00   2.6634031e+00   1.7368199e+00
   1.0000000e+00   1.6694384e+00  -2.4913875e-01   4.5767835e-01  -9.6439808e-01   4.5812475e-01   5.9822932e-01
   1.0000000e+00   1.8640230e-02  -2.2959045e-01   1.2753785e+00   4.5466703e-01   2.8498531e-01  -9.1459389e-01
   2.0000000e+00   6.1582844e-01  -1.5504153e+00   2.7436617e-01  -1.7793198e+00   1.6345565e+00  -4.0689090e-01
   2.0000000e+00  -2.6658006e-02  -3.9095089e-01   1.4230997e+00   7.6497612e-02  -8.0322940e-01   9.6222847e-01
   2.0000000e+00   8.4332207e-01  -1.2791143e-01  -1.0925189e+00   4.0604323e+00  -4.7300647e-02  -7.2769081e-02
   2.0000000e+00   9.8896088e-01  -8.1407227e-01  -1.0919969e+00  -5.3933062e-01  -3.0661515e-01  -4.3458487e-01
   2.0000000e+00   4.7055377e-01  -9.3022846e-01  -1.0515024e+00   7.6617446e-01  -8.5956004e-01   5.3928542e-01
   2.0000000e+00  -3.2698452e-02  -1.9921600e+00  -5.4090699e-01  -1.5797587e+00  -1.6698727e-01   1.8919460e+00
   2.0000000e+00  -2.9916030e-01  -9.4366126e-01   1.0343746e+00  -1.8738324e+00  -2.1867914e-01   1.6260459e+00
   2.0000000e+00  -5.2165011e-01   9.4407653e-01  -8.5348763e-01  -1.6029445e-01  -8.6145245e-01  -1.5141175e+00
   2.0000000e+00   5.5854701e-01   1.3232376e+00   1.2938246e+00  -2.9920360e-01   3.1155453e-01   3.5670359e-01
   2.0000000e+00   4.1808201e-01   5.8980002e-01  -8.4439135e-01   1.5116796e+00  -9.8117120e-01  -4.8485741e-02
   1.0000000e+00   5.3438008e-01  -2.8829086e-02  -5.2177603e-01  -2.8012025e-01   9.4050619e-01  -6.0596189e-01
   2.0000000e+00   5.9441846e-01  -8.6035295e-01   1.0822333e+00  -7.5536574e-01  -4.3596931e-01   2.1792089e+00
   1.0000000e+00   1.8766737e-01  -4.3764201e-01   9.6335456e-01   1.2364405e+00   7.4718340e-01  -1.1053899e+00
   2.0000000e+00   6.7702116e-01   1.0925224e+00   7.5148136e-02   8.2780200e-02   1.5390576e-01  -1.3385172e+00
   2.0000000e+00  -5.5132352e-01  -2.2410663e+00  -2.3354310e-01  -1.2335585e+00   1.3588065e-01  -6.3437208e-01
   2.0000000e+00  -1.5163198e+00  -1.0196558e+00  -7.5167207e-01  -1.8158073e+00   2.2078579e+00  -9.4080731e-01
   2.0000000e+00  -4.3002909e-01   1.0564513e+00  -6.1013622e-01   5.2681046e-01  -9.7565630e-01   1.5759786e+00
   2.0000000e+00  -1.1051521e-01   2.7662215e-01   2.7758317e-01  -2.8703246e+00  -2.4056412e-01   1.8459631e+00
   2.0000000e+00  -8.7619578e-01   2.5311829e-01   1.1713673e+00   1.0098715e+00   1.4249900e+00   9.9966051e-01
   2.0000000e+00  -1.6681347e+00   1.8551942e-01   1.7265043e+00   2.6008259e+00  -7.8138974e-01   6.5661604e-02
   1.0000000e+00  -9.9603578e-01   1.0310169e-01  -1.2416319e+00   3.2463386e-03   4.6544160e-01   8.5385763e-01
   2.0000000e+00   1.7907945e+00   9.9307270e-01   4.3658402e-01   8.7839706e-01  -6.1396135e-01  -1.3805280e+00
   2.0000000e+00  -3.1534702e-01   4.1188823e-02  -2.3281623e-01  -3.4509006e-01  -9.3150268e-01   2.8653821e+00
   1.0000000e+00  -5.1000250e-01   8.0396862e-01   8.3163307e-01  -3.4309200e-01   3.7394845e-01   4.5945887e-01
   1.0000000e+00  -1.9680248e-01  -5.6522276e-01   8.0331625e-01  -1.8842353e+00   5.0437435e-01   6.5613400e-01
   2.0000000e+00  -2.2270725e-01  -2.2692611e+00  -4.4749751e-01  -1.5991842e-01  -1.2494996e-01   1.1363259e+00
   2.0000000e+00   8.6339615e-03  -4.9290266e-01   7.3754730e-01   1.1609110e+00   2.7162951e+00   4.3067303e-01
   2.0000000e+00  -5.8515334e-01  -4.4591145e-01   1.0157694e-01  -6.7154282e-02  -2.9567811e-01  -3.7331732e-01
   2.0000000e+00  -1.4726201e+00  -2.4651767e-01   6.6536807e-01  -4.6099859e-01  -2.6922698e-01  -4.1425718e-01
   2.0000000e+00   9.5539393e-01   1.4065536e+00   1.8583283e-01   1.8178130e+00  -1.0043651e-01  -1.9779482e-01
   2.0000000e+00  -3.8317022e-01   9.3898330e-01  -2.2024989e-01   6.3653192e-01   6.0205270e-01  -4.1545237e-01
   1.0000000e+00  -7.2565264e-01   6.1689045e-01   1.4138573e+00  -6.6461393e-01   3.2791460e-01  -1.7611636e-01
   2.0000000e+00  -2.0464132e+00  -1.3581782e+00   1.7534130e+00  -1.7011445e+00  -8.9211462e-01   3.9034540e-01
   2.0000000e+00  -5.9109654e-02  -7.8960719e-01   1.0656370e+00   9.9080702e-01  -7.2065571e-01  -6.5585102e-01
   2.0000000e+00   3.6698978e-01   1.0231368e+00  -6.9235809e-02   1.5255858e-01   2.4229904e+00  -1.1800366e+00
   1.0000000e+00   4.9642189e-01  -7.8293052e-01  -6.7445366e-02  -1.1532204e+00   3.3509753e-02  -1.5845140e+00
   2.0000000e+00  -3.9034594e-02   6.8076470e-01  -2.6289432e-01  -1.1842252e+00  -2.1867140e+00   4.2074383e-01
   2.0000000e+00   4.6831510e-01   2.3306862e+00   4.7742753e-01   4.3411504e-02   1.9102706e+00   4.5409508e-01
   2.0000000e+00  -1.8069900e-02  -1.2904767e+00  -1.1327143e+00   1.0180827e+00   3.8037986e-01   5.6749615e-01
   2.0000000e+00   8.6720520e-02   4.0205624e-01  -1.0629526e+00   2.3775909e-01  -5.0663286e-01  -1.3987080e+00
   2.0000000e+00  -1.1217301e+00   2.1336277e-01  -8.7433383e-01  -6.3937422e-01  -1.0121813e+00   1.7553442e-01
   1.0000000e+00   6.1873845e-01  -3.9562871e-01  -8.7125846e-01  -7.5591680e-01   2.4284554e-01   4.8395311e-03
   2.0000000e+00   5.6812647e-01   6.1398815e-01   4.5226137e-02   4.3349778e-01  -2.0335371e-01   1.6825427e+00
   2.0000000e+00  -2.6729222e-01  -9.9426427e-01   6.5438993e-01   6.7902197e-01  -9.4534194e-01   2.6091960e+00
   2.0000000e+00  -3.8236492e-02  -2.0854398e+00  -8.3683181e-01  -5.2363149e-01  -2.6937630e+00   5.4891574e-01
   2.0000000e+00  -1.0368559e+00  -9.2886712e-01  -6.1160755e-01  -9.3341475e-03  -5.5951786e-01  -8.1537199e-01
   2.0000000e+00  -4.3831968e-01  -7.4673856e-01  -3.1741927e-01  -5.7997097e-01   7.0156250e-01   2.8867871e-01
   2.0000000e+00  -2.2547945e+00   8.4691566e-01  -5.0693446e-01  -6.1668249e-01   9.1181897e-01   6.0267851e-02
   1.0000000e+00  -1.0124245e+00  -9.6512649e-01   9.6275372e-01   5.2273224e-01   7.1612105e-03  -1.4748062e+00
   2.0000000e+00   9.1983578e-01   1.1060541e-02   2.9974178e-01   3.9017848e-01  -7.4784217e-01   8.1820464e-01
   2.0000000e+00  -1.1492191e+00   9.1051772e-01   7.3245554e-01   5.5756788e-02  -4.3083972e-01   1.4097066e+00
   2.0000000e+00   1.1945746e-01  -8.4959626e-01   5.5313320e-01  -4.9467111e-01  -7.1077694e-01  -4.9586886e-01
   2.0000000e+00   8.0841177e-01   3.9999061e-02  -9.2053074e-01   5.1138669e-01  -2.8525125e-01   4.4288665e-01
   2.0000000e+00  -1.3300024e-01   8.7314744e-01   4.0472368e-01  -2.1206969e-01  -2.2174165e-01   3.5592101e-01
   2.0000000e+00  -1.5569811e+00  -4.2035360e-01   1.3714777e+00   5.8676228e-01  -3.9521512e-01  -5.8499060e-01
   2.0000000e+00  -1.0612913e+00   2.0092858e-02  -8.5150096e-01   1.7483958e+00  -1.3856400e+00   3.0530728e-01
   2.0000000e+00   1.7099516e+00  -1.5383201e+00   2.7192278e-02   2.0507181e+00  -2.9136120e+00  -2.7206751e-01
   2.0000000e+00   8.9702927e-01  -1.0563767e-01   1.3805959e+00  -7.6641671e-01  -1.3645327e+00   8.5550486e-01
   2.0000000e+00   8.7015177e-02   2.0694043e-01   2.8618614e-01   9.4371777e-01   1.3057370e+00  -9.5009382e-01
   2.0000000e+00   1.1155715e-01   1.6116779e+00  -8.6996775e-01   1.3251955e+00  -2.6225699e+00  -7.4679249e-01
   2.0000000e+00   1.7278966e+00  -1.4704271e+00  -5.7651108e-01  -8.0750698e-01   8.6019793e-01   3.0942290e-02
   2.0000000e+00   1.1121387e+00  -1.3022939e+00  -1.0617744e+00   1.0241369e+00  -3.1942460e-01   4.6170424e-01
   2.0000000e+00   1.0593348e+00  -5.3606286e-02   8.1512213e-02   7.0769101e-01  -2.2481748e-01  -7.9495554e-01
   2.0000000e+00   7.8467722e-02  -6.9655676e-01   1.0620534e+00   1.8185471e-01  -1.6046707e+00  -7.6118652e-01
   1.0000000e+00   1.2335479e+00  -8.1624884e-01  -4.7048181e-01   7.7828180e-01   9.5617574e-02  -1.4521147e+00
   2.0000000e+00  -2.8662245e+00  -8.7948999e-01  -8.1772326e-01  -1.0969486e+00   1.8644650e-01  -2.3392634e+00
   2.0000000e+00  -1.0724765e+00   1.1102796e+00   1.3453775e+00   7.0667447e-01   2.6630650e-01  -2.1203231e-01
   2.0000000e+00  -1.1298264e+00  -1.8051664e+00  -1.0027224e+00  -1.3189346e+00   5.5500395e-01   6.8397294e-01
   2.0000000e+00  -4.9906927e-01   1.2735410e+00   5.2500787e-01   1.9252618e-01   8.1115107e-01  -2.7132730e-01
   2.0000000e+00  -1.7971157e+00  -1.5394794e-01   1.0058299e-01  -7.1057753e-01  -8.3024800e-01   2.9574063e-01
   2.0000000e+00   3.2592229e-01  -6.1872313e-01   3.5983294e-02  -2.8173545e-01   4.2907577e-01  -2.2724240e+00
