   2.0000000e+00  -8.5042558e-01  -9.1763571e-01  -5.6880467e-01  -7.9231684e-01  -8.1712155e-01  -3.1815942e-03
   1.0000000e+00  -1.0207735e+00   2.0895610e-01   2.5770941e-02   2.8506357e-01   6.0856807e-01  -2.2054009e-02
   2.0000000e+00  -3.8915650e-01  -1.5653557e-02  -1.9450641e-01  -3.3554606e-02   3.1963848e-01   1.3917592e-01
   2.0000000e+00  -6.8728372e-01   4.4476631e-01   1.6811508e+00   1.3713014e+00  -8.5695658e-01   7.6092373e-01
   2.0000000e+00   5.5948930e-01  -1.1908918e+00  -1.5342887e+00  -5.1728827e-01  -3.5004642e-01  -1.6453862e+00
   2.0000000e+00   1.0376602e+00   1.6426617e+00   1.0686878e+00  -2.1859383e-01   5.8271674e-02  -9.2615642e-01
   1.0000000e+00   1.6571886e+00   8.6829470e-01   2.2827637e-01   7.5624259e-01   2.7798995e-01  -4.7377268e-01
   2.0000000e+00   5.1317568e-01  -4.0269626e-01  -2.3417263e-01   1.7070101e-01   4.6308737e-01   2.5263124e+00
   1.0000000e+00   1.0920250e+00   3.1318802e-01  -2.1054314e-01   3.2903164e-01  -1.1208863e-01   7.1364282e-01
   2.0000000e+00   1.0311096e+00  -8.6100420e-01   4.4756357e-01  -2.5865540e-01   8.4483110e-03   4.9557999e-01
   2.0000000e+00   9.2615696e-01   2.3978124e-01   8.1225263e-01   1.7714213e-01  -1.1364963e+00  -1.4995921e+00
   2.0000000e+00  -7.7849423e-02  -4.7942324e-01  -9.6388465e-01   1.1179971e+00  -2.3142960e-01   5.8413746e-03
   2.0000000e+00  -7.5680878e-01  -1.3576745e+00   1.1761573e-01   5.8414122e-01  -2.3617185e-01  -9.3747541e-01
   2.0000000e+00   8.1303074e-01  -4.5481551e-02  -1.5111389e-01   3.8367339e-01   9.3460770e-02   1.4792096e+00
   2.0000000e+00  -2.6806040e-01   4.0514549e-01  -1.3121602e+00  -6.5091462e-01  -1.2148943e+00  -4.4886494e-01
   1.0000000e+00  -1.2983209e+00   1.0229579e+00   4.1188180e-01   2.0308016e-01   2.1138170e-01   6.5515938e-01
   2.0000000e+00  -7.2683542e-01   1.4306171e+00   9.4935618e-01  -5.0467634e-01   3.8712336e-01  -1.5527527e+00
   2.0000000e+00  -4.3197126e-01  -1.5598475e-01  -1.3835899e+00  -1.1389297e+00   7.8815044e-01  -6.9533276e-03
   2.0000000e+00   9.1633176e-01   6.8950238e-01   3.7001439e-02   1.5754917e+00  -7.6445054e-01  -7.3623040e-01
   2.0000000e+00  -3.6482191e-01  -3.4824072e-01  -2.4011185e-01  -5.3292450e-02  -5.6106738e-01   1.4936372e+00
   2.0000000e+00  -1.1795312e+00  -1.1401733e+00   6.2570991e-01   8.7891310e-01  -1.8292626e+00   2.4727554e-01
   2.0000000e+00   7.0294442e-01   1.2621110e+00   6.6625724e-02   1.5370347e+00   2.5078828e+00   4.8641510e-04
   1.0000000e+00  -4.6412889e-01  -8.8317282e-01   3.3727919e-01   6.0978746e-02   1.1510461e+00  -2.2759381e-01
   2.0000000e+00  -4.9988124e-02  -9.2435496e-01  -7.2462127e-01  -1.5676215e-01   2.3022656e+00  -9.3702591e-01
   2.0000000e+00  -4.4662993e-01   3.6630213e-01  -6.2182357e-01  -1.0538440e+00   6.1448115e-01   4.3783439e-01
   1.0000000e+00   1.3930262e+00   3.5898329e-01  -3.8481643e-01   4.0698093e-01   1.4454774e-01   5.4228142e-01
   2.0000000e+00  -5.8491510e-01   6.6274298e-01  -1.6885231e-01  -6.2632550e-01  -1.6765413e-02   2.4139777e-01
   2.0000000e+00   9.8065381e-01   1.2902523e-01   3.5220560e-02   1.8833847e+00  -1.7396447e-01   8.6415531e-01
   2.0000000e+00  -3.8349595e-01  -1.0480810e+00   6.2998303e-01  -3.2467459e-02  -2.9917253e-01  -1.4725063e+00
   2.0000000e+00  -2.5659634e+00  -8.0027088e-01   5.1087491e-01  -3.5857476e-01  -1.3750291e-01   9.9794161e-01
   2.0000000e+00   4.9812930e-02  -6.7675146e-02   1.0199599e+00   1.0226780e+00  -1.7123294e+00   7.9292530e-01
   2.0000000e+00   1.0400976e+00  -1.0774395e+00  -1.1652210e+00   1.4950231e+00   1.9688537e+00   1.6516435e+00
   2.0000000e+00   5.5236135e-01  -3.1376785e-01  -6.6690063e-01   1.5948773e+00  -9.8243841e-02  -1.2714367e+00
   2.0000000e+00   1.4110944e+00  -5.7335922e-01  -1.2547100e+00  -1.6966550e+00   6.3793567e-01   2.6926691e-01
   2.0000000e+00  -9.4995705e-01  -1.8192025e-01  -7.4633915e-01  -1.0121945e+00   2.0356631e-02   2.9989572e+00
   2.0000000e+00   2.9848056e-01  -1.3634364e+00   7.9000826e-01   1.3790591e+00   7.5821774e-01  -7.7520342e-01
   2.0000000e+00  -1.4538133e+00  -3.4510221e-01  -3.2892673e-01  -4.4699557e-01  -9.3663232e-01   1.7146916e+00
   2.0000000e+00   4.6023673e-01  -4.6644675e-02   2.1010749e-02   1.4377768e+00  -9.0461707e-01  -2.0228617e-01
   1.0000000e+00   8.1160029e-01  -8.9259405e-02   4.7610374e-01   8.4984333e-02  -3.0835155e-01  -7.3436100e-01
   2.0000000e+00   7.5840738e-01  -1.9938008e-02  -1.5868188e+00   4.4014758e-01  -1.0931554e+00  -1.4620837e+00
   2.0000000e+00  -3.5884363e-01  -1.2827358e+00   4.4167252e-01   1.3214784e+00  -1.5143688e+00   6.7951107e-01
   2.0000000e+00   1.8964107e-01  -9.1016473e-01  -1.0204076e+00  -7.8562452e-01  -1.4162572e+00   5.8657491e-01
   2.0000000e+00  -1.9698009e+00  -1.3814117e+00   1.1355230e+00  -4.9000555e-01  -1.3384854e+00   9.9423709e-02
   2.0000000e+00   4.3714735e-02  -1.1019972e-01   1.0241405e-01  -1.0087898e-01  -3.2548137e-01   9.6697566e-01
   2.0000000e+00   5.6289195e-01  -8.9632428e-01   6.6590992e-02  -2.3454795e-01  -4.2282959e-01   1.2342719e+00
   2.0000000e+00  -1.7794952e+00   1.8184965e+00   2.8657834e-01   3.8103014e-02   1.1629666e+00   1.3460955e+00
   2.0000000e+00   2.3130547e-01  -1.0997994e+00  -1.0791675e+00  -4.1836996e-02   6.5505951e-01   1.8645622e-01
   2.0000000e+00   1.3972649e+00  -1.3810880e-01   4.1490451e-01  -1.9898271e+00   1.1033991e+00  -3.2819876e-01
   2.0000000e+00   2.3295840e-01  -3.8924931e-01   1.3527417e+00  -1.1235984e+00  -5.4859942e-01  -1.0124419e+00
   1.0000000e+00   3.4426654e-01   1.3160867e+00   5.9508217e-01   1.1147423e-02  -4.7726142e-01   8.9903509e-01
   2.0000000e+00   1.2782600e+00   3.0452591e-01  -9.5111528e-01   1.4654516e+00   8.9083634e-01  -2.7223286e-01
   2.0000000e+00  -9.5359544e-01   8.0743627e-01   6.8487291e-01  -3.3676324e-01  -1.1822944e-01  -4.5678983e-01
   1.0000000e+00  -1.1224795e+00  -2.7349518e-01  -6.9853062e-01   4.5185540e-01  -1.8570109e-01  -6.2986597e-01
   2.0000000e+00  -3.6652360e-01   3.5508083e-01   1.3520070e-01   7.4088886e-01  -2.3705841e+00   6.8238923e-01
   2.0000000e+00   1.5944985e+00  -3.3588310e-01   1.9652620e-01   1.0970021e+00  -7.6367351e-01  -5.6038340e-01
   2.0000000e+00  -4.4055623e-02   4.7021049e-01  -8.9207331e-01  -1.0292197e+00  -1.8939363e-01   1.6128580e+00
   2.0000000e+00  -3.4418716e-02  -5.9885633e-01  -5.9644459e-01  -2.2134530e-02  -1.8381380e+00   3.0322774e-01
   1.0000000e+00   2.3291289e-01   8.5345130e-01   5.8886562e-02   6.3874757e-01  -2.0894133e-01  -4.1476463e-01
   2.0000000e+00   3.6372628e-01   7.8327027e-01   7.6720473e-01  -4.6432268e-01   1.1967479e+00  -4.4596157e-01
   2.0000000e+00   8.0263342e-01   4.5984031e-01   1.1037615e-01  -8.1063056e-01   3.2431398e-02  -1.0342640e+00
   2.0000000e+00   1.3805626e+00  -1.5384961e-01  -7.3470896e-01  -6.8680066e-02  -1.3464531e+00  -3.9197484e-01
   2.0000000e+00   1.7498249e+00  -3.5138309e-01  -1.3222696e+00  -4.7638361e-01  -6.9274441e-02   2.6429145e-01
   2.0000000e+00   2.6362144e+00  -1.0266634e+00  -5.2586960e-01   4.4282030e-01  -1.2738865e+00  -1.4659236e+00
   2.0000000e+00  -2.9117200e-01  -5.9872631e-03  -1.0694588e+00  -1.3071135e+00   1.3687489e+00   1.3165358e+00
   2.0000000e+00  -9.8713433e-01   6.8362867e-01  -5.3134133e-01   1.8158020e+00   1.7831562e-01   1.4476702e+00
   2.0000000e+00  -1.1487361e+00  -1.2019722e+00  -1.1752003e+00  -1.4465521e+00  -9.7888079e-01  -6.1802769e-01
   2.0000000e+00   5.3863639e-01  -2.4333664e+00   2.4249069e-01  -1.0528530e+00   1.7343298e-01   7.6066986e-01
   2.0000000e+00   6.0319931e-01   1.2230342e+00  -9.0424464e-01   1.1262065e+00   4.6283678e-01  -1.4187517e+00
   1.0000000e+00  -1.9762240e-01   1.7325490e+00   6.7138202e-02   7.6260692e-01   1.1536500e+00   2.2732282e-01
   2.0000000e+00   1.3255790e+00   2.2115887e+00  -1.3988581e+00  -1.6762958e+00   2.3974509e-01  -1.0772915e+00
   2.0000000e+00  -1.7178516e+00   2.5198057e-01   1.4665086e-01   4.9731835e-01   1.2158062e+00  -1.8110417e+00
   2.0000000e+00  -9.6112240e-01  -2.2513850e-01   1.4140484e+00  -5.3060567e-01  -2.7901428e-01   8.0091419e-01
   2.0000000e+00  -2.9199385e+00  -1.4588142e+00   1.9472327e-01  -4.1529677e-01   6.6984545e-01  -5.3359456e-01
   1.0000000e+00  -2.2556661e+00  -1.9146362e+00   5.5085803e-01   6.5176353e-01  -1.6243468e-01   5.6778344e-01
   2.0000000e+00   8.0006348e-01   1.8619148e-01   1.0164106e+00   3.0907521e-01   1.4945496e+00  -2.0961499e+00
   2.0000000e+00  -9.9398273e-01  -6.5849754e-02  -1.1122384e+00   1.1439711e+00  -4.7610835e-01   7.3858049e-01
   1.0000000e+00  -3.0264343e+00   1.2629704e+00   3.7975308e-01   4.6396142e-01  -2.3954401e-01  -2.9760269e-01
   2.0000000e+00   2.0431296e+00  -1.5417740e+00   1.5810076e+00   2.2755252e+00   1.3036073e+00  -1.9534681e-01
   2.0000000e+00  -1.4471235e+00   2.3112795e+00  -5.9144058e-01  -6.7089577e-02  -1.1209541e+00  -5.0708037e-01
   2.0000000e+00   9.6999821e-02  -2.4358012e-01   1.1644188e+00  -1.8147469e+00  -3.3476885e-01   1.1466147e+00
   2.0000000e+00  -9.6729189e-01   1.0051765e+00  -6.1485054e-01  -2.8590891e-01  -1.7857097e+00  -5.9716986e-02
   1.0000000e+00  -2.6898641e-02  -1.4061288e+00   2.4293375e-01   6.1306214e-01   5.9864023e-01  -2.4577490e-01
   1.0000000e+00   2.6684144e-02   2.2379408e-01   5.8994171e-01   1.3773079e-01   4.6830348e-02  -5.8314868e-01
   2.0000000e+00   6.6561789e-01  -1.4555775e+00   2.8605111e-01   1.0896336e+00   1.8121558e+00   1.5797285e-01
   2.0000000e+00  -9.0558763e-01   5.9063247e-01   9.2668140e-01  -5.1443533e-01  -9.2622528e-01  -1.1400520e-01
   2.0000000e+00  -6.5021932e-01  -2.2568128e-01  -1.6060784e+00  -1.5961259e+00  -8.0198830e-01   3.7748546e-02
   2.0000000e+00  -7.4144961e-01  -3.2873877e-01   1.9982535e+00  -9.2532795e-01  -3.5964568e-01   2.1035317e+00
   2.0000000e+00  -2.2026065e+00  -5.8800771e-01   1.1160242e+00  -8.4331484e-01   2.0875957e-01   6.5577852e-01
   2.0000000e+00  -9.1556595e-01  -8.0669504e-01  -2.0028197e-01  -7.1121340e-01   1.4395844e+00  -4.3268303e-01
   2.0000000e+00  -7.9079464e-01  -6.1451952e-01   1.8403774e-01  -4.9838866e-01  -1.1777382e+00   4.6590581e-01
   2.0000000e+00   2.2400445e+00  -1.7550322e+00  -3.2078412e-02  -6.4704773e-01   8.7917207e-01   5.1255845e-01
   1.0000000e+00  -9.6846316e-01   9.8372628e-01  -1.4750852e+00   2.8013828e-01   1.2750116e-01   8.7836737e-01
   2.0000000e+00   1.4383085e-01  -5.9230252e-01  -1.6609365e+00  -2.6284239e-01  -1.4626856e+00  -1.4793184e+00
   2.0000000e+00   1.2432979e+00   1.1133851e+00  -2.1096247e-01  -7.4028601e-01   3.1441658e-02   2.8026451e-01
   2.0000000e+00  -7.9068750e-01   1.8634921e+00   1.2307022e+00   8.0867212e-01  -7.0890769e-01   6.0832878e-01
   2.0000000e+00   6.4595761e-01   1.2405996e+00  -1.1547438e+00  -1.1072485e+00   1.5410071e-02  -2.0712047e-01
   2.0000000e+00  -1.6874302e+00  -4.5315170e-01   1.0098590e-01  -1.1174039e-01   9.2387343e-01   1.3531070e-01
   2.0000000e+00  -1.2170914e+00  -1.2799040e-01  -1.5262088e-01  -2.1766568e+00  -3.2475095e-02  -1.0769215e+00
   2.0000000e+00  -1.5578244e+00   4.5441700e-01  -9.0814441e-01  -3.3431503e-01   1.2905593e+00   8.1689328e-01
   2.0000000e+00   6.8091272e-01   1.2973954e+00  -5.1408426e-02  -4.1186640e-01   5.1753903e-01   2.2465878e-01
   1.0000000e+00   3.3915639e-01  -6.1885330e-01  -1.5052114e+00   8.5153001e-01   1.0371942e+00   3.9216018e-01
   2.0000000e+00  -9.5571831e-01   8.6409534e-01   6.2872846e-01  -7.7457661e-01   1.6756187e+00   6.7961362e-01
   2.0000000e+00   1.9012949e+00   3.0998370e-01  -5.5141703e-01   4.5850671e-01   1.5909975e+00  -9.5188307e-01
   2.0000000e+00   9.4144547e-01  -1.3880941e+00  -1.6314121e+00  -1.4044368e-01  -6.9096175e-01   3.1259249e-01
   1.0000000e+00  -6.7647666e-01  -8.2455411e-01   1.2661377e+00   1.1969666e-01   4.9501826e-01  -7.1604189e-01
   2.0000000e+00  -1.0870810e+00  -9.5866877e-01  -2.3010068e+00  -1.2299061e+00  -9.1824115e-01   3.9464814e-02
   2.0000000e+00  -4.2854057e-01   1.2122704e-01  -1.0707868e-01   1.0460966e+00   1.6298124e+00  -3.6191663e-01
   2.0000000e+00  -3.5664723e-01   1.3506000e-01  -1.0498299e+00   3.5080176e-01   2.6709386e-01  -1.3606658e+00
   2.0000000e+00   7.1712525e-01   1.8000784e+00  -3.3760406e-01  -2.0457095e+00  -6.7168685e-02   2.1073390e-01
   2.0000000e+00  -1.7530242e+00  -1.4613270e-01   9.9280426e-01  -2.5955669e-01  -6.7703374e-01  -1.2011777e+00
   2.0000000e+00  -2.5319482e-01  -2.9691611e-01   6.1252945e-01  -2.0827526e+00   8.4912216e-01  -3.0351738e-01
   2.0000000e+00  -2.4274420e-01   2.0340655e+00   5.3401304e-01   1.5046914e+00   8.9161324e-02   1.6988914e-01
   2.0000000e+00  -1.9482488e-01  -2.0534138e+00  -4.8809183e-03  -1.8141336e+00  -2.1086163e+00  -1.0716470e+00
   2.0000000e+00   1.1938827e+00   1.5309178e+00  -5.5682485e-01  -4.0685898e-01   3.8656925e-02   7.1726721e-01
   1.0000000e+00   7.8032700e-01  -8.4095976e-01   1.0796118e+00   8.3029523e-01   8.8174058e-01   4.2475613e-01
   2.0000000e+00  -3.4796966e-02  -5.3631884e-01   5.0934509e-02   1.2474873e+00   2.4823314e-01  -3.3471098e-01
   1.0000000e+00   1.9591702e-01   5.7503029e-01   2.2349689e-01   3.1745713e-02   5.5122210e-01   5.7048185e-01
   1.0000000e+00   4.2556416e-01  -1.9353352e+00   1.1024167e-01   2.4148681e-01  -4.2992686e-01   1.3478517e-01
   2.0000000e+00   4.3638097e-02  -2.2779497e-01   7.6524310e-01   1.9772961e+00  -6.8200232e-01   3.8159992e-01
   2.0000000e+00  -3.4204788e-02   2.5277654e-01  -6.4956240e-01   1.9699312e+00   2.8765303e-01  -2.0249477e-02
   2.0000000e+00  -7.9424083e-01   4.8677844e-02   1.2881009e+00  -1.2036974e+00   1.3074335e+00  -1.1519451e+00
   2.0000000e+00  -1.9003112e+00   6.5908258e-01  -6.4789023e-01  -3.4266353e-01  -6.6155478e-01   1.4338909e+00
   2.0000000e+00  -9.7573008e-01  -7.4811071e-01   2.3269172e-01   1.6099677e-01   5.4817188e-01   2.2734694e+00
   2.0000000e+00   6.2380391e-01  -1.0294185e+00   5.2110315e-01   1.7521868e+00  -1.2924846e+00   1.0297474e+00
   1.0000000e+00   7.1148486e-01  -3.2827624e-01  -1.3152213e+00   4.9419366e-01   2.9718417e-01   4.3789947e-01
   2.0000000e+00  -3.5941832e-01  -1.5622476e+00  -2.4968926e-01  -1.1947840e+00  -9.7600939e-01  -1.6882290e+00
   2.0000000e+00   1.9930971e+00  -1.3573596e+00   1.8790132e-01  -3.0547368e-01  -5.6156800e-01   9.0250389e-01
   2.0000000e+00   2.0232718e-01   7.9705654e-01  -1.7724121e+00  -1.2069786e+00  -2.3188799e+00  -4.9269011e-01
   1.0000000e+00  -5.9045052e-02  -2.8320672e-01  -4.6820230e-01   2.1922909e-01   1.3475725e+00   9.1831912e-01
   2.0000000e+00  -4.1260495e-01   1.4048784e+00   8.4194913e-01   9.8493581e-01   1.7478688e+00   2.0618055e-03
   2.0000000e+00  -8.3956397e-01   9.0245570e-01  -3.0136149e-01  -1.1498910e+00   7.8659683e-01  -2.1034010e-01
   2.0000000e+00  -4.6666701e-01   8.2637520e-02   1.6213706e+00   1.3858854e-01  -5.3203450e-01  -1.0548526e+00
   2.0000000e+00  -2.1886890e-03   8.7057442e-02   2.0327302e+00   9.7556945e-01   3.4260396e-01  -5.1660127e-01
   2.0000000e+00  -1.3407885e-01  -2.5781984e-01  -6.1338187e-01   1.3268700e+00  -1.2561547e+00   7.2357645e-01
   2.0000000e+00  -1.5113282e+00  -1.0866075e+00   1.1636880e+00  -5.0501279e-01  -1.8060077e-01  -1.4933001e+00
   2.0000000e+00  -6.6056368e-01   1.3842383e+00  -1.2913671e-01  -4.8972948e-01   2.1007909e-01  -1.0660358e+00
   2.0000000e+00  -2.3165995e-01  -1.3391994e+00   4.8946286e-01   1.0585685e+00   9.1758933e-01  -6.2024372e-01
   2.0000000e+00  -5.7459720e-01  -9.8121820e-01  -2.7178575e-01  -2.1805130e-01  -1.4163114e-02  -4.2115168e-01
   2.0000000e+00   3.1468228e-01  -1.1452475e+00  -9.1392994e-01  -7.8518728e-01  -6.7291654e-01   2.6250751e-01
   2.0000000e+00   4.9796830e-01  -1.5929358e-01   1.2571373e+00  -1.3610292e+00   6.2825363e-01   6.2574899e-02
   2.0000000e+00  -7.0692775e-01  -3.1055947e-02  -8.0927665e-02  -1.5909187e+00   4.5640556e-01  -1.3197625e+00
   2.0000000e+00   1.2418456e+00  -5.6941123e-01   4.7906614e-02  -8.4842792e-01  -2.0406050e+00  -4.1570215e-01
   2.0000000e+00   6.3730335e-01  -1.1740803e+00  -3.3418498e-01   6.7412312e-01   3.5823625e-01   1.4851718e+00
   2.0000000e+00  -2.3136486e-01   7.1473878e-01   9.4111023e-01  -2.3274995e-01   1.7512648e-01   3.5635214e-01
   2.0000000e+00   2.9261950e+00  -6.8340766e-01   2.1820281e-01  -1.7280951e+00  -1.1149585e+00  -9.0073276e-01
   2.0000000e+00   4.9249051e-01   7.9697822e-01  -2.1474962e+00   1.7606373e+00  -1.1152533e+00   6.9546780e-01
   2.0000000e+00   2.0233473e-02   1.5736714e+00  -2.5390141e-01  -8.5950802e-01   1.7330465e+00  -1.8677286e-01
   1.0000000e+00  -6.5182430e-01  -1.0024009e+00  -1.3107934e+00   5.3856082e-01   1.9808116e-01   6.0730064e-01
   2.0000000e+00  -4.3646294e-01   4.7666659e-01   4.9610802e-01  -6.6091355e-01   2.6837175e-01   4.3221568e-01
   2.0000000e+00  -7.4092849e-01   6.5236250e-03   1.0727031e+00   1.6217386e+00   5.9392262e-01  -3.4727967e-01
   2.0000000e+00  -1.7364410e+00   9.3499829e-01  -2.8491765e-01  -4.1803299e-01  -1.3593772e-01   7.1485207e-01
   2.0000000e+00  -1.9412016e-03   5.3913747e-01   4.5058229e-02  -1.4400878e+00  -1.3756207e+00   1.9475393e-01
   1.0000000e+00  -9.8989790e-01   3.0411798e-01   2.2501867e-01   2.0278430e-01   1.6688868e+00  -4.5180213e-01
   2.0000000e+00   1.1185125e+00   3.7736988e-01   1.0199011e+00  -1.1754709e-01  -1.5738581e+00   9.7796521e-02
   2.0000000e+00   5.6335424e-01   1.1046053e+00   2.7103860e-01  -1.4439570e+00  -9.5244401e-01  -6.7925881e-02
   1.0000000e+00  -2.6589550e-01  -2.2576110e-01   3.2036020e-01   1.1549915e-01   9.2697761e-01  -6.6131335e-01
   1.0000000e+00   6.1372618e-01  -2.5335538e-01   7.6213950e-01   6.2601800e-01   4.2542416e-01   4.9007426e-01
   2.0000000e+00  -6.4936917e-01  -1.4815677e+00  -2.5573830e-01  -1.2021509e+00   1.0122849e+00   5.8617931e-01
   1.0000000e+00   1.4852208e+00  -4.7385858e-01   6.9433811e-01   5.7689228e-01  -1.2696805e+00   5.0453083e-01
   2.0000000e+00  -1.9957294e+00   2.3583295e-03  -5.4446932e-01   1.2697962e+00   5.5169192e-01   7.1033884e-01
   2.0000000e+00  -2.0260810e-01   4.3002348e-01   6.7901175e-01  -3.0256362e-01  -9.0713015e-01   7.9130349e-01
   2.0000000e+00   6.5063507e-01  -7.6714101e-01  -5.4987852e-01  -8.2896741e-02   1.0717536e+00  -1.7469537e+00
   2.0000000e+00   2.7689771e+00  -6.4974500e-01   1.6748252e+00  -6.1345135e-02   1.4451201e+00  -8.5070752e-01
   1.0000000e+00   8.9939974e-01   4.1026971e-01   5.3277225e-01   2.7874809e-01   1.2252985e+00  -2.6690823e-02
   2.0000000e+00  -2.0710137e+00  -1.5561113e+00  -2.9361954e-01   1.4697997e+00  -1.1333769e-01   3.0716159e+00
   2.0000000e+00   3.0455821e-01  -1.4393454e-01   1.5203926e+00   1.1313974e+00   1.5540770e+00   2.9871023e-01
   2.0000000e+00   1.3193704e+00   4.3201632e-01  -6.8925621e-01  -5.3594886e-01   4.0308380e-01  -2.2261218e-01
   1.0000000e+00   4.9156538e-01  -2.6694512e-01  -1.3036227e+00   4.4396482e-01  -8.5912581e-01   2.2799545e-01
   2.0000000e+00   7.2198261e-01   6.0039360e-01  -1.0765810e+00   1.5886968e+00   9.1841044e-03   1.2905248e+00
   1.0000000e+00   5.6402046e-01   7.4443517e-01  -4.5407685e-01   2.1277318e-01   1.1949097e+00   4.0260208e-01
   2.0000000e+00  -6.0120422e-01   2.1829890e-01  -6.9678691e-02   9.3247024e-01  -3.4124321e-01   9.0724892e-01
   2.0000000e+00   6.0738119e-01  -8.5536082e-01  -6.2737894e-02  -1.8234003e-01  -8.0662825e-01   1.5603403e-01
   2.0000000e+00  -1.1495671e+00  -1.6029500e+00   1.3673290e+00   1.1211164e+00  -1.5732996e-01  -5.6793994e-01
   2.0000000e+00   7.0256615e-01  -4.1645679e-01  -6.5223353e-01   7.1624487e-01  -2.9725885e-01  -1.3822309e+00
   2.0000000e+00  -7.8863641e-01   2.9154330e-01   5.7109841e-01   6.6945938e-01   1.0323651e+00  -9.6166937e-01
   2.0000000e+00   3.7304624e-01   1.2829737e+00  -8.5271133e-01   4.3046376e-01   4.1103531e-01   9.4447892e-01
   2.0000000e+00   7.7150606e-01   1.2523969e+00  -3.2049469e-01  -1.9919461e-01  -8.6105508e-01  -2.7192365e-01
   1.0000000e+00   1.6296911e+00   8.8922662e-01  -5.4274367e-01   8.0137398e-01  -9.7729821e-01   3.8805920e-01
   2.0000000e+00   5.9237546e-01   1.1412658e+00   9.7324254e-01  -5.7857168e-01  -6.6710121e-01   5.4237179e-01
   2.0000000e+00   1.2192998e+00   1.7996717e-01   2.6325206e-01   1.4647111e+00  -3.1303035e-01  -1.0434969e+00
   2.0000000e+00   7.3929569e-01   9.8929683e-01  -2.7766592e-01   2.1139968e+00   2.7431437e-01   6.3730581e-01
   1.0000000e+00   4.9038573e-02  -2.2605549e-02   1.3088022e+00   1.7072614e-01  -1.3262803e+00  -5.7343063e-01
   2.0000000e+00  -1.5094882e+00  -3.3669631e-01   1.3916655e+00  -1.5686881e+00   8.7297745e-01  -1.8539629e-01
   1.0000000e+00  -7.3046209e-01   1.1717435e+00  -6.8831153e-01   2.6373989e-01   1.5129725e+00  -6.9499754e-01
   1.0000000e+00  -2.3630108e+00   2.7505495e-01   4.8267120e-01   1.8734084e-01  -6.1314277e-01   6.2412479e-01
   2.0000000e+00  -4.4179191e-01   6.2711420e-01   8.0442892e-01  -1.0839715e+00  -7.9516596e-01  -7.7932832e-01
   2.0000000e+00   2.8140952e-01  -9.7815855e-01  -1.2161155e+00   2.0248014e+00  -1.1834803e+00  -7.1644697e-01
   2.0000000e+00  -1.7658316e+00  -1.3614502e-01   1.2067165e-01   2.0235842e+00   6.0458171e-01  -1.4316357e+00
   1.0000000e+00   1.2815552e+00  -1.7801424e+00   7.1465812e-02   1.8687929e-01   2.5705584e-01  -1.2591636e-01
   2.0000000e+00   1.7872570e-01   1.1911029e+00   1.9444003e+00  -2.8545115e-01   1.7308848e+00   1.9336989e-01
   2.0000000e+00  -1.3225261e-01  -6.8591016e-01   3.7675349e-02  -5.2367363e-01  -1.7843676e-01  -4.7178688e-01
   2.0000000e+00   1.4219840e+00  -5.1894804e-01  -1.0657808e+00   1.4303065e+00   9.9730461e-01  -4.8513528e-01
   2.0000000e+00   6.9327259e-01  -1.0654986e+00   3.3421740e-01  -2.6251573e-01  -1.0104103e+00  -3.9119885e-01
   2.0000000e+00   6.5070385e-01   5.4053204e-01   8.0851680e-02  -3.8697160e-02  -1.0781208e+00   4.2024344e-01
   2.0000000e+00   6.8555839e-01  -3.3092835e-01  -2.0005154e+00  -6.2249028e-01  -1.1531237e+00   1.9417351e-01
   2.0000000e+00   1.3197202e-01   1.0608595e+00  -1.3218426e+00  -3.9876044e-01  -4.2124614e-01   2.5953981e-01
   2.0000000e+00   1.4039317e+00  -5.0637402e-01   4.1442218e-02  -5.6772781e-01   8.9270451e-01  -4.7483489e-01
   2.0000000e+00  -6.2769821e-02  -1.9199397e+00   1.0338186e+00  -7.7802158e-01  -3.4980890e-01  -7.2340543e-01
   2.0000000e+00   1.8351119e+00  -2.4080032e-01   3.4676757e-01  -2.4895077e+00  -1.3966590e+00  -6.9070196e-01
   2.0000000e+00  -2.4080464e-01  -6.1324015e-01  -5.9931727e-01   1.3876467e+00  -2.3068178e-01  -7.9713715e-01
   2.0000000e+00  -5.7220344e-01  -1.1893966e+00   2.3519286e+00  -4.4321472e-01  -1.0867651e+00   5.7678249e-01
   2.0000000e+00  -1.2149885e-01  -7.0028783e-01  -2.9470835e-01   1.4111036e+00   1.3589811e+00   4.8397696e-02
   2.0000000e+00  -1.7780487e-01   5.6217395e-01  -3.8151328e-03   9.2152694e-01  -7.6277491e-01  -1.2507802e+00
   2.0000000e+00  -1.0008994e+00  -1.1715661e+00  -9.4905714e-01  -1.2142219e-01   1.9567341e+00   1.1674379e+00
   2.0000000e+00   1.5872881e+00  -9.5797512e-01  -9.9923918e-01   1.0963755e+00   2.4775881e-01  -5.7990700e-01
   2.0000000e+00   9.5667997e-01   1.0275468e+00  -1.4121451e+00   2.5311678e-01  -7.5550100e-01   1.8909028e+00
   1.0000000e+00  -5.7599636e-01   1.2946368e-02  -1.3269314e+00   9.1304494e-01   3.0293619e-01   2.2970047e-01
   2.0000000e+00   6.3007981e-01  -1.1700234e-02  -1.6284777e+00  -1.0324603e+00   1.7911818e+00  -1.1721517e+00
   2.0000000e+00   4.5712185e-01  -1.1877174e+00   7.6146006e-01   1.3783792e+00  -1.3508455e+00   1.9328899e+00
   1.0000000e+00  -3.2778396e+00  -2.0157110e-01  -1.8321517e-01   4.4396362e-01   9.7931896e-02  -7.5605626e-01
   2.0000000e+00   1.2664389e+00   1.0335070e-02  -1.8157921e+00  -2.8485779e-02   7.9613810e-02  -8.3281005e-02
   2.0000000e+00  -5.4404372e-01  -2.3380652e+00   9.7282609e-01   4.4190219e-01  -5.0484853e-02  -1.0098526e+00
   2.0000000e+00  -1.6065308e+00  -8.2421499e-01  -6.5244133e-01   1.5246867e+00   3.7998348e-01   5.0733931e-01
   1.0000000e+00   1.6041289e-01   3.4134088e-01  -7.6462019e-01   8.1403235e-01   1.4346989e+00   4.4299965e-01
   2.0000000e+00  -1.0106438e-01   2.6504851e-01  -1.0882209e+00  -8.0235568e-01  -2.7918087e-01  -9.4478036e-01
   2.0000000e+00  -8.2894510e-02   1.5017669e+00   5.9174007e-01  -1.7421863e-01  -7.3465555e-01   8.6447392e-02
   2.0000000e+00   1.8091044e+00   6.1962630e-02  -1.2396026e+00   1.1589790e+00   3.5122205e-01   3.1934154e-01
   2.0000000e+00  -4.9227541e-01   6.0023363e-01   2.1573616e-01  -3.0327656e-02  -5.2561785e-01   2.4422237e-01
   2.0000000e+00  -6.9573709e-02  -6.9787357e-01  -1.9864825e-01  -3.0509323e-01  -1.1041275e+00  -3.5663804e-01
   2.0000000e+00   8.2468374e-01  -1.2078511e+00   1.4435769e+00   1.1522496e+00  -1.0212727e+00   1.9206014e+00
   2.0000000e+00   1.1873487e-01   3.9173193e-01  -6.0987635e-03   1.5603331e+00   1.2232068e-01  -3.2257558e-01
   2.0000000e+00  -1.3096167e+00  -3.1267144e-02  -1.7835983e+00   1.0293833e+00  -5.4947632e-01   5.8380039e-01
   2.0000000e+00   1.3750442e+00  -8.6683102e-02   8.3984098e-02   2.5481497e-01   5.4640501e-01   1.7038805e+00
   1.0000000e+00  -2.0342622e+00  -6.8690565e-01  -1.0376188e+00   7.4904683e-01  -5.4095614e-01   3.9588782e-04
   2.0000000e+00  -2.4941886e+00   1.5538510e+00   5.9113740e-01  -3.5785087e-01   1.1190321e-01   8.7698487e-01
   2.0000000e+00   1.3019093e+00  -1.7225675e+00   2.7854923e-01  -1.1941936e+00   5.7738057e-01   3.1753590e-01
   2.0000000e+00   9.7395248e-01   2.6913097e-01   3.1832077e-01  -3.6149552e-01   5.6919344e-01   2.1303832e+00
   2.0000000e+00  -5.4390540e-01   1.1398524e+00   1.0176320e+00   1.0849087e+00   8.4355084e-02  -1.5803846e+00
   2.0000000e+00   7.4925913e-01   7.8142106e-01   1.1134148e-01   1.4829896e+00  -2.0819103e-01  -1.2329037e+00
   1.0000000e+00  -1.6654486e+00  -1.4324046e+00   5.1968077e-01   2.2092122e-01  -3.8416154e-01  -7.4878695e-01
   2.0000000e+00  -1.3068855e-01   4.3303350e-01   6.8521546e-01  -7.1035773e-01  -9.5368444e-02  -1.0794792e-01
   2.0000000e+00   3.3588683e-01   7.4779470e-01   6.4680091e-01  -4.7913764e-01   2.1722815e+00  -6.3344250e-01
   2.0000000e+00   1.1413830e+00  -1.3991376e+00   5.5624339e-01   1.2500808e+00  -5.9655249e-01   3.3457518e-01
   2.0000000e+00  -1.5993989e+00   4.6754991e-01  -2.2747020e-02  -2.5297356e-01   5.4123197e-01   1.3784698e+00
   2.0000000e+00   9.4220933e-01  -7.3880419e-01   3.7525792e-01   8.7485371e-01  -6.1458126e-01  -9.7141508e-01
   2.0000000e+00   2.5233029e-01  -7.2268253e-01  -6.8019768e-01   1.3599636e+00  -1.3243284e+00  -2.6100443e+00
   2.0000000e+00  -8.4793452e-02  -2.5181460e-01  -1.5195175e-01  -1.6480661e+00  -5.8031408e-01  -1.5393194e+00
   2.0000000e+00  -7.6386022e-01   6.6030459e-01  -7.9769298e-01   1.2415640e+00   3.7207849e-01   1.6019333e+00
   2.0000000e+00  -9.0640302e-01  -6.8370552e-02  -3.1685971e-01  -1.9126565e+00   5.0665495e-01   1.4665478e-01
   2.0000000e+00  -6.3730135e-01  -2.8904148e-02   8.9557527e-01   4.0722312e-01  -1.1931759e+00   1.2604376e+00
   2.0000000e+00   1.8789065e+00  -3.4963825e-01   2.2704763e-01  -1.5368622e+00  -2.1061022e-01  -2.1101166e-01
   2.0000000e+00   3.4387703e-01  -1.0423633e+00  -2.6952985e-01   8.4477773e-01  -1.5426252e+00   1.1833734e+00
   2.0000000e+00   7.4262367e-01  -6.2023140e-01  -1.1134251e-01  -1.3576354e+00   1.0852700e+00  -4.8829315e-01
   2.0000000e+00   8.1740982e-01  -6.5585852e-02  -3.0985457e-01  -2.6085409e+00   1.3977402e+00   6.7702542e-01
   1.0000000e+00   1.2023784e+00  -8.2768108e-01   3.0765234e-01   7.2454376e-02   2.0786033e-01   3.8895175e-01
   2.0000000e+00  -1.8015825e+00   1.0032550e+00  -1.1665610e+00   2.3885504e+00  -2.3647017e+00   1.8450751e+00
   1.0000000e+00  -1.6166974e-01   4.3073167e-01  -1.8024667e-01   1.3533045e-01   1.0918571e+00  -8.4291001e-01
   2.0000000e+00   9.6051444e-01  -1.2384022e+00  -6.4088685e-01   8.8203746e-01   2.5985611e-02   1.3085295e+00
   2.0000000e+00  -9.9776921e-01   1.7019921e+00  -3.6697695e-01  -2.1180872e-01   7.6988280e-01   8.5496472e-02
   2.0000000e+00   6.6556246e-01   8.5538751e-01   3.9300444e-02  -5.8454327e-01   1.7502538e+00  -5.5105852e-01
   2.0000000e+00  -1.4244575e-01   1.8550281e+00  -2.2102238e-01  -2.2778960e-01   3.7344370e-01  -1.8494890e+00
   2.0000000e+00   1.9080238e-01   1.4927965e-01  -8.6510395e-01  -5.7367365e-01  -1.5034259e-01  -4.3757699e-01
   2.0000000e+00  -1.4504428e+00   2.9001504e-02   8.4751957e-01  -4.0009387e-01  -1.3132597e+00   1.1447933e+00
   1.0000000e+00  -7.0582137e-01   3.5925975e-01   1.1559845e+00   3.1053370e-01  -7.8056793e-01  -8.5519260e-02
   2.0000000e+00   9.3874742e-02  -2.8878827e-01  -6.2500434e-01  -4.1117869e-01   1.3605621e+00   1.9368615e+00
   2.0000000e+00  -1.1576302e+00  -6.9141075e-01   3.5820720e-01  -6.6039488e-01   3.0125995e-01  -8.4283021e-01
   2.0000000e+00   5.8174759e-01   6.0748793e-01   1.8316099e-01  -7.3952880e-01   1.0394145e+00   1.0363180e+00
   2.0000000e+00  -5.6944270e-01   1.0636623e+00  -2.3260575e+00   1.0906118e+00  -1.1569573e+00  -3.1234046e-01
   2.0000000e+00  -2.2828880e-01   1.7668031e+00   5.5725173e-02  -1.1348724e+00   4.1231645e-02   1.8723845e-01
   2.0000000e+00  -4.7655461e-01   1.6953266e+00  -6.2262937e-01  -8.4435737e-01   3.2844820e-01  -4.8716017e-01
   2.0000000e+00   5.2303080e-01  -8.3470158e-01  -7.5631965e-01  -6.9755738e-01  -7.3680235e-02   1.0885607e+00
   2.0000000e+00   1.2993079e+00  -1.2212709e+00  -1.4705161e+00  -2.9281816e-01  -8.6556929e-01  -6.1959532e-01
   2.0000000e+00  -1.9474725e-01  -1.3921181e+00   1.1529263e-02  -1.2584013e+00   1.6308131e+00  -3.4013000e-01
   2.0000000e+00  -3.1270396e-01   1.2757113e+00   6.2019198e-01   1.4786029e-01   2.8518018e-01   1.4529505e+00
   2.0000000e+00  -5.8827644e-01  -7.1349249e-02   1.5708089e+00   1.9430623e+00   2.6111876e-01   1.9955564e+00
   2.0000000e+00   9.1362362e-02  -3.3692146e+00   1.2302942e+00  -2.1538165e-01  -1.6988008e+00   1.9476182e+00
   2.0000000e+00  -2.4025244e+00  -7.1366475e-01   1.9891661e-01   1.1868326e+00   3.9004612e-01   9.3836948e-01
   2.0000000e+00  -8.2317708e-01   3.2050294e-01   3.3081276e-02  -1.2712261e+00   1.2034530e+00   9.3807766e-02
   2.0000000e+00   2.4871321e+00   1.7209953e+00   3.4069227e-01  -3.4915945e-01  -2.5598791e-01   3.5011206e-01
   2.0000000e+00  -5.7264301e-01   1.3129480e+00  -7.5024123e-02  -5.2291153e-01   1.3123914e+00  -2.6697118e-01
   2.0000000e+00   9.3309126e-01   9.0583822e-01   1.9730660e-01  -7.7314189e-01  -2.1470265e+00  -1.2471361e+00
   1.0000000e+00   8.0130669e-01   1.5608327e+00  -1.7801937e+00   1.1242304e-02   1.5170206e+00  -9.4234789e-01
   2.0000000e+00  -2.0852287e+00  -9.7296448e-01   1.0106518e+00   1.4858593e+00   5.4798223e-02  -1.2798813e+00
   1.0000000e+00   1.1915143e+00   1.0387682e+00   5.0482352e-01   2.5719476e-01  -9.7880382e-01   1.7639217e-01
   2.0000000e+00   1.9250998e-01   2.4358552e-01   6.7550470e-01  -2.9049220e-01  -1.1855227e+00  -8.9505897e-01
   1.0000000e+00   7.8464291e-02   9.5563367e-01  -4.6916362e-01   2.7223755e-01  -1.0074039e+00  -6.3425384e-01
   1.0000000e+00  -4.2931982e-01  -6.1181430e-01   2.6535240e-01   2.9091864e-02  -9.1858561e-01  -7.7580036e-01
   2.0000000e+00  -4.1269068e-01  -7.0737749e-01  -4.2240715e-01  -1.6084026e-01  -9.6850644e-01   1.6225641e-02
   2.0000000e+00  -8.9785006e-01  -5.0147588e-01  -3.5128364e-01   7.4655028e-01  -3.2245216e-01   2.0284859e+00
   1.0000000e+00   2.7888407e-01   1.1091630e+00   1.4224235e+00   2.6604178e-01  -9.1613967e-01  -1.1828468e-01
   2.0000000e+00  -5.6949883e-01   3.3921359e-01   1.5086169e+00  -7.0455231e-01   6.1843068e-01   1.7119115e+00
   2.0000000e+00   1.0100700e+00  -5.1717530e-01   4.3205016e-01   2.9907526e-01  -1.3139043e+00   1.0230193e+00
   2.0000000e+00  -2.7304957e-01   1.2140000e+00   1.2566957e-01   4.0939402e-01   3.7179286e-02  -1.5548062e+00
   2.0000000e+00   1.1814059e+00   2.4774095e+00   7.5934455e-01  -1.6738266e-01   8.9014316e-01  -7.7234395e-01
   2.0000000e+00   2.4952779e-01  -6.7792039e-01  -2.3676063e+00  -5.1452172e-01  -9.8907848e-01  -7.1470052e-01
   2.0000000e+00  -1.7759714e+00   2.8264486e-01   9.8756752e-02   1.5537629e+00   1.7814065e+00   1.0327409e+00
   1.0000000e+00   2.4306089e-01  -4.5813853e-01  -2.0688762e+00   3.7497501e-01   7.2826982e-01  -3.4643576e-02
   1.0000000e+00   8.7179540e-01  -1.6871428e+00   9.1292927e-01   3.1176846e-01  -1.1652297e-02   3.3101938e-01
   2.0000000e+00  -3.8934180e-01  -8.4323354e-01   1.5135709e+00   8.3360944e-01   1.1873206e+00  -7.7036549e-01
   2.0000000e+00   1.4369493e+00  -1.1092690e+00  -1.0465450e+00  -1.7899570e+00   1.4062742e+00  -3.8053919e-01
   2.0000000e+00   1.3280239e-01   1.8862211e-01   5.6500947e-01  -6.9927181e-01   1.5162772e+00   4.7920055e-01
   2.0000000e+00  -1.0277160e+00  -1.2214059e+00   4.5714833e-01   3.5775363e-01  -8.2723910e-01  -1.9362798e+00
   2.0000000e+00  -3.9000301e-02   1.1307948e-01   1.0135666e+00  -3.9896361e-01   6.4603511e-01  -2.4657730e-03
   1.0000000e+00   7.1589356e-01  -9.6370273e-02   2.4659300e-01   2.1485981e-01   1.8267944e+00   3.7965565e-01
   2.0000000e+00  -3.5535844e-01   9.8727115e-01  -9.4390801e-01  -6.8890302e-01  -2.2751336e+00   6.7881899e-01
   2.0000000e+00  -5.8596721e-02   7.7335478e-02  -3.9083289e-01   1.7330903e+00   6.9288367e-02   4.9002516e-01
   2.0000000e+00  -2.5103637e-01   4.9943685e-01   2.2283644e+00   6.9524495e-01  -4.4292151e-01  -1.0721817e+00
   2.0000000e+00   1.9353339e+00   2.9364698e+00  -1.0361904e+00   1.4623464e+00  -6.4727341e-01  -6.2248786e-01
   2.0000000e+00   3.8839449e-01  -2.2702492e-01  -2.3190779e-01  -5.6599741e-01   6.5524848e-02   8.3933186e-02
   2.0000000e+00   1.4198082e+00  -9.8616302e-01  -2.8467872e-01  -5.9528715e-01   1.0291075e+00  -8.5775041e-01
   2.0000000e+00   1.4351556e-02   1.0330715e+00   1.3129331e+00   2.8689655e+00  -8.4200044e-01  -6.5329226e-01
   2.0000000e+00   3.8816744e-01  -6.8703137e-01   7.5183087e-01  -1.6345272e-01  -4.9805078e-01   1.4471095e+00
   2.0000000e+00   6.1161809e-01   9.2295158e-01  -4.3461613e-01   3.7459461e-02   5.4068216e-01   2.2303236e+00
   2.0000000e+00  -7.1674581e-01  -1.2456757e-01   3.2149688e-01   1.2998710e+00  -8.1687494e-01  -1.7276293e+00
   2.0000000e+00   1.7181998e+00  -2.1259629e+00  -9.9671491e-01   1.2524527e-01  -1.0352768e+00  -1.2583780e+00
   2.0000000e+00   9.2184820e-01  -5.7101878e-01  -2.1110427e-01  -3.4393200e-01  -2.4827948e-03   6.4149759e-01
   1.0000000e+00   4.5196243e-01   5.8591465e-01   9.3959879e-01   2.6021193e-01  -8.9001778e-01  -1.1523807e-01
   2.0000000e+00   1.2712733e-01  -1.3688429e+00   7.2010186e-01  -3.0635345e-01   1.2502629e-01  -1.1108864e+00
   2.0000000e+00  -1.2140605e+00   3.4693640e-01   2.4130883e-01  -4.4875588e-01   1.0031050e+00  -3.9394378e-01
   2.0000000e+00   2.2223289e+00  -2.7335652e-02   8.9995778e-01  -2.4995346e-01  -6.3597316e-01  -7.9329199e-01
   2.0000000e+00   4.4742986e-01   2.5758159e-01   1.2322265e-01   2.7756590e-03  -2.3901826e-01  -1.5952252e+00
   2.0000000e+00   3.9163086e-01  -2.3736830e+00   8.2338918e-01  -3.7039986e-01   7.0600974e-01   1.5197670e+00
   2.0000000e+00   1.5706313e-01  -6.0322760e-01  -7.9320249e-01   7.8008193e-01  -2.3582149e+00  -8.9012230e-01
   1.0000000e+00  -3.5301605e-01   9.3515334e-02   1.9543956e-02   4.8498534e-01   3.1346588e-01  -4.6435487e-01
   1.0000000e+00  -2.4442736e-01  -3.7660216e-01  -9.8786094e-01   1.9142020e-01  -1.3057855e-01  -2.0226260e-01
   1.0000000e+00  -1.1685651e+00   1.2912176e+00   7.1055736e-01   1.5683420e-01   9.3680897e-02   3.2730205e-01
   2.0000000e+00  -1.6421723e+00  -1.6122083e+00  -3.5955640e-01  -2.6480855e+00   1.5467144e+00   5.6391144e-01
   2.0000000e+00   6.7517379e-01  -8.1288500e-01  -6.5273661e-01  -2.4241035e+00  -6.9139348e-01   1.9587719e-01
   2.0000000e+00   4.8705473e-01  -2.4997580e+00  -8.6975026e-01  -6.1866112e-01  -8.3235645e-01   2.5282324e-01
   2.0000000e+00  -4.5818736e-01  -8.4374510e-01   4.2946035e-01  -1.2189311e+00  -1.1210605e+00  -3.4546753e-01
   2.0000000e+00  -3.1949617e-01   5.9017327e-01  -1.8452859e-01   1.8202962e-01   6.5255843e-01   1.3127593e+00
   2.0000000e+00  -9.9488486e-02  -1.3015469e+00  -4.9981565e-01  -4.6575924e-01  -7.4808047e-01   1.0991762e+00
   1.0000000e+00  -5.2422283e-01   1.5248022e-01   4.1165943e-01   4.7622848e-01  -1.3616052e+00  -4.0961200e-02
   1.0000000e+00   3.5424908e-01  -1.5698963e+00   1.4488741e+00   3.1850130e-01  -1.6776936e-01   3.4832677e-01
   2.0000000e+00   7.8868651e-01   1.5288660e+00   1.8878119e+00  -1.6042800e-01   3.7519227e-01   1.5807831e-01
   2.0000000e+00   1.2587196e+00  -9.0572467e-01  -4.4295527e-01   6.8894845e-01  -1.1808289e+00  -9.9382198e-01
   1.0000000e+00  -6.2536019e-01   9.3524225e-02   4.8766346e-01   5.3955068e-01  -1.0281014e+00  -4.0121765e-02
   2.0000000e+00  -5.8732309e-01   2.0592818e-01  -2.2962441e-01  -1.3838979e-01  -3.9437262e-01  -1.2608469e+00
   1.0000000e+00  -1.1964909e+00  -7.0038144e-01   1.5402201e+00   1.3154200e-01   1.8787066e+00   1.9527038e-01
   2.0000000e+00  -1.1009640e+00  -1.2264506e+00   1.6304586e+00  -2.1413284e-01  -1.1593937e+00  -1.7515143e-01
   1.0000000e+00   1.4208752e-01  -2.4662772e+00   1.2391274e+00   8.8355298e-01  -1.3568144e+00  -1.8532660e-01
   2.0000000e+00   3.0066951e-01  -1.4453832e+00   6.9305609e-02   6.5727885e-01  -1.3502311e+00   1.7849040e+00
   2.0000000e+00   2.6785630e-01   1.6720081e+00  -5.0242869e-01  -3.1969906e-01   2.1860166e-01  -4.8769883e-01
   1.0000000e+00  -2.8029027e-01  -8.5925302e-01   5.4398839e-01   2.9464730e-01  -7.5139434e-01  -5.5969797e-01
   2.0000000e+00  -2.4832490e-02  -4.9674152e-03   6.8418157e-01  -5.5589593e-01   9.1168848e-01   1.9484621e-03
   1.0000000e+00  -5.9244552e-01  -1.6180384e+00  -1.2063625e+00   5.5558103e-01   7.9888045e-01   2.9897325e-01
   2.0000000e+00  -1.4020263e+00   1.5001297e+00   1.2135197e+00  -9.3932365e-01  -8.3687295e-01  -1.4341721e-01
   1.0000000e+00   2.4563437e-01   6.5375741e-01  -1.5527103e-01   4.1665418e-01  -2.6039800e-01   2.6669668e-01
   2.0000000e+00   5.2746170e-01  -1.5175113e+00  -5.4128908e-01  -1.0497071e-01   2.1178214e-01   1.9841044e+00
   2.0000000e+00  -6.3936696e-01  -1.1970350e-01   8.3622746e-01  -8.2468021e-03  -1.9424302e-02  -7.5429243e-01
   2.0000000e+00  -1.9955990e-03   3.4134904e-01  -6.7963877e-01  -1.4072004e-01   6.6576225e-01   1.5500430e+00
   1.0000000e+00  -6.1683157e-01   1.3498864e+00   3.6098287e-01   5.8961963e-01  -1.0150974e+00  -3.0888069e-01
   2.0000000e+00   7.9477438e-01   7.7007853e-01  -2.3464370e-01  -4.9824571e-01   1.1454699e-01  -1.0936451e+00
   2.0000000e+00  -1.6791047e+00   7.1627276e-01   1.0474056e+00  -1.5479303e+00   5.9103485e-01   6.8849515e-01
   2.0000000e+00  -2.2510866e+00   3.8023182e-01  -3.3810093e-01   2.4919150e+00   1.1498450e+00  -1.3561716e+00
   2.0000000e+00   3.1721762e-01   2.7353338e-01  -3.0895550e-01  -1.2674626e+00   1.2219765e-01   5.8282708e-01
   2.0000000e+00   4.1916253e-01  -1.5020300e+00  -8.4466195e-02   1.3230300e+00   7.1096354e-01   1.7448788e-01
   2.0000000e+00  -1.0929116e+00   8.5791806e-01   2.8963710e-01  -7.5375903e-01   1.2991808e+00  -8.5629568e-01
   2.0000000e+00   2.4031488e+00  -7.5369177e-01   1.0215059e-01  -3.8560038e-01  -3.8938169e-01   7.5849875e-01
   2.0000000e+00  -5.1478556e-01   4.1718306e-01  -1.2736002e-01  -1.5502746e+00   1.6949778e-02  -2.9874220e-01
   2.0000000e+00   7.3759426e-01  -1.7764674e+00   3.3683491e-01  -3.6730286e-01  -7.1725525e-01   5.8217467e-01
   2.0000000e+00   6.3204882e-01   2.0573370e+00   1.4661568e-01  -1.9178616e-01  -5.3098408e-01  -6.7021964e-02
   2.0000000e+00   3.7843231e-01  -8.5568513e-01  -1.2727396e-01  -6.4387501e-01   6.7131076e-01  -1.4758676e+00
   2.0000000e+00   1.4451764e+00  -2.0903515e+00   1.4979193e-01  -4.9218851e-02  -1.0230777e+00   1.0695828e+00
   2.0000000e+00   6.4238328e-01  -3.8531141e-02   1.1863518e+00  -1.5930405e+00  -1.8717932e+00   5.6491811e-01
   2.0000000e+00  -4.8682210e-02   3.1498129e-01  -1.1560247e+00  -1.1744590e+00  -7.3538041e-01   1.4632178e-01
   2.0000000e+00   9.6912188e-01   3.8513149e-01  -8.8622171e-01  -7.5688712e-02  -5.2399774e-01   3.1908863e-01
   2.0000000e+00  -9.9211518e-01  -1.4337174e+00   8.7314581e-03   3.8192867e-01   6.9870361e-02  -1.2949784e+00
   1.0000000e+00  -3.8493848e-01   3.6889387e-01  -1.2091005e+00   7.2830522e-01   5.7581938e-01  -4.8761027e-01
   2.0000000e+00   2.6424065e+00   9.9713359e-01  -1.1140220e+00  -1.5152884e+00   1.4030389e-01  -8.4801657e-01
   2.0000000e+00  -5.7605329e-01  -9.8806472e-01   1.6745408e+00  -6.3022943e-01  -1.0872803e+00   4.2526419e-01
   2.0000000e+00  -4.4794620e-01  -1.4360420e+00  -1.0250269e-02  -1.2827352e+00   8.8623992e-01   2.9853588e-01
   2.0000000e+00   4.7264255e-01   3.7455000e-01   4.2535167e-01   9.7418270e-01  -6.7757138e-01  -8.5638861e-01
   2.0000000e+00   5.4021934e-01  -9.6463041e-01   1.7863531e-01   6.4689323e-02  -2.6420413e-01  -1.5346678e+00
   2.0000000e+00   1.2621153e+00  -4.1980175e-02   1.2314200e-01  -1.1407612e+00  -1.5323154e+00  -1.1669343e+00
   2.0000000e+00   4.2375962e-01   5.1747878e-01   2.6475333e-01  -9.2900140e-02   5.9028144e-01   8.1439047e-01
   2.0000000e+00   4.8311042e-01  -9.9929697e-01  -7.3415108e-02   1.8182068e+00  -4.0276201e-02  -9.8036709e-02
   1.0000000e+00  -2.5621550e+00  -8.0516270e-01   4.1669697e-02   8.7323327e-02   1.9376183e+00  -7.3211698e-01
   2.0000000e+00   3.0550247e-01  -1.8825679e+00   5.0742519e-01  -3.2629103e-01   2.7481188e-01  -2.7029324e-01
   1.0000000e+00   7.6835488e-01   1.6766939e+00   1.2185471e+00   5.6791261e-01  -1.0180908e+00  -1.8820992e-01
   2.0000000e+00  -6.5993530e-02  -1.2975236e+00  -2.7194214e-01  -1.0017764e-01   2.2525861e-01   5.3629213e-01
   2.0000000e+00   1.5550518e+00  -1.0000899e+00  -1.3544486e+00  -4.5023080e-01   6.4099515e-01  -9.4988869e-01
   1.0000000e+00  -2.2604044e-01   7.8073399e-01   7.3678553e-01   1.1924267e-01   7.6294349e-01  -3.6595161e-01
   2.0000000e+00   4.5530824e-01  -1.2232973e-01   5.7416561e-01  -2.8004806e-01   1.0126177e-01  -3.8729817e-01
   1.0000000e+00  -2.4549057e-01   7.4011748e-01  -1.2892756e+00   2.8901565e-01  -1.6782046e+00  -6.0350636e-01
   2.0000000e+00   9.9729850e-01  -3.0586987e-01  -8.3795889e-01   1.2776902e+00  -1.6954274e-01   2.3110219e-01
   1.0000000e+00  -1.0661093e+00  -9.5222620e-01  -1.2042761e-01   6.0601352e-01  -3.3345490e-01   3.8939201e-01
   2.0000000e+00  -1.1064294e+00   2.6910315e-01  -5.8257060e-01   2.4130902e+00   6.1585981e-01  -1.3031344e+00
   2.0000000e+00   8.0006006e-02  -3.8615677e-01   1.3516159e+00   2.1831550e+00   1.3702423e+00   1.9896754e-01
   2.0000000e+00   1.8490911e+00  -1.4828613e-01  -9.9181997e-01  -6.6647822e-01  -1.9618340e+00  -1.9548769e-01
   2.0000000e+00   1.3225934e+00  -2.7525697e-01  -1.1147912e-01  -1.7138427e-01   1.1051753e+00   2.2366124e+00
   2.0000000e+00  -2.1339628e-01  -2.3095960e+00  -1.4703102e+00  -7.9030929e-01  -7.3713644e-01  -1.2714084e+00
   2.0000000e+00  -3.3401067e-01  -6.2371641e-01   5.0125145e-01   1.3358258e+00   1.6508348e+00   3.6327911e-01
   1.0000000e+00  -2.0006568e-01  -2.2737303e+00   1.2493965e-01   1.3055734e-01   1.2209032e+00   4.9611014e-02
   2.0000000e+00  -1.9315535e+00  -7.9298651e-01  -2.5586103e-01  -1.4403005e+00   6.1269801e-01  -7.2086356e-01
   2.0000000e+00  -1.1157566e+00   1.8981243e-01  -4.5662872e-01  -4.7569799e-01   2.1302451e-01   1.7518381e+00
   2.0000000e+00   9.3247723e-01  -9.8560574e-01   6.7167615e-01  -8.9674667e-01  -9.0973175e-01   4.5010023e-01
   2.0000000e+00   1.2349482e+00  -1.3092165e+00  -1.0626619e+00   3.8532400e-01   9.0075421e-01  -2.1993445e+00
   2.0000000e+00  -2.3049891e+00  -8.2942603e-01  -6.1271852e-01  -1.2937443e+00  -1.7564575e+00  -3.5317380e-01
   2.0000000e+00   1.2511605e+00  -1.1162964e+00  -1.6239530e+00  -5.4123543e-01   4.7895921e-01  -1.9678368e+00
   2.0000000e+00  -2.6104892e-03   2.1860953e+00   6.7077873e-01  -8.3581485e-01  -1.3055000e+00  -8.5765287e-01
   2.0000000e+00  -3.0149681e-02  -1.7726493e+00  -6.3938069e-01  -7.4211122e-01   2.0405404e+00  -1.3260135e+00
   2.0000000e+00   1.6666071e+00  -1.4532585e-01   1.5601553e+00   1.3499107e+00   1.0182264e+00  -1.4499570e+00
   2.0000000e+00   6.3777231e-01   1.6234994e+00  -3.3349155e-01  -5.3119911e-01  -1.4967836e+00  -1.4751217e+00
   2.0000000e+00  -6.3401284e-01  -6.7539805e-01   2.5204473e+00   1.2998733e+00   9.2396742e-01  -2.6517529e-01
   2.0000000e+00  -2.8894940e+00  -7.9870524e-01  -8.9378853e-01  -6.7806726e-01  -3.0349350e+00  -4.1401471e-01
   2.0000000e+00  -7.3427994e-02   9.7539881e-01   1.3802639e+00   1.6207519e+00  -4.3466868e-02   1.2014883e+00
   2.0000000e+00   5.7149351e-01  -1.9737028e-01  -1.5346188e+00  -2.0545276e+00  -1.8027957e+00  -1.6645532e-01
   2.0000000e+00   6.6666530e-02  -9.1301618e-01   1.1129677e+00   1.6007429e+00  -2.8579833e-01   1.8289956e+00
   2.0000000e+00   8.2348852e-01  -4.6230782e-01  -9.1480216e-01   1.2376711e+00  -4.5961547e-01  -5.1190027e-01
   2.0000000e+00  -1.1908967e+00  -1.0844913e+00  -2.5351678e-01  -1.4650866e+00   1.8274604e-01  -3.0236554e-01
   1.0000000e+00  -1.0561154e+00  -9.5432275e-01  -1.9343492e+00   1.2774474e-02   4.7065240e-01   5.4884940e-03
   2.0000000e+00  -5.5073823e-01  -5.0398794e-02  -2.8978722e+00  -1.2038847e+00  -1.7810280e-02  -8.1029545e-01
   2.0000000e+00  -1.4027549e+00  -9.7588891e-01   1.2690994e+00  -1.9349922e-01   1.3740043e-01  -1.3609476e+00
   1.0000000e+00  -5.6649545e-01  -1.1267274e+00   1.7453803e-02   6.3063543e-01  -2.3980772e-01  -1.5025498e-01
   1.0000000e+00  -4.9287367e-01   2.3322169e-01   4.8776009e-02   7.4905522e-01  -8.0838954e-01  -7.9716138e-02
   1.0000000e+00  -3.2077578e+00   9.4976554e-01   1.0217376e-03   2.2253759e-01  -1.9271682e+00  -4.7433886e-01
   2.0000000e+00   1.1049103e+00   5.2191385e-01   8.6004878e-01   1.8136211e+00  -3.3592225e-01  -6.4854024e-01
   2.0000000e+00  -4.9997217e-01  -1.8099207e+00  -7.3539395e-01  -1.1520305e+00  -2.5138599e-01   1.1637436e+00
   2.0000000e+00   4.4027434e-01  -2.7732513e+00  -2.2178175e-01  -6.2092099e-01  -1.0033401e+00   1.1051662e-01
   2.0000000e+00  -4.7270796e-01   2.2179789e+00  -8.4584695e-01   1.6208968e+00   1.5072811e+00   1.5580738e+00
   2.0000000e+00   9.1095282e-01  -1.2600014e+00  -3.7494803e-01  -2.9997772e-01   7.8688588e-02   7.5677510e-01
   2.0000000e+00   5.4988134e-01   1.0068634e+00   1.0900326e+00  -9.2882274e-01   1.9422345e+00   1.5886401e+00
   1.0000000e+00  -2.3050816e+00   1.4076282e-01   8.9223020e-01   3.0828526e-01  -4.1443014e-01   1.9044727e-01
   1.0000000e+00   1.4515767e+00   9.1377089e-01   2.5017571e-01   7.5242091e-01  -1.1196548e+00  -3.7400056e-01
   2.0000000e+00  -1.3899840e+00   1.8138610e-01  -1.5905468e+00  -1.7673869e+00   8.0279233e-01  -1.5019926e+00
   1.0000000e+00   1.3890335e+00   7.2821375e-01  -2.5680558e+00   2.0074480e-03  -1.7894485e+00  -8.3442851e-03
   2.0000000e+00   1.6524856e+00   1.2733855e+00  -4.9623437e-01   8.4294089e-01  -1.8312608e+00   1.3964789e+00
   2.0000000e+00   1.8828809e+00  -1.8508359e-01   1.2747081e-01  -1.2424733e+00  -2.9417942e-01   2.1336546e+00
   2.0000000e+00   1.6803803e+00   2.4463722e-01   1.0201368e-01  -1.5989176e+00   8.9154126e-04   7.5240436e-02
   1.0000000e+00  -1.3547852e+00  -1.5123089e-01   6.4079578e-02   5.4754004e-01   6.5554674e-01  -2.4097203e-01
   2.0000000e+00  -3.2701586e-01  -6.0614863e-02  -2.1757594e-01   7.5582458e-02   7.1985531e-01  -1.8261317e+00
   2.0000000e+00   2.5736810e+00  -2.1815709e+00   1.1560755e+00  -2.4497751e-01  -1.1587139e+00   2.5617488e+00
   2.0000000e+00  -4.5470801e-02  -2.2375771e+00   8.9115559e-01   1.4252087e+00  -1.2824551e+00   5.1258669e-01
   1.0000000e+00  -2.4371510e-01  -1.8683813e+00   3.6953184e-01   6.3560132e-01  -1.0822577e+00  -4.0414630e-01
   1.0000000e+00   1.3961312e-01   6.4882449e-01  -2.2895651e-01   1.3052133e-01   3.5967294e-01  -4.4578095e-01
   1.0000000e+00   1.1618321e+00   6.9654896e-01  -8.9042128e-01   5.9019112e-01   3.9497880e-01  -3.7445068e-01
   2.0000000e+00   7.6102313e-02   5.9302460e-01  -1.4244396e-02   1.7253476e+00  -1.0573285e+00   2.3146561e+00
   1.0000000e+00   8.4667561e-02   2.2524966e-01  -8.9492341e-01   6.8101472e-01   1.0240119e+00   5.6386765e-01
   2.0000000e+00  -1.0032902e+00  -2.5404833e-01   9.0520759e-01  -5.2733365e-01   9.8099071e-02  -8.6543375e-01
   2.0000000e+00  -8.4519145e-02   1.0824247e+00   1.3579417e+00   1.2874842e+00  -4.2602961e-02  -3.7383108e-01
   1.0000000e+00  -2.0177325e-01  -5.9247528e-01   1.9268357e+00   8.3023665e-01  -1.8167532e+00  -2.3924897e-01
   2.0000000e+00   3.8377786e-01   1.2413904e-01  -2.9161987e-01   1.8871894e+00  -1.0284705e+00   1.0536277e+00
   2.0000000e+00  -2.6999957e+00  -9.2989831e-01  -2.2134131e-01   1.3664202e+00  -9.9530580e-01  -1.7641654e-01
   2.0000000e+00  -2.3367383e+00  -1.0861982e+00  -8.4981185e-01  -1.0592424e+00  -4.4173533e-01   4.9791752e-01
   1.0000000e+00  -3.6435324e-01  -4.5643825e-01  -1.0803398e+00   5.2127144e-01   2.8258368e-02  -2.7313984e-01
   2.0000000e+00  -1.0720709e+00  -2.1801035e-01  -2.0394677e+00  -1.6657102e+00  -6.4826536e-01   6.0781886e-01
   2.0000000e+00  -6.1034027e-01  -7.6870156e-01   2.1261743e-01  -8.4513420e-01   6.8152392e-01   2.3329381e+00
   2.0000000e+00   2.0668833e+00  -2.3032562e+00   3.5562875e-01  -1.5693328e+00  -2.2691954e+00  -2.4670146e+00
   1.0000000e+00  -1.6250455e+00  -5.6814991e-01  -8.1824254e-01   7.0644534e-01   3.5423074e-01  -6.0952711e-01
   1.0000000e+00   1.1491105e+00   6.4665955e-01   5.4000387e-01   5.4400245e-01   1.2086259e+00   4.2466986e-01
   2.0000000e+00   6.0251309e-01   1.8149249e+00  -7.2707190e-01  -5.5466385e-01  -4.8197273e-01  -9.5465172e-02
   2.0000000e+00  -1.0261149e+00   3.3990662e-01   1.1227568e+00   9.6216026e-01  -4.9763341e-01   1.3608139e+00
   2.0000000e+00   5.9201190e-01   4.4455803e-01   1.1377065e+00   2.4072575e-01  -1.4663581e-01  -1.5009527e+00
   1.0000000e+00  -2.6174751e-01  -3.7159031e-01   8.1467199e-01   1.4532933e-01  -7.0810138e-01   6.7715058e-01
   2.0000000e+00   2.9159364e-01  -5.2584839e-01   1.1938643e-01  -5.8377999e-01  -2.5255688e-01   2.0031018e-01
   1.0000000e+00  -5.3394193e-01   1.0906203e+00  -1.0305084e+00   5.8777499e-01   5.5999896e-01   3.9300837e-02
   2.0000000e+00  -1.3539865e-02   7.1948045e-01  -1.3158655e-01   1.1668526e+00   8.4136844e-01  -1.0168274e+00
   2.0000000e+00  -6.4622005e-01   5.6901182e-01  -1.6316930e+00  -1.6360704e+00   5.0067849e-01  -4.2657197e-01
   2.0000000e+00   6.4375233e-01  -3.0541188e-01   1.4131855e-01  -7.1469260e-01  -7.3174427e-01  -1.8667100e+00
   1.0000000e+00  -9.6970783e-01  -3.9957029e-01   1.7860084e-01   4.9997361e-01  -3.0415375e-01   1.3584874e-01
   2.0000000e+00  -4.9455221e-01   1.2906537e+00  -1.2005107e+00   1.0401067e+00  -4.5461512e-01  -1.5118746e+00
   2.0000000e+00  -1.5008014e-02   1.3328775e+00   1.5655137e+00  -2.4190481e-01  -3.5188428e-01   7.9647302e-01
   1.0000000e+00  -9.8148638e-02  -7.5425160e-01   6.3841830e-01   7.3563328e-01  -1.6957101e+00   4.8692074e-01
   2.0000000e+00  -6.3436846e-01  -1.7025013e+00  -4.5578381e-01   2.3712603e+00   1.2050609e+00   7.3160987e-01
   2.0000000e+00  -1.0475208e+00  -8.1705997e-01   1.2318414e+00   7.7450198e-01  -4.8861064e-01  -1.0714746e+00
   1.0000000e+00   2.5133813e+00   3.7140174e-01   9.2553798e-02   5.7379808e-01   9.2898140e-02   7.8191296e-01
   2.0000000e+00   7.3471436e-01  -6.8039618e-02  -6.2576048e-02  -6.4741104e-01   3.6688333e-01   2.1410014e-02
   2.0000000e+00  -5.8486130e-01   7.5732574e-02  -1.0112121e+00   1.3102656e+00  -7.4598166e-02   6.0894815e-01
   1.0000000e+00  -1.3883807e+00   9.6580747e-01   1.3111474e+00   5.2567744e-01   1.8277703e+00  -5.5144599e-01
   2.0000000e+00   4.1948772e-01   3.0790021e-01  -4.2433529e-01   6.6097092e-01  -1.1080959e+00   3.3118177e+00
   2.0000000e+00  -1.6760287e-01   4.3389176e-01  -5.8369296e-02  -3.1292538e-01  -4.7892772e-01  -5.1837658e-01
   2.0000000e+00   7.5892900e-01   8.4721663e-01  -6.5270433e-01  -1.0479732e+00   3.5767663e-01  -5.1693250e-01
   2.0000000e+00  -9.0455436e-01   1.1331285e+00   1.8797778e+00  -1.0393509e-01  -7.4745388e-01  -1.8532366e-01
   1.0000000e+00   6.6767976e-01  -4.5689296e-02  -1.2499589e+00   6.1870657e-01   1.0892609e-01  -2.8170726e-01
   2.0000000e+00  -1.4851425e-02  -1.6901532e+00  -1.3098956e-01   2.8322628e+00  -8.9126165e-01   6.7233307e-01
   1.0000000e+00  -3.0216301e-02  -1.8425617e-01   1.6632833e+00   7.6955348e-01   6.9555107e-01   1.4763384e-01
   2.0000000e+00   2.0620961e+00  -5.2813248e-01  -9.5777254e-02   1.0715908e+00   2.0778505e-01  -2.3274073e-02
   2.0000000e+00   7.1258920e-01  -8.8194744e-01  -6.5038745e-01  -1.4582123e-01   5.0285486e-01  -8.3782086e-01
   2.0000000e+00   4.8502910e-01   1.2962537e-01   1.1441595e+00  -6.6644745e-01  -4.3902614e-01  -1.0022362e+00
   2.0000000e+00   1.2488418e-01   2.2528620e-01   1.9359373e+00   1.5181049e+00  -3.2774190e-01   4.7193129e-01
   2.0000000e+00   1.1856493e+00   1.4011439e+00   1.8322170e+00  -9.4314382e-02  -5.6566159e-01   1.0935155e+00
   2.0000000e+00   1.1905936e+00  -3.6209728e-01   1.3809771e+00  -7.3567153e-01   1.3353954e+00   6.2189355e-01
   2.0000000e+00   6.0235389e-01   9.5164034e-01  -5.2896593e-01  -1.9346398e-01  -6.7068195e-02   1.1643566e+00
   2.0000000e+00   2.1464932e+00  -1.0335310e+00   1.4669608e+00  -5.7675275e-01   1.2260836e+00  -7.7024408e-01
   2.0000000e+00   8.6302522e-01   5.6292689e-01   3.4302579e-01   1.0302357e+00   7.8684970e-01  -2.9656294e+00
   2.0000000e+00   1.4111812e-01   3.7886352e-01  -1.0798790e-01   5.0509884e-01   8.7115124e-01   2.0464569e+00
   2.0000000e+00  -3.4246469e-01  -1.5714295e-01   6.2440384e-01   1.3089360e+00  -4.5025942e-01  -2.3729277e-01
   2.0000000e+00  -8.8609054e-01   1.5688636e+00   1.4126220e+00  -9.6758569e-01   2.2568106e-01   4.3964718e-01
   2.0000000e+00  -2.0189893e-01  -5.8653162e-01  -1.4400428e+00  -2.2745194e+00  -9.4143601e-02   1.1909865e+00
   1.0000000e+00   7.0400081e-01   2.6741926e-01  -1.2413620e+00   7.4142588e-01  -3.7915087e-01   2.4522949e-01
   2.0000000e+00   6.5204008e-01   1.4031842e+00  -5.6926556e-01  -1.8845687e-01   4.4920042e-01  -6.5300760e-01
   2.0000000e+00   5.6904028e-01   2.2256961e+00  -5.0503939e-01   1.9809061e+00   1.6245670e+00   5.8395623e-02
   2.0000000e+00   7.2810436e-02   7.3890184e-01   6.8310932e-01  -1.0927248e+00  -5.5979573e-01  -6.7224769e-01
   2.0000000e+00  -1.6883692e+00  -1.0359939e+00   1.8621346e-01  -1.2199736e-01   7.6694863e-01  -1.6916857e-01
   1.0000000e+00   2.6951255e-01   2.6215025e-01  -1.0942980e-01   4.6626866e-01  -9.8119742e-01  -4.5394244e-01
   1.0000000e+00   9.4343632e-01  -1.7222876e+00  -8.2229945e-01   9.7329080e-02   2.6811601e-01  -1.8529854e-01
   1.0000000e+00  -2.3430759e-01  -1.5895191e+00   2.6491926e-01   2.2425843e-01   1.3170916e+00   7.5656940e-01
   2.0000000e+00   7.3340540e-01   1.0489254e+00   1.9466666e-01  -4.6166413e-01  -6.2939937e-03  -1.3060682e+00
   2.0000000e+00   4.5195006e-01   1.1140740e-01  -1.2390439e+00  -3.3384913e-01  -1.1158730e+00  -8.8929443e-02
   2.0000000e+00  -6.0491752e-01   1.3746147e+00  -2.5292962e-01   1.9749508e+00   4.7319069e-01  -8.5681177e-01
   2.0000000e+00   7.9410734e-01  -1.0029723e+00  -2.0316649e+00   7.3868800e-01  -4.1577324e-01  -1.3487191e+00
   2.0000000e+00   9.9656122e-01  -5.1457265e-01   3.4717111e-01   1.0008364e+00  -3.0354668e-01   1.1265032e+00
   2.0000000e+00  -1.0925890e+00   2.2261281e+00   1.6636229e+00  -5.2067749e-01   8.9999336e-02  -6.6987830e-01
   1.0000000e+00   4.5961691e-01   6.7420406e-01  -2.4030475e-01   2.6660433e-01  -2.7057166e-01   4.4071105e-01
   2.0000000e+00  -5.9842519e-01   3.0884970e-01   3.7871448e-01   7.6506396e-01  -9.2852007e-02   1.3881767e+00
   1.0000000e+00  -2.9010335e-01   2.9713605e-01  -7.7700577e-01   1.1510718e-01  -2.1021339e-01  -6.8472363e-01
   1.0000000e+00  -6.7051668e-01  -1.3381895e+00  -1.4276698e-01   3.6239234e-01  -1.2055655e+00  -8.4787234e-01
   2.0000000e+00  -5.6890816e-01  -3.4571951e-01   8.2522994e-01  -1.2118063e+00   3.7234749e-01  -9.7679658e-02
   2.0000000e+00  -7.7554331e-01   4.5726559e-01   2.1852647e-01   1.8276091e+00  -2.3506592e+00   9.8132809e-01
