   2.0000000e+00   5.3117550e-02   1.1150394e+00   3.3295210e-01   2.0719483e-01  -2.2569424e-02   2.2275953e-01
   2.0000000e+00   3.4627062e-01  -1.5708730e+00   4.5172465e-01  -1.2197502e+00   1.2592051e-01   4.4501782e-01
   2.0000000e+00   5.5249730e-01  -4.6391973e-01   4.3806945e-01  -1.3924380e+00   2.1824931e+00   1.6497408e+00
   2.0000000e+00  -7.0985890e-02   2.1722383e+00  -2.4478548e+00   4.4530719e-01  -6.2884742e-01  -2.3710730e+00
   1.0000000e+00  -2.0504857e+00   3.6511793e-01  -1.2069387e-01   8.2664345e-01  -2.9943548e-01  -1.1863925e+00
   2.0000000e+00  -1.8008826e-01   6.9916147e-01  -1.0297940e+00  -4.9278012e-01   7.4487875e-01  -1.2069782e-01
   2.0000000e+00   1.0080755e+00  -1.2181829e+00  -1.7527393e-03   6.7462227e-01  -8.7418395e-01   1.1582452e-02
   2.0000000e+00  -3.4048581e-01  -9.6961580e-01   1.6206874e+00   2.6238429e-01  -6.2996702e-01  -1.0686632e+00
   2.0000000e+00  -1.2099287e+00   1.4453702e+00  -4.5718758e-01  -8.5227636e-01   2.9079529e-01   2.4876267e+00
   2.0000000e+00  -1.4189261e+00   9.8096242e-01   8.4290764e-01   9.3247470e-02  -9.2363547e-01  -7.6692239e-01
   2.0000000e+00  -1.9643433e-01  -9.3374032e-01  -5.5437339e-02  -1.7336485e+00  -1.4212141e-01   4.9729301e-01
   2.0000000e+00   1.3186476e+00   9.0891157e-01   2.8078371e-01   2.7893189e-01  -1.9519025e+00   4.6336116e-01
   2.0000000e+00   1.7435210e-01   5.2053800e-01  -2.8421491e-01  -6.9548364e-01  -8.9120808e-01  -2.5900941e+00
   1.0000000e+00   9.3110109e-01   1.0325030e-02   6.5510340e-01  -1.3923936e+00   2.5217102e-01  -7.0835429e-01
   2.0000000e+00   5.3434176e-01  -1.8475776e-01  -2.2006099e-01  -1.1326764e+00  -1.2773549e+00   1.1154593e+00
   2.0000000e+00   4.5522978e-01   1.1553641e+00   7.1807266e-01   2.6492413e-02  -3.2626313e-01   1.2900391e+00
   2.0000000e+00  -1.4702463e+00  -2.0175276e+00   1.0662969e-01  -1.4311286e-01  -1.6359694e+00  -1.6897364e+00
   2.0000000e+00   4.7279104e-02  -8.6470433e-01  -2.0151047e+00   9.4706180e-01   6.7519819e-01   1.7871333e-01
   2.0000000e+00  -2.1087911e-01   2.7678026e+00  -3.4937272e-01   1.4653736e+00  -3.4419730e-01  -1.2356482e-01
   2.0000000e+00   1.1251431e+00  -7.3900373e-01  -9.6214640e-01   2.7541277e+00   7.0160279e-01  -5.0186894e-01
   2.0000000e+00   7.6258842e-01  -7.0213059e-01  -2.3703324e+00   2.0207186e+00   1.2155355e+00  -4.2284355e-03
   1.0000000e+00  -6.6617675e-01   2.3971687e-01   9.7950364e-01  -1.5525590e+00   6.0930226e-01  -1.5889883e+00
   2.0000000e+00  -1.3461500e+00   5.5606544e-01  -8.0517969e-01  -2.8337116e-02  -1.0075772e+00  -3.6108340e-01
   2.0000000e+00  -2.7503676e-02  -6.2683367e-01  -6.4659022e-01   1.6073804e+00  -6.7030587e-02   5.0574874e-02
   2.0000000e+00   4.2462136e-01   4.7232402e-01  -4.1160669e-01  -1.9863154e+00  -1.8352337e-01  -5.4357748e-01
   2.0000000e+00   1.0364881e+00  -4.0044528e-01  -3.1329088e-01   7.8013631e-01   1.6982043e+00   1.4725789e+00
   2.0000000e+00  -4.8935822e-01  -6.3999504e-01   1.1712277e+00  -3.0256826e-01  -5.1210047e-02  -3.8944772e-01
   2.0000000e+00  -1.8219352e+00  -1.7202825e+00  -6.3623557e-01  -2.7630652e-01  -1.2854080e+00  -5.3152135e-01
   2.0000000e+00   1.5599984e+00   1.1261787e+00   8.4800561e-01   1.2715664e+00   1.0671608e+00  -6.1053234e-01
   2.0000000e+00   1.0014131e+00   7.2108605e-02   5.9949306e-01   7.7840397e-01   2.4518725e+00   5.7956774e-03
   1.0000000e+00   3.4421030e-01   2.2977390e-01  -1.5344337e+00   1.9070093e+00  -7.1502415e-01  -7.6694832e-01
   2.0000000e+00  -1.1337112e+00  -1.0486961e+00   6.4929027e-01   1.0221020e-01  -8.7395979e-01   2.4603785e-01
   2.0000000e+00  -4.1544532e-01   1.5478408e+00   7.2151191e-01   5.4911498e-01   1.8926151e-01  -2.9949780e-01
   1.0000000e+00   7.2692543e-02   7.6052604e-02   1.3830969e+00  -6.4782743e-01   8.2381842e-01  -2.0691278e+00
   2.0000000e+00  -7.2070112e-01  -1.1250738e+00   3.0108429e-01   1.6071120e+00   6.6434941e-01   6.0656880e-01
   2.0000000e+00   5.9616440e-01   1.9718518e+00  -6.2887758e-01   1.2255933e+00   1.0792999e+00   8.4111375e-01
   2.0000000e+00  -7.5294204e-02  -1.9078202e-01  -1.5132027e+00   5.4753708e-01  -1.5406693e-01  -5.9205226e-01
   2.0000000e+00  -2.3263250e-01   1.1665841e+00  -1.0183219e+00  -9.0239847e-01  -5.4835382e-02  -1.1005206e+00
   2.0000000e+00  -1.3770761e+00   5.1856917e-01  -1.3228848e+00  -7.0288473e-01  -1.8493174e+00   6.9130614e-01
   1.0000000e+00   2.1453514e+00   1.1536982e-01  -4.9140860e-01  -2.6013133e-01   4.2664769e-01  -2.8357936e-01
   2.0000000e+00  -1.3858095e+00  -1.9926208e-01  -1.5587409e+00   1.3933121e-01  -4.0793342e-01  -7.7058747e-01
   2.0000000e+00   4.4207225e-01   3.5172729e+00  -1.2219550e+00   1.0307679e+00  -1.0383944e+00  -4.7812337e-01
   2.0000000e+00  -2.6784762e-01   1.4472948e-01   1.2155205e-01  -6.3751259e-01   1.4462881e+00  -9.8494749e-01
   2.0000000e+00  -5.4596049e-01   1.7600749e+00   5.7712126e-01  -9.2472882e-01  -3.6090498e-01  -6.9943499e-01
   2.0000000e+00   3.5706240e-01   1.0178285e+00   2.6315283e+00   2.3881141e+00   1.4080184e+00  -9.3960191e-01
   2.0000000e+00   1.5547402e+00  -2.7043587e-01  -1.1911139e+00   2.2681531e-01   1.2381837e+00  -6.8272984e-01
   2.0000000e+00  -3.3564678e-01   1.2512531e-01  -1.8423683e-01   5.3169324e-01   1.1362258e+00  -5.7344489e-01
   1.0000000e+00  -4.8931360e-01   4.0144289e-01   2.4257972e-01   1.4468456e+00  -8.8797822e-02  -1.3874187e+00
   2.0000000e+00  -8.5187679e-01   1.3493171e+00   8.1267802e-01  -7.5818856e-01   1.3378957e-01   6.1445213e-01
   2.0000000e+00  -1.9491844e-01  -1.9194300e+00   1.7231274e-01   3.8879137e-01  -1.4850300e+00  -5.5027987e-01
   2.0000000e+00  -4.0197136e-01  -8.1465577e-01   5.9857444e-01   1.8354732e+00  -6.9875132e-01  -4.8902027e-01
   1.0000000e+00  -1.4714207e+00   1.5854317e-02  -2.8909929e-01   1.9606310e-01  -3.3052366e-01   1.7630552e+00
   2.0000000e+00   5.6541701e-01  -4.9684374e-02  -7.0956587e-01   5.3728751e-01   1.5307670e-01  -7.8395862e-01
   2.0000000e+00  -1.0964670e+00  -2.8675698e-02  -3.1082407e-01   1.2580920e+00   1.8006295e-02   5.4678727e-01
   2.0000000e+00  -5.1678820e-02  -4.6181050e-01   2.8060331e-01   1.0691506e+00   1.9262825e-01  -3.4015214e-01
   2.0000000e+00   2.2431534e+00  -6.8394695e-01  -6.7030218e-01   6.2312128e-01   8.7197536e-01  -8.5364428e-01
   2.0000000e+00   9.4769795e-01  -1.7266952e+00   1.3130520e+00   1.2953381e+00   7.5202749e-01  -1.3258053e-01
   1.0000000e+00   2.0159093e-01   5.2591035e-01   6.1304376e-01   6.4939594e-01  -8.2128182e-01   2.2299045e-01
   2.0000000e+00   3.2178219e-01  -4.0938446e-01   1.7984062e+00   4.8460945e-01  -2.1821150e-01  -8.9459869e-01
   2.0000000e+00  -1.8899465e+00  -5.4710347e-01  -5.1167380e-01   2.6838563e+00  -1.4551639e-01   4.7124004e-01
   2.0000000e+00  -1.4094444e-01   1.0728509e+00  -1.2750107e-01  -1.2697364e+00   1.2262698e+00  -1.0687594e-01
   2.0000000e+00   1.5117700e-01   3.8392965e-01  -2.7307772e-01  -9.4531908e-01  -1.3094280e+00  -1.1851872e+00
   2.0000000e+00   6.4273464e-01   1.5197379e-01  -2.0116500e+00  -2.1125574e+00   9.3247328e-01  -3.5253146e-01
   2.0000000e+00  -1.7933963e+00   2.1245949e+00  -6.9360442e-01   4.8708537e-01  -2.0606054e-01   4.8392262e-01
   1.0000000e+00   1.6144101e+00   7.7455655e-03  -2.5854883e+00  -1.4693125e+00  -9.4956164e-01   4.3228868e-02
   2.0000000e+00   2.1034031e-01   7.0432247e-01   1.3359543e+00  -3.1729622e-01   1.0957714e+00   1.0255734e-01
   2.0000000e+00  -6.2492522e-01  -1.9257234e+00  -8.1435983e-01  -8.4196542e-01   1.3612330e+00  -7.8276230e-02
   2.0000000e+00   8.4553313e-01  -3.2294128e-02  -5.9992976e-01  -8.3128428e-01  -1.1817968e+00   5.7064408e-01
   2.0000000e+00   4.8784585e-01  -8.0818435e-01  -1.1576874e+00  -3.6301191e-01  -1.5719228e-01   7.2541068e-01
   2.0000000e+00   1.7562198e-01   1.1391190e+00  -2.2130090e+00   4.4583231e-01  -1.8119597e-01   6.9742617e-01
   2.0000000e+00  -2.6123243e-01  -1.8964489e+00   6.3410659e-01   4.7479350e-01   3.8230925e-01  -5.6852128e-02
   2.0000000e+00   5.2978632e-01   1.3967374e+00  -8.2564360e-01  -1.3719239e-01   7.1279274e-01   1.3273307e-01
   2.0000000e+00  -5.7156898e-01  -3.6422912e-01  -1.1368563e+00   3.5159698e-02   4.4112738e-01  -1.0857949e-01
   1.0000000e+00  -1.8415087e+00   2.7334822e-01   2.7042661e-02   1.1795429e+00   3.4854204e-01  -3.5407321e-01
   2.0000000e+00   6.2096007e-01  -7.5994867e-02  -1.8091393e+00  -4.8184879e-01  -1.8992562e+00  -2.6406063e-01
   2.0000000e+00  -7.5427965e-01  -1.6106067e+00   1.0456590e+00   2.2758057e-01   7.8409493e-01  -1.3987147e-01
   2.0000000e+00   2.6492722e-01  -1.1617536e+00   2.0093611e-01   7.4106316e-01  -4.3197405e-01   2.8845397e-01
   2.0000000e+00  -7.0630280e-01  -7.0957602e-01  -4.3884994e-02   9.7593861e-01  -1.0122511e-01   3.7170739e-01
   2.0000000e+00  -3.5048252e-01   1.7953829e+00   4.7690089e-01   1.2375227e+00   1.6066497e+00  -2.1927437e-01
   2.0000000e+00  -2.5782293e+00   5.3124427e-01  -1.1660261e+00  -1.2870308e-01  -1.2219928e+00   2.1696650e+00
   2.0000000e+00  -9.2861802e-01   7.0813355e-01  -2.9386625e+00  -1.2757186e+00   1.9131284e+00   7.4494809e-01
   1.0000000e+00   4.9228619e-01   2.5234784e-01   1.3215060e-01   9.9184999e-01  -1.8141810e-01  -4.3986771e-01
   2.0000000e+00  -1.1133491e-01   1.3568901e+00   4.5217946e-04  -8.1747666e-01   1.3393040e+00   3.9816529e-02
   1.0000000e+00  -1.3333256e+00   1.9025563e-01  -1.4147435e-01  -7.4278632e-01  -1.4382359e-01   1.1086410e+00
   2.0000000e+00  -1.3711512e+00   4.2819206e-01  -1.5108748e-01   7.7124775e-02   1.3538603e+00   7.5839807e-01
   2.0000000e+00   1.5127884e+00  -1.2191696e+00   2.6107011e-01  -9.9228636e-01   3.2346198e+00   1.0011553e+00
   2.0000000e+00   8.0347287e-01  -1.9726955e-01  -3.3355097e-01  -9.5867752e-01   1.8885809e+00  -4.3793410e-01
   2.0000000e+00   1.0025102e+00   4.5811625e-01   7.4258167e-01  -4.1414227e-01  -1.9871034e+00   5.0872790e-01
   2.0000000e+00   4.4524359e-01   1.2261382e+00   1.8794265e-01  -7.8445790e-01   2.0057973e+00   3.3828890e-04
   2.0000000e+00  -1.5849322e+00  -6.0416648e-01  -8.5246459e-01  -4.9878546e-01   1.2058532e+00  -1.3730675e-01
   2.0000000e+00  -9.4321151e-01  -3.7622967e-01   1.0561779e+00   4.8428331e-01   1.1110624e+00  -4.3865943e-01
   2.0000000e+00   1.6364702e+00  -1.9722705e-01   2.3099373e-01   1.2005409e+00   1.1221739e+00  -4.1561424e-01
   2.0000000e+00  -6.8921110e-01  -1.4072422e+00   1.2641391e+00   8.7175560e-01   1.1164245e-01  -3.2176449e-01
   2.0000000e+00   2.5990881e-02   1.4019556e+00  -1.8064473e-01  -1.0969142e+00   2.3651314e-01   7.8282917e-02
   2.0000000e+00   4.8871277e-01   8.2627448e-01   1.2860001e+00   6.8702679e-01   1.4852570e+00   6.6579872e-01
   1.0000000e+00   3.4026215e-01   2.6621025e-01  -4.4591244e-03  -8.1090227e-01  -5.0257712e-02  -2.3397160e+00
   2.0000000e+00   1.6857471e+00  -2.9083719e-02   1.8392987e-01   1.1764380e+00   2.4219667e-01   7.3709870e-01
   2.0000000e+00  -3.9850444e-01   1.6679391e-01  -1.6314426e-03  -8.2770970e-02  -1.2288409e+00  -2.2371776e+00
   1.0000000e+00   8.1952108e-02   2.5117559e-01   4.6984184e-01  -9.5810955e-01   9.0885314e-01  -5.5980403e-01
   2.0000000e+00  -5.6441064e-01  -4.1230279e-01  -1.6481511e+00   1.2828276e+00  -1.0462268e+00  -1.1012307e+00
   2.0000000e+00   4.2016814e-01  -1.8902063e+00   1.2269001e+00  -1.4237031e+00   1.3144749e+00  -4.2350212e-01
   2.0000000e+00   1.2308866e+00   7.6582522e-01  -2.0405783e-01  -2.0262066e+00  -5.4831972e-01  -6.0224691e-01
   2.0000000e+00   9.4602191e-01   9.1680839e-01  -8.9794848e-01  -2.0504939e-01  -8.7244970e-01   4.7759835e-01
   2.0000000e+00   8.8844352e-01  -8.1286421e-01   2.8585768e-01  -8.0894302e-02   3.7499780e-02   1.8259227e+00
   2.0000000e+00   1.3078601e+00   1.0419247e+00  -1.4859035e-01  -1.8482972e+00  -5.1729819e-02   3.1811802e-01
   2.0000000e+00   7.1233689e-01  -7.2805410e-01   7.1900134e-01  -1.6960035e-01  -1.4979124e+00   1.5984905e+00
   1.0000000e+00  -5.2520251e-01   8.9264021e-02  -1.6363867e+00  -3.9933279e-01  -1.5112119e-02   9.7082837e-02
   2.0000000e+00  -9.8714398e-01   6.6516041e-01   1.0730521e-01   2.6723309e+00  -1.2104954e-02   4.4680284e-01
   2.0000000e+00   2.4135339e-01  -7.2728565e-01  -7.8264848e-01  -1.5605811e+00  -3.3550075e-01   6.3648607e-01
   2.0000000e+00   1.4883851e+00  -3.3078475e-01   3.8025574e-01   2.5098408e-01  -8.2390344e-01  -3.1184023e-01
   2.0000000e+00  -1.3977874e+00   3.4526857e-01   2.1320161e-01  -7.6897193e-01   2.3384426e+00   6.0837617e-01
   2.0000000e+00  -3.9448427e-01  -8.4400926e-01   5.4540881e-01   1.8717351e+00   7.0577900e-01   2.2614185e+00
   2.0000000e+00  -1.1716572e-02   2.3127363e+00  -4.2646458e-01   2.0872256e+00  -9.0724286e-01   4.3272502e-01
   2.0000000e+00  -7.1098961e-01  -1.9367818e-01   7.2592708e-01   2.6216340e-01   1.7106878e-01  -5.5507891e-01
   2.0000000e+00  -9.0290179e-01  -4.0219334e-02  -7.4660416e-01  -7.9780448e-02  -9.0761428e-02   5.2371266e-01
   1.0000000e+00  -5.2686190e-01   4.6214979e-01  -8.2019819e-01  -2.8150945e-01  -1.6715436e-01  -6.7209334e-01
   2.0000000e+00  -1.6285733e+00   1.1983822e+00   1.1265944e+00  -1.4646221e+00   1.0928676e+00  -1.8916371e+00
   1.0000000e+00  -3.1612390e+00   2.6593384e-01  -2.8107617e+00   9.9544031e-01   4.9535860e-01   5.2460935e-01
   2.0000000e+00  -1.2144775e+00   2.0657957e+00   1.3471490e+00  -4.1836500e-01   6.6513318e-01   1.2167062e+00
   2.0000000e+00   1.0090585e+00  -1.2192710e+00  -7.3883633e-01  -3.6142520e-01   5.4936316e-02   1.5600602e+00
   2.0000000e+00   4.6742901e-01  -1.5383149e+00   4.9087151e-01  -3.3651189e-01   1.7769791e+00   6.6306077e-01
   2.0000000e+00   1.7495765e+00   1.4801403e+00  -6.4239173e-01  -3.1903506e-01  -2.2310473e-01   2.5157778e+00
   2.0000000e+00   2.2284967e+00   2.4402805e+00   1.5638071e+00   6.1616159e-01   1.9958477e+00  -1.8062505e-01
   1.0000000e+00   1.0251844e+00   1.5130043e-01   2.4814100e-01   1.2078565e+00   7.9561743e-01   7.2707310e-01
   2.0000000e+00  -8.7507538e-01  -1.2646017e+00  -6.6411794e-01  -2.0755525e+00   1.5105835e-01  -8.9795720e-01
   2.0000000e+00  -7.9446670e-01  -3.2674138e-01  -6.3435741e-01   9.3452148e-01  -4.6073523e-01   9.1046551e-02
   1.0000000e+00  -9.0537695e-01   3.5516980e-01   4.5766929e-02   9.0229523e-01   7.8167999e-01   1.4615754e+00
   1.0000000e+00   6.8563542e-01   7.4200031e-01  -4.7410369e-01   8.3366999e-01   1.6398252e-01   1.0852710e+00
   2.0000000e+00  -7.0857222e-01  -1.5268189e+00   1.4935861e+00   1.0681905e+00  -8.5021425e-01   1.7203127e-01
   2.0000000e+00   1.2607798e+00   4.5377043e-01  -6.6608031e-02   2.7691768e+00   9.4575266e-01   6.1339192e-01
   1.0000000e+00   1.8673581e+00   3.3824567e-01  -1.4305092e+00  -5.5742700e-01   6.9484494e-01  -4.1972956e-02
   1.0000000e+00   1.0720743e+00   7.1918680e-01  -6.9619578e-02   2.3121196e-01  -8.4477610e-02   5.9031798e-01
   1.0000000e+00   5.0716762e-01   2.3308521e-01   1.0837419e+00  -3.0714473e-01  -9.4500820e-01   1.7565698e+00
   1.0000000e+00   7.6528156e-01   4.7334995e-02  -9.5752000e-01  -5.9421926e-01   5.4815095e-01   4.5450243e-01
   1.0000000e+00  -8.7786789e-02   5.2687867e-01   3.3285689e-01   1.0997306e+00   3.2505139e-01   1.0152141e+00
   2.0000000e+00   1.9235918e-01  -1.2569408e-01   6.8302065e-01   3.3610813e-01   1.2341210e+00  -1.4187482e+00
   2.0000000e+00  -4.2459680e-01   1.3384658e+00   1.4772100e+00  -6.6045906e-02   2.9194225e-01   7.4640821e-01
   2.0000000e+00  -1.6789893e+00   1.0805337e+00   2.4719118e+00  -3.3157875e-02  -1.0854939e+00  -2.4612198e-01
   2.0000000e+00   3.1674950e+00  -7.2660364e-01  -3.4400458e-01   4.8799001e-02  -7.2484604e-02   6.4034385e-01
   2.0000000e+00   1.6769876e+00  -1.9457269e+00  -9.9625831e-01   1.0352403e+00   6.4850800e-01   3.1147885e-02
   2.0000000e+00  -3.7489400e-01   7.9173705e-01  -5.9053131e-01   3.3081614e-01   1.5578465e+00   2.3064284e-01
   2.0000000e+00   1.3436251e+00  -2.5013007e-01   2.4509552e-01  -6.6989815e-01  -1.0891840e-01  -4.3488023e-01
   2.0000000e+00  -1.1344098e+00  -5.9812680e-01  -9.5051782e-01  -8.5830989e-01  -2.5907244e-01  -4.2318328e-01
   2.0000000e+00   2.5713904e-03  -6.9782320e-02   1.5062026e+00  -9.0742381e-01  -1.1610022e+00   5.0065312e-01
   2.0000000e+00  -2.0496802e+00  -7.3572065e-02  -3.8830711e-02   5.8235384e-01   6.8760749e-01  -2.1169841e-01
   2.0000000e+00  -5.7103775e-01  -1.0911410e+00  -4.9661867e-01  -4.4722639e-01   1.0944397e+00  -2.5705992e-01
   2.0000000e+00  -1.0250108e+00  -3.7971951e-01  -1.8596793e-01  -1.2068128e-01  -9.6695254e-01  -3.0517002e-01
   2.0000000e+00   2.2897750e-01  -4.7271279e-01  -9.3635799e-01  -2.0293734e+00   2.4920201e-01   1.0567500e+00
   2.0000000e+00   2.2891953e+00  -2.1519508e+00  -9.2134862e-01  -5.0553823e-01  -2.3466717e-01  -5.1610102e-01
   2.0000000e+00   4.9887560e-01   7.9538675e-01   7.8971438e-02   7.4010088e-01   1.1953423e+00   1.6992019e+00
   2.0000000e+00   2.4277559e+00  -9.3011894e-01  -1.2669595e+00  -1.5612859e-01  -1.6904607e+00   1.2828186e+00
   2.0000000e+00  -8.6652897e-01  -8.0388426e-01   1.4373908e+00   1.3985624e+00   1.1742257e+00   1.3037357e+00
   2.0000000e+00  -1.7261403e+00  -8.1491231e-01  -9.0665619e-01   5.3581214e-01  -6.6371577e-01  -3.1218009e-01
   2.0000000e+00  -2.7614482e-01   8.6784394e-01  -1.6470785e+00   1.9993726e+00  -3.5704353e-02  -2.0845402e+00
   1.0000000e+00   8.1322437e-01   3.5515770e-02  -4.5798301e-01   1.0399165e+00  -5.9131109e-01   1.1455603e+00
   2.0000000e+00   3.4810591e-01   1.0943791e+00   8.7690040e-01  -1.6980551e+00  -1.7717140e+00  -1.0992091e+00
   2.0000000e+00   1.8317991e-01   2.3915148e-03  -7.5323773e-01  -2.7226269e+00  -4.9636194e-01   6.9729588e-01
   2.0000000e+00   4.0633035e-01   2.0953423e+00   2.1022148e+00  -5.1553324e-01   2.1995142e-01   3.4407145e-01
   2.0000000e+00   1.7498535e+00  -2.3030533e+00   1.3355691e+00   1.3206114e+00   9.7078463e-01  -5.3914627e-01
   2.0000000e+00  -1.4011109e+00   2.1582963e+00  -1.3340873e+00   2.1602548e+00  -3.4961330e-01   4.5514420e-01
   1.0000000e+00   2.2670062e-01   1.0763035e-02  -4.3591006e-01   1.6958078e+00   1.5361244e-01  -8.1984781e-01
   2.0000000e+00  -1.3383194e-01   4.6077964e-01   7.6324108e-01  -2.2141156e-01   1.5298362e+00   3.5324411e-02
   1.0000000e+00  -1.5996909e-01   5.8463616e-02  -1.9665082e+00  -7.4966001e-01   8.9478354e-01   6.8397340e-01
   2.0000000e+00  -1.4781946e+00   2.1926548e+00  -1.8629312e+00   7.7824964e-01   5.5565188e-01  -8.1135319e-01
   2.0000000e+00   5.5672136e-01  -1.1749652e+00  -2.7637055e-01  -7.5997059e-01   5.1594382e-01   2.1675153e-01
   2.0000000e+00   1.0356013e+00  -1.0153244e+00   1.0663852e+00  -1.1139273e-01   3.2418625e-01  -7.5344825e-01
   2.0000000e+00   1.4032683e-02   1.1108831e+00  -2.2917987e+00  -1.1103510e+00   4.7668918e-01  -1.4112336e+00
   2.0000000e+00  -8.2610527e-01  -1.7801117e-01   8.7054093e-01  -6.0451081e-01   1.2629265e+00  -3.6520209e-01
   2.0000000e+00   2.0062725e+00   4.1943556e-01   1.1515031e+00  -2.3929857e+00  -3.5738693e-01   8.3619150e-01
   1.0000000e+00   5.0874284e-01   6.9592182e-01   2.3119500e-01  -8.2583787e-02   2.9949458e-01  -6.0521257e-01
   2.0000000e+00   3.6325080e-01  -8.3131679e-01  -2.4697202e+00   2.5453829e-01   8.7876207e-01  -4.2419261e-01
   1.0000000e+00  -1.2313469e+00   8.0320844e-01   7.7154050e-01  -8.6929947e-02  -5.8946733e-01  -6.1880620e-01
   2.0000000e+00  -5.3156015e-01  -2.1775745e+00  -3.6537376e-01   5.2804383e-01   5.7579529e-01   8.9922563e-01
   2.0000000e+00  -1.0348669e+00  -1.9061267e-01  -9.8145699e-01  -2.0017761e+00  -1.2096862e-01   3.2218983e-01
   2.0000000e+00   1.9845219e+00  -3.8463170e-01  -2.2774860e-01   2.0869325e-01  -8.4172656e-01   8.9854064e-01
   2.0000000e+00   1.1859609e+00  -2.6861405e-01  -5.5935845e-02   7.6200303e-01   6.9031380e-02   9.1052914e-01
   2.0000000e+00  -1.1098612e-01  -3.5119763e-01   3.7451253e-01  -5.3380146e-02   1.1728270e+00  -1.0362991e+00
   2.0000000e+00   4.2638150e-02  -7.8070966e-01  -2.0293318e+00   6.2038727e-01  -1.2838623e+00  -4.1796749e-01
   2.0000000e+00   8.1197122e-01   1.0379470e+00   1.0597598e+00   1.4830634e+00  -1.2971430e-01  -4.9481945e-01
   2.0000000e+00   2.7152694e-01  -2.4192263e-01   1.6793457e+00   1.1408864e+00  -1.0618689e-01   7.0207324e-01
   2.0000000e+00   1.0199942e+00  -3.5811813e-02   1.6370200e+00  -1.0647252e+00   1.9724875e-01  -2.9806668e-01
   1.0000000e+00   5.5803222e-01   5.7011322e-02   2.5310451e-01  -1.0524224e+00   7.3846711e-01   1.5800617e+00
   2.0000000e+00  -2.1821213e+00  -8.6029220e-01   1.8821490e-01  -8.0309721e-01  -6.1248870e-01  -7.4353105e-01
   2.0000000e+00   1.6116048e+00  -1.3062436e+00   1.1504096e+00   1.8255526e-01   9.6431360e-02   2.2338014e+00
   2.0000000e+00  -3.8475625e-01  -4.8068179e-01   6.6243076e-01   1.2980887e-01  -2.5210180e-01   4.5978462e-01
   2.0000000e+00   6.0099508e-01   1.1061716e+00   1.7466031e-01   5.0483097e-01   1.2632481e+00   3.0008709e-01
   2.0000000e+00   4.0048702e-01  -8.1417229e-01   9.1193010e-01  -1.2795017e+00  -5.7154921e-01  -1.6614394e+00
   2.0000000e+00   1.5670172e-01   1.2238368e+00  -2.1948036e+00   3.8760776e-01   6.0368685e-03   2.3577008e+00
   2.0000000e+00  -1.9048039e+00   1.3103092e+00   1.2859180e+00  -5.6895135e-01   3.8569948e-01  -4.0567870e-01
   2.0000000e+00  -4.5184384e-01   1.3496238e+00   1.2637280e-01   6.8758084e-01  -1.0731120e+00   1.3865393e+00
   1.0000000e+00  -2.3767032e-01   8.5921609e-01  -3.6626739e-01   1.5068421e+00   2.2058032e-01   2.2054897e-01
   2.0000000e+00   1.6893075e-01   8.0540138e-01  -4.6195923e-01   2.2048799e-01   6.1044199e-01   1.0499577e+00
   2.0000000e+00  -1.6543733e+00  -3.0615889e-01  -2.5506897e-01  -2.5695990e-01   1.7517177e+00   1.0460515e-01
   2.0000000e+00  -1.5075630e+00   1.6280820e+00   1.5909149e+00   2.5615943e+00  -6.5541196e-01  -8.1964369e-01
   2.0000000e+00   1.8709292e+00   4.2249403e-01  -6.2931525e-01  -1.5966055e-01  -2.0973983e+00  -3.6079625e-01
   1.0000000e+00  -1.0065417e+00   5.5429747e-01   1.9440199e+00  -1.3329171e-01   4.9250214e-01   1.0329512e+00
   2.0000000e+00   1.0391526e+00  -1.4325413e+00   8.5022152e-01   1.4157717e+00  -1.1875769e+00   1.3535941e+00
   2.0000000e+00  -9.9521625e-01  -9.3772641e-01  -1.8411711e-01   1.2020355e+00   4.4741130e-01   5.5393224e-01
   2.0000000e+00   1.5232791e+00   1.2540604e+00  -1.0613678e-01  -9.9573731e-01  -1.9466996e+00   5.6902585e-01
   2.0000000e+00  -3.9496934e-01  -3.0843197e-01  -1.6632591e+00  -3.8173915e-01  -2.9323000e-01  -1.1017707e+00
   2.0000000e+00  -1.8221014e+00   5.4101053e-01   6.2725981e-01   2.0588199e+00   1.1196425e+00   1.7903792e+00
   2.0000000e+00   1.2399756e+00  -6.9732647e-02   1.6570781e-01   1.0813767e+00  -9.9308670e-02   1.9742459e-01
   2.0000000e+00  -1.5437069e-01  -3.1402047e+00   4.8708078e-01  -6.2027819e-01  -3.0995519e-01  -5.0887336e-01
   1.0000000e+00  -1.6579103e+00   2.2583919e-01   1.2295951e+00   7.7572902e-01  -1.8038196e-01   1.2624217e+00
   2.0000000e+00   8.2218122e-01  -2.4939402e+00   4.0429053e-01  -1.4472038e+00   4.6770359e-02   3.1784124e+00
   2.0000000e+00   6.5936177e-01  -1.0947549e+00   7.5756953e-01   1.1288369e+00  -7.5772704e-01  -3.6342019e-01
   2.0000000e+00  -8.5841086e-01  -1.1275994e+00  -5.6532152e-01   1.6378428e-01   1.2087876e+00  -3.9823035e-01
   2.0000000e+00  -6.6033322e-01   6.8973130e-01   6.7385500e-01   3.5135919e-02   9.2795897e-01   5.0470459e-01
   2.0000000e+00   8.4782110e-03  -1.0040484e-01  -1.4329936e+00  -1.2757371e+00   5.9556907e-01   8.7911272e-01
   1.0000000e+00   6.8330692e-01   7.4101471e-01  -1.7728952e+00  -3.2985097e-01   1.2093618e-01   1.3612140e+00
   1.0000000e+00  -6.4831287e-01   3.6706732e-01   1.0346630e+00  -7.4885327e-01  -7.7770506e-01  -1.4120457e+00
   2.0000000e+00  -2.4633041e-01  -3.9700333e-01   1.0053813e+00   1.5076826e+00  -1.6844256e+00   1.1666468e+00
   2.0000000e+00  -7.9761262e-01  -6.3997715e-01  -2.2510724e+00   7.8319927e-01   4.1550894e-01   3.1093185e-01
   2.0000000e+00   1.5023663e-01  -9.3549723e-01   7.9442013e-01  -6.8900384e-01   5.5901068e-01  -2.9765616e-01
   1.0000000e+00  -8.1745038e-01   1.1223264e-01  -1.3434532e+00   7.0231841e-01  -2.3947034e-01   4.1281408e-02
   2.0000000e+00  -1.6313306e+00  -1.1759089e+00   6.9179825e-01  -1.1425868e-01   7.9237690e-01   5.9574013e-01
   1.0000000e+00  -1.4641284e+00   2.0589887e-01  -5.1965322e-01   2.8592638e-02   1.1545230e-01   2.6043541e-01
   1.0000000e+00  -1.2210334e+00   5.5941280e-01   1.3729209e+00   1.5840138e+00   5.4504027e-01  -5.4237071e-01
   1.0000000e+00   2.1732271e+00   2.3277303e-01   1.1031280e+00  -2.2886999e-02  -6.9287304e-01  -3.8322979e+00
   1.0000000e+00   1.0169810e+00   1.0649684e-01  -8.6762296e-01  -1.3380741e+00   3.1313680e-01   6.4735434e-01
   2.0000000e+00  -6.1515487e-02  -3.3064647e-02  -1.5723121e+00  -6.2975217e-01   1.1109922e+00   9.3000364e-01
   2.0000000e+00   7.3068626e-01   2.0976590e+00   1.7065808e+00   5.4234771e-01   8.2656532e-01   3.0515182e-01
   2.0000000e+00  -1.7829175e+00  -2.9827290e+00  -1.2856393e+00  -1.3702967e+00  -9.3876160e-01  -8.7689899e-01
   2.0000000e+00  -4.4664138e-01   2.3103892e+00  -1.3976358e-01   1.9421797e-01   2.4382230e-01   9.3125441e-01
   2.0000000e+00   1.4462251e+00   1.1728273e+00  -8.2028930e-01   4.7693962e-01  -7.0098147e-01  -1.0250174e-01
   2.0000000e+00  -1.3287739e-01   1.7346835e+00  -1.3585058e+00  -6.5938018e-01   4.3839833e-01   1.6379108e-01
   2.0000000e+00  -1.8847060e+00  -4.0627398e-01   1.2213261e+00  -5.4599664e-01   2.1239086e-01  -5.2471107e-01
   2.0000000e+00  -1.5127363e-02   2.4347279e+00  -2.4674305e-01  -4.7666026e-01  -6.8002582e-01   8.1270541e-01
   2.0000000e+00   2.7881096e-01   1.0255402e+00   3.8966739e-01  -1.2005742e+00  -4.0781487e-01   1.2360377e+00
   1.0000000e+00   4.3629366e-01   9.8228740e-02  -2.1943307e+00  -1.4158407e-01  -8.6952985e-01   2.5550498e-01
   2.0000000e+00  -1.7998403e-01  -8.2624183e-01   6.3228150e-01   1.3587366e+00   5.0966804e-01  -7.5423272e-01
   2.0000000e+00  -7.0944105e-01   2.3709960e-01  -5.3621598e-01   1.5965216e-01   1.2965182e+00   4.0142987e-01
   2.0000000e+00   2.3532130e-01   4.0745860e-01   1.8409605e+00   2.1655251e+00  -2.5182742e-01  -2.6335249e-01
   2.0000000e+00   6.6359616e-01   3.6620622e-01   8.5534702e-01  -1.8144642e+00  -1.0002942e+00   6.4120144e-01
   1.0000000e+00  -5.1125614e-01   7.4681362e-01  -4.8000709e-01  -1.8007818e+00   1.0586810e-01   4.6931604e-01
   2.0000000e+00  -9.1792040e-02  -1.2723719e+00   1.5159342e+00   1.3242235e-01  -1.1864446e+00  -1.0020750e-01
   2.0000000e+00  -8.1663016e-01  -5.1375720e-01   2.1596901e-01   5.7985704e-01   2.5644830e+00  -3.4960860e-01
   2.0000000e+00  -4.2857452e-01   5.9443341e-01  -3.8633407e-01   1.9551010e+00   8.5068497e-05   8.1290765e-01
   2.0000000e+00  -4.6719506e-01   4.4063851e-02  -4.2975962e-01  -9.4925602e-01  -1.5004561e+00   5.8961065e-01
   1.0000000e+00   2.6669689e-01   9.6869212e-01  -4.1812992e-01  -5.5498436e-01   1.6118485e-01  -2.6664677e-01
   2.0000000e+00   8.0516910e-01  -9.1862965e-01  -1.4740263e+00   5.3702226e-01  -8.0174743e-01   7.6698127e-01
   2.0000000e+00   7.1608614e-01  -1.1806683e-01  -8.8512806e-01  -7.9750885e-01  -3.7261449e-01   3.8562041e-01
   2.0000000e+00   5.7718649e-01  -9.7785474e-01  -8.3018742e-01  -2.1031394e-01   2.3480452e+00  -1.9344219e+00
   1.0000000e+00  -1.0806053e+00   4.5783919e-01  -9.9490487e-01  -4.4399020e-03  -5.1168107e-01   9.1161821e-02
   2.0000000e+00  -1.0669620e+00  -4.8621140e-02   5.9794354e-01  -1.2567188e-01  -1.3601616e+00  -1.8818993e+00
   2.0000000e+00  -1.1747415e-01   1.1848867e-01   7.8102754e-01  -7.4072575e-01  -1.1589935e+00   1.0613979e+00
   2.0000000e+00   1.4024412e-02   1.4712057e+00  -5.0065249e-01   1.1891090e+00  -5.3894195e-01  -1.2614860e-01
   1.0000000e+00  -5.2959255e-01   1.3562541e-01   3.5496885e-01   5.2665333e-01   6.5576884e-01  -2.0202251e-01
   1.0000000e+00  -1.2499716e+00   6.8285108e-01  -5.7569049e-01  -6.5904062e-02  -2.2560509e-01   9.7040519e-01
   2.0000000e+00  -1.7747372e-01  -7.2726469e-01   6.5291838e-01   1.3132107e-01  -6.5432740e-01   8.7642984e-01
   1.0000000e+00   1.6462220e+00   6.1348053e-01   5.4104338e-01   4.6140240e-01  -1.5593069e-01   2.2883707e-01
   2.0000000e+00  -7.9654749e-01   2.2898736e+00  -5.0962306e-01   9.2582827e-01  -1.0446194e+00  -2.6553311e-01
   1.0000000e+00  -1.4373902e+00   2.4324500e-01  -7.3469022e-01  -5.2541121e-01   7.9202941e-01  -1.6302412e+00
   1.0000000e+00   3.3427041e-01   1.8176670e-01  -7.0300040e-01  -2.2112671e-01  -7.6954842e-01  -4.7508070e-01
   2.0000000e+00  -2.3782833e+00  -5.0502845e-01  -4.3790528e-01   4.5789006e-01  -7.7187581e-01   1.0609886e+00
   2.0000000e+00   1.9762787e+00   5.6403743e-02  -1.7830209e+00  -2.7819327e-02   1.6900742e+00  -3.8897872e-01
   2.0000000e+00   3.3698965e-01  -1.2382776e-01   3.5176626e-01   3.3430189e-01  -1.5135766e-02   5.7455281e-01
   2.0000000e+00  -1.7905042e-02  -8.7152839e-01   5.7764491e-01  -2.8225404e+00  -1.4245773e-01   3.1375040e-01
   2.0000000e+00  -4.9641333e-01   1.6789751e+00  -1.0604779e-01  -3.9804737e-01   1.4312391e+00   9.1778240e-01
   2.0000000e+00   1.6881920e+00  -1.8327715e+00  -8.0764638e-01  -8.6582945e-01   5.7541204e-01  -5.7169964e-01
   2.0000000e+00   2.3436563e-01   1.3058727e+00   7.2698226e-01   2.0304392e+00   4.1849017e-01   7.1179033e-01
   2.0000000e+00  -1.9358301e+00  -1.0095924e+00  -3.3850454e-01  -1.6567980e-01  -1.7986252e+00   5.2717390e-01
   2.0000000e+00  -1.5844603e+00  -8.6859623e-01   5.5733897e-01  -1.0923275e+00   9.7223243e-02   1.4103759e+00
   2.0000000e+00  -2.3556616e+00   1.3813936e+00  -1.1778909e+00  -1.0572962e+00   1.1292632e+00   9.8330628e-01
   2.0000000e+00  -1.8900945e-01  -2.0398069e-01   9.4190855e-01  -1.4834638e+00   4.0743664e-01  -2.1307619e+00
   2.0000000e+00  -6.9582609e-01  -1.5977752e-01   1.0190156e+00   6.4991750e-01  -4.2659244e-01  -1.0376167e+00
   2.0000000e+00  -4.6490522e-01  -5.0660258e-01  -4.3609132e-01  -8.3684432e-01   1.5750239e-01   3.7350232e-01
   2.0000000e+00  -1.1176197e+00  -6.5172016e-02  -2.0819243e-01  -2.5138254e-01   1.6463692e-01   8.6840912e-01
   2.0000000e+00  -3.1363119e-01   2.7556637e-01  -3.8522755e-01   1.1050471e+00  -1.7231571e+00  -4.6159184e-01
   2.0000000e+00   2.3949556e+00  -1.0657131e+00  -1.9935394e+00  -1.0635294e+00  -2.9561145e-01  -1.3886773e+00
   1.0000000e+00  -5.9955594e-01   1.9099116e-01   9.4279704e-01  -4.5380193e-01  -9.6131016e-01   9.3888187e-01
   1.0000000e+00   1.1787494e+00   3.3794701e-01  -1.2337481e-01   6.8226196e-01  -4.5258794e-01   1.3452622e+00
   2.0000000e+00   1.0018213e+00  -8.5434004e-01   6.1455914e-01   8.0075666e-02   2.1337776e+00   5.4923186e-02
   2.0000000e+00   5.0794427e-01  -1.3349235e+00   7.6583691e-01   9.8194699e-02   6.6203435e-01   8.6514661e-01
   2.0000000e+00  -4.3091276e-01  -1.5843016e+00   4.9116915e-01   2.2446614e+00  -1.8142614e+00   3.6831065e-02
   2.0000000e+00  -4.9521169e-01   2.2730352e+00   5.4738153e-01   1.0549527e+00   7.9075508e-01   6.5191504e-02
   2.0000000e+00  -7.7307923e-01  -7.0563047e-01  -5.9058156e-01  -1.5873612e+00  -1.2009152e+00   1.2121657e+00
   2.0000000e+00  -1.3192639e+00   1.1457272e+00  -1.6084951e+00  -1.5497099e+00   1.0918785e+00   5.0569502e-01
   2.0000000e+00  -1.8121616e+00  -9.5769134e-02   1.4854258e+00   7.5754041e-01  -3.6723700e-01   2.1391014e+00
   2.0000000e+00   1.2255390e+00  -6.7078456e-01  -6.2538374e-01   8.9635354e-01   5.8120371e-01   8.2723999e-01
   1.0000000e+00  -5.5055387e-01   2.6793419e-01  -2.8580559e+00   5.4670888e-01  -2.1279919e-01   6.0199343e-01
   2.0000000e+00   3.0404182e-02   2.3123158e-01   1.5583979e+00   3.1310840e-01   2.1190627e+00   4.7867800e-01
   2.0000000e+00   4.3052975e-01  -3.1687768e-01  -1.8046881e+00  -4.2707419e-01   8.1109784e-01  -6.7036999e-01
   2.0000000e+00   1.5306505e+00   1.8548275e+00   3.0270802e-01   5.5315880e-02   1.1317672e+00  -3.8149586e-01
   2.0000000e+00  -6.0533626e-01   1.9020198e-01   7.9368092e-01   1.5275318e+00  -1.3050775e+00   4.8415581e-01
   2.0000000e+00  -9.4684506e-02  -1.7703534e+00   1.6491169e+00  -1.0643636e+00   6.4512466e-01  -1.2063090e+00
   2.0000000e+00  -4.7547301e-01   1.7299044e+00   7.3875891e-01   9.2277896e-01   1.7316716e-01   9.7802935e-01
   2.0000000e+00   3.9934851e-02  -2.9321536e-01  -8.6737347e-01   6.8651486e-01  -1.9907394e-01  -4.6913424e-01
   2.0000000e+00   8.2006467e-01   7.6155763e-01  -2.0714483e-01  -1.1990186e+00   1.3351989e+00   4.4815946e-01
   1.0000000e+00   2.5282328e+00   2.5609784e-01  -3.5964407e-01  -1.6682266e+00  -2.2461555e-01   4.3634825e-01
   2.0000000e+00  -7.9211565e-01  -1.1729452e+00  -8.3553301e-02   1.2194700e-01  -1.0979717e+00  -9.5234687e-02
   2.0000000e+00  -3.0900600e-01  -2.5877958e+00   5.8540339e-01   1.2360499e-01  -5.1149274e-01   9.1548540e-01
   2.0000000e+00   9.1280055e-01   1.4762732e+00  -9.3423617e-01  -2.6640520e-01   1.5173793e+00   3.7786451e-01
   1.0000000e+00  -6.6859555e-01   2.3549795e-01  -1.8641051e+00   1.2401454e+00  -6.4244266e-01  -1.4247691e+00
   2.0000000e+00   6.1089841e-01  -6.9912549e-01  -1.1775578e+00  -1.2321238e-01   5.9302890e-02  -3.3295412e-01
   2.0000000e+00   5.6222840e-01  -1.6709774e+00  -1.6722462e+00   2.7039678e-01   1.1978887e-01  -2.0932088e+00
   2.0000000e+00  -4.5270854e-01   1.0952452e+00  -2.5286390e-01   1.0738311e+00  -2.0940771e-02  -3.2366270e-01
   2.0000000e+00  -2.1060170e+00  -1.2382911e-01   1.0908580e+00   1.3363052e+00   2.4774585e-01  -1.2983002e-01
   2.0000000e+00  -8.7759864e-01  -1.2340598e+00   9.1640865e-01   1.3121404e+00  -3.7378627e-01   1.3203364e-01
   2.0000000e+00  -7.2574033e-01   2.4509026e-01  -1.6337924e+00  -6.4325778e-01   1.8510423e+00   1.0101578e-01
   1.0000000e+00  -5.5366883e-03   1.1728951e-01   2.7622648e+00  -9.3624350e-01   8.4580381e-01  -1.2548889e+00
   2.0000000e+00  -1.2305851e+00   2.0550106e+00  -4.8621126e-02   2.4712090e+00  -9.4247801e-01   1.0219612e+00
   2.0000000e+00   1.8461044e+00   1.3287631e+00   3.0752364e-01   4.8218377e-01   1.7191500e+00   1.8583434e+00
   2.0000000e+00  -3.7209026e-01  -8.7873420e-01  -4.7214168e-01   9.5025817e-02   7.3429884e-02  -9.5024760e-01
   2.0000000e+00  -1.5420383e+00  -5.7057248e-01  -1.7934795e+00  -6.5180389e-01  -4.4844243e-02   4.1228811e-01
   2.0000000e+00   1.0070508e+00  -1.4383845e+00   7.8924791e-01  -1.4769313e-01  -6.2337217e-01  -1.7658622e+00
   2.0000000e+00   1.0376446e+00  -1.1728824e+00  -1.6878148e+00  -2.2079479e-02  -3.7983442e-01   1.0234472e+00
   1.0000000e+00  -9.0393982e-01   6.4787751e-02  -1.0124508e+00  -1.7984496e-01   4.7311506e-01  -3.5413389e-01
   2.0000000e+00  -1.9529000e+00   4.2065551e-01  -8.7956831e-02  -1.0517608e+00   1.7700549e+00  -1.5070435e+00
   2.0000000e+00  -1.3008897e-01  -3.2134617e-01   6.6948419e-01   2.2676327e-01   1.3078593e+00   1.5124627e+00
   2.0000000e+00  -3.1598212e-01   5.3673541e-01  -1.3138147e+00  -2.0243558e+00   3.4120895e+00  -1.7927061e-01
   2.0000000e+00   1.6715184e+00   8.7627509e-03  -1.6256632e-01  -6.9913371e-01  -1.4733290e+00   7.8473000e-01
   2.0000000e+00   1.0465564e+00  -8.3290881e-01  -5.7579582e-01   1.7489703e+00  -3.2396507e-01  -1.7301758e-01
   2.0000000e+00  -1.1660561e-01   3.4309589e-01  -4.8347485e-01  -2.1918636e-01   1.1501480e+00  -1.6622706e-01
   2.0000000e+00   2.3154609e-01  -7.6335728e-01   1.8645689e+00   1.2139496e+00  -3.2908753e+00   1.2842005e+00
   1.0000000e+00  -1.7310528e+00   5.1753279e-01  -2.2920778e-01   1.2973637e+00   2.3580207e-01   7.1943227e-01
   2.0000000e+00  -1.1565253e+00  -1.1494326e+00   6.8832428e-01   2.0249939e+00   2.2039804e-01   6.4678153e-01
   2.0000000e+00   1.4970938e+00  -1.1152161e+00  -5.8016039e-01   5.2801210e-01   6.9886800e-01  -1.7108335e+00
   2.0000000e+00  -1.1913587e+00  -4.5174138e-02  -2.6909584e-01  -1.5391616e-01  -9.2861459e-01  -1.7808035e-01
   2.0000000e+00   1.1093474e+00   1.3472298e+00   8.7389013e-01   3.3020449e-01  -9.6942129e-01   8.4947441e-02
   1.0000000e+00   1.1268237e+00   2.5742261e-01   7.8743724e-01   6.0684080e-01  -6.8766873e-01   1.4917342e+00
   2.0000000e+00   6.9067044e-01  -5.0454221e-01   7.9947724e-01  -1.1671905e+00   9.9682807e-01   1.3788353e-01
   2.0000000e+00  -2.8916645e-01   3.0525505e-01  -7.9548091e-01  -2.0105870e+00   1.6860727e+00  -1.3791811e-01
   2.0000000e+00  -1.9210239e-01   1.7540489e+00   5.3556954e-01  -6.0758266e-01  -7.1265261e-01  -1.5960482e-01
   1.0000000e+00   2.1044338e+00   5.9380764e-01  -1.1786170e-01  -6.7673411e-01   1.6029068e-02   2.5541569e+00
   2.0000000e+00  -6.6466620e-01  -3.1524999e-01   8.2606394e-03  -1.3405709e+00  -8.6028081e-01   1.8802950e+00
   2.0000000e+00   5.6602791e-03   1.1145413e+00   7.2445233e-01   1.1596854e+00  -4.8544208e-01  -3.2494708e-01
   2.0000000e+00   3.7015918e-01  -1.2517335e+00   2.9291908e-01  -1.2880423e+00  -7.8197522e-01  -7.7244349e-02
   2.0000000e+00   1.9051695e+00  -6.9842257e-01   8.4418731e-01   2.0423124e-01  -1.1336541e+00  -1.5048503e+00
   2.0000000e+00  -1.0831061e+00  -2.7867173e-01   5.5154701e-01  -1.0271889e+00  -1.3367789e+00   6.3319191e-01
   2.0000000e+00   9.9778147e-01  -2.3481060e+00   1.3233510e+00  -6.8246800e-01  -3.0826667e-01  -1.3344453e+00
   2.0000000e+00   7.5080757e-01   1.7621630e+00  -3.1081710e-01   3.6368259e-01   6.6937067e-01  -1.1000961e+00
   1.0000000e+00  -1.1199623e+00   8.6479446e-01  -6.4609361e-01   1.1876660e+00   9.7274675e-02  -1.7356144e+00
   2.0000000e+00   5.2000876e-01   7.7836978e-01  -1.7665227e-01  -5.5082078e-01  -1.5709738e+00   1.5045196e+00
   2.0000000e+00   1.1870207e+00  -1.0906531e+00   7.3381733e-02  -1.5845454e-01  -2.7281375e-01   5.5046836e-01
   2.0000000e+00  -1.5271133e+00  -1.0362213e+00   8.4374813e-01  -7.7151042e-01   9.4300278e-01   2.8088097e-01
   2.0000000e+00  -1.1658684e-01  -1.3210384e+00  -6.4887198e-01  -6.0372374e-01  -2.9147079e-01   1.0378379e+00
   1.0000000e+00   1.4141118e+00   1.9127609e-01  -4.6886504e-01   4.6604117e-01   3.3665227e-02  -1.4790982e+00
   2.0000000e+00   2.4765107e+00   1.8725593e+00  -2.0354197e+00   3.7786800e-01   1.6820173e+00  -1.4465372e+00
   2.0000000e+00   7.3461027e-01  -2.1108798e-01  -1.5053632e+00  -6.0317502e-01   8.3109384e-01   2.8159979e-01
   2.0000000e+00  -2.1991240e-01   3.4249453e-02   1.5755278e+00  -6.7778316e-01  -1.6855902e+00   1.1445930e+00
   2.0000000e+00  -6.3532591e-01   8.0863483e-01  -1.2359406e+00   4.1382963e-01  -1.8199948e+00  -2.0889586e+00
   1.0000000e+00  -9.5997841e-02   1.0033441e-03   1.2359871e-01   1.5426681e+00  -5.5868333e-01   1.6733095e-01
   2.0000000e+00  -1.5474927e+00  -6.8471628e-01   9.3548853e-01   1.5691725e-01  -3.8910341e-01  -1.1594624e+00
   1.0000000e+00   1.4814099e+00   3.2073685e-01   7.0011961e-01  -6.4160342e-01   2.6735288e-01  -9.9548658e-02
   2.0000000e+00   5.7184660e-01  -1.2806853e+00   4.2435189e-01  -8.9294038e-01   5.0680782e-01   1.4894225e+00
   1.0000000e+00  -1.3714603e+00   4.2208894e-01  -6.8430980e-02   5.9426724e-01  -5.1037004e-02   1.8127503e+00
   1.0000000e+00   3.0944467e-01   2.9000559e-01  -2.8070476e-01   4.8994100e-01  -2.3203982e-02   1.3145268e+00
   2.0000000e+00   1.9952726e+00  -3.0256528e-01  -3.4362618e-01  -3.9408104e-01  -1.9116145e-01   1.9827777e-01
   2.0000000e+00  -1.8791413e+00  -2.8611198e-02  -1.4245733e+00  -7.1248154e-01  -2.0543198e+00  -2.2896392e-03
   2.0000000e+00   1.2897802e+00   1.3827998e+00  -1.5405418e+00   2.2769028e+00  -9.4286454e-01   5.7509448e-01
   2.0000000e+00  -1.8172850e-02   2.1823158e+00   6.8159884e-01  -9.9443049e-01   4.2917282e-01  -9.3153409e-01
   1.0000000e+00   1.0535649e+00   9.7442704e-01  -3.9456313e-01   7.2452608e-01  -1.8355837e-01  -3.3943554e-01
   2.0000000e+00  -8.8418919e-01   1.1538638e+00  -8.7440708e-01   1.3456868e+00   2.8257600e-01  -4.1417649e-01
   2.0000000e+00   7.3580038e-01   1.4695471e+00  -4.1214190e-01  -1.0856027e+00  -6.0229184e-01  -1.6165337e-01
   1.0000000e+00  -2.2571695e+00   3.6306487e-01   7.1188434e-01   4.5145170e-01  -4.8823969e-01   1.0291861e+00
   2.0000000e+00  -8.2035144e-01  -1.0492651e+00   1.5670179e+00  -1.1784002e+00  -5.8111004e-01   2.3474925e+00
   1.0000000e+00  -1.2183699e+00   4.7551721e-01  -1.5565828e+00  -4.2087621e-01  -7.9655404e-01   7.9236493e-02
   2.0000000e+00  -5.8135495e-01   2.0098877e+00  -9.1686614e-01   1.4390258e+00  -6.2749055e-01  -8.2830328e-01
   2.0000000e+00   5.2990247e-01  -2.2494161e-01   1.6424479e+00   1.3436407e+00  -5.9472997e-01   1.5588148e-01
   2.0000000e+00  -3.6429118e-01  -7.2455693e-01  -2.1137668e-01  -2.7168728e-01   1.8743655e+00   1.6053021e+00
   1.0000000e+00  -1.3115077e+00   7.8962430e-01   1.1654264e+00  -1.0942076e+00  -3.9227558e-01   1.9814721e-01
   2.0000000e+00   3.9885940e-01  -1.8424975e+00  -2.5958806e-01  -3.9071128e-01   2.2643371e+00  -9.1551823e-01
   2.0000000e+00   1.3113693e+00  -9.6380533e-01   5.0063001e-01   4.8339768e-01  -4.0712414e-01  -3.0478136e-01
   2.0000000e+00  -1.3375618e+00  -2.9013930e+00   2.8440229e-01   6.1076764e-01   8.0067416e-01  -1.4315872e+00
   2.0000000e+00   8.2314300e-01   9.3504592e-01   2.9177809e-01  -8.4160708e-01   2.7248224e+00   1.5043494e+00
   2.0000000e+00  -2.6806061e-01  -7.9364179e-01   2.3004802e-02   1.0082278e+00   2.9614539e+00   1.1542710e+00
   2.0000000e+00  -6.4687886e-01   3.6769571e-01  -8.8744017e-01  -2.2008511e+00  -8.1921267e-01   7.4467028e-01
   2.0000000e+00  -1.4078355e-01   5.6285661e-01   7.1031021e-01   2.3034212e-01  -1.6404240e+00  -1.0901348e+00
   1.0000000e+00   1.4644380e+00   3.7277569e-03  -1.0100606e+00  -1.2261834e+00  -6.8837193e-01  -6.7523429e-02
   2.0000000e+00   5.5222629e-02  -4.9538917e-01  -1.3239309e+00  -2.1900649e-01   6.4570170e-01   5.2936524e-01
   2.0000000e+00   5.0379286e-01   1.0792860e+00  -1.1683706e+00  -1.6058409e+00   7.0281213e-01   5.1983427e-01
   2.0000000e+00   1.7987434e-01   1.0009343e+00   4.2451786e-01  -1.1434934e+00  -7.9873132e-01   2.1815740e-01
   2.0000000e+00  -1.8428059e-01  -3.8838860e-01  -1.2521459e+00   1.5377937e+00   3.0891601e-01   9.5697431e-01
   2.0000000e+00  -7.1274560e-01  -9.5087003e-01   9.7778610e-01   8.0859877e-01   7.0387183e-01  -8.9479419e-01
   1.0000000e+00  -3.0707649e-01   2.2395849e-01  -8.3052957e-01  -6.5763441e-01   2.8048436e-01  -2.2552198e+00
   2.0000000e+00   1.6141052e+00  -1.8283084e-01   1.0391862e+00   5.5153835e-03  -1.7278778e+00  -6.5599773e-02
   1.0000000e+00  -1.7027538e+00   6.7709132e-01  -1.0823346e+00  -3.0427824e-01  -2.0140776e-01  -1.5644553e-01
   2.0000000e+00  -2.2186647e-01  -2.1969505e+00   4.5053030e-01   1.0867426e-01   1.4216314e+00   7.4072254e-01
   1.0000000e+00  -6.1270150e-01   8.9196697e-01  -2.1050468e-01   1.3710070e+00   2.8500068e-01  -1.7021710e+00
   2.0000000e+00  -3.5811733e-01  -3.8121359e-01  -1.5648999e+00   9.4078435e-01   4.6385200e-01   5.3645765e-01
   2.0000000e+00  -3.7454577e-01  -2.9532467e+00   7.0345136e-01   9.3476556e-01  -9.6977192e-01  -3.4932148e-01
   1.0000000e+00  -1.0675920e+00   1.1327286e-01   2.8597408e-01   1.1705776e+00   7.1104763e-02  -5.5244528e-01
   2.0000000e+00  -1.4843793e+00  -6.0825996e-01  -9.2726171e-02  -3.1227761e+00   1.5281251e+00  -3.8407518e-01
   2.0000000e+00  -8.8955270e-01   4.0096298e-01   6.3823514e-01   2.2518085e-01   1.2699655e+00  -8.0322644e-01
   1.0000000e+00  -2.7222015e-01   4.7452816e-01  -3.4701490e-01   2.0466359e-01  -8.1877810e-01  -1.5440846e+00
   2.0000000e+00   2.9696722e+00  -3.0263494e+00   1.2580343e+00   5.2518379e-03  -1.9823218e-01   3.4397222e-02
   2.0000000e+00  -1.8235706e+00   1.9502356e+00  -6.3831205e-01  -4.2230497e-01  -2.2914855e-01   6.6009505e-01
   2.0000000e+00  -1.0616397e+00   1.7633279e+00   2.7796276e-01   1.3636379e+00  -6.0632913e-03  -2.3002269e-02
   2.0000000e+00   1.2519660e-01  -6.5507197e-01  -2.1759831e+00  -6.6161272e-01  -1.4418697e+00  -1.7526647e-01
   2.0000000e+00   3.4107786e-01   1.1984379e+00   9.5977874e-01   3.7382931e-01  -1.2095862e+00   4.5709878e-01
   2.0000000e+00  -5.5691729e-01  -8.0198118e-01   8.3237077e-01   2.4952846e+00   3.3637489e-01  -3.1321422e-01
   2.0000000e+00   1.5570426e+00   1.2375661e+00  -3.5150976e-01  -8.1362319e-01  -4.6533828e-01   6.5668794e-01
   2.0000000e+00   7.2886024e-01   1.4078752e+00   4.9480839e-01  -2.0494256e+00  -1.5264234e+00  -1.1285856e+00
   2.0000000e+00  -7.3581284e-02  -1.0937894e+00   7.9002224e-01   1.6693628e+00   4.0903085e-01  -1.6875133e+00
   2.0000000e+00   2.2307068e-01  -9.4530920e-01  -1.3224333e+00  -5.3264301e-01  -7.7888864e-01   2.2393279e-02
   1.0000000e+00   2.1320914e-01   9.0985453e-02  -1.1573641e+00  -1.7832916e+00  -6.9882879e-01  -1.2308430e+00
   2.0000000e+00  -8.0531000e-01  -1.2806535e+00  -9.8792760e-01   6.0007238e-01  -1.0737506e+00  -1.1686117e+00
   2.0000000e+00   6.9493779e-01   1.1493386e+00  -1.5970432e+00  -4.8363484e-01   1.5939976e+00  -3.9720358e-01
   2.0000000e+00   1.6138204e+00  -5.8489574e-02   3.8616981e-01  -1.0392835e+00  -5.0833370e-01   6.9590526e-01
   2.0000000e+00   8.0015385e-01  -1.0817531e+00  -7.5954968e-01   2.6359115e-01   1.0446431e+00   5.5418773e-01
   2.0000000e+00   3.9691951e-01  -3.2637052e-01   5.3057486e-01  -6.8305389e-01   8.1392804e-01   2.9980351e-01
   2.0000000e+00   1.6555984e+00   1.6742219e+00  -4.6888184e-01  -5.0748827e-03  -2.4447602e-01   5.2466729e-01
   2.0000000e+00  -1.8283056e+00  -8.6078673e-01   1.1633398e+00  -5.1618172e-01  -4.0288245e-01   6.4677002e-01
   2.0000000e+00  -3.0517176e-01  -2.2139034e+00  -6.8662472e-02  -1.2806904e+00  -3.0608239e-01  -5.3062920e-01
   2.0000000e+00   2.2243366e-01  -2.1613251e-01  -5.4838868e-01  -3.2392741e-02   1.8696828e-01   2.7137761e+00
   2.0000000e+00  -3.4988475e-01   1.2678945e+00   7.9989339e-01   3.5536631e-01   8.9516116e-01  -9.4552626e-02
   2.0000000e+00  -1.7338844e+00  -1.0822038e+00  -3.3257333e-02   4.8465282e-01   6.3673253e-02   1.0338090e+00
   2.0000000e+00   9.3213291e-01  -7.0581251e-01  -9.4700596e-01  -4.6635417e-01  -2.8548078e-01  -1.0596316e+00
   2.0000000e+00  -3.7374544e-01  -4.3184881e-02  -5.5578165e-01  -1.5365240e-01   2.0427239e-01  -1.8544569e+00
   2.0000000e+00  -5.0746548e-01   2.6604383e+00   2.5619425e+00   3.0384651e-01   7.5555300e-03  -1.3829935e-01
   2.0000000e+00   6.5472689e-01   1.9409824e-01  -8.3787902e-01   5.1246659e-01   1.2044171e+00  -1.5542370e+00
   1.0000000e+00  -2.9261067e-01   2.0274824e-01  -1.3379487e-01   1.5158001e-01   3.0855829e-01   1.2322934e+00
   2.0000000e+00   1.2080349e+00   7.8790384e-01   5.1353557e-01   9.0666196e-01   3.3475090e+00   9.3955006e-01
   2.0000000e+00   2.8060869e-01   2.0364108e+00  -1.3710606e-01  -2.2448051e+00   2.8048838e+00   5.6050015e-01
   2.0000000e+00   7.6374764e-01  -2.2174229e-01   6.3604753e-01   8.1339831e-01   7.7628481e-01  -4.5492426e-01
   2.0000000e+00  -5.5444750e-01  -8.6973433e-01   4.7751270e-02   3.7423405e-01   5.7975486e-01   1.9301224e+00
   1.0000000e+00   9.5825070e-01   2.1869063e-01  -1.3820161e+00   1.4833974e+00  -7.9984730e-01  -1.6205329e+00
   2.0000000e+00   1.7624671e-01  -2.1300619e-01  -6.9718887e-01   1.2348233e+00  -7.1347957e-01  -1.5722610e-01
   2.0000000e+00  -4.6163706e-01   1.6181525e+00   5.4307363e-01   1.6275678e+00  -2.1323427e-01   2.2826253e+00
   1.0000000e+00   4.4307429e-01   5.5699763e-01   3.4676024e-01  -5.3741203e-01   7.5027269e-02  -9.1831537e-01
   2.0000000e+00   7.9848038e-02  -9.9661758e-01   1.3925021e+00  -3.4734524e-01  -3.8403476e-01   1.3892248e+00
   1.0000000e+00  -2.0901015e+00   2.9435045e-01  -7.6465994e-01  -1.6091081e-01   4.8118698e-01  -1.3133727e+00
   2.0000000e+00   3.1477816e-01   4.9649381e-01  -2.8283232e-01  -1.8533587e+00  -1.0169459e+00  -9.3767440e-02
   2.0000000e+00   1.5496769e+00   1.0530486e+00   1.2913740e+00  -8.5183179e-02   9.1689195e-01   2.7495984e+00
   2.0000000e+00  -1.1246804e+00  -1.2920627e+00  -1.2981366e+00   1.3600585e+00  -2.3046313e-01  -5.0236493e-01
   2.0000000e+00  -2.0155518e+00  -1.2874767e+00   2.9806608e-01  -1.2053363e+00   3.3552714e-01  -3.4652103e-01
   1.0000000e+00  -9.5156138e-01   8.9718719e-01  -8.0304705e-01  -4.5846235e-01   3.7561297e-01   1.2335206e-01
   2.0000000e+00  -2.6884131e-01   1.5460677e+00   1.4280604e+00  -3.7299586e-01  -2.6479176e-01  -1.0312087e+00
   2.0000000e+00   5.5924180e-01  -1.1237162e+00   6.3137113e-01   2.3174321e-01   1.2825624e+00  -8.5182504e-01
   2.0000000e+00  -5.1645735e-01  -1.2359417e+00  -3.1083611e-01  -1.1037207e+00  -7.3039141e-01   4.7450868e-01
   1.0000000e+00   1.6353402e+00   1.0604216e-01   1.0904077e+00  -1.6800846e+00   1.9059896e-01  -1.0484506e+00
   2.0000000e+00  -2.3703505e+00  -1.3492693e+00   1.6053608e+00   2.1747318e+00   1.2664206e+00   2.2155848e-01
   2.0000000e+00  -1.4190384e+00  -2.0818094e-01  -2.2947051e+00   5.4135245e-01  -1.4599658e-01  -7.2185491e-01
   2.0000000e+00   8.5815806e-01  -6.3905426e-01   2.0725587e+00  -4.3566423e-02   9.1081175e-01   1.0184333e+00
   2.0000000e+00   2.3816760e-02   1.0842957e+00  -7.8191562e-01  -2.2167315e-02  -8.2875195e-01  -5.1542428e-01
   2.0000000e+00   1.1807634e+00   2.7516810e-01  -5.1810586e-01   1.9967355e+00   1.4394528e+00  -5.4020859e-01
   2.0000000e+00   3.1654880e-01   5.0200276e-01   1.1199556e+00   1.0287377e+00  -1.8830882e+00   2.2264634e-01
   2.0000000e+00  -3.0947364e-01   1.5066717e+00   9.7539324e-01  -2.2114849e-01  -5.9966814e-02  -6.8434832e-01
   2.0000000e+00   5.2367622e-01  -6.3624987e-01   2.1431175e+00  -7.0029075e-01  -4.2710885e-01   8.9095345e-01
   2.0000000e+00   5.3849930e-01   6.8456631e-01  -1.2956530e+00  -1.3017206e-01   9.5288753e-01  -3.6430539e-01
   2.0000000e+00   1.8111747e+00  -5.1212967e-01   7.7097975e-01  -5.4838339e-01  -8.5504479e-01  -6.0164336e-01
   2.0000000e+00  -1.5804224e-01   9.9614726e-01  -3.4392389e-01  -8.2108774e-01  -2.5224604e-01   2.9499690e-02
   2.0000000e+00   1.3092693e+00  -1.3209245e+00   6.2015131e-01  -4.4498831e-01   5.1200390e-01   1.1676490e+00
   2.0000000e+00  -7.9844580e-01  -1.1564518e+00   1.1071843e+00  -4.5792542e-01   1.6242725e+00  -1.3472749e+00
   1.0000000e+00  -1.5611174e-02   5.5652120e-03  -7.2541967e-01   7.4364009e-01   5.6078551e-01  -2.8842270e-02
   2.0000000e+00  -6.6527426e-01   5.8552560e-01  -1.3817837e-01  -1.0508242e+00   1.8208322e+00  -2.9592027e-01
   2.0000000e+00   2.7954000e-01  -3.6781070e-03  -5.1482232e-01   1.4180011e-01  -2.4217837e-01  -1.1197363e+00
   2.0000000e+00  -6.6576209e-01   1.8661877e-02  -1.2774841e+00   1.1163484e+00  -1.9815113e+00  -2.0745084e-01
   2.0000000e+00  -7.0029568e-01  -2.3639821e+00  -4.2661480e-01   2.3924822e-01   1.1582981e+00   7.8598422e-01
   2.0000000e+00   3.6132705e-01  -8.4558994e-02   6.2876632e-02  -9.0518864e-01  -3.2171762e-01   1.5502152e+00
   1.0000000e+00   1.0964241e+00   5.2868547e-01   1.4196387e+00  -5.7955399e-01  -3.8298900e-01  -2.7431536e-01
   2.0000000e+00  -4.3980268e-01   1.3574310e+00   1.7558531e+00   1.6792604e+00   5.1866480e-01   3.7036107e-01
   2.0000000e+00   1.4431148e+00  -1.8933917e+00   8.6353422e-01   1.0676978e+00  -3.5446667e-02  -1.8410053e+00
   2.0000000e+00   1.3346970e+00  -8.1401945e-02   2.9780304e-01   6.9875003e-01  -1.2844884e+00   1.2328850e+00
   1.0000000e+00   2.8426957e-02   1.9059676e-01  -5.7508815e-01   8.2827861e-01  -1.8354045e-01  -6.8259068e-01
   2.0000000e+00   1.9472709e+00   7.5149100e-02   2.8121717e-01   8.2908921e-01  -1.0055387e+00  -8.3613341e-01
   2.0000000e+00   1.6645853e+00   2.7190064e-01  -4.7840999e-01  -4.4408232e-01  -1.3645462e+00   1.2771096e+00
   2.0000000e+00  -4.1682324e-01   8.3338539e-01  -6.0197236e-02   8.0612277e-01  -1.5425453e+00   7.4014653e-01
   2.0000000e+00   7.2646891e-01   1.1137273e+00  -6.2831237e-01  -1.6866891e-01   6.9963552e-01  -5.7990069e-01
   2.0000000e+00  -6.2934079e-01   1.2738747e+00  -7.0481030e-01   3.2125283e-01   1.4034230e+00  -7.7522649e-02
   2.0000000e+00   8.6874728e-01  -6.8107887e-01  -4.8496944e-01  -1.0074537e-01  -2.4641137e+00   1.4974004e+00
   2.0000000e+00   2.8489622e-01   1.5887175e+00  -2.2870570e-01  -5.1750095e-01  -4.7215195e-01   1.3476031e-01
   2.0000000e+00  -1.1747252e+00  -3.0868751e-01  -2.0283274e-02  -2.0212278e+00  -1.4200492e+00   7.4887942e-01
   2.0000000e+00   1.3233112e+00  -1.5468027e-01  -4.6509269e-02   4.3891305e-01  -1.2447695e+00  -2.0299890e-01
   2.0000000e+00  -2.6608476e-02   8.1443038e-01   1.2005649e+00   1.8446367e+00   7.2924186e-01  -2.2035699e+00
   2.0000000e+00   9.4167907e-01   1.2033673e+00  -1.6459668e+00  -4.9069868e-01  -1.7579318e+00  -2.0374938e+00
   2.0000000e+00   2.5042639e-01  -1.4912420e+00  -3.7501882e-01   1.3591988e-01  -3.8879255e-01   2.2475653e-02
   2.0000000e+00   1.3383201e-01  -1.4473115e+00   7.2567083e-01  -5.1613098e-01   1.3384770e+00   6.6757164e-01
   2.0000000e+00   3.5727548e-01  -3.6894788e-01  -1.8886317e-01   1.1843738e+00  -9.9826069e-01   3.8534874e-01
   1.0000000e+00  -5.6570506e-01   4.4659180e-01  -5.0554241e-01   4.6730055e-01  -3.6685461e-01   3.0083415e-02
   1.0000000e+00  -7.3024988e-02   8.5073637e-01  -1.3286196e+00   1.1544803e-01  -4.6719420e-02  -4.4951493e-01
   2.0000000e+00  -6.5636862e-02  -9.7391916e-01   6.3902166e-02  -1.1678514e+00   1.0436371e+00  -1.3022218e+00
   2.0000000e+00   5.8935800e-02  -1.5680973e+00   3.4210854e-01  -2.5779947e+00  -2.9514487e-01  -7.9008353e-01
   2.0000000e+00  -2.9985989e-01  -1.2396855e+00  -5.3417862e-01  -3.2777370e-01   9.4061560e-01  -4.0664084e-01
   2.0000000e+00  -1.1222951e+00  -1.3128169e-01   3.8293227e-01   1.0487242e+00  -3.3848442e-01   3.1785679e-01
   1.0000000e+00  -4.5693114e-01   7.2139438e-01  -5.8453773e-01   4.2107060e-01   2.4605759e-01  -7.2439779e-01
   2.0000000e+00   8.9451290e-01  -1.1406079e+00   7.2180502e-02   4.9892012e-02   5.4728596e-01  -1.7345108e+00
   2.0000000e+00   8.7856711e-01  -7.4486283e-01  -9.1414250e-01  -2.1634965e+00  -3.2057487e-02  -5.2955178e-01
   2.0000000e+00  -1.6231763e+00  -5.4386585e-01  -3.2563564e-01   1.8045066e+00  -2.5514501e+00  -5.3840076e-01
   2.0000000e+00  -1.3286548e+00   1.1407552e+00  -6.7918696e-01   4.1351537e-01   1.1108323e+00  -9.9410160e-01
   2.0000000e+00   5.1898382e-01   7.0731535e-01   1.0429898e+00   2.0410890e+00   3.1289124e-02   9.5239778e-01
   2.0000000e+00   1.0581710e+00   1.0711730e+00  -1.1429924e+00   3.4324283e-01  -5.5562099e-01   3.1447108e-01
   1.0000000e+00   1.5336199e-01   4.7092474e-01  -5.9216077e-01  -7.8916307e-01   7.2299056e-01   1.4089235e+00
   2.0000000e+00  -2.1584858e-02  -4.6360498e-01  -2.2609114e-01   8.7951382e-01  -1.8598122e+00  -5.8679057e-01
   2.0000000e+00  -1.7948345e-01   7.5722012e-01   6.2081638e-01  -1.8720739e+00   1.9644022e-01   2.0773712e+00
   2.0000000e+00   1.5778218e-01  -4.8628959e-01   7.1812641e-02   1.2482171e+00  -1.5498447e+00  -4.5472181e-01
   2.0000000e+00   9.5496445e-01   1.9006577e+00  -7.1104404e-01   6.2026736e-01   5.8781113e-01   2.1904605e-01
   2.0000000e+00   1.2702855e+00   8.4032185e-01  -5.0346675e-02  -1.4697471e-01   1.0338755e+00   7.9079541e-01
   2.0000000e+00  -1.3529875e-01   1.4835159e+00   1.2278951e+00   1.1322991e+00  -7.1841527e-01  -8.8904070e-02
   1.0000000e+00   9.1081184e-01   1.5141957e-01   3.6007889e-01  -2.7385719e-01   2.5644665e-01  -9.2817861e-01
   1.0000000e+00  -9.4759047e-01   7.9973447e-01  -6.8227015e-01   2.6956617e-01  -3.7624789e-01  -1.1776481e+00
   1.0000000e+00  -7.9388260e-02   3.4960353e-01   8.2871913e-01   5.6674365e-01   8.9861296e-01  -6.1295536e-01
   2.0000000e+00  -6.8406438e-01  -1.8866217e+00  -1.1603373e-01   4.1129723e-01  -2.1875958e+00  -1.9663320e+00
   2.0000000e+00   1.4821877e+00   4.7601765e-01   4.5200114e-01   1.5911300e+00   1.3275364e+00  -4.5580077e-01
   2.0000000e+00  -1.6773429e-01  -4.4578479e-03  -2.1883715e-02   1.5258174e+00  -9.5127365e-01   2.9527875e-02
   2.0000000e+00   1.3289070e-01  -6.4886602e-01  -6.4228129e-01  -2.4803292e-01  -1.6645929e+00   1.0941507e+00
   1.0000000e+00   1.3317621e+00   5.5498271e-01  -9.3256949e-01  -4.5370382e-01   8.9739313e-02  -2.2754120e-01
   2.0000000e+00  -1.6197576e+00  -2.1868470e+00  -4.3396283e-01  -3.1733183e-01  -1.0373510e+00  -9.1717380e-01
   2.0000000e+00   3.2586627e-01  -1.9754669e-01   1.0591166e+00  -2.9337742e-01   6.5176304e-01   1.8954727e+00
