   2.0000000e+00   1.9913905e-01  -1.8011498e+00   4.1662090e-01   2.4435133e+00  -4.2871313e-01   1.0339225e+00
   2.0000000e+00   7.9616964e-01   3.7510378e-01  -1.5684358e+00   1.3939926e+00   6.5314939e-01   7.0615697e-01
   2.0000000e+00  -1.6340182e-01  -4.6408807e-01  -2.9463008e-01  -1.6614304e+00   1.1110219e+00   3.6748725e-01
   2.0000000e+00   1.3191740e-01   1.3628632e+00  -1.1478157e+00   9.2457642e-01   2.0669993e+00   4.7879892e-01
   2.0000000e+00   6.7749255e-01   5.7750506e-01  -2.8629749e+00   1.3895432e+00  -1.7936710e+00  -2.2437102e-01
   2.0000000e+00   1.3691470e+00   9.6185087e-01  -1.9256548e+00   2.5422591e-01   4.6268793e-01  -1.5853407e-01
   2.0000000e+00   4.9630193e-01  -5.1819592e-01   2.5376884e-01  -6.6307193e-01   5.2168482e-01  -2.9495264e-01
   2.0000000e+00  -3.6494194e-01   4.6971829e-01  -1.3731226e+00  -1.7188885e+00  -8.0088689e-01   3.1564635e-01
   2.0000000e+00   6.2017693e-01  -4.2438738e-01  -9.4531564e-01   5.6234770e-01   1.6259754e-01  -1.5511921e-01
   2.0000000e+00  -3.7097127e-01   1.6330277e+00  -5.0997719e-01  -7.6003251e-02  -8.8720863e-01  -6.2152190e-01
   2.0000000e+00   5.7841099e-01  -7.8507784e-01  -1.0249318e+00  -4.4538539e-01   1.4723007e+00  -1.0819518e+00
   2.0000000e+00   9.2412580e-01  -9.6179129e-01   2.0666414e-01  -1.5925385e+00  -3.7740927e-01  -2.5858482e-01
   2.0000000e+00   4.3577757e-01   1.5642637e+00  -1.1631447e+00   1.4710282e-02   2.7060577e-01  -1.3901483e+00
   2.0000000e+00   1.3342167e+00   7.5771724e-01  -1.7702274e+00  -3.8817319e-01   1.6268096e+00  -1.8378274e+00
   2.0000000e+00  -3.2361708e-01   2.1129524e+00  -2.0236310e+00   1.1883776e-01  -8.6067044e-01  -2.5103351e-01
   1.0000000e+00  -6.9529783e-01   1.3469861e-01   2.0855081e+00   3.2826870e-01  -7.6955241e-01   5.5114854e-01
   2.0000000e+00  -8.4127382e-01   1.1805509e-02   1.7574323e-01  -9.4137837e-01   2.4789824e+00   1.6495823e+00
   2.0000000e+00  -2.6638843e-01  -9.3338686e-01  -1.2355293e-01  -1.2945913e+00  -1.4591786e-01   9.1070844e-01
   2.0000000e+00   1.2019940e-01  -1.0828161e+00   1.4062622e+00  -1.7389193e+00  -1.2239944e+00  -1.9569769e-01
   1.0000000e+00   9.1635966e-01   1.0511312e-01  -3.0686346e-02   4.4530660e-01   1.3723375e+00   3.1220084e-01
   2.0000000e+00   4.4202491e-01   1.6098052e-01   9.2637128e-02  -1.3913626e+00  -6.1838383e-02  -1.8627732e+00
   1.0000000e+00  -1.2027998e+00  -1.1760893e+00  -7.1789125e-01   8.9120858e-01   1.1954948e+00   4.3367522e-01
   2.0000000e+00  -8.9067177e-01   6.5613001e-01   4.6993692e-01   5.5647283e-01  -1.1604890e+00   9.2941794e-01
   2.0000000e+00   1.1297308e+00  -5.1382470e-01   5.5920616e-01  -1.0803491e+00  -5.9673278e-01   1.8445732e+00
   2.0000000e+00  -6.1688371e-01   3.9652827e-03  -7.0643562e-01  -1.4734460e+00   5.8275144e-01  -1.1938797e-01
   1.0000000e+00  -6.6584402e-01   7.2904132e-01  -5.6036775e-01  -4.9246965e-02  -4.0952222e-01   7.9609338e-02
   2.0000000e+00   1.6318103e+00   1.5595073e+00  -2.7069859e-01  -4.3670809e-02  -5.4160956e-01  -8.8904464e-01
   1.0000000e+00  -8.8710431e-01   1.7387519e+00  -1.4977631e+00  -4.6158182e-01   6.7520791e-01   5.3747766e-01
   2.0000000e+00   8.7389356e-01  -7.4466112e-01  -1.6579743e-01  -1.4653910e+00   1.3518028e+00   5.1310411e-01
   2.0000000e+00   1.5872417e-01   1.3565661e+00  -1.1712822e+00   1.7220085e+00  -1.2086138e-01   1.2573845e+00
   2.0000000e+00   2.5836591e-02  -1.6379187e+00   3.7760781e-01   4.0565435e-01  -2.3807352e-01   1.3128337e+00
   2.0000000e+00  -2.2036178e-02   1.5508654e+00  -5.6653267e-01  -1.8337389e+00   5.6635029e-01  -9.9949424e-01
   2.0000000e+00  -8.7461012e-02   1.1660284e-01  -2.1696631e+00  -4.4641311e-01   1.4268037e+00  -2.5139978e-01
   2.0000000e+00   7.9983231e-01  -1.1805405e+00   1.4488459e+00   1.8382754e+00   4.1159493e-01   4.3800676e-01
   2.0000000e+00  -1.5760395e-01  -9.1638118e-01   9.9024120e-01   1.9252558e+00   1.2376985e+00  -7.9589167e-02
   2.0000000e+00   1.2458085e+00  -1.2275332e+00  -5.1836225e-01  -4.1224770e-01  -1.0603419e+00  -1.8686492e-01
   2.0000000e+00  -1.9501707e-01  -1.9329997e+00  -4.2402387e-02   1.9617403e-01  -2.3843601e-01  -7.5511438e-01
   2.0000000e+00   8.9024742e-01  -4.0362188e-02  -1.0516661e+00   9.2784096e-01   5.5016990e-01  -2.9971338e-01
   2.0000000e+00   7.8720265e-02  -8.4727599e-01  -1.2538097e+00  -1.0767422e+00  -8.0771902e-01   1.3245094e+00
   2.0000000e+00   3.4809298e-01  -4.1922345e-01  -1.1454885e+00   1.4061743e-01   6.6603291e-01   1.5465959e+00
   1.0000000e+00   9.5942240e-01  -1.0507244e+00   1.7081165e-02  -4.9697240e-02   1.9068319e-01   8.7906482e-01
   2.0000000e+00   6.9070871e-01   7.5936154e-01  -1.5300308e+00  -1.2792154e+00  -3.9621126e-01   5.4752491e-01
   1.0000000e+00  -7.5382584e-01   1.6584838e+00  -8.0579326e-02   1.6402737e-01   1.5661787e+00   5.8366163e-01
   1.0000000e+00   1.2907177e+00  -5.1070439e-01   1.4279802e+00  -1.1130309e-01  -1.0868875e-01   2.0327647e-02
   2.0000000e+00  -1.4212943e+00  -1.3225261e+00  -7.2668978e-01  -1.6767554e-01   1.3636259e+00  -1.0120293e+00
   1.0000000e+00  -4.5734537e-01  -1.9005421e+00  -5.8978176e-01   3.3506356e-01  -8.1945937e-02   2.1460458e-01
   1.0000000e+00   1.7320516e+00   4.9821716e-02  -1.0863552e-02  -7.6077629e-01   1.5121854e+00   2.4677907e-01
   1.0000000e+00   7.9370196e-01  -8.4664111e-01   1.7841254e+00  -1.5746251e-02  -3.4892040e-01   6.4447410e-02
   1.0000000e+00   7.8810869e-01  -2.1780589e-01   1.3260803e+00  -1.0591440e-01  -9.6087937e-02   3.9013028e-01
   2.0000000e+00  -4.5891155e-01   8.7540799e-02   1.9964980e-01  -1.7604176e-01   5.3353565e-01   1.3012959e+00
   1.0000000e+00   5.7599494e-01  -3.0813416e-01   1.1761448e+00   4.6247898e-01   9.2331657e-01   2.8474580e-04
   2.0000000e+00   5.0237248e-01  -8.6661406e-01  -1.0240338e+00   5.7669370e-01   1.3926804e+00  -2.6884874e-01
   2.0000000e+00   2.6021142e-01   2.1260533e-01   1.0277607e+00   1.5547533e+00  -4.0887836e-01   2.8154238e-01
   2.0000000e+00  -6.8661254e-01  -2.2399317e-01  -1.8532772e-01   2.0054351e-01   5.7367135e-01   1.2700234e+00
   2.0000000e+00  -6.6177003e-01   1.8838274e+00   8.2618846e-03  -8.4580301e-01  -3.4216699e-01  -3.2129784e-01
   1.0000000e+00   4.2507460e-03  -7.3886702e-01  -1.0956011e-01  -8.6361187e-01  -2.2017139e+00   3.7332345e-01
   2.0000000e+00  -4.8365686e-01  -5.7222501e-01  -1.1655997e+00   3.1833291e-01  -3.3705305e-01  -6.5585426e-01
   2.0000000e+00   1.4879080e+00  -1.9569123e+00   1.0113574e+00  -5.0843894e-02   1.3749322e+00  -4.3007324e-01
   2.0000000e+00   1.2076873e-01   1.3011072e-01  -1.2295738e+00   4.3817874e-01   1.6348661e+00  -9.1678371e-02
   2.0000000e+00   5.3482997e-01   1.8759442e+00  -2.8652304e-01  -1.9299819e+00   1.7595855e+00   7.5686031e-01
   2.0000000e+00   2.8894131e-01   4.3276345e-01   3.7515418e-01  -2.3610407e-01  -2.4144392e-01  -1.2592728e+00
   2.0000000e+00   6.6975727e-01   1.8306492e+00  -2.2056622e-01   1.5426399e-01  -4.9998130e-01   1.0995298e+00
   2.0000000e+00   7.8635649e-01   5.2131299e-01  -6.5627350e-01  -7.1165834e-01   1.2807285e+00   2.1955137e+00
   2.0000000e+00   7.2773617e-02  -6.7745287e-01   2.0036061e+00  -5.1890846e-01   4.2551485e-01   8.7832061e-01
   2.0000000e+00   1.6412258e+00  -6.5062934e-01   3.6283549e-01  -1.5708356e+00   1.4620374e+00   1.4672218e+00
   2.0000000e+00  -6.0450329e-01  -8.4279114e-01  -7.7490343e-01   3.3582918e-01   2.3913485e+00  -4.1166126e-01
   2.0000000e+00  -5.7239918e-01  -4.9897018e-01   1.3653699e+00   8.7362527e-01  -1.8407654e+00  -3.6738147e-01
   2.0000000e+00   1.0524397e+00  -8.6629694e-01   8.0078219e-01  -7.8616069e-01   6.0960734e-01  -1.5802046e-01
   2.0000000e+00  -5.4266453e-01  -1.0742186e+00   1.9316680e+00  -7.1512146e-01   2.5321833e-01   9.4672278e-01
   2.0000000e+00   1.9173024e+00   1.2003809e+00   6.0010868e-02  -3.1754317e-01   2.5238800e-01   2.1997511e+00
   2.0000000e+00   1.3559237e-01  -9.3391908e-01  -2.8092758e-01   9.3305112e-01  -9.1312000e-01   4.5595932e-01
   2.0000000e+00   1.3060794e+00  -1.6601044e+00  -8.8429467e-01   1.1071744e+00  -1.3649694e+00  -3.5140894e-01
   2.0000000e+00   7.3138330e-01  -7.0429787e-01  -6.6360587e-01   1.6307942e-01  -3.3048124e-01  -6.3040681e-01
   1.0000000e+00   2.0245249e+00   1.2514183e-01   7.7476633e-01   5.8701360e-01   1.3603581e+00   6.0712423e-01
   2.0000000e+00  -1.0293936e+00   1.3315082e+00  -7.0445716e-01   2.1348763e+00   4.4914372e-01  -1.4165818e-02
   2.0000000e+00  -5.5015631e-01   1.0313953e-01  -8.2112404e-01   5.2922636e-01  -2.4060708e-01   1.1150904e+00
   2.0000000e+00   1.5390656e+00   4.6547898e-01  -7.0317152e-01  -3.9738894e-01  -3.6264675e-01  -1.3191311e+00
   2.0000000e+00   2.0700400e+00   1.5117369e-01   1.6410516e+00  -7.1059296e-01  -1.1566881e+00  -5.8499139e-01
   2.0000000e+00   2.0511690e+00   3.8587491e-01  -1.9969821e+00  -1.5198524e-03  -9.4801868e-01  -2.0100724e+00
   2.0000000e+00  -2.2163091e-01   1.0793616e+00  -5.2748686e-01  -2.9907536e-01  -1.6088499e+00  -1.6428307e-01
   2.0000000e+00  -1.8296257e+00  -1.1106620e+00   9.8953915e-01  -1.1267098e+00   9.4813889e-01  -3.1830418e-02
   1.0000000e+00   2.7795264e-01  -3.0737760e-01   1.2272846e+00   4.5643033e-01  -6.6221191e-01   6.3747410e-01
   2.0000000e+00  -1.3867679e+00  -5.6606386e-01   6.1908797e-01  -1.1920114e+00   2.6214900e-01  -7.4940168e-01
   2.0000000e+00   1.7688004e+00  -2.6510375e+00   6.6337812e-01  -1.9958750e-01  -8.4344232e-01  -1.9437889e-01
   2.0000000e+00   2.8230300e-01   8.2601112e-01   2.9154295e-01   9.1487850e-01  -7.9893779e-01  -4.7389599e-03
   2.0000000e+00   7.0876478e-01  -3.8720823e-01   2.3095927e+00   3.0669536e-01  -1.1278635e+00  -3.7479818e-01
   1.0000000e+00  -6.2975148e-01  -1.3348406e+00   5.2857595e-01  -5.2532611e-01  -5.9749751e-01   2.1487561e-01
   2.0000000e+00  -4.3816112e-01  -8.5484429e-01  -1.0855783e+00   1.8579965e+00   3.7063999e-02   6.3459629e-01
   1.0000000e+00   4.5449576e-01   1.5877699e-01   8.2990771e-01  -3.4913703e-01  -5.3744092e-01   6.1668117e-01
   2.0000000e+00   8.0983546e-02  -4.5828955e-01  -3.4539801e-01  -5.8326902e-01  -3.7614741e-01  -2.9658871e-01
   1.0000000e+00   2.1638743e+00  -1.3039373e-01   1.8175921e+00  -7.3348051e-01   8.2405784e-01   2.0461109e-01
   2.0000000e+00  -1.4859475e+00   1.0564991e+00  -1.8752272e+00  -1.2350713e+00   1.4599793e+00  -1.4380936e+00
   2.0000000e+00   1.0845700e+00  -1.8851641e+00   9.3489983e-03  -1.0352114e+00   3.5086272e-01   2.0807561e+00
   1.0000000e+00   1.3026613e+00   8.3391483e-01   4.1323706e-01   2.3574182e-01  -1.9389080e-01   4.6740847e-01
   2.0000000e+00  -5.6400673e-01   1.6096090e+00  -1.7523388e-01  -5.9224939e-01   9.6815634e-01  -6.8745400e-02
   1.0000000e+00   9.4219867e-01   6.2377417e-01   1.9525298e-01  -6.4245884e-01  -1.0163487e+00   7.0077110e-01
   2.0000000e+00  -1.9712476e+00  -5.5381261e-02   1.0416858e+00  -1.5497140e+00  -2.0417076e+00   1.1928786e+00
   2.0000000e+00   8.9324268e-01  -3.5239036e-01   1.1522479e+00   1.5042707e+00   5.5230592e-01   1.7325701e+00
   2.0000000e+00   2.2154533e-01   6.7759053e-01  -1.9355055e+00  -1.2330111e+00  -6.6267956e-01  -3.6669459e-01
   2.0000000e+00  -5.3677256e-01   1.9152807e+00   9.6877398e-01  -2.1596191e+00  -3.6723649e-01   9.1490180e-01
   2.0000000e+00  -2.6567634e-02  -2.4229671e+00  -1.9642879e+00   9.2114725e-02   2.3934920e-01   1.1731758e+00
   2.0000000e+00   1.6570537e-01  -4.0951180e-01  -1.0974670e+00   8.0083143e-02  -4.9322603e-01   9.9883426e-01
   2.0000000e+00  -1.3522970e+00  -4.3146155e-01   5.6319888e-01  -1.0799294e+00   1.0609804e+00  -1.9271217e-01
   1.0000000e+00   1.8458460e-01   6.1388814e-01   4.3595311e-02  -1.0703033e-03  -7.9431855e-01   7.5855431e-01
   2.0000000e+00   5.0336376e-01   8.9537146e-02  -1.9472108e-01   1.1139052e-01  -9.4965573e-01  -9.8803565e-01
   1.0000000e+00   1.7800832e+00   1.8274916e-01   7.1269162e-01   3.2146922e-01  -7.7403852e-03   3.9619882e-01
   2.0000000e+00  -3.7101695e-01   6.4517857e-01  -7.1025640e-01   1.3983079e+00  -2.7417712e-01   5.3994940e-01
   2.0000000e+00   7.4991710e-01  -1.7012746e+00   2.0485079e-01   9.6621698e-01  -1.7462192e-02  -9.4653403e-01
   2.0000000e+00   1.6063325e+00   1.2803978e+00  -8.7821143e-01  -5.5423320e-01   1.0115143e+00  -9.4895568e-01
   1.0000000e+00   7.1155746e-02   7.8424289e-01   1.5199338e+00   1.9708509e-01   1.1158955e+00   7.7317416e-01
   1.0000000e+00   8.2470806e-01  -1.7119703e+00   1.4296209e-01   4.3325416e-01   2.6827471e-01   7.2489037e-01
   2.0000000e+00   4.7486883e-01   5.2741980e-01   1.9190249e+00  -5.2391635e-01  -3.8827675e-01  -1.2650530e+00
   2.0000000e+00   4.9594990e-01   6.5109582e-01   8.6342288e-01   4.9815250e-01   2.3307519e+00   1.3261794e+00
   2.0000000e+00   1.2858982e+00  -2.0540151e+00  -2.7953944e-01  -9.0183598e-02  -3.3835804e-01  -2.1128404e+00
   2.0000000e+00  -5.4968570e-01  -1.6350953e-01  -1.7463383e+00   1.5222999e-01  -2.1237913e+00   1.5453163e+00
   2.0000000e+00  -3.5114409e-02  -1.3764186e+00   5.7622749e-01   1.0986902e+00  -1.1413214e+00   6.5974086e-02
   2.0000000e+00   6.7173872e-01  -2.0416372e-01   1.0498913e-01  -2.0226729e+00   1.4301006e+00   8.9772858e-01
   2.0000000e+00  -9.7460380e-01  -1.0810333e+00   4.8393389e-01  -3.7059005e-01   9.6856877e-01  -1.1349917e+00
   2.0000000e+00   5.1879800e-01  -1.0395335e+00   3.0580576e-01  -7.9221007e-01   1.6086845e+00  -7.2077109e-01
   2.0000000e+00  -1.6029104e+00  -1.5641257e+00   3.9108932e-01   1.9714009e-01  -3.2180828e-02  -3.4526977e-01
   2.0000000e+00   9.6897015e-01  -1.0203291e+00  -3.6505207e-01   7.6526141e-01  -6.9175033e-01   1.4644227e+00
   2.0000000e+00   7.6773960e-01   1.2023527e+00  -2.4439785e+00  -1.0130781e+00  -4.7483020e-01  -5.3459556e-01
   2.0000000e+00  -1.7451484e+00  -4.7867703e-01  -2.7484743e-01  -2.5974154e-01  -6.3314603e-01  -9.7820805e-01
   2.0000000e+00   2.8629938e-01   2.2674553e+00   3.0545457e-01  -4.3361313e-01  -1.6536072e+00   6.6481751e-01
   2.0000000e+00   1.1110656e+00  -1.4309767e+00   1.5439127e-01   1.7653599e+00   5.4233501e-01   3.0254030e-01
   2.0000000e+00   3.7371316e-01  -2.5183907e+00   3.2587674e-01  -3.2701144e-02   2.7839194e-01   1.8911326e+00
   2.0000000e+00  -2.2132224e-01   1.6407621e+00  -3.5565450e-01  -1.9430366e+00  -6.9839488e-01  -6.3632231e-01
   2.0000000e+00   7.9606714e-01  -1.8651958e-01  -5.8629501e-01  -8.4118709e-01  -1.3183759e+00  -1.7523158e+00
   2.0000000e+00  -1.1118842e+00   1.4972287e+00   1.2247614e+00  -3.9621420e-01  -2.2348972e-01   1.3064693e+00
   2.0000000e+00  -3.5025475e-01  -1.4669975e+00  -4.4457355e-01  -6.6731982e-01   7.8285830e-01  -1.2337906e-01
   2.0000000e+00  -7.2369398e-03   1.3872120e+00  -1.1278138e+00   5.2064077e-01   2.1434972e-02  -6.1231193e-01
   2.0000000e+00   1.5589491e+00   7.6578196e-01  -1.8857279e-01  -1.7222035e+00  -3.9990301e-02  -1.4687857e+00
   2.0000000e+00   1.1260002e+00   1.1554171e+00   5.8334987e-01   1.2823529e+00   1.1806179e+00   9.5338785e-01
   2.0000000e+00   3.4713811e-01   1.1317280e+00   1.4073380e+00  -2.0691477e-01   8.1730468e-02   2.4795351e+00
   2.0000000e+00   6.5415411e-01   4.6370164e-02   3.0563019e-01   2.1566603e+00  -2.6289419e-01   1.6642313e+00
   2.0000000e+00  -1.2814274e+00   6.2145160e-01   1.9702620e+00   1.8148423e+00   2.2375459e-01  -3.2015000e-01
   2.0000000e+00  -2.3884828e-01   9.5782517e-01  -1.0538092e+00   6.3675711e-01  -3.0907031e-01  -2.0690874e+00
   2.0000000e+00  -1.8512773e+00   1.1231297e+00  -2.9969636e-01  -1.3572800e+00   2.0702847e+00   1.4000724e+00
   2.0000000e+00   1.0460617e+00   1.7245534e-01   2.0341489e-01   7.2866777e-01   2.3257345e-01   8.6173149e-01
   2.0000000e+00  -1.9659218e+00  -1.1463981e+00   1.5728463e-01   1.9418311e+00   1.2665455e-02   9.6679443e-01
   2.0000000e+00   4.8173670e-01   1.2686681e+00  -2.3334212e+00  -8.3776521e-01  -4.8754358e-01  -1.3900780e+00
   2.0000000e+00  -1.2001254e+00   9.5951251e-01   1.2735693e+00   3.1092947e-02   6.9776233e-01  -8.3304937e-01
   2.0000000e+00   1.0959476e+00   2.7676122e-01  -1.6429952e+00  -4.2496861e-01  -1.4358867e+00  -1.5154865e+00
   2.0000000e+00   1.0492611e+00  -9.5324875e-02   5.5655235e-01   2.7215031e+00   2.6556845e-01   5.0365352e-01
   2.0000000e+00   1.0683530e+00  -6.1434530e-01   1.2669263e+00   2.0482332e-01   4.6176536e-01   1.1248700e+00
   1.0000000e+00  -1.1498928e+00   3.7489252e-01   2.8977550e-01   7.4211859e-02   1.9676817e+00   1.0066868e-01
   2.0000000e+00   5.9107925e-01  -1.8068652e+00  -8.3004604e-01  -1.8823752e+00  -1.4564834e+00   1.0331416e-01
   2.0000000e+00  -1.0177258e+00  -3.5364456e-01   8.1249426e-02   4.5850494e-01  -2.2260737e-01  -1.4464477e+00
   2.0000000e+00  -8.0731722e-02  -7.7575948e-01  -4.5976184e-01  -7.5472813e-01  -4.7871629e-02   1.4728072e+00
   2.0000000e+00  -7.4122703e-01   7.6788803e-01   1.0265217e+00  -1.5179536e+00  -7.5056698e-01   1.5535367e+00
   2.0000000e+00  -3.0673087e-01  -1.0102408e+00  -1.3996839e-01  -1.3284176e+00  -3.1997351e-01   9.1441823e-02
   2.0000000e+00  -3.8162231e-01   1.3732470e+00   1.5581024e+00   1.0961405e+00  -1.4146278e+00   8.1627023e-01
   2.0000000e+00   1.0143678e-01  -1.9399867e+00  -5.1229760e-01   2.8467224e+00   3.8401293e-01   2.9952435e-01
   2.0000000e+00   6.8422370e-01  -9.9404422e-01  -1.6314382e-01  -4.0571964e-01  -1.0126144e+00  -4.1008802e-01
   1.0000000e+00   7.2995831e-01   1.3530352e+00   1.0429249e+00  -5.7447819e-01  -1.4010689e+00   1.0426560e-01
   1.0000000e+00  -4.5913596e-01  -1.1878944e-01  -3.1183139e-01  -4.7479546e-01   7.9052349e-01   6.2194406e-02
   1.0000000e+00   2.1791096e-01  -4.8146178e-01   5.7435533e-02  -5.3344695e-01  -2.1524969e-01   3.2267930e-01
   1.0000000e+00  -1.6118390e+00  -3.4618561e-01  -6.4319055e-01  -5.5127235e-01  -1.3954616e+00   4.9370817e-01
   2.0000000e+00   7.8729889e-01  -6.5097476e-01  -3.6977707e-01   4.4274634e-01  -1.8458683e+00   2.0824653e+00
   2.0000000e+00  -5.6150599e-02  -7.5991448e-01   3.1848669e-01   1.0595853e+00  -3.9704042e-01   7.8789255e-01
   2.0000000e+00   1.2195061e+00   5.7446201e-01  -1.5587091e+00   1.0708712e-01  -1.9568072e+00  -1.1196454e+00
   1.0000000e+00   1.8888704e-01  -5.1304265e-01  -1.6494546e+00   4.5592944e-01  -1.9597495e-01   6.6838187e-01
   2.0000000e+00  -1.6431407e-01  -2.9312340e-01  -5.5824269e-01  -9.9795403e-01  -1.8560943e+00   8.9669173e-01
   2.0000000e+00   8.8379270e-01  -6.3107541e-01  -7.4895020e-01  -7.1956166e-01   8.5111150e-02  -1.3584416e+00
   2.0000000e+00  -4.6443234e-01  -1.4743408e+00  -4.2879624e-01  -4.3423208e-01   6.6986118e-01   2.1118665e+00
   2.0000000e+00   1.7874749e-01   1.8975210e+00   8.9021064e-01   4.4197384e-01  -6.7108604e-01  -2.9453497e-01
   2.0000000e+00   1.7952300e+00  -4.1293431e-01  -2.0836083e-01   2.4183901e+00   1.1116247e-01  -3.6150192e-01
   2.0000000e+00   3.8245758e-01   6.2970714e-01   1.6854888e-01   5.0871032e-01   6.9971465e-01  -3.6853353e-01
   2.0000000e+00  -1.0937273e+00   8.0731646e-01   1.3955804e-01   9.6724970e-01   2.4875312e-03  -9.9772109e-01
   2.0000000e+00   1.2479928e+00   4.9932333e-01  -2.0350819e-01  -8.1606494e-01   5.2738069e-02  -8.8985009e-01
   1.0000000e+00   4.5422618e-01   3.6686992e-01  -1.8276985e-01   5.2747874e-02   9.5849331e-03   2.1868138e-01
   2.0000000e+00  -1.0758789e+00  -8.7714378e-01  -1.7295044e+00  -5.7463063e-01  -7.9321163e-01   1.0732659e+00
   2.0000000e+00   1.9174691e-01   3.2729433e+00   4.5140615e-01  -1.2334733e+00  -1.1295698e+00   3.5143114e-01
   2.0000000e+00   4.6105582e-01  -7.7939754e-01   2.7977353e-01   2.3138225e-01  -1.3425019e+00  -3.8201516e-01
   2.0000000e+00  -1.8898812e+00   6.7111007e-01   1.2509246e+00  -1.2904090e-01   2.0610235e-02   1.5375335e+00
   1.0000000e+00  -3.4762494e-01  -1.3493780e-01  -2.2919155e-01  -6.7749786e-01  -9.8393113e-01   5.2018825e-01
   2.0000000e+00  -3.3873624e-01  -3.7078214e-01  -2.2574263e+00   1.0936010e+00  -9.1279559e-01   6.8820636e-01
   2.0000000e+00  -1.9694515e+00  -4.0050744e-01  -4.9957269e-01  -2.5423550e-01   5.8438304e-01   1.5141711e+00
   2.0000000e+00   5.8492265e-01  -1.6394855e+00   7.7781318e-01  -3.1283155e-01   5.5250813e-01   1.7372692e+00
   2.0000000e+00  -1.4841048e+00  -3.2532631e-01   9.5297409e-01   1.1464694e+00   5.5428387e-01  -7.0995069e-01
   1.0000000e+00  -6.4322437e-01   1.4228651e+00  -6.2765059e-01  -3.4997306e-01   2.2998994e-01   2.5368200e-01
   1.0000000e+00  -9.8911767e-01  -2.4896009e-01  -6.0474304e-01  -9.5112841e-02   6.1687339e-01   2.9408832e-01
   2.0000000e+00   3.3185721e-01   7.4120022e-01   7.0049090e-01  -4.8927926e-02  -2.1780941e+00  -9.6144626e-01
   2.0000000e+00  -8.1578058e-01   7.5096284e-01  -1.3461651e+00  -1.5913557e+00  -8.8310313e-01  -6.0539801e-01
   2.0000000e+00   1.8770977e+00  -3.8823875e-01   2.8111385e-01  -8.8467013e-01  -2.3476844e-01  -6.0485072e-01
   2.0000000e+00   3.2490278e-01  -2.3222793e+00   3.9546218e-01   1.4251540e+00   1.0333064e-02  -9.7540517e-01
   2.0000000e+00   3.1173033e-01  -7.1051818e-01   9.5269623e-01  -1.1150648e+00  -3.8887807e-01  -1.2775108e+00
   2.0000000e+00  -1.0729330e+00  -1.2576738e+00  -7.7676574e-01  -2.3829602e+00  -1.0672196e+00   1.6702314e-02
   1.0000000e+00  -1.0331432e+00   1.0169967e-01  -7.4028015e-01   3.0858193e-01   4.1092848e-01   5.5790270e-02
   2.0000000e+00  -1.3512731e+00   9.5055209e-01   1.1350307e+00  -9.7709865e-01   1.0604269e+00  -1.4488509e+00
   2.0000000e+00   1.6646759e+00   3.0151210e-01   2.0304930e-01  -6.5658767e-01  -1.1009856e+00  -1.1722627e+00
   2.0000000e+00   6.1224539e-01  -1.1327051e-01   1.8147406e+00   1.0497066e+00   2.7310700e-01   2.3265572e+00
   2.0000000e+00  -5.9662175e-01  -1.9957005e-01   1.3913709e+00   9.8221213e-01  -1.4455042e-01   1.1617299e+00
   2.0000000e+00   7.8532120e-01   7.7509160e-01  -1.3038634e+00   2.9520978e-01  -1.5547118e+00   1.0488630e+00
   1.0000000e+00  -2.2495046e+00   6.2175859e-01   2.8123311e+00  -3.5460847e-01  -5.5044028e-01   6.7843013e-01
   2.0000000e+00  -8.3293136e-01   8.7470445e-01  -2.7169450e-01   9.1424873e-01   3.7458971e-01  -1.3374533e+00
   2.0000000e+00  -2.0564158e+00   1.1637383e-01   7.3302014e-01   3.7359336e-01   6.3587054e-01  -3.7658873e-01
   2.0000000e+00   1.6623516e+00  -9.4953008e-01  -1.3546236e-01   2.0130724e-01  -4.6616486e-01  -2.5750949e-02
   2.0000000e+00  -8.9659479e-01  -4.4105566e-01   9.3256596e-01  -1.4360186e+00   1.3011207e+00   1.8622217e+00
   2.0000000e+00  -1.9895918e+00  -7.3815153e-01  -3.0913929e-01  -6.8891548e-01   7.0790190e-01  -4.2820846e-01
   2.0000000e+00   1.3669531e+00  -1.0042509e+00  -9.8777071e-01   1.3995010e+00   9.2023066e-01  -1.6113585e+00
   2.0000000e+00  -1.2946437e+00  -6.5463253e-01  -6.0218943e-01   6.2692585e-01  -1.1806502e+00   7.8315475e-01
   2.0000000e+00   4.0417493e-03   1.9835433e+00   6.7681022e-01   1.2017065e-01   5.0082275e-02  -8.2051015e-01
   2.0000000e+00  -9.3305718e-01   1.2030221e+00  -4.1546539e-01   1.1006247e+00   4.2738500e-01  -9.5097880e-01
   2.0000000e+00   1.7689580e+00   9.9789841e-01   4.8263195e-01   3.7412555e-01   4.7966316e-01  -2.9136275e-01
   2.0000000e+00  -3.6255964e-01   1.3040244e+00  -1.2599085e+00   2.1107188e+00  -1.1406262e-02  -1.4006578e+00
   2.0000000e+00   1.9445560e-01  -1.0101099e+00   1.5605557e+00  -6.2565905e-02  -9.7338729e-01  -5.9807907e-02
   2.0000000e+00  -1.2249362e-01  -6.6684954e-01   1.4426987e-01  -2.0539246e+00  -2.4074606e+00   3.4108186e-01
   1.0000000e+00   1.1434662e-01  -3.1905683e-01  -9.3485696e-01  -3.6414387e-01   4.5714788e-01   4.1176050e-02
   1.0000000e+00   3.4160199e-01  -1.0456661e+00  -2.9595880e-01  -1.2365524e-02   4.4371206e-01   6.7597346e-01
   2.0000000e+00   1.1589397e+00  -1.1214205e+00   2.1537557e-01  -6.5023189e-02   4.1825344e-01  -1.7918199e+00
   2.0000000e+00   1.3605080e+00   1.4485263e+00   4.7540672e-01   1.1438035e+00  -1.5576107e+00   1.2729959e+00
   1.0000000e+00  -1.3931570e+00   7.0998125e-01   2.8717462e-01  -7.8122830e-02  -3.1690001e-01   7.8079104e-01
   2.0000000e+00  -1.4215005e-01  -8.9392283e-01   7.9508536e-01   1.3878508e+00  -1.1515914e+00   7.9946609e-01
   2.0000000e+00  -9.1652716e-01  -2.0723373e-01  -1.4249504e+00  -1.3458035e-01   2.1425095e+00  -7.7230212e-01
   2.0000000e+00  -2.0458366e+00   5.7010166e-01   2.4227606e-01   1.2652949e+00   7.3179585e-01   7.8518247e-01
   2.0000000e+00   6.4259391e-02  -1.1587058e+00   4.9182986e-01   2.3553552e+00   4.6574355e-01  -8.2464327e-01
   2.0000000e+00  -2.0421969e+00   1.1424172e+00   5.8058726e-01  -6.7128843e-02  -1.6171760e+00  -2.8437825e+00
   1.0000000e+00  -7.8884117e-01  -2.6102561e-01  -3.3497114e-01  -2.3095851e-01  -1.9670246e-01   4.9376005e-01
   2.0000000e+00  -1.3240434e+00  -1.7266925e+00   3.4041471e-01  -2.3028270e+00  -3.6669558e-01  -3.8921164e-01
   2.0000000e+00  -5.2062572e-01   1.1912549e+00   2.0082044e-01   3.8943665e-02   1.1074143e+00  -3.8186938e-01
   2.0000000e+00  -2.8698259e-01   6.2226805e-01  -4.7936620e-01   1.9463016e+00  -4.0126655e-02  -6.2507842e-01
   2.0000000e+00  -1.2938506e-01   1.3117317e+00   7.4542295e-01  -5.6204545e-01   3.9257003e-01  -1.3591525e-01
   2.0000000e+00   1.2676174e-01   1.7336257e+00  -4.5656285e-01  -7.1499989e-01   9.0106066e-01   1.9130687e+00
   2.0000000e+00  -3.0899930e-01  -3.2703171e-01   1.3185309e+00  -1.1079971e+00   7.2228456e-01  -8.0780337e-01
   2.0000000e+00  -1.5632704e+00   2.7286818e+00   3.0729967e-01  -5.2154620e-01   5.3223630e-01  -1.8964009e-01
   1.0000000e+00   1.1106044e+00   9.9931142e-01   3.0031460e-01  -6.7040834e-02  -1.1599008e+00   5.5250505e-01
   2.0000000e+00  -4.4126357e-01   5.0373513e-02   1.3555212e-01  -4.6281050e-01  -6.0720512e-02  -9.2146607e-01
   1.0000000e+00   2.7005345e-01  -5.9265807e-01   4.4264540e-01  -2.3808257e-01   5.5924289e-01   9.1353496e-01
   2.0000000e+00   2.3338398e-02  -4.6043575e-01   5.3675753e-01   4.0603833e-01  -1.4686508e+00  -4.1566006e-01
   2.0000000e+00  -6.4611570e-01  -1.0228408e+00  -1.0298006e+00  -5.6494069e-01  -4.2715221e-01  -9.7356987e-01
   2.0000000e+00   7.9662679e-01   1.7998642e+00  -1.3148339e+00   4.3155027e-01   3.6751009e-01  -1.8958207e+00
   2.0000000e+00   1.3277262e-01   1.6291169e+00  -2.3002175e+00  -9.7121842e-01  -6.1091375e-01   1.2630467e+00
   2.0000000e+00   1.5178943e+00  -1.3247872e+00  -5.1668115e-01   1.4944572e+00   1.3789193e+00  -1.1345102e-01
   2.0000000e+00   9.4935252e-01   5.9205873e-01   3.2067665e-01  -4.2507965e-01  -7.3671008e-02  -8.9726568e-01
   2.0000000e+00   1.9239227e+00   1.8530008e+00   2.8709911e-02  -1.0483830e+00  -4.4436950e-01   6.3826618e-01
   2.0000000e+00   1.6106099e+00  -4.0495670e-01   1.5342025e+00  -6.7020755e-01   7.1820873e-01   8.3565579e-01
   1.0000000e+00   9.4102372e-02   7.6087510e-01  -1.0074291e+00   2.8680859e-01   1.1378795e-01   3.7594109e-01
   2.0000000e+00   1.4221822e+00   1.7995492e-01  -1.8585657e+00   4.1517619e-01   1.0138372e-02  -1.5745917e+00
   2.0000000e+00   4.8713131e-02  -7.7665558e-01   6.7813741e-01  -9.0610590e-01  -3.0292641e-01  -7.7610779e-01
   2.0000000e+00  -1.1329910e+00   1.4706508e+00   1.8690872e-01  -1.3398732e+00  -2.2119507e-01  -1.5493044e+00
   2.0000000e+00   3.0653634e-01   1.7952666e+00   3.2527852e-01   4.0434184e-01  -2.5005902e-02  -8.4343429e-01
   2.0000000e+00   1.1169255e-01  -1.3154556e+00   9.0607863e-01   1.3780194e+00   2.0294964e+00   4.3337504e-01
   2.0000000e+00  -1.4741707e+00   2.9169821e-01   4.7055196e-01  -4.1368417e-01   1.3916059e+00  -1.2268351e+00
   2.0000000e+00  -3.3779210e-01   2.4803225e+00  -4.9424570e-01  -6.4337317e-01  -8.8401523e-01   1.2572450e-02
   2.0000000e+00   1.2449150e-01  -9.2671257e-01  -2.3719472e-01   4.1794696e-01  -4.3077672e-01  -6.1662418e-01
   2.0000000e+00   1.8216184e-01  -1.4092507e+00  -3.1874341e-01  -3.0340105e-01  -4.4044562e-01  -6.5407728e-01
   1.0000000e+00  -4.1367953e-01  -1.3132620e-02   1.2511518e+00   2.9273932e-01   7.3626170e-03   7.6441122e-01
   2.0000000e+00  -7.8444592e-01  -3.0351443e-01   4.3168028e-01  -1.4043910e+00  -1.0844307e+00   8.3843717e-01
   2.0000000e+00   1.2347746e+00  -1.0937973e-01  -1.8085046e+00  -4.7536058e-01   1.4055254e+00  -9.6948406e-01
   1.0000000e+00  -5.7700709e-01  -1.2589897e+00   6.7881572e-01   2.3871820e-01   5.7810007e-02   7.0313201e-01
   2.0000000e+00   1.4697623e+00   1.2627123e-01  -8.0411271e-01   2.3514913e-01   1.5278556e+00   1.2752699e+00
   2.0000000e+00   1.5582266e-02  -4.5906178e-02  -1.2987169e-01  -1.1780452e+00  -1.3085530e+00  -1.8931539e+00
   2.0000000e+00  -1.5519804e+00   7.3281442e-01  -1.1666311e+00   9.2526535e-01  -6.4823422e-01  -2.3102683e+00
   2.0000000e+00  -1.5161752e-01   7.7223330e-02  -2.7590714e-01   2.3693268e+00  -5.1388215e-01   8.4673342e-01
   1.0000000e+00  -2.7447952e-01  -1.0097472e+00  -7.3380926e-01  -8.1237568e-01  -2.0481930e+00   1.7095320e-01
   2.0000000e+00  -2.2221468e+00  -2.3677130e-01   8.3953732e-01  -1.7869925e+00  -6.1186963e-01   6.6859879e-01
   2.0000000e+00   7.4980126e-01  -1.1381055e+00  -1.3196131e+00  -1.1113974e+00   7.0861689e-01   1.2214682e+00
   1.0000000e+00  -2.0775163e+00   3.7591820e-02  -1.2501170e+00   6.6303522e-01   5.2246459e-01   4.1461550e-01
   2.0000000e+00  -9.7025611e-02  -2.7725816e-01  -3.0864395e-01   2.5569097e-01   1.6377258e-01  -1.6605597e+00
   2.0000000e+00   1.2263804e+00  -5.4004401e-01   6.1244804e-01   5.4669946e-01  -1.3444358e+00   1.1162839e+00
   1.0000000e+00  -9.2225575e-01   4.7394459e-02   2.3470466e-01  -3.3504731e-01   5.8408262e-01   2.8304771e-01
   2.0000000e+00  -1.0509684e+00   1.7494675e+00  -1.6236568e-02  -2.3075653e+00   5.9351819e-01   3.7580654e-01
   2.0000000e+00  -5.2034126e-01  -1.3382615e+00  -1.9012396e-01   4.6364082e-01  -8.1740221e-01   1.0954466e+00
   2.0000000e+00   1.3140729e+00   1.5158076e+00  -1.8086301e+00  -7.0015459e-02  -1.6461316e-01  -6.5786519e-01
   2.0000000e+00  -9.0880015e-01  -1.8452964e-01   7.6789131e-01  -2.3021079e+00  -6.2500510e-02   6.3423648e-02
   2.0000000e+00  -8.1979843e-01  -2.1526011e+00  -3.5586668e-01  -1.0709768e+00  -2.8044815e-01   5.5890091e-01
   2.0000000e+00  -2.9315591e-01  -5.0218979e-01   8.3729178e-02   1.6610336e+00   1.1661993e+00   4.0155858e-01
   1.0000000e+00  -1.8386785e+00  -1.0630542e+00  -1.6168572e-01   5.3722590e-01   1.6413735e+00   4.0645884e-02
   2.0000000e+00   1.0339753e-02  -1.1259126e+00  -7.0838328e-01  -1.8685093e+00   1.4932252e-01   5.2872681e-03
   2.0000000e+00  -2.7356906e-02   1.0178125e+00   3.0848456e-01  -9.4918488e-01  -1.2918611e+00  -3.3293271e-01
   2.0000000e+00  -9.1100145e-01  -2.4334076e+00  -6.0635217e-01   4.1440875e-02  -9.6573477e-01   5.8596074e-01
   1.0000000e+00   4.1473418e-02   9.0395593e-01  -3.8098905e-01   4.5827334e-01   5.2183244e-01   8.7145624e-01
   2.0000000e+00  -6.3765330e-01  -8.8257028e-01  -1.3024625e-01   5.3533953e-01  -7.6877589e-01  -1.6650302e+00
   2.0000000e+00   8.0539292e-01   7.4250206e-01   3.8369284e-01   7.6507730e-01  -1.0459832e+00  -5.7786696e-01
   2.0000000e+00  -1.1198256e-01  -8.9464277e-01  -5.0871300e-01   1.2047698e+00   1.5109159e+00  -2.1239937e+00
   2.0000000e+00  -1.2027832e+00  -1.2131603e-01   2.9536390e-01  -1.0726467e+00   9.6712205e-01  -4.1229856e-01
   2.0000000e+00  -6.3160303e-01  -6.6699954e-01  -9.2678276e-01   1.8577000e+00   5.4538599e-01  -3.1069375e-01
   2.0000000e+00  -4.4518736e-01   7.1162228e-01  -6.2076973e-01   3.4168686e-01  -1.8461584e-01  -9.4734585e-01
   2.0000000e+00   1.6475438e+00  -9.6139868e-02   6.3690088e-01   1.2870089e+00  -1.2340638e+00   5.2092336e-01
   2.0000000e+00  -1.9073135e-01   1.1439933e+00  -4.7830532e-01  -1.5419712e+00  -8.3208177e-01  -1.8148442e+00
   2.0000000e+00  -1.0979117e+00   2.0530889e-01   1.7668131e+00   1.2361899e+00   3.1544098e-01  -7.2103211e-01
   2.0000000e+00   3.6948984e-01  -1.9250388e+00   9.6003670e-01   8.0606601e-02  -1.7803581e+00  -2.6092624e+00
   2.0000000e+00  -1.7018245e+00  -9.4889559e-01  -1.2399173e-01  -3.1335804e-01   7.4620681e-01  -2.2650337e+00
   2.0000000e+00  -4.2325837e-01   2.1904223e-01   1.0963869e-01   1.1729931e+00   8.4854658e-02  -1.6127181e+00
   1.0000000e+00  -1.9267041e+00   1.0677610e-01  -5.5183658e-01   7.1711642e-01   4.6838074e-01   5.5095788e-01
   2.0000000e+00  -8.6756800e-01  -1.5397979e+00   1.2474236e+00   1.3878428e+00  -2.3249174e-01  -1.4409906e-01
   2.0000000e+00   2.4210429e+00  -8.2623691e-01  -4.4331111e-01   1.7498794e+00   1.0892085e+00  -2.6730918e-01
   2.0000000e+00  -3.0071996e-01  -2.3337101e+00  -2.1042281e+00   2.0838572e-01   2.0549554e+00  -2.0997959e+00
   2.0000000e+00  -2.8300151e-01   6.7919502e-01  -7.7612224e-02  -2.1882418e-01  -1.2355506e+00  -1.3426407e-01
   2.0000000e+00  -1.7381725e-01  -4.1437857e-02  -2.4167933e+00  -6.8204032e-01  -1.0647661e+00   8.0537891e-01
   1.0000000e+00  -1.8732744e-01   6.4696698e-01   1.3058090e+00   5.7604796e-01   1.2382155e+00   2.7366878e-01
   2.0000000e+00   4.5493823e-01  -6.6697403e-01   2.1030101e-01   4.1359436e-01  -8.6372912e-01  -2.8152744e-01
   2.0000000e+00  -2.0940233e+00   2.9683973e-01  -8.6142746e-01   9.4350304e-01  -6.5185825e-01   8.0660498e-01
   2.0000000e+00  -1.0334661e+00  -2.3061594e-01  -3.0750047e-01   9.9560675e-02  -1.2354109e+00  -8.2481295e-01
   2.0000000e+00  -5.5701795e-01   4.0131979e-01  -1.1103946e+00   1.0818954e+00   1.7157249e-01   1.8401780e+00
   2.0000000e+00   9.9222203e-01  -2.2662850e-01  -1.2884219e-02   1.9988422e+00  -1.2691427e+00   5.6845115e-01
   2.0000000e+00  -2.2231830e-01   1.0902819e+00  -8.4481840e-01  -7.0287136e-01  -9.2947468e-01  -2.1352688e-01
   2.0000000e+00   5.2111273e-01  -1.2661324e+00  -2.6359593e+00   2.0256848e-01  -1.1067140e+00  -1.9796991e+00
   1.0000000e+00   1.3405387e+00   1.0799518e+00  -3.2941073e-01  -5.8455031e-01  -6.5817256e-01   3.8725935e-01
   2.0000000e+00   3.2281946e-03   2.0556944e-01  -1.3660641e-01   1.1718337e+00   8.8288431e-01  -3.8830061e-01
   2.0000000e+00  -7.8120286e-01   1.4981918e+00  -5.2256528e-01   6.3995731e-01   1.0449652e+00  -1.8879998e+00
   2.0000000e+00  -1.0519801e-01   8.8753333e-01   1.1600880e+00   2.7725902e+00   1.5142749e+00   5.0651053e-01
   2.0000000e+00   3.7272548e-01   1.3400513e+00  -2.3704527e-01  -1.6796729e-01  -6.0256855e-01  -9.1180575e-01
   2.0000000e+00  -9.0834435e-01   1.1440516e+00  -1.9669070e-01   6.9296924e-01   1.8413912e-01  -1.1419783e+00
   2.0000000e+00   6.8657625e-01  -1.1314621e-01   4.7260362e-01   1.6070180e-01  -1.3028855e-01  -2.8234526e-01
   2.0000000e+00   9.8517160e-02   5.4487834e-01   1.3377261e-01   1.0118431e+00   1.7507997e+00  -9.8972471e-01
   2.0000000e+00   4.7001651e-01   5.6080608e-01  -7.7955050e-01  -6.0379684e-01  -1.5878748e+00   1.3090325e+00
   2.0000000e+00   1.1246730e-01   1.0509204e-02   9.1471088e-01  -2.5745566e-01   1.5676815e+00  -4.3498945e-01
   2.0000000e+00  -1.2555384e+00  -1.1397950e+00   2.0753082e+00   5.8691710e-01  -1.6149673e-01  -4.7246736e-01
   2.0000000e+00  -1.0930528e+00   1.3480312e+00   4.6975796e-01   3.0796042e-01   3.3778370e-01  -2.0257936e+00
   2.0000000e+00   2.8456633e-01   1.5313113e+00  -1.5362812e+00   2.5005797e+00   5.9601734e-01   8.8737893e-01
   2.0000000e+00   2.2321529e+00  -5.2839803e-01  -5.9200250e-01   1.9125446e+00   1.5794121e+00   4.6359438e-01
   2.0000000e+00  -1.1968210e+00  -7.1024685e-01  -1.0348496e-01   1.1717404e+00   7.6268305e-01  -3.3882487e-01
   2.0000000e+00   3.4689546e-01   4.6235178e-01   1.2847846e+00  -2.3231713e-01   1.0559686e+00  -4.6067441e-01
   1.0000000e+00  -1.6036150e-01   1.0481446e+00   3.6511510e-02   4.6162463e-01  -7.5392401e-01   2.3332742e-01
   2.0000000e+00   6.7969475e-01   1.8570139e-02  -1.5081325e+00   5.8058461e-01   6.2418164e-01  -4.6954819e-01
   2.0000000e+00  -6.0735181e-01   9.8791252e-02   7.1899137e-01   1.9693514e+00   1.1072793e-01   1.9009205e-01
   2.0000000e+00  -6.9525784e-01   6.4602868e-01   1.2519169e+00  -9.2866075e-01  -8.1865611e-01   4.5589157e-01
   2.0000000e+00   3.6312822e-01   7.8545879e-01  -1.5493982e+00   3.7673634e-01   1.3028260e+00  -1.3744366e+00
   2.0000000e+00   1.4026311e-01   1.1213872e+00   8.1942891e-01   1.4298505e+00  -1.1387046e+00  -2.3928321e+00
   2.0000000e+00   1.9860272e-01   3.7849355e-01   4.2905930e-03  -8.4132737e-01  -8.6398291e-01   5.7129269e-01
   2.0000000e+00   4.6386007e-01   1.0207243e+00  -2.1209182e+00  -1.7927441e+00  -2.3505646e-01   6.0770582e-02
   2.0000000e+00   1.0272689e+00   6.2823366e-01  -2.3613666e-01  -1.5880331e-01   1.4591289e+00   1.0571300e+00
   2.0000000e+00   7.0120427e-01   1.5583032e+00   9.2787694e-01   2.9816058e-01   8.1692676e-01  -2.0053242e+00
   1.0000000e+00  -6.8541543e-01  -5.4527470e-01  -7.1085027e-01   7.4952719e-01   6.9764352e-01   1.1961648e-01
   2.0000000e+00   1.2433162e-01  -5.8988605e-01   4.6404717e-01   8.7893643e-01   9.6775954e-01  -1.4123447e+00
   2.0000000e+00  -4.4821697e-01   2.9059840e-01   1.2674664e+00   1.6940445e+00   7.4813431e-01  -8.2381345e-01
   2.0000000e+00  -2.6276976e-01  -2.9367535e-01   1.1490858e+00  -9.6963854e-01  -1.1938453e-01  -2.7583918e-01
   2.0000000e+00  -2.5350407e-01   6.7325615e-02   1.2758210e+00   8.9418832e-02   1.8196401e-01  -1.6473527e+00
   2.0000000e+00  -1.5895518e-02  -1.3505036e+00  -1.2715791e-01   7.1341858e-01   3.1907197e-01  -2.9357536e-01
   2.0000000e+00   1.5943304e-01  -6.1532055e-01  -1.2817904e+00  -9.7212759e-01  -1.0651982e+00  -1.0746107e+00
   1.0000000e+00   1.4863490e-01   3.8936877e-01   1.6708499e-01   2.1774442e-01   8.0604629e-01   5.9249673e-01
   2.0000000e+00  -4.8641191e-01  -1.6492687e+00  -7.7775212e-01   4.8678477e-01   7.0199552e-01  -6.9565054e-01
   2.0000000e+00   8.2911648e-01  -8.6833591e-01   6.3548901e-01   5.4565162e-01   7.6441071e-01  -2.7288684e-01
   2.0000000e+00  -3.6836534e-01   4.2202714e-02   2.0737355e+00   7.3621060e-01   2.0669629e-01  -2.7119164e-01
   2.0000000e+00  -1.1269335e-01  -7.7563589e-01  -1.2189645e+00  -1.3622068e-01   1.6089759e+00  -1.0284348e+00
   2.0000000e+00  -2.4392289e-02  -1.3369408e+00   1.0596777e+00   6.5570261e-01  -1.0204968e+00  -3.4217957e-01
   2.0000000e+00  -2.8757027e-01   1.6839813e-01   8.3538635e-01   6.2352227e-01  -5.6557786e-01   7.8271983e-01
   1.0000000e+00   2.0935882e+00   4.4175516e-01   8.5936515e-02   4.6295577e-01  -8.3399868e-01   8.7589141e-01
   2.0000000e+00  -1.7206848e+00   1.9018866e+00  -2.4060082e-01   2.4523418e-01  -2.8059186e-01  -1.1199085e-01
   2.0000000e+00  -2.6304222e-01  -1.8752255e-02   1.2326617e+00  -5.3289539e-01  -1.0384294e+00   2.0864741e+00
   1.0000000e+00   2.1135880e-01   8.6199612e-01   3.8945513e-01  -2.6185743e-01  -1.1485960e+00   6.9119333e-01
   2.0000000e+00  -1.1067051e+00   7.5390640e-01   5.9968475e-01  -1.7473773e+00  -1.6677637e+00   2.0503569e+00
   1.0000000e+00   3.5185646e-02  -1.1285263e+00   6.9394697e-01  -2.8974864e-01  -7.1716057e-01   8.1164475e-01
   2.0000000e+00   1.3295378e+00   4.6808727e-01  -2.6377471e-01  -1.9477425e+00   8.1027668e-01   9.5026186e-01
   1.0000000e+00   1.0700872e-01   6.6018212e-01  -1.1234397e+00  -4.6768656e-01  -3.6584066e-01   1.5809224e-01
   1.0000000e+00  -1.7018779e+00   2.0983977e-01  -3.1527212e-01  -6.1813404e-02  -7.1693448e-01   5.5706976e-01
   2.0000000e+00   7.0977001e-01   9.4039742e-01   1.4980937e+00  -2.1040901e+00   1.1816722e+00  -2.0770698e+00
   1.0000000e+00   1.9405767e+00   2.4306475e-01  -8.3865463e-01  -6.5684748e-01   1.2089823e+00   8.6945896e-02
   2.0000000e+00  -3.2389829e-01   4.3057573e-01   1.7428195e-01  -5.0823365e-01   2.1388144e-01  -4.4985507e-01
   2.0000000e+00  -1.5754617e+00  -1.3281134e+00  -4.0639737e-01   5.2111322e-01  -6.2720970e-01  -4.4805412e-01
   2.0000000e+00   1.4113710e+00   1.2257058e+00   6.0838299e-02  -2.4245915e-01  -3.0834554e-01  -5.4022587e-01
   1.0000000e+00  -1.1746919e+00  -1.6498440e+00   2.8065667e-01  -4.4291491e-01   1.8291064e+00   6.7964655e-02
   1.0000000e+00   7.7193736e-02  -4.2515571e-01  -1.3227523e-01   8.2602219e-01  -2.4682758e-01   1.4436751e-02
   2.0000000e+00   1.1154996e+00  -3.2442624e-01  -2.8646538e-01  -2.0784072e-01  -2.2433574e-01  -4.9274080e-01
   1.0000000e+00   1.7265392e-01   4.7399382e-01   1.3670791e+00   6.0869219e-01  -2.7853303e-01   5.4266029e-01
   1.0000000e+00  -2.7701171e-01  -1.2687958e+00   2.1595226e-01  -3.0790922e-01  -1.0114183e+00   6.2557813e-01
   2.0000000e+00   1.2923067e-02   3.7535139e-02   5.7792328e-01   1.8542546e+00  -2.2022381e+00   1.2367873e-01
   2.0000000e+00  -6.8803086e-01  -1.3788360e+00  -7.9287823e-01  -1.0502431e+00   3.4395252e-01   1.4330652e+00
   2.0000000e+00  -7.2605255e-01   8.7177104e-01   6.9980835e-01  -1.1242582e+00  -5.1455649e-01  -8.1300231e-01
   1.0000000e+00  -1.3200674e+00  -1.1931248e+00  -7.8028901e-01   9.6897775e-01   1.5040766e+00   5.2426951e-02
   1.0000000e+00  -4.1220147e-01   3.7971152e-01  -5.4888790e-01   4.5356777e-01   1.0823852e-01   8.2908120e-01
   2.0000000e+00  -2.6466434e-01  -7.8859196e-01  -2.1636530e+00  -1.5359596e+00   1.0878928e+00  -1.1868514e+00
   2.0000000e+00   2.1214583e+00  -8.4017179e-01  -1.6518619e-02  -1.0080220e-02  -1.7110322e+00  -1.0989602e+00
   2.0000000e+00   6.7855763e-01  -1.0391886e-01   8.9471136e-01   1.5589262e+00  -2.4636708e-01  -1.4489628e+00
   1.0000000e+00   5.4220243e-01   7.7017950e-02  -1.5114216e+00  -7.2556961e-01   6.9251024e-01   6.6723773e-01
   2.0000000e+00   5.6314976e-01   8.2889369e-01  -2.1972247e+00  -1.3182600e+00  -8.6576963e-01   1.3474189e-01
   2.0000000e+00   3.5136882e-01  -5.9253252e-01  -2.6797490e-01  -8.6845383e-03   1.5688529e+00  -9.4007728e-02
   2.0000000e+00   2.0629765e-01   1.3893775e+00   1.0574802e+00  -2.4392616e-01  -3.4771108e-01   1.6991626e+00
   2.0000000e+00   7.5860750e-01   6.9135829e-01  -4.4535397e-01  -6.0243761e-01   6.2926975e-01  -2.1422845e-01
   2.0000000e+00   9.0663660e-01  -8.5646456e-01  -7.4312857e-01  -1.4935694e-01   4.4032185e-01  -1.9263090e+00
   2.0000000e+00   3.2902589e-01  -1.6266372e+00  -7.2432758e-01  -3.0341329e-01   4.7024764e-01  -1.4126473e+00
   2.0000000e+00   8.8470103e-01   2.4916446e-01  -9.6909781e-02   4.6294379e-01  -2.9692798e-01  -1.0933048e+00
   1.0000000e+00   2.8679895e-02  -1.1965687e+00   3.3205393e-02   4.2223807e-01  -1.0253872e+00   5.1394816e-01
   2.0000000e+00   1.5829182e+00   2.9755644e-01  -6.3185922e-01   1.3923487e-01   1.0433193e+00   1.6638971e+00
   2.0000000e+00  -1.8134372e+00   2.0502957e+00  -1.0259557e+00   1.9879533e+00   1.0965681e+00  -1.2612945e+00
   2.0000000e+00  -1.5579220e+00   3.2499469e-01  -4.0981944e-01  -6.1742575e-01   7.9914999e-01   2.2597957e+00
   2.0000000e+00  -5.2387256e-01   5.7564550e-01   6.7868451e-02  -5.6172939e-01   1.0677006e+00  -4.1991101e-01
   2.0000000e+00  -8.7984651e-01  -7.2599368e-01  -4.7152554e-01   2.0419285e+00  -7.1897073e-01  -8.4275272e-01
   1.0000000e+00  -5.6345553e-01   7.7798952e-01   1.0289194e+00   8.3745059e-02  -1.8788895e+00   1.4479293e-01
   2.0000000e+00  -1.1107898e-01   5.3868119e-01  -1.0684570e-01  -1.0762829e+00   6.7123571e-01   1.9279957e+00
   1.0000000e+00  -1.8480692e+00   4.1976818e-01   3.1365486e-01  -3.5871676e-02   7.0370476e-01   2.1241823e-01
   2.0000000e+00  -3.1231154e-01   1.1185407e+00   7.5337932e-01   1.8999571e+00   4.9588811e-01  -1.2499614e+00
   2.0000000e+00   6.3309720e-01   1.4521835e+00   3.3862678e-01   1.1387025e+00  -1.0097286e+00   9.5595734e-01
   2.0000000e+00   1.7728327e+00  -5.2593592e-01  -3.1278406e-01   9.7724004e-01   1.9889957e+00   1.0628040e+00
   1.0000000e+00   4.1156807e-02  -3.2094290e-01   2.8553135e-01   5.9269600e-01  -1.0296914e-01   1.8617530e-01
   2.0000000e+00  -2.5655009e-01  -4.7221565e-01  -2.9690258e-01  -1.5095303e+00  -5.2508141e-02  -5.6400613e-01
   1.0000000e+00  -1.9373277e+00   8.9781241e-02   1.2058729e+00   8.0892637e-02  -6.9770338e-01   7.7927410e-01
   2.0000000e+00  -1.0919104e+00  -4.2344308e-01   9.9423841e-01  -4.5001985e-01   4.8225527e-01  -1.9179972e+00
   2.0000000e+00   1.0785103e+00   9.5025256e-02   1.1638330e+00   5.9455343e-01  -6.8278186e-01   1.3956919e+00
   2.0000000e+00  -6.7455586e-01  -1.0827128e+00   3.3635243e-01   7.3947748e-01   5.4897926e-01   8.6568432e-01
   2.0000000e+00  -9.2396011e-01   2.9196200e-01   6.5689408e-01  -7.3363585e-01   2.6218197e-01  -1.2691394e+00
   2.0000000e+00   9.3988091e-01  -2.0188014e-01   3.5357630e-01   4.0483609e-01   1.6983160e+00  -1.2558916e+00
   2.0000000e+00  -1.0398779e+00   1.5162642e-01  -1.6185549e-01   3.8268411e-01  -3.7533119e-02  -6.5170254e-01
   1.0000000e+00  -3.5853590e-01   4.9519966e-01   5.6269334e-01   8.5109748e-02  -2.2570949e+00   6.3098799e-01
   2.0000000e+00  -7.3183447e-01   6.4213180e-01  -5.6891985e-01   6.1671081e-01   3.6013297e-01   1.0875897e+00
   2.0000000e+00   5.4305549e-01  -1.4956578e+00   9.1488851e-01  -1.6509487e+00  -7.8990060e-01  -8.8397622e-01
   2.0000000e+00  -1.2628700e+00   1.1617838e+00   8.6381287e-01  -7.2246757e-01  -1.9498521e-01  -1.2914937e-01
   2.0000000e+00  -4.9223263e-01  -9.4579111e-01   2.1648782e-02  -8.6095886e-01  -1.4270398e+00   8.8711350e-01
   2.0000000e+00  -2.7435643e-01  -1.5491395e-01  -1.2011751e+00  -7.5217646e-02   3.3312538e-01  -2.8103032e+00
   2.0000000e+00   3.5606689e-01  -9.7382030e-01  -2.1436961e-01   2.0163132e+00  -1.7516942e-01  -5.4328036e-01
   1.0000000e+00   3.6463431e-01  -9.1734763e-01   6.8773309e-01   4.9714464e-01   1.2169344e+00   1.1801252e-01
   2.0000000e+00  -1.0515716e+00   1.5254035e-01   8.3914680e-01  -2.1381691e+00   1.1893197e+00   6.1895422e-01
   1.0000000e+00  -7.5639406e-01  -1.1715458e+00  -1.0279902e+00   2.9833818e-01   8.2537297e-01   6.3857972e-01
   2.0000000e+00  -4.4328114e-01  -1.7891195e+00   8.8141530e-01   1.3000800e-01   7.9388341e-01   1.0389460e+00
   2.0000000e+00   1.9839446e+00  -1.8778929e+00   2.2316634e+00  -8.5298064e-02  -3.7190862e-01   1.0827252e+00
   2.0000000e+00   3.5465229e-01  -5.5407504e-01  -5.2957249e-01   7.9843137e-01  -1.0779193e+00   1.6819032e+00
   2.0000000e+00  -2.8125791e-01   6.2321278e-01   1.1483299e+00  -5.0225596e-01   3.0828336e-01   1.8174777e+00
   1.0000000e+00  -1.0450202e+00  -8.0501969e-01   1.8719557e-01   1.6197230e-01   1.6778964e+00   1.5598585e-01
   2.0000000e+00  -2.4826781e+00   8.8767246e-01   1.6247546e-01  -2.2902143e-02  -3.6790548e-02  -9.6159888e-01
   2.0000000e+00  -6.2346179e-01   3.6394871e-01   3.7721594e-01   7.7130049e-01   5.4299024e-01  -6.8811623e-01
   2.0000000e+00   1.3607542e+00   2.5758894e-01   8.4252391e-02   1.2622149e+00   1.4159958e+00   5.6510386e-01
   2.0000000e+00  -1.4206187e+00   2.4828426e-01  -4.3403105e-01   5.7297178e-02  -3.5421438e-01  -7.2695124e-02
   2.0000000e+00  -3.3107991e-01   2.8157282e+00   8.9802251e-01  -1.2099093e-01   6.8492343e-01   2.4119826e-01
   2.0000000e+00  -1.6137811e+00  -3.8529439e-01  -6.6912398e-01  -9.4797557e-01   4.3251162e-01   1.7831386e+00
   2.0000000e+00   6.2503002e-01   2.6308641e-01  -1.0527525e+00   4.1990542e-01   8.4451569e-01  -4.2144537e-01
   2.0000000e+00  -1.4102745e+00  -2.4440985e+00  -5.3301902e-01   1.4761872e+00  -5.2931184e-01  -1.6779347e-01
   1.0000000e+00   7.1855329e-02   1.2388179e-01   2.6532836e-01   7.4100031e-02   1.6423160e-02   1.1675979e-01
   2.0000000e+00  -5.1735605e-01  -8.9302653e-01  -2.2076467e-01  -1.1587042e+00  -3.7214895e-01  -2.1521759e-01
   2.0000000e+00   3.9886352e-02   8.5148153e-02  -1.3293930e+00   7.2668734e-01   2.0756548e+00   1.2427678e+00
   2.0000000e+00  -1.7936222e+00   2.3135356e-01  -9.9969534e-01   9.0868417e-01  -3.6380660e-01   2.3727721e+00
   2.0000000e+00  -3.1534539e-01  -2.5365058e+00   1.3908413e+00  -1.2262146e+00   6.3284136e-01  -4.4807708e-01
   2.0000000e+00   9.7290174e-01  -1.2565590e-01  -1.6722655e-01   1.7783901e+00  -1.0149909e+00  -1.1168205e+00
   1.0000000e+00   1.4041332e+00   8.2708263e-01  -3.0692550e-01   7.6442346e-01   7.4636460e-01   3.2234348e-01
   2.0000000e+00  -8.9620253e-01   1.6422206e+00   1.2864622e+00   1.1765395e+00  -5.5213831e-01  -6.3944043e-01
   2.0000000e+00   2.9314464e-01   6.1221557e-01  -1.5973146e+00  -1.1651691e+00  -1.9117711e-01  -1.0699589e+00
   2.0000000e+00  -4.5196016e-01  -1.6021427e+00   1.0379091e+00  -3.6171237e-01   1.8478575e+00  -1.2008926e+00
   2.0000000e+00  -4.3906496e-01   5.9866535e-02  -1.9923596e+00  -1.3942983e+00   1.0279686e+00  -9.7201206e-01
   2.0000000e+00   7.3074190e-01  -9.2873484e-01   4.8372906e-01  -9.7191034e-01   5.7060762e-02  -5.4677752e-02
   2.0000000e+00   8.0590080e-01   6.3631002e-01  -1.8108677e+00  -8.8810536e-01   1.0680970e+00  -5.3786810e-01
   2.0000000e+00   2.3457214e-01  -7.6418765e-01   7.2785510e-02  -1.1738490e+00  -1.8744586e+00  -1.2480927e+00
   2.0000000e+00  -2.6174476e+00   4.4399372e-01  -2.3447717e+00  -9.0925447e-01   2.2160633e+00  -1.5282837e-01
   2.0000000e+00   2.4174496e+00   1.3235886e-01   2.6556297e-01   1.4030945e+00   2.4197921e-01   3.5258899e-01
   2.0000000e+00   1.4404352e+00   6.0003931e-01  -1.0179153e+00   7.4995465e-01   8.6271683e-01   8.6136715e-01
   2.0000000e+00  -5.7159134e-01   8.7138668e-01   1.4214102e+00  -1.9791445e-04   2.6040622e-01  -1.1417232e+00
   2.0000000e+00   9.3544872e-02   1.6328673e+00  -3.0612507e-01   3.7363518e-01  -1.8916168e+00   1.5131255e+00
   2.0000000e+00   7.8120954e-01  -1.1092738e+00  -1.3372309e-01  -1.1374336e-01  -1.4340014e+00  -1.2062163e+00
   1.0000000e+00  -2.4834839e+00   1.2963916e+00  -2.5498930e-01  -3.8348333e-01  -1.2027679e+00   1.3185324e-01
   2.0000000e+00  -1.2572991e+00   7.3630206e-01  -6.6412738e-01   4.5395270e-01  -2.9588704e-01   1.1599265e+00
   2.0000000e+00  -1.7837238e+00  -2.0587561e-01  -8.7304559e-01  -5.7457869e-01   1.6408524e+00   1.1706594e+00
   2.0000000e+00  -5.4638468e-02  -1.3216389e-01  -7.8039146e-01   2.6030055e-01   2.2405480e-02  -1.3390311e+00
   2.0000000e+00  -1.6310666e+00  -7.7853963e-01   1.6446852e-01   6.8182814e-01   6.1236893e-01   1.2049901e+00
   2.0000000e+00   8.3711524e-01   7.3900632e-01   2.9687734e-01  -2.0734326e+00  -9.9425032e-01   6.8155046e-01
   2.0000000e+00   6.4871578e-01   1.3899171e-01   1.2166287e+00  -2.2165230e-01  -2.0214085e+00  -1.7457636e+00
   2.0000000e+00  -1.0621106e+00  -1.5134993e+00   1.1898259e+00   2.7557679e-01   1.1147897e+00  -1.8739815e+00
   2.0000000e+00  -8.3591667e-01   6.4100258e-01  -1.4675106e+00   2.3858234e+00   5.5448395e-01   7.6026800e-01
   2.0000000e+00  -2.6263683e-01   5.7210229e-01  -1.6253011e+00   8.0593781e-02  -1.3018588e+00   1.2528027e+00
   2.0000000e+00  -1.0671844e+00  -3.4015778e-01   1.4268603e+00   1.4643015e+00   1.0631316e+00  -7.7238332e-02
   1.0000000e+00   8.4965009e-01  -8.0215399e-01  -2.0813513e-01  -6.3260069e-01   2.6414132e+00   5.8456002e-01
   2.0000000e+00   1.6226537e-01  -1.5940181e+00  -7.3130295e-01   6.7014914e-01  -1.7158990e+00   1.4495310e+00
   2.0000000e+00  -1.3730162e+00   1.0696385e+00  -8.3020493e-02   5.1026610e-01  -1.0272192e+00   1.2674822e+00
   2.0000000e+00   1.0341930e+00  -1.0622781e+00   8.9738663e-01   5.9106127e-01  -3.4423736e-01  -5.7106523e-01
   2.0000000e+00  -1.9868798e+00   1.2193108e+00   1.2452258e+00   7.0107976e-01  -5.8967029e-01  -1.2066399e+00
   1.0000000e+00  -1.4936193e+00   3.2500936e-01   2.7395493e-01  -6.9449978e-01   1.3432093e+00   3.8401348e-01
   1.0000000e+00  -1.8168197e-01   6.9137795e-01  -3.2953632e-01   7.2499727e-02   7.2326723e-01   8.0256581e-01
   1.0000000e+00  -1.3213661e+00  -8.2305494e-01   3.1830059e-01   5.1925387e-02   7.2092890e-01   2.8948552e-01
   2.0000000e+00   4.7753921e-01  -2.5844589e-02  -5.1462486e-01  -5.8586235e-01  -1.0656033e-01  -1.7547643e+00
   1.0000000e+00   8.5727363e-01   3.0739618e-01   5.9020361e-01   5.8199822e-01   4.5391515e-01   4.1674501e-01
   2.0000000e+00   2.5188450e-01  -1.6849455e+00   2.3050827e+00  -2.6683846e-01  -5.8374187e-01   1.2680610e+00
   2.0000000e+00   9.8560925e-01   5.8697672e-01  -1.0516238e+00   7.9545636e-01   1.7020773e-01   6.5391646e-01
   1.0000000e+00   9.3105643e-01  -4.2298482e-01  -1.6404157e-01  -2.7732326e-01   8.7816626e-01   7.8647270e-01
   2.0000000e+00   1.1800534e+00  -4.1377584e-01   8.0068066e-02  -3.6681226e-01  -1.1368503e-01   1.6805974e+00
   2.0000000e+00   1.4720081e+00   4.2232258e-01   1.3025918e-01  -8.2111734e-01   1.0824452e+00   2.0484490e+00
   2.0000000e+00  -2.0315952e+00  -3.6035991e-01  -5.0447003e-01   3.1336098e-02  -4.0861988e-02  -4.1995217e-01
   2.0000000e+00   4.0171640e-01   2.9387828e-01   1.6764887e+00  -2.7399679e-01   6.2939621e-01  -2.8753308e-01
   1.0000000e+00  -3.1432645e-01  -9.8895128e-01  -5.8773657e-01  -1.0876488e-01   1.1039263e+00   4.6128490e-01
   2.0000000e+00  -6.2443769e-01  -7.5764485e-03  -5.1248759e-01  -1.2233227e-01  -3.4629017e-02  -2.1829115e-01
   2.0000000e+00   3.3998644e-01   1.3983051e+00  -5.0544312e-01  -1.3716337e+00  -1.6021356e-01  -6.3166511e-01
   2.0000000e+00  -1.7912909e-01  -1.5763533e+00  -1.1305632e+00   8.1980219e-02   1.0587853e+00  -1.3654889e+00
   1.0000000e+00   6.6853252e-01   7.5398532e-01   5.4323699e-01   2.5060042e-01  -5.3489048e-01   6.2560714e-01
   2.0000000e+00   9.8648371e-02  -1.1629029e+00  -1.4411572e+00  -2.0500758e-01   7.3882061e-01  -1.1398095e-01
   2.0000000e+00  -1.5073596e+00   1.2234374e+00  -6.5349380e-01  -2.5322651e-01  -1.6092541e-01  -5.2256216e-01
   2.0000000e+00  -1.0589608e+00   5.5514001e-01  -1.8440935e-01  -1.1159328e+00  -6.9029383e-01  -4.2938890e-01
   2.0000000e+00   1.0388741e+00  -7.5029197e-01   7.5341127e-02  -7.0560891e-01  -2.0209120e+00  -2.3143968e-01
   2.0000000e+00   1.7805092e+00   7.1873926e-01   1.6589588e-01   6.0666894e-01  -3.7469323e-01  -1.4014995e+00
   2.0000000e+00   1.2185029e+00  -7.3109218e-02  -6.2977258e-01   7.1676189e-01  -6.2909108e-01  -1.1355938e+00
   1.0000000e+00  -3.0331880e-01   1.0131803e+00   5.5856649e-01   1.0613533e-01  -3.8902223e-01   5.0268815e-01
   2.0000000e+00  -1.1693576e+00  -1.2567761e+00   2.2473302e-01   3.3643981e-01   3.5496398e-01  -1.0907928e+00
   1.0000000e+00   4.9207769e-01   1.9858767e+00  -1.3728332e+00  -6.9946669e-01   1.2037094e+00   1.9981634e-01
   2.0000000e+00  -2.2371198e+00   2.0762206e+00   1.3869186e-01  -1.0089225e+00   7.4670509e-01   1.4766401e+00
   2.0000000e+00  -4.2355916e-01   1.2116765e+00  -1.3690702e+00   5.0374903e-01  -6.9858693e-01  -2.5716469e-01
   2.0000000e+00   4.8039534e-01  -8.3271571e-03   1.1005414e+00  -6.8445888e-01  -1.4850090e+00  -2.7029793e-01
   2.0000000e+00   1.3343901e-01   2.9717248e-01   1.2618171e+00  -1.0163848e+00  -2.3574896e+00   2.0872580e+00
   2.0000000e+00   3.6661780e-01   1.4678406e+00   7.6250702e-01   4.1891547e-01  -2.4199453e-01  -1.1813218e-01
   2.0000000e+00  -6.4821288e-01   1.7081649e+00  -1.8445065e+00   2.5123204e-01  -1.0968559e-02   1.4225889e+00
   2.0000000e+00  -1.0481848e+00  -5.2617890e-01   1.2834145e+00   4.6016829e-01  -7.8375280e-01   1.4316924e+00
   2.0000000e+00   3.3006764e-01   2.2840218e-01  -4.0640303e-01   1.3324062e-01   1.2611193e+00  -1.1916061e+00
   2.0000000e+00  -1.5700809e+00  -9.2840007e-04  -1.8106684e+00  -7.8017774e-01   1.3126418e+00   1.9648937e+00
   2.0000000e+00  -1.4501208e+00   2.3128393e+00   8.8113693e-01  -9.7425833e-01   2.6929698e+00   1.6713994e+00
   2.0000000e+00   1.0106252e+00  -4.7241766e-01   1.1857666e+00   3.0546039e-01  -3.1161598e-01  -1.3324090e+00
   2.0000000e+00  -3.5256189e-01   6.0338224e-01  -3.8880900e-01   1.2203090e+00  -1.3054750e-01   6.6393729e-02
   2.0000000e+00   1.0684043e+00   1.1511607e+00  -1.5085892e-01   3.7503301e-01  -9.5775975e-01  -1.4195953e+00
   2.0000000e+00   8.2292082e-01   1.6233411e-01   9.0894984e-01  -9.5855993e-01   2.0093520e-01   9.0549304e-01
   2.0000000e+00   2.6916924e-01   4.0310192e-01  -4.9009582e-01  -1.3333815e+00   1.4206443e+00  -1.2823223e+00
   1.0000000e+00  -3.5265520e-01  -1.7289951e-01  -4.3534270e-01  -5.7208374e-01  -1.4045906e+00   1.4099017e-01
   2.0000000e+00  -2.8600474e-01  -9.0776007e-01  -4.5367934e-01   8.5642730e-01   7.9294270e-01   1.3017684e+00
   2.0000000e+00  -7.2741569e-01  -7.2443104e-01  -2.1627743e+00  -9.8186649e-01  -2.1982702e+00   4.6689158e-01
   2.0000000e+00  -9.6978848e-01  -1.0809490e+00   4.4197548e-01   2.5297720e-01   1.3884144e-01   1.3322551e+00
   2.0000000e+00  -1.5727094e+00  -1.2168150e-01   8.1327037e-01  -9.3336593e-01  -1.5640313e+00  -1.0270783e-01
