   1.0000000e+00   3.0876037e-01  -3.2026536e-01   3.2435805e-01  -5.2251240e-01   5.7890501e-01  -3.1147936e-01
   1.0000000e+00   2.0040638e-01   1.7107279e-01   5.0884602e-01  -3.7568713e-01   6.2889653e-01   6.0103143e-02
   1.0000000e+00   9.1374855e-01  -5.3431985e-01   5.1702253e-01   1.3079561e+00  -1.2743736e+00  -1.3296281e+00
   2.0000000e+00  -1.6478193e+00  -6.8561361e-01   1.2093160e+00   8.0138441e-01   9.0108424e-01  -1.7169305e-01
   2.0000000e+00   4.5521338e-01  -6.7740304e-01   8.2802261e-01   1.2465805e-01   3.5056997e-01   9.4190041e-02
   2.0000000e+00  -2.1174519e-01   1.1652046e+00  -4.4565096e-01   8.6417534e-01   1.7190461e+00  -1.2135304e+00
   1.0000000e+00   1.4699433e-01  -5.7450553e-01   4.6185062e-01  -3.5441230e-01   7.5654088e-01   4.0278099e-01
   1.0000000e+00  -9.2045860e-01   4.4447127e-02   9.8568036e-01   5.4831761e-03   1.0281730e+00   3.0043984e-01
   2.0000000e+00   1.4993881e+00  -1.8751272e-01  -1.7663097e+00  -1.5673048e+00  -5.6168270e-02   3.8712892e-01
   2.0000000e+00   9.3406918e-01   1.2488468e+00  -1.0992558e+00  -1.4871155e-01   1.0880822e+00  -9.8456636e-01
   2.0000000e+00   1.1702434e+00  -1.5083881e+00  -7.7422043e-02  -7.6407009e-01   2.4760556e-01   3.2355680e-01
   2.0000000e+00  -2.8231494e-01   1.7625527e+00   2.6048772e-01  -7.0251434e-02   1.8763416e-02   8.3871895e-01
   2.0000000e+00   1.1270829e-02  -2.3664078e-01   1.2320411e+00   1.0997675e+00  -6.5100201e-02  -3.8762272e-01
   2.0000000e+00   1.4433962e+00  -1.8323480e-01   1.0578552e+00  -1.5346395e+00   1.9250700e+00  -7.7645863e-02
   2.0000000e+00  -1.2925286e+00  -8.8545870e-01   1.6672674e+00  -5.4178629e-01  -3.3217494e-01   7.3642563e-01
   2.0000000e+00  -1.9000591e-01   5.7105749e-01  -9.2211304e-01   4.2088463e-01  -9.6219935e-01   2.0465548e-01
   2.0000000e+00   4.5367885e-01  -8.9343181e-01   6.3708386e-01  -3.6184264e-01   1.3567485e+00   1.3128027e-01
   2.0000000e+00  -9.8775867e-01   1.5627548e+00   2.8611450e-01  -1.7412447e+00   5.2067083e-01  -6.6970704e-01
   2.0000000e+00  -1.4487637e-01  -5.1112849e-01  -2.2372320e-02   7.9284915e-01   1.6732429e-01   1.1384729e+00
   2.0000000e+00   4.3309121e-01   1.9941600e-01   1.8143587e+00  -1.6224256e+00  -8.3792980e-02  -3.7078799e-01
   2.0000000e+00  -3.3134367e-01  -8.3536193e-01  -4.9480087e-01   1.7409518e+00   2.7586535e-01  -1.9200038e-01
   2.0000000e+00   1.4061814e-01   2.3124353e-02  -4.7432443e-01  -1.7908665e-01  -5.7259858e-02   7.3637225e-01
   2.0000000e+00   1.2192206e-01  -1.8643935e+00   4.9661194e-01  -1.3768256e+00   1.0364247e+00  -1.2991457e+00
   2.0000000e+00   8.3017071e-01   7.5435127e-01   1.0479350e+00   4.1465686e-01   2.9968247e-02  -4.6834846e-01
   2.0000000e+00   8.1036387e-01  -1.5204615e-01  -1.9849346e+00  -3.1112339e-01  -8.8776431e-01  -2.7437630e+00
   2.0000000e+00  -3.4019595e-01  -7.7862973e-01   6.4052352e-01   3.1583721e+00  -1.3906682e+00   7.2519707e-01
   2.0000000e+00  -6.7095996e-01   1.1411445e+00  -5.5415282e-01   3.2021157e-01  -2.1528506e+00   4.2667205e-01
   2.0000000e+00   4.8539807e-01  -7.5448999e-01  -1.1705887e+00   2.2921256e+00  -1.0349241e+00  -2.3242281e+00
   2.0000000e+00   8.7515832e-01  -1.2699268e+00   6.9441672e-01  -1.0741931e+00   9.7712464e-01  -1.9861133e+00
   2.0000000e+00  -6.4530288e-01   2.1821316e-02  -3.4648112e-01   1.2934429e+00  -8.0491210e-01  -8.4558560e-01
   2.0000000e+00   1.2533731e+00   2.9002100e-01  -9.7395776e-02   1.8626520e-01  -1.3660346e+00  -1.6963308e-01
   2.0000000e+00   1.2415038e+00   1.2131394e+00  -7.7908590e-01   6.0685058e-01  -5.3068607e-01   1.3048575e+00
   2.0000000e+00  -6.7147300e-01   1.0957914e+00  -3.9114317e-01   3.6323981e-01   1.1866042e+00   2.5148338e+00
   2.0000000e+00  -1.3687190e-01  -9.3447544e-01   1.5099011e+00  -1.0333909e-01  -2.0731371e-01  -4.7032480e-02
   1.0000000e+00   5.5541134e-01   1.4161946e-01   9.5347456e-01  -7.2490546e-01  -4.2038605e-01   1.3271362e+00
   2.0000000e+00   1.2038515e+00   6.2775622e-01   1.3574131e+00   1.7193727e+00  -8.4945213e-01  -3.2674750e-01
   2.0000000e+00   3.6686405e-01  -1.0269889e-01   1.5501242e+00  -2.4495479e-01   2.5282358e-01   4.8648285e-01
   1.0000000e+00  -1.1666504e+00   4.9796180e-01   5.4878008e-01   3.1637261e-01   4.6880573e-01  -1.1167606e+00
   2.0000000e+00  -1.7779132e+00   1.2853801e+00   6.7480950e-01  -1.7877741e+00  -1.1917806e+00   1.1195753e+00
   2.0000000e+00  -5.6173619e-01  -5.2710111e-01  -3.9760044e-01   1.2162250e+00   9.0430999e-01  -7.9264918e-01
   2.0000000e+00   9.8167496e-01  -6.2063270e-01  -1.1024888e+00  -8.9512462e-01  -3.5914806e-01  -1.8626776e-01
   1.0000000e+00  -8.6091540e-02   8.3820008e-01   5.2089296e-01  -4.3858312e-02   5.9243695e-01  -1.7777746e+00
   2.0000000e+00  -6.5298455e-01  -7.5730689e-01   8.5986048e-01  -4.0919417e-01  -5.1112494e-01   1.7041625e-01
   2.0000000e+00  -6.0382297e-02  -7.0831177e-01  -5.3070440e-01   5.6364766e-01  -3.1445391e-01  -1.7643486e-01
   2.0000000e+00  -6.3698143e-01  -9.4293954e-01  -3.7411921e-01   4.7381832e-02   1.4112920e+00   1.4504756e+00
   2.0000000e+00   5.0144223e-01   1.4713304e+00  -3.9377720e-01  -1.0391640e+00   6.0889613e-01   5.1434754e-01
   2.0000000e+00   1.1795112e+00  -2.2032070e-01  -1.3282877e+00  -2.3859423e+00   8.9416776e-01   3.7111000e-01
   1.0000000e+00  -2.7008438e+00  -6.3536293e-01   1.3288928e-02   4.9894726e-02   2.3201863e-02  -5.3166209e-01
   2.0000000e+00  -9.0655291e-01   8.1780717e-01  -4.2051021e-01  -1.1754059e-01   2.4463131e-01  -4.8700730e-01
   1.0000000e+00  -1.9662887e-01  -6.6702753e-01   5.3714424e-01  -9.8363011e-01  -3.2721311e-01  -1.6701741e-01
   2.0000000e+00   3.0300220e+00   6.1193574e-01   1.7321271e+00  -7.7513376e-01   4.6165397e-01  -5.5424886e-01
   2.0000000e+00   1.6538243e-01   1.4765041e+00  -2.7960237e-01   1.9504620e+00   3.8244424e-01  -6.7449270e-01
   2.0000000e+00  -7.9996528e-01   6.7362507e-01   8.5195998e-01  -9.9503784e-01  -1.0977295e+00   1.2385973e-01
   2.0000000e+00   1.1999632e+00  -1.0986709e+00  -8.5846947e-02   9.2484862e-01  -8.5903630e-01   3.4834938e-01
   2.0000000e+00   7.8756977e-01   4.6434059e-01  -1.3831996e+00  -2.5484059e-01   2.0330460e-01  -8.5816466e-01
   2.0000000e+00  -3.6808748e-01   1.1128162e+00   1.7079368e-01  -1.0247345e-01   2.9463982e-01   8.3147795e-01
   1.0000000e+00  -2.5854628e-01  -3.0288941e-01   6.3551779e-01   1.0374545e+00  -1.8671183e+00   5.6447045e-02
   1.0000000e+00   1.1570525e+00   6.7757329e-01   3.6708722e-02  -5.8876830e-01   1.1338268e-01   5.2336125e-02
   2.0000000e+00   2.4846190e-01  -8.7924985e-01   7.6604184e-01   1.7328179e+00   1.0551933e+00  -1.3850838e-02
   2.0000000e+00  -9.0686633e-01   1.6237599e-01   1.0251958e+00   9.7062664e-01  -1.0740198e+00   7.8334181e-01
   2.0000000e+00  -3.5201475e-01  -1.5115041e-01  -1.0862378e+00   6.2310596e-01  -1.1867078e+00  -3.0973792e-01
   2.0000000e+00   5.7668712e-01  -3.5852220e-02   1.1487285e+00   8.3096854e-02  -1.2171673e+00  -9.3482418e-01
   2.0000000e+00  -2.5439787e-01   1.7722502e-02  -6.6750602e-01  -4.4436306e-02  -7.5624364e-01  -2.1079718e+00
   2.0000000e+00  -6.2428529e-01   1.7948055e+00   6.9458233e-01   5.8180666e-01   7.8846380e-01  -1.0702275e-01
   2.0000000e+00   1.1656207e+00  -4.6580139e-01   1.5164086e+00  -1.2573165e+00   4.2488629e-01  -3.9246373e-01
   2.0000000e+00  -2.7046637e+00  -9.8594837e-01  -6.2790701e-01  -6.3876657e-01  -9.6365667e-01   2.4924657e+00
   2.0000000e+00  -1.1421704e+00  -2.4984013e-01   1.7545713e+00  -7.9386981e-01  -1.7533026e-01  -1.3400017e+00
   2.0000000e+00  -5.6465619e-01  -2.0312230e-01   1.1087794e+00  -1.0653324e+00   8.0980404e-01  -3.0891424e-01
   2.0000000e+00   3.4588012e-01   9.6798629e-01   1.4270649e+00  -2.7528084e+00  -3.9210509e-01   2.3684367e+00
   2.0000000e+00  -4.7050598e-01   1.9380175e+00   5.2145907e-01   8.4635775e-01   1.4758513e+00  -1.6600581e-02
   2.0000000e+00   6.0412733e-01  -1.2740149e+00   4.9234519e-02   2.1065714e+00  -1.0279810e+00   1.3334139e+00
   2.0000000e+00   2.6590365e+00  -8.3645327e-01   2.2634315e+00  -4.6562374e-01  -9.1436922e-01  -5.1293397e-01
   2.0000000e+00  -2.4104016e-01   2.4354724e+00  -3.4587536e-01   4.2127575e-01  -9.0469755e-02   6.1824135e-01
   2.0000000e+00   1.4310215e+00   1.5078250e+00  -9.2678187e-02   6.1706185e-01  -5.7693246e-01   3.1085156e+00
   2.0000000e+00   1.8444850e+00   2.0273328e+00   7.8583167e-02  -1.7368547e+00  -9.3436085e-01  -7.6473980e-03
   2.0000000e+00  -1.3795406e+00   7.9744492e-01  -1.0545454e+00   1.2542552e+00   7.0151476e-01  -2.7364622e-01
   1.0000000e+00  -9.7047354e-01  -6.5673866e-01   5.5617281e-01  -3.4784921e-02  -1.3594765e+00  -1.6023385e+00
   1.0000000e+00  -1.2530248e+00  -1.6163101e-01   2.4947197e-01   6.6045397e-01   9.9398459e-02  -1.5897666e-01
   2.0000000e+00   7.4255478e-01   1.2661089e+00   1.3719171e+00  -1.2497811e+00  -1.7410627e+00  -3.4950094e-01
   1.0000000e+00  -1.0909948e+00  -9.1294670e-02   8.7911396e-01   4.5616567e-01   6.9238128e-02  -2.9754270e-01
   2.0000000e+00  -6.4113776e-01   6.4109156e-01  -2.4803692e-01  -6.0206849e-01   6.2003810e-01  -8.3368684e-01
   2.0000000e+00   9.6064656e-01   1.3693139e+00   1.0361387e-01   1.1655874e+00   5.7147332e-01  -1.7199270e+00
   1.0000000e+00  -1.1682582e+00  -2.9317475e-01   7.7305863e-01   2.2306217e-01  -9.9256334e-01   8.7106913e-01
   1.0000000e+00  -4.7576508e-01  -3.0546841e-01   6.1387637e-01   1.1096914e-01   2.0050123e-01  -1.4912386e+00
   2.0000000e+00   4.2988403e-01  -4.7934148e-01   1.0551753e+00   2.7328304e+00   1.0934536e+00  -7.8232572e-01
   2.0000000e+00  -4.3510880e-01  -1.3310571e+00   4.8763979e-01   6.9165600e-01  -8.1468928e-01   1.4519030e-01
   2.0000000e+00   4.7893740e-01   9.4337681e-01  -7.7880292e-01  -6.9624457e-01  -1.5051045e+00   5.5652879e-01
   2.0000000e+00   4.0301001e-01  -5.2726161e-01  -3.9068953e-01  -2.4387402e+00  -1.7341057e-01   2.6517305e-01
   2.0000000e+00  -1.5763747e+00   1.5306094e+00  -4.2746813e-01   6.4048285e-01   8.3808305e-01   3.3595167e-01
   2.0000000e+00   9.0160397e-01  -9.8857762e-01   2.2221321e+00   8.3971434e-02   2.0570682e-01  -9.0431105e-01
   1.0000000e+00   8.1411939e-01   5.0047990e-02   1.1677347e-01   9.1740557e-01  -7.3486983e-01   6.6770208e-01
   2.0000000e+00   6.0179203e-01   1.5402117e-01   1.9774570e+00  -6.9040898e-01  -1.3814597e+00  -1.0338723e+00
   1.0000000e+00   9.8641026e-01  -5.6509271e-01   7.0869955e-01   8.7170511e-01  -1.7447549e+00   2.0071643e+00
   1.0000000e+00  -8.8989888e-01  -6.7195253e-01   3.7549961e-01   1.1293254e-01  -2.3013292e-01  -5.2214468e-01
   2.0000000e+00  -8.0382754e-02   8.1879139e-01   1.0106383e+00   5.5544235e-01  -9.3771916e-02   1.4172967e+00
   2.0000000e+00   3.9864188e-01  -4.8744833e-01  -7.9071478e-01   1.1227165e+00   1.9489908e-01  -4.1514265e-02
   2.0000000e+00  -8.3995532e-01   2.5813653e-01  -3.5970077e-01  -5.7921444e-01  -4.3803859e-01  -2.6307133e+00
   2.0000000e+00   2.9632407e-01  -2.1186776e-02  -1.4259657e-01  -7.7497091e-01   6.7839823e-01  -6.5704089e-01
   2.0000000e+00   2.1126557e-01  -1.8735806e+00  -2.8245312e-02  -2.3456461e-01   9.8360617e-02   4.8973678e-01
   2.0000000e+00   1.9487801e+00   5.4391268e-01  -1.8106885e-01  -1.7930313e+00   9.2528765e-02  -1.4507592e+00
   2.0000000e+00   1.4416970e+00   1.6149830e+00  -2.2258756e-02  -4.2416230e-01  -4.0786652e-01  -1.1827906e+00
   1.0000000e+00  -3.7370230e-01   7.8724494e-01   4.3700170e-01  -6.5674356e-01   3.1716895e-01  -9.3745131e-01
   2.0000000e+00  -1.5276306e+00  -1.2457761e+00   1.2799126e+00   2.2032679e+00   1.1108896e-01  -2.4295808e-02
   2.0000000e+00  -2.1401591e-01  -1.9735713e+00  -1.0887952e+00  -1.3539190e+00  -4.6277286e-01   3.4651124e-01
   2.0000000e+00   7.8739776e-01   3.8243816e-01  -5.5624046e-01   1.1351063e+00   5.1714903e-01  -4.3379468e-01
   2.0000000e+00   1.0245447e+00   2.4877450e+00  -1.5984704e+00  -1.7625308e+00  -2.0011865e+00  -7.8896400e-01
   1.0000000e+00   5.0783318e-01   8.4632152e-01   2.6063247e-01  -4.3740155e-01   1.2724354e+00   2.2211669e-01
   1.0000000e+00  -4.8809390e-01  -1.2688042e-01   5.7013487e-01  -2.2306298e+00   1.3104594e+00   1.1734800e+00
   2.0000000e+00   1.3213250e+00  -7.1212517e-01  -3.8125159e-01   1.1269274e+00   1.7142371e-01  -1.0864280e+00
   2.0000000e+00   6.0067120e-01   2.2722626e-01  -7.4733918e-02  -1.4866089e+00   7.2385906e-01  -1.3837488e+00
   2.0000000e+00  -3.6639594e-01  -7.7712036e-01   1.5151066e+00  -6.0312232e-01   9.4983474e-01  -7.0917856e-01
   2.0000000e+00   2.1691828e-01   1.3539269e-01  -8.1889377e-02   1.6934738e+00  -1.8105931e-01   7.0800742e-01
   2.0000000e+00   1.8639968e+00  -2.3447103e+00   1.3638720e-01   1.4205255e+00  -2.0634896e-01  -7.2482740e-01
   2.0000000e+00   8.3193367e-01   1.2181354e+00   1.1759073e-01  -1.0432109e+00   7.3474389e-01   2.1269127e+00
   2.0000000e+00   1.9505342e+00   5.2895038e-01  -9.3001795e-01  -1.0822357e-01  -1.6453147e+00  -6.4170360e-01
   2.0000000e+00   8.6494263e-01  -4.6089954e-01   1.0196039e+00  -1.0735514e+00   1.0965447e-01   1.0793976e+00
   2.0000000e+00   1.1866353e+00   1.4723965e+00   8.5961759e-01  -3.0601285e-02  -2.4296589e-01   2.9522592e+00
   2.0000000e+00  -4.0526954e-01  -9.0479207e-01  -5.7715764e-01  -8.4780916e-01   3.8715275e-02   3.8597518e-01
   2.0000000e+00  -1.1165141e+00   1.5458790e+00   3.5531077e-01   1.5277897e+00  -7.7231657e-01  -4.7327730e-01
   2.0000000e+00  -5.3528859e-02  -9.6480289e-01   1.4182483e+00   6.1033129e-01  -2.8462352e-01  -1.0681728e+00
   2.0000000e+00  -2.2688434e-01   1.1537020e+00  -4.2076782e-02   1.5270434e+00  -1.3651922e+00   1.5096985e+00
   1.0000000e+00   6.6936539e-01  -6.8688483e-01   1.4905380e-01   1.5593690e+00   4.8001093e-01   2.4963170e-01
   2.0000000e+00  -3.9071157e-01  -1.5033052e+00   1.5781118e+00   4.0977638e-01   1.1650519e+00   4.1166955e-01
   2.0000000e+00  -7.3676642e-01  -1.5184568e+00  -2.7304989e-01  -1.0945351e+00  -1.1355305e+00   4.7658854e-01
   2.0000000e+00  -7.9355674e-01  -1.3654985e+00   4.4236613e-01   8.8049205e-01   1.1983231e+00   4.8468729e-02
   2.0000000e+00   1.3491362e-01   1.0921435e+00  -1.0619781e-01   5.7577314e-02  -6.6589798e-01   1.1672967e+00
   1.0000000e+00   1.1964690e+00  -8.0477198e-02   5.1074409e-01  -1.2482533e+00   2.1579039e-01   1.1103183e+00
   2.0000000e+00  -1.1378516e+00   1.8218447e-01  -1.6041994e+00  -1.0649858e+00  -4.9999393e-01   9.7518083e-01
   1.0000000e+00   1.5003689e+00  -1.5554688e-01   7.2717895e-01  -8.3071128e-02   1.1359067e-01   1.0335848e+00
   2.0000000e+00  -1.8684595e-01  -8.9589867e-01   1.5934503e+00   1.0069843e+00   9.4079972e-01  -1.4322024e-01
   1.0000000e+00  -1.7971476e+00  -2.6735586e-01   7.8434514e-01  -9.3756882e-02  -9.8715475e-01   1.0023682e+00
   2.0000000e+00   1.1655880e+00  -1.9452795e-01  -2.4381462e+00   1.8249082e-01   2.6471178e-01  -2.5058880e-01
   2.0000000e+00   8.4442961e-01  -1.9051337e-01  -1.4961292e+00  -7.4183101e-01   1.2270711e+00   2.0033505e+00
   1.0000000e+00  -7.8639046e-01   6.9349362e-01   1.2283898e-01  -7.7277916e-01   9.9153889e-02  -3.8393098e-02
   2.0000000e+00   5.1526541e-01   1.4344352e+00   1.8243277e-01  -1.2921909e-01   1.3130189e+00  -2.7303804e-02
   2.0000000e+00   5.0490892e-01   6.9787413e-01  -6.6863734e-02   3.1047222e-01  -3.7573438e-01  -4.4665694e-02
   1.0000000e+00   1.2159147e+00  -9.9436707e-01   1.1915230e-02   9.2446181e-01  -1.6165154e+00   1.0848236e-01
   2.0000000e+00   9.5528107e-01   1.3778748e+00  -5.4285839e-01  -1.0502143e+00   1.1719457e+00  -7.5452304e-01
   2.0000000e+00   1.4694316e+00   3.4898050e-01  -1.1652533e+00  -1.3610470e+00   9.9414359e-01  -2.2015687e+00
   2.0000000e+00   1.0784734e-01  -2.0317496e-01   1.6567179e+00   1.6760772e+00   3.1616062e-01  -4.8694977e-01
   2.0000000e+00   6.2193707e-01   2.0178828e+00   5.1674465e-03  -1.7882917e+00   4.9157010e-01  -2.0619777e+00
   1.0000000e+00   1.0865454e+00   9.4432707e-01   2.6464521e-01  -1.9758690e+00  -1.2774475e+00  -1.6003273e+00
   2.0000000e+00  -2.5965323e-01   3.7785509e+00   8.0538141e-01   2.5276924e-02  -8.6808374e-01   7.8386583e-01
   2.0000000e+00  -1.5124522e-01  -5.4822955e-01  -2.1388838e+00  -6.5052758e-01   2.1887796e-01  -1.4755774e+00
   2.0000000e+00   2.8957791e-01   1.5291787e+00   4.4053625e-01   9.4379126e-01  -6.5472403e-01  -1.5191636e-01
   2.0000000e+00   3.2772421e-01  -1.4422415e+00  -7.1753727e-01   3.1451662e-01   1.9493709e+00  -5.9351638e-01
   2.0000000e+00  -1.1463075e+00   1.5391851e+00   1.8725118e+00  -2.3162767e-01  -1.2292126e+00  -3.5449655e-01
   2.0000000e+00   1.5137358e+00   8.8070068e-01   1.8898895e+00   1.0040632e-01   5.1315568e-01  -2.0903886e-01
   2.0000000e+00   2.4495569e-01   8.1962413e-01   1.1359003e+00   2.3323062e-01   9.5855333e-02   2.2732218e+00
   1.0000000e+00   1.9908460e+00   6.9306036e-01   6.1537387e-01  -1.2632834e+00  -1.8200164e+00  -4.4467802e-01
   2.0000000e+00  -7.9931948e-01  -5.5828037e-01  -1.3154414e-01   7.2596324e-01   5.7299238e-01   1.3911370e-02
   1.0000000e+00  -5.9892652e-01   2.4459886e-01   8.3526720e-01  -1.5031727e-01  -1.0574808e+00   4.5451833e-01
   2.0000000e+00  -1.2253591e+00  -4.3646662e-01   1.4585329e+00  -3.5642480e-01  -7.9613901e-01   1.8207093e-01
   2.0000000e+00  -8.6611252e-01   3.3654577e-01   9.4660241e-01  -1.1471170e+00  -6.1218878e-01  -1.8475165e-01
   2.0000000e+00   8.2661588e-01  -1.0049596e-01  -1.6335296e+00   6.4937182e-01   1.3757749e-01   1.2475278e-01
   1.0000000e+00  -7.6792874e-01  -3.6612292e-01   4.4122304e-01   1.7406044e+00   1.1241430e-01  -2.3741843e-01
   2.0000000e+00  -7.6726042e-01   3.6483488e-02  -5.4921087e-01  -3.6265793e-02  -5.8477680e-01  -3.0169935e-01
   1.0000000e+00  -1.6363370e+00   2.2129819e-01   7.8556985e-01  -1.9474999e+00   9.4449848e-01  -6.8401826e-01
   2.0000000e+00   1.0162602e+00  -2.1810061e-01  -7.0947064e-01   2.0056068e+00  -1.2646642e-03  -1.4632498e+00
   2.0000000e+00  -3.7077165e-01  -3.3978429e+00   1.6845003e-01   8.3476778e-01  -2.2690324e+00   9.2647299e-01
   2.0000000e+00   1.1368098e+00  -1.1512760e+00   5.6070499e-01  -6.5299190e-01   1.8011237e+00  -1.4426778e+00
   2.0000000e+00  -2.7879570e-01   1.6515357e+00   4.5200937e-01   6.1090693e-01  -1.4590865e+00  -6.2175702e-01
   1.0000000e+00  -9.9192220e-01   5.9740350e-01   1.3945643e-01  -1.1928115e+00   2.8117109e-01  -1.0198422e+00
   2.0000000e+00  -4.0674119e-01   1.1764423e+00  -8.5823131e-01   6.3935102e-01  -1.0008159e+00   1.2602911e+00
   2.0000000e+00  -1.4097532e+00   1.1646897e+00  -1.4919750e+00  -6.2232727e-01  -2.3006505e+00   9.3596348e-02
   2.0000000e+00   3.3777154e-01  -2.9282539e-01  -4.8263995e-01  -1.9001940e+00   1.9741448e-01   4.4841099e-01
   2.0000000e+00  -9.1225535e-01   4.0223334e-01  -3.4455600e-01  -1.2195884e+00  -5.6227137e-01  -8.4519041e-01
   2.0000000e+00  -4.6071523e-01   7.2090961e-01  -2.7435451e-01   1.0903453e+00  -1.5123589e-02  -2.0296209e+00
   1.0000000e+00   2.1617944e+00   4.8713057e-01   7.2940445e-01  -2.0553499e+00  -9.7608213e-01  -5.3367090e-02
   2.0000000e+00   3.1717498e-01  -5.4154586e-01  -2.8697397e-01   2.7994808e-01  -4.0177285e-01  -1.5369524e+00
   2.0000000e+00   1.1782959e+00  -4.4480927e-02  -1.9598882e+00   1.1483614e+00  -2.7265865e-01   1.5020134e-01
   1.0000000e+00  -3.0048499e-01  -3.7208905e-03   3.7826469e-01  -5.6752222e-01   5.9527895e-01  -5.4981314e-01
   2.0000000e+00   1.5579748e+00   9.1811722e-01   2.8178223e+00   2.3176909e-01   1.9952293e-01   1.4024154e+00
   1.0000000e+00   1.6588400e-01  -2.0119994e-01   3.4054543e-02   5.3204676e-01  -1.7551954e-01   3.1739100e-01
   2.0000000e+00   1.2805030e+00  -8.1759994e-01  -4.0221840e-01  -3.6086601e-01   1.0671004e+00  -1.8149110e-01
   2.0000000e+00  -1.2672919e-02  -7.9482557e-01  -3.2008233e-01  -6.6044591e-01   1.4435730e+00   7.5195102e-01
   2.0000000e+00  -7.6779340e-01  -1.8168210e+00   1.0222956e+00  -5.0305103e-01   5.4866601e-01   1.2401906e+00
   2.0000000e+00  -4.1649676e-01  -1.1771211e+00   1.1728870e+00  -1.2100136e+00   7.7448595e-01   1.7939305e+00
   2.0000000e+00   4.0014911e-01   9.6658952e-01   1.2064863e+00   1.2104694e+00   9.7522697e-01  -4.3928041e-01
   2.0000000e+00   2.6093864e+00  -7.1827049e-01  -6.7128434e-01  -1.4715920e-02   6.2576516e-01  -3.1664292e+00
   1.0000000e+00   4.0971167e-02   2.3655293e-01   3.5026754e-01  -1.7963475e+00   3.2873312e-01   1.0494625e+00
   2.0000000e+00  -8.2566004e-01   5.1520979e-01  -1.3401602e+00  -5.2932830e-01   1.4374378e+00  -1.0181194e+00
   2.0000000e+00   7.4232939e-01   4.7862890e-01   1.1159064e+00  -9.7994538e-01   8.0319108e-01   5.8776251e-01
   2.0000000e+00  -1.2912872e+00  -1.3018888e+00   6.2753533e-02   8.1443717e-01  -5.0714356e-01   2.3031720e+00
   2.0000000e+00  -1.1696814e-01   7.0641563e-01  -2.1097161e-01   8.4620185e-02   2.6405996e-02  -5.8075185e-01
   2.0000000e+00   6.8908872e-01   4.1407444e-01  -5.0774213e-01  -6.3986956e-01  -1.3291133e+00  -1.4568405e+00
   2.0000000e+00   1.6601942e+00  -1.8322200e+00  -5.2244934e-02  -3.0086338e-01  -1.0826620e+00   5.9055403e-01
   1.0000000e+00   6.4867649e-01   7.4109505e-01   4.6754979e-01  -1.8723871e+00  -3.5872547e-01  -8.7121757e-01
   2.0000000e+00   4.6661075e-01  -6.2034951e-01  -1.9401152e+00  -7.8377055e-02   1.2291626e-01   1.6761022e-01
   2.0000000e+00  -1.3312738e-01   2.3182452e-01  -9.8770854e-01  -7.4262369e-01   3.6232987e-01  -4.6651080e-01
   2.0000000e+00   1.7611731e+00   4.9239663e-01  -2.6818858e+00   2.1903179e+00   9.4867906e-02   8.0748765e-01
   2.0000000e+00  -1.7960007e-02  -3.1045632e-01  -7.3473506e-01  -7.7736703e-01   1.1851815e+00  -1.5411292e-01
   1.0000000e+00  -1.2272219e+00   7.6765392e-01   1.8208943e-01  -8.3411115e-01  -2.6197635e-02  -9.2214757e-01
   2.0000000e+00  -8.6048817e-01  -1.7813270e+00   5.0992151e-03   1.0433096e+00  -2.4232321e-01   1.8182549e+00
   2.0000000e+00  -1.6249560e-01   1.3205339e-01  -2.9732213e-02  -8.8318075e-02   3.6382440e-01  -3.8718391e-01
   2.0000000e+00   5.2456658e-01   1.1050522e+00   8.6440548e-01  -1.1506839e+00   1.4519188e+00  -9.1255210e-01
   2.0000000e+00  -1.1949228e+00   9.5199587e-01  -2.2906900e-01   7.9553198e-01  -4.7328808e-01  -3.0317092e-01
   2.0000000e+00   1.4392093e+00  -9.8054065e-01  -6.1399326e-01  -1.0725942e+00  -3.4731761e-01  -3.7844689e-01
   1.0000000e+00   9.7022339e-01   4.6064186e-01   8.4812094e-01  -2.2708622e-01  -1.1058713e-01   1.4336293e+00
   2.0000000e+00  -9.0704051e-01   8.1890235e-01  -1.9760274e+00   5.2765657e-01  -1.0672275e+00   8.1195235e-01
   2.0000000e+00   1.9113286e+00  -3.4871144e-01  -1.4311599e+00   2.9173681e-01   1.0702698e-01   1.0278620e+00
   2.0000000e+00   2.2162674e+00   2.5049692e-02   1.0164466e+00   1.0491512e+00  -2.3752730e+00   1.2353462e+00
   1.0000000e+00  -1.8061411e-01   1.1737708e-01   2.3979037e-01   1.8425467e+00  -1.8999594e-01   4.9654408e-01
   2.0000000e+00  -7.9450883e-01   7.4176947e-01  -1.5405476e+00  -1.8055954e-01  -9.3651997e-01  -9.5606926e-02
   2.0000000e+00  -6.8764302e-01   5.2531440e-01   2.0167502e+00  -3.4155575e-01  -9.1224898e-01  -9.2648917e-01
   2.0000000e+00  -1.4614895e+00  -1.0756483e-02   1.3496346e+00   2.8285777e-01  -1.5737373e-01   6.2860495e-01
   2.0000000e+00  -4.5744840e-01  -8.3627262e-01   1.2621061e+00   2.3365669e-01  -1.5779334e+00  -5.7469074e-01
   2.0000000e+00  -9.2929619e-01  -5.8015178e-03  -1.3280067e-02  -1.0647637e+00   1.6197142e+00  -1.6905381e+00
   1.0000000e+00   7.4348939e-01   6.3192119e-01   7.4316998e-01   2.5464666e+00   3.0270875e-02   9.9548875e-01
   2.0000000e+00   3.2211631e-01  -1.7878693e+00  -8.7600773e-01  -1.2504063e-01  -1.2702162e+00   2.2169358e+00
   2.0000000e+00   7.7629109e-01   4.2117476e-01  -7.3423102e-01  -2.8696864e-01   9.8460150e-02   7.6282508e-01
   2.0000000e+00   9.3006022e-01  -5.2029961e-01  -3.8536368e-01  -9.9275459e-01   7.2315687e-01  -1.3863217e-01
   2.0000000e+00  -2.2155784e+00  -2.8364573e-01   1.0883929e+00   1.6430288e-01   4.7580129e-02   6.2499562e-01
   2.0000000e+00  -1.0100833e+00  -8.0340033e-01   5.5386926e-01  -1.5148826e+00  -2.5294344e+00   2.5223837e+00
   2.0000000e+00  -5.7827316e-01  -1.8742147e-01  -1.1303379e-01   8.2019020e-01   4.9532518e-01   7.3333683e-01
   2.0000000e+00  -1.5827752e+00   1.4694603e+00   2.2034795e-01   7.9912383e-01   1.5205305e+00   9.4677275e-01
   2.0000000e+00  -6.8882038e-01   1.1340339e+00   1.0055222e+00  -1.9229507e+00  -1.1823306e+00  -1.0218316e+00
   2.0000000e+00   2.0609258e-01  -6.8997315e-01   9.0791882e-01   3.4922313e-01  -9.8757728e-01  -7.3351336e-01
   2.0000000e+00  -9.8833437e-01  -7.5088459e-01  -1.7619352e+00  -2.7732198e-01  -1.3605081e+00   3.7175129e-01
   2.0000000e+00   6.2755316e-01  -5.6014881e-01  -1.0179635e+00   3.6352604e-01  -4.2677149e-01  -3.9157221e-01
   2.0000000e+00   1.5058719e+00  -2.9483374e-01  -6.6347923e-01  -3.4152412e-01  -1.8029769e-01  -1.1594311e+00
   2.0000000e+00   1.1524681e+00   1.2226114e+00   3.0280867e-01  -7.2372211e-01  -4.0540772e-01  -2.0539468e-01
   2.0000000e+00   5.5322984e-02   6.5844899e-01  -1.0038638e-01  -7.8133419e-01   6.7039224e-01  -1.1284669e-01
   2.0000000e+00   1.4054023e-01   1.4202201e+00   2.6643686e-01  -1.0732521e-01   7.4382370e-01   5.5702479e-01
   2.0000000e+00  -4.1428920e-01   3.2338451e-01  -2.6354486e-01  -1.6429553e+00  -7.3365161e-02   7.4188472e-01
   2.0000000e+00  -3.5822298e-01   4.6607903e-01  -1.4651227e+00  -4.0363282e-01   2.6630333e-01  -1.7909754e-01
   2.0000000e+00   2.2387501e+00   1.0728165e+00  -1.2232624e-01  -2.8751201e-01  -6.1477755e-01  -5.1060296e-02
   2.0000000e+00  -5.0364636e-01   1.0246061e+00   8.0123291e-01   2.7978278e-01  -2.0794313e-01  -3.5017454e-01
   2.0000000e+00   3.9992693e-02  -4.0352561e-02  -9.0272499e-01   5.6828570e-01  -9.5417497e-01  -1.7322847e+00
   2.0000000e+00  -2.2173845e-01  -1.4525919e-01  -5.7916688e-01   8.6138416e-01   2.6512153e-01   8.7703528e-01
   2.0000000e+00   5.0100636e-01  -3.9494524e-02  -1.1856111e+00  -3.3128535e-02   1.0443715e+00  -1.1025708e+00
   2.0000000e+00  -1.0434233e+00   1.9059732e+00  -2.7535916e-01  -3.5896487e-01  -7.3087154e-01   1.2863982e+00
   2.0000000e+00  -4.0016578e-01   1.7323021e+00   2.2398354e+00   1.1116081e+00   2.8083649e-01  -1.5814584e+00
   2.0000000e+00   1.7488312e-01  -1.9300120e+00   7.7552006e-01   8.2634310e-01   1.0204239e+00   1.6439760e+00
   2.0000000e+00   1.6589418e-01  -3.1240775e-01  -3.7666440e-01   5.6682564e-01  -1.9941258e+00  -2.3402422e+00
   2.0000000e+00  -1.4164695e-01   2.1938141e+00  -9.9624699e-01   2.4030052e+00  -2.5000945e-01  -1.0378759e+00
   1.0000000e+00  -2.0154579e+00   8.8959646e-02   7.3219955e-01   2.7229203e-01  -1.6862782e+00   7.1363194e-01
   2.0000000e+00   2.7951171e-01  -7.0259371e-01  -1.0347058e+00   9.1541586e-01   1.4820928e+00   1.8910173e+00
   2.0000000e+00   1.5513497e+00  -4.2070406e-01  -1.2814284e+00  -4.8593181e-01   1.0423315e+00   1.2423968e+00
   2.0000000e+00   7.3741252e-01   1.0609290e+00   4.1288460e-01  -1.0530439e+00  -1.1615506e+00   4.5455305e-01
   2.0000000e+00  -2.6533735e-02   1.7182219e+00  -1.2613038e+00   2.2251649e+00  -9.0959478e-02  -1.1606646e+00
   2.0000000e+00  -5.5160511e-01   1.5526441e+00  -3.7910302e-01  -9.5047298e-02   1.2481485e+00  -3.9295250e-01
   2.0000000e+00  -3.5212466e-01   1.7296521e+00  -1.2024052e+00   1.6325955e+00   8.5609321e-01  -5.0051640e-01
   2.0000000e+00   1.4585807e+00  -8.4072954e-02   1.0550207e+00   5.8101423e-01  -1.4484115e+00  -1.5596074e-01
   2.0000000e+00  -2.1063215e+00  -6.4062790e-01  -8.0297600e-03   2.1359915e+00  -4.9145896e-01  -1.3752631e+00
   2.0000000e+00   5.3105537e-01   1.0472411e+00   4.7145016e-01  -5.0887144e-01   5.9097207e-01   9.5099373e-01
   2.0000000e+00   1.3849373e+00  -6.2616946e-01  -1.7288859e+00   2.8411094e-01  -6.3538504e-01  -7.7517927e-02
   2.0000000e+00   1.5256092e+00   1.6115625e-01  -8.4938090e-01  -1.8092049e-01  -8.8646548e-01   9.4359769e-01
   1.0000000e+00   8.2979682e-01   6.5100351e-01   6.4634431e-01  -9.4022754e-01   2.6689408e-01  -5.9399120e-02
   2.0000000e+00  -7.6476559e-01   1.5099267e+00  -7.5534079e-01  -4.7210631e-01   1.5512192e+00  -2.1439242e-01
   2.0000000e+00   3.0206678e+00  -6.3769591e-01  -8.0203576e-01  -2.0179409e+00  -5.2495255e-01   1.0576334e+00
   1.0000000e+00  -1.3929458e+00  -3.4857590e-01   3.4946759e-01  -1.2012334e+00   6.7901144e-01  -3.6037878e-01
   2.0000000e+00  -3.7649363e-01   1.9970914e-01  -1.5762375e+00   8.0133511e-03  -4.7952198e-01   1.2212855e+00
   2.0000000e+00   1.4617771e+00   7.0101525e-01   1.1295125e+00  -9.1756721e-01  -3.5650961e-02  -1.0208209e+00
   2.0000000e+00  -2.2904050e+00  -2.3456844e+00   2.6275118e+00   3.1637990e-01   1.2048393e+00   2.1643736e+00
   2.0000000e+00   1.4153280e+00  -3.3079614e-01   1.5541886e+00   7.1547981e-01   1.4428361e-01   4.0602339e-01
   2.0000000e+00   8.9662155e-01  -3.7813599e-01   1.2090172e+00  -1.2879684e+00   3.0073233e-01  -8.3900522e-01
   2.0000000e+00   9.5096565e-01  -1.3364186e-01  -3.2521663e-01  -1.2412887e+00  -8.7264839e-01   8.6988145e-01
   2.0000000e+00   1.2701401e+00   5.4693359e-01   1.3012137e+00   3.7649706e-01   1.4133775e+00  -7.5387982e-02
   1.0000000e+00  -1.5380735e-01   7.2740817e-01   5.7236078e-01   2.5218398e-01  -1.1839690e+00  -1.6681576e+00
   2.0000000e+00   3.3916955e-01  -2.9882005e-01  -1.1546934e+00   7.3457962e-01   1.5492838e-01   1.8957123e+00
   2.0000000e+00  -7.5865022e-01   4.1089357e-01  -2.7042018e-01  -1.1753455e+00   7.6838129e-01   1.0655641e+00
   2.0000000e+00   5.2604170e-01   1.6708977e+00   2.0913741e-01  -1.1050560e+00   5.7685049e-02  -5.8813211e-01
   2.0000000e+00   1.1129671e-01  -1.2799202e+00  -3.5235527e-01   4.0313066e-02   1.0681929e+00   9.0961172e-02
   1.0000000e+00   1.5357215e-01   3.2429779e-02   1.8539066e-01  -1.8264981e+00  -1.0264550e+00   1.0658331e+00
   2.0000000e+00   2.9402239e-01   1.2186585e-01  -4.8220363e-01  -1.9188346e-01   2.8430627e-01   7.1805369e-01
   1.0000000e+00   2.0183507e-01  -1.2842986e-01   6.2563301e-01  -1.4612524e+00  -5.1427280e-01  -5.4805186e-01
   1.0000000e+00  -4.0381292e-01   1.6407868e-02   4.7905261e-02  -1.5148820e+00   8.9198723e-01  -2.3644123e-02
   2.0000000e+00   5.3895635e-01   3.4164945e-01  -7.9508634e-01   6.7299773e-02  -9.7128961e-01  -1.5442445e+00
   2.0000000e+00   7.7818819e-01   9.0749233e-01  -1.0681224e+00   5.1412626e-01  -1.0373816e+00  -1.6332984e+00
   1.0000000e+00  -1.5799672e+00  -2.2436297e-01   8.4910533e-01  -5.8487088e-01  -2.1957524e-01  -8.5800191e-01
   2.0000000e+00   9.7328790e-01   9.3160142e-01   8.4903591e-02  -1.1958499e+00  -2.4954051e+00  -1.2620308e-01
   2.0000000e+00   1.3367402e+00   3.8291014e-01   1.0497844e+00  -4.2928364e-01   1.2549112e-01  -3.9761823e-01
   2.0000000e+00  -2.5715060e-01   9.3980930e-01  -1.6966114e-01  -1.6782074e-01   6.1327838e-01   1.6862667e+00
   1.0000000e+00   9.6495103e-01  -6.1761717e-01   6.2449014e-01   2.0518855e+00   6.7727687e-01   1.1943398e+00
   1.0000000e+00  -7.1726464e-01   5.8594522e-01   3.4282699e-01  -1.1245676e+00  -1.2527039e-01   6.6409739e-01
   1.0000000e+00  -1.0339226e+00   7.5653074e-01   2.3405576e-01   2.2236579e+00   8.4624784e-01  -9.2605491e-01
   2.0000000e+00   7.0727038e-01  -1.9300256e+00  -3.5200574e-01   3.5799973e-01  -7.3514713e-01   4.4596942e-01
   1.0000000e+00   7.8368212e-02   5.3555157e-01   7.9975366e-01  -3.3333007e-01   9.5471582e-01  -3.3687999e-01
   2.0000000e+00   8.1494956e-01   3.6986260e-01  -1.1792103e+00  -1.0172305e+00   6.0715635e-01  -1.3269161e+00
   2.0000000e+00  -6.7899714e-01  -5.9008701e-01  -5.7130335e-01   7.1914969e-01   7.2707457e-01  -5.0844644e-01
   2.0000000e+00  -1.6217587e+00  -1.6344242e+00   1.8355822e+00   1.3472840e+00  -2.3667963e-01   9.0695199e-01
   2.0000000e+00   6.7713917e-02  -4.3356199e-01  -6.6937361e-01   1.4846825e+00   5.3142434e-01   4.6257428e-01
   2.0000000e+00   1.2162278e+00  -1.3221939e+00  -1.0635404e+00  -4.5333899e-01  -9.3596713e-01  -9.7643225e-01
   2.0000000e+00   4.3553954e-01  -1.3554396e+00   2.4132449e+00   7.5453655e-01   1.6924388e+00   4.7567576e-02
   2.0000000e+00  -4.3527427e-01   1.0319645e+00  -4.0664066e-01   1.2700706e+00  -1.3740776e+00   5.7835898e-02
   2.0000000e+00   8.5971045e-01   1.1441839e+00   8.8941046e-01  -5.7756514e-01  -6.7115904e-02   8.1532599e-02
   2.0000000e+00   8.5543721e-01  -1.3213041e+00   1.1616366e-01   2.7635418e-01  -7.2974858e-02   9.5324577e-01
   1.0000000e+00   3.2143960e-02  -1.3184126e-01   4.1906572e-01  -1.8079964e+00  -7.1905441e-03  -5.4959675e-01
   2.0000000e+00  -1.3264313e+00   1.2298202e+00  -5.7066621e-01  -1.0320997e-01   9.3948217e-01   7.5430165e-01
   2.0000000e+00   8.2944795e-01  -1.0737910e+00  -3.1110675e-01  -2.5208544e+00   8.2210354e-01  -7.8736266e-01
   2.0000000e+00   1.2386725e+00  -7.8907188e-01  -7.0268638e-01   1.6876072e-01  -1.2561462e+00  -3.1225901e-01
   2.0000000e+00   1.3348101e+00   5.5195976e-01  -1.4314735e+00  -1.1472181e+00  -2.8172642e-01  -8.6390811e-01
   2.0000000e+00   6.2615320e-01  -2.2102504e+00   4.8327571e-01   1.1088406e+00   5.9749487e-01   1.1749317e+00
   2.0000000e+00  -4.0611378e-01   5.9693208e-01   9.6931462e-01   9.2752345e-02   7.8369531e-01   2.1778425e-01
   2.0000000e+00   2.7906617e-01   5.0760229e-01   1.3654202e+00  -6.1418547e-02   8.9384931e-01   1.4656488e+00
   2.0000000e+00   8.0080309e-01   1.5626354e-01  -1.0173973e+00   6.8282353e-02  -1.1851037e+00  -5.7971966e-01
   2.0000000e+00   8.0164532e-01  -1.4344146e+00  -2.5694099e-01   1.7005811e+00   1.1853697e+00  -9.4886846e-02
   1.0000000e+00  -1.0958824e+00   3.2028105e-02   9.7300436e-01  -7.4532888e-01  -1.2861698e+00   6.3551699e-01
   2.0000000e+00  -1.9065155e+00  -8.4028197e-02  -7.5936413e-01   7.8373926e-01   8.9166135e-01   1.5421838e+00
   2.0000000e+00   5.0189037e-01   6.9839007e-02  -7.5010709e-01   1.5474446e+00   1.6792764e+00   1.2840685e+00
   1.0000000e+00   8.2224236e-01   6.2685939e-01   5.0379315e-01  -1.6583715e-01   1.5212778e+00   9.1109904e-01
   2.0000000e+00  -2.7769205e-01   5.2383994e-01   1.1027333e+00   9.9898341e-01  -2.9246755e-01   2.7336666e-01
   1.0000000e+00  -9.3540155e-02  -2.6989999e-02   8.0132564e-01  -9.4216963e-01  -3.3989473e-01  -6.9723478e-01
   2.0000000e+00  -5.1228719e-01   1.1278167e+00   2.6615980e-01   2.7585910e-01   1.0310390e+00  -1.1420858e-01
   1.0000000e+00  -1.5455461e+00  -4.5598024e-01   5.4351969e-01  -3.7057418e-01  -6.6325198e-01  -1.4912096e+00
   2.0000000e+00  -6.0143201e-02   1.0209558e+00  -2.6956556e-01  -3.9505587e-02  -1.5003588e-02   1.0981550e+00
   2.0000000e+00   7.2253120e-01   8.5322310e-01  -1.1171299e+00  -9.5140553e-01   1.5318927e+00   7.6859709e-01
   2.0000000e+00  -1.1004238e+00  -2.1456434e+00   8.9389179e-01   4.8432547e-01  -8.0054652e-01  -1.5158420e+00
   2.0000000e+00   9.6205104e-01   5.3993233e-01  -5.0385803e-01  -1.3054888e-01  -4.7058449e-01   8.4467700e-01
   2.0000000e+00   2.4911043e+00  -1.2441482e-01  -2.9032551e-01  -8.6851081e-01   2.7102678e+00   8.5341513e-01
   2.0000000e+00   3.5522787e-01   4.9959738e-01  -9.7112882e-01   7.1559237e-02  -6.0554118e-01  -1.6695402e-01
   2.0000000e+00  -5.5949567e-01   4.4803595e-01  -5.1574285e-01  -2.4533125e+00   7.8141574e-01  -4.5868661e-01
   2.0000000e+00  -8.0425710e-01   9.6444788e-01  -1.5195487e+00  -1.2307545e-02  -8.5194746e-01   2.0057822e-01
   2.0000000e+00   3.2045374e-01   2.5931091e+00   5.0536499e-01   1.6615683e+00   1.1557347e+00  -1.2974903e+00
   2.0000000e+00   2.5414231e-02  -2.3065786e-02  -2.2201231e+00  -2.4662989e-01   5.1161630e-01   4.9974752e-01
   2.0000000e+00   3.3510213e-01   1.4727913e+00  -1.1690835e-01  -1.3090852e+00   1.0476370e+00  -1.1389473e+00
   2.0000000e+00   5.2250514e-01   8.9030924e-01   1.7945062e+00  -1.3158587e+00  -3.0389162e-01  -8.1634643e-02
   2.0000000e+00   2.2591404e-01  -1.0035986e+00  -1.3358306e+00   2.0458640e-02   3.4512653e-01  -1.7432589e+00
   1.0000000e+00  -5.3124759e-01   5.5727345e-01   5.4456796e-01  -1.1797731e+00  -2.1874645e-01   1.0897695e+00
   2.0000000e+00   1.7198432e+00   4.3631024e-01  -1.3454189e+00  -3.0511073e-01  -2.2662500e+00  -7.2609972e-01
   2.0000000e+00   1.6203115e+00  -1.5670519e-01   1.6567751e+00  -9.8278631e-01  -1.3677199e+00  -9.5727297e-02
   2.0000000e+00   7.3774409e-01   7.0380020e-01  -8.6834771e-01   4.6844151e-01  -1.7286049e-01   7.5845021e-01
   2.0000000e+00  -1.2654492e+00  -9.2844337e-01   7.4907338e-01   8.3290982e-02   8.5381362e-01   9.4166409e-01
   2.0000000e+00   6.8018810e-01   1.3308273e+00   2.5096885e-01  -5.0978051e-01   2.9543433e-01  -3.5577306e-01
   1.0000000e+00  -2.0705562e+00  -4.0931143e-01   5.9423086e-01  -1.1279317e+00   3.6909355e-02  -2.5267624e-01
   2.0000000e+00  -1.6130736e+00   2.2678437e+00   1.7155620e+00   1.2707596e+00  -6.9423653e-01  -1.0336808e+00
   2.0000000e+00   1.3301546e+00   1.9350325e+00  -1.2843040e+00  -3.0742443e-01  -1.5753414e+00   6.1104421e-01
   2.0000000e+00   4.2195437e-01   1.0303644e+00   2.5724574e-01  -4.2082019e-01   1.0450650e-02   1.2167519e+00
   2.0000000e+00  -1.7995273e-01  -6.0104589e-01   2.1790003e+00  -4.6803785e-01   8.9103918e-01  -7.0104975e-01
   1.0000000e+00  -1.1850127e+00  -1.7038976e-01   2.1295143e-01   6.7274456e-01  -1.0511739e+00   1.4408118e+00
   2.0000000e+00  -2.0068288e-01   1.8548455e-01   1.1963830e+00  -1.9820174e-01  -1.0286272e-01  -2.1591167e-01
   2.0000000e+00  -1.9921722e+00  -7.3321506e-01  -9.2410699e-02   4.5455911e-01   8.5105406e-03   3.6269319e-01
   2.0000000e+00  -7.7219346e-01  -3.2730069e-01  -8.9557331e-01   3.1955701e-01  -8.4330946e-01  -1.0918581e+00
   2.0000000e+00  -1.3685922e-01   1.0017462e+00   2.1956161e-01  -6.3345492e-01  -8.9793563e-01  -4.1412309e-01
   2.0000000e+00  -1.5754413e-02  -6.5655165e-01   1.0718334e+00   1.2368100e-01  -2.7207583e-01   4.2533576e-01
   2.0000000e+00  -7.8665843e-01  -2.3935409e-01   3.4379026e-01  -1.3820672e+00   2.7913435e+00   8.8773119e-01
   2.0000000e+00  -2.3322690e-01   1.0388009e+00  -1.1390876e+00  -1.4393070e-01   2.4086052e-01   3.7035589e-01
   2.0000000e+00  -4.1936459e-02  -1.6229369e+00   3.1846510e-01   5.6265126e-01   2.4175668e+00   1.6072976e+00
   1.0000000e+00   1.4375814e+00   8.5561941e-01   3.5821626e-01  -5.4018975e-01  -3.6233866e-01  -5.2179321e-01
   2.0000000e+00  -8.2406799e-01  -1.6352056e-01  -7.3447782e-01   1.4393533e-01  -6.7974392e-01   1.0328577e-01
   2.0000000e+00   1.7603228e+00  -1.0876534e+00   9.5848555e-02  -1.0293822e-01  -1.2091336e+00   1.9941588e+00
   2.0000000e+00   1.8680549e+00   1.4893381e+00   1.9013651e+00  -1.4466934e+00  -5.7371648e-01  -3.7386061e-01
   2.0000000e+00   1.8827228e-01   1.6053356e+00   7.8187477e-01  -9.4521302e-01   9.1457692e-01   2.0251572e+00
   2.0000000e+00   4.9688932e-01   1.1383487e+00   2.0291772e-01  -6.8191915e-01   4.1997991e-01  -1.5036505e-01
   2.0000000e+00   2.3034008e+00  -6.2602338e-01  -3.2136019e-01   2.5419730e-01   1.2605698e+00  -1.5387319e+00
   2.0000000e+00   3.8435986e-01  -1.2240756e-01   5.6382027e-01  -1.1368247e+00  -2.3397704e+00   6.5635605e-01
   2.0000000e+00   1.7767858e-01  -2.9314912e-01  -2.9864626e-01   4.6561988e-01   5.2791600e-01   5.9075788e-01
   1.0000000e+00  -6.6469365e-01   5.9407427e-03   9.0885006e-01   9.4701175e-01   3.8303847e-01  -4.2536092e-01
   2.0000000e+00  -8.1875863e-01  -2.8773613e-01  -7.6577171e-01   3.3527693e-01  -2.0216395e+00  -6.0733112e-01
   2.0000000e+00  -7.8834810e-02   8.7586572e-01  -3.9251187e-01  -5.6548568e-01  -1.3288664e+00  -1.0478556e+00
   2.0000000e+00   9.5581955e-01  -4.2135346e-01  -1.2093777e+00   1.3512765e+00   1.9305513e+00  -1.3254824e+00
   2.0000000e+00   8.4592132e-01  -2.8035572e-01  -9.0189307e-01  -7.8233943e-01   5.1603235e-01   6.4585106e-01
   2.0000000e+00   6.7601663e-01   5.3250848e-01  -2.0114141e+00  -5.7392728e-01   7.5067768e-01  -1.4278797e+00
   1.0000000e+00  -1.8142855e+00   2.9073765e-01   2.6445411e-01  -8.4046659e-01   5.5252152e-01   1.8239108e+00
   2.0000000e+00  -3.7939468e-02  -1.0568145e+00   7.7124602e-01   6.8608873e-01  -6.8881851e-01   1.0608070e+00
   2.0000000e+00   2.8972051e-01  -5.4156322e-01  -2.8162170e-01  -8.7227789e-01  -2.9691050e+00   9.6650390e-02
   2.0000000e+00  -1.3328929e+00  -4.0097945e-01  -9.0848730e-01  -1.6534530e-01  -7.6067358e-01  -1.5141834e+00
   2.0000000e+00   7.4570231e-01   1.2395301e+00  -1.6167252e+00  -1.7570205e+00   1.9762477e+00   1.3172793e-01
   2.0000000e+00   1.4687017e+00  -9.0937988e-01  -9.9842239e-01   1.1743188e+00   3.9904584e-01  -5.6189539e-01
   2.0000000e+00  -3.7364662e-01   3.2671425e-01  -2.1358971e+00   9.7199367e-02  -9.3960018e-01   1.3786978e+00
   2.0000000e+00  -1.2655475e+00  -1.1232345e+00   9.8364190e-01  -1.3325835e+00  -2.1797315e-01  -1.0475068e+00
   2.0000000e+00   2.3983996e+00   1.1510889e+00   6.9097904e-01   5.4976426e-01  -5.7697298e-01  -1.1235224e+00
   2.0000000e+00  -1.8072237e-01   9.5499146e-01  -3.3404538e-02   2.1132770e-01   5.9438072e-01  -3.7233520e-01
   2.0000000e+00   8.4081271e-02   3.1792236e-01  -5.2630086e-01   3.7340083e-01  -7.2131305e-01  -1.0390722e+00
   1.0000000e+00  -7.7751234e-01  -4.3813087e-01   2.1379718e-01   2.2503131e-01  -1.7059998e-01  -4.1460640e-01
   2.0000000e+00   8.0279342e-01   3.1357910e-01  -1.8963651e+00  -3.5232412e-01   1.6638807e-01  -1.5219362e-01
   2.0000000e+00  -9.4979067e-01  -1.2669631e+00  -4.4696267e-01  -1.3935703e+00   2.2803623e-01  -6.1159235e-02
   2.0000000e+00  -6.1789778e-01  -4.9226546e-02  -5.7413909e-01  -1.5117430e+00  -3.1177256e-01   1.3217033e+00
   2.0000000e+00   7.4598571e-01   5.1319923e-01  -1.8617164e+00  -3.2856493e-01   6.4745306e-01   4.0042034e-01
   2.0000000e+00  -2.1294502e+00   4.6303702e-01   1.1043597e+00  -6.2089731e-01  -2.8725839e+00  -2.2793352e+00
   1.0000000e+00  -1.2432848e-02   6.6385091e-01   1.5736462e-01   2.0308017e-01   1.5898917e+00  -4.1754648e-01
   2.0000000e+00  -4.5029625e-01   1.1564129e+00   7.2253202e-02   1.9557538e+00   9.3707424e-01  -9.2605680e-01
   2.0000000e+00  -3.3520987e-01   2.0188071e-01  -3.4587254e-01  -1.3313265e-01  -1.2038269e+00   1.0687298e+00
   2.0000000e+00  -1.9113897e+00   3.7463107e-01  -2.0141879e-01   1.3688648e+00   6.9347097e-02   4.7763368e-01
   2.0000000e+00   3.6270810e-01   2.2591413e-01  -9.2135681e-01  -7.3176784e-01  -7.3670427e-01  -2.4995330e-01
   2.0000000e+00  -7.3666592e-01  -4.4423588e-01  -1.3022224e-01  -6.1287305e-01   1.1473438e+00  -1.6786752e+00
   2.0000000e+00  -3.8447280e-01   3.2536693e-01   1.4909210e+00  -2.1957772e-01   1.2651555e-01  -1.3221599e+00
   2.0000000e+00  -1.3661366e+00   1.2556188e+00   8.3590195e-02   2.2948603e+00   2.6458913e-01  -3.6349936e-01
   1.0000000e+00  -7.3404165e-01  -2.3295647e-01   4.8019288e-01  -1.0112115e+00   3.1767716e-01  -1.9121461e+00
   2.0000000e+00  -1.9991713e+00  -1.0151416e+00  -6.0157491e-01   6.1859455e-01  -9.6426862e-01   4.6870173e-01
   1.0000000e+00  -6.7334389e-01   6.6014952e-01   2.8316133e-01  -1.1272433e+00  -6.6226335e-01   6.7285562e-01
   2.0000000e+00  -6.4033195e-01   1.2508171e+00  -1.7299738e+00   1.8238512e+00  -8.3644524e-01  -2.7452388e-01
   1.0000000e+00   8.3618131e-01  -5.8008516e-01   2.5559233e-01  -1.0079287e+00  -3.3957636e-02   1.4929983e+00
   2.0000000e+00   2.4823793e-01  -1.3228324e+00  -3.7297936e-01   6.3464541e-01   1.1797813e+00  -1.1086001e+00
   2.0000000e+00  -1.7902799e+00  -4.7162121e-01  -8.5808984e-01  -1.2785525e-01  -1.1470126e+00  -5.0090264e-02
   2.0000000e+00   1.1646233e+00  -2.1381986e+00   1.5567882e-01   1.4427499e+00  -9.5126583e-01   5.6296647e-01
   2.0000000e+00  -1.9340037e+00   1.6626409e-01  -1.0044235e+00  -3.5887279e-01  -2.8041625e+00  -2.4984581e+00
   2.0000000e+00  -2.6405322e+00   1.5754431e+00  -9.0370526e-01   1.8854120e-01   1.2967225e+00  -4.2793181e-01
   1.0000000e+00   4.0771854e-01  -2.9483521e-01   3.1126681e-01   8.3383407e-01  -4.3216131e-01  -8.7949994e-01
   2.0000000e+00   1.5621651e+00   1.2283532e+00  -3.7093986e-01  -7.7486668e-01   6.7159346e-01   8.4031267e-01
   2.0000000e+00   8.5705773e-01  -2.0081677e+00   1.5544478e+00  -6.3558708e-02  -1.1914954e+00   1.4093487e+00
   2.0000000e+00  -8.0333799e-01   3.4723526e-01  -1.8664062e+00  -2.0958399e+00  -3.1545755e-02  -3.3674141e-02
   1.0000000e+00   1.0999520e+00  -4.8154259e-01   8.9772044e-02  -1.2863967e-01  -1.0885164e+00   1.2254409e+00
   2.0000000e+00   9.2961589e-02   5.8128964e-01  -1.8935033e+00   7.2652461e-01  -1.2978876e+00  -2.4838218e+00
   2.0000000e+00  -5.2024725e-01   1.6517253e+00  -5.8370071e-01  -9.1040643e-01   5.6985293e-01  -1.4465698e-01
   2.0000000e+00  -2.0221167e+00  -2.1971318e-01  -4.2409338e-01   4.3763237e-01  -8.4339720e-01  -6.3997776e-01
   2.0000000e+00   3.9288662e-01  -9.1005433e-01  -1.6771297e+00  -1.1346944e+00  -9.2374753e-01   7.0650252e-01
   2.0000000e+00  -8.0765850e-01   9.2343330e-01  -4.9359496e-01   1.3918556e+00  -8.3598404e-01   1.2020663e+00
   2.0000000e+00   5.6990783e-01   5.8710434e-01  -2.4608809e+00  -2.9527702e-01  -1.2808221e+00  -4.2143432e-01
   2.0000000e+00  -1.1736536e+00   1.0579842e+00  -1.4435407e+00   4.2130928e-01  -1.0559557e+00  -7.2659140e-01
   2.0000000e+00   2.9010968e-01  -1.7203309e+00  -1.6029551e+00   7.5017933e-01  -2.8874377e+00   1.1533224e+00
   1.0000000e+00   1.0442550e+00   3.8976463e-01   1.8876411e-01  -6.7927814e-01  -2.8013371e-01   1.5912824e-01
   2.0000000e+00  -9.8237997e-03   1.8828607e+00   8.7267737e-02  -1.1431044e+00  -6.1778694e-01   8.0919913e-01
   2.0000000e+00  -1.5702342e-01  -1.7622627e+00   6.0892794e-01  -1.9732417e-01   6.9762848e-01  -1.9019815e-02
   1.0000000e+00   2.7792961e+00  -5.1260075e-01   7.4866803e-01  -2.2865705e-01  -1.2356538e+00   1.8373358e-01
   2.0000000e+00  -5.9197216e-01   3.9530266e-01   8.9729644e-01  -2.1924764e-01  -1.8460882e+00  -1.5798839e+00
   2.0000000e+00   2.3345012e-01  -7.4109065e-01  -5.6056517e-01   1.3477734e+00   5.2495572e-01   6.6928393e-01
   1.0000000e+00   1.8482484e+00   4.3499095e-01   5.7060821e-01   1.3487455e+00   7.9759375e-01  -1.3461142e-01
   2.0000000e+00   2.1818808e+00   1.4579850e+00   2.6184319e-01   6.3262462e-01  -1.5938230e+00   6.4922330e-01
   2.0000000e+00   7.2217916e-01   7.1748578e-02   9.4618592e-01  -6.8301301e-01   2.1903698e+00  -1.3678332e+00
   1.0000000e+00   4.8638795e-02  -3.0647425e-01   1.7665075e-02   1.1515285e-01   6.5213900e-02   9.0774771e-01
   2.0000000e+00  -6.9466522e-01  -1.5621960e+00  -5.6291896e-01  -8.0103202e-01   9.0984027e-02   2.7420439e-01
   1.0000000e+00   4.4849616e-01   8.0492359e-01   1.2186970e-01  -1.0167906e+00  -1.2301573e+00   1.0365015e+00
   2.0000000e+00   3.9459647e-01  -6.4630345e-01  -2.2282755e+00  -1.5325764e+00   1.1849409e+00  -6.9983256e-01
   2.0000000e+00   2.6292245e-01  -8.9390467e-01  -4.5780876e-01  -2.4214808e+00   4.8729966e-01  -4.2960868e-01
   1.0000000e+00   7.6331802e-01   1.9409822e-01   1.9821525e-01   1.3706147e+00  -1.9598989e+00   7.9588313e-01
   2.0000000e+00  -2.9523751e-01  -9.1641329e-01  -2.9555499e-02   2.4560635e-01  -1.9286075e+00  -3.3522016e-01
   1.0000000e+00  -4.0289673e-01  -3.1346531e-01   8.0746863e-01  -1.3660682e+00   1.4761852e+00  -1.1849684e+00
   2.0000000e+00  -1.4335776e+00  -1.4301115e+00   1.5303031e+00  -2.3600076e+00  -7.5564002e-01  -1.0086706e+00
   2.0000000e+00   2.5849899e-01   2.0765249e+00  -3.6270255e-01  -1.3277007e-01   3.1979992e-01  -2.3055402e+00
   2.0000000e+00   9.8307234e-01  -1.0129616e+00  -1.4582292e+00   2.6720548e+00  -1.3883328e+00  -5.6460367e-01
   1.0000000e+00   5.1263087e-01   2.3739820e-01   2.5247641e-01   9.1701063e-02   7.8378965e-02   2.0964415e-01
   2.0000000e+00   3.0108314e-01  -3.8438442e-01   2.3390098e+00   4.1045810e-01   5.6384819e-01  -1.7332370e+00
   2.0000000e+00  -2.3287852e-01   1.6094575e+00  -1.0892157e+00  -1.9535602e+00   3.2778596e-01  -3.4326121e-01
   2.0000000e+00   8.3920384e-01   1.0272583e+00   1.2246523e+00   1.3229445e+00  -1.5239099e+00  -3.5504536e-01
   2.0000000e+00  -1.1956508e-01   1.7351190e+00   7.0997095e-01   4.3787094e-01   2.0455737e-01  -1.2392800e+00
   2.0000000e+00  -1.5821461e+00   1.5975775e-01  -2.8892142e+00  -1.0437069e+00   1.7478091e+00   1.7497683e+00
   2.0000000e+00   5.6028079e-01  -9.6855640e-01  -3.5852386e-01  -3.3260612e-01  -5.5853235e-03  -8.8943199e-02
   2.0000000e+00   5.7823370e-02  -1.7130744e+00   7.2803117e-01  -1.2295389e+00  -8.3970817e-01  -1.0315181e-01
   1.0000000e+00   1.3623583e-01   3.0635122e-01   5.6130234e-01   6.4635251e-01   8.6863301e-01   2.4571813e+00
   2.0000000e+00   1.6015610e+00   1.2303508e+00  -1.0452710e+00  -7.2156516e-01  -3.7352665e-01  -3.7722782e-01
   2.0000000e+00  -7.7106385e-01   1.5776142e-01  -2.4996145e+00   4.2525888e-01   2.3560330e-01  -9.9965203e-01
   1.0000000e+00  -2.0132070e+00   3.0909822e-02   8.1554161e-01  -3.0459517e-01   2.7285847e-01  -1.1845865e+00
   2.0000000e+00   2.6664338e-01   2.3027305e+00  -3.0207188e-01  -8.4437311e-02  -1.0394710e+00   1.4621252e+00
   2.0000000e+00  -7.1069431e-01   2.0260366e+00  -2.0411152e-01  -1.1157834e-01   3.0065632e-01  -1.8969817e-01
   2.0000000e+00  -2.2286984e-01   1.4906438e+00  -1.0045427e+00  -1.0195307e+00  -6.6084623e-02  -1.4694054e-02
   1.0000000e+00   5.8683048e-01   6.5485173e-01   7.0863129e-01  -1.4722170e+00   7.3064852e-01   8.2805217e-01
   2.0000000e+00  -1.8281643e+00  -5.3779467e-01  -1.2127432e+00   9.3491179e-01  -1.6736543e-01  -1.4253567e+00
   2.0000000e+00  -4.9619901e-01  -2.6348921e-01   2.2824276e+00  -8.3945481e-01   5.7259041e-01   7.8278185e-01
   2.0000000e+00  -4.3000235e-01  -1.1867324e+00  -9.8547805e-01  -1.4793633e+00   2.3914170e-01   1.4339050e+00
   2.0000000e+00  -3.2956878e-01   1.5873540e+00  -3.2925747e-01   4.8713451e-01   5.8321462e-01   1.0140782e+00
   2.0000000e+00  -4.7631800e-01   1.4261279e+00  -2.0076946e+00  -1.1922392e-01  -8.5706132e-02  -7.7415324e-01
   1.0000000e+00   1.1077364e+00   4.7661571e-01   8.5888699e-01  -2.2712800e+00  -3.2717375e-01   2.0588532e-01
   2.0000000e+00  -6.5940787e-01  -6.2805467e-01  -3.3470320e-01  -2.9829741e-01   3.4280787e-01   5.1487676e-01
   2.0000000e+00   1.3932848e+00   2.1543727e-01  -1.6588488e-01  -4.8807454e-01  -8.6015375e-02   3.6665304e-01
   2.0000000e+00  -5.1225228e-01  -7.1499751e-01  -1.3652496e+00   4.9907003e-01  -6.7822882e-01  -1.3350763e+00
   2.0000000e+00  -5.0338633e-01   9.0391394e-01   9.9851706e-01  -2.9174476e-01  -2.2388102e-01  -9.2600631e-01
   2.0000000e+00   1.5079157e+00   9.0015933e-01   6.9200186e-01   1.7858651e-01  -2.1998635e-01   1.8953646e-01
   2.0000000e+00   1.3659358e+00  -2.1739735e-01  -3.3510083e-02   1.2402077e+00  -7.8473715e-02  -2.4181554e-01
   2.0000000e+00   2.8094890e+00  -1.2796926e+00   4.8653025e-01  -6.9826550e-01   1.1659355e+00   1.7422620e+00
   2.0000000e+00   1.8197921e+00   1.4033259e+00   6.8619526e-01   1.2632301e-01  -3.4584636e-01  -2.4061687e+00
   2.0000000e+00  -3.1140006e-01  -3.5718081e-01  -1.1631019e+00   1.6049999e+00  -1.2485751e+00   4.1431187e-02
   2.0000000e+00  -5.5922735e-01   2.8251314e-01  -3.4225868e-01   2.0424920e+00   1.4933964e+00   4.0762569e-01
   2.0000000e+00   5.0585071e-01  -7.5563321e-02  -2.2505595e-01  -7.8051630e-02   7.3145587e-01   7.1688568e-01
   2.0000000e+00  -7.2765692e-02  -3.3292228e-01  -2.7531337e-01   7.4322182e-01  -1.1030776e+00   1.0117679e+00
   1.0000000e+00  -2.0911079e+00  -6.1027199e-02   5.3665494e-01  -3.8893539e-01   7.1977857e-01   4.9241439e-01
   2.0000000e+00  -1.3711479e-01   1.2718692e+00  -1.3675266e-01  -2.0113249e+00   5.8847715e-01   1.7444453e+00
   2.0000000e+00   1.1806409e+00  -3.1415831e-01  -9.9346176e-01  -4.4385336e-01  -1.4742813e+00   1.3523784e+00
   2.0000000e+00  -1.4307857e+00   2.1162206e-01  -4.5558163e-01   1.7059216e+00  -1.0562136e+00  -2.5479843e-01
   2.0000000e+00  -4.4937455e-01  -1.2502743e+00   3.2002924e-01   2.0163089e-01   1.7410283e-01  -2.7982095e-01
   2.0000000e+00   8.7916557e-01   1.3721435e+00  -1.4046962e+00  -1.8213683e+00  -1.1581812e-01  -4.8107287e-01
   2.0000000e+00  -2.7898125e-01  -1.1065630e-01  -1.0222043e+00  -4.3748123e-01  -1.4007765e+00  -1.4933073e-01
   2.0000000e+00  -1.1575884e+00  -1.2340600e+00  -3.1358896e-01   2.3905124e-01   1.6746315e-02  -5.7373974e-01
   2.0000000e+00   4.6266817e-01  -1.6148583e-01  -3.4722313e-01  -1.9281554e+00  -1.6817712e+00  -6.1236278e-01
   2.0000000e+00   7.9286131e-01  -9.2264062e-03   5.1044547e-01  -1.4970891e+00  -2.4259644e+00  -3.3065411e-01
   2.0000000e+00   2.6868421e-01  -8.4521339e-01   6.0064638e-01  -1.1265515e+00  -9.1632471e-01  -7.4697457e-01
   2.0000000e+00  -4.6759035e-02   1.5163790e+00   5.3776231e-01  -8.7218925e-02  -9.0033641e-01   5.2158154e-02
   2.0000000e+00  -2.7138405e-01  -2.6940440e-01   1.3739806e+00   1.0197428e+00  -2.4280701e-01  -6.5247096e-01
   2.0000000e+00  -1.5093171e+00  -3.5523707e-01   2.2472454e+00   3.9167272e-01  -1.4339315e-01  -7.5237852e-01
   2.0000000e+00   8.5775642e-02   8.2762558e-01   1.6184058e+00  -5.2882539e-01   9.1873713e-02  -8.4945512e-01
   2.0000000e+00   1.1216511e+00   6.6794091e-01  -8.4789325e-01   5.0850967e-01   2.0927462e+00  -1.1221927e+00
   2.0000000e+00   3.4475001e-01   1.2417411e-01  -1.4629417e+00  -4.9185351e-01   7.1804021e-01  -1.1268551e-01
   2.0000000e+00   3.2158758e-01  -1.3297122e+00  -1.1281065e+00  -1.4498711e+00   1.5916341e+00  -7.5309377e-02
   2.0000000e+00  -7.2288210e-01   1.5331024e+00   3.7815796e-01   1.4693060e+00   6.6256640e-01  -1.1455990e+00
   2.0000000e+00   3.8341820e-01   7.1232700e-01  -5.0383546e-01   9.1344069e-01  -2.2824931e+00   1.4019038e+00
   2.0000000e+00   4.7215599e-02   1.2777715e+00  -1.0870192e+00  -6.7178891e-01   1.7416284e+00  -9.3981935e-01
   2.0000000e+00  -4.6844952e-01   1.1982656e+00  -2.8763423e-01  -3.8515635e-01   1.8769514e+00   2.2720098e+00
   2.0000000e+00   2.3086794e-01   5.6607728e-01  -1.5228557e+00   1.3469795e+00   6.5904286e-02   8.0956414e-01
   1.0000000e+00  -1.7513045e+00   7.4101865e-01   5.1402458e-01  -6.3802110e-01   4.7395258e-01  -7.4420055e-01
   2.0000000e+00  -1.5172189e+00  -4.8888471e-01  -6.2167148e-01   4.7906437e-01   2.9439496e-01  -5.7048804e-01
   2.0000000e+00   1.5052548e+00  -1.6817905e-01  -1.5518230e-01   1.4177813e+00  -9.0108832e-01  -7.9708911e-02
   2.0000000e+00  -7.2388618e-01  -1.2981992e+00   3.5146610e-01   1.6841972e+00  -5.7191496e-01  -4.4609800e-01
   2.0000000e+00   4.0701506e-01  -2.5666720e-01  -1.6155565e+00  -4.1156603e-01   1.3230139e+00  -6.1466631e-01
   2.0000000e+00  -1.9662383e-01  -3.2311108e-01  -7.9322550e-01   1.3968822e+00  -4.0576404e-01   2.0477418e+00
   1.0000000e+00  -1.5854433e+00  -1.2325074e-01   5.1617689e-02  -1.1349357e-02   1.0337279e+00   1.6243214e+00
   2.0000000e+00   1.1260900e+00  -8.7103229e-01   7.3629494e-01  -9.1781216e-01  -1.6511439e-01   2.3364409e-01
   2.0000000e+00  -1.1050232e-01  -8.7867643e-03  -4.6056479e-01  -8.3432862e-01   1.3322200e+00  -1.6107775e-01
   1.0000000e+00  -1.1210653e+00   6.5669570e-01   5.9776896e-02  -7.7172848e-01  -1.3684965e+00   3.5567335e-01
   2.0000000e+00   1.2991756e+00   8.4017189e-02  -8.4119886e-01   1.5881976e-01   2.1004994e+00   2.0370462e+00
   2.0000000e+00  -5.9044812e-01  -2.1363776e+00   1.2869559e+00  -7.2936853e-01   7.1395689e-01   1.9971501e+00
   2.0000000e+00  -1.3559011e+00   4.5661154e-01   1.0068333e+00   1.0226574e-01  -4.9907922e-01   6.2194460e-01
   2.0000000e+00   1.4808962e+00   2.7309559e+00   3.1499019e+00  -8.0994903e-01  -4.4329664e-01   2.0758879e-01
   2.0000000e+00  -4.4613485e-01  -2.2660797e-01  -4.0056050e-01   9.9301045e-01   1.1807113e+00  -5.9109230e-01
   2.0000000e+00   1.7071842e+00  -6.7770966e-01  -1.4355134e+00  -7.8052912e-02   1.1083484e+00   1.4000673e+00
   2.0000000e+00   5.7381870e-02   1.0386275e+00  -6.3546400e-01   1.3866183e+00  -2.7191173e-01   6.0005286e-01
   2.0000000e+00   8.2720002e-01  -1.2881765e+00   3.2935894e-01   5.4636656e-01  -2.3060576e-01   6.6578530e-01
   2.0000000e+00  -8.4495105e-01   3.9008725e-01  -5.5635381e-01   3.1198076e-01   6.7474838e-01   2.0041032e-02
   2.0000000e+00   1.2319758e+00   2.6135105e-01  -3.7508847e+00  -2.1418059e-02   1.0856430e+00  -1.8136205e+00
   2.0000000e+00  -1.6253635e+00  -1.0530148e-01   1.1042091e+00   9.3112543e-01  -1.2021938e-01  -1.1300168e+00
