   2.0000000e+00   1.7753415e-01   1.0771548e+00  -2.8935673e+00  -6.3017824e-01  -2.2216766e+00   1.4943159e+00
   2.0000000e+00   9.8043441e-01   1.0175475e+00   7.1422914e-01  -1.3382473e+00  -2.1668610e+00   5.3453831e-01
   2.0000000e+00   4.7833201e-01   1.8119947e+00   1.8114348e-02   3.7665793e-01  -2.9111060e-02  -2.3494916e-01
   2.0000000e+00   1.6437562e+00  -5.3978265e-01  -8.3999659e-01   9.7822692e-01  -6.0637166e-01   9.1745566e-01
   2.0000000e+00   5.9261873e-01  -3.0812649e-01   8.0683352e-01   2.2352433e-01  -7.7721187e-01  -6.3756537e-01
   2.0000000e+00   1.5121260e-01   2.1167189e-01  -1.6091183e+00   1.3548801e+00  -5.4386689e-01  -1.6536662e+00
   1.0000000e+00  -2.5483088e-01   1.0550871e-01   1.2944897e+00  -4.4609164e-04   6.6452720e-01   2.2352763e-01
   2.0000000e+00   6.1294552e-02  -1.5040716e+00   8.6990184e-01   2.0375992e+00   4.5353699e-01  -3.5991150e-01
   2.0000000e+00   4.3428206e-01  -1.7401235e+00   5.7909850e-01   2.3494169e-01  -1.1338388e+00  -7.8506642e-01
   2.0000000e+00  -2.2348463e+00   6.0065144e-01  -9.0830630e-01   9.1243507e-01  -1.3843667e+00   4.2775041e-01
   2.0000000e+00  -1.5044071e-01  -7.8086112e-01  -2.5183767e-01   2.0400390e+00   1.0715536e-01   1.3240762e+00
   1.0000000e+00   2.9269523e-01  -1.8166271e-02   1.1654946e+00  -3.9986170e-01   3.1401110e-01   6.6196809e-01
   2.0000000e+00  -1.1913641e-01   7.4589493e-01   7.4658241e-01   3.5260378e-01  -7.7003251e-01  -1.3773381e-01
   1.0000000e+00  -8.1568679e-01   2.6596024e-01  -1.3383802e+00   7.9868831e-02   1.4541560e+00   2.3733831e-01
   2.0000000e+00  -1.4673548e+00   1.8436882e-01  -5.1593212e-01   5.5404922e-02   7.9092122e-01  -1.2014458e+00
   2.0000000e+00  -5.8658591e-01   3.2315045e-01  -1.0676224e+00  -2.0034999e-01  -1.3261591e+00  -1.5247036e+00
   2.0000000e+00  -4.3456882e-01  -1.6544183e+00  -6.7985636e-01  -1.9701835e+00   1.5972101e+00  -5.6550703e-01
   2.0000000e+00  -1.1205421e+00  -1.2700967e+00   9.0132752e-01  -2.4787982e+00  -6.3709917e-01   5.2514033e-01
   2.0000000e+00  -2.8471164e-01   5.5495128e-01  -1.2374642e+00   6.0488071e-01   7.9541730e-01   1.4807416e+00
   1.0000000e+00  -9.4854930e-02  -1.6665090e-01  -2.6936500e-01   3.5646377e-01  -1.5439241e-01   2.6200249e-02
   1.0000000e+00   6.0078645e-01  -8.5289363e-01  -1.3757423e+00  -2.7097106e-01   8.5818276e-01   5.2180905e-01
   2.0000000e+00  -5.6600967e-01  -3.3121255e-01   1.3623671e-01  -1.6931923e+00  -5.2929980e-01  -1.6746745e-01
   2.0000000e+00  -1.7775199e+00   9.1443079e-01   4.4969775e-01   6.4897977e-01   9.9580641e-01  -1.4159465e-01
   2.0000000e+00   1.6199655e+00   3.8774101e-01   5.5229411e-01   9.5733783e-01  -5.6954859e-01  -1.4368615e+00
   2.0000000e+00   6.7377719e-01  -3.3342069e-01  -2.4289764e-02   1.5900769e-01  -2.4451598e-01  -5.9083643e-01
   2.0000000e+00   2.9968909e-01   7.0212591e-01  -4.4817460e-01   8.7480985e-01  -1.1240536e-01   1.9950088e+00
   1.0000000e+00   4.9754246e-01   2.4940861e-02   2.9242382e-01   1.8948248e-01   1.2711970e+00   3.1353498e-01
   2.0000000e+00   2.1453141e-01  -5.0080498e-01   1.0806323e-01  -6.0518261e-01  -2.1652109e-02   1.3202321e+00
   2.0000000e+00   1.5685157e+00  -1.4037827e+00  -6.9364669e-01  -1.4398198e+00  -4.2354243e-03  -1.5721180e+00
   2.0000000e+00   6.5826794e-01  -3.1927069e-01  -2.5220812e-01   5.1242666e-01   7.7169145e-01  -9.9801915e-01
   2.0000000e+00   3.7831164e-01   7.2878296e-01   7.5880858e-01   8.0877922e-01   4.6712910e-01   1.0920561e+00
   2.0000000e+00   8.3533123e-01  -6.1182940e-01  -1.5966457e-01  -7.2991391e-02  -7.7152679e-02  -1.2293900e+00
   2.0000000e+00  -6.1401770e-01  -6.6802348e-01  -1.2319065e+00   8.7010778e-01  -3.7001485e-02  -4.7028667e-01
   2.0000000e+00   1.1396555e+00   9.8018027e-01   2.1295487e-01   4.1014921e-01  -1.4166464e+00  -8.9484744e-01
   2.0000000e+00  -9.5599061e-02   1.6730079e+00  -4.1579697e-01   5.3878601e-01  -4.7494512e-03   3.2972354e-01
   2.0000000e+00  -1.5611823e-01   2.2772528e-01   6.4253253e-01  -3.4727041e-01  -1.1871493e+00  -7.2212413e-01
   2.0000000e+00   4.8490352e-01  -8.3593219e-01   1.1206427e-01   1.0761027e+00   1.6842202e-01  -1.1803605e+00
   2.0000000e+00   3.9584437e-01   7.6604560e-01   9.9699807e-01   7.1811112e-01   6.1654857e-01  -5.8228929e-01
   1.0000000e+00   5.9174654e-01  -9.5655717e-02   9.2938157e-01  -7.9485505e-01  -6.1459431e-01   4.0899103e-01
   2.0000000e+00  -5.0395347e-01   8.5003573e-01  -4.9859137e-01   1.6227968e-02  -7.9363813e-01  -5.7430965e-01
   2.0000000e+00   7.0335900e-01  -7.8740015e-01   6.8819558e-01  -4.8918451e-01  -1.1257034e-01  -1.5002927e-01
   2.0000000e+00  -2.1869270e-01   1.9252977e+00   5.4661569e-01  -6.3994665e-01  -4.0675203e-01   9.3115228e-02
   2.0000000e+00   1.2587513e+00   1.4624075e+00   1.3068062e-01   4.3433932e-01  -1.3591056e+00   7.3739257e-01
   2.0000000e+00   7.2166581e-01   1.9202593e+00  -3.6152950e-01  -1.5208755e+00   1.9964229e+00   4.3986696e-01
   2.0000000e+00  -6.4023071e-01   3.5399934e-02  -1.1648151e-01   1.9002602e+00  -1.2388072e+00  -3.1014052e-01
   2.0000000e+00   1.8641673e-01  -1.8555707e+00  -1.6818710e+00  -2.2455343e-01   1.8966558e+00   2.2189019e+00
   2.0000000e+00  -9.3009417e-02   5.5699070e-01   7.1099252e-02  -8.9449751e-01  -1.2541809e+00  -1.1560219e-01
   2.0000000e+00  -1.8132191e-01  -1.2214320e+00   3.5220545e-01  -7.7517790e-01  -3.5728018e-01  -1.2825877e+00
   1.0000000e+00  -1.7412975e+00  -8.0965415e-01  -9.8909027e-01   1.2989539e+00   3.5269900e-01   1.9245110e-01
   1.0000000e+00   1.7424046e-01   1.7656810e-01   3.2834330e-01  -1.4126754e+00   3.8610611e-01   2.3221661e-01
   2.0000000e+00   3.9320128e-01   1.8596454e+00  -3.5909520e-01  -9.7843525e-01   8.6105650e-01  -3.9800985e-02
   2.0000000e+00  -1.4613148e+00  -2.5269761e-01   8.7122149e-01   2.0631015e-01  -7.6826639e-01  -1.1051628e-01
   2.0000000e+00  -2.4737164e+00  -7.8747829e-01  -5.9800310e-01   1.4439157e+00   1.1988426e-01  -1.4218359e+00
   1.0000000e+00   1.0201017e+00   1.3033274e-01   6.3843856e-01   7.3941442e-01   2.2271835e-01   4.0941203e-01
   2.0000000e+00   1.5433871e+00   1.1715241e-01   8.0333187e-01  -2.0349939e+00   6.4874338e-01  -8.9767668e-01
   2.0000000e+00   5.3729630e-01  -5.6979908e-01  -1.1040923e-01   6.0551401e-01   1.3378559e+00  -4.6475639e-01
   2.0000000e+00   1.9956363e+00  -1.4731033e+00   1.2063323e+00   9.9477935e-01   1.3781162e+00  -8.4869245e-01
   1.0000000e+00   2.3333784e-01  -6.3198309e-01  -5.9806728e-02  -7.4201327e-01  -1.5978307e+00   4.8216426e-01
   2.0000000e+00   1.5021605e+00  -7.3570872e-02  -1.1699877e+00   1.1355264e+00   2.2120668e+00  -7.4283412e-01
   2.0000000e+00  -1.1748033e+00  -1.7622347e+00   8.5048293e-01  -4.3003304e-01   7.2689228e-01  -4.3129191e-01
   2.0000000e+00   1.1276859e+00   2.0651110e+00  -1.2029472e+00   6.3981592e-01  -5.1230960e-01  -3.0924043e-01
   2.0000000e+00  -1.3270449e+00   5.3740207e-01   5.6829390e-01   7.5610127e-02   2.3505173e-02  -1.2085721e+00
   2.0000000e+00   1.6586092e+00   4.0054514e-01   1.5314694e+00   1.4511334e+00  -9.0754823e-01  -1.5347305e+00
   2.0000000e+00   6.4473503e-01  -7.6324711e-02  -5.9778189e-01  -3.5235156e-01   7.6346651e-01   1.0754799e+00
   2.0000000e+00  -1.1100059e+00   1.9858822e+00   4.8777890e-01  -1.1608352e+00   7.7234778e-01   1.8371632e+00
   2.0000000e+00   9.8340485e-02   4.6737981e-01  -1.6531245e+00   8.2648128e-01  -1.8035935e+00  -1.3024408e+00
   2.0000000e+00   1.6070725e+00   1.0783398e+00  -1.0405394e+00   3.8184568e-01  -1.2397652e+00  -7.5534038e-01
   2.0000000e+00  -7.9260882e-01   3.3872113e-01   5.3006360e-01   1.3645796e-01   8.2996560e-01   1.5814424e+00
   2.0000000e+00  -2.0977255e+00  -2.4127586e-01  -8.3310087e-01  -5.0011764e-01   1.8985081e+00  -2.2065271e+00
   2.0000000e+00   5.6111233e-01   1.2933428e+00   8.0956716e-01   5.0429922e-01  -5.1697990e-01   4.2279069e-01
   2.0000000e+00   8.5806800e-01   1.1248322e+00   1.4221148e+00   2.5341424e+00   5.7308096e-01   4.6699161e-01
   2.0000000e+00  -1.1733900e+00  -6.1819115e-01  -4.6573799e-01   2.3647517e-01   2.9235647e-01  -2.1314248e+00
   2.0000000e+00   1.0009116e+00  -5.4835444e-01   2.5236957e-01  -8.4501321e-01   8.2150434e-01  -5.6216822e-01
   2.0000000e+00   6.8976324e-01  -8.4802611e-01   2.6528811e+00  -2.7846090e-01   4.6975556e-01  -5.0900712e-01
   2.0000000e+00   1.1928906e-01  -1.0317626e+00  -2.6786019e-01  -1.3967410e+00  -2.3391512e+00   6.6661842e-01
   2.0000000e+00  -1.3771582e+00  -1.0935061e-01  -1.8476842e+00  -1.4782049e+00   5.8195312e-01  -1.4162454e-03
   1.0000000e+00  -5.0198087e-01   2.2369892e-02   1.8272007e+00  -1.3170686e+00  -1.4556681e-01   4.4597687e-01
   2.0000000e+00  -6.3139343e-01  -1.4979881e+00  -1.2662906e+00   3.3462236e-01   1.0102312e-01   3.1235971e+00
   2.0000000e+00   4.8255184e-01  -8.2844870e-01   1.0214520e+00  -5.3457610e-01   5.8336081e-01  -1.2110683e+00
   1.0000000e+00  -9.5431681e-01  -7.9609417e-02   8.0520856e-01  -1.2763821e-01  -1.9351460e-01   7.9041048e-01
   2.0000000e+00  -1.7896989e+00   1.0629818e+00   2.7067265e+00   1.9059540e+00  -4.5683653e-01   6.6465891e-01
   2.0000000e+00  -3.9570691e-01  -6.5316390e-01   1.0846790e+00  -2.7503561e-01   2.1114645e-01  -1.0566344e+00
   2.0000000e+00   1.6822132e+00  -8.9268464e-01   2.5065893e-01  -1.9178866e+00  -3.2286070e-01   6.5686054e-01
   2.0000000e+00   9.3594237e-01  -1.5617162e+00   1.1263817e+00   2.9177500e+00  -2.6783231e-01  -7.8361719e-01
   2.0000000e+00  -8.8593082e-01   2.0583922e+00   1.9238506e+00  -1.3326686e+00   9.6634249e-01  -1.5243675e-01
   2.0000000e+00   1.1130318e+00  -1.0743066e+00  -4.1094165e-01  -3.3936984e-01  -2.1140434e+00  -2.0243211e-01
   2.0000000e+00   1.3223244e+00  -1.2367390e+00   1.0287791e+00   8.5615198e-01   5.7573297e-01  -1.2048873e+00
   2.0000000e+00   1.1390207e-02  -1.2905733e+00  -9.1287827e-01   6.8604650e-01   1.2882366e+00   5.1722438e-01
   2.0000000e+00  -1.4561775e-01   1.0491826e+00  -3.3166387e-01  -3.1467700e-01   6.1840938e-02   4.9716089e-01
   1.0000000e+00  -7.5458850e-01   6.0257326e-01  -1.3222741e-01  -5.5017330e-01  -5.9784267e-01   7.2601862e-01
   2.0000000e+00  -1.1262127e+00  -1.7162656e+00  -5.0436436e-01   1.2113239e+00   3.4000330e-01   2.1253678e-01
   2.0000000e+00   2.4758320e-01  -1.5221964e+00  -1.0325959e+00  -1.5037484e+00   7.1710278e-01  -8.9371162e-01
   2.0000000e+00  -7.9736830e-01  -7.7786689e-01  -3.0691136e-01   4.5837977e-01  -5.3455353e-01  -4.4091165e-02
   1.0000000e+00   5.0851765e-01   3.9006928e-01   8.6900644e-01   7.1137582e-01   1.3001819e+00   7.3730187e-01
   2.0000000e+00  -8.1348154e-01  -4.0207620e-01  -1.2688329e-01  -4.3050270e-01   9.2501950e-01  -3.1043330e-01
   2.0000000e+00  -1.4601941e-01  -8.8372242e-01   1.4745484e+00   4.9971737e-02   1.3803527e-01  -1.9371049e+00
   2.0000000e+00  -2.3470793e+00  -3.0582066e-01   5.7207015e-01  -1.3287502e-01  -2.2808784e-01   1.1092624e+00
   2.0000000e+00   2.2935664e+00   7.0839178e-01   8.7382927e-02   1.7298556e-01   5.6278258e-01  -2.9012328e-01
   1.0000000e+00  -2.7559410e-01  -3.8770041e-01  -6.6197154e-01   5.3175867e-01   5.7364649e-01   8.1517697e-01
   2.0000000e+00   3.2515558e-01   8.7358530e-01   6.2430806e-01   2.8520570e-01   2.6801302e+00   1.7375986e+00
   2.0000000e+00  -8.7063531e-01  -1.3316070e+00   4.5907525e-01  -5.0394534e-01   1.7521400e+00   6.2935135e-01
   2.0000000e+00  -1.5277267e+00  -5.1183761e-02  -1.1680578e+00  -2.9622410e-01   2.6524641e-01  -7.4821941e-01
   2.0000000e+00  -1.2578823e+00  -2.7422363e-01  -1.1350847e-01  -3.6067458e-01   9.1914554e-01  -3.7907885e-01
   2.0000000e+00  -1.2625062e+00  -1.1063856e+00  -5.3494191e-01   2.3394362e-01  -1.7830158e+00   5.5472645e-01
   2.0000000e+00  -3.2324618e-01  -9.6443943e-01  -1.2030953e+00  -8.2589742e-01   6.8544216e-01  -3.6634939e-01
   2.0000000e+00  -1.9204762e+00   3.8282449e-01  -7.6655304e-01  -4.6264564e-01  -5.2768842e-01  -5.6924953e-01
   2.0000000e+00  -4.8812327e-01   6.1373510e-02   6.8487173e-01   1.0338984e+00   1.8244123e+00   1.4791083e+00
   2.0000000e+00   1.2309309e+00   1.3779621e-01   8.4446050e-02  -2.4207515e-01   5.3341912e-01   1.2909068e+00
   2.0000000e+00   5.0417669e-01   1.3868394e+00   3.7978653e-01  -5.3674145e-01  -1.5375193e+00   6.9862195e-02
   2.0000000e+00   1.3885101e-01   1.1307616e+00   6.6137645e-01  -8.4697800e-01   5.5052538e-01   5.9672737e-02
   2.0000000e+00   4.2790831e-01   1.5463624e+00  -7.0916174e-01  -2.0225387e+00   1.5263905e+00  -6.3124457e-01
   1.0000000e+00   7.7189456e-01  -2.2832527e-01   5.7536174e-01   2.3110228e-01  -2.3390919e-01   5.6285215e-01
   2.0000000e+00   8.9986773e-03   4.6994032e-01  -2.4813389e-01   7.4246503e-02  -5.1251298e-01  -1.4353610e-01
   2.0000000e+00   8.3185923e-01  -2.2420169e-02   1.2113408e-01   2.6967557e-01   6.8816846e-01   1.6882082e+00
   2.0000000e+00   7.9677471e-01   2.8178760e-01   2.4657605e-01   1.8104902e+00  -2.3213994e-01  -3.5520966e-01
   2.0000000e+00   1.9293841e-01   1.1287037e+00   1.3143486e-01   8.6174151e-02  -9.6050549e-01   7.2003071e-01
   2.0000000e+00  -1.0686882e+00  -2.7591767e-01   6.5034982e-01  -1.0826582e-01   1.0035637e+00  -1.6294630e+00
   2.0000000e+00  -7.7899928e-01  -2.3054463e-02   3.8181147e-01  -3.3854459e-01  -1.0096547e-01   1.5490405e+00
   2.0000000e+00  -7.4797260e-01  -1.3653999e+00  -7.0861278e-02   8.9653574e-01   1.8993136e-01   2.1302706e-01
   1.0000000e+00  -9.2964963e-01  -2.7319577e-01  -4.2109372e-01  -1.0048982e+00  -1.5653889e+00   6.5222970e-01
   2.0000000e+00  -2.9567070e-01   1.4638784e+00   9.0721435e-01  -9.2304474e-02   2.3677896e-01   1.8939176e-01
   2.0000000e+00   1.1279016e-01  -6.1697010e-01   2.3538920e+00   3.5854225e-01  -8.8416192e-01  -2.4290834e+00
   1.0000000e+00   1.0360272e+00  -4.4145767e-01  -1.0336045e+00   3.5191094e-01   1.3724396e-01   7.7068429e-01
   2.0000000e+00   9.1065695e-01  -6.4742050e-01   1.1725360e-02  -4.5445880e-03   1.5902093e+00   1.8186486e+00
   1.0000000e+00  -5.9851818e-01  -3.8987121e-01  -1.1094853e+00   1.7213876e+00  -9.8038775e-01   3.2922276e-01
   2.0000000e+00  -5.3851115e-01  -1.4608272e+00  -7.0839242e-01   1.0193396e+00  -2.7549712e-01   1.8042494e+00
   2.0000000e+00   1.4614714e+00  -1.4896338e+00   6.3370692e-01  -1.2829092e+00  -6.0578377e-01  -4.3268517e-01
   2.0000000e+00  -1.2103883e-01  -1.1414873e+00  -6.5010224e-01  -1.9949407e+00   6.6823355e-01  -1.8928461e-01
   1.0000000e+00  -1.6004731e-01  -2.4579210e-01   2.5876274e-01   3.2337306e-01  -5.9396706e-01   9.8754124e-02
   2.0000000e+00   3.2161917e-01   3.9092042e-01  -9.6053173e-02  -8.4928907e-01   1.1284763e+00  -4.5690956e-01
   2.0000000e+00   5.2532578e-01   9.8233746e-01   3.9921610e-01  -3.1504127e-01  -1.7158205e-01   1.6441877e+00
   2.0000000e+00   1.5598704e+00  -1.1121559e+00  -1.6968086e-01  -5.4070466e-01   1.1613852e+00   6.2573168e-01
   2.0000000e+00   1.2125568e-01  -1.4142089e+00   3.8352273e-01  -7.7950333e-01   2.1576621e-01   1.7129987e+00
   2.0000000e+00   9.5928765e-01  -8.0798950e-01   7.9284057e-01  -6.2811214e-01  -2.7194726e-01  -1.9758769e+00
   2.0000000e+00   2.2309799e-02   1.0656804e+00  -2.0511069e+00  -3.5010569e-01   7.3977181e-01   7.8530963e-01
   2.0000000e+00   6.4732980e-02   9.4588617e-01   4.6783136e-01  -1.1770499e+00  -7.6895937e-01   3.7308372e-01
   2.0000000e+00   4.9028600e-02   1.5750250e+00   7.2299462e-01   8.8675081e-01  -1.5387623e+00  -1.2594238e+00
   2.0000000e+00  -3.1228154e-01   1.2612551e+00   1.4001068e+00   4.7727361e-01   5.0409306e-01  -1.6951973e+00
   1.0000000e+00  -6.5511192e-01  -1.2831167e-01  -4.3860520e-01   3.6812791e-01   1.2538924e+00   4.0838207e-01
   2.0000000e+00  -2.0534599e+00   3.9069397e-01   9.6839427e-01   2.9256405e-01  -1.8358500e-01  -4.3488975e-01
   2.0000000e+00  -2.5090196e-02   4.5471962e-01   2.7414241e-01  -2.3999519e+00   2.1273358e+00  -1.2693411e+00
   2.0000000e+00  -1.0662560e-02   1.6684859e+00  -1.1344412e+00   1.2464148e-01  -6.8227454e-01   8.5751433e-01
   1.0000000e+00  -1.0394087e-01   8.9692229e-01  -3.3893827e-01   1.0227488e+00  -2.6497814e-01   9.8714065e-02
   1.0000000e+00  -3.3451141e-02  -1.0683519e-01   6.1483190e-01   5.8964331e-01  -6.1465443e-01   4.9721020e-01
   2.0000000e+00  -1.3002836e+00   5.6267041e-01   1.0433983e+00  -5.5204909e-01  -7.6012633e-01  -1.1926100e+00
   2.0000000e+00   2.1577108e+00   1.1445498e-01   6.4571366e-02   6.5740500e-01  -2.4192568e-02  -9.4606716e-01
   2.0000000e+00  -1.6612388e+00   1.2159250e-01  -1.1880542e+00  -4.2373591e-01  -4.8385749e-02  -1.4161298e+00
   2.0000000e+00   1.5344516e+00   1.0839709e+00   8.3393291e-03  -9.7507914e-01   3.8577479e-01  -1.5435526e-01
   2.0000000e+00   6.7519052e-01  -1.0316651e+00  -9.0970714e-01   1.0175635e+00   3.2314698e-02   6.4835475e-01
   2.0000000e+00   1.8370173e-02  -5.0964637e-01   3.9024298e-01   1.3269560e+00  -4.0881323e-01   1.0686594e+00
   1.0000000e+00   4.4494223e-01  -7.4617411e-01  -9.8602634e-01  -2.7161558e-01  -9.8716270e-01   6.0755055e-02
   2.0000000e+00   4.3779317e-01  -1.2447297e+00  -3.1806643e-01  -1.9166872e-01   2.8764290e-01  -1.4079441e+00
   2.0000000e+00   5.0778366e-02   4.6769440e-01  -4.6047002e-01   2.9690236e-01   2.0849763e-01  -5.8637258e-01
   2.0000000e+00   9.0466567e-01  -4.0658881e-01  -1.7923728e-01   4.5719221e-01  -2.7857146e-01   1.3098852e+00
   2.0000000e+00   1.0037485e+00  -7.6213141e-02   2.1078491e-02  -1.2478468e-01  -9.3018350e-01  -4.7561630e-01
   2.0000000e+00  -5.7375059e-01   4.4036956e-02   1.1695765e+00  -6.6460338e-02   1.7484277e-01   1.1541260e+00
   2.0000000e+00  -1.9888347e+00  -3.3739048e-02   6.0136525e-01   1.2995451e-01  -1.3489398e+00   1.2235671e+00
   1.0000000e+00  -4.2611941e-01  -3.4100788e-01   1.1277194e+00   3.6379410e-02   8.9103761e-01   7.3693533e-01
   1.0000000e+00   1.0863971e+00   3.6747963e-01   8.0247645e-01  -3.9059530e-01   2.4434262e-02   9.2899687e-01
   2.0000000e+00   1.7375133e+00   4.9035922e-01  -1.6950726e+00  -4.6768374e-01   2.0104634e-01   1.1192843e+00
   1.0000000e+00   1.2834661e-01   3.9915064e-01   7.1114563e-01   8.5237268e-01   3.1924947e-01   8.8581049e-01
   1.0000000e+00   3.0987813e-01   4.7136241e-01  -2.2471158e-01  -2.4001821e-01  -5.8146355e-01   5.7991362e-01
   2.0000000e+00  -9.9206523e-01  -1.7465089e+00   1.0262468e+00   6.4070412e-01  -7.0001854e-01  -3.1685867e-01
   2.0000000e+00   6.7649915e-01   1.6226771e+00   4.8542239e-01   2.0694634e-01   1.0626112e+00   8.9095924e-02
   2.0000000e+00   2.2563675e-01  -7.9677964e-01  -9.5332006e-02   2.3661495e-01  -1.1332300e+00  -9.0579613e-02
   2.0000000e+00   3.0766529e-01  -3.4719000e-01   5.8393814e-01  -2.2450552e+00   5.0858784e-01  -6.8235172e-01
   2.0000000e+00  -2.0156601e-01  -1.9545295e+00   1.6835584e-01   9.8429127e-01   1.8400642e+00  -3.5533610e-01
   1.0000000e+00   1.5186005e+00  -4.7060193e-01   2.3277022e+00  -1.3652821e+00   1.6592107e+00   1.6950465e-01
   2.0000000e+00  -1.0944834e+00  -9.9824407e-01  -1.2724083e+00  -1.0567003e+00   6.0358417e-03  -7.8904400e-01
   2.0000000e+00  -1.7760195e+00  -2.2387877e+00  -7.3211983e-01   3.1823285e-01  -7.9015788e-01   1.2745651e+00
   2.0000000e+00   2.0553000e+00  -2.0639782e-01  -6.9784192e-01  -3.2947472e-01   1.5635997e+00  -5.2229275e-01
   1.0000000e+00  -1.7509554e-01   1.8542939e-01   1.4866736e-01  -2.9263982e-01  -4.0362539e-01   6.8899255e-01
   2.0000000e+00   5.0308018e-01  -1.7873831e+00  -3.2679626e-01  -7.0096159e-01   1.0253085e+00  -1.2450998e+00
   2.0000000e+00   3.4846216e-01  -9.4253122e-01   1.2421616e+00   1.0012371e+00  -4.1465844e-01  -8.4027741e-01
   2.0000000e+00   3.9342359e-01   1.8488155e+00   4.8276379e-01  -2.7042312e-01  -2.1423983e-01  -3.7862023e-01
   2.0000000e+00  -9.0842761e-01   1.4152979e+00  -1.3563101e-01  -8.9629541e-01   1.3953874e+00   1.4874322e+00
   2.0000000e+00   1.6254338e+00   5.5260545e-01  -8.8623142e-01  -1.2373891e-02   6.2122260e-01   2.5233862e+00
   2.0000000e+00  -1.1787450e+00  -1.3980313e+00   1.2275852e+00  -2.6128320e+00  -1.5086966e-01  -1.3050158e+00
   2.0000000e+00  -1.0901053e+00   2.6111076e-01   1.2092344e-01   5.2127893e-01   3.3850565e-01  -1.2530205e+00
   2.0000000e+00   1.5937871e+00   1.3763654e+00  -9.7301796e-01   3.6306127e-01  -1.3275784e+00   3.6369615e-01
   1.0000000e+00   7.3603331e-01   5.4908035e-01   6.1387152e-01  -3.5459058e-01  -1.4062865e+00   8.1133491e-01
   2.0000000e+00   1.0207071e+00  -1.8562366e-01  -5.5627172e-02   1.7902107e+00  -8.1675540e-01   1.2715092e+00
   1.0000000e+00   9.9769806e-01   4.3494162e-02   8.5650419e-01  -8.1676427e-01   2.0463845e+00   6.3983856e-02
   2.0000000e+00  -1.7690541e+00  -1.7603332e+00  -3.8326244e-01  -1.2731740e+00  -1.3652719e-01  -2.0128198e-01
   2.0000000e+00   5.8854231e-01   8.7604414e-01  -1.7933736e-01  -2.5650995e-01   1.1570764e+00  -1.8870329e+00
   1.0000000e+00   6.3001180e-01  -3.7313888e-01  -1.0920222e+00  -9.2068728e-02   1.0427162e+00   3.9529396e-01
   2.0000000e+00   6.1965244e-01   1.7355587e+00   1.3370165e+00   2.1354678e-01  -9.3354189e-01  -7.9906891e-01
   1.0000000e+00   1.9011465e+00  -5.1872067e-01  -1.4424149e+00   5.2700700e-01  -8.5415654e-02   6.0512831e-01
   2.0000000e+00  -2.4879719e+00  -1.0297780e+00  -1.9055591e+00  -4.6853833e-01  -1.8266388e+00   1.9961053e+00
   2.0000000e+00   1.2015349e+00   1.5163173e+00   5.8088559e-01   3.7588930e-01  -3.5827226e-01  -9.7947986e-02
   2.0000000e+00   2.7638994e-01   1.5911578e+00   1.4586628e-01  -1.0926471e+00   1.7688129e-01   1.7257516e-01
   2.0000000e+00   8.8408792e-01  -4.4487699e-02  -4.7363160e-01   7.2491732e-01   1.9208980e-01  -3.4798470e-01
   2.0000000e+00  -1.9713451e+00   1.2536302e+00  -7.1960995e-01   3.8255018e-01  -2.5948338e+00   1.0400483e+00
   1.0000000e+00   1.7598957e-01   7.6784220e-02  -6.6561225e-01   7.6128427e-01  -3.6432431e-01   4.5254157e-01
   2.0000000e+00   9.4690832e-01  -2.2077494e-01  -1.8405380e+00   1.0400430e+00  -2.7229464e-01  -4.6885104e-01
   2.0000000e+00  -8.0046374e-01   3.7686924e-01  -3.8206295e-01   1.0286134e+00   7.1415462e-01  -4.5331833e-01
   2.0000000e+00  -1.4235801e+00  -6.0235926e-01   1.2319281e+00  -1.0468704e+00  -1.3814407e+00  -1.7373938e+00
   2.0000000e+00  -7.4277714e-01   1.8322381e-01   1.4481013e+00   2.1139408e+00   2.6704014e-01  -3.5803294e-01
   2.0000000e+00   4.0595251e-01  -2.2619606e-01  -5.1246247e-01   1.5369990e+00   8.7727225e-01  -2.0299905e+00
   2.0000000e+00  -1.1796158e+00  -1.6161185e-01   1.0361954e+00  -1.3938062e+00   4.4177160e-01   1.2879474e+00
   2.0000000e+00  -2.7107234e+00  -6.8577807e-01   1.6829416e-01  -1.3223775e-01  -9.9041634e-01  -1.1200323e+00
   2.0000000e+00  -1.3298963e-02   1.7592604e+00   7.2045761e-01  -8.9865428e-01  -7.9896911e-01  -2.6653429e-01
   2.0000000e+00   7.9407958e-01  -9.5534188e-01  -8.9938772e-01   1.8565660e+00  -7.2782010e-01  -8.4976290e-01
   2.0000000e+00  -4.5602488e-01   4.4179737e-02  -1.0502034e+00  -7.5313589e-01  -1.2318133e+00  -7.1043283e-01
   2.0000000e+00   1.2356751e+00   1.2620181e+00   1.4222015e-01  -8.8662135e-01   7.4539573e-02  -4.5887920e-01
   2.0000000e+00  -1.7369576e-01  -2.4298322e-01   2.3177292e-01  -8.0027054e-02  -2.0993554e-01  -8.2803896e-01
   2.0000000e+00  -1.4632842e-01   8.5270607e-02   2.3018797e-01   2.4143844e-01  -1.4205282e+00  -3.7385294e+00
   2.0000000e+00  -2.5808762e-01   8.1234048e-01  -1.2667027e-01   2.0054441e+00   1.8221016e-01   1.7120732e+00
   2.0000000e+00   4.0594913e-01   1.6217538e+00  -1.7555718e-01  -7.1064383e-01  -1.2526228e+00   6.0096758e-01
   1.0000000e+00   8.6829700e-01   9.6341733e-02  -6.3975432e-01  -1.7922322e+00  -1.8218068e-01   4.4456809e-01
   2.0000000e+00  -9.0896195e-01  -1.1723800e+00  -6.6560646e-01   7.7591360e-01  -1.1921176e+00   7.1183779e-01
   2.0000000e+00   9.4724948e-01   2.4041220e-01   8.6461972e-01   6.7826030e-01  -2.4735468e+00  -2.2894524e+00
   2.0000000e+00   4.3846614e-01  -6.2502821e-01  -4.4709757e-01  -1.5712358e+00   5.0864076e-01  -1.8639926e-01
   1.0000000e+00   5.8316288e-01  -1.5365041e-01   5.6467868e-01  -1.2088318e+00  -1.5473036e+00   3.1469175e-01
   2.0000000e+00   1.7017574e+00   1.3152537e+00   8.1551723e-01  -7.3432628e-01  -1.2075013e+00   1.4823204e-01
   2.0000000e+00   1.5608179e+00   3.1841925e-01  -1.7252752e-01   5.2772878e-01   1.8082877e-01  -2.7196405e-01
   1.0000000e+00   5.1157953e-02  -9.5599804e-01  -1.3156400e+00  -1.8193139e-01   8.4687681e-01   4.8097414e-02
   1.0000000e+00  -3.8538588e-01  -5.5221812e-01  -2.3970847e+00  -6.2136781e-02  -8.2123398e-01   5.2233883e-01
   2.0000000e+00   2.9952485e-01   1.2423464e+00   7.6501884e-01  -3.4561219e-01  -1.5560776e+00   9.1831205e-01
   2.0000000e+00  -4.6906112e-01  -8.0458382e-01   1.5663679e+00   2.5143659e+00   1.2028303e-01  -1.2467642e-01
   2.0000000e+00  -7.5008398e-01   6.0471922e-02  -7.4280873e-01   1.7812267e-02   7.9660468e-01   1.1628519e+00
   2.0000000e+00   3.3337692e-03   8.9971199e-01   9.9471566e-01  -5.9025233e-02   1.6242782e+00   5.9923316e-01
   2.0000000e+00   1.3363617e-01  -1.3707897e+00   5.5324553e-01   2.9028648e+00  -8.3407309e-01  -8.2309112e-02
   1.0000000e+00   1.6940112e+00  -1.7906009e-01   4.2915681e-02  -1.1296610e+00   6.3073530e-01   1.7971736e-01
   2.0000000e+00   5.5628299e-01   1.6845583e-01  -8.9590520e-01  -1.1278236e+00   1.5895542e+00  -2.8812637e-01
   2.0000000e+00   2.4872021e-01  -1.5507249e+00  -2.2967440e+00   2.9629413e-01   2.8340980e-01   9.7335857e-01
   2.0000000e+00  -6.7196241e-01  -1.5199867e+00  -2.0090684e-01  -2.1422226e+00   1.0853646e-01   1.7116135e+00
   2.0000000e+00  -8.1462464e-01   2.3710176e+00  -3.9515005e-02  -8.4424032e-02  -1.3866740e-01   6.4473925e-01
   2.0000000e+00   8.1275484e-01   1.1638979e+00   8.9072489e-01  -5.1409898e-01   9.2344729e-01  -2.0406616e-01
   2.0000000e+00   1.0278290e+00  -1.8249486e+00   7.8500039e-01   4.3801404e-02  -1.0812599e+00  -1.8707705e-01
   1.0000000e+00   8.5123963e-01  -2.7034336e-01  -4.6820245e-01  -2.8772341e-01  -2.2153401e+00   6.6521490e-01
   2.0000000e+00  -7.0797095e-01  -7.2899989e-02  -3.8168259e-02  -2.1991182e-01  -4.3019673e-02  -2.4387094e-01
   2.0000000e+00   6.4752029e-01  -7.4345182e-01  -5.2362126e-01   1.4374238e+00   1.0255470e+00   7.8508475e-01
   2.0000000e+00  -4.1987797e-01   1.9076577e+00   1.2607829e-01  -1.0030902e+00  -1.4010340e+00   5.1470889e-01
   2.0000000e+00  -1.4152833e+00  -9.7740344e-01  -6.6559716e-01  -1.8786858e+00   4.5311441e-01  -1.5974515e+00
   2.0000000e+00   3.9863406e-01   1.0126721e+00   1.7529590e-01  -1.6440906e+00   1.5501263e+00   8.8848272e-01
   2.0000000e+00   6.3537198e-01  -2.2030727e+00  -1.2194940e+00   7.5777947e-01  -4.7925088e-01  -1.0862532e+00
   2.0000000e+00   1.3151081e+00   2.7103377e-01  -1.6751373e+00  -2.7485720e-01   1.3659899e-01  -5.6033495e-01
   2.0000000e+00   2.9292824e-01   1.9535792e+00   5.1801969e-01   1.3097802e+00  -5.2699442e-01  -9.6428505e-01
   2.0000000e+00  -7.3446283e-01   7.0008947e-01   9.8243718e-01   6.9034529e-01   1.0564243e+00   1.0027264e+00
   1.0000000e+00  -2.6915132e-02  -4.5350190e-01  -2.6781418e-01  -3.3822041e-01   8.3736950e-01   2.2573505e-01
   2.0000000e+00  -1.2963711e+00   1.5374042e+00  -5.2540532e-02   1.0597905e-01  -2.5702992e-01   1.4196629e-02
   2.0000000e+00   2.7066990e-01   7.0526040e-01  -1.0147956e-01  -2.9264827e-01  -6.9645663e-01   1.1038119e+00
   2.0000000e+00  -2.7424280e-02  -6.9363539e-01   2.6768657e-01  -8.4650419e-01   6.0124122e-01  -2.4835284e-02
   2.0000000e+00  -1.2404933e+00  -1.2855506e+00  -2.3234548e+00  -6.1406575e-01   6.0152278e-01  -6.1270297e-01
   2.0000000e+00   1.7037360e+00   8.2053070e-01  -1.1964766e+00  -6.9461218e-01  -1.8077233e+00   5.8185321e-01
   1.0000000e+00   1.5985084e+00   8.9147706e-01   1.1401649e+00  -3.1120598e-01   2.0802151e+00   2.3892187e-02
   2.0000000e+00   1.2996417e+00   1.3019459e-01   1.9610447e+00  -2.3183383e+00  -4.6345064e-01  -4.1099692e-01
   2.0000000e+00   2.9186347e-01   2.5326719e-01  -1.6568897e+00   4.8597805e-01  -5.9237076e-02  -7.3394385e-01
   2.0000000e+00   7.3434669e-01  -7.7992690e-01   7.8039288e-01   5.5974914e-01   7.6865912e-01  -2.0490354e+00
   2.0000000e+00  -1.3736360e-01   1.0170977e+00   1.7611650e-01   7.0425797e-01   1.6204275e+00  -5.9239817e-01
   2.0000000e+00  -1.2870122e-01  -5.6001857e-01  -1.4427195e+00  -7.3423083e-02   8.1762123e-01   1.6447716e+00
   2.0000000e+00  -2.0143204e-01   4.4049106e-01  -1.1290154e+00  -7.3617181e-01  -1.3975111e+00  -1.3372602e+00
   2.0000000e+00   1.9381145e-01  -1.6333825e+00  -1.4318485e+00   2.0119214e+00   5.6576518e-01   1.3696845e+00
   2.0000000e+00  -2.0815449e-01   2.7426531e-01   7.8143325e-01   4.3736198e-02  -3.7627727e-01   1.5473617e+00
   2.0000000e+00   2.4488326e+00  -1.1278755e+00   8.5713718e-01  -2.5258905e+00   1.0333155e+00  -9.0641836e-01
   1.0000000e+00  -8.7092434e-01  -7.2532343e-01  -1.3360285e+00  -1.4100872e+00  -8.2501759e-01   3.6436049e-01
   2.0000000e+00   5.7223652e-01   2.0289775e-01   2.0327048e-01   1.5978279e+00  -2.0200835e+00  -7.4026474e-01
   2.0000000e+00  -6.9824275e-01   1.2891447e+00  -6.0666025e-01  -8.9225238e-01   7.7957040e-01  -8.5400629e-01
   2.0000000e+00   1.5607905e+00   6.6327884e-01   1.0086907e+00   8.1441911e-02  -1.7543404e-01  -1.0566696e+00
   2.0000000e+00   7.1223664e-01   1.5442833e+00   1.1100599e-01   1.3284627e+00  -5.2025506e-01  -4.7186352e-01
   2.0000000e+00   5.4112805e-01  -1.9590431e+00   5.4213513e-01  -2.9710755e-01   1.3515978e+00   3.1398739e+00
   2.0000000e+00  -1.8392335e-02  -4.0149793e-01  -4.6329584e-01  -2.2768643e-01   1.9416752e-02  -1.0017774e-01
   2.0000000e+00   8.3980812e-01   6.0333890e-01  -3.8934828e-02  -1.5414510e+00  -1.8559922e-01  -1.1275472e+00
   2.0000000e+00  -2.4430794e-01  -1.8228739e+00  -2.6211047e-01  -4.4703862e-01   1.0596223e+00   3.1994521e-02
   2.0000000e+00   1.5126655e+00  -1.3572368e+00  -2.4099989e+00   5.2364882e-01  -1.9614111e-01  -2.1266553e+00
   2.0000000e+00  -1.6663860e+00   2.2217985e+00  -1.2773756e-01  -1.0264598e+00  -2.3381638e-02   3.0156279e-01
   2.0000000e+00  -7.3254053e-01  -6.4100655e-01   7.4570515e-01  -1.0411573e+00  -4.4479735e-01  -7.8736606e-01
   2.0000000e+00  -8.9727292e-01  -5.4817781e-01  -1.9441954e-01  -4.9090350e-02  -1.8514308e+00  -1.0899131e-01
   2.0000000e+00  -2.8888864e-01   6.7101476e-01   1.1667416e+00  -2.5420976e-01   7.8662973e-01  -7.5447539e-01
   2.0000000e+00   1.2891762e+00  -5.2811495e-01  -2.2561852e-02   2.5563360e-01   1.1955360e+00  -3.9037192e-01
   2.0000000e+00   3.6714939e-01  -5.1908099e-01   1.0254698e+00   5.9556043e-01  -9.2704983e-01  -1.3927924e+00
   2.0000000e+00  -1.1790632e-02  -4.9987956e-01  -6.3328776e-01   6.2667360e-01   1.0505373e+00  -4.3750487e-01
   2.0000000e+00  -1.4029668e+00  -1.3050829e+00   5.4032984e-01   1.8734116e+00   3.0668682e-02  -2.6883433e-01
   2.0000000e+00  -3.3819046e-01   2.1536549e+00  -9.4740624e-01  -1.6637310e-01  -8.9811323e-01  -5.4118360e-02
   2.0000000e+00  -1.1628959e+00  -5.1816448e-01   2.8894977e-01  -1.9746109e-01   1.2143241e+00  -6.3576486e-01
   2.0000000e+00   9.0082895e-01   2.5565780e-01  -4.9747450e-01   9.6049546e-01   1.3132294e-01  -5.3912460e-01
   1.0000000e+00   1.5157986e+00  -2.1139623e-02   7.8090747e-01  -4.6092882e-01  -9.9751139e-01   1.1492774e-01
   2.0000000e+00  -3.4796549e-01  -2.8509295e-01  -8.2983336e-01   1.6013857e+00  -1.7213443e-01   1.4938051e+00
   2.0000000e+00   6.6680138e-01  -2.7430233e+00   1.0375158e-01   5.0297704e-01  -9.5283790e-02  -9.7862265e-01
   1.0000000e+00   1.9425337e-01   2.7459790e-01   4.3937915e-01   1.7416467e-01  -7.8306304e-01   8.5751114e-01
   2.0000000e+00   1.2336258e+00   1.1512389e+00   1.0618626e-02   1.1882497e+00  -5.9543203e-02  -1.1751426e+00
   2.0000000e+00  -2.8005817e+00   1.0629530e+00   1.4496485e-01   1.0019312e+00   1.5692905e+00   6.6321270e-01
   2.0000000e+00  -2.6201494e+00   6.6796809e-01  -8.7982943e-01   6.4570582e-01   1.1217992e+00   6.4617324e-01
   2.0000000e+00  -4.5742002e-01  -1.1189899e+00  -1.4810154e+00   1.4599673e-01   1.5801162e+00   2.0618741e-01
   2.0000000e+00   3.6755178e-01   1.5447117e+00   6.1321436e-01  -9.2498156e-02  -2.1736620e+00   7.4907272e-02
   2.0000000e+00   1.1923218e+00   1.5710042e-01  -1.4536281e-02  -2.2253730e-01  -6.5904544e-01  -1.6302129e+00
   2.0000000e+00  -3.9357302e-01   1.0182670e+00  -8.5749357e-01  -1.6870586e+00  -1.6968311e+00  -7.6922763e-01
   2.0000000e+00   6.7690633e-02   3.2742042e-01   2.7446188e-01   1.2964527e+00  -3.4646150e-02  -1.6063645e+00
   2.0000000e+00  -1.4854068e+00   1.0020254e+00   1.7442578e-01   3.5580154e-02   8.7299877e-01  -1.1403726e-01
   2.0000000e+00   1.3501555e+00   1.2132787e+00   1.5241131e+00  -1.3615334e+00  -4.9106513e-01   8.9980997e-01
   2.0000000e+00   1.5484418e+00   1.4596375e-01  -1.1864993e+00   1.1254740e-01  -1.2438902e+00  -1.3353842e-01
   1.0000000e+00  -1.5763179e+00  -1.2335168e-01  -4.6972343e-01   4.9087249e-01  -4.8269532e-01   8.7303270e-01
   2.0000000e+00   5.3769088e-01   1.4167226e+00   3.6751017e-02   1.4950365e-01  -5.2817617e-01  -6.6837696e-02
   2.0000000e+00   8.9596616e-01   3.3949213e-01  -6.5328898e-04   2.4604208e-01   1.0803586e-01  -3.8649741e-01
   2.0000000e+00   1.4823170e+00   2.1739538e-01  -1.4545881e+00   4.3284433e-01  -3.6394837e-01   1.9296548e+00
   2.0000000e+00  -2.4861511e+00   1.1324046e+00   2.5708872e-01  -2.0091252e+00  -8.0305184e-01   2.0477887e-01
   2.0000000e+00  -9.5326532e-02  -8.0549858e-01  -1.3818707e-01   6.5702960e-02  -1.6262215e+00   6.5442607e-01
   2.0000000e+00   1.2458775e+00  -1.1629852e+00  -1.5702723e+00   6.3156770e-01   1.8598620e+00  -2.4811388e+00
   2.0000000e+00  -4.0453626e-01  -2.0439060e-01  -1.2448985e+00   9.2894555e-01   7.1605067e-01  -2.7383549e+00
   2.0000000e+00  -5.0005081e-01   1.1906938e+00   8.8193147e-01   2.9341159e-01  -3.8894063e-01   8.1772186e-01
   2.0000000e+00   6.7435980e-01   2.9086858e-01  -5.2417327e-01   1.2995917e-01  -4.8425332e-01  -2.5004538e+00
   1.0000000e+00   1.0286711e+00  -3.2694871e-01   1.0806081e+00  -1.5724611e+00   6.4323526e-01   2.9130911e-01
   2.0000000e+00   2.8390443e-01  -1.1174797e+00  -2.0622674e+00  -1.4605837e+00   1.0393862e-01   7.0666200e-01
   2.0000000e+00  -4.8656795e-01  -1.6307696e+00   6.4380462e-02   4.5807801e-01  -9.6652667e-01   2.9121819e-01
   2.0000000e+00   1.5778372e-01   4.0564666e-01  -1.4419850e+00   1.4208788e+00  -2.2099439e-02  -1.0011621e+00
   2.0000000e+00  -9.2399119e-01  -6.3972646e-01   1.1433827e+00   3.4972962e-01   3.9556516e-02  -1.7265988e-01
   1.0000000e+00  -5.4754005e-01  -7.7670770e-01   2.1217450e-01  -1.3057758e+00   1.5460799e+00   3.9723517e-01
   1.0000000e+00   1.1954826e+00   6.1928899e-01  -7.8306411e-01  -8.1106102e-01  -2.4360356e-01   1.6900660e-01
   1.0000000e+00  -6.4018626e-01   2.3305624e-01  -2.1204238e-01  -1.9911668e+00   2.4792417e+00   5.8772692e-01
   2.0000000e+00   1.5248650e+00   7.4924059e-01   1.2130061e-01   1.0639641e-01   2.7893849e-01  -3.1557028e-02
   2.0000000e+00   3.1558864e-01  -1.7954701e+00  -5.2319189e-02  -1.0958658e+00  -2.0963917e+00  -1.1183979e+00
   2.0000000e+00  -4.3854648e-01   1.0010554e+00   9.0525349e-01  -3.8409970e-01   3.3406937e-01   1.0202457e+00
   2.0000000e+00  -6.3909809e-01  -1.6833564e-01   4.1517227e-01   5.5088703e-01   1.6564829e+00  -1.1215715e+00
   1.0000000e+00   1.0097358e-03  -4.7272952e-01  -1.1963875e+00   5.4596992e-01  -1.2434256e+00   4.4566945e-01
   2.0000000e+00  -3.2144104e+00  -8.6141868e-01   3.1492143e-02   3.0446574e+00  -1.4482452e-01   1.4452289e+00
   2.0000000e+00  -5.2562109e-01   7.6751815e-01   1.7313712e+00  -5.2491525e-01   7.6113919e-01  -3.6367128e-01
   2.0000000e+00  -3.7828385e-01  -2.6357131e-01   6.4507672e-01   5.9227373e-01   2.4604936e+00  -5.9561976e-01
   2.0000000e+00   3.2420049e-01   4.3637202e-01   7.1198641e-02   2.2217422e-01  -6.6693165e-01  -4.0991286e-01
   2.0000000e+00  -3.5076953e-01   1.3348408e+00  -6.0468956e-01   1.1452791e+00  -2.2839061e-01  -3.8324780e-01
   2.0000000e+00   9.8585126e-01  -4.6598122e-01  -2.1815358e+00   7.8197605e-01   3.3032352e-01  -9.5100722e-01
   2.0000000e+00  -1.4964665e+00   7.5848308e-01  -1.3641555e+00  -8.5402010e-01  -7.3696025e-01  -2.4011395e+00
   1.0000000e+00   5.8086519e-01   2.3763822e-01  -1.6829052e+00  -1.1035539e+00  -5.8651618e-01   5.5157085e-01
   2.0000000e+00   1.1356097e-01  -7.4777689e-01   1.7968234e+00   1.1287261e+00  -1.0932708e+00  -3.7927388e-01
   2.0000000e+00   2.6049055e-01  -6.5755444e-01   5.4346761e-01   2.4361249e-01   1.0837290e+00  -1.4168307e-01
   1.0000000e+00   7.7056254e-02  -1.8324993e-01  -5.1671747e-01   8.2455854e-01  -1.1267529e+00   8.7886687e-01
   2.0000000e+00   8.0294778e-01   2.1294937e-01  -2.3010550e+00   1.0065591e+00  -9.4474615e-01  -1.0180838e+00
   2.0000000e+00   3.9632599e-01   2.3919443e+00  -1.1092137e+00   2.1312886e+00  -4.5594728e-01  -1.8085038e+00
   2.0000000e+00  -5.2788959e-02  -7.2352678e-01   1.8814859e+00   5.5256889e-01  -6.8659428e-01  -5.0742071e-01
   2.0000000e+00   2.4624229e-01   4.7551819e-01  -7.0242805e-01   5.1493300e-01  -6.5790897e-02   1.3907805e+00
   2.0000000e+00  -9.0509110e-01  -9.4043788e-02   4.7852013e-01  -6.8147071e-01  -8.4764352e-01   1.6733488e+00
   2.0000000e+00   9.2960394e-01   2.2312663e+00   2.0636536e-01   1.2665124e+00  -1.2092988e+00  -6.3345719e-01
   2.0000000e+00   4.6523769e-01   1.9418740e+00   6.3969561e-01  -1.1416507e+00  -4.7782502e-01  -1.2258500e+00
   2.0000000e+00   2.0503725e-01   1.5024857e+00   1.8641561e-01  -6.5212592e-02   1.1674746e+00   8.8865418e-02
   2.0000000e+00   8.6556335e-01   1.0101732e-01  -2.8256317e-02   1.1886450e+00  -1.1042461e+00  -1.3071922e+00
   2.0000000e+00   1.5837643e+00  -1.5382096e+00  -1.3648460e+00  -9.5137930e-01   5.5961392e-01   8.2146150e-01
   2.0000000e+00   1.5058273e-01   1.4375692e+00   5.2998100e-01  -8.4555543e-01   1.0125003e+00  -8.9530719e-01
   2.0000000e+00  -1.3511003e+00   1.6300963e+00   1.1539686e+00   2.6233655e-01   2.0014863e-01  -1.0108631e+00
   1.0000000e+00  -3.2503553e-01   5.0569654e-02   3.7819840e-01   5.9755661e-02  -9.6561882e-01   9.7299707e-01
   2.0000000e+00  -3.6572529e-01  -1.9110239e+00   1.2810040e+00  -6.5173357e-01   2.1646723e+00  -1.0036549e+00
   2.0000000e+00  -1.6013913e+00  -3.6482676e-01  -1.4458574e-01   6.5657586e-01   1.3647292e-01  -1.3069675e+00
   2.0000000e+00   1.6012233e-01  -6.0435198e-01   3.4824597e-01  -4.4714709e-01   2.9418022e-04  -3.1191357e-01
   2.0000000e+00   1.0180290e+00  -1.8585939e-01   1.9048458e+00  -1.1927176e+00   5.2952638e-01   1.9485976e+00
   1.0000000e+00  -5.6268505e-01   6.5982226e-01   5.2597665e-01  -7.2414144e-01   4.1778409e-01   1.2738808e-02
   2.0000000e+00  -2.6899342e-01   8.4721792e-02  -1.1833473e+00  -1.6523595e+00   7.7961419e-01  -1.1024507e+00
   2.0000000e+00  -4.9999942e-01  -3.5031963e-01   1.2862492e+00  -9.0596995e-01  -9.0589281e-01  -9.9715637e-01
   2.0000000e+00  -1.3415732e-01   1.0685362e+00  -1.0020443e+00   9.5387975e-01   3.5246224e-01   6.8211041e-01
   2.0000000e+00  -1.0495798e+00  -4.0412613e-01   3.9396591e-01   5.6082747e-01  -4.3486430e-01  -2.0232698e-01
   1.0000000e+00   4.0304276e-01  -3.2777403e-01   6.2198946e-01  -2.6068407e+00   6.3505001e-01   3.5231575e-01
   2.0000000e+00  -2.2223512e+00  -1.2317049e+00  -3.1936454e-01   1.1101758e+00  -8.5017402e-01  -5.5916137e-01
   2.0000000e+00   1.7741169e+00  -1.1482071e+00  -1.2819473e-01   2.2383401e-01   7.0764655e-01   1.2963270e+00
   2.0000000e+00   4.3995230e-01  -3.9170815e-01   4.7444187e-01  -8.9498193e-01   1.1948163e+00  -1.1983716e+00
   1.0000000e+00   1.5631006e+00   3.2560188e-01   3.5190870e-01  -9.8162080e-01  -1.0000739e+00   4.4768007e-01
   1.0000000e+00   1.3130550e+00   1.9290683e-01  -1.0273156e+00  -4.3083913e-01   6.3692471e-01   3.5499352e-01
   2.0000000e+00  -6.7058467e-01  -1.2803500e+00  -9.2563922e-01  -1.6025557e+00  -1.7414536e+00  -2.2171731e-02
   2.0000000e+00   2.1777320e-01  -8.1784491e-02  -9.1550225e-01   5.7322875e-01  -1.6230878e+00  -2.3635780e-01
   2.0000000e+00  -1.1535929e+00  -5.2247781e-02   9.6942729e-02  -2.6597486e+00  -1.2126266e+00   1.2521443e+00
   2.0000000e+00  -2.1186517e+00   6.3334742e-01  -3.5617164e-01   1.1587512e+00   3.6329177e-01   1.5901210e+00
   2.0000000e+00   8.5746218e-01  -1.8431755e+00   4.8804956e-01  -1.5477435e+00  -7.9877202e-01  -1.5982258e+00
   2.0000000e+00   1.7098551e+00   4.8686581e-01  -3.1328702e-01   7.0321362e-01  -3.0507023e-01  -5.0983843e-01
   2.0000000e+00   2.0979042e-01   5.7701950e-01   1.3736111e+00  -9.2250183e-01   2.3507548e+00  -1.8278378e+00
   2.0000000e+00   1.4637372e-02  -6.6094285e-01  -1.3976967e+00  -7.2463769e-01  -8.0127821e-02   1.1705987e+00
   1.0000000e+00   4.2117791e-01  -4.4894286e-01   3.7926468e-01   2.1210837e-01  -7.7922978e-01   5.6157362e-02
   2.0000000e+00  -5.5342238e-01   7.4643902e-01   2.9493632e-01   6.0166653e-02  -1.1473537e+00  -7.0806651e-01
   2.0000000e+00   1.6825959e+00  -1.6080110e+00  -5.9349302e-01  -5.7462253e-01   7.5797597e-01   6.2482322e-02
   1.0000000e+00   1.9231265e-02  -1.8241130e-01   1.1988142e+00   5.9725932e-01   7.9497844e-01   9.3094002e-01
   2.0000000e+00   3.1246732e-01   2.9485294e-01   4.5784976e-01   3.4885403e-02  -1.7535533e+00  -5.5249422e-01
   1.0000000e+00  -2.2388085e-01  -1.1143847e-01  -7.6344810e-02  -7.2722273e-01   1.6209705e-01   8.4122035e-01
   2.0000000e+00   8.3964514e-01  -1.4159693e+00  -2.8045218e-01  -1.0794869e+00  -1.1742264e+00   1.3560755e+00
   2.0000000e+00   2.8282212e-01   1.3352251e-01  -8.6135702e-01   1.2462066e+00   2.5678535e-01  -1.1444245e-01
   2.0000000e+00  -2.7142406e-01  -1.5897200e+00   2.3814484e-01   1.5509162e+00  -2.8547498e-01   1.0632873e+00
   2.0000000e+00   3.3014260e-01   3.0156788e-01   1.2928691e-01  -2.2334311e+00  -1.2025183e+00   1.3475456e+00
   2.0000000e+00  -4.5894855e-01   9.1039028e-02   1.9432778e-01  -9.4975261e-01  -1.0030075e+00  -1.6788265e+00
   1.0000000e+00  -1.8646496e-01   8.0499126e-02   3.4598095e-01  -6.8720143e-01  -4.7671581e-01   5.3138535e-01
   2.0000000e+00  -1.1393504e+00   1.2022919e+00   2.3874789e+00  -2.7479702e-01  -1.7040887e+00   6.3554782e-02
   2.0000000e+00  -1.3470160e-01   9.7094536e-01  -1.4560984e+00  -1.6916465e+00  -5.3803880e-01  -2.6106190e+00
   1.0000000e+00  -1.4681308e+00  -5.5154574e-01  -5.9165656e-01  -8.4067209e-02  -9.3337856e-01   1.0461869e-01
   1.0000000e+00   5.4059724e-01   3.6536539e-01   1.1339412e+00   5.5618272e-01   7.5772389e-01   6.9733656e-01
   1.0000000e+00   1.5678672e+00   4.0233253e-01   4.2129970e-01  -3.1106988e-01   8.4764205e-01   5.2006785e-01
   2.0000000e+00  -2.6985732e-01  -9.4150968e-01   6.0963310e-01   5.7027064e-01  -2.9304079e-01   5.7552180e-01
   2.0000000e+00  -1.6734914e+00  -2.3348111e+00  -1.0825673e+00  -4.2821829e-01  -1.6743664e+00  -2.5256634e-01
   2.0000000e+00   2.4339367e-01  -4.5444227e-01  -1.1602643e+00   1.6392961e+00  -2.4676874e-01   9.2108346e-01
   2.0000000e+00   5.3675374e-01  -1.5278562e+00   8.2495119e-01  -3.9355395e-01  -1.5939754e-01   6.9061796e-01
   2.0000000e+00   1.0718155e+00   1.6395938e+00   9.6213144e-01  -4.4908636e-01   2.3918851e-01   8.5920598e-01
   2.0000000e+00  -9.0784112e-01   7.9924356e-01  -1.3662741e+00   1.0306648e+00   4.8693380e-01  -1.7445992e+00
   2.0000000e+00  -1.8737527e-01   1.2265823e+00  -5.1356790e-02   2.5027550e-01   8.1270994e-01  -9.7004591e-01
   2.0000000e+00  -6.8230098e-01   1.1572590e+00   9.4806044e-01  -5.0148103e-01  -3.7515007e-01  -7.9037066e-01
   1.0000000e+00  -7.5541967e-01   2.0004165e-01  -1.0806404e+00  -1.5538582e-01   4.7581952e-01   7.2111981e-01
   2.0000000e+00  -3.2224865e-01   1.7328015e+00  -3.4138450e-01   3.4765481e-01  -2.2487569e+00  -5.1628736e-01
   1.0000000e+00  -1.2794381e+00  -7.4971367e-02   4.0874491e-01  -6.7927584e-01  -9.1420154e-01   6.0470505e-01
   2.0000000e+00  -2.1760578e+00   1.3927139e+00   5.9693947e-01   1.0556496e+00   4.2020870e-01   3.2441104e-01
   2.0000000e+00   6.5256778e-02  -1.0433325e+00   7.0233346e-01  -9.0552627e-01  -6.8870510e-01  -6.1742798e-01
   2.0000000e+00  -1.9609995e-01   1.4539182e+00   4.9831130e-01  -1.1988375e+00  -1.2792609e+00  -4.2072709e-01
   2.0000000e+00   2.0212060e+00   2.4602873e+00  -1.2924574e+00  -5.5173788e-01   5.1840834e-01  -5.9198566e-01
   2.0000000e+00   1.2284189e+00  -1.9200430e+00  -7.7706379e-01   2.5675762e-01  -1.0251307e+00   7.0167749e-01
   2.0000000e+00   3.9031009e-01   1.7931334e+00   1.2173396e+00   1.0084682e+00   1.2653933e+00   1.8139860e-01
   2.0000000e+00  -2.6826158e-01   5.4240133e-01  -4.8323306e-01  -1.1380866e+00   1.4591867e+00   1.7013556e+00
   2.0000000e+00  -3.4423322e-01   8.6327804e-02  -4.3297853e-01   9.0812343e-01  -7.4877993e-01  -2.4998816e+00
   1.0000000e+00  -1.3838543e+00   4.2375240e-01  -1.2735689e+00   9.5133618e-03   2.1127969e+00   2.6658572e-01
   1.0000000e+00  -4.0999770e-01   3.6706378e-01  -7.1626915e-01   9.4181617e-01  -9.2613923e-02   3.6202633e-01
   2.0000000e+00  -1.1377242e+00  -8.0490573e-01  -1.5631922e+00   1.7831307e+00  -6.8670946e-01  -2.2337613e-01
   2.0000000e+00  -4.6652607e-03   1.3440268e+00   7.8120751e-01  -9.9580268e-01  -3.3211484e-01   7.8074054e-01
   1.0000000e+00   3.1935938e-01  -5.2297768e-01   1.2849382e+00  -2.6749994e-01  -5.4456201e-01   2.2796080e-01
   2.0000000e+00  -7.7672046e-02   1.7615809e+00   4.1914988e-01   9.7879962e-01   8.0809279e-01   1.0350143e+00
   2.0000000e+00   2.2009488e-01   1.9262171e+00  -2.5341012e-01  -1.2419836e+00   1.1675045e+00  -1.0414227e+00
   1.0000000e+00   7.6766748e-01   4.9071179e-02  -1.6739280e-01  -5.4556524e-01   1.4268368e+00   1.2403673e-01
   2.0000000e+00   1.6189734e-01   8.9746908e-01  -2.1336890e-01  -1.6327360e+00  -1.1841524e+00  -2.5392361e+00
   2.0000000e+00  -9.5218215e-01  -9.3326124e-01  -1.7597853e+00   1.1409865e+00   4.0014915e-02   1.7300711e+00
   2.0000000e+00   1.2303225e+00  -2.7349714e-01   8.5976843e-02  -2.6452270e-01  -3.4275111e-02   1.6971019e+00
   1.0000000e+00   5.3980781e-01   6.2542460e-02  -4.6592582e-01  -7.6152657e-01  -2.0958687e+00   4.9051064e-01
   2.0000000e+00  -2.0829034e+00   1.4213626e+00  -1.9328115e+00  -8.4361490e-01   3.1729955e-01   4.8949491e-01
   2.0000000e+00   1.7751310e-01  -1.5633324e+00   1.5368318e-01  -6.4874630e-01   1.7209949e+00  -1.1616977e+00
   1.0000000e+00  -1.0031557e+00  -3.4302321e-01  -1.9897599e-01   3.5618506e-01   7.9608861e-02   4.0477108e-01
   1.0000000e+00   6.4791687e-02  -8.6104939e-02   1.1385181e+00  -1.4958125e+00  -2.0750772e-01   6.1334999e-02
   2.0000000e+00   1.6929616e+00   7.4659930e-01   3.4634814e-01   1.6254666e-01  -7.2274772e-01   9.9597083e-01
   1.0000000e+00  -1.7336862e+00   1.9239473e-01   1.4717256e+00  -9.5934141e-01   1.1251798e+00   4.3674792e-01
   1.0000000e+00  -9.1411557e-01  -2.3507065e-01  -7.0420617e-01   4.5619358e-01   3.0729802e-01   3.9774354e-01
   2.0000000e+00  -4.8214431e-01   1.2174320e+00   9.3265606e-01   2.0590077e-01   6.3419983e-01   1.9596495e+00
   1.0000000e+00  -1.5321762e-01  -6.8254441e-01   6.8162358e-04   3.3982897e-01   1.2422056e-02   5.6329745e-01
   2.0000000e+00  -1.7017039e+00   6.0670555e-01  -8.9534994e-02   4.3352379e-01  -1.0213621e+00  -4.6061545e-01
   2.0000000e+00  -5.6114626e-01   3.3261393e-01  -4.4917279e-01   1.9916244e+00   1.1309024e+00   1.0687891e+00
   2.0000000e+00  -6.2589966e-01   1.8300972e-01  -3.3930801e-01  -1.0367494e+00   7.0733205e-02  -1.5862787e+00
   2.0000000e+00   7.5751442e-01  -1.2387690e+00   5.9582020e-01   4.0959837e-01  -5.7750113e-01   9.5091962e-01
   2.0000000e+00   1.5561798e+00   4.3524842e-01  -2.0213177e-01   8.7071099e-01   1.3092519e+00  -4.6326012e-01
   2.0000000e+00   2.6476057e+00  -7.1223543e-01   1.7661727e+00   3.0817532e-01   7.1057495e-01  -3.8342864e-01
   2.0000000e+00   2.2604253e-01   6.6377589e-01   3.0137437e-01  -7.7172598e-01  -3.5516636e-01  -6.3122408e-01
   2.0000000e+00   6.2770688e-01  -9.7324483e-02  -6.6455599e-02   5.0139185e-01  -1.2454197e+00   1.8812884e+00
   2.0000000e+00  -4.7719994e-01  -8.7569027e-01   1.6189981e-01   4.1874256e-01   1.0064211e+00   8.9993773e-01
   2.0000000e+00  -8.2993496e-02   5.8200082e-02  -1.2981426e+00  -1.1329103e+00   3.9280700e-01   1.9950219e+00
   2.0000000e+00  -1.5572473e+00   4.7481943e-01   6.4555103e-01  -1.0681480e+00   1.0245769e+00  -4.3022380e-03
   2.0000000e+00  -2.1435126e+00   1.1138346e+00   3.8991549e-01  -8.2211320e-01   2.2527750e-01  -1.8383475e+00
   2.0000000e+00   6.1317820e-01  -9.8705849e-02   1.0310426e+00   7.6993464e-01  -1.3263083e+00  -6.6709482e-01
   1.0000000e+00   1.2707848e-01   9.2723139e-01   1.5668527e+00   4.4031601e-01   1.3912308e+00   1.6531194e-01
   2.0000000e+00   7.4606560e-01   3.1984294e-01  -2.2227622e-01   6.0885631e-01   4.7869442e-01  -2.1959311e-01
   2.0000000e+00  -1.2814986e+00   1.1978274e+00   1.6041301e+00  -9.1903340e-01   1.3116344e+00  -5.7311230e-01
   2.0000000e+00  -5.1981942e-01  -2.8043517e+00  -3.5241109e-01  -8.3692043e-01   1.3713843e+00   1.9079478e+00
   2.0000000e+00  -5.0936953e-01   5.9108534e-01   2.4558919e-01   2.8971997e-01   5.7431864e-01  -1.5721743e+00
   2.0000000e+00  -1.2216371e+00   1.3780015e-01   1.2357101e+00  -2.5157677e-02  -1.6084500e-01  -3.2432670e-01
   2.0000000e+00   1.1962793e-01   4.9912410e-02  -6.0857186e-01  -5.0282919e-01  -9.3757664e-02   1.2394586e+00
   1.0000000e+00   7.3910826e-01   7.9289487e-01  -5.2823570e-01  -6.4732720e-01  -7.4864371e-01   5.6149946e-01
   2.0000000e+00   7.6588084e-02   1.6901207e-01  -1.9648487e+00  -1.4511198e-01  -1.4543486e+00  -2.6833298e-01
   2.0000000e+00   1.0322423e+00  -1.0644475e+00  -1.3093141e+00  -1.2920062e-01   1.0069717e+00  -3.7205663e+00
   2.0000000e+00  -1.1729118e+00   1.4422311e+00  -1.2511156e+00  -8.6460351e-01  -3.5670905e-01   3.9013688e-01
   1.0000000e+00  -6.5127351e-01  -2.1524136e-01   3.0873217e-01  -4.7960175e-01  -1.1461867e+00   7.4059713e-01
   2.0000000e+00  -1.2265286e-01  -1.4046673e+00   1.1818463e+00   3.1418695e+00   9.8988443e-01  -5.6582549e-01
   2.0000000e+00  -1.1360425e+00  -9.9753922e-02  -1.3984882e+00   4.7756287e-01  -2.5657982e-01  -2.7946198e-01
   1.0000000e+00   8.3461607e-01  -4.2667885e-01   2.3121890e-01   2.3014491e-02  -2.5331632e+00   6.1177194e-02
   2.0000000e+00  -1.1348656e+00   1.2424845e+00   3.1939893e-02  -2.5849152e-01  -1.7975575e+00   9.7535616e-01
   2.0000000e+00  -2.6871677e+00   6.2063663e-01   7.1830705e-01  -9.9305809e-01  -5.4331348e-01  -1.2956162e+00
   1.0000000e+00   1.5192159e+00   2.4208169e-01   8.3710956e-01  -2.1184131e+00   1.7477141e+00   1.6993274e-01
   2.0000000e+00   5.0389198e-01  -1.1166967e+00  -5.9527214e-01   8.0682524e-01   1.4531839e-01  -1.7250005e-01
   1.0000000e+00   1.0918225e+00   1.9871334e-01  -1.6668868e-01   2.6212608e-01   9.1181819e-01   2.9158606e-01
   2.0000000e+00  -1.9682658e+00   4.5464307e-02  -6.2601421e-01   1.4149288e+00  -1.2834870e+00  -2.5408472e-01
   2.0000000e+00   1.9415739e+00  -3.8646545e-01  -2.9193757e+00  -1.9117126e-01   7.8436726e-01   1.2745721e+00
   2.0000000e+00  -2.0666909e-01  -1.0069312e+00   4.6036518e-01   3.1193330e-01   1.1126716e+00  -2.3484661e+00
   2.0000000e+00   1.3157079e+00   5.3141914e-01   1.1022893e+00   9.1243114e-02  -8.8809471e-01  -1.2171156e+00
   1.0000000e+00  -8.2620223e-01   1.4942817e-01   1.5345513e+00   7.1562996e-01  -4.7564674e-02   1.0256795e-02
   2.0000000e+00   4.3156397e-01   1.3171171e+00   1.1527473e+00   1.2620992e-01   2.2793989e-01   4.4421238e-01
   1.0000000e+00  -7.9499559e-01   4.1161257e-01   7.3106253e-01  -8.5526505e-01  -6.8738209e-01   3.7210735e-01
   2.0000000e+00  -2.0428156e+00   3.6094143e-01   6.3258765e-01   6.8194535e-01   1.3244547e+00   2.1680279e-01
   2.0000000e+00  -2.1850202e+00  -2.9573948e-01  -3.2997666e-03   1.9057968e+00   7.1784859e-01  -7.5079502e-01
   2.0000000e+00   1.8557708e-01   1.7572167e+00  -3.3656818e-03   1.1783939e+00   1.0896042e+00   2.1199233e+00
   2.0000000e+00   6.9075657e-01   1.0151885e+00  -1.7052478e+00  -5.5886080e-01   6.1723174e-01  -2.1018697e-01
   2.0000000e+00  -5.3300944e-01   2.1483878e-01  -1.4772759e+00  -6.0525480e-01   1.8310238e+00  -6.0023323e-01
   2.0000000e+00  -1.9317327e-01   9.6214632e-01   1.1833357e+00  -4.3016591e-01  -4.7185073e-01  -9.9943142e-02
   2.0000000e+00  -7.6806748e-01  -5.1232798e-01  -2.4641834e-01   1.0679616e+00  -2.9447654e-01   2.6192683e+00
   1.0000000e+00   5.0584130e-02  -7.1800519e-01   1.3191932e+00  -1.8099932e-01   3.2596747e-01   1.9241319e-01
   1.0000000e+00   4.1703715e-01  -8.5733839e-02   1.0208700e-01  -1.3530671e+00  -2.4398368e-01   3.3684158e-01
   2.0000000e+00   1.9466323e-01   1.2737506e+00   1.6342815e+00  -5.7495130e-01  -1.1027011e-02   1.0825067e+00
   2.0000000e+00  -1.8704018e-01   3.5869590e-01   7.2614548e-01   2.7582148e-01   1.3018777e-01  -8.9283594e-01
   2.0000000e+00   3.4103738e-01   7.9835462e-01  -1.6035132e-01   2.6166343e+00  -1.6613932e+00   1.3540010e+00
   2.0000000e+00  -4.0540999e-01   1.5767116e+00  -5.4855648e-01   3.4109351e-01  -1.0886087e+00   9.4749660e-01
   2.0000000e+00  -3.4480742e-02  -1.3530417e-01  -5.4954191e-01  -2.8701784e+00   7.5453169e-02  -5.3121701e-01
   2.0000000e+00  -6.5273663e-01  -7.2850429e-01  -3.1692588e-01  -1.3742026e+00   4.8082867e-01  -1.2758204e+00
   2.0000000e+00  -4.2970423e-01   4.2526381e-01   1.5658742e-01  -8.5926407e-01   2.2179212e+00  -1.4873068e+00
   2.0000000e+00  -6.9579500e-01  -1.1553120e+00   5.5507703e-01  -9.3313945e-01   3.0693775e-02   2.5705126e-01
   2.0000000e+00  -1.2263100e-01  -6.1718956e-01  -3.0004093e-01   2.3516656e+00   1.0017045e+00   1.2549596e+00
   2.0000000e+00   4.7888749e-01   6.8090483e-01  -1.2627152e+00  -7.6897676e-01  -2.5901438e-01  -7.2459549e-01
   2.0000000e+00   1.8903936e-01   6.3106516e-01  -3.5378312e-01   2.5754476e-02   4.2413786e-01   1.2526749e+00
   2.0000000e+00   5.5895558e-01   1.0373890e+00  -9.8152887e-01  -2.2511258e-01   1.0611814e+00   1.0965775e+00
   2.0000000e+00   5.7320442e-01   1.7421320e+00  -1.0659549e+00   7.7970071e-01   5.1501458e-01  -1.0409968e+00
   2.0000000e+00   8.2052117e-01   6.3571856e-01   1.8989379e-01   5.1308238e-01  -8.3483880e-01  -1.4674590e+00
   2.0000000e+00  -4.3950747e-01  -8.7072810e-01   1.8624337e+00   4.6192208e-01   2.5189668e-01   9.1222204e-01
   1.0000000e+00   5.2558817e-01  -3.6454103e-01   1.5157987e+00  -1.1483545e+00   1.0527202e+00   4.1541810e-01
   2.0000000e+00  -2.6397127e+00  -9.3208064e-01  -8.3721369e-02  -1.4712949e+00  -5.2841063e-01  -9.8814185e-01
   2.0000000e+00   9.8580185e-02  -1.0741569e+00  -2.2056054e-01  -2.0429323e+00   1.4537164e+00   1.0172875e+00
   1.0000000e+00  -5.0481916e-01  -3.8776545e-01  -3.5269923e-01  -1.6632163e+00   4.3009954e-01   4.5759541e-01
   2.0000000e+00  -1.7080117e+00   3.2946126e-01  -8.8683630e-01  -2.2489293e-01   8.5815087e-01   1.3586265e+00
   2.0000000e+00   1.3621212e-01  -1.8971023e+00  -1.8995026e+00  -1.9240670e+00   4.3405377e-01  -9.5980575e-01
   2.0000000e+00  -3.6443091e-01   1.0202191e+00  -8.8053177e-01  -5.4217858e-01  -5.7981765e-01  -6.8466837e-01
   2.0000000e+00  -8.3262922e-01   6.3345700e-01   1.9472004e+00  -1.9065215e+00  -9.1619533e-02   1.6493890e+00
   1.0000000e+00   3.5080249e-01  -5.2139111e-01  -1.1863580e+00   1.8781497e-02  -2.8385758e-01   5.6268240e-01
   2.0000000e+00   2.9741270e-01   5.3566376e-01   8.8002234e-01  -1.4733657e+00   6.2466418e-01  -9.9238557e-01
   2.0000000e+00  -4.6783195e-01   1.9351571e+00   2.3126525e-01  -8.1676724e-01   1.2231003e+00   1.6564695e+00
   2.0000000e+00  -1.1331593e+00  -1.1096741e-01   1.8019346e+00   9.8749654e-01   3.4334125e-01  -5.6046576e-01
   2.0000000e+00   5.7910389e-01   7.5165117e-01  -8.5862675e-01   5.1595322e-01  -4.7637605e-01   1.6848577e+00
   2.0000000e+00   6.5607076e-01  -1.8359093e+00   1.5829738e+00   4.2489655e-01   1.2968045e+00   8.2237400e-01
   2.0000000e+00  -6.4446788e-01  -5.6054310e-02  -3.3573528e-01   1.3184883e+00   1.5966898e+00  -2.2708366e+00
   1.0000000e+00   3.1462948e-01   2.0416352e-01  -5.6283162e-01  -4.3729635e-01  -1.6909650e+00   1.6675839e-01
   1.0000000e+00  -8.9151860e-01   4.2481384e-01   7.5016641e-01  -6.0973892e-01  -8.9353140e-01   2.5527143e-01
