   2.0000000e+00   1.0016614e+00  -7.2869838e-01   1.2850860e-02  -1.2707448e+00   1.1281906e+00   1.3951177e+00
   2.0000000e+00  -2.5150924e-02   8.5898083e-01  -1.8456503e+00  -6.1167582e-01  -9.7853352e-02   4.2831527e-01
   2.0000000e+00  -1.7161552e+00  -1.3229994e+00   9.0586555e-01   6.1738848e-01  -3.0176157e-01   4.3806649e-01
   2.0000000e+00  -8.3817814e-01   1.7053015e+00  -8.4437300e-01  -1.4381791e+00  -7.7485060e-01  -1.5051713e-01
   2.0000000e+00  -2.6574579e-01  -1.2124826e+00  -9.3193263e-01   1.9525918e+00   1.4680999e-01   2.2118676e-01
   2.0000000e+00   8.5643410e-01  -7.5163872e-01  -8.2915011e-01   7.9737075e-01  -1.0925677e+00  -7.4567709e-01
   2.0000000e+00  -2.2645939e-02   8.5994781e-01   1.4949490e+00   3.4115727e-01   1.6783597e+00   8.7882053e-01
   2.0000000e+00   1.0144035e+00   1.0773487e+00  -3.1505842e-01   2.5816269e-01   1.0277850e+00  -1.7504633e-01
   2.0000000e+00  -3.8019713e-01   1.6664906e+00  -7.4846282e-01  -2.3926991e-01   3.9573612e-01   1.1485097e+00
   2.0000000e+00  -9.2639322e-01   4.0936894e-01   8.0221143e-01   2.4512495e-02   1.2252246e+00   5.1196047e-01
   2.0000000e+00   1.0794303e-01  -2.9825908e-01  -1.3745735e-01  -1.7547194e+00  -1.3610261e+00  -3.6210337e-01
   2.0000000e+00  -1.0425214e+00  -1.3423725e+00   6.0381010e-01   1.4166743e+00   1.0960925e+00  -3.8219941e-01
   2.0000000e+00  -4.0447308e-01   5.6769024e-02  -5.2170884e-01   7.3074196e-01  -1.0860092e+00   1.3358550e+00
   2.0000000e+00   1.5567397e+00   6.7446995e-01   6.2407274e-01  -5.2535188e-01   5.1888491e-01   4.6515987e-01
   2.0000000e+00   1.2989524e+00   3.7856360e-01   2.1552523e+00  -2.3251797e+00  -1.6612165e+00  -1.8562574e+00
   2.0000000e+00   1.9849614e+00   1.8952526e+00  -1.6014715e+00  -4.3129090e-01  -7.6389453e-02  -2.0513322e+00
   2.0000000e+00   1.3605333e-01   2.3687120e+00  -1.2206718e+00   5.2984225e-02   7.6295689e-01   1.1173452e+00
   2.0000000e+00  -2.1694562e+00   4.2450999e-01  -1.0633610e+00   6.6489001e-01   8.2634037e-01   5.7309600e-02
   2.0000000e+00  -3.9868359e-01   1.1704057e+00   1.4774094e+00  -5.4992666e-01  -1.9047534e+00   1.3198859e+00
   2.0000000e+00  -1.3258130e+00   8.4622656e-01   2.4197071e-01   4.7034361e-01   2.9456248e+00   6.9225047e-01
   2.0000000e+00   7.2043295e-03  -2.1599430e-01  -7.6769782e-01   2.6511512e-01  -1.7417941e+00  -8.8480877e-01
   2.0000000e+00   1.4694701e-01  -2.2527644e+00   4.9950682e-01   7.2907102e-01  -2.2874243e+00  -1.1299792e+00
   2.0000000e+00  -2.3643567e+00  -3.7511395e-01   1.0059922e+00   3.4164045e-01   4.0422669e-01  -1.1971440e+00
   2.0000000e+00   2.1362443e-01  -2.1252548e+00   1.4000409e+00  -4.1669061e-01   1.6526119e-03  -1.1186484e+00
   1.0000000e+00  -3.7984750e-01  -5.4067818e-01   6.6945886e-01  -1.1757392e-01  -7.4763811e-01  -1.2413079e+00
   2.0000000e+00  -1.2699331e+00   5.3170971e-01  -1.2530615e+00  -1.4138103e+00   1.1083190e+00  -1.6854288e+00
   2.0000000e+00  -1.4032337e+00  -2.0839548e-01   2.7376285e+00   1.2534569e+00   1.7797847e+00  -5.0355109e-01
   1.0000000e+00   6.2983298e-02   1.3619572e+00   1.6972648e-01  -1.4051253e+00  -1.8136750e+00  -1.0249901e-01
   2.0000000e+00  -1.0307344e-01  -3.0675844e+00  -5.5624881e-02  -8.2564564e-01  -1.6905640e+00   1.0363207e+00
   2.0000000e+00   2.1705937e+00   8.9145069e-01  -1.6780083e-01  -9.8295600e-01   5.5974676e-01  -1.0507137e+00
   2.0000000e+00  -4.5288457e-01  -1.4664448e+00   1.1767273e+00  -1.6330902e+00  -3.6245579e-01  -4.9281660e-01
   1.0000000e+00  -5.7137882e-01   2.1719260e+00   2.4274503e-01  -5.3985246e-01  -3.4716607e-01  -3.7680234e-01
   2.0000000e+00   4.0859776e-01   2.5358386e-02  -2.9718268e-01  -9.5549079e-01   3.9138797e-01   4.1843307e-01
   2.0000000e+00  -2.5988023e+00   1.3225888e-02   8.0184864e-01   1.1712109e+00   9.3402584e-01  -3.8439891e-01
   2.0000000e+00   9.4575207e-01   1.3564219e+00   3.8239704e-01   1.1599256e-01   1.2163115e-01   9.9753807e-01
   2.0000000e+00  -4.8239755e-01  -1.2337769e+00  -1.0512515e+00  -9.5896919e-01   8.0391938e-01   1.1072217e-01
   2.0000000e+00  -1.6991707e+00  -1.5144456e+00   6.7657568e-01   8.5094290e-01   2.2966369e+00   4.0867375e-01
   2.0000000e+00  -5.2380121e-01   7.9141111e-01   1.0581825e+00  -1.1454596e+00  -2.7326805e+00  -9.3547729e-02
   1.0000000e+00   5.5691826e-01   2.4705364e+00   5.7024302e-01   2.8312257e-01  -1.2663762e+00   2.3021272e-02
   1.0000000e+00   1.9604049e-01   9.4257500e-01   3.3736199e-01   3.0566819e-01   7.0107607e-01   3.2454383e-02
   2.0000000e+00  -1.2320384e+00   5.5814082e-01  -8.5544642e-01  -2.1798393e+00  -9.0299499e-01   1.1442596e+00
   2.0000000e+00   9.1989208e-01   5.0806533e-01  -8.2957317e-01  -1.7374627e-01  -1.3286947e-01  -6.2418565e-01
   1.0000000e+00   3.6041110e-01  -3.0389657e-01   2.8721751e-01   1.0263529e+00   7.5605739e-02   7.7773492e-01
   2.0000000e+00   1.1225677e-01  -1.7742751e-01  -4.2557565e-01  -1.9208886e-01  -5.8281435e-01  -1.1292023e+00
   2.0000000e+00   2.6280570e-01   1.8184681e-01   1.6435032e+00  -1.0586578e+00   7.9235893e-01   2.4355736e-01
   2.0000000e+00   1.7116881e+00   2.3933457e+00  -2.8750449e-02   6.6439168e-01   1.1060817e+00  -6.6104362e-01
   2.0000000e+00   7.3064492e-01  -1.7153693e+00  -3.9401619e-01  -1.2663067e+00   9.8232746e-01   3.6413029e-01
   2.0000000e+00  -1.4342388e+00   4.0895997e-01  -5.3323699e-01  -1.3043165e+00   8.4952263e-01  -3.8733978e-01
   1.0000000e+00   5.4860777e-01   3.2468886e-01   6.8374183e-01  -7.3921108e-01   1.7727902e+00  -1.1870971e-01
   2.0000000e+00  -9.4892968e-01  -1.0713247e+00  -7.7180466e-01  -3.0432336e-01   2.5130303e-01  -2.2142429e+00
   2.0000000e+00   4.0799463e-01   3.2950499e-01   1.4903793e+00   1.7300436e+00   8.6046119e-02   1.2061420e-01
   2.0000000e+00  -2.8165907e-01   2.0879483e-01   1.6410308e+00   3.4389601e-01  -3.3379599e-01   8.6202947e-01
   2.0000000e+00   4.2801155e-02  -7.7457680e-01  -1.1852136e+00   2.6070252e-01  -3.9810448e-01   1.7459818e-01
   1.0000000e+00   2.9519241e-01  -5.6830290e-02   1.2621043e-01   4.5070466e-01  -1.1001913e-01  -2.8428831e-01
   2.0000000e+00  -1.6639338e+00  -1.2810501e+00  -1.9491617e-01   8.3182223e-01   5.8278330e-01   1.5267560e+00
   2.0000000e+00   1.5733307e+00  -8.3529000e-01  -1.3944954e+00  -1.3822983e+00   5.9880635e-01   1.6250026e+00
   2.0000000e+00  -8.5156245e-01   2.5030345e-01  -1.7984662e-01  -6.2131018e-01   2.8973334e-01  -1.3870530e+00
   2.0000000e+00  -5.8158042e-01   5.3519030e-01  -7.0230060e-01  -1.5482062e-01   2.5841021e+00  -7.4239158e-01
   1.0000000e+00  -7.8288090e-02  -1.0681741e+00   5.1355319e-01  -6.3460072e-01  -3.4733318e-01  -1.0225154e+00
   2.0000000e+00  -1.9913085e+00  -1.9541644e+00  -8.3220158e-01   4.3898444e-01   4.1309581e-01   9.7325580e-01
   2.0000000e+00  -1.0417555e-01  -6.1591751e-01  -7.5705844e-01  -3.0522482e-01   6.5340950e-01  -1.2154145e+00
   1.0000000e+00  -5.9579838e-01  -9.8151373e-01   2.6464955e-01   2.3602319e-01  -1.7234912e+00   1.6839610e+00
   1.0000000e+00  -6.3217424e-01   5.1971863e-01   3.5895768e-01   1.1126071e-01   9.7555763e-01   2.1567387e-01
   1.0000000e+00  -1.7912532e-01   7.7300960e-01   4.0983591e-01   4.5018781e-01  -6.7744929e-01   1.2491216e+00
   1.0000000e+00   5.2343437e-01  -2.7026901e-01   4.5260007e-01  -5.5654709e-01   2.6294359e-01   1.4645616e+00
   2.0000000e+00  -4.6933645e-01  -1.4010401e+00  -1.5834619e+00  -8.1950594e-01   1.6998861e+00   1.4302476e+00
   2.0000000e+00  -9.6307527e-01  -2.9019966e-01   1.8474822e+00  -1.9923930e+00  -2.6666706e-01   4.9418062e-02
   2.0000000e+00  -6.5216688e-01  -2.0949615e-02  -2.4802481e-01   2.2009715e+00   1.7980140e+00  -8.4389584e-01
   2.0000000e+00   1.0100467e+00  -2.5841903e-02   5.2391109e-01   1.6409692e-01  -7.5754601e-01  -1.9023134e+00
   2.0000000e+00   1.1268337e+00  -2.0693536e-01  -1.5127035e+00  -7.2506430e-01  -1.7498020e-01  -6.0287123e-01
   2.0000000e+00  -7.0027699e-01  -8.5225818e-01  -6.8498212e-02  -1.1288851e+00  -7.7502874e-01   1.3675147e+00
   1.0000000e+00   8.4892327e-01   2.9950933e+00   4.1293737e-02  -1.4219990e+00   7.2170381e-01   9.2823674e-02
   2.0000000e+00   9.2979793e-01   1.0037344e-01   8.7337487e-01   4.2690454e-01  -6.6495246e-01  -1.4203990e+00
   1.0000000e+00   1.6557507e-01   4.6856938e-01   9.0434464e-02   5.6940184e-02  -7.3165268e-02  -1.3101376e+00
   1.0000000e+00  -5.9053335e-01   4.2676972e-02   4.5632734e-02  -4.1398187e-01  -7.7793246e-02  -1.7973510e+00
   2.0000000e+00   2.9451881e-01   1.3680994e+00  -4.9355867e-01  -2.7601392e-01   4.5543547e-01   5.4845759e-01
   2.0000000e+00   1.9334457e+00   1.0821139e-01  -1.1221490e+00  -1.1063189e-01   3.5098464e-01   4.7522210e-01
   2.0000000e+00   2.7122199e+00   2.6450741e-01  -1.6015374e-01   1.9107902e+00  -4.8072205e-02  -1.2000023e+00
   2.0000000e+00  -6.0441230e-01   1.5980524e+00  -7.8315721e-01  -2.3570690e-01  -1.1968050e+00  -1.4847806e+00
   2.0000000e+00   2.3215644e-01  -1.6267290e+00  -1.6325894e-01  -7.6654227e-01  -9.2184881e-02   8.9394192e-01
   2.0000000e+00  -9.2908301e-02  -8.7003905e-02   1.3017208e+00   2.8292036e-01   5.6204232e-02   6.6208590e-01
   2.0000000e+00   3.4502126e-01  -6.9566740e-01  -2.2688367e-01   8.7726740e-01  -9.6704456e-01  -4.7994798e-02
   2.0000000e+00  -1.8579969e+00  -1.1585493e-01   2.7029674e+00   1.8842465e+00  -1.3736167e+00  -7.8214876e-01
   2.0000000e+00  -1.5654807e-01  -7.5102059e-02   1.0520506e+00  -1.4688481e+00   8.9037116e-01   9.5850296e-01
   2.0000000e+00  -3.8346795e-01  -3.5942198e-01   2.6258363e+00   4.3445047e-01   8.9758911e-01  -8.2194683e-02
   1.0000000e+00   6.7401928e-01   7.4864460e-01   2.6997328e-01   1.0368758e+00  -1.3021945e+00   1.6421684e+00
   2.0000000e+00  -8.6877180e-01  -6.9942286e-01  -8.6268666e-01  -3.4355271e-01  -9.1262248e-02   1.3403927e+00
   2.0000000e+00  -5.0286909e-02  -9.3670332e-01   1.6375796e+00  -8.0761181e-01   9.5241670e-01   1.8527473e+00
   2.0000000e+00   9.7647974e-01   1.8120085e+00  -1.4254133e+00   1.6366660e-01  -1.0852548e-01   2.5657337e+00
   2.0000000e+00   5.4782818e-01   1.4153657e+00  -7.7029353e-01  -2.5605235e-01  -1.8499067e-02  -1.4379464e+00
   2.0000000e+00  -2.5173770e+00   1.1594317e+00  -2.6522551e-01   1.3209095e-02   4.3196228e-01  -6.0076983e-01
   2.0000000e+00   4.4764473e-01   2.5832908e+00   2.2140494e+00  -1.0839984e+00   8.6699636e-01   1.6401329e+00
   1.0000000e+00  -6.9892667e-02   1.9280924e+00   7.6516910e-02  -8.6024479e-01  -1.4285495e+00   6.6191575e-01
   2.0000000e+00   9.3615066e-01  -4.9157782e-01  -8.2399556e-01   3.3869718e-01   1.9383766e+00  -1.5806522e+00
   2.0000000e+00  -1.4484159e+00   8.6342917e-01  -2.2136465e+00   6.4406053e-01   2.1277047e+00   5.4456101e-02
   2.0000000e+00   6.0087233e-01   5.9516265e-01   1.0548461e+00  -1.3849123e-01   1.1131867e+00  -3.9101686e-01
   2.0000000e+00   1.4825421e+00  -6.9814238e-03   1.5261693e+00   1.4283413e-01  -1.0653924e+00   2.6299796e-01
   1.0000000e+00  -5.5928060e-01   1.3156015e+00   1.5658044e-01  -4.2830451e-02  -4.7740931e-01  -8.6736830e-01
   2.0000000e+00   4.3609514e-01   1.0508780e+00  -3.9522534e-01  -2.0605906e+00   8.1032488e-02   2.8325931e-01
   2.0000000e+00  -2.3268194e+00   1.1142194e+00  -1.1813052e+00  -9.6419411e-01  -7.3613168e-02  -1.3024250e+00
   2.0000000e+00  -8.2136114e-01  -1.1391572e+00  -1.0746538e+00  -5.1012571e-01  -5.9732883e-01   7.4793305e-01
   2.0000000e+00   8.9109936e-01   4.8207686e-01   7.5376280e-01   1.8368253e+00   3.3280737e-01   1.2028725e+00
   2.0000000e+00   3.1028067e-01  -1.2950534e+00  -5.4066984e-01  -1.0440899e+00   6.7306403e-01   1.4985240e-01
   2.0000000e+00   7.0052134e-01  -3.7067280e-01  -3.4242811e-01   1.3904539e+00   1.6478586e-01  -7.8812930e-01
   1.0000000e+00  -1.7887280e-02  -4.3847740e-01   6.8630485e-01   6.7710938e-01   2.9329860e-01  -2.7236381e+00
   2.0000000e+00   1.3387148e+00   9.1234059e-02   2.1451476e-01  -2.5700326e-02   9.7027010e-01   6.6802322e-02
   2.0000000e+00  -1.4653742e+00  -6.4279733e-01   3.7831698e-01  -6.1521376e-01  -1.0303428e+00  -8.1712504e-01
   2.0000000e+00   1.5016199e+00   1.8607369e+00  -5.4658908e-01  -1.5579948e+00  -3.8444354e-01   6.0938903e-01
   2.0000000e+00  -7.2862666e-01  -1.1533715e+00  -1.2582796e+00   1.9915051e-01  -4.4126445e-01  -4.6053142e-01
   2.0000000e+00   5.4253281e-01   4.2896377e-01   8.2409337e-01  -1.1337853e+00   2.0484605e+00  -1.8042564e+00
   2.0000000e+00  -9.4124287e-01   7.3118363e-01   7.5022158e-01  -1.6229689e+00   1.5175820e+00   5.6883264e-01
   2.0000000e+00  -3.2343189e-01  -4.9476019e-01   2.0524418e+00  -1.2999816e-02  -2.7988504e-02   2.3880902e-01
   2.0000000e+00  -1.2018534e-01   3.6629735e-01  -3.8284124e-01   7.6901599e-01  -6.0406034e-01  -3.4853241e-01
   2.0000000e+00   6.6633113e-01   1.2156532e-01  -7.7951759e-01  -5.4057644e-01   9.5139445e-01  -3.9278993e-01
   2.0000000e+00   1.5036277e+00  -1.6707154e+00  -1.4960962e-01   3.8222693e-01   1.0690783e+00   2.0638649e-01
   1.0000000e+00  -7.6163248e-01  -1.2826213e-01   5.4193247e-01   1.6772585e-01   1.4811392e+00   1.6122748e+00
   2.0000000e+00  -7.5529080e-01   2.0579390e+00   7.9292856e-01   2.2455634e+00   4.1041280e-01   2.4472932e+00
   2.0000000e+00   2.1679388e+00  -1.0071164e+00  -7.8370397e-01   1.1739620e+00   5.7519846e-01   1.4736969e+00
   1.0000000e+00   5.9930373e-01  -1.4279326e+00   2.9299509e-01  -1.1788952e+00  -8.9060621e-01  -2.0321952e+00
   2.0000000e+00   9.5279790e-01   1.1441090e-01  -5.4720834e-01  -1.3016952e-01   8.3754888e-01  -5.3290864e-01
   1.0000000e+00   1.8064935e-01  -5.2501255e-01   4.0419945e-02  -2.9618769e-01   1.6064464e+00  -2.7486071e-01
   2.0000000e+00   1.0683388e+00   1.7228409e+00  -4.8790742e-01  -6.8650015e-01   5.8412762e-01   8.6583261e-02
   2.0000000e+00   3.6022282e-01  -4.7478206e-01  -5.6172543e-01   1.5687879e-01  -1.3490767e+00   1.6517301e+00
   2.0000000e+00   1.2233852e+00  -1.5717307e+00   6.1975666e-01   4.7693858e-01  -1.0107436e+00  -4.5573379e-01
   2.0000000e+00   6.1221294e-01   4.1777983e-01  -5.4940252e-02   3.1400513e+00  -4.3001314e-01  -1.4609658e+00
   2.0000000e+00   1.3389150e+00  -5.0424135e-01   1.3940196e-01   3.3030445e-01   1.5970187e+00  -6.4560443e-01
   2.0000000e+00   6.8849471e-01  -2.0424301e+00  -8.5729787e-02  -9.8960854e-01  -8.3182548e-01  -1.3072564e-01
   2.0000000e+00   4.5750329e-01   6.0213249e-01   1.0759884e+00  -3.7833436e-01   7.7432571e-02  -6.6748363e-01
   1.0000000e+00   6.0756087e-01  -8.1976663e-02   5.8360319e-01   8.3587361e-01  -2.3027899e-01  -1.3470453e+00
   2.0000000e+00   6.1720435e-01   1.0892976e-04   2.7123735e+00  -1.1384562e+00  -2.9831315e-01  -5.7045804e-01
   2.0000000e+00   3.4411246e-01  -1.0186980e+00  -2.1999194e-01  -1.8243888e-01  -3.0218451e-01  -1.7934058e+00
   2.0000000e+00   1.6090834e+00   7.5348992e-01  -7.5625984e-01   7.8476849e-01   4.6326415e-01  -1.8888110e+00
   1.0000000e+00   4.1206681e-01  -8.4228163e-02   4.9346481e-01  -1.5154090e-01   1.4529828e+00  -7.6755646e-01
   2.0000000e+00   6.4639915e-01   7.3787303e-01  -5.8374116e-01   6.7433367e-01  -1.6471343e-01  -6.6609365e-01
   2.0000000e+00   8.1350903e-01  -1.1523075e+00  -1.7052491e-01  -7.2212465e-01  -6.4659470e-01  -1.5304045e+00
   2.0000000e+00   1.4577545e+00   1.9969207e+00  -3.9723708e-01  -3.2459333e-01   2.3639872e-01   3.1886772e-01
   2.0000000e+00  -1.3673705e+00  -4.4927559e-01   9.8145135e-01  -1.5896728e+00   1.2132633e-01  -2.4502610e-01
   2.0000000e+00  -1.3047207e+00   6.1120644e-02  -2.3961955e-01   1.9549977e-01  -6.3701495e-01  -2.8748037e-01
   2.0000000e+00  -3.0487767e-03  -7.7890292e-01  -1.5932840e+00   1.0435549e+00   5.9032587e-01  -5.9265300e-01
   2.0000000e+00   3.1817078e-01  -2.5950866e+00   1.3623138e+00   2.7008861e-01   1.4605086e+00  -1.0404168e+00
   2.0000000e+00   5.4280963e-01   2.6774066e+00  -1.4474059e+00   1.1347343e+00  -2.9377952e-01   1.0935313e+00
   1.0000000e+00  -1.9919420e-02   7.3207967e-02   1.4281026e-02  -5.7104078e-01  -8.1053159e-01  -8.4155030e-01
   2.0000000e+00   1.8325159e+00  -1.0347042e+00   5.8553894e-01   1.9102196e-02  -2.2705696e+00  -1.7570908e+00
   2.0000000e+00  -1.1786951e-01  -2.2344092e-02  -2.3028666e-01   9.2612753e-01   6.9237208e-01  -6.9190584e-01
   2.0000000e+00  -4.7351177e-02  -4.0485343e-01  -5.1539610e-02  -1.6752999e+00  -4.5978839e-01  -1.0782941e+00
   1.0000000e+00  -1.8549872e-01   3.3102902e-01   1.3405412e-01   1.5299883e-01   1.3855637e+00   9.4924457e-01
   2.0000000e+00   2.2987244e+00  -7.8744856e-01  -4.1818395e-01  -1.3369420e+00   1.7369194e-01  -2.0249254e+00
   2.0000000e+00   1.0723989e+00  -6.5074772e-01  -5.3229704e-01   1.0565887e+00   3.4613599e-01  -1.4229507e-01
   2.0000000e+00  -5.6525979e-01  -6.4730228e-01  -3.6497274e-01   2.1973557e-01   1.4854278e-02  -3.8724293e-01
   1.0000000e+00   7.3526600e-02  -1.0928370e+00   3.4674677e-01  -2.9964538e-01  -1.6054876e+00   1.2823560e+00
   2.0000000e+00   7.0000539e-01  -9.4552815e-01   1.3251795e+00  -6.5415853e-01   9.4320825e-01  -7.5822127e-01
   2.0000000e+00   6.9700119e-01  -1.1389834e-01  -2.0624961e-01  -1.8739937e-01   6.2006852e-02   1.2171409e+00
   2.0000000e+00  -2.1433288e+00   1.0779352e+00  -1.1939582e+00   6.4110828e-01  -6.3295523e-01   1.3266457e-01
   2.0000000e+00   8.5300077e-03  -1.8111206e+00  -8.9357349e-01   2.5062534e+00   4.7614692e-01  -8.1141489e-01
   1.0000000e+00   5.4840772e-02   6.8524867e-01   5.9627279e-01  -1.4368076e+00  -1.6931601e+00   8.9085729e-01
   2.0000000e+00  -2.5154481e-01   1.6681494e+00   9.9844230e-01   4.1274975e-01  -9.4247396e-01  -1.5641474e-01
   2.0000000e+00   6.0692124e-01  -6.0918263e-01  -1.1700510e+00   8.5641934e-02  -1.7466535e+00   3.9219630e-02
   2.0000000e+00   9.0553138e-02   5.1891451e-01   1.1915240e-01   2.2524434e+00   2.1184888e+00   4.9292590e-01
   2.0000000e+00  -2.1764846e+00  -2.0588404e-01  -1.0409621e+00   7.4924718e-01  -5.7715400e-01  -1.0049071e+00
   2.0000000e+00   1.8554914e-01  -2.6234531e+00  -3.2992956e-03  -9.5749313e-01  -1.7267243e-01  -1.9331567e+00
   2.0000000e+00  -2.0695467e+00   3.3192665e-01  -3.3519864e-01   7.6007998e-01  -8.9142199e-01  -7.1172976e-01
   1.0000000e+00   1.9729200e-01  -9.7467633e-01   9.2512254e-01  -1.0403428e+00   4.9655179e-01  -1.1545175e+00
   2.0000000e+00   1.5906989e-01  -7.1067770e-01   1.2667244e+00   8.4968737e-01   1.3101426e+00  -1.4410985e+00
   2.0000000e+00   1.2844292e+00  -1.2871270e+00  -6.1056266e-01  -1.7900860e+00   1.1334538e-02  -8.1544363e-01
   2.0000000e+00  -1.2945618e+00   6.1665591e-02   6.4327511e-01  -4.1479952e-01  -8.5989648e-01   1.5051885e+00
   2.0000000e+00   2.7400521e-02   6.0025088e-01  -9.4090101e-01   3.4612264e-02   1.0931185e+00  -1.5519850e+00
   2.0000000e+00  -2.3489234e+00  -1.0818101e+00  -4.0069141e-01   1.0764486e+00   1.6131881e+00  -1.4108642e+00
   2.0000000e+00   7.1935200e-01  -2.2879437e-01   6.9558910e-01  -1.2887025e+00   4.0003622e-01  -1.1225094e+00
   2.0000000e+00   1.2565709e+00  -5.1789690e-01  -2.1054962e-01   3.6917377e-01  -1.7640202e+00  -2.9279664e-01
   2.0000000e+00   1.9788841e-01   7.1331189e-01  -9.7071055e-01   1.3294106e-01  -6.7836143e-01  -6.4736776e-01
   2.0000000e+00  -8.6733900e-01   4.9861099e-01  -3.0647759e-02   1.2938839e+00   1.2751970e+00   1.3978310e-01
   2.0000000e+00  -1.0734914e+00  -2.8284949e-01  -1.2237497e-01  -1.3511291e+00   5.6236895e-01  -1.0256302e-01
   2.0000000e+00  -2.6356717e-02   2.6592082e-01  -4.3374622e-01  -1.9290911e-01  -6.0489746e-01  -3.8387334e-01
   2.0000000e+00  -6.8244062e-01  -6.2281450e-01  -3.4258968e-01  -5.8413437e-01  -1.0948991e-03   1.9505265e+00
   2.0000000e+00   3.0475037e+00   3.6784309e-01  -1.5539956e+00  -8.1248198e-01   5.3653404e-01   1.2040475e+00
   2.0000000e+00   4.1779802e-01  -9.3166482e-01  -9.5699868e-01  -1.2672295e-01   7.8873846e-02  -1.8236597e+00
   1.0000000e+00  -1.7927795e-01   6.0432581e-01   5.6666399e-01  -3.7548874e-01   1.2021994e+00  -9.7072034e-01
   2.0000000e+00  -4.4709270e-01  -3.8974930e-01  -1.2327900e-01   8.6283272e-02   1.7770633e-01   3.5310625e-01
   2.0000000e+00  -4.1269405e-01  -4.6683931e-02  -8.6579626e-01   7.5550946e-02  -2.5777978e+00  -1.9974714e+00
   2.0000000e+00   1.6274537e+00   8.6472904e-01   2.5326822e-02  -3.2092348e-01  -5.3824834e-01   6.8029892e-01
   2.0000000e+00  -5.9181326e-02   3.1940475e-02  -6.2998565e-01  -2.2629390e-01  -2.0262591e+00  -3.4185833e-01
   2.0000000e+00  -8.0585883e-01  -4.6087868e-01   7.3351253e-01   3.7073463e-01  -5.6176028e-01  -6.3361556e-01
   2.0000000e+00  -7.8598557e-01   1.2716935e-01  -8.0991586e-01   1.9938437e+00   9.7238234e-01  -8.1962945e-02
   2.0000000e+00   9.0168635e-01   2.5865058e-01  -3.4045594e-01  -4.1550796e-01  -2.0827956e-01   6.5560713e-02
   1.0000000e+00   9.1308961e-01   3.3148322e-01   2.6097316e-01   1.3946450e+00   1.0117563e-01   2.1484369e+00
   2.0000000e+00   1.4921470e+00  -5.5825663e-01   1.0524143e+00  -4.8525643e-01   6.2655724e-01  -1.5322481e+00
   2.0000000e+00   1.8264422e-01  -9.3200259e-01  -1.6116654e-01   8.5309893e-01   1.5452459e-01   1.0306323e+00
   2.0000000e+00   6.9287365e-01   9.4907238e-01  -1.6725734e-02   8.8042259e-01   1.2183965e+00  -3.8632383e-01
   2.0000000e+00  -6.6005533e-01  -4.0258279e-01  -1.7628483e-01  -1.1305308e+00  -1.3352588e+00  -4.1634587e-02
   2.0000000e+00   2.6150599e-01   2.5048175e-01  -6.3581793e-02  -8.7557616e-01   1.3017371e+00   9.8441258e-02
   2.0000000e+00  -4.5116739e-01  -1.9273921e+00  -2.5278509e-01  -7.8409542e-01  -1.6186947e+00   7.2941790e-01
   2.0000000e+00   1.6179943e-01   1.0376305e-01  -9.7792992e-01  -5.8623390e-01  -1.7183616e+00   3.4284732e-01
   2.0000000e+00  -6.2525862e-02   1.4758493e+00  -4.9430969e-01  -2.2103995e-01   4.4529063e-01   1.0173153e+00
   1.0000000e+00  -8.8732232e-01  -3.6584763e-01   2.5652253e-01  -2.2960097e+00  -6.2377644e-02   5.3281149e-01
   1.0000000e+00  -4.7051864e-02  -8.3146818e-02   4.2672242e-01   8.0035747e-01   1.8978646e+00   9.4506902e-01
   2.0000000e+00  -6.6959187e-01   8.3227397e-01   1.2432728e+00  -2.3418630e-01   8.3339229e-01  -3.5144626e-01
   2.0000000e+00   8.4390259e-01   1.3029143e+00  -6.7001006e-01  -1.6407934e+00  -9.2680451e-01  -5.8475623e-01
   2.0000000e+00   4.0869275e-01   1.2281163e-01  -1.4429717e+00   8.6655060e-01   6.4485908e-01   3.2498821e-01
   1.0000000e+00  -5.6072844e-01   1.2480666e+00   5.2386426e-01  -5.7035658e-01  -9.7983354e-01   8.7751754e-01
   1.0000000e+00  -1.3763403e-01  -5.4617191e-02   1.0096310e-01  -1.4881210e+00  -1.9553676e+00  -3.0476355e-01
   2.0000000e+00   1.0400783e+00  -1.3317604e+00   2.4604791e-01   1.4033668e+00   4.1713685e-01   1.4254612e-01
   1.0000000e+00   3.5619948e-01  -3.1251401e-01   6.3951119e-01   1.4780520e+00  -1.6314454e+00   1.5117833e+00
   2.0000000e+00  -6.3505482e-01   2.8049289e-01  -2.2601527e-01   1.1618640e-01   1.3135273e+00   7.5448418e-01
   2.0000000e+00   1.1078420e+00   1.3134540e-01   2.5557518e-01  -1.3996142e+00  -1.1633612e+00  -8.0435504e-01
   2.0000000e+00  -1.5915972e+00  -1.3417290e-02   9.1848169e-01   1.4219824e-02  -4.0064790e-01  -1.6238124e-01
   2.0000000e+00  -1.9681218e+00  -3.5767071e-02   1.4074022e-01  -6.0516231e-02  -9.9859994e-01   7.0369902e-01
   2.0000000e+00   8.6043108e-01   5.7290943e-01  -9.9582777e-01  -1.5022016e+00   1.2237340e+00  -1.3416415e+00
   2.0000000e+00  -2.8248599e-01  -1.1574477e-01  -8.9694387e-01   1.1711692e+00  -3.5692421e-01   9.1821534e-02
   2.0000000e+00  -2.8526036e-01  -2.1199673e+00  -6.4360055e-01  -3.9590216e-01   1.9887124e-01   8.6820909e-01
   1.0000000e+00   9.1343802e-01  -1.6005157e-01   1.3367157e-01   7.3828586e-01   8.1937762e-01  -1.5499467e+00
   2.0000000e+00  -1.6238443e+00  -5.6360054e-01  -1.1431692e+00   2.0202283e-01  -4.4209451e-01  -1.5480052e+00
   2.0000000e+00  -5.2128873e-02   6.9540934e-01  -3.5362362e-01   8.3938378e-01   1.7672299e+00   7.4547672e-01
   1.0000000e+00  -5.4289861e-01  -5.2624356e-01   3.9131678e-01  -4.4750248e-01   5.9516873e-01   2.8253220e-01
   2.0000000e+00   4.6641761e-01  -1.7880874e+00  -1.3263816e+00  -1.1453845e+00  -4.0126478e-01  -2.8843985e+00
   2.0000000e+00   1.2013762e+00  -6.2659740e-01  -6.8977288e-01   7.5526654e-01  -1.1349912e+00  -8.2873230e-01
   2.0000000e+00   1.6438336e-01   2.2836672e-02   1.1231959e+00  -1.6929866e+00   9.3398699e-02  -5.6312969e-01
   2.0000000e+00  -1.1959274e+00   1.7063897e+00  -4.3954808e-01  -1.0659360e+00  -7.4642861e-01  -7.2323454e-01
   2.0000000e+00  -1.0939648e+00   2.8499275e-01  -5.3360058e-01  -1.5473403e-01  -1.5817212e-01   2.4675040e+00
   2.0000000e+00  -5.1386004e-01   2.7139882e-01   1.5515063e+00  -7.5246452e-01   1.8583938e-01  -3.8480970e-02
   2.0000000e+00   7.2869024e-01   6.4731591e-01   4.5778453e-01  -1.7041201e-01   2.3849532e+00  -2.3939156e-01
   2.0000000e+00   1.9343887e-01   1.3795202e+00  -1.3064008e+00   7.7375278e-01  -2.3987953e+00   7.9445366e-01
   2.0000000e+00  -3.9347257e-01   2.2269612e+00  -4.5920101e-03  -1.4580216e+00   1.1156417e+00  -1.7933780e-02
   2.0000000e+00  -1.1122749e+00  -3.8496522e-01   9.0375585e-02  -2.5417787e-01   4.1641772e-01  -1.4455231e+00
   1.0000000e+00  -1.4479243e-02  -1.8299076e+00   7.3183351e-01   1.4847419e-01   1.3709898e+00   1.0928718e-01
   2.0000000e+00   3.1908697e-01  -8.2823602e-02  -1.0880111e+00   9.8670681e-01  -3.4594169e-02  -7.1347728e-02
   1.0000000e+00  -2.7907890e-01  -2.1407253e-01   9.4586729e-01  -6.0422975e-01   1.0324838e+00   2.1409653e+00
   2.0000000e+00  -4.7981234e-01  -3.7665360e-01  -4.3136445e-01   2.8719946e-01   5.8379312e-01  -3.6914789e-01
   2.0000000e+00  -1.3703528e+00  -1.7755410e+00   1.1714487e+00   6.1496023e-01   1.6229393e-01   8.4349358e-01
   2.0000000e+00   2.1488603e-01  -1.4867421e+00   1.0780440e+00   1.0918408e+00   9.5674008e-02   6.2962209e-01
   2.0000000e+00  -4.0624146e-01  -3.7025918e-01   1.8116304e+00   9.7920274e-01  -1.0082398e+00   3.1706239e-02
   2.0000000e+00  -6.3173725e-01  -1.0242297e+00   2.0293486e+00  -2.8772818e-02   1.3477289e-02   7.3392513e-01
   2.0000000e+00   1.6361129e+00   1.5127189e+00  -9.9159011e-01   1.2800642e+00  -4.3896287e-01   8.5680914e-01
   2.0000000e+00   1.8118262e+00   1.4615169e+00  -3.3567520e-01   1.2549645e+00  -1.5344318e-01   4.8888362e-02
   1.0000000e+00   8.4765089e-01   1.4527281e+00   4.8630063e-02  -8.4075590e-01   1.1551078e+00   3.3186227e-01
   2.0000000e+00  -1.5397183e+00   8.1031011e-01   2.6385606e-01   3.0258729e-01   1.5205280e+00  -3.3581899e-01
   2.0000000e+00  -1.2768774e-01   1.0328339e+00  -3.7422168e-01   7.9310098e-01   5.5550843e-01   1.0279525e+00
   2.0000000e+00   5.2651518e-01   1.4062426e+00  -9.8168854e-01  -4.9529946e-02  -5.0442673e-01  -3.2660302e-01
   1.0000000e+00   6.0328510e-01  -1.6968110e+00   5.6893128e-01   1.3871156e+00   1.3196418e+00   3.3813702e-01
   2.0000000e+00   9.7781644e-01   2.1877951e+00   9.3075698e-01   2.7950340e-01   1.3087444e-02  -8.7901332e-01
   1.0000000e+00   4.6965383e-01  -2.5484427e-01   6.3891478e-01  -1.4176630e+00  -8.1223650e-01  -1.0568799e+00
   2.0000000e+00   1.4822403e-01  -7.6147464e-01  -2.2377389e+00   7.4202879e-01   1.4763244e+00  -1.3508318e+00
   1.0000000e+00  -1.8766356e-01  -2.1661481e-02   1.6371069e-01   4.5504782e-01   1.1231247e+00  -7.9758198e-01
   2.0000000e+00  -1.7979732e+00   1.1169721e-01   5.3843821e-01   9.9000718e-01   9.5853707e-01   1.1445135e+00
   2.0000000e+00  -8.2788617e-01  -4.1385637e-01  -1.6880949e-01  -6.4368275e-01   9.6938560e-01  -1.8943770e+00
   2.0000000e+00   8.8472046e-01   3.0707444e-01  -1.3632023e+00   6.6825521e-01   7.5784438e-01  -1.6903166e+00
   2.0000000e+00   1.0139368e+00  -1.5827974e+00   7.1217549e-01  -8.8814704e-01   2.4130107e-01   1.8855696e+00
   1.0000000e+00  -7.2367963e-01  -2.3960286e-01   5.7992008e-01  -4.3323496e-01   1.3929003e-01   7.4176116e-01
   2.0000000e+00  -1.1617923e+00   1.1193602e+00   1.0242242e+00  -1.9450557e-01  -5.7448907e-01  -2.7621539e-01
   2.0000000e+00   2.0276694e-01  -3.6153949e-01  -1.8467978e+00   4.5723671e-01  -3.6295801e-02  -1.1857033e+00
   2.0000000e+00   2.0902438e-01   2.6653232e-01  -2.3639158e+00  -2.0819044e+00  -3.4481667e-01   1.4599366e+00
   2.0000000e+00   5.2590032e-01  -6.1476222e-01  -8.3497017e-01  -1.9901042e+00   3.7867336e-01  -1.3556023e+00
   2.0000000e+00   1.0519679e+00  -6.9389890e-01   3.7886197e-01   1.2456812e+00   3.7051785e-01  -2.7755828e+00
   1.0000000e+00   4.4675182e-01  -2.7487144e-01   1.2236519e-01  -2.2719953e-01   4.6137957e-01  -1.5002491e+00
   2.0000000e+00   1.0604310e+00   1.5843751e+00  -1.2923426e+00  -9.0526996e-01  -3.2245372e-01   5.5090719e-01
   2.0000000e+00  -1.0452355e-01  -7.9369336e-02  -4.7932579e-01  -9.3000077e-02   4.7526170e-01   1.1570367e-01
   2.0000000e+00   8.9289822e-01   7.9694808e-01   6.5879913e-01   6.3553238e-01   1.5475913e-02   5.3558059e-01
   2.0000000e+00  -1.0286118e-01  -5.0585936e-01  -1.1696132e+00  -1.7973928e-01   3.4598672e-01   2.0650857e-01
   2.0000000e+00  -1.5583001e-01  -7.3026494e-02   1.5779759e+00   2.2053014e-01   6.7539934e-01   2.0603510e+00
   2.0000000e+00  -1.9103808e+00  -1.3609720e+00   1.6304137e-01  -1.1350710e+00   5.2571630e-01  -1.8551831e+00
   2.0000000e+00  -8.7181933e-01   2.9903808e-01  -1.2551268e+00   1.8338912e+00   3.4354851e-01   4.4621995e-01
   2.0000000e+00   1.0533277e+00   1.3460423e+00   5.6399271e-01   7.6950794e-01  -2.1256474e+00  -4.0905366e-01
   2.0000000e+00   3.4453025e-01  -6.2359813e-01   1.3823548e+00  -1.5877503e+00   1.2802796e+00  -6.8482935e-01
   2.0000000e+00   2.5596594e-01   1.1325618e+00  -8.0352383e-01   1.0890204e+00   4.3826833e-01   4.4651473e-01
   2.0000000e+00   8.2342773e-01  -1.4512853e-01  -4.3467086e-03  -2.4439359e-01  -3.7746558e-01   5.1761927e-01
   2.0000000e+00  -5.4021974e-01   1.2390006e+00  -1.9768410e-01  -1.2629313e+00  -1.0864523e-01  -3.9571889e-02
   2.0000000e+00  -1.3814797e+00  -4.1318523e-01   9.0333544e-02  -1.7657107e+00   1.2054183e+00   4.4048750e-01
   2.0000000e+00   1.0630725e+00   9.2087888e-01   1.5733636e+00  -5.0676199e-01   1.6577529e-01   1.1913911e+00
   2.0000000e+00   4.1095449e-01  -9.6531542e-01   1.8433958e+00   4.9483459e-01  -3.8616187e-01  -1.4492750e+00
   2.0000000e+00  -1.3795975e+00  -7.4453319e-01   2.6318365e-01   1.0228374e+00   6.7838098e-01   6.8580420e-01
   2.0000000e+00  -1.5431863e+00  -2.0166635e-01  -1.5527997e+00   1.2743165e+00   1.1870112e+00   1.1995156e+00
   1.0000000e+00  -6.5562720e-02   9.0008837e-01   2.3761421e-01   1.2244131e+00   1.3900565e-01  -7.4330644e-01
   2.0000000e+00  -1.0061484e+00   6.7189949e-02   2.2895166e+00   5.7133955e-01  -1.3152043e-01  -1.3505385e+00
   2.0000000e+00   6.6017735e-01  -4.5228382e-01  -9.0704995e-01  -6.0573218e-02   2.2869887e+00  -1.0415535e+00
   2.0000000e+00   6.2685377e-01   1.4228913e-01   7.2403069e-01  -6.2505549e-01  -2.1925998e+00   7.5088266e-02
   2.0000000e+00  -1.0877761e+00  -1.5830254e+00   9.7758095e-01  -7.1638221e-01   7.8204561e-02   3.1972821e-01
   2.0000000e+00  -1.9748724e-01  -9.7549430e-02   1.1147908e+00   7.4960272e-01  -1.3541212e+00  -9.7017659e-01
   2.0000000e+00  -7.4815684e-01   4.8921373e-01   9.6457830e-01  -1.7014514e+00  -1.7873721e+00  -1.2016810e+00
   2.0000000e+00  -4.3077164e-01   1.6279201e+00  -1.8647537e+00  -9.8784812e-01  -1.4173408e+00   6.8561767e-01
   1.0000000e+00  -5.3170579e-02  -2.8212533e-02   4.0455993e-01   2.9248196e-01   1.7285955e+00  -1.1677385e+00
   2.0000000e+00  -7.3874001e-01  -2.7427517e-01  -5.3837171e-01  -1.0562510e+00  -1.3848273e+00   3.2752176e-02
   2.0000000e+00   2.7744027e+00   6.1040304e-01   1.1876645e+00   1.3793018e+00   3.7676923e-01  -2.1873038e-01
   2.0000000e+00   1.2605009e+00   4.2264665e-01   9.0983627e-01   3.6842162e-01  -2.1144145e-01  -8.1318659e-01
   2.0000000e+00   2.5196926e+00   1.7601691e+00  -6.4974298e-01  -4.1508282e-01  -6.3858438e-01  -5.6199296e-01
   2.0000000e+00  -1.0071727e+00  -4.6068346e-01   1.5142498e+00  -2.1400757e+00   1.2917417e+00  -8.0263814e-01
   1.0000000e+00  -1.9332188e-01   1.9342413e+00   1.7655765e-01   6.8454984e-01   5.4474288e-01  -4.9976832e-01
   1.0000000e+00  -2.9960935e-01   7.5127923e-02   5.8643130e-01  -2.2363721e-01   2.8300832e-01  -9.7167415e-01
   1.0000000e+00  -7.5197977e-01   8.5954108e-01   2.8270944e-01   1.9092573e+00   6.1684847e-01  -3.2852507e-01
   2.0000000e+00  -2.5782248e+00  -6.9402470e-02   6.5264857e-01   3.0660214e-02   1.6535655e+00   1.4843916e+00
   2.0000000e+00   1.9783302e-01  -2.8754621e-01  -1.5855720e+00   4.8555746e-01   1.0983964e+00   6.1194063e-01
   2.0000000e+00   1.4328089e-02  -9.1929818e-01  -5.2593946e-01  -9.3625869e-01  -4.8850074e-01  -8.0878327e-01
   2.0000000e+00   4.1971324e-01  -1.8058537e+00   9.2926548e-01   6.6531367e-01  -6.2740617e-01  -1.1408445e+00
   2.0000000e+00   1.1270318e+00   3.4839342e-01  -2.0875276e-01   2.5068734e+00   1.3177009e-01  -2.0751591e-01
   2.0000000e+00   2.8799591e-01   1.7512055e-01  -4.3675133e-01  -1.3940319e+00   4.7334927e-01   6.8045248e-01
   2.0000000e+00   1.5408745e+00   1.6436352e+00   6.8613409e-01   5.9312840e-02  -5.4544868e-01  -1.0018174e+00
   2.0000000e+00  -5.1070100e-01   3.1761532e-01  -3.2737697e-01  -9.2733137e-01   3.4510681e-01  -2.0187313e+00
   2.0000000e+00   9.4605096e-01  -7.1751364e-01  -2.5361106e-01   5.6477994e-01  -1.3912728e-01  -2.7148222e-01
   2.0000000e+00   4.1316131e-01   3.7316711e-01  -1.5875965e+00  -2.4617558e-01  -2.5262754e-01  -1.6630613e+00
   2.0000000e+00  -2.6658577e-01   1.6551690e+00  -1.1948371e+00   3.8415946e-01   1.0765316e+00   5.1903345e-01
   2.0000000e+00  -9.3354644e-01  -3.9468715e-01  -1.1961970e+00  -4.6762963e-01   1.7881822e+00  -1.1805566e+00
   1.0000000e+00   1.5639770e-01  -1.1846869e+00   4.2938472e-01  -5.4949876e-01   9.2950546e-01   1.0320132e+00
   2.0000000e+00   1.9628500e+00   1.1745730e-01   3.0310713e-01  -1.2346564e+00   4.9569910e-01   1.7500612e+00
   1.0000000e+00   3.3875277e-01  -1.2817541e+00   8.8800781e-01   2.1847921e+00   1.3177928e-01  -1.8951125e+00
   2.0000000e+00   1.2383752e+00   3.9079717e-01   3.1996386e-01   4.1527068e-01   5.7068464e-01   6.2235544e-01
   2.0000000e+00   9.4580462e-01  -9.9906587e-01   4.3795006e-01  -1.1169891e+00  -1.2070635e+00  -1.7601863e+00
   2.0000000e+00  -3.1946835e-01  -1.2305442e+00  -1.8040793e-01  -3.2148566e-01   1.3347220e+00  -8.5642524e-02
   2.0000000e+00  -1.8403316e+00  -3.5613216e-01   3.3298945e-01   3.6141844e-03  -1.7539287e-01   1.6540224e+00
   2.0000000e+00   1.6605602e+00   2.9937574e-01   2.5919847e+00   1.1439880e-01  -1.5918732e-01   1.3354586e+00
   2.0000000e+00  -1.2009821e+00   3.3367170e-01  -5.2377789e-01   7.5837696e-01   7.2495177e-01  -6.8898489e-01
   2.0000000e+00  -9.7950158e-01  -4.8861986e-01  -1.1390550e+00  -9.6027660e-01  -2.1660045e+00   8.9787205e-01
   2.0000000e+00  -5.4493093e-01  -1.9043218e+00  -1.1271989e+00   5.3962715e-01  -8.2522619e-01  -1.2609261e+00
   2.0000000e+00  -2.2194105e+00   4.6748262e-01  -5.9651065e-01  -1.3422682e+00  -2.5005800e-01  -2.4409671e+00
   2.0000000e+00   1.8845884e+00   6.7741335e-01  -4.5562335e-01   3.9869132e-01  -1.3373137e+00   1.0506933e+00
   2.0000000e+00  -1.6690553e-01   9.6374587e-01   1.7426700e+00   6.6921726e-01   1.8879020e+00   1.8251738e-01
   2.0000000e+00  -2.3448675e+00   1.6763321e+00  -1.0224588e+00  -3.2163838e-01   6.5290455e-02   1.4025241e+00
   2.0000000e+00  -2.9228967e-01   1.0057766e+00  -2.8254396e-03   1.2734956e+00   8.0012009e-01  -2.4844594e-01
   2.0000000e+00   9.4318415e-02   1.7244568e+00  -1.1219033e-01  -1.1650589e+00  -4.7600616e-01   7.1159863e-01
   2.0000000e+00   1.0342732e+00  -2.1052693e+00   1.5960424e+00   2.1529051e-01  -2.1797996e-01  -1.0112750e+00
   2.0000000e+00  -2.5335397e+00  -1.9961320e+00   3.3107562e+00  -1.5842723e+00   6.8852225e-01  -1.1208367e-01
   2.0000000e+00   1.2290628e+00  -1.4084260e+00  -4.8017681e-01  -4.0260147e-01  -1.0080616e+00   3.4146524e-01
   2.0000000e+00   1.1088699e+00  -1.4585374e+00  -2.4338306e-01   6.3284575e-01   2.0292453e+00   2.6860412e+00
   2.0000000e+00   6.3026578e-01   7.2625470e-01  -1.4031497e+00   1.2922914e+00   5.5555314e-01  -7.2642842e-01
   2.0000000e+00   9.0270853e-01   1.5672260e+00   1.9007742e+00  -1.1320398e+00   2.2446569e-01   1.0805403e+00
   2.0000000e+00   1.6747079e+00  -6.4600120e-01   8.7525925e-02   2.8702498e-01   2.0423276e-01  -9.6870797e-01
   2.0000000e+00   6.5397415e-01   8.6910476e-02  -6.7608129e-01  -1.1191495e-01   1.5099440e+00  -4.3511836e-01
   2.0000000e+00  -1.4499107e+00   8.1707192e-01   2.2486085e-01   1.5732204e+00  -9.0584661e-01  -2.3678958e+00
   2.0000000e+00   6.5882326e-01  -2.0557438e-01  -1.3575501e+00  -5.5121939e-01  -1.4399597e+00   7.1080703e-01
   2.0000000e+00  -1.3806426e-01  -3.8781660e-01  -1.2966577e+00  -3.2679183e-03  -1.3181149e+00  -1.8984364e+00
   2.0000000e+00   9.6898123e-02  -1.1989861e+00  -1.4133940e+00  -1.3780750e+00  -1.0845206e+00  -2.5522236e-01
   2.0000000e+00  -4.6361254e-01   4.2703647e-01   1.6911919e+00   2.3077151e+00   1.0721534e+00  -1.8527066e-01
   1.0000000e+00  -1.9817169e-01   4.7431997e-01   4.6175098e-01   5.6862521e-01  -1.4857751e+00   1.2889091e+00
   2.0000000e+00   3.7788564e-02  -1.6757766e+00  -2.6703050e-01  -3.2087941e-02   4.4032016e-02   6.0421230e-01
   2.0000000e+00  -1.5663410e+00  -7.4060117e-01   6.0078445e-01  -7.7978249e-01  -1.0576217e+00   1.1058321e+00
   2.0000000e+00   1.2029653e+00   3.6145606e-01  -3.5292480e-01   2.0950424e-01  -2.1204045e-01  -4.6601835e-01
   2.0000000e+00  -1.4168204e+00  -1.1650631e-01   2.1102072e+00   1.3656181e+00  -6.7757484e-01  -2.4104208e-01
   2.0000000e+00   6.5437228e-01  -1.6246969e-01   1.2085763e+00   4.4330136e-01  -6.8577453e-01   1.0537942e+00
   2.0000000e+00   1.2547438e+00   3.9734197e-01  -6.3223044e-02  -3.8307009e-01  -7.3594550e-01  -2.6095287e-01
   2.0000000e+00   6.5514109e-01  -4.6216865e-01  -1.3425125e+00   6.2190090e-01  -1.6025746e-01   1.8760881e-02
   2.0000000e+00  -8.1514869e-01   2.2305887e-01   4.6437933e-01   1.6983154e+00  -2.0986481e+00  -1.1945728e+00
   2.0000000e+00   5.6190123e-01  -3.6673130e-01  -1.9374849e+00  -9.5716827e-01   1.2700083e-01  -4.5703739e-01
   2.0000000e+00  -9.6529162e-02   3.1831410e-01  -1.9030850e+00   8.7652310e-01  -9.2494409e-01  -5.1053750e-01
   2.0000000e+00  -8.3042630e-01   6.2290204e-01  -8.3797544e-01   1.1023653e-01   1.0336707e+00   9.5366580e-01
   2.0000000e+00  -2.8432237e+00   1.3981947e-01  -1.5169617e-01  -1.1717502e+00   1.5816778e+00   1.8768728e+00
   2.0000000e+00  -6.3767595e-01   9.0016624e-01  -1.1077252e+00  -1.7447557e-01  -9.5097610e-01   1.0117318e+00
   2.0000000e+00   1.2774657e+00  -2.3301637e+00   1.3741318e+00  -1.2691380e+00   8.7187070e-01  -4.2760388e-01
   2.0000000e+00  -2.0661307e-01   8.8351582e-01   1.1430517e+00  -2.0666739e+00   9.9347411e-01   7.9401065e-01
   1.0000000e+00   3.9992244e-01   5.8402383e-01   6.1193349e-01   3.7913913e-01  -1.1170398e+00  -1.7819994e+00
   1.0000000e+00  -6.7994910e-01   1.9079128e-01   2.3862597e-01   4.6242427e-01   3.8338009e-01  -6.9523949e-01
   2.0000000e+00   1.9594238e-01  -3.9258943e-01  -1.4012188e+00   3.7429429e-01  -8.4621819e-01  -8.0184136e-02
   1.0000000e+00  -1.2918620e-01   1.0445769e+00   9.6964672e-02   2.8188035e-01   1.7205614e+00   5.2786034e-01
   2.0000000e+00   4.5513473e-01   2.8467455e+00  -1.9835168e-01  -1.3652058e-01  -3.8867235e-02  -5.1820402e-01
   1.0000000e+00  -3.2319678e-01   3.6589486e-01   4.2328781e-01  -4.3096485e-01  -3.8535168e-02   1.6831664e+00
   2.0000000e+00  -1.7581438e+00   1.1380644e+00   5.6289860e-01   9.7506399e-01  -8.1396101e-02   4.4013789e-01
   2.0000000e+00   1.6575259e+00  -4.3577938e-01  -6.5233011e-01   1.5304386e+00   1.8736440e+00   5.2504485e-01
   2.0000000e+00   7.2405350e-02  -1.8554468e+00  -2.3819199e-01   9.0717493e-01  -1.1215823e+00   9.6888473e-01
   2.0000000e+00   1.5616882e+00   3.5370366e-01   2.9896617e-01   2.1696395e+00  -1.2442353e+00  -5.3170959e-01
   2.0000000e+00   1.6448901e+00  -4.1347911e-01   1.4437208e+00   9.9463392e-01  -2.9056363e-01  -1.3924978e+00
   2.0000000e+00  -1.2723803e+00   2.5806824e-01  -4.1981973e-01  -6.1202904e-02   6.7032757e-01  -1.1461296e+00
   1.0000000e+00  -1.6975864e-01  -5.5861228e-02   4.9067093e-01  -5.0245329e-02  -9.9391263e-01   1.1076394e-02
   2.0000000e+00  -8.8016945e-03  -1.3337406e+00  -6.5499624e-01   1.1985884e-02  -6.5074554e-01  -1.0936641e+00
   2.0000000e+00   6.2541698e-01   1.5812643e-01  -1.0225930e+00  -1.5459980e+00  -4.6980973e-01  -4.4504372e-01
   1.0000000e+00   1.6905358e-01   3.4577814e-01   9.4825101e-01   3.8566238e-01  -1.1366345e-01  -2.4461674e+00
   2.0000000e+00   4.6128693e-01  -4.4285495e-01  -1.5204910e+00  -4.8367000e-01   8.3713565e-01  -9.5525419e-01
   2.0000000e+00   1.2980079e+00   5.2121848e-01  -2.6614502e+00   1.4192928e-01  -4.1353882e-01   5.3320143e-01
   1.0000000e+00  -1.2929925e-01   5.7680727e-01   6.7171674e-01  -7.0358528e-02   1.3139577e+00   1.0811609e+00
   2.0000000e+00   4.2531618e-01  -2.0425199e+00  -1.7598948e+00  -9.0290585e-01  -2.7118941e-01   1.0717250e-01
   2.0000000e+00   6.8967802e-01  -3.6464390e-01   7.8704751e-01   8.8539675e-02   1.3829645e+00  -1.9972951e-01
   2.0000000e+00  -7.1988105e-01  -1.6241975e+00  -1.5345460e-01   1.6002629e+00  -1.7197385e+00  -4.9620589e-01
   1.0000000e+00   2.5002634e-02   6.0870771e-01   7.6701682e-01   4.3279289e-01  -1.5493116e-01   1.0916128e+00
   2.0000000e+00  -1.1910788e+00   4.8821454e-01   7.1876036e-01  -2.9332782e-01   1.2796529e+00  -1.1679769e-02
   2.0000000e+00  -2.0902879e+00  -5.2196100e-01   6.4606726e-01   5.6206074e-01   1.0559682e+00   8.4038119e-01
   1.0000000e+00   4.0692095e-01  -1.0752668e+00   2.5522198e-01  -1.4048698e-01   1.1200089e+00   4.8698717e-02
   1.0000000e+00   7.1792880e-01   1.3900226e+00   2.4075736e-01   2.4588693e-01   2.6917610e-01  -3.5249666e-01
   2.0000000e+00   7.5822533e-01  -1.1552775e+00  -2.6736256e-01  -4.1156477e-01   1.8280430e+00  -5.8274194e-01
   2.0000000e+00   1.0339444e+00  -3.7895860e-01  -1.2188002e+00   2.1410944e+00   3.6740224e-01   1.8282131e-01
   2.0000000e+00  -1.1351872e-01   1.0033259e+00  -5.9015919e-01   9.8673658e-01  -1.6704677e+00  -9.3718631e-01
   2.0000000e+00   4.4448941e-02  -4.9425775e-01  -3.2754361e-01   3.8156216e-01  -4.9056986e-01   5.4646115e-01
   2.0000000e+00  -3.6542829e-01   1.7782277e+00  -1.5739244e+00  -7.9056186e-01  -1.4969373e+00   2.4878812e-01
   2.0000000e+00   4.9831297e-01  -6.0111699e-01  -4.1639999e-01  -1.0409167e+00   3.2644716e-01   1.3599957e+00
   2.0000000e+00   1.4756211e+00  -5.4701949e-02  -1.6525864e+00   5.2559470e-01   3.2345816e-01  -1.9203782e+00
   2.0000000e+00   9.2369972e-01  -1.2332263e+00   1.4371982e+00  -2.5334136e+00   1.2628961e-01   1.6458510e+00
   2.0000000e+00   3.1976933e-01   7.1763211e-01  -9.0526389e-01  -1.7639024e+00  -1.6549978e+00   8.6854870e-01
   2.0000000e+00   2.3841919e+00  -5.9128218e-01  -7.9260913e-01  -8.2998056e-01  -4.0639816e-01  -3.6954113e-01
   2.0000000e+00   1.6762254e+00  -1.0172125e+00  -3.6425876e-02  -2.4248513e-01  -1.2473122e+00   3.1188221e-02
   2.0000000e+00  -1.1819649e+00  -1.1706255e+00  -1.3475431e+00  -1.8101918e+00  -5.6863194e-01   9.5314763e-02
   2.0000000e+00   1.0867102e+00  -3.4460641e-01  -3.5753879e-01  -3.6737042e-01   4.7423068e-03   1.2057417e+00
   1.0000000e+00  -7.5309875e-02  -1.0518984e-02   1.7954985e-02  -6.6523109e-01   3.4027064e-01   1.2009226e+00
   2.0000000e+00   4.2081683e-01   9.2300672e-01  -6.5553516e-01   1.1277320e+00   7.9849730e-01   8.0049850e-01
   1.0000000e+00  -5.2016287e-02  -8.1263677e-01   6.2982174e-01  -1.8700421e-01   6.5656912e-01   1.4800062e+00
   2.0000000e+00  -5.4206811e-01  -1.1361521e+00  -6.2415677e-01   3.2157154e-01  -5.0930882e-01   3.6882777e-01
   2.0000000e+00  -1.0677420e+00   3.8945118e-01   9.7559038e-02   3.6990367e-01   3.9065538e-01  -1.1272750e+00
   2.0000000e+00  -2.2348686e+00  -4.9188037e-01   4.5601445e-01   1.4931902e+00   1.3612137e+00   4.7349885e-01
   2.0000000e+00   7.7676778e-01   9.9469347e-01  -1.0118348e-01   1.6057004e+00  -1.6254530e-02  -1.8623006e+00
   2.0000000e+00  -1.5123096e+00  -6.0859884e-02   8.1025611e-01  -3.1670913e-01   1.4099413e+00  -2.0645265e-01
   2.0000000e+00   7.6110442e-01   1.0465475e+00  -5.0392842e-01   4.2461965e-01  -4.7226734e-01   1.7996610e-01
   1.0000000e+00  -1.6861921e-01   5.4997353e-01   7.4260807e-01  -7.7086638e-01   1.3964909e+00   4.0695687e-01
   2.0000000e+00   9.2584302e-02  -5.5151509e-01  -5.1930999e-01   1.8041845e-01  -4.1134373e-01  -5.0083312e-02
   1.0000000e+00  -3.3579938e-01   1.8489773e+00   9.4645088e-02   6.0574188e-01   2.0166834e-01   8.1229419e-01
   2.0000000e+00   1.1422969e+00  -8.9243530e-02   1.6239414e-01  -3.5123051e-01  -8.4389638e-01   2.8608999e-01
   2.0000000e+00   1.1905277e+00  -2.7775704e-01  -1.1724478e+00   1.2025777e+00  -8.5287445e-01  -3.9152670e-01
   2.0000000e+00   7.6995263e-01  -1.6600355e-01   2.0897086e+00   8.2202893e-01  -8.4861493e-01  -3.2722864e-01
   2.0000000e+00  -3.9675798e-02   1.4964956e+00  -2.1095767e-01   7.5380466e-01  -1.6338116e+00   8.7586382e-01
   2.0000000e+00   8.4635202e-01  -5.7629132e-02  -9.8428411e-01  -4.6000198e-01  -1.3928527e+00  -4.0060487e-01
   2.0000000e+00  -1.2931906e+00   1.0378540e+00  -6.3676086e-01  -6.0228695e-01  -5.2021400e-02   2.0142643e+00
   2.0000000e+00   1.3156407e+00   1.5137169e-01  -8.7995980e-01   4.8745066e-01  -6.0907970e-02  -1.4363580e+00
   1.0000000e+00  -8.0504372e-01   1.7082929e+00   2.4886652e-01  -1.1614441e+00   7.6188309e-01  -1.2666990e+00
   2.0000000e+00   6.1500454e-01  -1.1730468e+00   1.1455084e+00  -6.0177556e-01   3.0602664e-01   6.0814611e-01
   2.0000000e+00  -1.0252768e+00   3.1147851e-01   1.1236827e-01   4.1249812e-01  -2.4474541e-01  -6.4507158e-01
   2.0000000e+00  -4.2530403e-01   1.4219211e+00  -9.0110230e-01  -8.9077295e-02  -1.5305976e-01   1.4310140e-01
   2.0000000e+00  -4.7931675e-01   5.2848423e-01  -2.3317563e-01   3.5749348e-01  -6.8652328e-01   1.0388623e+00
   2.0000000e+00  -9.1901236e-01   1.8367714e-01  -4.2176978e-01  -8.6709573e-01  -1.0384727e+00  -1.6020093e-01
   2.0000000e+00   5.2653005e-01   3.3682349e-01  -3.0325956e+00  -7.7744924e-01  -4.9901942e-01   5.7675343e-01
   2.0000000e+00   1.6048202e-01   1.6372779e+00   1.3779508e+00   1.2508394e+00  -9.0035998e-01  -2.2732980e-01
   2.0000000e+00  -4.7878082e-02  -1.5902943e+00  -4.8615741e-01   5.8724680e-01  -1.3210065e-01   7.7800014e-01
   1.0000000e+00  -3.1772277e-01   1.6770301e-01   9.0079141e-02  -2.9335335e-01  -6.2971907e-01  -1.5221724e+00
   2.0000000e+00  -1.0335625e-01   5.8277244e-01  -4.3189247e-01  -2.4324777e-01  -1.2087402e-01  -4.7919381e-03
   2.0000000e+00   9.2106040e-01   7.8637522e-01  -9.6231344e-01   1.1551590e+00  -1.5044532e+00  -4.4414569e-01
   1.0000000e+00  -1.4695283e-01   1.2382410e+00   6.6213435e-01   4.4707179e-01   2.9196278e-01  -1.3318370e+00
   2.0000000e+00   1.0996859e+00  -3.1524047e+00  -5.7507761e-01   1.0514927e+00  -1.6318826e+00  -2.3059246e+00
   2.0000000e+00   5.1564904e-01   1.0493988e+00   9.8098814e-01   1.4122582e+00  -6.2306080e-01  -6.2071001e-01
   2.0000000e+00   1.1532670e+00   1.3466694e-01   1.3731720e+00   1.6522983e-01   7.0962917e-01   4.2670247e-01
   2.0000000e+00  -1.6913708e+00  -9.8796867e-01  -2.1246901e+00  -1.2867287e+00   2.9791453e+00   1.1050372e-01
   1.0000000e+00  -5.3740849e-01   1.9292922e+00   3.2979614e-01   7.3319110e-01  -1.5773330e+00   1.1624135e+00
   2.0000000e+00   1.3441071e+00   3.3813004e-01   1.0028785e-01  -4.1179537e-01  -7.5191731e-01  -2.2898330e-01
   2.0000000e+00  -7.9963457e-01   6.7896098e-01  -1.9606656e+00  -1.6422822e+00  -1.3721539e+00   1.2478482e+00
   1.0000000e+00   6.2285670e-01   8.5109485e-01   7.0228261e-01  -1.0078564e+00   2.6002389e-02   1.2009722e-01
   2.0000000e+00   1.3197128e+00  -1.5337734e+00   7.0083794e-01   3.1666004e-01  -1.7636534e-01  -1.2044765e+00
   2.0000000e+00  -1.4194306e+00  -1.5054113e+00   4.6261282e-01  -1.5026708e+00   4.6493772e-01  -1.5083585e+00
   1.0000000e+00   5.1639255e-01   8.5951018e-01   7.6987726e-01   5.3297710e-01   4.1151732e-01   8.3857923e-01
   2.0000000e+00  -1.1086640e+00   7.7286828e-01  -7.9090309e-01   7.4780434e-01   4.5672116e-01   3.1890304e-01
   2.0000000e+00  -1.6072184e+00   5.9174320e-01  -1.9328759e+00  -5.3350495e-01  -7.0024138e-01   4.6287117e-01
   2.0000000e+00   5.1917833e-01  -3.1549385e-01  -5.4896702e-01   8.9009799e-03  -8.5402687e-02  -1.6422013e+00
   2.0000000e+00  -6.8405644e-01   5.6749666e-01   7.7078171e-01  -1.0647623e+00  -9.4263443e-01  -3.6160421e-01
   2.0000000e+00  -1.3156313e+00   1.1034829e-01   1.4809711e+00   1.1011161e-01  -1.9286624e+00   8.7057622e-01
   2.0000000e+00  -6.6075291e-01   7.4301735e-01  -3.7210031e-01   6.4576237e-01  -1.3806609e+00  -5.2062449e-01
   2.0000000e+00   1.4808520e+00  -6.4781313e-02   1.1837050e+00  -1.3718145e+00   8.8859139e-01   6.8637417e-02
   2.0000000e+00  -9.4180890e-01   1.1589554e+00   1.2803801e+00   6.1799231e-01   5.8441105e-01   5.5391381e-01
   2.0000000e+00   9.7247824e-01  -5.4306798e-01  -1.1960000e+00   1.6426942e+00   1.3027355e+00   2.2155596e-01
   2.0000000e+00   1.1316726e+00  -1.2428723e+00   4.1911449e-01   1.8093275e+00  -5.1219868e-01  -1.3762982e-01
   2.0000000e+00  -9.8884098e-01   2.6912311e-01   3.6557096e-01   2.6102769e-01  -5.6657817e-01   1.7609744e-01
   2.0000000e+00  -6.6048013e-01  -1.2903561e+00   9.9135914e-01   6.6311430e-01  -7.6252564e-01  -3.9105560e-01
   2.0000000e+00  -2.5467655e+00  -4.9787486e-01  -2.3738276e-01  -7.6299188e-01   9.9097520e-01  -4.3802174e-01
   2.0000000e+00  -4.5277924e-01   5.4882285e-01  -1.7306423e+00  -7.1310286e-01  -6.7535883e-01  -2.0000663e+00
   2.0000000e+00   8.6061304e-01  -8.5770419e-01  -5.0880431e-01   7.5406511e-01  -2.1665526e-01  -3.1249398e-01
   2.0000000e+00   2.0653999e-01   9.6046116e-01  -3.0689311e-01   2.3070207e-01   2.0309760e-01   3.3931410e-01
   2.0000000e+00  -6.3173570e-01  -6.2983368e-01  -1.0178982e+00  -1.8447130e+00  -3.6530975e-01   3.2061367e-01
   1.0000000e+00  -6.5097477e-01  -3.6370138e-01   7.0015166e-01   9.2625907e-01   1.4719900e+00   7.6805459e-01
   2.0000000e+00   1.0727076e+00  -6.6885231e-01   8.0724303e-02  -8.7046004e-01   9.1003810e-01  -1.1817449e+00
   2.0000000e+00  -1.3329142e+00  -1.2227519e+00  -7.0366605e-03   1.6236674e-01  -2.7114090e-01   4.8171321e-01
   2.0000000e+00  -4.0498637e-01  -8.3610639e-01   1.3788114e+00   3.0846942e-01   5.6968867e-01   1.6606171e-01
   1.0000000e+00  -6.6406138e-01  -3.6427412e-01   3.6845461e-01  -4.2639384e-01   9.0108055e-01   1.3291370e+00
   2.0000000e+00  -9.3170835e-01  -1.3124162e+00   3.8332989e-01  -1.2070270e+00   1.4470005e-01   1.4353892e+00
   1.0000000e+00  -9.3282786e-01   2.2093494e+00   2.3940925e-01   8.4355521e-01  -9.5184658e-01  -7.4081489e-01
   2.0000000e+00  -6.9997762e-01   2.4280246e+00   8.6123793e-01  -8.4537772e-01   1.3233424e+00   1.5253950e+00
   1.0000000e+00  -9.4144464e-01  -8.2505939e-01   3.3434179e-01   1.5297539e+00   9.3229442e-01  -8.7640417e-01
   1.0000000e+00  -7.9149973e-03   1.9413893e-03   4.0647061e-01  -5.3540556e-01  -6.7966173e-01   1.1598614e+00
   2.0000000e+00   4.4537857e-01  -6.1668273e-01  -4.7918287e-01  -7.6812892e-01  -1.6973276e+00  -1.2547206e+00
   2.0000000e+00   6.1814239e-01  -1.1019668e+00   8.4763876e-01  -6.8308519e-01  -1.1272814e+00  -1.8879028e+00
   2.0000000e+00  -1.2044584e+00  -1.8882809e+00  -1.1965407e+00  -7.9244118e-01   5.9945305e-01  -5.3327115e-01
   2.0000000e+00  -3.4944228e-01   1.1728223e+00   1.3859633e+00  -1.1771537e+00   1.1399631e+00   3.6749567e-01
   1.0000000e+00   5.0351932e-02   2.9773824e-01   3.3575191e-01   1.5756611e+00  -8.6409630e-01  -1.0424995e-02
   2.0000000e+00  -1.0888801e+00  -1.3364439e-01  -4.7199881e-02  -3.8168688e-01  -6.3432987e-02  -5.9012877e-01
   1.0000000e+00   1.1951324e-01   2.0207619e-01   8.6035766e-01  -1.8765430e+00  -5.2513149e-01   1.2398452e+00
   2.0000000e+00  -8.6342596e-01  -1.4406158e+00   9.6484186e-01  -1.0540871e+00  -3.5003680e-01  -1.0810196e-01
   2.0000000e+00  -4.7841974e-01  -1.3472371e+00  -1.6979651e+00   1.4118667e+00  -1.4083664e+00  -1.4640224e+00
   2.0000000e+00  -5.5088953e-01  -3.5328311e-01  -7.3828396e-01  -9.9436765e-01  -3.2927157e-02  -6.7540175e-02
   2.0000000e+00  -6.7444304e-01   8.6271026e-01  -2.1492921e-02   1.9826264e+00  -5.9151813e-01   1.3366474e+00
   2.0000000e+00  -2.5881335e-02  -8.9282461e-01   1.4995650e+00  -7.0912929e-01  -9.9500623e-02   2.6755403e-01
   2.0000000e+00   4.4838992e-03  -2.1919641e-01   1.3396767e+00  -8.9755219e-01   9.0580793e-01  -2.1838084e-01
   1.0000000e+00  -2.4994515e-01  -3.8788003e-01   6.7528491e-01   3.4367250e-01   1.0099159e-01  -9.7325810e-01
   1.0000000e+00  -3.3140707e-01  -1.5744556e+00   8.2424373e-01  -6.7922707e-01   3.6423875e-01  -8.0222091e-01
   2.0000000e+00  -1.5691807e+00   2.6405881e-01  -2.3941110e-01  -7.0806254e-01   1.4865464e+00   2.1426269e-01
   2.0000000e+00   6.2996525e-01   8.8143369e-01  -1.5265879e+00   9.8909302e-01  -9.8634212e-01   1.7681219e+00
   2.0000000e+00   1.4693820e-01   2.8421613e-01  -2.8944432e-01   5.3465250e-01  -9.9159293e-01  -1.6999200e+00
   2.0000000e+00   3.1215179e-01  -5.9965180e-01  -9.2993219e-01  -1.0473334e+00   9.4940871e-01  -1.6525194e+00
   1.0000000e+00  -7.8595833e-01  -2.4926792e-01   1.2013867e-01   3.7462049e-01  -1.5947092e+00  -4.2680228e-01
   2.0000000e+00  -5.8715751e-02   1.0454923e+00  -4.6949246e-01   6.9998979e-01   1.3543848e+00  -2.0909349e+00
   2.0000000e+00  -7.7681977e-01  -6.3850208e-01   1.9864192e+00  -6.7817510e-01  -6.8962833e-01  -7.2193505e-01
   2.0000000e+00  -1.3861636e+00  -2.8207975e-01   1.9701357e+00   9.1658207e-01  -7.6144874e-01   5.0038357e-01
   1.0000000e+00   6.9653520e-01  -5.8329172e-01   4.0650297e-01   9.3801826e-01  -1.1088096e-01   2.2209742e+00
   2.0000000e+00  -4.4559146e-01  -2.6151964e+00  -1.8339051e+00  -4.3221485e-01  -6.1419523e-01  -1.4748299e+00
   2.0000000e+00  -6.9005456e-03  -3.8145524e-01  -2.1118486e-01  -1.0923731e-01  -3.1096813e-01  -6.0964681e-01
   2.0000000e+00  -3.9344524e-01   4.0423063e-01   1.1093714e+00   4.1568213e-01  -2.1914525e+00  -7.2247967e-01
   2.0000000e+00  -3.6650391e-01  -6.7299497e-01  -3.3190137e-02   1.3369933e+00  -1.5086757e-02   5.1026616e-01
   2.0000000e+00  -3.5732615e-01   1.3808004e-01   9.7410662e-01   8.2993187e-02   7.9826733e-01   1.6604155e+00
   2.0000000e+00   7.7878215e-01   6.3724716e-01   1.9871604e+00  -1.2633523e+00   1.1882088e+00   5.1803908e-01
   1.0000000e+00  -2.3856216e-02   4.6320970e-01   2.7774951e-01  -1.6355737e+00   3.2752737e-01  -2.1912836e-01
   2.0000000e+00   3.3601652e-01  -1.2289209e+00  -9.5267785e-01  -1.4797269e-01  -1.5967938e+00   9.8074811e-01
   1.0000000e+00   4.0313668e-01  -1.3065428e+00   2.8443985e-01   9.9031937e-01  -5.9319468e-01   8.6509214e-01
   1.0000000e+00   4.7573228e-01   1.5287990e+00   3.1106234e-01   5.9176689e-01  -1.9477950e+00  -3.1441893e-01
   2.0000000e+00   1.1629786e+00  -1.5768415e+00   5.1224437e-02  -6.1685934e-01   1.1539439e+00   1.2624987e+00
   2.0000000e+00  -1.6518959e+00   3.6450490e-01   1.2245229e+00   1.0350757e+00  -2.1782224e-01   4.5544446e-01
   2.0000000e+00   1.1675053e+00  -5.5829045e-01  -7.3819858e-01   1.2083628e+00   8.6722755e-01   5.1792693e-01
   2.0000000e+00  -1.8739964e+00  -1.7969351e+00   2.2533712e-01   1.4197939e+00  -2.8446804e-01  -1.2444021e+00
   2.0000000e+00  -8.7694463e-01   1.0114466e+00  -1.2386945e+00  -1.9550518e-01   6.3129486e-01  -1.9012952e-01
   2.0000000e+00   1.2578548e+00  -1.0979747e+00   2.6816287e-01  -1.7543497e+00  -9.9280873e-01   9.0447184e-02
   1.0000000e+00  -6.6850434e-01   7.5968497e-01   1.0372750e-01  -5.3367353e-01  -8.2221646e-01  -4.1509312e-01
   2.0000000e+00  -3.9904109e-01   1.5144369e+00  -1.3599339e+00  -4.0613011e-01   4.6138625e-01  -8.1513576e-01
   1.0000000e+00  -6.7924855e-01  -5.2861134e-01   3.3932162e-01   1.2258525e+00  -1.2083905e+00   6.9324343e-01
   2.0000000e+00   1.1865528e+00   4.9291015e-01   6.0058129e-01  -1.2004911e+00  -1.9569410e-01   1.6877181e+00
   2.0000000e+00  -1.0339864e+00   5.0847860e-01   1.8653097e+00   8.9153729e-01  -1.9603183e-01   9.8383345e-01
