   2.0000000e+00   1.6747786e+00  -8.2673544e-01  -5.1309827e-03   3.0527959e-01  -5.2100423e-01  -1.1530736e+00
   2.0000000e+00   2.5051266e-01   2.3558722e-01   1.0482934e+00  -3.5533249e-02   6.8053234e-01  -4.7706511e-01
   2.0000000e+00   1.1218653e+00  -3.1754331e-01  -1.5769119e+00   1.4657741e+00  -9.3754344e-01  -1.4192686e+00
   2.0000000e+00  -8.7182384e-01  -8.9787599e-01  -4.1761544e-01  -3.6912286e-01   8.3556605e-01  -2.2361456e+00
   2.0000000e+00   1.2721880e+00  -1.6747751e-01  -1.9008236e+00  -1.6247181e+00   2.3300375e-01  -1.2608188e+00
   2.0000000e+00   1.1703664e+00   1.3595298e-01  -2.3151308e+00   1.0174644e+00  -3.6256920e-01   2.7910174e+00
   2.0000000e+00  -2.1962443e-01   1.2090679e+00  -5.3630091e-01  -1.5934186e+00   3.7641792e-01   9.0446790e-01
   2.0000000e+00   2.3518300e-01  -1.1278787e+00   3.1514799e-01  -5.7051627e-01  -3.0852807e-01   1.7641810e+00
   1.0000000e+00   9.1112965e-01   9.7529738e-01   3.6159664e-02  -8.5899017e-01   3.5325075e-01  -1.2610423e+00
   1.0000000e+00  -9.8402882e-01   4.9869109e-01   3.8766662e-01  -2.0106296e-01  -9.7089732e-02  -1.3143767e+00
   2.0000000e+00  -2.7817969e-01   2.2667212e-01   2.0227831e+00  -3.0103161e-01   1.3127435e+00   1.0906539e+00
   2.0000000e+00   8.4542482e-01   9.6795100e-01  -1.2161499e+00  -1.5496750e+00  -2.3851131e-01   1.7223235e+00
   2.0000000e+00   1.2937479e+00   1.4296748e+00   4.7331338e-01  -1.0648867e+00  -4.8816185e-01   1.9953159e+00
   2.0000000e+00   1.5593890e-01   1.7821155e+00   3.2830135e-01   1.9995696e-01  -1.6127389e-01  -3.0199289e-01
   2.0000000e+00  -1.6831106e+00   1.6537472e+00  -4.5449624e-01  -5.6207733e-01   5.1516254e-01  -7.0540950e-01
   2.0000000e+00   9.7966985e-01   6.4519910e-01  -1.8524725e+00   8.8477182e-01   5.1108267e-01  -6.4665392e-01
   2.0000000e+00  -7.6666182e-01  -2.4953266e-01   8.0078888e-01   1.5358492e+00  -1.2611137e+00   1.0603859e+00
   2.0000000e+00  -3.1601723e-01  -7.0136177e-01  -2.3225321e-02  -1.8418407e-01   5.9437450e-01   8.4875914e-01
   1.0000000e+00   5.6663814e-01   1.5590348e-01  -6.6695797e-01   1.2548955e+00  -1.4873774e+00  -3.6707334e-01
   2.0000000e+00  -8.9503160e-01  -9.9752877e-01  -1.0482936e+00   7.2959694e-01  -3.8007224e-01  -9.3911046e-01
   2.0000000e+00  -8.5970254e-01  -6.5049909e-01  -5.4411639e-03  -8.0248425e-02   9.6232518e-01   9.9651284e-01
   2.0000000e+00  -5.4420228e-01  -9.6446105e-01  -1.1954475e+00   9.9270742e-01  -2.4104685e+00   1.1183789e+00
   1.0000000e+00   2.7200157e-01   4.2847330e-01   7.4751647e-01   8.5441158e-02  -1.1041817e+00   8.7935569e-01
   2.0000000e+00  -3.6142768e-01  -1.1496674e+00  -2.3625839e+00   8.8523175e-01   2.1174239e-01   3.1398930e+00
   2.0000000e+00   5.7584499e-01   3.7033787e-01   1.5405475e+00   2.7875173e-01   1.0105555e+00   2.3028104e+00
   2.0000000e+00  -6.6733207e-01   2.4362820e+00  -9.2014991e-02   7.1035502e-01  -1.8460885e-01  -9.0054409e-01
   1.0000000e+00  -2.3637500e+00   9.0385156e-01   3.0751028e-01   1.3284855e+00  -1.9463068e+00   3.3726781e-03
   2.0000000e+00   1.0387870e+00  -1.0129870e+00  -1.7668902e+00  -3.8313740e-01   5.4315174e-01  -2.2340815e-01
   2.0000000e+00  -1.5208412e+00  -5.9007368e-01   1.5754216e-02   4.9802545e-01   1.2254317e+00   1.1542074e-01
   2.0000000e+00   3.8496124e-01  -2.3304713e-01  -1.6571604e+00   6.2163337e-01   2.0347534e+00  -4.1310627e-01
   2.0000000e+00   5.6984132e-01  -1.9036035e-01   1.6059705e+00   3.0735625e+00  -1.6355247e-01   1.2384338e+00
   1.0000000e+00  -1.8876311e+00   4.2509867e-01   6.0994438e-02  -7.5387461e-01  -3.4673668e-01  -1.5343475e+00
   2.0000000e+00   4.5968019e-01   1.4145214e+00  -7.7457872e-02   1.3387318e+00   5.2242216e-01   8.1695274e-02
   2.0000000e+00   1.1641211e+00   7.7998345e-01   2.6969018e+00   1.4740736e+00  -6.9225856e-01   2.2540818e+00
   2.0000000e+00  -8.6249882e-01  -3.4719338e-01  -8.5119600e-01  -4.4410114e-01   5.3916824e-02  -1.3423234e+00
   2.0000000e+00  -1.5080589e+00   1.0239505e+00  -8.5679410e-01  -1.8405773e-01   1.7264940e+00   1.0484820e+00
   2.0000000e+00   1.1323852e+00  -7.2343242e-01   4.9262787e-01  -5.0694881e-01   7.8877010e-01   6.0096156e-01
   2.0000000e+00  -4.9595487e-01  -7.8721246e-01   1.7618474e+00   5.3382471e-01   1.4196384e+00   1.1803085e+00
   2.0000000e+00  -3.2669908e-01  -1.5563983e+00  -1.3984295e-01  -1.8586697e+00  -2.2182915e+00   3.8962227e-01
   2.0000000e+00   7.2025583e-01  -1.3049692e-01  -1.4356713e-01   2.3191375e-01   1.7543896e+00   8.4441620e-01
   2.0000000e+00  -7.3653044e-01  -5.7472483e-01   1.1623658e+00   1.4809110e+00  -9.4316373e-01  -4.8933336e-01
   2.0000000e+00  -4.4252625e-01  -6.4166678e-01   6.6080958e-03   1.3565846e+00  -1.0693496e+00  -1.5520831e+00
   2.0000000e+00  -2.1289329e+00   1.2152141e+00  -1.4692396e+00  -3.1369859e-01   1.4968079e+00   1.8951162e+00
   2.0000000e+00   1.2652455e+00   1.5059409e+00   1.6439795e-01  -3.1263817e-01  -7.3499328e-01   1.7466885e+00
   2.0000000e+00   1.6793124e+00  -4.9341391e-01  -2.6076879e-01   4.4828972e-01   1.4759327e+00   3.3654469e-01
   1.0000000e+00  -4.8010068e-01   5.5814835e-01  -7.7419661e-02  -3.0523324e-01  -2.5574129e+00  -9.7481392e-01
   2.0000000e+00   8.9330140e-01  -1.3354392e+00  -5.7023689e-01   5.1392495e-01  -1.1672924e-01   3.3937830e-01
   2.0000000e+00  -3.1371125e-01  -1.0162702e+00  -9.7303599e-01  -1.6614920e+00  -4.8540165e-01  -6.2600559e-01
   2.0000000e+00  -1.3687967e-01   1.8500787e+00  -1.5743784e-01   1.0819464e+00  -1.1541883e+00  -1.3716955e+00
   2.0000000e+00  -7.4019308e-01  -3.3513236e-02  -1.6110942e-01   1.7660560e-01   9.6446736e-01  -3.2327931e-01
   2.0000000e+00  -2.0591518e-02   1.6225049e+00   4.7344875e-01   7.3892839e-02  -2.0363590e-01  -5.3417536e-01
   2.0000000e+00   1.2345909e-01   9.8866537e-01  -6.9956139e-01  -4.4168060e-01  -7.4823795e-01   4.4381858e-01
   2.0000000e+00   2.2252545e-01  -7.6084804e-01  -4.0897599e-01  -5.0481968e-01  -1.1162443e+00  -5.1773839e-01
   2.0000000e+00   6.1661337e-01   7.5037782e-01  -8.1654225e-01  -1.9812667e-02   6.1930696e-02  -2.0592714e-01
   2.0000000e+00  -1.3967135e-01  -1.2946936e+00   1.4182120e+00   1.5904501e+00   3.7380297e-02  -1.1421035e-01
   2.0000000e+00  -2.1723157e+00  -1.1722737e-01  -2.6637114e-01   7.0109644e-02  -1.1320136e+00   1.6877860e-01
   2.0000000e+00  -5.2850611e-01   1.4606263e+00  -1.1247644e-01  -9.1407535e-01   8.0772445e-02  -4.6211047e-01
   2.0000000e+00  -1.5262548e+00  -1.3842907e+00  -1.5956267e+00  -8.5119564e-02   1.7230766e+00   1.8850144e+00
   1.0000000e+00   2.1123101e-01   2.8791098e-01   6.1106406e-01   1.5071267e+00  -2.1975179e-01  -7.6216838e-01
   2.0000000e+00  -1.0126138e+00   9.2112219e-01   4.3238785e-01  -1.8165717e+00  -4.8544498e-01  -1.2951518e+00
   2.0000000e+00  -3.5413955e-01  -3.7578734e-01  -8.2201680e-02   3.1400571e-01   3.9556207e-02  -7.9416331e-01
   1.0000000e+00  -8.9662358e-01   9.0453896e-01   3.8421301e-01  -8.7980447e-01  -1.6533947e+00   6.9478538e-01
   2.0000000e+00   1.0954905e+00  -3.2672115e-02   5.4229203e-01   8.3533174e-01   2.7603675e-01  -2.0438356e+00
   2.0000000e+00  -1.6563453e+00  -1.0498040e+00  -6.1283776e-01  -9.4650816e-01   8.4743274e-01   1.1356558e+00
   2.0000000e+00  -3.5106594e-01  -5.2661679e-01   1.1251316e+00  -2.1957038e-02  -5.3480992e-01   1.2289764e+00
   2.0000000e+00   1.8995191e+00   6.7318445e-01   7.7723147e-01   1.3989935e-01   1.2744204e+00  -1.4583025e+00
   2.0000000e+00   1.5899492e+00   1.7735803e+00  -1.4843522e-01  -2.7881651e-01   8.8045918e-01  -1.0803973e+00
   2.0000000e+00  -9.4000378e-01   2.1528978e-01   1.2313316e+00   1.6304498e+00  -1.9507392e-01   2.9231738e-01
   1.0000000e+00   3.0759739e-01   1.4568417e-01  -6.0225162e-01  -7.2264952e-01  -3.4637196e-01  -1.0381892e+00
   1.0000000e+00  -4.7508455e-01   1.2826733e-01  -5.4807737e-01   6.6183197e-01  -9.6279968e-01   8.9676917e-01
   2.0000000e+00   1.1529797e+00  -1.8447162e+00  -8.2296728e-01   6.9940128e-01   6.8790035e-01  -8.0307473e-01
   2.0000000e+00   1.1598081e+00   9.0133320e-01  -1.2557133e+00   1.6076603e-01   1.7165246e+00  -9.0713880e-01
   2.0000000e+00   1.0895576e+00  -2.9624457e-01   8.2107844e-01   2.6576822e-01   1.3923087e-01   1.0380310e+00
   2.0000000e+00  -6.6660943e-01   1.1570142e+00   2.4904289e+00  -1.8103602e+00   1.4623927e+00  -1.5070619e+00
   2.0000000e+00   4.9740034e-01  -5.0205851e-01  -5.0921457e-02   2.6648493e+00  -3.1767890e-01  -6.0041949e-01
   2.0000000e+00  -1.3478565e+00   9.5440565e-01  -6.8493454e-01  -1.0419638e+00  -1.8647163e-01   1.0258106e+00
   2.0000000e+00  -1.6144582e+00  -1.5950458e+00  -4.5096265e-01   3.1002518e-01  -5.1147506e-01   1.0860859e-01
   2.0000000e+00   1.7967377e-01   8.8939346e-01   9.5110248e-01  -1.5633435e+00  -3.2845927e-01  -4.8259001e-01
   2.0000000e+00   7.7652448e-02   1.8931476e-01   1.0557555e+00   3.7570028e-01   5.7798088e-01   2.8384772e-01
   2.0000000e+00  -1.4449894e+00   1.1432427e+00  -1.5902432e+00  -5.2287433e-01  -8.8790309e-01   1.5637872e+00
   2.0000000e+00  -4.6173293e-01  -8.8628357e-01  -1.8139854e-01   2.6633785e-01  -4.4636837e-01  -2.1530878e+00
   2.0000000e+00   3.1114540e-01  -3.5015760e-02  -1.3548190e-02  -5.6926256e-01  -1.4916342e+00  -1.2340307e+00
   2.0000000e+00  -1.0968451e-01  -4.1023584e-01   3.4180875e-01   1.6049740e+00   5.2508988e-01   5.1918553e-01
   2.0000000e+00  -8.2469935e-01  -2.0031361e+00  -6.3470086e-01  -1.2478919e+00  -7.3155868e-01  -1.6241137e+00
   2.0000000e+00   1.5298621e+00   1.1413889e-01  -1.6493593e+00  -1.3194375e+00  -9.9447754e-01   4.7207166e-01
   2.0000000e+00  -2.2128101e+00   9.1362421e-01   4.1169899e-01  -5.2823942e-01   5.5313489e-01   1.2159067e+00
   2.0000000e+00   3.3321076e-02   1.0241313e+00  -1.3706187e+00  -3.1748414e-01   1.0593548e+00   6.9956716e-01
   1.0000000e+00  -1.0514172e+00   1.2872179e-01   6.5545213e-01   1.0499771e+00  -7.8133873e-01   4.0610524e-01
   2.0000000e+00   7.4576940e-01   1.0661520e+00   1.3225448e+00   6.9446748e-01   5.0404759e-01   6.5482051e-01
   2.0000000e+00   3.1950821e-01   2.9396418e-01   1.3527691e+00   2.5224146e-01  -2.1484114e+00  -1.8645839e+00
   2.0000000e+00  -9.7373510e-01   9.9262437e-01   1.9870956e-01  -1.2463284e+00   8.5362424e-01  -9.6521472e-01
   1.0000000e+00  -1.4761739e-01   2.3278861e-01  -6.8695783e-01   9.8194850e-01   5.6958211e-01   1.3508873e+00
   2.0000000e+00  -6.7943371e-01  -2.3726839e+00  -1.3905583e+00  -1.3750321e+00   4.7424815e-01   1.2341046e+00
   2.0000000e+00  -6.6364926e-01  -3.0750772e-01  -2.1722203e-01  -2.4292231e+00   9.8936754e-01   3.1630594e-01
   2.0000000e+00   7.7233192e-01  -1.0301172e+00   3.1588785e-01   1.4475036e+00   1.2497802e-02   8.5219026e-01
   2.0000000e+00   1.5044077e+00  -1.7482612e-01   1.2831193e+00  -8.7982088e-01   1.7157051e+00   4.7219773e-01
   1.0000000e+00   7.2989668e-01   2.1670676e-01  -8.2684271e-02   1.9538780e+00   1.8498612e+00  -3.6423557e-02
   1.0000000e+00  -9.3571761e-02   4.0758765e-01   4.7056479e-01   2.4116907e-01  -6.7988196e-01  -1.0341274e+00
   2.0000000e+00   8.9793240e-02  -5.3544320e-01   7.8974470e-01   3.8298993e-01  -3.0857660e+00   1.0902315e-02
   2.0000000e+00  -7.0893012e-01  -1.3966015e+00   2.2472451e+00   1.8434246e-02  -8.8865369e-01  -6.9513278e-01
   1.0000000e+00   2.6283834e-01   2.9548990e-01  -9.5099081e-01   9.6522976e-01  -1.3266261e-01   4.5755576e-01
   1.0000000e+00  -1.3060504e-01   6.1656222e-02   5.7105113e-01   1.8307239e-01  -1.3110115e+00   7.5819410e-02
   2.0000000e+00   1.0835244e+00  -1.3060407e+00   5.5224367e-01   1.2888419e+00  -6.2357023e-02  -5.9172508e-01
   2.0000000e+00   1.2908745e+00  -5.1451824e-01  -1.2009496e-01   1.5733838e+00   1.0933020e+00  -4.9857590e-01
   1.0000000e+00   3.1696025e-01   2.9170179e-01   6.9840283e-01   2.2989286e-01  -4.5075564e-01   1.5971634e+00
   2.0000000e+00  -4.7702729e-01  -1.8403418e+00   7.5396281e-01  -4.9797738e-03  -1.0351544e+00   4.3815753e-02
   2.0000000e+00  -4.9747976e-01   7.6620282e-01  -8.0032936e-01  -2.9086126e-01  -2.6128187e-01   3.0586725e-01
   1.0000000e+00  -1.2990365e+00   5.1160007e-01   1.8454451e-01   1.0514916e+00   2.3686624e+00   1.0575043e+00
   1.0000000e+00   8.5216323e-01   8.0462674e-01  -7.8682769e-02   6.5020251e-01  -1.0745697e+00  -1.6191104e+00
   2.0000000e+00  -2.4724143e-02  -1.3309944e+00   1.1988844e-01   4.4545906e-01   5.7978299e-01   4.6792518e-01
   2.0000000e+00   5.6211226e-01  -1.7763925e+00  -8.0032908e-01   7.1798851e-01   5.9851032e-01   4.1109733e-01
   1.0000000e+00  -6.9354530e-03   9.5527004e-01  -2.7130912e-01   2.1594909e-01  -3.3344151e-01   5.6936786e-01
   2.0000000e+00  -1.9254154e-01  -4.1395022e-01   2.6842846e-01   9.0723771e-01   6.4210616e-01   6.3801833e-01
   2.0000000e+00  -5.0504917e-01   2.4102787e+00  -1.9571935e+00  -7.8245814e-01  -1.2907444e+00  -5.9814589e-01
   2.0000000e+00   1.4654844e-01   1.1569518e+00   8.3963536e-01   2.5918983e-01   1.4824458e-01  -9.4179954e-01
   2.0000000e+00   1.1316875e+00  -3.4532604e-01   6.3125405e-01   5.6850848e-01   5.5989572e-01   9.7659734e-03
   2.0000000e+00  -2.0578132e-01  -1.6933838e+00  -2.6115014e-01   1.2410328e+00   4.0296056e-01   8.4528686e-02
   2.0000000e+00  -5.2116916e-01  -5.5631980e-01  -1.8211770e+00  -3.3317283e-01   1.2293924e+00  -7.7492579e-01
   2.0000000e+00  -3.6611632e-01   8.7894589e-01   2.4386302e+00  -1.5772280e+00  -3.4108251e-01  -7.1360446e-01
   1.0000000e+00  -4.7344893e-01   8.8208800e-01  -2.7982278e-02  -2.8715146e-02  -2.3188060e+00   1.1723674e-02
   2.0000000e+00  -1.3390005e+00   1.0556539e+00   2.2260339e+00   1.3391351e+00   1.1207107e+00   6.0142518e-01
   2.0000000e+00  -1.1980449e+00   1.0388394e+00   4.1131467e-01  -4.7130834e-01  -6.0214771e-01  -2.6967309e-01
   2.0000000e+00  -3.7723712e-01   1.3067637e+00  -1.4499996e-02   1.7772888e-01   4.6529149e-01  -1.4348058e+00
   2.0000000e+00  -1.3168783e+00   1.2317677e+00   1.2086780e+00   1.6561142e+00  -3.2723468e-01   1.9503041e+00
   2.0000000e+00  -1.2447261e+00  -1.3115889e+00   1.6155303e-01  -1.1317948e+00  -5.7640701e-01  -3.8146860e-01
   2.0000000e+00  -3.4402003e-01   8.0589258e-01  -2.5252138e+00   5.7422196e-01  -3.1543085e-01  -7.4505259e-01
   2.0000000e+00   8.9608046e-01   2.8924254e-01  -9.8981824e-01   7.0526837e-01   2.1110879e-01   5.3046357e-01
   2.0000000e+00   6.4132990e-01   1.3978549e+00  -4.0975421e-01  -2.1258416e-01  -1.7838769e+00   6.6311442e-01
   2.0000000e+00  -2.8733672e-01  -2.4759804e-02   1.2388837e+00  -6.7567616e-01  -9.3495296e-01   8.7474147e-01
   2.0000000e+00   1.5793187e-01   1.3512193e+00   1.0908081e+00  -9.2959280e-01   2.0825206e+00  -9.8759387e-01
   2.0000000e+00  -1.0348627e-01  -2.5927235e-01   1.1478407e-01   2.1822880e+00  -9.9118338e-01   7.0653596e-01
   2.0000000e+00  -1.0798783e+00   1.9323762e-01   2.1727851e+00  -9.2014835e-01   7.5407480e-01   5.8113557e-01
   2.0000000e+00   3.3880871e-01  -4.2289723e-01   2.3816699e+00   1.8043558e+00  -6.9064355e-01   1.2212510e+00
   2.0000000e+00   5.0301399e-01   1.1662487e+00   5.5414988e-01   6.8643052e-01  -1.6189994e+00   2.6713938e+00
   2.0000000e+00   8.6934494e-01  -5.8754692e-01   7.5858678e-03   7.4588201e-02   1.0645113e+00  -5.8305461e-01
   2.0000000e+00   1.0019102e+00  -5.0166788e-01  -1.2294086e+00  -5.2750662e-01  -4.7558927e-01   4.8833383e-01
   2.0000000e+00  -2.3294769e-01   1.1347489e+00   7.9049295e-01   9.5917591e-01  -8.5015847e-02   1.0553708e+00
   2.0000000e+00   1.6681285e-01  -6.3289895e-01  -9.7285828e-01  -1.0147673e+00  -3.4273315e-01   2.6596476e-01
   2.0000000e+00   9.5374514e-01  -3.9000137e-01  -1.4826768e+00   5.1303089e-01  -5.2959420e-01  -2.0152305e+00
   2.0000000e+00   1.0584290e+00  -7.5300103e-01  -4.3247178e-01   1.1629652e+00  -1.8978677e+00  -2.7435488e-02
   2.0000000e+00   5.0680728e-01  -2.7203189e-01  -1.2600872e+00   3.8627589e-01   1.2851627e+00   3.1786739e-01
   2.0000000e+00  -1.5216505e+00  -1.3173308e+00  -6.1589603e-02   6.6642896e-01  -6.4784119e-01  -7.8987760e-01
   2.0000000e+00   1.3846282e+00  -9.2895406e-01  -1.9442049e-01  -1.9757944e-01   1.6912323e+00   2.6419915e+00
   1.0000000e+00  -1.6447566e+00   2.0428749e-01  -3.0569868e-02   2.8492297e-01  -8.4273658e-01   1.0563349e-01
   2.0000000e+00   1.1208010e+00   3.0807478e+00  -1.6904239e-02  -1.3728070e+00   7.9254602e-01   7.1153835e-01
   2.0000000e+00  -3.4278509e-01  -1.6854638e+00  -1.9019342e-01   3.8610185e-01   6.5186291e-01   8.3602861e-01
   2.0000000e+00  -8.6384890e-01   1.4871990e-01   1.1140815e+00  -1.0590934e+00  -8.4503831e-01   4.2555079e-01
   2.0000000e+00   7.7791984e-01  -1.0566092e+00   8.5760517e-01  -5.3534332e-02   8.6588556e-02  -1.2149258e+00
   2.0000000e+00  -4.5134747e-01   1.6725744e+00   1.0533457e+00   2.7898454e-01  -4.8705884e-01   5.7823514e-01
   2.0000000e+00  -2.0614983e+00  -9.2697284e-01  -3.0869263e-01   2.8409612e-01   1.7531062e+00  -8.5592102e-01
   2.0000000e+00   1.4302787e+00  -5.7438213e-01  -7.3598954e-01  -8.0632701e-01   3.7804365e-03   3.9155445e-01
   2.0000000e+00   1.1832617e+00  -3.6035710e-01  -1.1337259e+00   2.2962303e-01  -1.5576710e+00   1.5417077e-01
   2.0000000e+00  -1.4724464e+00  -1.0639945e+00   3.6707688e-01  -1.4969618e+00  -3.9597830e-01   7.3065099e-01
   2.0000000e+00   7.3256101e-02  -1.0090424e+00   2.2119270e-01   1.5146372e+00  -3.5882818e-01   6.9158966e-01
   2.0000000e+00  -1.2903512e+00   2.6972882e-01  -1.6733617e+00  -1.1904921e-01   9.9061356e-01  -1.4503808e+00
   2.0000000e+00  -1.6722020e-01  -7.3970816e-01   2.9202378e-01   4.0312869e-01   1.7062692e+00   1.1213260e+00
   2.0000000e+00   1.1351225e+00   8.2901939e-01  -7.8694839e-01  -1.3316075e-01  -1.0821549e+00  -6.0779143e-01
   2.0000000e+00  -1.4311124e+00  -1.1502279e-01   1.2925200e+00   9.0191550e-01  -9.4489904e-01   4.4667176e-01
   2.0000000e+00  -3.1368998e+00  -1.5414851e+00   1.4215005e+00  -8.1109151e-01  -5.6898371e-01  -1.4482761e+00
   2.0000000e+00  -1.9119275e+00  -4.9308207e-01  -8.9758795e-01   3.1373384e-01  -2.5637956e-01   1.9573839e-01
   2.0000000e+00   3.8729139e-01  -1.2901274e+00  -3.9301522e-01  -9.9164861e-01  -2.5015759e-01  -9.3945315e-01
   2.0000000e+00   9.5880788e-01   3.9372486e-01  -5.8183282e-01   2.0273653e+00   1.0434900e+00   6.4934606e-01
   2.0000000e+00  -1.1304511e+00   9.4128160e-01  -4.6913386e-01  -3.6970703e-01  -7.0672765e-01   9.9376403e-01
   1.0000000e+00   4.1125394e-01   3.8318206e-01  -2.5316181e-01  -1.2767205e+00  -4.8371461e-01  -1.6567860e+00
   2.0000000e+00   8.1860790e-01  -2.0987600e-01  -1.1685778e-01  -4.2113405e-01  -7.0341020e-01  -1.7709382e+00
   2.0000000e+00   9.4694958e-01   1.1912483e+00  -1.1724995e+00  -4.3702470e-01   9.6954985e-01   2.3872435e-01
   2.0000000e+00   6.9579801e-01  -1.5190469e+00  -5.6154919e-01  -1.5406896e+00  -1.2751636e-01  -6.6565903e-01
   2.0000000e+00  -9.1463397e-01  -9.9602696e-01  -1.1073623e+00   5.0758981e-01   9.1675753e-02  -5.9857514e-01
   2.0000000e+00   1.3727414e+00   2.9288056e-01   1.0372026e+00  -8.2916221e-01  -1.8439856e+00  -9.3374889e-01
   2.0000000e+00  -1.6545672e+00   1.1748642e+00  -3.0877990e-01  -2.2513131e-01   5.9817292e-01  -9.0542875e-01
   1.0000000e+00  -1.5171516e-01   2.1757348e-01  -7.6438715e-01   1.4388859e+00   1.8881890e-01  -6.0189922e-01
   1.0000000e+00   5.6829754e-01   7.9448434e-01   1.0250344e-01  -7.0971646e-01   4.7082219e-01   7.3081920e-01
   2.0000000e+00   1.7812040e+00  -2.4504755e+00  -2.3544259e+00  -1.3636992e+00  -9.4174787e-01   5.1875140e-01
   2.0000000e+00  -1.6579895e+00  -9.8488792e-01   8.9891837e-01  -7.2025618e-02   4.0597591e-01  -1.5305044e+00
   2.0000000e+00   4.6844999e-01  -6.5419926e-01   1.1738583e+00  -1.1689779e+00   6.6062527e-03  -1.9022026e+00
   2.0000000e+00   7.6955337e-01  -5.1655929e-01   9.3516386e-01   1.5360119e+00  -7.1420321e-02   1.4212716e-01
   2.0000000e+00  -4.6170915e-01  -9.4727757e-02  -1.8061628e-01  -1.6104248e-01  -3.0955243e-01  -2.3180508e-01
   2.0000000e+00  -6.7272493e-01   1.8851108e+00  -8.9774829e-01  -3.6173828e-01   8.1059567e-01   8.0401873e-01
   2.0000000e+00  -2.2121692e-02   9.3800762e-01  -6.8874822e-01   4.9405511e-01   2.3341121e+00   1.1736436e+00
   2.0000000e+00   2.7603962e-01  -1.7700415e+00   1.2918931e+00   9.1514673e-01   9.6392138e-01   2.3932380e-01
   2.0000000e+00   2.2709842e+00  -2.4494223e-01  -2.2023640e-01   1.1176997e-01   2.4333863e-01  -2.3190756e-01
   2.0000000e+00   9.9035814e-01   1.1130263e+00  -8.3610675e-01  -1.0233932e+00   1.5392930e-01  -9.7256610e-01
   2.0000000e+00  -6.1746262e-01  -1.3433258e+00   2.5622167e-03   2.0277473e+00   8.8643290e-01  -2.5886048e-01
   2.0000000e+00  -1.5268031e+00  -1.7065457e+00   1.2666250e+00   8.8420236e-01  -3.2065359e+00  -4.6936653e-01
   2.0000000e+00   6.2602901e-01  -1.0679995e+00   9.0759617e-02   2.7495574e-01   7.1067440e-01   8.4568604e-02
   1.0000000e+00   3.5514778e-02   9.1268101e-02  -6.0847133e-01   4.2022801e-01   3.7550703e-01   1.0504688e+00
   2.0000000e+00   6.2011328e-01   1.2267982e+00   1.4032520e+00   1.8960478e+00   1.6323300e+00  -8.3499896e-01
   2.0000000e+00   1.2722149e+00   3.8763234e-01   1.1867239e+00  -1.3325743e+00  -3.6262400e-01  -7.8125174e-01
   2.0000000e+00  -6.7214976e-01  -5.6708383e-01   4.4041966e-01  -5.7537601e-01  -8.8765015e-01  -6.1905721e-01
   2.0000000e+00  -1.6117011e-01  -1.3357977e+00   1.3620698e+00  -3.1010667e-01  -1.6821366e+00  -2.0477599e-01
   1.0000000e+00   1.4242372e+00   5.8524823e-01  -9.8700971e-02  -6.6867649e-01   2.5732626e-01  -1.8257171e+00
   2.0000000e+00   5.1981382e-01  -7.1943030e-01   5.1101838e-02   4.1082328e-01   8.0409942e-02   4.0000110e-01
   2.0000000e+00   1.4714389e+00   7.1030608e-01   7.7239491e-01   6.5095367e-01   3.7706643e-01  -6.5053162e-01
   1.0000000e+00   1.7997266e-01   8.4673943e-01   2.9287461e-01   8.9338683e-02  -2.0887469e+00   1.1421417e+00
   2.0000000e+00   1.7052320e+00   3.8967742e-01   3.0542159e-01  -1.9773724e+00  -2.0833506e-01  -1.0671927e+00
   1.0000000e+00   3.1568416e-02   7.4923508e-01   6.4087613e-01  -1.2681806e+00   8.5216310e-01  -1.1655972e+00
   1.0000000e+00   1.9345974e-01   4.5056198e-01  -5.0884735e-01   1.6755693e+00  -1.5181383e+00  -7.4595665e-01
   2.0000000e+00   1.2530400e-01  -6.9318951e-01   8.8902909e-01  -7.1783334e-01   6.4045611e-01   1.1278345e+00
   2.0000000e+00  -1.2332452e+00  -5.7081394e-01  -3.8162216e-01   3.2678610e-01   6.1974422e-01   5.4152349e-02
   2.0000000e+00   8.3086600e-01  -1.9590421e-01   1.0877398e-01   5.0334244e-01   1.0079237e-01  -8.8991681e-02
   2.0000000e+00  -7.5378550e-01  -7.1222426e-01   1.9865806e-01  -1.6549846e+00   3.0423932e-01  -1.1283180e+00
   2.0000000e+00  -6.7999764e-01   2.0398073e+00  -7.2735937e-01  -4.3378717e-01  -3.7504739e-01  -3.0793939e-01
   2.0000000e+00   2.8224139e-01  -9.6194548e-01  -7.6535868e-01   1.8428935e-01   4.6635776e-01  -1.6402018e-01
   2.0000000e+00  -3.8158237e-01  -1.6979198e+00   8.9250246e-03  -1.0212976e+00   2.7901826e-01   9.1998571e-01
   2.0000000e+00   6.9686632e-01  -2.2778583e-01  -2.8531872e+00  -2.9622910e-01   1.0577334e+00   7.0780224e-01
   2.0000000e+00  -1.9187464e-01  -1.9994836e-01  -1.2339165e+00   7.4785313e-02   1.7129622e+00  -2.2567544e+00
   2.0000000e+00  -1.6221624e-01   1.1957839e+00   8.7480364e-01   5.9161659e-01  -1.9283838e-01   1.7903038e-01
   2.0000000e+00   1.7260263e+00  -1.7120567e+00   1.7307471e-02  -3.0318946e-02   2.3234430e-01   9.2127700e-01
   2.0000000e+00  -3.5898334e-02  -5.4171669e-01  -1.9535074e-01   8.6010564e-01  -1.6224526e+00   2.4566192e-02
   2.0000000e+00  -1.7617418e+00  -5.3735662e-01   5.6478783e-02  -6.6481472e-01   7.1697529e-01  -1.0635315e+00
   1.0000000e+00  -1.6847772e-01   9.0025317e-01   3.8052547e-01   1.0562286e+00   7.4290573e-01  -9.1242672e-02
   2.0000000e+00  -1.0566103e+00  -1.8684681e-01  -2.4471659e-01  -1.4040009e+00   7.7511513e-01   1.0962429e+00
   2.0000000e+00   5.4594330e-01   1.9374632e-01  -1.1195235e+00   8.9406574e-01   6.5964305e-01   5.6152596e-01
   2.0000000e+00   1.3422036e+00  -1.4451242e+00   2.4476259e+00  -1.2326294e+00   5.0448338e-01  -4.5958259e-01
   2.0000000e+00   7.5515453e-02   4.8478398e-01  -1.3464298e+00   5.2245141e-02   3.7415255e-01  -3.8356626e-01
   2.0000000e+00   2.1580669e-01  -1.1029828e-01  -2.5509660e-01   1.2335169e-01  -1.6553530e+00   9.3374091e-01
   1.0000000e+00  -7.7178062e-01   7.8375917e-01  -3.4865658e-02  -4.7257918e-01   5.8365730e-01  -1.2583999e+00
   2.0000000e+00  -1.2693993e-01   1.3607103e+00  -8.8691467e-01   1.0857429e+00  -8.2543283e-01   2.3307898e-01
   2.0000000e+00  -9.1204081e-02   1.7120818e-01   5.2761686e-01   2.5106833e+00  -6.2943321e-01  -2.2865050e+00
   2.0000000e+00   3.7030512e-01  -7.8862415e-01   3.5746761e-01   1.1940757e+00   1.7357500e+00  -3.5825762e-01
   2.0000000e+00   1.7305938e+00  -5.2159825e-01   8.7283623e-01  -1.5517744e+00   1.4780193e+00   9.1567066e-01
   2.0000000e+00   3.6267494e-01   1.2084927e+00   1.3980801e+00   7.9573459e-02   1.6064634e-01   1.4898537e+00
   2.0000000e+00  -3.8514996e-01  -1.3884018e+00   6.5461303e-01  -1.1903052e-01  -3.1332403e-01   3.9411816e-01
   2.0000000e+00  -9.8276037e-01   1.4722279e+00  -1.0245885e+00   1.4724710e+00   3.8371054e-01  -2.0794657e-02
   2.0000000e+00  -4.6966027e-01  -1.1447326e+00  -1.3256325e+00  -9.8077403e-01   3.1072213e-03   1.0823581e+00
   2.0000000e+00  -1.4741378e+00   5.0940367e-01  -3.9877112e-01   2.0276969e+00  -2.0506189e+00  -6.7048240e-01
   2.0000000e+00   5.0437532e-01  -7.0405102e-01   6.5985086e-01   2.1020242e+00   7.8517293e-01  -4.6213112e-01
   1.0000000e+00  -5.5569075e-02   3.2322472e-01  -3.9460865e-01   9.8517979e-01   1.2005365e+00  -1.1044026e+00
   2.0000000e+00  -1.5622192e+00  -6.7760943e-01   1.4225812e+00  -5.0963183e-02  -5.7572160e-01   1.0175360e+00
   1.0000000e+00  -2.0968240e+00   7.9720247e-01  -5.0538088e-01   2.7957349e-01  -5.9828213e-01   1.5103716e+00
   2.0000000e+00  -2.9563331e-01  -2.1986820e+00   2.9240233e-01  -2.4153607e-01  -7.0015291e-01   8.7759500e-01
   2.0000000e+00   8.0102732e-01   3.1785815e+00  -5.3282947e-01  -5.2193354e-01  -4.0896101e-01   6.5439877e-01
   2.0000000e+00   2.7432541e-01  -2.4323319e+00  -2.9169514e-01  -5.2277400e-01   1.7871891e+00  -1.3994754e-01
   2.0000000e+00  -1.0609106e+00   9.3988786e-01  -1.2269788e+00  -1.0785666e+00  -3.9290853e-01  -5.4947375e-01
   2.0000000e+00   6.9470051e-01   1.1771455e+00  -1.2517557e+00  -1.0007264e-01   4.1221975e-01  -9.7655384e-02
   2.0000000e+00  -8.4181299e-01  -7.7445009e-01   6.7874393e-01   7.4480028e-01  -5.8340452e-01   9.2524199e-01
   2.0000000e+00   6.5082338e-01   1.9604569e+00   9.6143151e-01  -6.3251117e-01  -7.2576669e-01   1.9491150e+00
   2.0000000e+00  -4.5821810e-01  -1.2756610e+00   1.6785809e+00   2.7025419e-02   6.2133152e-01   1.9054384e+00
   2.0000000e+00   1.2155015e+00  -4.4099778e-01  -3.1641434e+00   3.4519576e-01  -3.2161647e-01  -1.9354204e+00
   2.0000000e+00  -5.4132910e-02   1.8855608e-02   8.8662731e-01   2.7645664e+00   2.2384880e+00  -2.8944447e-01
   2.0000000e+00   2.0688039e-01  -6.3748116e-01  -1.5027551e+00   6.5218117e-01   6.8804111e-01  -8.9571582e-01
   2.0000000e+00  -1.1165875e+00   7.5928604e-01   1.5504743e+00   1.2505606e-01  -3.0963698e-01   6.2552229e-01
   2.0000000e+00  -3.6009454e-01   2.8540318e+00  -8.6758909e-01   1.6007299e+00   6.0432057e-01   1.2530217e-01
   2.0000000e+00   2.8692626e-01  -4.9531949e-01   2.7301068e-01   2.3070650e-01   2.5491555e-01   8.6947686e-01
   2.0000000e+00   5.1884160e-01  -6.4344832e-02  -4.6538792e-02  -3.9592647e-02  -2.7781624e-01   2.4547372e-01
   2.0000000e+00   4.1329942e-01  -2.0923852e-01   9.1864197e-02   4.1750838e-01  -3.7661630e-01  -5.8808133e-01
   2.0000000e+00   4.5789904e-02   9.4541334e-01  -4.2011666e-01  -1.0766341e-01   1.6471138e+00  -8.9368951e-01
   2.0000000e+00  -3.5099239e-01   9.6389960e-01   7.7898086e-01  -6.9439807e-01   3.2088356e-01  -7.5793212e-01
   2.0000000e+00  -4.5299057e-02  -1.7301701e+00  -7.2616707e-01   2.2005307e-01  -1.1590208e+00  -8.9096810e-01
   2.0000000e+00   2.6221733e-01   1.8182239e+00  -1.5132765e+00  -5.1140174e-01   1.6346931e-01   3.3749471e-01
   2.0000000e+00   9.7148322e-01  -9.3355643e-01   1.4541566e-01  -1.5742786e+00   3.3305354e-01   1.3824824e-01
   2.0000000e+00  -1.9279682e-01  -6.7442601e-01   1.6906197e-01  -8.9105766e-01   9.3019982e-01  -1.2165090e+00
   2.0000000e+00  -5.4014633e-01  -1.5691208e-01  -1.7567921e-01   4.6106641e-01   5.9124937e-01  -2.0682270e-01
   2.0000000e+00  -1.4537861e+00  -9.8954090e-01  -7.2070355e-01  -1.3738624e-01   1.2880195e-01   1.7076433e+00
   2.0000000e+00  -9.8575666e-01  -1.4825200e+00   1.1343918e+00   3.3037662e-01  -2.1276568e+00   1.2070198e+00
   2.0000000e+00   1.0094288e+00   4.9567143e-01   1.5399310e+00   8.1157559e-01  -8.8414443e-01   1.8744205e+00
   2.0000000e+00  -2.0189580e+00  -2.2025004e-01  -2.3967028e+00  -8.4647637e-01   2.4739426e-01  -7.8639037e-01
   1.0000000e+00  -7.1674816e-01   1.4159593e-01   3.8330283e-01   7.6269213e-01   2.3125324e-01   5.2283098e-01
   2.0000000e+00  -1.2747411e+00  -3.5981004e-01  -1.5403336e-01  -2.7244256e-01   1.2843967e+00  -1.2636132e+00
   2.0000000e+00   1.2841969e+00  -5.4643879e-03  -6.9170394e-02  -4.5596010e-01   6.7802391e-02   3.1276814e-01
   2.0000000e+00   1.1224168e+00  -2.5397216e+00   1.3490605e-01  -5.2717728e-01   6.9545192e-01  -1.8792645e+00
   2.0000000e+00  -2.4887001e+00   1.0173109e+00  -6.9088835e-01   3.7046952e-01   2.8910114e-01  -6.4254113e-01
   2.0000000e+00  -1.3241253e-01  -7.6075566e-01  -1.2485979e+00  -6.2298218e-01   1.9071098e+00  -1.3977749e+00
   2.0000000e+00   1.5176943e+00  -1.3854131e+00   5.7488339e-01  -7.4978664e-01  -4.8721852e-01   7.7943870e-04
   2.0000000e+00   6.0603802e-01  -9.8975192e-01  -3.1412718e-01   2.6387821e+00   4.7809096e-01  -2.7069252e-01
   2.0000000e+00  -3.0200545e-01  -3.4619848e-01   3.1302590e-01  -3.2611052e-01   4.4400427e-01   2.1468487e+00
   2.0000000e+00   2.6510515e-01   1.3556288e+00   3.0490903e-01  -1.1080185e+00   1.5254258e+00   3.7801219e-01
   2.0000000e+00   3.1697257e-01   1.2973796e+00   7.3833594e-01  -6.7371403e-02   1.1178062e+00   1.2962755e-01
   2.0000000e+00   4.8481019e-01  -9.5741420e-01   7.5814881e-02  -9.6284873e-02  -1.2279984e+00   3.5100776e-01
   2.0000000e+00   9.5546979e-01   1.2838701e+00   8.1821575e-01  -5.8415501e-01  -7.4383863e-01   8.5353740e-01
   2.0000000e+00  -1.1001362e+00   3.5958331e-01   1.3166989e+00  -9.1910575e-01  -8.6380824e-02   3.1380957e-01
   2.0000000e+00  -1.1648169e+00  -7.7278850e-01   6.1239058e-01   4.5116323e-01  -1.1541674e+00  -3.5744845e-02
   2.0000000e+00  -1.0933265e+00  -1.7086322e+00   1.3969016e+00  -6.7325512e-01  -1.6673241e+00  -1.8073548e-01
   2.0000000e+00  -1.6824388e+00   9.5369728e-01  -3.4990629e-01   6.4253200e-01   1.2710306e+00   2.0607596e-01
   2.0000000e+00   7.2118170e-01   2.1003579e+00   3.7552706e-01   1.4183068e+00   9.6724365e-01  -6.0334574e-01
   2.0000000e+00   4.1322503e-01  -5.7782489e-01  -1.0747763e+00  -4.1161971e-01  -9.6610534e-01  -2.5325410e-01
   2.0000000e+00   2.4880514e-01  -1.5960994e+00  -1.6899819e+00   5.2066210e-01   1.2434446e-01   8.0126581e-01
   1.0000000e+00   1.9287106e-01   2.7320388e-01   7.9348643e-01   2.0047648e-01  -6.4828886e-01  -1.0812467e+00
   2.0000000e+00  -1.0629043e+00   2.2743056e+00   1.3459957e+00  -2.0639690e-01   1.5416883e-01   3.4540343e-01
   2.0000000e+00  -9.0995893e-01  -4.2611302e-01   4.5630206e-01  -1.7189943e+00   4.7440343e-02   6.6665070e-01
   2.0000000e+00   1.4129301e+00  -1.6224888e+00   2.2250222e+00   4.6920058e-01  -2.5589492e-01   1.0163120e-01
   2.0000000e+00  -3.0107428e-01  -7.6114111e-01   1.3028479e+00   1.1280305e+00  -1.8226337e-01  -6.5039529e-01
   2.0000000e+00  -1.0168043e-01  -4.4943714e-01   1.1063941e-01   1.0680066e+00  -1.8027963e+00  -8.5462365e-01
   2.0000000e+00   6.2730051e-01  -9.7729923e-01  -4.6980145e-01   1.4773272e+00   1.0529632e+00  -1.1069214e+00
   2.0000000e+00   1.4965402e+00  -1.1006337e-01   1.8405961e+00   5.5766864e-01  -2.0017071e+00   1.4740484e+00
   2.0000000e+00  -2.1107868e-01  -3.5658935e-01  -1.4568942e+00  -1.1401707e+00   1.3909477e+00  -6.3024509e-01
   2.0000000e+00   1.0093182e-01   1.9564980e+00  -1.9530804e-01  -2.2717731e-01  -1.2301954e-01   4.6443419e-01
   2.0000000e+00  -9.1460034e-01  -4.3427136e-01   5.2314986e-01   8.0469205e-02   8.1814569e-01   2.0874469e+00
   2.0000000e+00   1.3898783e+00   6.6159201e-01   9.6817583e-01  -2.5722013e-01   2.3110404e-01  -5.5289938e-02
   2.0000000e+00   1.8870041e-01   2.6734739e+00  -3.0509004e-01   9.5931792e-01   1.2898608e+00   9.4080006e-02
   2.0000000e+00  -3.0791684e-01  -5.2828472e-01   1.0620447e+00   1.8125706e-01   1.5758452e+00   3.2780022e-01
   1.0000000e+00  -3.7062541e-01   3.0729849e-01  -1.6362549e-01  -8.9716593e-01  -2.8817391e+00  -1.0843130e+00
   2.0000000e+00   3.8722217e-02   3.0778826e-01   2.1172279e+00   3.6510203e-01  -1.7137923e+00   6.3048779e-01
   2.0000000e+00  -3.0710170e-01  -1.8705361e+00   6.8733652e-01  -1.3403600e+00   5.6762919e-01  -1.8344681e-01
   1.0000000e+00  -7.3581681e-01   2.2066988e-01  -5.3859436e-01   5.7548126e-01   4.9153993e-01  -8.4168133e-01
   1.0000000e+00   1.5601732e+00   3.4760542e-01  -7.9758320e-01  -3.0706653e-01  -4.1775775e-01   4.5249202e-01
   1.0000000e+00  -9.2019781e-03   4.5090026e-01  -1.4742929e-01   7.5629367e-01  -9.7780654e-01   1.3895914e+00
   2.0000000e+00   3.1082298e-01   4.4694497e-01   9.6185946e-01  -5.3966733e-01   1.7506370e+00   4.5680719e-01
   1.0000000e+00  -3.8938390e-02   4.3665675e-01  -5.4402897e-02  -3.5107673e-01   1.1541222e+00   5.4820678e-01
   2.0000000e+00  -1.9321787e-01  -2.8990223e-02  -1.2065788e+00   3.1957105e-01  -1.6296849e-01  -9.0918003e-02
   2.0000000e+00   7.2686369e-01  -1.0315405e+00   4.3846376e-01   8.5246372e-01  -8.2226178e-01   1.4596160e-01
   2.0000000e+00  -2.4948804e+00  -1.6576691e+00  -4.5501390e-01   7.3153842e-01   4.7302421e-01  -2.9934525e-01
   2.0000000e+00   5.3875295e-01  -1.3014995e+00  -4.7363818e-02   1.1056644e+00  -1.6302447e-01  -7.0421649e-01
   2.0000000e+00  -2.3504930e-01  -5.5319440e-01   8.4147977e-01   1.5177944e+00  -1.5603025e-01  -1.2145191e+00
   1.0000000e+00   2.0810729e-01   1.8086681e-01  -2.4326990e-01  -1.3396882e+00   1.5032575e-01   2.0213101e-01
   2.0000000e+00   8.3166323e-01  -7.1941299e-01  -6.6985146e-01   2.9120847e-01  -1.6921117e+00  -7.2308002e-01
   2.0000000e+00   1.3094544e+00  -4.8510961e-01   1.3525188e+00   8.3927024e-02   1.8546828e+00  -3.5170720e-01
   2.0000000e+00   8.5180459e-02   1.3769221e+00   1.7641689e+00   8.4161345e-01  -1.4949945e+00  -1.3842739e+00
   2.0000000e+00  -1.7871490e+00  -6.7871208e-01  -4.5174559e-01  -2.6468241e+00   8.9141292e-02   4.3914652e-01
   2.0000000e+00  -2.9175374e-02   1.3091247e-01   1.5303814e+00   1.3701149e+00   7.0101904e-01   9.6820957e-01
   2.0000000e+00  -5.1707805e-01   7.5422755e-01  -9.5233301e-01   6.0769359e-02   9.0870602e-01   3.8738086e-01
   2.0000000e+00   5.7225529e-01  -3.5189523e-01  -4.5827917e-01  -5.1073876e-01   4.4817952e-01   9.7530654e-01
   2.0000000e+00  -2.7477419e-01   8.3312394e-01   1.0083720e+00  -1.9218727e+00  -8.6170843e-01  -8.7800843e-01
   2.0000000e+00  -1.1403555e+00   5.0334415e-01  -1.3883536e+00  -7.8321536e-01   7.4660147e-01   1.7379092e+00
   2.0000000e+00  -6.8087861e-01   7.4507029e-02  -1.1182842e+00   6.4070637e-02   1.0861002e+00   1.5530503e-01
   2.0000000e+00  -1.2548688e+00  -3.5514140e-01  -1.4685390e-01   1.1811038e+00   1.2740443e+00   1.4621373e-01
   2.0000000e+00   2.9787744e-02  -6.0261703e-01   1.4627128e+00   1.2153539e+00   1.2180164e-01  -5.5239172e-01
   2.0000000e+00   1.0717958e-01  -1.2130336e+00  -3.0058873e-01   2.1083977e-01  -3.2663657e-01  -3.0303571e-01
   2.0000000e+00   9.3528640e-01   4.7464510e-02   1.0908721e+00   2.0261317e+00   1.3541386e+00   2.6522318e-01
   2.0000000e+00  -9.3063886e-01  -1.1280873e+00   2.7836605e-01  -1.9599763e+00   8.3541715e-01  -2.5853083e+00
   2.0000000e+00   1.0396038e+00  -2.9326068e-01  -8.8344543e-02   6.2006177e-01  -1.6924701e-01   1.7798906e-01
   2.0000000e+00   1.5659378e+00  -1.8448643e+00  -1.3886271e+00  -4.9931809e-01  -8.3548327e-02   9.1124439e-01
   2.0000000e+00  -6.3213361e-01  -1.4436686e+00   1.5238250e+00  -1.7838471e+00  -1.7069052e-01  -1.6810409e+00
   2.0000000e+00  -9.1528613e-01   1.1153597e+00  -4.0640442e-01   1.4495552e+00  -9.5229748e-01   1.9492585e-01
   2.0000000e+00  -1.1071000e+00  -2.7660990e-01   7.7557919e-01  -8.1791300e-01  -5.4331405e-02   6.6180291e-01
   2.0000000e+00   5.4353089e-01  -5.8444227e-01   9.4339548e-01   1.3421553e-01  -3.6443923e-02   5.8749115e-01
   2.0000000e+00  -4.7348016e-01  -6.9291360e-01  -1.3817811e+00   1.9198319e+00   2.4357591e-01   1.4828040e+00
   2.0000000e+00  -5.1894721e-01   1.0578268e+00  -8.6759057e-01  -2.0451192e+00  -6.0617539e-01   1.9270851e-01
   2.0000000e+00   1.5519628e+00  -2.2724987e-01  -1.0571030e+00   6.0345667e-01  -2.5720827e+00  -1.4743571e+00
   2.0000000e+00   9.5190676e-01   9.5552279e-01  -1.1275898e+00  -1.3816069e+00   8.8189872e-01  -9.5693358e-01
   2.0000000e+00  -1.2453811e+00   4.3285312e-01  -1.3434963e+00   1.0724510e+00  -3.5034414e-01  -3.1286917e-01
   2.0000000e+00  -3.9363654e-02  -2.9211825e-01   7.6485577e-01   9.7574550e-01   4.4437030e-01  -4.7164727e-01
   2.0000000e+00  -8.8245292e-01  -1.3216726e-01  -9.8039186e-01  -4.0599468e-01   8.9198608e-01   5.1944669e-01
   2.0000000e+00   4.2639973e-01  -1.3225037e+00   3.3893060e-01  -1.9994664e+00   1.0102099e+00   1.2058183e+00
   2.0000000e+00  -5.6302382e-01   1.2639030e+00  -4.1378497e-01   8.8960578e-01  -7.7249585e-01   8.0354392e-01
   2.0000000e+00  -1.8273697e+00   1.6657861e-01   1.3444793e+00   1.6673728e+00  -8.3774265e-01  -7.9581280e-01
   2.0000000e+00  -2.3942026e-02  -9.4277493e-01  -2.0218426e-01  -1.4921158e+00   6.8357684e-02   1.1870295e+00
   2.0000000e+00   3.6630791e-01   2.1812331e+00   1.6984759e+00  -9.8764302e-01   5.5295109e-02   1.2477286e+00
   2.0000000e+00  -1.8960350e-02  -1.2738204e+00  -1.5032966e+00  -2.7682835e-01  -3.9610838e-01   2.4060282e-01
   2.0000000e+00  -3.0610113e-01  -8.2892244e-01   1.4043222e-01  -1.5209460e+00   5.2325974e-01   9.5512397e-01
   2.0000000e+00  -1.1809456e-01  -3.6786152e-01   1.6204496e+00   1.8413848e-01  -1.5261033e+00  -1.7062853e+00
   2.0000000e+00  -6.5055428e-01  -1.7073327e+00   3.9278682e-01  -2.5809667e-01   4.2489282e-01   9.6619655e-01
   2.0000000e+00  -4.1993349e-01  -1.3583689e+00   1.0819453e+00   1.1531640e+00  -6.4494014e-01   1.7973664e+00
   2.0000000e+00  -1.9797931e+00  -4.3739048e-01   1.3100648e+00   5.8332350e-01  -7.7250861e-01   5.2805560e-02
   2.0000000e+00   4.3722423e-01  -1.0736103e-01   4.1560248e-01   1.0104883e+00  -6.0572231e-01   3.8561567e-01
   2.0000000e+00  -1.0625143e+00   2.1624630e+00   2.0444733e-01  -1.0407034e+00   3.4578524e-01  -5.3770739e-01
   2.0000000e+00  -1.5080858e+00  -5.9217878e-01  -8.3474460e-01  -1.1949903e+00   3.4427567e-01   1.3330233e-01
   2.0000000e+00  -9.5276574e-01  -1.9362198e+00   2.4407377e-01  -6.1611841e-01   2.3673810e-01   1.4177337e+00
   2.0000000e+00  -3.9435727e-01  -2.5752213e+00   9.4454718e-01  -8.8378952e-01  -3.4844377e-01   1.7948463e+00
   2.0000000e+00   1.7374903e+00  -7.8509276e-03   3.9535752e-02  -1.3046719e+00  -8.5364418e-01   8.6239843e-01
   2.0000000e+00   6.1932446e-01   4.8044070e-02   1.2561028e+00  -1.1560104e+00  -9.8233827e-01   6.2531194e-02
   1.0000000e+00   1.3638328e+00   2.0411363e-01   2.7442355e-01   6.1417052e-01   1.6015046e-01  -3.3304210e-01
   2.0000000e+00  -3.1171292e-01  -6.2707718e-01  -4.7336910e-01  -1.3210265e+00  -1.2813381e+00   2.0856125e-01
   1.0000000e+00   3.6045186e-01   9.3703170e-01  -7.8590247e-02  -3.4502382e-01   9.2871481e-01  -9.6186589e-01
   2.0000000e+00  -6.4801153e-01  -2.4344743e+00   2.8508488e-01   6.3622874e-01  -8.8669781e-01  -6.2801133e-01
   2.0000000e+00  -1.5233103e+00  -5.0166849e-01   2.2939185e+00  -1.2533362e+00  -2.1393047e-01   1.0933522e-02
   2.0000000e+00   2.3473379e-01  -2.6864812e+00  -3.7785905e+00   1.5335178e-03   7.0876668e-02  -9.5946027e-01
   2.0000000e+00  -7.0333920e-02  -4.4486934e-01  -8.1826062e-01   1.3905613e+00  -4.6501955e-01  -5.7110721e-01
   2.0000000e+00  -3.0394747e-01  -8.7149012e-02   9.9600337e-01   5.6834089e-02   2.5793902e-01  -1.5835211e+00
   2.0000000e+00   2.6078498e-01  -1.7359469e+00  -7.2711942e-01   2.7872506e-01  -1.2349993e-01   1.0273623e-01
   1.0000000e+00   7.6651020e-01   1.8283962e-03   8.5665173e-01   7.8549550e-01   3.8893632e-01  -6.3839222e-01
   2.0000000e+00   5.0814599e-01  -3.0397811e-01  -3.1036829e-01   4.9172677e-01  -3.1808887e-01   1.0467740e+00
   2.0000000e+00  -1.0598665e+00   3.4122548e-01   1.2422192e+00   1.2668725e+00   1.3200237e+00  -1.3981543e+00
   2.0000000e+00  -7.0856074e-01   1.9613187e+00   1.5567125e-01  -1.6004705e+00  -8.5092106e-01   4.8080817e-01
   1.0000000e+00   8.3336134e-03   4.1597330e-01   3.0133791e-01   4.7206922e-01  -1.0493324e+00  -1.4439387e+00
   2.0000000e+00  -1.2460467e+00   1.0361231e+00   1.8723201e-01   9.2144230e-01  -1.3961583e-01   5.4026108e-01
   2.0000000e+00  -7.9136952e-01  -5.1536314e-01   6.2979084e-01  -3.3034314e-01   1.2558055e+00  -5.1453359e-01
   2.0000000e+00  -2.2541933e-01   1.5780747e+00  -2.7506023e-01   5.2301413e-01   5.9983322e-01  -1.3840612e+00
   1.0000000e+00   1.0285285e+00   9.1307208e-01  -1.8034931e-01   3.0655446e-01  -4.6027497e-01  -6.1125886e-01
   2.0000000e+00  -1.3774485e-01  -2.3461571e-01   1.3133044e+00  -4.6030143e-01   5.2937477e-01   8.0954152e-02
   2.0000000e+00   1.5747192e+00  -6.0813721e-03  -1.9382777e+00   1.6116958e-01  -2.2147300e+00  -4.7462617e-01
   2.0000000e+00  -1.6094673e+00  -7.0422891e-01  -1.0978647e+00   6.4825389e-01  -7.1765125e-01  -1.9038115e+00
   2.0000000e+00   7.1108747e-03  -1.0610399e+00   1.1832908e+00   1.1427253e+00  -1.6777433e-01   7.2740701e-01
   2.0000000e+00   6.1031910e-01  -4.5299170e-01   2.3848037e-01  -8.4865533e-01  -1.0297697e-01  -3.9184892e-01
   2.0000000e+00   7.2019386e-01  -2.4611904e-01  -2.7795354e+00  -9.0067457e-01  -1.3850306e+00  -5.5534374e-01
   2.0000000e+00  -5.1995374e-01   6.3155490e-01  -1.2355736e+00   1.0578685e+00  -9.2767109e-01   3.4686675e-01
   2.0000000e+00  -1.6824567e+00  -7.2687992e-01  -9.4620935e-01  -7.1490256e-01   1.8280146e+00   8.6060540e-01
   2.0000000e+00   6.9241376e-01  -5.2990499e-02   9.9381859e-01   1.9065003e+00   7.1256221e-01   7.9367207e-01
   2.0000000e+00   7.8959246e-01   1.4802314e+00  -1.0932969e+00  -4.4795765e-01  -1.5810130e-01  -4.8162658e-01
   2.0000000e+00   1.1958570e+00  -4.1991993e-01   1.5170224e+00  -2.4029128e+00  -2.7649244e-01   7.6033637e-01
   2.0000000e+00   4.4649509e-01  -2.3513704e-01   1.7890234e+00   9.8430513e-01   1.2645802e+00  -1.1758914e+00
   2.0000000e+00   6.1417270e-01   1.0295924e+00  -9.4471306e-01  -1.1382305e-01  -9.6831125e-02   1.8939832e+00
   2.0000000e+00  -1.3018917e+00  -1.3413698e+00  -2.8264431e-01   2.1811280e+00  -9.6112336e-01  -1.3328844e+00
   2.0000000e+00  -8.8942323e-01  -1.0173129e+00   8.0839304e-01  -6.1832251e-02   4.3895293e-01   7.2397538e-01
   2.0000000e+00  -9.1995505e-01   3.9742425e-01  -1.7946031e+00  -3.7359575e-01  -8.9964798e-01  -2.2372871e-01
   2.0000000e+00   2.0384741e+00  -3.2250394e-01   8.9646007e-01   1.9347082e-01  -7.5524249e-01   1.9962619e+00
   2.0000000e+00   7.3984710e-01   9.9238209e-02  -1.0909110e+00   1.2394543e+00   1.5485406e+00  -2.0709317e-01
   2.0000000e+00   2.1844305e-01  -3.9950631e-01   3.0765318e-01  -6.4206354e-01  -2.5129335e-01  -9.1454926e-01
   2.0000000e+00  -1.0503459e-01  -2.3088337e-01  -5.1072757e-01  -2.3235113e-01   8.9017981e-01  -1.7177615e-01
   2.0000000e+00  -1.0413020e-01  -1.4661318e+00  -7.0796345e-01   1.1281724e+00   2.0884434e+00  -4.8776128e-01
   2.0000000e+00  -1.4575372e-01  -1.7154951e+00  -1.3531567e-01   1.4346002e-01  -7.9537301e-02   7.2740753e-01
   1.0000000e+00   3.4646408e-01   3.1410058e-01   1.4632931e-01   1.3081353e+00   1.9635734e-01   3.7706585e-01
   2.0000000e+00  -9.4973762e-01   3.9788882e-01  -1.0170428e+00   9.4410507e-01   1.8335231e+00  -1.5218468e+00
   2.0000000e+00  -7.1496051e-01  -4.6262336e-01  -1.6042443e+00  -6.6094522e-01  -7.6216192e-01  -2.4577189e-01
   2.0000000e+00  -2.4465264e+00   1.3353860e+00   4.0862337e-01   7.7935583e-02  -1.0441259e+00   1.7780236e-01
   2.0000000e+00  -1.3336585e+00   6.6656840e-01  -1.0657524e+00   6.9874220e-01   6.9678904e-01  -2.5293804e+00
   2.0000000e+00  -2.6349472e-01   1.5048236e+00   8.4189550e-01  -6.8127836e-02   9.0249818e-01  -1.1934732e+00
   1.0000000e+00  -4.3181991e-01   5.0404683e-01  -1.0971903e-01   5.2751772e-01   1.0085200e+00  -1.4823972e-03
   2.0000000e+00  -8.0824045e-01   1.2490485e+00   1.1950232e+00  -5.1923329e-01  -4.4892849e-01  -9.2878818e-01
   1.0000000e+00  -1.2362736e+00   1.4896953e-01  -6.6778959e-01   6.8969234e-01  -8.5684040e-01  -2.3426740e+00
   2.0000000e+00   1.2352997e+00  -2.7085023e-01   1.5463763e+00   1.4220943e+00  -8.1311545e-01  -3.4317993e-01
   1.0000000e+00  -2.1259191e+00   1.2428492e-01  -5.1206315e-01   6.6104770e-01   1.0554160e-01   7.1686629e-01
   1.0000000e+00  -4.8358876e-01   2.8769602e-01   6.3320611e-01   4.2691064e-01   9.1942188e-01  -5.9351029e-01
   2.0000000e+00  -1.2524114e+00  -1.2709267e+00   7.5099841e-02  -5.3963098e-01  -2.2668891e+00  -8.7245579e-01
   1.0000000e+00  -1.3573086e+00   2.7516725e-01  -5.1054404e-01   1.6642989e+00  -2.1781945e-01   2.0716900e-01
   2.0000000e+00   1.1077678e+00   9.0126261e-01   7.4637974e-01  -4.8689401e-01  -3.4891841e-01  -3.0968900e-01
   2.0000000e+00   8.5207913e-02   2.9497135e-01  -1.0451855e+00   1.0551505e+00  -8.7119844e-01  -7.7544954e-01
   2.0000000e+00   4.0102009e-01  -5.2225907e-01  -5.1875519e-01  -1.3368693e+00  -8.6853205e-01   2.4979102e-01
   2.0000000e+00   3.0905385e-02  -1.1195000e+00   1.4058314e+00   2.9971222e-01   5.1350769e-03   9.2572541e-02
   1.0000000e+00  -6.2501729e-01   2.3515632e-01   6.6486897e-01   1.3158917e-01   8.5918246e-01  -1.2990568e+00
   1.0000000e+00   8.0247558e-01   2.9557787e-01  -4.0128920e-02   5.6017456e-01   7.3355565e-01   8.9463475e-02
   2.0000000e+00  -8.8101003e-01   1.8732423e+00   2.8328687e-01   5.5343014e-01   1.5429273e+00  -6.3839675e-01
   2.0000000e+00   4.9205459e-01  -6.5900285e-01  -4.9727939e-01   1.1454153e-01   2.7145762e-01   1.6000140e+00
   2.0000000e+00  -2.4456216e+00   1.1095308e+00  -4.8026281e-01   1.0657050e+00  -1.3139905e+00  -1.7268914e-01
   2.0000000e+00  -5.3751945e-02  -2.0558116e+00   5.2441713e-01  -5.7720056e-01   4.1640005e-01   5.0073730e-01
   2.0000000e+00  -6.9875385e-01  -1.8222233e+00   1.9983601e-01  -7.1499501e-01  -1.2344728e+00   2.4202880e-01
   2.0000000e+00  -4.6297728e-01  -2.0438930e-01   1.0776087e+00   4.4249433e-01   1.1547737e+00   1.7012219e+00
   1.0000000e+00   7.5756756e-01   6.4600498e-01   3.3270824e-01  -4.8060708e-01  -9.0641037e-01   1.4519658e+00
   2.0000000e+00  -1.5789814e-01  -2.3833076e+00   5.1895466e-01  -1.2049798e+00  -2.4534106e+00  -7.7595102e-01
   2.0000000e+00  -2.2767314e-01   1.6355868e+00  -1.4793626e+00   1.7502417e-01  -5.1508004e-01  -5.2153712e-01
   2.0000000e+00  -2.0425197e-01   2.5818542e+00  -1.0739341e+00   1.3138463e+00  -1.9763924e-01   7.9763615e-01
   1.0000000e+00  -8.2621035e-01   4.0416391e-01  -6.9874254e-01  -1.2516677e+00   1.7627924e+00  -2.7945993e-01
   2.0000000e+00   3.2061398e+00   2.0848335e-01  -1.3864318e+00   1.5531267e+00   1.5014534e+00  -1.6549273e+00
   2.0000000e+00   8.1570676e-01   5.7640317e-01  -2.6282774e+00  -8.5311177e-01  -1.0382648e+00   3.2203485e-01
   1.0000000e+00   1.4952636e-01   4.1585559e-01  -2.1505836e-01   1.2012380e+00  -2.2589055e+00   8.6355009e-01
   2.0000000e+00  -6.2110048e-02  -2.5053572e-01  -5.1428634e-01   7.4303724e-01   7.7192080e-01  -1.9947059e+00
   2.0000000e+00   1.5730595e+00  -8.0324967e-02   3.3144797e-01   2.9299416e-01   2.9353209e-01   2.0465604e+00
   2.0000000e+00   6.5082327e-02   3.1183149e-01   1.9077434e+00  -6.9934230e-01  -6.5174829e-01   1.6920581e+00
   2.0000000e+00  -7.8148062e-01   1.2477970e+00   8.4077031e-01  -9.7432963e-01   1.5930542e-01  -1.0943809e+00
   2.0000000e+00   6.8093713e-01  -1.2286492e+00   3.1156511e-01  -1.8879572e+00  -3.1887944e-01  -1.0109376e+00
   2.0000000e+00   6.0533602e-01  -6.7080675e-01  -6.0571498e-01   1.8111431e-01  -1.3738235e+00   2.0762865e+00
   1.0000000e+00  -4.7649509e-01   4.2018251e-02   8.5778982e-01   4.8287241e-01   1.0526578e+00   7.2637635e-01
   1.0000000e+00   7.6811899e-02   6.1966144e-01   3.9087045e-01  -3.9614449e-01  -8.8723876e-01   9.4772462e-01
   2.0000000e+00  -3.8678681e-01  -2.0862669e+00  -1.7748992e+00   3.7516985e-01  -4.3856123e-01  -9.4121680e-01
   2.0000000e+00  -2.1524103e-01   1.0060561e+00  -1.0201560e+00   7.2255791e-01   5.8823103e-01  -1.0135065e+00
   2.0000000e+00  -9.9643039e-01   3.0991688e-01  -1.7315465e+00  -1.3705523e-01  -1.3066077e+00   1.3662771e+00
   2.0000000e+00   4.4811498e-02  -1.4952678e-01   1.2015029e+00   6.5407240e-01   2.9315223e-01  -1.3672320e-01
   2.0000000e+00  -1.7471066e+00  -5.0250728e-01   1.7700336e-01  -1.9869871e+00  -1.9204220e+00   9.3136493e-01
   2.0000000e+00   9.0760157e-02   5.7139196e-01   1.0657016e+00  -1.6688560e+00  -2.9498102e-01  -1.5516262e+00
   2.0000000e+00  -5.9738617e-01   2.3366050e-01   1.8258823e+00   5.5114500e-01  -1.8015692e-01  -1.6177895e-01
   2.0000000e+00  -5.5441169e-01  -2.3977043e+00   1.7660168e+00   2.5053235e-01  -1.2164083e+00   1.5680609e+00
   1.0000000e+00   1.4888010e+00   1.0148500e-01   2.0936679e-01  -3.7993514e-01   1.1299250e+00   1.8556636e+00
   2.0000000e+00   1.2260410e+00  -1.8136922e+00  -4.4996346e-01  -9.4017187e-02   1.0758231e-01  -2.0718129e+00
   2.0000000e+00  -7.1061220e-01  -6.2186634e-01  -1.2776086e-01   1.2306468e+00   3.6040019e-01  -6.3803096e-01
   2.0000000e+00  -8.7191646e-01  -5.0251348e-01   7.1762819e-01  -5.3028683e-01   1.3456365e+00  -1.8556343e+00
   2.0000000e+00   3.9323415e-01  -1.1091230e-01  -4.7573329e-01   5.4698016e-01  -4.1100602e-01   8.2537221e-01
   2.0000000e+00  -1.0328927e+00  -2.9771500e-01   8.5251755e-02   1.4122455e-01  -9.1955066e-01  -1.2423310e+00
   2.0000000e+00  -1.6673696e-01  -1.1315250e+00  -1.5592359e+00  -1.1482178e+00  -2.1679074e+00  -6.3979495e-01
   2.0000000e+00  -2.1220133e+00  -1.2475571e+00   9.6549187e-02  -1.4940320e-01   2.6543667e-01  -1.1356778e+00
   2.0000000e+00  -9.4920454e-02  -6.6260798e-02   1.1703585e+00   1.7319732e+00   1.6535082e+00   3.0840125e-01
   2.0000000e+00  -1.2294194e+00  -2.4836521e-01   9.1124624e-01  -8.5282741e-01  -8.1546189e-01  -9.6866854e-01
   2.0000000e+00  -1.1695747e+00   5.7686623e-01   8.8207077e-01  -9.0761838e-01  -1.5898270e+00   4.7860799e-01
   2.0000000e+00   2.3024641e+00   7.2675372e-01   1.0518250e+00  -7.1879835e-01   2.8204863e-01  -2.7325756e-01
   2.0000000e+00  -4.4986937e-01   1.5962735e-01  -1.1316984e+00   4.1907403e-01  -1.2364809e+00  -3.6543361e-01
   1.0000000e+00  -5.6449824e-01   9.3567448e-01  -2.8079475e-01  -6.6108050e-01   4.6957270e-01   1.2192417e+00
   2.0000000e+00  -2.1100507e+00  -5.1900416e-01   2.5220114e-01   4.7410939e-01  -2.3409366e+00  -2.8294109e-03
   2.0000000e+00   1.4005905e+00  -8.7097052e-01   1.1419140e+00  -1.6341839e-02   1.3142718e+00   3.6170691e+00
   2.0000000e+00  -1.4030303e+00  -1.2172064e+00  -8.1429654e-02   1.8282502e+00  -1.1584217e+00  -9.4475977e-01
   2.0000000e+00   1.0038774e-01  -5.1861150e-01  -1.4066758e+00   1.8895373e+00  -5.8360196e-01   9.6329523e-04
   2.0000000e+00  -1.1873067e+00  -1.7437910e-01  -1.5926374e+00  -6.8156220e-01   9.7321340e-01  -3.4058361e-01
   2.0000000e+00   4.7781984e-01   1.1649582e+00   6.8295375e-02  -4.1848441e-01   5.1846693e-01  -9.1477868e-01
   2.0000000e+00  -1.0163567e+00  -5.4194774e-03  -6.5222288e-01  -4.8460243e-01  -6.0366971e-01   7.6093740e-01
   1.0000000e+00  -1.9282025e+00   9.2322367e-01   3.4598703e-01   2.7808454e-01   4.1808921e-01   9.5353552e-01
   2.0000000e+00   8.6496188e-01   1.3097803e+00   1.4208641e+00   6.8021673e-01  -6.0703325e-01  -7.6573102e-01
   2.0000000e+00   1.3520642e+00   5.8103102e-01  -1.3142907e+00   4.4750702e-01  -1.0469958e-01   1.1705055e+00
   2.0000000e+00   1.6102767e+00  -1.6283361e+00   3.2901042e-01   9.1423687e-02   8.9105548e-01   2.8190038e-01
   2.0000000e+00  -9.1565241e-03  -1.3109253e-02  -1.6063482e-01  -7.1067377e-01  -1.3097281e+00   9.8789384e-01
   2.0000000e+00  -5.5510254e-01  -1.7247237e-01   9.9298720e-01  -3.4104012e-01  -3.9015695e-01  -4.6915864e-01
   2.0000000e+00   1.2521713e+00   9.3020952e-01   4.7995603e-01  -2.6544150e-01   2.0083566e-01  -8.4877737e-01
   1.0000000e+00  -9.3947987e-01   2.7876166e-01  -2.2947307e-01  -8.7541198e-02  -9.7304940e-01  -7.2535258e-01
   2.0000000e+00   2.6297069e-01  -4.8933443e-01  -8.6575948e-01   1.0605402e+00   1.4768858e-01  -4.3351647e-01
   1.0000000e+00  -1.7268065e+00   9.2609864e-03  -9.4947056e-01  -5.3562170e-01   3.0781181e-01  -2.5528542e+00
   1.0000000e+00   2.0477865e-01   8.5590057e-01   4.3909444e-01  -8.1088012e-01  -2.6637056e-01  -1.3280069e+00
   2.0000000e+00  -6.3165154e-01  -5.9313315e-01   3.4428420e-01  -2.3613078e-01  -9.0922931e-01  -6.5378340e-01
   2.0000000e+00  -1.8570836e-02  -5.7853153e-01   2.0424706e+00  -2.1266573e+00  -5.2759805e-02  -1.3537145e+00
   2.0000000e+00  -7.9037656e-01  -1.5614174e-01   4.5881734e-01  -4.6212784e-01   4.8853080e-01   1.9829880e-01
   2.0000000e+00   1.0218395e+00  -1.9623263e+00  -1.1509322e+00   6.2476807e-01   1.1742660e+00   9.7182174e-01
   2.0000000e+00  -7.7107233e-01  -7.2651037e-01  -7.9425493e-01  -9.5105002e-01   6.2427374e-01   7.8499282e-01
   2.0000000e+00   9.5062756e-01  -9.3581417e-01   3.2181295e-01   1.2582840e+00  -3.9211306e-01  -4.7468583e-04
   2.0000000e+00  -6.8516660e-01  -1.9297362e-01  -2.7045078e-02   1.1306771e+00   5.4847858e-01   1.5123987e+00
   2.0000000e+00  -9.2087563e-02  -8.0207083e-01   2.1488903e-01  -4.0133146e-01  -1.0754437e+00  -1.3667543e+00
   2.0000000e+00  -4.6623603e-01  -4.9409471e-01   1.4309012e-02   1.1110925e-01   1.2340549e+00   2.6506956e-01
   2.0000000e+00   4.9384797e-02  -1.8946492e+00   2.9405193e-01  -4.4784607e-01  -5.9605042e-01   3.6319714e-01
   2.0000000e+00   4.9728814e-01   1.5789094e+00   5.8508889e-01  -8.4619259e-01   1.0721283e+00   2.2377690e-01
   2.0000000e+00  -4.4489749e-01  -2.6214732e-01  -9.2573503e-01  -1.1844533e-01   2.3671938e-01  -1.3234622e+00
   2.0000000e+00   3.1795091e-01  -1.2942971e+00  -2.1932720e-01   7.8841624e-02  -1.0787605e-01   4.6924768e-01
   2.0000000e+00   1.4165588e+00  -4.8893847e-01  -4.2775562e-01  -1.1185277e+00   7.9311278e-01  -1.4565913e+00
   1.0000000e+00  -6.1196301e-01   6.8464107e-02   6.4208515e-01   1.3739647e+00   2.5115571e-01   5.2305267e-01
   2.0000000e+00  -1.8983823e-01  -4.6947521e-01  -2.0780637e+00   7.1965952e-01   9.1384238e-01  -9.7482392e-01
   2.0000000e+00   6.1125434e-01  -8.9641319e-01  -2.8538506e-01   2.4144354e-02  -1.3145447e+00  -1.0479733e+00
   2.0000000e+00  -5.1173432e-01   7.2297452e-01  -2.0573887e+00  -8.7124776e-01   2.6544096e-01  -5.2418189e-01
   2.0000000e+00  -8.1778958e-02   1.1952721e+00   2.8183018e+00   2.0644413e-01   7.6001178e-01  -7.2772005e-01
   1.0000000e+00  -2.6823010e-01   2.0010088e-01   6.1202148e-01   5.7020346e-01  -2.1744279e+00  -1.3113467e-01
   2.0000000e+00  -3.8391092e-01   7.9019516e-01  -1.5033686e-01  -1.9672643e+00  -8.9740045e-01  -1.1726610e+00
   1.0000000e+00  -1.6968912e+00   3.1347181e-01   1.1197682e-01   5.9829061e-01  -2.2437706e+00  -9.7114859e-01
   2.0000000e+00   1.0075028e-01   1.9681908e+00  -1.6451727e+00  -1.1123862e+00   1.8278539e-01  -6.7006045e-01
   1.0000000e+00  -7.1880003e-01   1.5830157e-01   9.4793904e-01   8.6039605e-01  -1.0053053e+00   1.4271686e-01
   2.0000000e+00   3.0899612e-02   2.5847379e-02   1.1948130e+00   1.9642630e-01  -1.2698228e+00  -6.1948299e-01
   2.0000000e+00   3.1622344e-02  -1.0002357e+00  -4.9509932e-01   7.5749495e-01   4.5292893e-01   1.5107596e-01
   2.0000000e+00   1.3296760e+00   1.9382424e+00   1.7671727e+00   1.0835000e+00   8.8511432e-01   1.5876201e-01
