   2.0000000e+00  -1.9808770e-01   7.1976161e-01   1.4879471e+00  -1.0569845e+00   1.9752784e+00  -5.6135526e-01
   2.0000000e+00  -2.4098568e-01  -9.0099491e-02  -1.6036777e+00   1.4703201e+00  -2.8331078e+00  -4.0571499e-01
   1.0000000e+00  -6.1877513e-01  -1.0388951e+00   3.8182714e-02   5.6535112e-02   6.9353126e-01   1.6659053e+00
   1.0000000e+00  -7.4720772e-01  -9.5799918e-01   1.3307587e-02  -1.8559988e+00   7.3352023e-01   7.6932362e-01
   2.0000000e+00  -1.1770223e+00  -3.8689826e-01  -1.5235689e+00   2.4260637e-01  -1.6908004e+00  -1.9537803e+00
   2.0000000e+00  -3.8548193e-01  -5.1162239e-01   3.2407238e-01  -1.0440759e+00  -6.4388690e-01  -3.3934948e+00
   1.0000000e+00  -9.4464484e-02  -3.4858933e-01   3.9460312e-01  -1.2977472e+00   5.5341238e-01   3.3687731e-01
   2.0000000e+00  -2.0582803e+00  -2.3358260e+00  -9.2791319e-01  -2.6706152e-01  -8.9210464e-02  -1.7007003e+00
   2.0000000e+00   3.8391730e-01  -2.4680055e-01  -1.1739341e+00   2.9438694e-01   4.7459508e-01   2.4052192e+00
   2.0000000e+00   3.6574544e-01   1.2483660e+00   4.9349324e-02   4.0659973e-01  -4.8591165e-01   1.4839978e-01
   2.0000000e+00   1.1544858e-02  -2.0628785e+00  -6.3351151e-01  -3.8477308e-01  -5.8690840e-01  -8.1461419e-01
   2.0000000e+00  -1.4957378e+00  -1.6156994e+00   1.1444942e+00  -4.9292280e-02   6.3237740e-01   9.9315220e-01
   2.0000000e+00   6.6095865e-01   5.5694122e-01   1.8589351e+00  -4.7827859e-01  -2.9450189e-01   2.2027019e-01
   2.0000000e+00   6.9675789e-01  -2.4246432e-01   2.2332517e+00   1.6939244e+00   7.8748954e-01   1.5841432e-01
   1.0000000e+00   7.9672847e-01  -1.0090611e+00   5.9035872e-01   1.0309608e-02   4.1661860e-01   2.8292072e-01
   2.0000000e+00  -2.5876686e-01  -6.7843509e-01   1.2252291e-01  -2.8566729e-01  -1.0613262e+00   3.9246258e-01
   2.0000000e+00  -1.9818960e-02   5.2953103e-01   1.7606806e+00   4.4526553e-01  -1.2724475e+00  -1.3826113e+00
   2.0000000e+00  -1.3997064e+00   2.0492010e+00  -7.9936635e-01   1.5164622e-01  -5.1063158e-01   2.9232307e-01
   1.0000000e+00  -1.1823314e-01  -1.6569533e-02   8.7617194e-01   1.0393706e+00   3.3750183e-01   1.3085371e+00
   2.0000000e+00   5.2056422e-01   1.4280933e+00  -4.7225816e-03   6.9128905e-01   1.9638872e+00   1.5765136e+00
   2.0000000e+00  -3.4271063e-01   3.8099089e-01   1.7229473e+00  -9.0212972e-02   2.1280984e+00   6.5113479e-01
   2.0000000e+00   8.3971295e-01  -1.4299672e+00   3.5038846e-01  -7.2169415e-01  -3.2266853e-01   5.2771466e-02
   1.0000000e+00  -4.4243184e-01   1.3428993e+00   1.0294593e-02   3.4986795e+00   2.5769914e-01  -1.3108347e+00
   1.0000000e+00   7.7349071e-01   1.2289626e-01   8.2449067e-01  -1.2292079e+00   3.1088362e-01   4.5163370e-01
   2.0000000e+00   4.2964928e-01  -8.6278006e-01   8.1233612e-01   3.4113751e-01   2.0237036e+00  -3.9005542e-01
   2.0000000e+00  -5.5754559e-01  -1.3428648e+00   4.5748234e-01  -1.0223394e+00  -2.2016538e+00   3.2719505e-01
   2.0000000e+00  -2.1257115e+00  -1.5168487e+00  -1.5702498e+00  -3.2240166e-01  -1.1896146e+00   1.0002924e+00
   2.0000000e+00   9.6379817e-01   3.3132675e-01  -2.1935704e+00   1.2257014e+00   2.5825921e+00   3.4580929e-01
   2.0000000e+00  -1.0564715e+00   1.6968068e+00  -2.2259561e+00  -1.1143240e+00  -2.1819356e+00  -9.8519179e-01
   1.0000000e+00   1.7966117e+00   9.3327552e-02  -8.6119565e-01   6.2341936e-01   2.7396075e-02  -1.7874148e-01
   2.0000000e+00  -4.0304374e-02   1.0794932e+00  -1.8155851e-01   1.1727511e+00  -6.3492101e-02   1.5565538e-01
   2.0000000e+00  -1.3260830e-01   1.4624698e+00  -1.3363524e+00  -5.6665969e-01   5.8652482e-01   2.8598417e-01
   2.0000000e+00   1.2444254e+00   1.0875240e+00  -1.9757267e-01  -1.6874843e+00   5.5999159e-01  -2.4505946e+00
   2.0000000e+00  -1.3989941e+00  -1.3330673e-01  -1.1348804e-01  -7.6506360e-01  -8.1601633e-01  -1.3272667e+00
   2.0000000e+00   2.5261027e-01  -7.6697690e-01  -8.5975010e-01   2.0870562e-01  -2.1013865e+00   4.1133974e-01
   1.0000000e+00  -7.9407502e-01   8.8319189e-03  -6.2399140e-01  -1.1543775e+00   5.2055117e-01  -7.0836081e-02
   2.0000000e+00  -2.1271717e-01   1.5966641e-01  -1.6423745e+00   4.6746525e-01  -1.6382388e-01  -6.3654062e-01
   2.0000000e+00   3.7901117e-01   1.2090534e+00  -1.4941893e+00  -6.2227385e-01   1.7677853e-01   7.3050176e-01
   2.0000000e+00  -2.6868742e-01  -2.4783276e-01  -5.7989171e-01   1.9329506e-01  -5.4203553e-01  -5.1140097e-01
   1.0000000e+00  -8.0132996e-01   9.5378568e-01   5.2724168e-01  -1.0556536e-03   1.5680236e-01   5.7037981e-02
   2.0000000e+00   1.9178666e+00   1.1636828e-01   4.1139607e-01  -1.2528002e+00  -1.6061381e+00   4.4970476e-01
   2.0000000e+00  -1.0285760e+00  -3.1704461e-02   1.4824170e+00  -4.3557471e-01   2.6417207e-01  -1.3303926e+00
   2.0000000e+00   5.5745953e-01  -1.0628489e+00  -1.4966604e+00   1.5449547e+00   1.7980117e+00   6.5106632e-02
   2.0000000e+00   7.8927894e-01   2.9849287e-01  -1.6608718e+00   9.0263323e-01  -5.0690957e-02  -4.8345753e-01
   2.0000000e+00  -8.4120824e-01  -9.0157165e-01   9.2654144e-01   2.1645136e-01   1.5132763e+00  -2.1312726e+00
   2.0000000e+00  -7.8440271e-02  -1.3539160e+00  -2.2813541e-01  -1.0594193e-01  -1.0857556e+00   1.0786380e+00
   2.0000000e+00   1.6765160e+00  -1.3784258e+00   2.2206425e+00  -6.6554538e-01  -1.8771103e+00   2.0796279e-02
   2.0000000e+00   3.7384153e-01   6.2667249e-01   1.8049255e-01  -1.7298500e+00  -5.5010118e-01   9.6507763e-01
   2.0000000e+00  -1.3961964e+00   1.0718719e+00   3.1896343e-01   2.7285297e-01   1.9054457e+00   2.0001816e+00
   2.0000000e+00   5.8001118e-02  -9.6164953e-02  -1.2093609e+00   1.0781139e+00   3.3873967e-01   1.1379222e+00
   2.0000000e+00   8.3177434e-01   1.3420157e-01   2.5422592e+00  -6.6889995e-02   3.7272975e-01   1.3761889e+00
   1.0000000e+00   7.5940055e-01  -4.5648465e-01   3.3188594e-01  -3.9285452e-01   2.9282804e-01   4.0660135e-01
   2.0000000e+00  -2.6777779e-01  -3.4945128e-01   5.9098224e-01   1.0182748e+00  -8.2351945e-01  -1.6221361e-01
   2.0000000e+00   8.6460062e-01   1.5443341e+00   9.9483345e-01  -4.9082354e-01   1.3897670e+00   5.5091766e-01
   2.0000000e+00   9.0457964e-01   1.4225753e-01   1.7475010e+00  -1.5033594e+00   4.5248965e-01   4.3208520e-01
   2.0000000e+00  -8.8236316e-01   9.7744140e-01  -1.0263020e-01   1.1254768e+00  -2.0857293e+00  -4.7092340e-01
   2.0000000e+00   1.0521747e+00  -1.9633040e-01   1.9507508e+00  -1.8949870e+00  -5.1364804e-01   6.0079676e-01
   2.0000000e+00  -1.3042747e-01  -1.6703803e+00  -1.8149413e-01  -6.7453359e-01  -8.1275317e-01   2.3960200e-01
   1.0000000e+00  -5.3550753e-01  -1.0005186e+00   3.0092761e-02   8.0296025e-01   5.9782986e-01   1.4904254e+00
   1.0000000e+00  -6.7321192e-01   2.2662558e-02   1.4756066e-02   1.1328551e+00   1.6325034e-01  -1.2172741e+00
   2.0000000e+00   7.9760811e-02  -5.7695563e-02   1.4239825e+00   2.3011094e-01   5.6879752e-01   9.2384849e-01
   2.0000000e+00   1.2909077e+00   3.5589214e-01   1.0833982e+00   6.9413668e-01  -2.1807036e-01  -8.2883517e-01
   2.0000000e+00  -9.9244303e-01   4.4438865e-01  -7.3311778e-01  -6.0503844e-01  -1.3349942e+00   3.3110226e-01
   2.0000000e+00   7.7739130e-01  -1.3580767e+00  -1.3238383e+00  -1.8647762e+00   4.8120654e-01   2.6558051e-01
   2.0000000e+00   1.1441040e+00   2.6135471e-01   1.0753388e-01  -2.6780996e-01  -1.9940626e-01   4.0667808e-01
   2.0000000e+00   1.5187813e+00   2.0156785e-01   2.9357174e-01  -2.4084209e-01  -2.8764671e-01  -8.8044300e-02
   2.0000000e+00  -1.8712482e+00   1.0593618e+00   1.4197655e+00  -1.6502930e+00  -4.7421858e-01  -5.1091348e-01
   2.0000000e+00   9.1332666e-01   1.6808343e-01  -1.8335853e-01  -9.2462123e-01  -5.9715512e-02   6.6885797e-01
   2.0000000e+00   3.2088451e-02   3.0392760e-01  -5.2915167e-01   9.3779585e-01  -1.1757574e+00  -1.3228118e+00
   2.0000000e+00   1.1413988e+00  -3.0389930e-01  -1.4468115e+00  -1.5434182e+00  -8.3470028e-01  -9.8369439e-01
   1.0000000e+00   2.3067723e-01   1.2156033e-02  -1.7266936e-01   3.1636007e-01   3.0802853e-01  -7.8756860e-01
   2.0000000e+00   6.4231461e-01  -4.4071707e-01   5.3699116e-01   6.9126457e-01  -7.6091559e-01  -1.1537540e+00
   2.0000000e+00   5.7464375e-02   3.3197728e+00  -1.0463884e+00  -2.5208920e-02  -6.5512963e-01   9.2599138e-02
   1.0000000e+00  -9.0607636e-01  -1.0980127e+00   1.7696680e-01   5.3930258e-01   1.2859218e-01  -5.5722570e-01
   2.0000000e+00   1.3226529e+00   8.3528645e-01  -3.2799137e-01  -1.3508200e+00   2.3393155e+00   8.3621312e-02
   2.0000000e+00   8.7958345e-01   1.3577983e+00  -1.4648165e-01   1.9030332e-01   2.1642015e+00  -1.4552728e-01
   2.0000000e+00  -4.0671518e-01   2.5261937e-01  -1.9102958e-01  -1.1352563e+00   1.0295902e+00  -8.4903900e-01
   2.0000000e+00  -1.0841510e+00   5.0541729e-01  -2.2469827e+00  -1.2223733e+00  -7.7699550e-01  -1.0956559e+00
   2.0000000e+00   1.7501647e+00  -3.9848430e-01  -1.3070613e+00  -1.3701266e+00  -4.0568703e-01   2.6478549e-02
   2.0000000e+00  -1.0783449e+00  -2.2407957e+00  -1.2215885e-01   1.0072907e+00  -2.9162897e-01   9.8228276e-01
   2.0000000e+00  -6.7350531e-01   1.0282919e-01  -1.1081636e+00  -7.9328171e-02   3.8757538e-01   2.3558008e-01
   2.0000000e+00  -1.3529303e+00   3.1963674e-02   3.6550076e-01  -1.7222810e-01  -3.2600963e-01   1.7534524e+00
   2.0000000e+00  -8.9919081e-01   3.0724009e-01   1.7160334e+00   9.8153596e-01  -5.1575146e-01   4.9976695e-01
   2.0000000e+00  -4.6947094e-01   7.2475400e-01   1.8809985e+00  -3.2044595e-01   2.7640509e-01   9.4042450e-01
   2.0000000e+00  -1.0832947e+00  -1.8222906e+00   1.6633471e+00   7.3637827e-02  -7.0861098e-01  -1.0632974e-01
   2.0000000e+00   3.6966258e-01   1.9801380e-01  -9.7536898e-01  -8.2906114e-01  -4.1092525e-01   1.5706685e+00
   2.0000000e+00   4.5995472e-02  -4.0650201e-01   1.9084375e+00   9.9347091e-01   1.7269032e+00   2.0179159e+00
   2.0000000e+00   2.8167583e-01  -2.0198008e-01   1.3302256e+00   1.1588540e+00   1.1264921e+00  -2.8527214e-02
   1.0000000e+00   1.4034465e+00   7.6728966e-01  -3.1667576e-01   1.3137208e+00   5.1125297e-01  -1.0722754e+00
   2.0000000e+00   6.9399629e-01  -2.1177663e+00   1.1556251e+00  -2.5652523e-01   6.6505611e-01   1.3259895e+00
   2.0000000e+00  -1.3746570e+00   4.2215892e-01   7.6857438e-01   1.6838198e+00  -9.3988997e-01   7.9472767e-02
   2.0000000e+00  -7.5028070e-01  -1.9053924e+00   1.1573593e+00  -1.4804291e+00  -2.1688977e+00   2.4650611e-01
   2.0000000e+00  -5.3629818e-01   2.1870968e-01   9.7920905e-01  -1.8910585e-01  -2.7226375e-01   4.5871926e-01
   2.0000000e+00   1.1229837e+00   9.4139760e-02  -5.0375196e-01   1.5688833e-01  -6.5367749e-01   1.4547432e+00
   2.0000000e+00   1.0199778e+00   1.8555221e+00   7.1028260e-01  -4.3077045e-01  -1.5362343e-01   4.6654115e-01
   2.0000000e+00   1.0031858e+00  -6.9597467e-01  -1.4102690e-02   2.6253430e-01  -2.5784892e+00   5.7736007e-01
   2.0000000e+00  -1.3973401e+00   1.0878388e+00  -1.8789566e-01   5.6171470e-01  -8.0252925e-01  -1.7656488e+00
   2.0000000e+00   4.2018368e-01  -1.6528719e+00  -3.1309184e-01  -1.1252508e+00  -4.9470494e-01  -9.9617065e-01
   2.0000000e+00  -1.0754283e+00  -8.1759180e-01  -7.6954569e-01   1.4431280e+00  -2.4076602e-01  -7.4170971e-02
   2.0000000e+00  -4.1287972e-01   4.7721279e-01  -3.5803685e-01   3.7782282e-01  -6.2381837e-01  -3.9907876e-01
   1.0000000e+00   1.2275684e+00  -6.7523754e-01  -8.6432457e-01  -1.0154968e+00   1.7992157e-01  -6.2445622e-01
   2.0000000e+00   3.6410474e-01   6.8440747e-01   1.1388028e+00  -1.2496081e+00   1.6555067e-01  -8.2152941e-01
   2.0000000e+00  -1.2052761e+00   4.2321416e-01   4.2490388e-01  -3.9593709e-01  -7.3838490e-01  -9.1929661e-01
   2.0000000e+00   8.5911351e-01  -1.5966138e-01   7.2547835e-01  -7.1663339e-01  -2.8129357e-01  -1.6912082e+00
   2.0000000e+00   6.6664014e-01   9.9826658e-01   9.9749440e-03   1.1426254e+00   1.1045749e+00   3.8706272e-01
   2.0000000e+00  -5.0980021e-01  -5.2367690e-01   3.4101548e-01  -4.7001489e-01  -3.8425352e-01  -7.4480321e-01
   2.0000000e+00   2.2183230e-01   7.3441715e-01   3.8783486e-01  -1.3312822e-01  -5.1935779e-01   8.7585258e-01
   2.0000000e+00   1.1854993e+00   9.6727158e-01   7.0254880e-01  -3.3116857e-02  -6.0269750e-01  -6.4526774e-01
   2.0000000e+00  -8.1734840e-01   4.6284697e-01   6.1348206e-02   1.7227918e+00  -3.3379986e-01   7.0638432e-01
   2.0000000e+00  -4.7757615e-01   1.6467272e+00  -1.6472908e+00   5.1510050e-01  -9.4908083e-01   1.2892444e+00
   2.0000000e+00   6.5649224e-01   9.9211282e-01  -4.0179365e-01   1.2977833e+00  -2.3053161e-01  -8.3151435e-01
   2.0000000e+00   3.8506627e-01   1.3742832e+00  -1.1837722e+00   1.0287075e-02   6.2878128e-01   2.8439908e-01
   2.0000000e+00  -6.8775235e-01   3.8020403e-02   7.0896204e-01  -7.0541927e-01   1.0043526e+00  -2.3708510e-01
   2.0000000e+00  -5.4423667e-02   1.6432900e-01  -1.3921070e+00  -3.0488828e-01  -7.7080184e-01  -5.1448343e-01
   1.0000000e+00  -3.7229604e-02  -5.9820489e-02  -3.2088746e-01  -1.4948762e+00   1.6157671e-01   8.8966114e-01
   2.0000000e+00  -4.9604635e-01   1.7586509e-01  -6.3382946e-01   1.9603102e+00  -4.4802220e-01   1.1347409e+00
   2.0000000e+00   1.3203527e-01  -5.9819575e-01  -1.5076522e-01  -1.0331158e+00  -3.9201698e-01  -1.6188475e+00
   2.0000000e+00   7.2517559e-01  -8.1881284e-01   2.5660100e-01   6.2549764e-02   1.3592418e+00  -9.7472437e-03
   2.0000000e+00  -1.1617076e+00   7.0407975e-01   1.2379478e-01  -3.0846299e-01  -2.8824350e-01   1.6929264e-01
   2.0000000e+00  -4.8631627e-01   5.7749726e-01   5.4919670e-01  -1.8317581e+00   2.5509569e+00   1.3127881e-01
   2.0000000e+00  -5.8464349e-01   3.2101278e-02   1.5205676e-01  -1.0280299e+00  -8.3844794e-02   1.1259653e-01
   1.0000000e+00  -1.2538090e-02   7.7278982e-01  -3.2428601e-01   5.5046981e-01   2.1638069e-01  -3.4031532e-01
   2.0000000e+00  -2.9374407e-01  -2.2009276e+00   8.7878767e-01   1.8531033e-01  -6.2210587e-01  -2.1830991e-01
   2.0000000e+00  -6.5952648e-01   7.3487597e-01   3.2494113e-01   5.0357450e-01  -1.7665754e-01   2.0126963e+00
   2.0000000e+00  -8.9510259e-01  -1.1939415e+00   1.4000226e+00  -2.3996597e-01   1.2600567e+00   1.5989128e-02
   2.0000000e+00  -5.2085609e-01   8.3004088e-01  -1.5393596e+00  -2.4062949e-01   9.2536075e-01   2.4019068e+00
   1.0000000e+00  -5.5636874e-01   6.1301814e-01   6.9382522e-01  -1.2507691e-01   5.0142724e-01  -6.6044782e-01
   2.0000000e+00  -1.2569186e+00  -1.6797732e+00   3.8016802e-02   1.0720008e+00  -2.7988779e-02   1.6171382e-01
   1.0000000e+00  -1.3455773e-01  -2.3681792e-01   1.6945058e-01  -4.6422761e-01   4.0854300e-01   1.6651968e-01
   1.0000000e+00  -5.6027146e-02  -5.8049093e-01  -6.0191414e-01  -1.2123332e+00   3.5940984e-01  -1.6062330e+00
   1.0000000e+00  -7.4556356e-01  -2.4284012e-01   7.8532950e-02  -2.5066138e-01   2.3720458e-01  -4.8925653e-01
   1.0000000e+00  -9.1484147e-02   3.0083004e-01   5.8410411e-01   2.9794342e-01   6.5785182e-01  -4.0441615e-03
   2.0000000e+00  -1.4517659e+00   2.7651350e-01  -1.3045943e+00  -8.3679976e-02  -9.3135103e-01   4.8140072e-01
   2.0000000e+00  -3.5754903e-01  -8.9011051e-01  -1.4417447e+00  -6.3296043e-01  -1.7766072e+00  -5.9008374e-01
   2.0000000e+00   4.6515640e-01   3.2344577e-01  -1.3318718e-01  -2.0377382e-01  -1.9107475e+00   1.0746147e+00
   2.0000000e+00  -1.2550647e+00   5.7538088e-01  -1.0371003e+00  -9.3134247e-01  -4.8988659e-01  -5.5875678e-01
   2.0000000e+00   1.7861771e-01   2.3995759e-01   2.3430925e+00  -1.1798098e+00   2.4337565e+00   6.5831809e-01
   2.0000000e+00  -1.7691889e+00  -7.3481461e-01   6.5868436e-01   1.7740139e-01  -3.3506032e-02  -9.1388586e-01
   2.0000000e+00   1.3346700e+00   5.1476103e-01   2.1607379e-01  -2.3761370e-01  -1.3654852e+00   7.3094983e-01
   2.0000000e+00  -2.9554978e-01  -6.5961444e-03   4.4735685e-01   1.8740782e+00  -1.2721771e+00  -2.0383501e+00
   2.0000000e+00  -1.7740136e+00  -3.3519301e-01   7.0997406e-01  -1.7405937e+00  -8.4206845e-02  -6.5870894e-01
   2.0000000e+00  -9.8335524e-01  -1.6056403e-02   6.5581454e-01  -6.7521659e-01  -7.1600952e-01  -1.3765065e+00
   2.0000000e+00   1.2039652e+00  -6.5861518e-01  -1.2124300e-01  -1.1290553e-01   1.8102141e+00  -1.5160979e+00
   1.0000000e+00  -1.2071045e-01  -9.3458640e-01   9.9409296e-01   5.1043480e-01   7.9558861e-02   9.9053446e-01
   2.0000000e+00  -2.2019321e-01   1.1026856e+00   5.1036383e-01   1.4351219e+00  -6.8892590e-01  -1.7794600e-01
   1.0000000e+00   9.4865974e-02   7.3859876e-01  -3.7424103e-01  -6.8996808e-01   2.7625869e-01  -8.5024890e-01
   2.0000000e+00   2.2226242e+00  -3.7808428e-01  -9.7581236e-01  -2.2572513e+00   2.3476119e+00   4.0567834e-01
   2.0000000e+00  -1.3737130e+00   3.0923152e-01  -9.2593757e-01   2.4360981e+00  -9.5778273e-01   8.5569570e-01
   2.0000000e+00   5.3082408e-01  -7.4378124e-02   1.3121921e-01   1.3584284e+00  -1.7298994e+00  -1.8645428e+00
   2.0000000e+00  -7.1274968e-02   2.2713357e+00   9.7284522e-01  -3.7465130e-01  -3.4642454e-01  -2.0640864e+00
   1.0000000e+00   1.3771026e+00  -4.6680949e-01  -2.9815486e-01  -2.5050824e-01   2.9920355e-01   1.0770152e-02
   2.0000000e+00   6.1086200e-01  -9.0690112e-01  -4.6696301e-01   1.5315106e+00  -1.6489205e+00   5.1064715e-01
   2.0000000e+00  -1.6934829e+00   1.2278773e+00   1.3230313e+00   1.3675018e+00   9.4921301e-01  -7.7798587e-01
   2.0000000e+00  -1.0427009e+00   2.6816378e-01  -1.4439682e+00   6.4407287e-01   7.4058255e-01  -2.4486390e-01
   2.0000000e+00  -3.8998052e-02  -1.7687129e+00   5.2705808e-01   4.0225116e-01   1.6253042e+00  -3.8236707e-01
   2.0000000e+00   1.1207509e+00  -1.0878838e+00   7.3052743e-02  -9.1782462e-01  -1.0451544e+00  -1.3996669e+00
   1.0000000e+00  -7.8573162e-01  -1.2251984e+00   1.9812732e-01   1.2166140e+00   5.4730637e-01  -1.3587524e+00
   2.0000000e+00   2.0788478e-01   1.7708576e+00   1.7668443e+00  -2.8495663e-01   1.0459600e+00   2.0414103e-01
   2.0000000e+00   3.4090823e-01   2.2256515e+00   5.4462655e-01  -1.2043691e+00  -5.2999486e-01   3.8665608e-01
   2.0000000e+00   1.2817188e+00   9.1623147e-01  -2.9699305e+00   1.1548997e+00   1.2829103e+00   8.1688003e-01
   2.0000000e+00   7.7166560e-01  -1.2188282e+00  -1.2680559e+00  -2.8307251e-01  -6.8551234e-01  -2.8825204e-01
   2.0000000e+00   2.3184239e-01   1.8542850e+00   1.7659863e-01   1.1427280e+00  -6.2023333e-01   2.0623019e+00
   2.0000000e+00   1.6808332e+00  -1.6120900e+00   1.2900626e+00  -7.6681512e-02   5.1426756e-01  -2.0245079e-01
   2.0000000e+00   9.6737407e-02  -1.9859705e-01   2.9711173e-01  -1.1008687e+00  -1.8769435e-01   7.8759612e-01
   1.0000000e+00   9.9505206e-01   8.6894592e-01   2.4405979e-01  -3.6501518e-01   1.9028004e-02  -6.3289899e-01
   1.0000000e+00  -5.3739683e-02   3.6136591e-01  -5.6677229e-01  -3.0897815e-01   1.0854820e-01  -7.6104228e-02
   2.0000000e+00  -1.0461574e+00   1.0017295e+00   2.6858646e-01   2.6489381e-01  -1.4387151e+00  -2.8937936e+00
   1.0000000e+00  -2.7297829e-01  -7.0262966e-01   3.4978523e-01  -7.1958005e-01   7.5644698e-01   1.2974587e+00
   2.0000000e+00   1.1723153e+00  -8.6866123e-01  -9.2697025e-01   6.0223825e-02  -2.8254960e+00   1.3582269e+00
   2.0000000e+00  -4.2211335e-01   1.3192540e+00   2.2764592e-01  -3.2739313e-01  -5.3155488e-01   1.6130625e+00
   2.0000000e+00   5.1165479e-02  -7.8490197e-01   1.7431434e+00  -5.1417300e-01   9.6745178e-01  -1.4765046e+00
   2.0000000e+00   3.4499556e-01   3.5466642e-01  -1.2946067e+00   1.5308379e+00  -3.8594871e+00  -2.9147694e-01
   1.0000000e+00  -1.8438689e+00   1.8262369e-01   1.3365117e-01  -1.6462799e+00   1.5307389e-01  -9.0987145e-01
   2.0000000e+00  -1.2680134e+00  -1.4339611e-01  -1.2368811e+00  -3.3423413e-01   1.0729785e+00  -4.7873616e-02
   2.0000000e+00   3.8986602e-01  -3.4233704e-01   1.0716227e+00  -3.7451049e-01  -2.5455567e-01   1.5481245e+00
   2.0000000e+00  -9.5860657e-01  -1.5901298e-01   3.5118218e-01   1.6217009e+00  -2.5189956e-01   2.1128399e-01
   2.0000000e+00  -7.2132456e-01  -5.2380558e-01  -1.4067927e+00  -6.3465178e-01   7.9507650e-01  -3.7161521e-02
   2.0000000e+00   2.3096672e-01  -1.5431059e+00   1.5132375e+00   8.9445488e-01   1.1972517e+00   5.0948195e-02
   1.0000000e+00   4.5254152e-01   2.0830225e+00   3.4464335e-01   1.3533389e+00   3.5257910e-02   7.3547168e-01
   1.0000000e+00  -2.3787020e-01   7.6092062e-01   7.2160921e-01  -1.8205894e+00   2.7793425e-01  -1.3524306e+00
   2.0000000e+00   4.3467301e-01   1.5146790e-01  -1.0567059e+00   5.7771090e-02   2.8357341e-02   8.0876320e-01
   2.0000000e+00   6.9823737e-01   1.5605909e+00  -9.2097794e-01  -1.3456731e+00   1.1327839e+00   3.9456672e-01
   2.0000000e+00   3.3404874e-01  -8.7560600e-03  -2.5799450e+00  -8.2970418e-01   6.9865789e-01  -3.6327069e-01
   2.0000000e+00   7.6695994e-01   1.2457114e+00   1.0769664e-01   6.3435175e-01  -2.5176157e-02   2.3294927e-01
   2.0000000e+00  -4.8235875e-01   2.5117918e-01   7.1723768e-01   9.8477989e-01   1.2373616e+00  -2.8544600e-02
   2.0000000e+00   2.4388943e-02   4.3873615e-01   9.4008410e-01  -3.2986044e-01  -1.4197080e+00  -3.4610474e-01
   2.0000000e+00   9.4591765e-01   1.5511724e-01   6.7726355e-01  -5.1962040e-01  -2.0431567e-01  -1.6917440e+00
   2.0000000e+00  -7.2325560e-01  -1.5939915e+00   2.3852865e+00   9.4061163e-01   1.9917003e+00   2.9533670e-01
   1.0000000e+00  -2.5454234e-01   2.1426259e+00   1.7990472e-01  -4.0108198e-01   2.0265927e-01   3.5287710e-01
   2.0000000e+00  -8.2358443e-01  -1.9239364e-01   8.8992927e-01  -3.5486815e-01  -4.8613854e-03  -7.7075892e-01
   1.0000000e+00   1.4421851e+00   1.7724726e+00  -9.4018307e-04   1.4084330e+00   8.2991002e-01   1.1028914e+00
   1.0000000e+00   1.7583665e-01   9.9511522e-02  -5.7820924e-01  -5.5038120e-01   1.7797357e-02  -3.2573930e-01
   2.0000000e+00  -9.2289699e-01  -1.0685628e+00  -5.4065213e-03   4.4394563e-01  -8.1277619e-01   1.1916498e+00
   2.0000000e+00   1.7540688e+00   1.3541033e-01   7.6208475e-01   4.9003669e-01   6.8170633e-01  -1.0058325e+00
   2.0000000e+00  -1.4191357e+00  -1.6652463e-01  -3.4385951e-01  -8.4286621e-01   1.3043432e+00  -3.1438171e-01
   2.0000000e+00  -7.1821658e-01  -4.8372557e-01   2.2119077e-02  -5.8616240e-01   2.3382354e+00   6.7026137e-01
   2.0000000e+00  -1.6995654e-01  -5.8981532e-01  -5.9324193e-01  -1.4974855e+00   9.3086438e-01   1.0980823e+00
   1.0000000e+00   8.7769123e-01  -4.1375398e-01  -1.1192784e-01   1.9848110e+00   3.8663374e-01   3.9722358e-01
   2.0000000e+00   5.8203921e-01  -7.0703374e-01  -1.6819903e-01   1.0509256e+00   5.1475381e-01  -1.9684578e+00
   1.0000000e+00   1.3628831e+00   6.3514392e-02  -4.5080511e-01  -7.7543168e-01   1.7680286e-01  -1.0036280e+00
   2.0000000e+00   1.2699988e+00   1.6019980e+00   6.4258677e-01  -2.7642545e-01   1.2504297e+00   8.4547272e-01
   2.0000000e+00   6.9979327e-01   2.9952851e-01  -4.1247989e+00   1.7954965e+00   5.9616506e-02   1.9330633e-01
   1.0000000e+00  -4.6668624e-01  -6.8904819e-01   5.7524948e-01  -1.4227030e+00   5.7052980e-01   2.1421082e-02
   2.0000000e+00   1.5324577e+00   3.2388030e-01   2.1230914e-01  -1.1398469e+00  -9.7194304e-01   9.5452548e-01
   2.0000000e+00   2.7739512e-01  -5.2927325e-01   3.3827218e-01  -3.3064288e-01  -2.7075162e-02  -1.5244755e-01
   2.0000000e+00  -4.5965321e-01  -3.9222344e-01   5.6027468e-01  -7.7317939e-01  -3.2301625e-01   3.2715797e-01
   1.0000000e+00  -1.4569530e+00  -6.6258317e-01   2.7790610e-01   1.9435349e-01   4.9963681e-01  -7.5569464e-01
   2.0000000e+00   5.7135608e-01   8.0330653e-01  -1.1720618e-01   1.0920193e+00  -2.3696135e+00   1.1521351e+00
   2.0000000e+00   1.8030100e+00  -1.2686407e-01  -6.0670277e-01  -9.0400398e-01  -2.8770684e-01  -1.4619598e+00
   2.0000000e+00   3.5203382e-01   1.2289244e-01  -1.3962321e-01  -2.3987499e+00  -1.0948577e+00  -2.1171587e+00
   2.0000000e+00  -1.7208417e+00   2.1836585e+00   6.5168400e-01  -8.0602073e-01  -4.4959455e-01  -4.0206732e-01
   2.0000000e+00   7.3833661e-01  -1.1988160e-01   2.4098402e+00   5.2607184e-02  -3.0925123e-01  -3.4980008e-02
   2.0000000e+00   3.5454703e-01  -4.4000401e-01   1.4077338e+00  -1.8695325e+00   1.4383186e+00  -1.5405748e+00
   2.0000000e+00  -3.8251277e-01  -8.2559256e-01  -1.3973413e+00   1.0391104e-01   1.2047721e-01   6.9462237e-01
   2.0000000e+00   3.4859208e-01  -2.8173563e-01   1.0791191e+00  -1.6635575e+00  -1.0461195e+00   1.0208902e+00
   2.0000000e+00   3.9267458e-02   8.1775638e-01   9.5530932e-01   8.0374536e-01   4.2395905e-01   3.2733956e-02
   2.0000000e+00  -1.9337882e-01   3.0996468e-01   6.8034227e-01   7.5439688e-02   9.2097558e-01   1.2097292e+00
   2.0000000e+00  -7.4305372e-01  -1.0485228e-01   4.4314397e-01  -2.6630763e-01   7.2811245e-01  -2.7109251e+00
   2.0000000e+00  -9.6031425e-01  -5.0215685e-01   8.0401584e-01   6.9220328e-01   2.0259847e+00  -1.7717958e+00
   2.0000000e+00   9.1662743e-01  -5.9272030e-02  -1.6397434e+00   1.5329171e-01  -9.7379374e-01   1.8931359e+00
   2.0000000e+00   1.2542016e+00   4.1586119e-01  -7.6888473e-01  -5.1498559e-01  -3.1148910e-01  -8.1561884e-01
   2.0000000e+00   2.9806289e-01   5.6495277e-01  -4.2650620e-01  -1.6416049e+00  -1.9837211e+00  -6.9491245e-01
   2.0000000e+00  -1.1728714e+00  -1.1415863e+00   9.1535714e-01   3.8454469e-01  -2.3166452e-01   2.3288538e+00
   2.0000000e+00   1.4771595e+00   2.5513357e-01   1.9904937e+00   9.5846322e-02  -3.1989754e-01  -5.8828883e-01
   1.0000000e+00  -1.5029253e+00   2.9141875e-01   1.3028212e-01   2.2457917e-02   5.0666280e-01  -8.9132990e-01
   1.0000000e+00   2.0784571e+00  -6.0528413e-01  -6.0627477e-01   1.2486377e+00   4.4507024e-01   6.6351979e-03
   2.0000000e+00   1.9252488e-01   1.9206965e-01   4.5655061e-01  -1.2830308e+00  -8.4733668e-01   2.9105308e-01
   2.0000000e+00  -4.4491088e-01   4.8914029e-03  -4.7697115e-01   4.3068003e-01  -2.0814043e+00  -6.8260225e-01
   2.0000000e+00  -3.8067114e-02   7.7569303e-01  -1.4467075e+00  -6.3591295e-01  -5.4649563e-01   2.0618130e+00
   2.0000000e+00   5.1007066e-01  -8.4690148e-01  -1.2951442e+00  -7.5493592e-01  -5.0648685e-02  -1.0834888e+00
   2.0000000e+00  -1.0364709e+00   1.1765303e+00  -7.2236526e-01  -1.2308193e+00  -8.4991597e-01  -2.4006051e+00
   2.0000000e+00  -2.7558894e-02   5.6597736e-01  -1.1052291e+00   2.2001207e-01   5.8770729e-02   5.2431265e-01
   2.0000000e+00   6.8205211e-01  -1.1954759e-01  -3.0765518e-01  -2.7456957e-01  -7.1919409e-01  -9.0338893e-01
   1.0000000e+00   6.3074961e-01  -1.6721897e-01  -9.0633657e-01   2.2773029e-01   1.5991972e-02   5.7660992e-01
   1.0000000e+00  -1.0282835e-01   5.3951350e-01  -9.2354036e-02   3.9338941e-01   8.3294552e-01  -2.1869516e-01
   2.0000000e+00   3.7624762e-01   7.4714037e-01   1.1919468e+00  -4.6613130e-01   3.1860096e-01  -2.3590621e-01
   2.0000000e+00  -7.7769555e-01  -1.8060512e+00   2.1422878e+00  -7.2976091e-01  -8.8243229e-01  -5.4382331e-01
   2.0000000e+00  -1.6486275e+00  -1.2555544e+00   1.4823880e-01  -1.3016478e+00  -1.8983572e-01   1.7233171e+00
   1.0000000e+00  -1.0951423e+00   7.3514738e-01   5.3664333e-01   1.8247912e-03   9.9863797e-02  -1.1621607e+00
   2.0000000e+00   1.0353221e+00   3.4682753e-01  -8.4016553e-01   6.0027667e-01   1.0318472e+00   3.9183978e-01
   2.0000000e+00  -1.7083553e+00  -9.2370998e-01   2.3066413e-01  -7.1335022e-02   2.1661477e+00   2.1498977e+00
   2.0000000e+00   2.9617334e-01  -6.3848302e-01  -2.8305558e-01  -8.7716182e-01   1.0930293e+00   5.1471737e-01
   2.0000000e+00   5.8566672e-01   1.3330269e+00   1.0635465e+00  -1.2485538e+00   5.8411558e-01  -4.7466515e-01
   2.0000000e+00   1.3223428e+00  -1.9431003e+00  -1.0428138e+00   5.7613756e-01  -8.7716451e-01   5.1059442e-01
   2.0000000e+00   1.9500749e+00   4.7927148e-01   2.2878822e+00   4.7199015e-01  -1.5532491e+00  -1.8483296e+00
   2.0000000e+00   1.5884806e+00   1.2342465e-01  -1.8524193e+00  -2.1831468e+00   4.2541425e-01  -1.8324954e-01
   2.0000000e+00   6.0172249e-01   6.6227893e-01  -8.1228196e-01  -1.4384141e-01  -1.2706404e+00  -1.2311775e+00
   2.0000000e+00   2.1558548e-01   1.9537929e+00  -6.5552842e-01   5.4556430e-01  -3.1673220e-01  -1.9704301e+00
   2.0000000e+00  -4.1660201e-01  -1.3855590e-01   2.1670510e+00   2.1512244e+00   5.6284948e-01  -1.9579316e+00
   2.0000000e+00  -1.0471936e+00   2.8932940e-02   9.8844893e-01  -7.9940005e-01  -1.6367499e-01   9.6206854e-02
   2.0000000e+00   4.4239058e-01  -1.8250285e+00   1.1089789e+00   7.1807069e-01  -1.7117655e-01  -3.7297623e-01
   2.0000000e+00   1.2775370e+00   1.0671976e+00   1.2752151e+00   9.9306451e-01   1.4216018e+00  -7.5889516e-01
   2.0000000e+00   2.0061095e+00   8.9274903e-01  -1.7021913e+00  -1.5039483e+00   4.4703616e-01   5.1980433e-01
   1.0000000e+00  -1.4523219e+00   1.0928930e+00   1.6599279e-04  -8.9021849e-01   4.4802006e-01   5.2087967e-01
   2.0000000e+00  -1.2129896e+00   1.8023876e+00   1.1092146e+00   8.5736060e-01  -2.2103951e-01   8.0593964e-01
   2.0000000e+00   7.2341715e-01   1.3929380e+00  -4.7931075e-01  -6.4343421e-01   8.9302525e-01  -6.0122642e-02
   2.0000000e+00   1.1158340e+00   2.5410065e+00   1.4708968e+00  -3.8670311e-01  -7.7657372e-01  -1.0962875e+00
   2.0000000e+00  -2.7508958e+00  -6.7677503e-01   5.5520090e-01   1.2144451e+00   3.0894526e-01  -2.3548781e+00
   2.0000000e+00  -1.1273002e+00  -1.2951908e+00  -1.5657686e+00  -1.2657559e+00   6.0813026e-01  -9.0023027e-01
   1.0000000e+00  -3.4811092e-02  -1.1907849e+00   8.4179704e-01   4.4846464e-01   1.6749436e-01  -1.0709468e+00
   2.0000000e+00   7.7401202e-01   7.6901729e-03  -1.7940563e+00   7.2195210e-01  -1.1222276e+00  -9.6255482e-01
   1.0000000e+00   4.3974356e-01   6.2499985e-01   8.4614007e-01  -7.6223433e-01   3.3144890e-01  -6.6239759e-01
   2.0000000e+00   1.5196002e+00   2.5855675e-01   1.4017838e+00   6.4961675e-01  -1.5455029e+00  -1.8003200e-01
   2.0000000e+00  -2.1731157e+00  -6.0409233e-01  -9.4327193e-01  -4.9712420e-02  -8.2510817e-01   1.6037680e+00
   2.0000000e+00  -2.8698000e-01   1.5652024e-02  -3.2022680e-01  -1.7041433e+00  -3.5029581e-01  -2.9679172e-01
   2.0000000e+00  -4.4547035e-01   1.4678768e+00   1.4025614e-01  -6.5544815e-01   1.8874484e+00  -9.2702945e-01
   2.0000000e+00   5.9937058e-02   3.8859605e-01  -3.4248684e-01   6.6480484e-01  -4.6239434e-01   7.8969227e-01
   2.0000000e+00  -7.6145659e-01  -3.8854639e-01   2.5603468e-01   5.9498736e-01   1.3993157e+00  -6.5739041e-01
   2.0000000e+00  -1.1229564e+00   6.4141958e-01   4.3613823e-01  -3.5678324e-01  -1.0714668e+00   1.0465397e+00
   2.0000000e+00  -4.7268736e-01   1.9591621e-01  -1.9252509e+00   1.0774637e+00  -1.2939448e-01   1.5081454e+00
   2.0000000e+00  -1.1331263e+00   3.6991111e-01  -2.3798057e+00   1.6382776e+00  -1.0458962e+00   2.2124241e-01
   2.0000000e+00   7.4865000e-01   1.2644334e+00   6.6831725e-01  -8.6178544e-01  -3.6840556e-01  -8.5277321e-01
   1.0000000e+00  -9.1369536e-01  -2.1137391e-02  -1.2927699e-01  -7.2124444e-01   3.7177035e-01   1.3099739e+00
   2.0000000e+00  -6.9058908e-01  -9.0129374e-01  -1.6376684e+00   1.6701461e+00  -1.3811737e+00  -1.0899853e+00
   2.0000000e+00   5.0697015e-01   1.2377773e+00   1.8074215e-01  -3.9782678e-01   2.1382443e+00   1.2591425e+00
   2.0000000e+00   6.7578072e-02   5.9818173e-01  -1.5091527e+00  -1.1463256e-01   2.1735525e-01  -1.0012358e+00
   2.0000000e+00  -9.3348708e-01   1.4114782e+00  -1.1112393e+00   6.8821074e-01  -3.7837609e-01  -2.7475193e+00
   2.0000000e+00  -3.0279857e+00  -8.7893173e-01   5.7641637e-01  -1.5111777e+00  -1.1693347e+00  -3.8690356e-01
   2.0000000e+00   2.0040088e-01  -1.2271643e+00   1.0940002e+00   3.4735621e-01   1.2901531e+00   7.6785334e-01
   1.0000000e+00   9.5122351e-01   5.9138372e-01  -4.9084270e-01   2.2765183e+00   7.1801297e-02  -2.5656348e-01
   2.0000000e+00  -1.1412791e+00   1.0160172e-02   1.7678855e+00   1.3098409e+00   9.6651132e-01  -2.0029219e-01
   2.0000000e+00   4.7134720e-01   1.6959426e+00  -1.0226094e-01   2.4534750e-01  -1.2084670e+00  -3.1366619e-01
   2.0000000e+00   2.6640744e-01   4.0315833e-01   2.4086136e-01   1.9560105e+00  -9.2390217e-01   4.4353694e-01
   2.0000000e+00  -5.3810237e-01   1.1280565e+00  -7.1203679e-01   1.7319707e-01   1.9375123e+00  -6.8635785e-04
   2.0000000e+00  -8.8151373e-01  -9.9143794e-01   1.6682011e+00  -1.3619036e-02   8.9879958e-02  -5.1402223e-02
   2.0000000e+00  -6.1440244e-01  -1.1691009e+00  -1.4233760e+00   5.3160305e-01   4.0915788e-01   5.2722307e-01
   2.0000000e+00   2.0378463e-02  -1.0308959e+00   3.4336445e-01   3.1718399e-01  -1.5552708e+00   3.8692381e-01
   2.0000000e+00  -1.0616665e-01   5.8625280e-01   3.8881830e-01  -1.1547952e+00  -9.0184341e-01   4.4233518e-01
   2.0000000e+00  -8.9575804e-01  -3.5216314e-01  -1.2987336e+00  -5.9477848e-01  -1.1038232e+00  -1.0574582e+00
   2.0000000e+00  -3.7887432e-01  -1.5006657e+00  -1.4888084e+00   7.1675449e-01  -1.1332054e+00   9.9083934e-01
   2.0000000e+00  -2.9455037e-01  -1.0052454e+00  -4.3940727e-01   9.4993647e-01   1.0740671e+00   1.3137791e+00
   2.0000000e+00  -1.6960968e-01   2.8335117e-01   6.4933783e-01  -7.9589204e-01   1.4521270e+00   1.4710386e+00
   1.0000000e+00  -3.4959016e-01  -5.5945926e-01   3.6301126e-01  -7.5309005e-02   8.4173275e-01  -1.3193606e+00
   2.0000000e+00  -1.9542012e-01   5.3514715e-01   6.5695022e-01   1.5998690e+00  -2.0676728e+00  -1.0643775e+00
   2.0000000e+00   6.2883482e-01   1.9938475e+00   1.6061582e+00  -5.1738650e-01  -1.5619277e+00   1.6729594e-01
   2.0000000e+00  -8.3481852e-01   1.3899702e-01   3.0147434e-01  -1.5883266e+00  -7.8386360e-01   3.6607227e-02
   1.0000000e+00   1.8773269e+00   1.2198932e+00   1.0807419e-04  -1.0212011e+00   3.5468246e-01   2.1476147e-01
   1.0000000e+00   2.7786911e-01  -1.8688648e-01   4.7146408e-01  -4.6425477e-01   3.6413356e-01   1.7912007e+00
   2.0000000e+00  -1.5395186e+00   1.2947074e+00   1.3796700e-02   1.3706338e+00   1.4711170e+00  -2.3977108e+00
   2.0000000e+00  -5.1317868e-01  -6.9257220e-01   1.0492244e+00   1.8413118e+00  -2.5127031e-01   4.4417182e-01
   2.0000000e+00  -1.5916087e-02  -1.7567860e+00  -5.4952005e-01   1.8405981e+00  -1.0313902e-01   1.4647898e+00
   2.0000000e+00   2.9052963e-01   1.1940444e+00  -5.5336388e-01  -3.7898583e-01  -1.4176710e+00   1.1116630e+00
   1.0000000e+00  -1.3454230e-01   4.2815553e-01   4.8862401e-02   9.7164837e-01   4.6684386e-01  -4.7088079e-01
   2.0000000e+00   5.6626098e-01   8.1386714e-01  -3.6821294e-01  -3.3986887e-01  -5.4885132e-01   1.1357826e+00
   2.0000000e+00   4.5819363e-02  -9.8832299e-01  -5.1501939e-02  -1.8712408e-01  -3.9733812e-03  -1.0373140e+00
   2.0000000e+00  -1.4504910e+00   4.1441620e-02  -9.4994131e-01   6.6685468e-02  -1.1700228e+00  -6.4047934e-01
   2.0000000e+00  -1.4549837e+00   4.8865977e-01   9.5964621e-01  -1.7552588e+00  -9.0132713e-02   2.8851300e-01
   2.0000000e+00  -5.1647132e-01   1.1451017e+00   6.9295942e-01  -5.4860212e-01  -9.9732082e-03  -2.1117114e+00
   2.0000000e+00   2.1397280e+00  -3.1651202e+00   1.8190391e-01   1.7674362e-01  -9.9212990e-01   9.2414171e-01
   2.0000000e+00   9.0130419e-02   3.1954778e-01   1.8992067e-01   8.3891193e-01  -8.4877180e-02  -9.0557463e-01
   2.0000000e+00   6.8203813e-01  -1.0271838e+00  -1.4669274e+00  -1.0456342e+00   6.2513575e-01   1.7810727e-01
   1.0000000e+00   1.9886493e+00  -6.6908470e-01  -2.1395133e-01  -2.1679464e+00   3.0311359e-01   2.2198929e-01
   2.0000000e+00   2.4793813e+00  -2.5732476e-01  -1.7309497e+00   1.6856729e-01   1.4086282e+00   7.8969718e-01
   1.0000000e+00   7.2833362e-01  -2.0253774e+00  -5.9423219e-02  -6.9226365e-01   5.0295201e-01   4.1502893e-01
   2.0000000e+00   2.6691735e-01   7.5838683e-01  -1.3390977e+00  -5.6220173e-02   5.1076222e-01  -3.9289874e-01
   2.0000000e+00   2.9047136e-01  -5.7182312e-01   1.1101074e+00  -8.0848663e-01   8.5236573e-01  -7.1768233e-01
   2.0000000e+00  -2.4465855e+00  -1.2601356e+00  -2.5164899e-01  -1.2931244e-01  -1.0389507e+00   8.1236232e-01
   2.0000000e+00  -1.5321688e-01   8.5225220e-01   3.5761820e-02   8.0107144e-01  -1.2635564e+00  -1.5498979e-01
   2.0000000e+00  -2.2879898e-01   6.3526620e-01  -3.4498722e-01  -1.4341404e+00  -8.7755690e-01   4.8897441e-01
   2.0000000e+00   9.1349259e-03  -5.9800111e-01  -1.7162955e+00   3.3966489e-01  -1.6391642e-01   1.3797935e-01
   2.0000000e+00   1.2028142e+00   7.3021921e-01  -2.7209436e+00  -8.7127086e-01  -2.7372068e-02  -1.0575526e+00
   2.0000000e+00  -3.8605288e-01  -1.0927326e+00   1.4851474e+00   1.3726360e-01   2.5175747e-01   9.0742953e-01
   2.0000000e+00   1.1482924e-01  -5.5603072e-01  -6.6809207e-01  -2.1109057e+00  -1.9827865e-01   2.4652618e-01
   2.0000000e+00   1.1478447e+00  -6.9992782e-01   2.7979203e-01   4.9129690e-01  -4.1847416e-01   7.3021049e-01
   2.0000000e+00  -1.2344725e-01  -1.9685348e-01   3.0581390e-01  -1.6476165e+00  -7.3688869e-01   9.5121439e-01
   2.0000000e+00   1.3570566e-01  -1.1740822e+00  -4.4608172e-01  -1.4102703e+00   1.4923084e+00  -1.0885064e+00
   2.0000000e+00   1.0909790e+00  -2.3982209e-01   1.0707263e+00   3.8355383e-01   2.0983137e+00   2.9288867e-01
   2.0000000e+00   1.1783785e-01   3.4175060e-01   1.1345959e-02  -2.5470149e-02  -1.7946389e-01  -2.0027459e+00
   2.0000000e+00  -9.7919710e-01   1.9320874e+00   9.6289933e-01   3.2389404e-01  -1.4058222e-01   9.2310029e-01
   1.0000000e+00  -1.8424891e+00  -3.9376035e-01   2.7546275e-01   1.6680270e+00   8.7061596e-01   7.8865491e-01
   2.0000000e+00  -3.6732560e-01  -8.7195509e-01  -1.9341034e+00  -2.6186648e-01  -1.2078151e+00  -8.7170087e-01
   2.0000000e+00  -1.1550435e-01   5.4312711e-01   7.7212125e-01  -9.0993294e-01  -1.2428520e+00  -6.2225190e-01
   2.0000000e+00   9.6083848e-01   1.6744335e+00  -1.2144211e+00   8.8114204e-01   5.2887764e-01  -3.8299595e-01
   2.0000000e+00  -1.8806704e-01   8.6647124e-01  -4.3678540e-01  -3.7125394e-01  -9.9989891e-01   2.3977362e+00
   1.0000000e+00  -1.2235409e+00  -1.2500260e+00   7.0958861e-01  -1.5028236e+00   2.4222199e-01   1.2110128e+00
   2.0000000e+00   2.5875965e-01  -8.5378531e-01   1.0453936e+00  -8.5513138e-01   1.3230908e+00   2.1292505e+00
   2.0000000e+00  -7.9972996e-01  -1.8123665e+00  -2.3484365e-01  -1.1828957e+00  -6.4714250e-01   1.7020468e-01
   2.0000000e+00   1.1806857e+00  -1.2075167e+00   7.1576594e-02   1.4194513e-01   1.6581871e+00   1.1422004e+00
   2.0000000e+00  -7.0729189e-01  -1.2615957e+00   1.4328311e+00  -7.6018130e-02  -3.5269734e-01  -8.5874965e-01
   1.0000000e+00   3.6099201e-01   9.7131029e-01   5.2755106e-01   1.5157831e+00   3.6331347e-01  -1.6387755e+00
   1.0000000e+00   1.5784315e+00   1.1959698e+00  -1.2604665e-01   6.7342530e-01   8.4568412e-01   6.1742721e-01
   2.0000000e+00   2.5399627e-02  -7.7293976e-01  -4.6970201e-01  -1.6150085e+00  -1.7762145e-01  -1.0041180e+00
   1.0000000e+00   3.1683589e-01  -2.2904867e-01   9.6001536e-01  -1.5558278e+00   3.0453581e-03  -1.2853968e+00
   2.0000000e+00  -1.9930015e-01  -2.3624728e+00   9.9731693e-01  -9.8719583e-01  -8.6129734e-01   7.9831134e-01
   2.0000000e+00  -3.4404901e-01   7.9221038e-01  -7.1829492e-01   1.3708603e+00   5.6637639e-01  -3.6063591e+00
   2.0000000e+00  -1.8388565e+00  -2.2855364e+00  -1.3169622e+00   6.8922526e-01   8.7234434e-01  -7.9401158e-01
   1.0000000e+00  -1.3228442e+00  -3.9938238e-01  -7.9917706e-01  -4.2595931e-01   1.2253134e-02  -9.8914356e-01
   1.0000000e+00   3.1505730e+00  -6.1176394e-01   3.2035083e-02  -7.6497117e-01   2.1248490e-01  -1.6614798e-01
   2.0000000e+00   6.3170935e-01  -3.3291768e-01   3.2203782e-01   4.3578823e-01   1.6137430e+00   1.0563955e+00
   2.0000000e+00  -1.6028333e-01  -1.5901871e+00  -1.9146284e+00   5.0361607e-01  -4.1040309e-01  -7.2350138e-01
   2.0000000e+00   9.0419041e-01   5.9655127e-01  -1.4894772e+00   1.3799996e+00  -1.7605966e+00  -2.6177178e-02
   2.0000000e+00  -2.1162767e+00   1.6497106e+00  -1.0012451e+00   1.4772230e-01  -8.3604329e-02   3.1715789e-01
   1.0000000e+00   4.9160726e-01  -8.6880911e-01  -1.2442530e-01  -1.0022150e-01   4.4743840e-03  -1.5288719e+00
   2.0000000e+00   8.2661664e-01   1.0707996e+00   1.7321537e-01  -1.2108703e+00  -3.5743451e-01   8.9531618e-02
   2.0000000e+00  -1.8912000e+00  -4.4958574e-01  -7.7630365e-01  -7.5817918e-02   1.2476617e+00   3.7790082e-03
   2.0000000e+00   9.7915084e-01   1.3506631e+00   1.0524127e+00   3.7214272e-02  -4.3664144e-01   6.2093546e-01
   2.0000000e+00  -3.7937019e-02   5.8671486e-01   4.3867751e-01  -3.1730927e+00   1.1211533e+00  -5.7494781e-01
   2.0000000e+00  -1.4685094e+00  -7.5722416e-01   1.4838368e-01  -1.3666845e+00  -2.6640171e+00  -7.0049150e-01
   2.0000000e+00   3.7398300e-01   1.3402331e+00   1.3583687e+00   3.1983195e-02   1.2718131e+00  -1.8208859e-01
   2.0000000e+00   1.5826947e+00   1.8653989e+00  -9.5954687e-01  -1.1270710e-01   8.4531744e-01  -1.0584086e-01
   2.0000000e+00   8.5822433e-01  -3.7326738e-02  -4.7666724e-01  -9.3288002e-01  -9.4316371e-01   7.6004833e-01
   2.0000000e+00  -4.3329291e-01  -4.3743617e-01   2.3019257e-01  -2.0678736e-01  -8.1998770e-01  -1.5788019e-02
   2.0000000e+00  -8.9147265e-01  -1.6987869e-01  -5.3083685e-02   1.4671234e+00   6.6194108e-01  -1.9729351e+00
   2.0000000e+00  -7.5281432e-01   2.6408745e+00  -1.2276487e-01   7.9908939e-01  -2.3922024e-01   6.0691321e-01
   2.0000000e+00   3.4443911e-01  -6.5523614e-01   9.0597236e-01  -1.1769875e+00  -1.6849151e-01  -8.1817386e-01
   2.0000000e+00  -6.5740596e-01   1.5851262e+00  -2.2307948e-01   1.9433483e+00  -5.4754062e-01  -2.7686089e-01
   2.0000000e+00  -6.3491807e-01   5.5985490e-01   7.5674168e-01   1.8608441e-01   8.6961821e-01   1.3629016e-01
   2.0000000e+00   1.9890869e-01  -1.1399818e+00   8.1179537e-01   2.8788548e-01  -5.5682206e-01   5.7262913e-01
   1.0000000e+00  -8.2271976e-01  -6.4292572e-01  -3.2072222e-01  -1.7634833e+00   5.9946021e-01  -6.5378714e-01
   2.0000000e+00  -3.4526985e-01   3.0411149e-01  -9.0485950e-01   1.2657209e+00   8.7151049e-01   1.6559870e-01
   2.0000000e+00  -2.8883115e-01  -5.7361383e-01   1.2411626e+00   1.2217309e+00  -1.0222027e-01   1.4099431e+00
   2.0000000e+00   1.4189697e+00   1.1367877e+00  -2.1458975e-01   1.0617607e+00  -9.9530558e-01   2.4926757e-02
   2.0000000e+00   4.0552158e-01   3.6398656e-01   1.4393835e+00  -1.0880774e+00  -6.3573499e-01   7.1402166e-01
   1.0000000e+00  -8.9026299e-01  -1.0429611e+00   1.9328240e-01  -6.4858559e-02   2.9681639e-01  -4.2169385e-01
   2.0000000e+00  -1.9606785e+00   3.7725511e-01   2.7851336e-01   4.8792658e-01  -2.8407441e+00   6.2723148e-01
   2.0000000e+00   5.4557922e-01   9.1372327e-01   1.0953565e+00  -8.1848980e-01  -1.4139055e+00   1.4426664e-01
   1.0000000e+00   6.1025046e-01   3.5823607e-01  -8.1036605e-02  -4.2302031e-02   8.8680343e-01   7.4866770e-01
   2.0000000e+00  -1.9729658e-01  -1.4419052e+00   9.5824432e-01   5.9353776e-01   4.6622331e-01  -2.1865172e-01
   2.0000000e+00  -8.5721173e-01  -4.5375276e-01   1.1318740e+00   8.4846422e-01   1.2873005e+00   2.6931857e+00
   2.0000000e+00   7.0061557e-02   9.3035417e-01  -2.8650732e-01  -1.8315393e+00  -1.1769959e-01   6.6448908e-01
   1.0000000e+00   1.0903992e+00  -3.2324073e-01  -1.5520095e-01   4.9475455e-01   4.3867565e-02   8.7653765e-01
   1.0000000e+00   4.8298778e-02  -2.8295829e-01   6.8208679e-01   2.2811443e+00   4.2618961e-01  -9.5860815e-02
   2.0000000e+00  -8.1853385e-02  -1.6915031e-01   1.1660479e+00   8.3696294e-01   1.5032776e+00   3.6953871e-01
   1.0000000e+00  -1.4613710e+00   9.7453146e-01   8.9043903e-01   5.3930987e-01   3.5990608e-01   1.1083530e+00
   2.0000000e+00   1.9003087e+00  -1.9770241e+00  -7.4824503e-01   1.6574422e+00   9.4073544e-01   7.2598748e-01
   2.0000000e+00  -5.2751592e-02   1.7523353e-01   4.2072636e-01   3.4555217e-01  -5.2194985e-01  -6.5939390e-01
   2.0000000e+00  -8.6471277e-02  -2.0016181e-01   2.2033366e-01   6.5714530e-01  -1.0187553e+00   1.1158929e+00
   1.0000000e+00   5.2682544e-01  -1.2021998e+00   3.6737326e-01  -5.1821026e-01   6.2209957e-01   1.1053272e+00
   2.0000000e+00  -8.3561790e-01  -9.5451945e-01  -8.4422410e-01   7.8455149e-01  -2.6676851e-01   3.2110913e-01
   2.0000000e+00   7.6269542e-01  -2.4482350e-01   9.2879047e-01  -5.3510533e-01  -8.0807324e-01  -6.1679942e-02
   2.0000000e+00   3.5571654e-01  -1.2043412e+00   6.4544820e-01  -2.2249541e-01   1.7580647e+00  -2.0219037e-01
   2.0000000e+00   6.3907067e-01   6.1788194e-01  -1.6590016e+00  -2.7507114e-01  -1.1004184e+00  -2.4737982e+00
   2.0000000e+00  -3.5153994e-01  -1.6632843e-01  -1.5230407e+00   7.9135503e-01   2.3658232e-01   1.3143257e-01
   2.0000000e+00  -2.1980651e-01  -6.9190312e-01   3.6983661e-01   1.1468199e+00  -6.9481036e-02  -1.9095893e-01
   1.0000000e+00   1.0082125e+00   4.5946866e-01  -5.7797963e-01  -1.3436736e-01   8.5214459e-02   4.5070766e-01
   2.0000000e+00  -1.1190673e+00   1.4794568e-01   1.0656545e+00  -1.1517699e-01   1.2607116e+00   1.4872519e+00
   2.0000000e+00   4.5893049e-01   9.4155886e-01  -3.3409022e-01   1.2951273e-01   9.9292052e-01   8.1605721e-01
   2.0000000e+00  -1.1120731e-01   1.7590228e+00   6.6590700e-01   1.4426140e-01  -9.5121566e-01   6.7781452e-01
   2.0000000e+00  -1.4107208e+00  -5.0171699e-01  -9.4387901e-01  -2.4891297e+00  -1.1001560e+00  -7.1713874e-02
   2.0000000e+00   2.0586852e+00   5.2216769e-01   1.0595128e+00  -1.3214473e+00  -2.9242699e-01  -1.4066369e+00
   1.0000000e+00   8.6196895e-01   1.0568684e+00   3.5951827e-02  -5.8019858e-01   8.0758987e-01   1.0956287e-01
   1.0000000e+00   5.5598040e-01  -1.5966301e+00  -4.9440843e-01  -3.4221514e-02   6.1939317e-01   1.0287549e+00
   1.0000000e+00  -4.6064874e-01   1.5804218e-01   5.3566867e-01  -2.0574408e-01   6.3959962e-01  -4.3277730e-01
   2.0000000e+00   3.9396765e-01   9.7269171e-01  -9.9921187e-01  -1.3991354e+00  -1.3790002e+00  -1.7899815e+00
   2.0000000e+00  -2.2182359e-01  -3.1504792e-01   5.1925459e-01   7.8013088e-01   1.1485945e+00   3.8455108e-01
   1.0000000e+00  -9.1430928e-01  -3.6104540e-01   5.3013126e-01   3.1435295e-01   1.0582679e-02   5.5449824e-01
   2.0000000e+00  -1.4882453e+00  -6.8119492e-01   8.0989594e-01   2.8704158e-01  -1.6574062e-01  -1.1251224e+00
   1.0000000e+00   1.6023927e+00  -1.0614450e+00  -1.1813231e-01   4.3943806e-01   7.8882712e-01   3.0359661e-01
   2.0000000e+00   2.8067495e-01  -2.9024040e-01   1.9411215e-02  -9.6086811e-01  -2.6680391e-01   1.3791586e+00
   2.0000000e+00  -1.9418329e+00  -3.7988098e-01   7.5366801e-01  -1.1503240e+00  -4.2593529e-02   8.6682487e-01
   2.0000000e+00  -1.5530970e+00   1.2942502e+00  -1.1631977e+00  -1.2772467e+00  -3.2642881e-01  -1.0091506e+00
   2.0000000e+00  -3.1348443e+00   8.1721943e-01   8.9764492e-01  -9.6296311e-02   3.2959449e-01   2.1203298e+00
   2.0000000e+00  -1.5378405e+00   1.9043760e+00   1.6145792e+00   2.0856598e+00   1.2317147e+00  -1.8721299e+00
   2.0000000e+00  -5.9617998e-01   7.3029867e-01   3.1128430e-01  -1.0976502e+00  -1.8915449e+00  -1.6136017e+00
   1.0000000e+00  -1.2221707e+00   7.6607941e-01  -5.1592385e-01  -2.0352122e+00   6.2313691e-01   3.0755659e-01
   2.0000000e+00  -3.1082346e-01  -5.1336815e-01   2.0323981e-01   9.7681831e-01  -6.0579124e-01   8.5298628e-01
   2.0000000e+00  -1.5023592e+00   4.9685128e-01   1.3121467e+00  -6.3915056e-01  -8.9714794e-01  -5.3692450e-01
   2.0000000e+00  -1.9867788e-01  -8.3999324e-01   1.0575645e+00   7.0094870e-01  -8.4230923e-01   8.4126995e-01
   2.0000000e+00   1.1922258e-01  -1.1411037e+00  -1.3320643e+00  -2.4190983e-02  -2.1508826e-01  -9.0961929e-02
   1.0000000e+00  -4.9450571e-01   2.7774641e-01   6.4070629e-01   1.2303358e+00   5.9322834e-01   1.0597144e+00
   1.0000000e+00   1.0967233e+00  -4.1207194e-01   5.7826047e-02   8.6658379e-01   4.3528397e-01  -9.5172914e-02
   1.0000000e+00  -1.8198238e-01  -3.0589549e-01   7.7386378e-01  -4.0011119e-01   3.2142274e-01   1.5511379e+00
   2.0000000e+00  -1.2942507e+00   2.3692151e-01   2.0061512e+00   1.2713666e+00   1.0220102e+00   6.9515289e-01
   2.0000000e+00  -4.2626675e-01   1.0725013e-01  -4.2350343e-02  -2.9060157e-01  -6.0411572e-02  -1.2032739e+00
   2.0000000e+00  -3.0376039e-01   6.8041383e-01  -1.0637268e+00   5.5607057e-01  -1.2752317e+00  -5.9106995e-01
   2.0000000e+00  -5.0804128e-01   7.1442699e-01  -9.9704070e-01  -6.9414087e-01  -6.2773093e-01  -9.3412392e-02
   1.0000000e+00   9.6551399e-01  -7.4957550e-02  -3.7904464e-01  -7.1203895e-01   3.9001342e-01   8.4701020e-02
   2.0000000e+00   1.3918432e+00   1.7241534e+00  -1.0469193e+00   1.7343006e-01   1.4638766e-01  -7.0302248e-01
   1.0000000e+00   1.6357055e+00   5.9140949e-01   1.5778380e-01  -3.8793057e-01   6.8831243e-01  -5.6116049e-02
   2.0000000e+00  -7.4152274e-01  -1.9863789e+00  -1.1048434e+00   1.2490055e+00  -8.8289762e-01  -1.2839213e+00
   2.0000000e+00  -9.0649555e-01   7.9441879e-01   1.0336993e+00   1.4884493e-01  -8.1842481e-02  -6.1756049e-01
   2.0000000e+00   4.6780488e-01  -5.1957708e-01   1.5604817e+00  -3.6883579e-01  -1.9608235e-01  -2.6376522e+00
   1.0000000e+00  -1.7985690e+00   2.5739977e+00   5.1930034e-01   3.5129657e-01   7.4647318e-01   1.3123961e+00
   2.0000000e+00   4.1076803e-02  -8.7785847e-01   7.7863888e-01   1.6588080e+00  -3.8982532e-02  -6.3346063e-01
   2.0000000e+00  -2.5226756e-01   1.2221433e-01  -1.0312120e+00  -3.3319321e-01   6.2560464e-01   1.0102535e+00
   1.0000000e+00  -7.2158787e-01   1.4584495e+00   6.9610867e-01   2.5919720e-01   4.0744239e-01   4.9515341e-01
   1.0000000e+00   1.1651773e+00  -1.6908807e+00   2.6046784e-01   4.1007475e-01   7.7118011e-01  -2.6572147e-01
   2.0000000e+00  -9.1714818e-01  -7.5773967e-01   2.8505423e-01   1.4576768e+00  -1.5002689e+00  -1.1466401e+00
   1.0000000e+00   1.9772954e-01  -3.0550763e-01  -3.1465555e-02   1.4691816e+00   8.3339360e-01   7.2709557e-01
   2.0000000e+00  -5.4278627e-01   1.8944304e+00   5.8554445e-01  -6.8759901e-01   1.0716200e+00  -6.0153205e-01
   2.0000000e+00  -1.6471076e+00  -1.3821413e+00   1.2503819e+00   7.7429970e-01  -1.9084383e+00  -1.3662263e+00
   1.0000000e+00   9.6483585e-01  -7.4273458e-02  -8.7288250e-01   4.3682772e-01   2.9295678e-01  -8.8159997e-01
   2.0000000e+00  -4.6878512e-01  -1.3918183e+00   1.2179948e+00  -7.1263721e-01   1.9666661e+00  -2.5112403e-01
   2.0000000e+00  -2.0980949e+00  -1.0584854e+00   8.7414918e-01   8.2826437e-01  -6.5087139e-01   4.1536025e-02
   2.0000000e+00  -1.9385873e+00   4.9510612e-01  -1.4052028e-01   1.6541720e-01   3.9295680e-01  -2.4781392e+00
   2.0000000e+00  -2.3356774e-01   4.7936674e-01   3.7617004e-01  -1.0899892e+00   9.3493362e-01  -7.7330891e-01
   2.0000000e+00   1.8406959e+00   4.7951869e-02   1.6293260e+00  -5.9044863e-01   1.2367433e+00   3.1336252e-01
   2.0000000e+00  -5.6074535e-01  -1.1098108e+00  -1.9822150e-01   3.3995537e-01   1.2582994e+00  -5.9159275e-01
   2.0000000e+00  -9.8690373e-01  -1.5978485e+00  -4.4315859e-01  -4.1265543e-01  -1.5524912e+00  -2.0136380e-01
   2.0000000e+00   4.6334784e-01  -1.1414960e+00   1.0707243e+00   1.6528363e-01   5.1490106e-01  -1.6894579e+00
   2.0000000e+00  -2.8692053e-02   6.7458469e-01   6.6270815e-01  -1.8931168e+00   1.8012895e+00   8.8895372e-01
   2.0000000e+00   1.8122325e+00  -1.1797253e+00  -4.3134707e-01   3.9776775e-01  -2.1799810e-02  -1.4774127e+00
   2.0000000e+00   1.3407039e+00   9.7219948e-01  -9.0255154e-01  -2.2932921e-02  -4.5620390e-01   4.1849258e-01
   1.0000000e+00  -8.4001162e-01  -3.5356226e-01  -4.5201601e-01   5.2345947e-01   2.9615790e-02  -2.2950256e-01
   2.0000000e+00  -1.2292292e+00  -7.7474381e-01   8.5142801e-01  -7.2081776e-01   1.0691626e+00   1.1065677e+00
   2.0000000e+00   9.9598112e-01  -2.1238187e+00   9.1077476e-01  -1.4102552e+00  -8.5183774e-01  -4.7328613e-01
   2.0000000e+00   2.5491317e-01   3.7913518e-01  -9.5558118e-01  -1.7092129e+00  -9.9832512e-01   5.8276763e-01
   2.0000000e+00   2.3550730e-01  -1.3624173e-02   1.2576953e+00   1.3381269e+00  -1.6415806e+00   1.4184326e+00
   2.0000000e+00  -9.5603253e-01  -1.3074096e+00   7.5766016e-01  -7.8653218e-01  -9.7292802e-01   1.2875212e+00
   2.0000000e+00   1.0314682e+00   8.3442677e-01  -6.1614846e-01  -8.2372351e-01  -1.9788916e+00  -4.0980327e-01
   2.0000000e+00  -1.8203656e-01  -4.9405025e-01  -5.5863034e-01  -1.3328379e-01   1.3701882e+00  -9.7906780e-01
   2.0000000e+00  -8.7373163e-01   5.1428562e-01  -9.0224307e-01   5.1877887e-01  -7.5558642e-01  -1.3993284e+00
   2.0000000e+00  -2.1644813e-02  -8.5307388e-01   1.3821867e+00   4.1065855e-01   1.8906912e-01  -4.6583874e-02
   2.0000000e+00  -1.7849776e+00   5.2483065e-01  -1.4954896e+00   3.7340450e-01   6.2965848e-01  -1.4206894e+00
   2.0000000e+00   1.2556843e+00   1.1540026e+00  -5.3476895e-01   3.7830773e-01  -1.1031055e+00   4.3199577e-01
   2.0000000e+00  -1.0927379e+00   3.6229566e-01  -1.2457132e+00  -2.3549188e+00  -6.7556334e-01   1.3337840e+00
   2.0000000e+00   8.3948520e-01  -8.7586724e-01   9.7749214e-01   9.3810143e-01   1.6659513e+00   9.0301787e-02
   2.0000000e+00   1.6500885e+00   1.6246514e-01  -5.2236378e-01  -2.2699934e-01   9.3529262e-01   6.5999721e-02
   2.0000000e+00  -8.2479022e-01  -7.9405878e-01  -8.6662422e-01   1.4085509e+00   1.5569959e+00  -4.3807493e-01
   2.0000000e+00   1.4387351e-01  -5.6789894e-01  -1.0747193e+00  -1.2409577e+00   7.8728402e-01  -1.7014362e-02
   2.0000000e+00  -1.3012571e+00   7.4252083e-03  -1.1043452e+00  -8.6052127e-01   1.2726251e+00  -9.4412678e-01
   2.0000000e+00  -3.6898959e-01   7.5043512e-01   1.2559211e+00   2.0504918e+00  -5.2402126e-01  -2.0720036e-01
   2.0000000e+00   6.5456544e-01   5.1302043e-02   6.0923177e-01  -7.8714132e-01  -1.0556833e+00   3.0052579e-01
   2.0000000e+00   1.7049508e+00  -5.0081845e-01   1.1922560e+00   6.7923077e-01   1.1725479e-01   7.4664934e-01
   2.0000000e+00  -1.4508765e+00   1.6163410e+00   2.3192812e-01   1.5336393e-01  -5.4940021e-01   7.4229845e-01
   2.0000000e+00   7.3198151e-01   4.0055317e-01   1.7822146e+00  -2.2808611e+00   7.6539605e-01   1.0128948e+00
   2.0000000e+00   1.2919575e+00   7.4286408e-01   2.0585116e+00  -5.3886935e-01  -2.5949950e-01   5.0336060e-01
   2.0000000e+00   7.3453885e-01  -3.9144741e-01  -2.4797067e-01  -1.0270522e+00   2.2390144e+00  -1.0978168e+00
   2.0000000e+00  -8.7510089e-02  -3.6987128e-01   1.5813096e+00  -5.3995009e-01   7.1677288e-03  -9.7071387e-01
   2.0000000e+00  -7.1781929e-01   1.7071765e+00  -4.7818365e-01   2.7941072e-01   1.7640080e+00  -1.0307504e+00
   1.0000000e+00   7.2405604e-01   1.9103484e+00   7.6812679e-02   1.0397848e+00   3.9268890e-01   4.8975971e-02
   1.0000000e+00   1.0198248e+00   7.2716134e-01   9.5023516e-02   1.1064096e+00   1.5410917e-02   9.9173751e-01
   2.0000000e+00   1.0116529e+00  -5.4473984e-01   1.0608863e+00   2.3361086e-01  -1.1526773e+00  -1.4388926e+00
   2.0000000e+00  -6.1446210e-01  -3.4800143e-01   1.4251796e+00   8.1706824e-01   1.6975871e+00  -1.7170308e-01
   2.0000000e+00  -8.5770747e-01   1.3617261e+00   4.8801397e-01  -1.7949539e-01  -3.2436187e-01   1.3394310e+00
   2.0000000e+00   6.7095881e-01   9.9459869e-01  -4.3861516e-01   2.9174162e-01   1.7718847e+00  -5.3508965e-01
   2.0000000e+00   9.4908474e-01   4.5320353e-01   9.0824565e-01   3.7695623e-01   1.9771711e+00   2.2340428e+00
   2.0000000e+00  -3.2815396e-01   7.9004916e-01   9.3185937e-01  -2.0164235e+00  -3.9397982e-02  -9.3775340e-01
   2.0000000e+00  -1.2794272e+00  -1.9772931e-01  -5.1943786e-01   1.1316206e+00  -3.9781008e-01  -2.3614077e+00
   2.0000000e+00  -2.7273355e-01   9.5658027e-01   2.0529356e-01   2.1553230e+00  -5.7027387e-02  -9.4842420e-01
   2.0000000e+00   1.8210892e+00  -4.6446768e-01   1.6969500e+00  -7.8213175e-01  -5.4564040e-02  -1.9361299e-01
   2.0000000e+00   7.0420736e-02  -1.6737132e+00   1.3077467e+00  -3.8886292e-02   1.2679649e-01   3.1950250e-01
   2.0000000e+00  -6.5831177e-02   1.6911768e-01   7.0422746e-01  -1.1720572e+00   7.3408796e-01  -7.0334697e-01
   2.0000000e+00  -2.4385414e+00   3.9732138e-01  -1.1385425e+00   6.0028062e-01   2.5520475e+00   3.2759456e+00
   2.0000000e+00   3.2894843e-01   1.3396232e+00   6.8002024e-01  -1.4740384e-01  -1.5573183e+00   1.8462558e-01
   2.0000000e+00   1.2282071e+00   1.3264419e-01  -5.5449435e-01  -1.2813769e+00  -7.6409130e-01   5.5634888e-01
   1.0000000e+00   1.0442112e+00  -2.1652962e+00   1.8922094e-01   2.1884364e+00   9.1124940e-01   9.8227517e-01
   2.0000000e+00   2.1519975e-01   5.5711474e-01  -6.1397857e-01   5.3684310e-01  -9.7289633e-01  -7.3473047e-01
   1.0000000e+00  -6.1686619e-01   1.3086588e+00   5.8730282e-01   1.4851976e+00   1.3010520e-01   1.5798840e+00
   2.0000000e+00   1.0412038e+00  -1.1002987e+00   7.6825472e-01   2.0647929e+00  -1.1085966e-01  -3.0383335e-01
