   2.0000000e+00   2.3222601e+00  -9.3022682e-01  -3.7775093e-01  -4.4311578e-02  -3.2649914e-01  -7.3998941e-01
   1.0000000e+00   3.7516564e-02   6.2415488e-01   3.7424852e-01  -8.2201471e-01   1.9804605e-01  -1.7110143e-01
   2.0000000e+00  -4.5082100e-01  -9.0901913e-01  -2.7007283e-02   7.8653241e-01  -1.0030637e+00  -4.3138456e-01
   2.0000000e+00   1.4753393e+00   1.3027708e-01  -1.4943057e+00  -1.9621613e-01   7.9457335e-01   1.4850491e-01
   1.0000000e+00  -7.0678503e-01  -8.5063745e-01   4.1446796e-01   9.0869780e-01  -2.4153097e-02  -1.9776879e-01
   2.0000000e+00  -1.7845123e-01  -4.2120393e-01  -8.6953586e-01   8.3392355e-01  -4.0862718e-01   1.8258901e+00
   2.0000000e+00   1.2883622e+00  -2.3280165e+00   8.6414830e-01  -2.4646248e-01   8.8437346e-01  -4.6275895e-01
   1.0000000e+00   4.4601516e-01  -7.0911266e-01   3.8866934e-01   2.0345184e+00  -1.3655273e+00  -1.6199710e+00
   2.0000000e+00  -9.9654320e-01  -1.2172884e+00  -5.7400541e-01   6.3652494e-01   1.3180121e+00  -7.4103427e-01
   2.0000000e+00  -2.1643939e+00  -9.1711154e-01   4.1621155e-01   1.1268420e+00  -9.1399934e-01   6.0908214e-01
   1.0000000e+00  -8.7971182e-01  -5.6524538e-02   5.4846438e-01   1.7520119e-01   1.2326767e+00   1.6938290e+00
   2.0000000e+00   3.4248948e-01  -6.0155549e-01  -1.0695679e+00   1.3158352e+00   1.8135427e-01  -1.3236253e+00
   2.0000000e+00   3.2991199e-01  -8.5183904e-01  -5.3608046e-01   4.6815098e-01  -4.6806768e-01   1.7411190e+00
   2.0000000e+00  -4.2136765e-02   7.6511001e-02  -4.4860726e-01   1.3280049e+00  -9.6591012e-01  -2.9538796e-01
   2.0000000e+00  -1.1458827e+00  -7.4742853e-01  -4.7537229e-01  -1.2934641e+00  -8.7600658e-01   7.6889312e-01
   2.0000000e+00  -9.3359125e-01  -1.5627624e+00  -2.1796144e-01   1.3717363e+00   2.0486420e+00   7.1451378e-01
   2.0000000e+00   3.5591985e-01   1.9415463e-01  -1.0808003e+00   4.1860146e-01   8.6122855e-01  -1.8373615e+00
   2.0000000e+00  -1.1270600e+00   4.5116048e-01  -1.9469596e+00  -2.6990657e+00  -1.3852202e+00  -7.3530858e-02
   2.0000000e+00   1.8808556e-01   1.5709994e-01  -4.9244241e-01   6.8503821e-01   1.1626190e+00  -1.6743510e-01
   2.0000000e+00   2.8939951e-01   5.1878192e-01  -9.5652097e-01   8.3449040e-01   1.8273619e+00   8.0714936e-01
   2.0000000e+00   4.0989985e-01  -8.1425770e-01   2.0580978e+00  -6.6343646e-01  -4.2302414e-01  -8.8760219e-01
   2.0000000e+00   2.3411451e+00  -8.5271134e-01  -1.3301805e+00  -8.9954890e-01  -1.1314739e-01   6.2617909e-01
   2.0000000e+00  -5.8084113e-01   9.5497754e-01  -5.4642573e-01  -1.2960151e+00   1.5863970e+00  -1.2219737e+00
   2.0000000e+00   4.0384526e-01  -1.0580183e+00  -2.3779472e-01  -1.2754566e+00  -4.6630590e-01  -3.9652546e-02
   1.0000000e+00   5.6508794e-01   3.1144732e-01   1.3197882e-01  -1.1304806e+00  -4.4390488e-01   3.7779614e-01
   2.0000000e+00   1.0262138e+00  -3.0064881e+00  -1.5748977e-01  -1.0407082e-01  -7.0787937e-01  -9.7110353e-01
   2.0000000e+00  -2.3136441e-01  -7.0839721e-01  -5.9905720e-01   1.4715807e-02   7.1621144e-01  -8.5760000e-01
   1.0000000e+00  -1.3144949e-01  -4.8340295e-01   7.2381174e-01   5.6744592e-01  -1.6746293e+00  -3.8559317e-01
   2.0000000e+00   2.4671662e-01   1.8575442e-01  -1.1082733e+00   5.8959987e-01  -4.5528494e-01  -2.4271022e+00
   2.0000000e+00  -2.6781206e-01   8.2878660e-01  -1.0756745e-01  -1.6886541e+00   4.0533048e-01   9.6260690e-01
   1.0000000e+00  -8.7117037e-02   1.2921916e-01   9.6983552e-01   1.1645262e+00   3.7985470e-01  -7.5324091e-01
   2.0000000e+00  -8.9889324e-02   1.1708016e+00   5.1343380e-01   8.1748334e-01   5.1194576e-01  -3.6784007e-01
   2.0000000e+00  -3.2574416e-01  -1.0295990e+00  -5.8068897e-01   1.1646550e+00  -8.0002515e-02  -2.0104716e-01
   2.0000000e+00   7.7761283e-01   3.8673546e-01   9.2642322e-01  -8.9399287e-01   1.0970446e+00   1.4219229e+00
   2.0000000e+00  -1.6769707e-01   2.6764836e-01  -2.3790742e+00   2.5035905e-01  -1.1834316e+00   5.9882057e-02
   2.0000000e+00  -1.6147731e-01   1.2893155e+00  -1.4128422e-01  -7.6179485e-01  -7.7950580e-01   1.5527454e+00
   2.0000000e+00   1.9664103e-01   3.6665282e-01  -3.7652529e-01  -3.7973485e-01  -1.5325085e+00  -4.6466712e-01
   2.0000000e+00   2.7951506e-01  -4.1442254e-01  -2.2919380e-01   4.1603270e-01  -8.1503071e-01  -1.7680031e+00
   2.0000000e+00  -1.4593987e+00  -9.8565917e-01  -1.5431883e+00  -7.6610796e-01   1.1377895e+00  -5.7495700e-01
   2.0000000e+00  -4.8375404e-01  -2.8127247e-01   1.5833696e+00  -6.7549699e-02   8.6706757e-01  -6.6926191e-01
   2.0000000e+00   4.0896788e-01   1.0416141e+00  -6.2808753e-01   6.0705914e-01   1.0595814e+00  -3.2711623e-01
   1.0000000e+00   9.1591655e-01  -8.8112438e-01   3.1924110e-01  -3.8737789e-02  -7.3531949e-01   6.1770326e-01
   2.0000000e+00   3.4956006e-01   6.6339680e-01   7.8653518e-01  -1.4536104e+00   1.1535806e-01  -7.0006573e-01
   2.0000000e+00  -1.8041881e-01   2.2336814e+00  -9.0312833e-01   5.0661822e-01  -9.2513147e-01  -8.6346814e-02
   2.0000000e+00   4.2084090e-01   2.1048849e+00   6.1701931e-01  -2.0948528e-01   1.4115848e+00  -1.1013176e+00
   2.0000000e+00   8.1822308e-01  -9.0507793e-02  -3.2500092e-01   1.4798459e-01   5.1771381e-01  -6.4133576e-01
   2.0000000e+00   5.2461893e-01   1.9744651e+00  -1.6463046e+00   1.8895553e+00   8.2944254e-01   3.0591780e-01
   2.0000000e+00   3.9169893e-01   6.6759590e-01  -9.6699784e-01  -6.5252978e-01  -7.1036239e-01   3.9414437e-01
   2.0000000e+00   6.7431319e-01   1.3449943e+00  -2.6419776e-01   5.6961913e-01  -1.2296569e+00   2.3465385e+00
   1.0000000e+00  -7.8902101e-01   6.7202586e-01   3.7542406e-01   2.1799287e-01   8.6910265e-01   1.6821621e+00
   2.0000000e+00  -2.3121721e+00  -4.0807374e-01  -1.2841402e-01  -7.4540402e-01   1.8441217e+00   4.7487620e-01
   1.0000000e+00   1.0850500e+00   1.0458410e-01   1.1500514e-01   6.6299849e-01   1.7217958e+00   6.1253519e-01
   2.0000000e+00  -1.1003988e-01   1.4690721e-01  -1.0781733e-01  -9.8680746e-01   2.0214523e-01  -1.0068305e+00
   2.0000000e+00   1.5799318e-01  -6.9695947e-01  -4.9986819e-01   8.2492494e-01   4.7085155e-01  -2.6406763e+00
   2.0000000e+00  -7.2106667e-01  -1.4005131e+00  -1.1108220e+00  -5.8064806e-01   4.1393728e-01   4.3086081e-01
   2.0000000e+00  -3.0288208e-01  -1.1308042e+00   1.2938905e-01  -1.2630789e+00   6.0026643e-01  -1.8271482e+00
   1.0000000e+00  -2.2845677e-01   1.7309901e-01   9.4886699e-01   5.9222289e-02   1.1259019e+00   3.0201266e-01
   1.0000000e+00   3.3738529e-01   9.2078550e-01   9.7995097e-02  -3.6461779e-01  -1.9229830e+00  -1.6953569e+00
   2.0000000e+00   2.8249176e-02   1.2936413e+00  -1.0076324e+00   5.7054027e-01  -1.7927758e+00  -1.4817007e+00
   2.0000000e+00   8.7446653e-01   8.0550768e-01   1.6527572e+00  -1.0969362e+00   1.2038736e+00  -1.0999575e+00
   2.0000000e+00  -1.6233462e+00  -5.0265134e-01  -9.1390800e-01   9.7071762e-01  -1.2420997e+00  -2.2843542e-01
   2.0000000e+00  -7.0912972e-01   8.8415513e-01   8.9084911e-01   1.2647440e+00  -5.4141879e-01  -1.8722423e+00
   2.0000000e+00  -5.8823770e-01  -2.5080811e+00  -1.7579665e+00   4.9503816e-01  -6.8759504e-01  -9.0357190e-01
   1.0000000e+00   5.0380398e-01  -4.7676099e-01   2.2550132e-01   4.4086057e-01   5.8459276e-01   5.1539022e-01
   2.0000000e+00   4.4762798e-01   8.7507946e-01  -1.9610892e-02   2.6657085e-01  -7.8557569e-01   6.0637360e-01
   2.0000000e+00   1.2656839e-01   2.0410126e+00  -7.8315842e-01  -1.9764966e+00   1.0593435e+00   1.5598973e-01
   2.0000000e+00   1.9073979e-01   2.3933099e-01  -1.5443449e-01   6.4918259e-01   1.4694705e-01  -2.5395986e-01
   2.0000000e+00  -1.9763666e+00   2.2819801e-01   1.5648286e+00  -1.6477362e+00  -4.0877348e-01  -1.3499145e+00
   2.0000000e+00   7.1927464e-01  -1.5475760e-01  -3.8771397e-01   4.8052111e-01   1.3338678e+00  -1.4122875e+00
   2.0000000e+00  -4.4923890e-01  -6.4807570e-01  -1.6644282e-01  -7.5660806e-02   3.6906756e-01  -4.1787133e-01
   1.0000000e+00  -5.4618868e-01   3.9250248e-01   8.3863323e-01   8.0586263e-01  -1.3425141e+00  -8.5197323e-01
   2.0000000e+00   2.0288181e+00   1.0545090e+00  -6.6390368e-01   5.9230930e-01   1.9646413e+00   1.3449457e-01
   2.0000000e+00  -1.9122615e+00   1.0416246e-01  -2.7377401e-01   2.8200169e-01  -3.7932447e-01  -1.1680068e+00
   1.0000000e+00   3.0629652e-01   7.0836314e-01   2.9473662e-01  -1.0330971e+00   6.0590933e-01  -8.0922341e-01
   2.0000000e+00   6.1109619e-01   1.9455529e-01  -9.2716721e-01   2.2170539e-01  -4.7381710e-01   5.9763680e-01
   2.0000000e+00  -1.4534676e+00   1.2910559e+00   7.8290120e-01  -1.0151931e-01   2.4887238e+00  -2.6724839e-01
   1.0000000e+00  -8.6616687e-01  -4.1893361e-01   3.7095324e-01   1.5315835e+00  -6.9577017e-01   1.1145976e+00
   2.0000000e+00   4.1777977e-01   8.0450851e-01   1.6244579e+00   6.6610677e-01   2.1174169e+00   1.0107991e+00
   2.0000000e+00   2.0410740e+00   2.8677548e-02  -1.6717639e+00  -9.1066441e-01  -9.0661696e-01  -1.5663199e+00
   1.0000000e+00   1.0965353e+00   6.7743825e-01   3.8861734e-01  -6.1619431e-01  -1.1686638e+00   6.8156014e-01
   2.0000000e+00  -4.0366383e-01  -1.1096492e-02  -5.5736691e-01  -5.0721775e-01   1.4496806e+00  -5.8582394e-01
   1.0000000e+00  -5.9360230e-01   5.4481892e-02   1.8958346e-02  -4.8113201e-01  -8.8785508e-01   1.6317807e+00
   1.0000000e+00   1.3487827e-01   4.5674096e-01   8.6413706e-01  -5.3261398e-01   5.8753559e-01  -7.0601722e-02
   1.0000000e+00   5.5628327e-01   1.7012112e-01   1.7284746e-01   1.8197981e-01  -4.8649524e-01   2.0231741e+00
   1.0000000e+00  -2.8723478e-01  -7.6422363e-01   2.3055878e-02   4.8692042e-01  -4.1945372e-01   9.0292685e-01
   2.0000000e+00  -7.6181756e-01   5.7682947e-01  -5.2443060e-02   9.9983007e-02   4.8573080e-02   1.3230581e-01
   1.0000000e+00   1.3116140e+00  -1.3671066e-01   1.8731606e-01   8.2457640e-01   1.1129171e-01  -1.4834517e+00
   2.0000000e+00   5.5561651e-01  -8.8033934e-01   2.2659290e+00   9.1609975e-01   1.9036942e-01  -2.4731241e-01
   2.0000000e+00   1.2631565e+00  -7.9639801e-01  -2.3899809e-01  -3.4246127e-01   4.8618125e-01  -5.2961218e-01
   2.0000000e+00  -5.0354360e-01   4.8106064e-01   2.0176997e+00  -3.4566566e-01   2.8233310e-01  -8.3193059e-01
   2.0000000e+00  -1.1935789e-01   4.7373346e-02  -6.8203846e-01   9.7940903e-01  -3.5869856e-01  -1.1650449e+00
   2.0000000e+00  -7.1098180e-01  -1.8843349e-01   1.7615147e+00  -1.0142805e-01  -1.0570154e-01   1.9444506e+00
   2.0000000e+00   1.2529566e+00  -7.0616349e-01  -1.1339925e+00  -2.0351893e+00   1.7646223e+00   6.8192369e-01
   2.0000000e+00  -1.1856672e+00   1.0500870e+00   7.0678129e-01   2.2663646e-01  -6.2645415e-01   2.8875716e-01
   2.0000000e+00  -3.3724550e-01  -3.5841217e-01   1.1663489e+00   1.4996305e+00  -7.3377881e-01  -7.1679851e-01
   2.0000000e+00   1.3657187e-01   9.7755880e-01  -1.2880334e+00   5.8518692e-01  -6.9907232e-01  -4.7100314e-01
   2.0000000e+00  -1.6697406e+00  -3.9113573e-01  -5.1797331e-01   6.0425048e-01  -9.5221618e-01  -1.0043015e+00
   2.0000000e+00  -7.0542502e-02  -3.1363721e-01  -2.4794242e-01   7.7537918e-01  -5.5356752e-02   1.0026307e+00
   2.0000000e+00  -3.2541208e-01  -9.1028647e-01   4.2036954e-01  -1.7296249e+00   3.3906428e-01   2.0282056e-01
   2.0000000e+00   1.1245980e+00  -1.0023826e+00  -7.6032025e-01  -3.9153018e-01  -1.3597112e+00   4.4333022e-01
   2.0000000e+00   4.6836999e-01  -1.1593937e+00   7.8072188e-01   3.1004206e-02  -2.9296541e-01   3.1079336e-01
   2.0000000e+00   9.4665025e-01   1.2096912e+00  -3.1312053e-01   1.1063533e+00   7.9897142e-02   7.0043534e-02
   2.0000000e+00  -5.2533567e-01  -1.1317505e-01  -8.0500609e-01  -6.5309100e-01  -1.1720946e-02   6.0495552e-01
   1.0000000e+00   4.6189578e-01   3.0682114e-01   7.0570715e-01   2.7976759e-02   5.1113934e-02   1.5642276e+00
   1.0000000e+00  -7.4492408e-01  -6.5450659e-01   5.2988566e-02  -1.6336264e-01  -7.1872843e-01   1.9749215e-01
   2.0000000e+00   1.4089113e-01   1.1827733e-01   1.3599795e+00  -1.0194071e-01   9.9272261e-01  -2.1309098e+00
   2.0000000e+00   1.5102390e+00   3.2566916e-01   1.1908949e+00   1.0369772e+00  -2.8682624e-01  -1.8988009e-01
   2.0000000e+00   1.5336696e+00  -9.4162863e-01  -1.3587887e-02   1.8839780e-01   1.3898313e+00  -5.4695807e-01
   2.0000000e+00   1.6533957e+00   1.5225622e+00  -6.8643339e-02  -1.2947383e+00   2.1547157e+00   1.1375845e-01
   2.0000000e+00   4.9430702e-01  -6.7517567e-01  -1.5679340e+00   8.0126896e-01   2.6576065e-01  -1.6192503e-01
   2.0000000e+00   5.0622912e-01   6.1950513e-01   2.1859053e+00   1.3390864e+00   2.8820144e+00  -1.9602332e-01
   2.0000000e+00   4.9538076e-01  -1.8914893e+00  -1.3949003e-01   5.0176227e-01   8.5083029e-01  -6.5415998e-01
   2.0000000e+00  -9.0855234e-01   6.7538232e-01  -7.1307209e-01   2.6411936e-01  -5.4747984e-01   1.7701859e+00
   2.0000000e+00  -2.5727104e+00  -1.0449424e+00   2.7903717e-01   1.2183985e+00   1.2568248e+00   1.6296115e-01
   2.0000000e+00   7.7779830e-01   5.6941632e-01   2.4858989e+00  -4.3058935e-01  -1.1257070e+00  -3.6174506e-01
   2.0000000e+00  -1.1680717e+00  -1.7459882e+00  -7.3319956e-01   1.2339624e+00   4.5004667e-01   3.3635957e-01
   2.0000000e+00  -4.3748698e-02  -3.0566807e-01   1.1332709e+00  -2.7990918e-01  -8.7425525e-03  -6.5527143e-01
   1.0000000e+00  -3.6477143e-01   3.6744946e-01   5.5181931e-01   1.7744270e+00   6.7921334e-01   7.7215476e-01
   2.0000000e+00   1.5392276e+00   4.0853395e-01  -8.3707286e-01  -9.7786396e-01   3.1964834e-01  -1.4833062e+00
   2.0000000e+00   3.1709086e-01   2.0214724e+00   1.4786361e+00   3.2831341e-01   9.6169484e-02   2.2584048e-01
   2.0000000e+00   3.7355039e-01  -9.6709164e-01   4.1653068e-01  -4.8243508e-02   7.3311608e-01   1.3472457e+00
   1.0000000e+00   1.1530208e+00   4.8778393e-01   7.1095233e-01   1.4481511e+00  -2.2545692e-03   9.7090860e-01
   1.0000000e+00   1.2411804e+00   1.7991061e-01   8.4019705e-02  -6.7336638e-01   3.7590399e-02   5.3780874e-01
   2.0000000e+00  -1.2525654e+00  -5.5144865e-01  -3.4229779e-01   1.1562621e+00   2.0141382e-01  -6.3508623e-01
   2.0000000e+00  -1.2274209e+00  -8.5672264e-01  -1.3843433e+00  -6.7663752e-01  -1.2149680e+00   1.9095366e+00
   2.0000000e+00   1.5882735e+00  -1.4278813e-01  -1.1770408e-02   2.1457035e+00   1.6628014e-01  -6.2356227e-01
   2.0000000e+00   7.1432396e-01  -1.1279322e+00  -4.5376894e-01   1.8440371e-01   2.6125448e+00  -4.8630405e-01
   2.0000000e+00  -3.0411495e-01   2.1582448e+00  -1.2219065e+00   5.3722600e-01  -4.6020188e-01  -2.0848284e+00
   2.0000000e+00  -2.4952398e-01   1.3368592e+00   1.8100430e+00   5.7668586e-01  -1.7007132e-01  -7.4397674e-03
   2.0000000e+00   1.1119230e-01   1.2857140e+00   1.2740785e+00   1.6698662e+00  -1.4009949e+00   4.2732715e-01
   2.0000000e+00   1.0033767e-01   1.5402957e+00  -4.5432970e-01   8.7931013e-01   6.1208936e-01  -4.8640484e-01
   2.0000000e+00   1.2705762e-01  -1.4881953e+00   5.8236579e-01   1.6715574e+00  -1.9337253e-01   1.1933974e+00
   2.0000000e+00   1.5103053e+00  -8.9934069e-01   1.7962230e+00   2.4267143e+00   3.1003766e-01   7.6412209e-01
   1.0000000e+00  -1.5212772e+00  -1.8137323e-01   9.6260848e-01  -4.4384315e-01   3.9956993e-01  -1.8225874e+00
   2.0000000e+00   3.1689196e-01  -5.8593418e-01  -8.4109092e-01   4.3594822e-01   4.1771032e-01   1.4558985e+00
   2.0000000e+00   1.0745549e+00   1.1702363e+00  -7.0097285e-01   8.9157956e-01  -5.4797232e-01  -8.7163683e-01
   2.0000000e+00   8.1974899e-02  -7.9819802e-02  -5.6352084e-01   4.6870956e-01   2.9689541e-01   1.3317865e+00
   2.0000000e+00   2.5894507e-01   8.6923519e-01   4.9865472e-01  -2.5546496e-01   4.9699741e-01  -3.0120975e-01
   1.0000000e+00   1.6007164e-01   9.6196114e-01   1.0952052e-02   2.1834942e+00  -8.5308635e-01   4.7682486e-01
   2.0000000e+00  -2.1657254e-01   9.6830599e-01   1.8329967e+00   3.9830257e-01   8.8264010e-01   4.7208494e-02
   2.0000000e+00  -5.7730312e-01  -8.3366945e-01  -1.8203280e-01  -6.3982196e-01  -1.8618226e+00   6.6959987e-01
   2.0000000e+00   6.5942001e-01  -1.8413067e+00   1.0011181e+00   1.2533249e-01  -7.3529293e-01  -1.7823460e-01
   1.0000000e+00   1.0148067e+00   9.2423064e-01   2.6759737e-01  -3.1477721e-01   1.9388480e+00   4.2403062e-01
   1.0000000e+00   3.7983308e-01  -3.1173697e-01   6.6387536e-01   1.0416757e-01  -5.1302504e-01  -1.4804207e+00
   2.0000000e+00  -1.5300780e+00  -1.0388809e+00  -3.3441325e-01   5.4027792e-01  -3.4996147e-01   1.7187354e-01
   2.0000000e+00   9.6117030e-01   7.1006243e-01   9.9744108e-01  -9.2695826e-01  -5.9823877e-01   2.5122748e+00
   2.0000000e+00   1.7170386e+00  -8.4394738e-01  -4.1284591e-01  -2.3474501e+00  -5.7801255e-01   2.2202477e-01
   2.0000000e+00   2.4319689e+00   1.2837106e+00   1.1756654e+00   1.0172133e+00  -1.0188819e+00  -8.6164168e-02
   1.0000000e+00   1.1904048e-01  -4.0406711e-02   1.7932454e-01  -3.5857678e-01   2.1765442e+00  -1.2316159e+00
   2.0000000e+00  -8.9455744e-01   6.0408819e-01  -4.4705763e-01  -1.4926226e-01  -1.2540021e+00   1.2021417e+00
   1.0000000e+00  -1.1137361e+00   7.4648620e-01   1.8209966e-01   5.3299673e-01  -4.3419735e-02  -1.2540278e-01
   2.0000000e+00   6.0794355e-01   2.5645697e-01   2.2568165e+00   7.8446339e-01   1.0225693e+00  -3.7998010e-01
   2.0000000e+00   1.7015351e+00   1.7356662e+00  -2.1222449e-01  -3.5896975e-01   1.8158665e-01   1.8331622e+00
   2.0000000e+00  -6.9548136e-01  -6.1016332e-01  -6.0781465e-01   2.0872110e-01  -3.2773608e-01  -1.6222748e+00
   2.0000000e+00  -2.2227545e-01   1.5580775e+00   3.9138822e-01  -2.3494818e+00  -3.5231409e-01  -5.6936200e-01
   2.0000000e+00   1.1275863e-01  -2.3996662e+00  -1.2550276e+00   1.2498396e+00  -6.8878146e-01  -5.1365391e-01
   2.0000000e+00  -6.3942446e-01  -6.0442721e-01  -2.9189701e-01  -1.5878993e+00   7.5371549e-02   1.5634363e+00
   2.0000000e+00  -5.2453157e-01  -7.1079790e-01   1.1114926e+00  -3.3173582e-02  -3.6571291e-01   1.2098952e+00
   2.0000000e+00  -1.1584952e+00   3.3101921e-01  -6.3342956e-01  -4.6757875e-01   2.1353230e-01   1.2542360e+00
   2.0000000e+00  -2.7991149e+00   3.5422381e-01   5.4718652e-03  -5.1125890e-01  -1.1634745e+00   8.1780475e-02
   1.0000000e+00   1.0114815e+00  -2.7688034e-02   8.1244018e-01  -1.8034837e-01   1.3142854e+00   1.4161135e+00
   2.0000000e+00   1.3334663e+00  -1.6184494e+00   1.0432761e+00  -1.2714809e+00   2.1332893e-01  -1.2226427e+00
   2.0000000e+00   9.4142512e-02  -7.6427048e-01  -7.5166173e-01   6.6184002e-01   1.1675815e+00   5.5979562e-01
   2.0000000e+00  -1.7064242e-01   1.0787116e+00   7.0302436e-01   8.4525448e-01  -1.7827860e+00   2.4339771e-01
   2.0000000e+00  -2.4678271e+00  -7.1495509e-01   1.6000271e+00  -1.2267113e+00   1.2157097e+00   1.1118460e+00
   2.0000000e+00   1.3370510e+00  -8.9768322e-01   5.2969961e-01   3.6678812e-01   9.5530660e-01  -9.3410121e-01
   2.0000000e+00  -2.3221009e-01  -1.1519277e+00   1.8396230e-01  -1.6731998e+00  -2.6034566e-01   3.2161210e-01
   2.0000000e+00  -1.3092210e+00  -1.1649805e+00   5.1572763e-01   1.9352597e+00   1.2834240e+00   9.5090009e-01
   1.0000000e+00  -1.1134774e+00  -5.6395752e-01   2.1607986e-03   1.4230344e+00   9.0773746e-01  -2.3797248e-01
   2.0000000e+00  -1.0921761e+00  -5.9910415e-01  -1.1735278e-01  -1.1773135e+00  -5.1153304e-01  -2.0750800e-01
   2.0000000e+00  -1.4575096e+00  -1.4390693e-01  -2.5602791e-01  -1.7715711e+00   2.6977056e-01   2.1784484e-01
   2.0000000e+00   1.6582372e+00   2.9471215e-01  -1.2161860e+00  -4.9394926e-01   1.1995098e+00  -7.5839356e-01
   2.0000000e+00   4.6215799e-01   1.5628059e-01  -2.0587367e+00   9.2181924e-01  -1.3379362e+00  -6.9397403e-01
   2.0000000e+00   6.4418619e-01   4.5683911e-01  -2.7579762e-01  -2.5288630e+00  -1.5848227e+00   3.5033788e-03
   2.0000000e+00  -2.6678868e-01  -2.1854829e+00   8.8023924e-01  -1.5428849e+00  -5.1312188e-01  -5.3426584e-02
   1.0000000e+00   1.6135916e-01   8.2208640e-01   2.1786384e-02   1.4682313e+00  -7.7588651e-01  -5.5058262e-01
   2.0000000e+00  -1.7839750e-01  -8.7540777e-01  -7.3231367e-01  -1.0186928e+00   8.4766402e-01  -1.4329488e+00
   2.0000000e+00   6.6285977e-02  -2.9888176e-01  -1.0002649e+00   2.9411290e-01   1.2944301e-01   2.1484090e+00
   2.0000000e+00  -2.4140642e+00  -3.4575655e-02   1.3638589e-01  -7.0879872e-01   8.6991264e-01   2.7860570e-01
   2.0000000e+00  -3.0326493e-01   1.1886092e+00   7.2845119e-01   3.9633626e-01  -2.1087928e-01  -6.1881203e-01
   2.0000000e+00   2.6282303e+00   1.3390848e-01  -2.9680031e-02  -1.0138914e+00   8.0522532e-01  -8.0063266e-01
   1.0000000e+00   1.7347336e-01   6.5608332e-01   5.4178214e-01  -3.4901181e-01   9.4139247e-01   5.8936480e-01
   1.0000000e+00   8.3366698e-01   6.6969604e-01   1.7123766e-01   1.0489315e+00   2.3594634e+00   8.6854761e-03
   2.0000000e+00  -8.4851797e-01   5.5918881e-02   1.7856217e+00   1.9100888e+00  -5.0155254e-01   1.6469861e-01
   2.0000000e+00  -1.6753437e-01   1.5608993e+00  -1.4144251e+00  -9.8639782e-01   9.8650421e-01  -8.8083358e-01
   1.0000000e+00  -3.9087323e-02  -9.9780480e-02   8.6518274e-01   1.3220924e-02  -1.2371496e+00  -9.7155847e-01
   2.0000000e+00  -2.0665391e-01   1.2245094e+00  -6.6821043e-01  -6.3514170e-01  -1.2159315e+00  -1.1132929e-01
   2.0000000e+00   2.5342136e-01  -1.6812688e+00   1.0058868e+00   1.3055701e+00   4.3461203e-01   3.3953401e-03
   1.0000000e+00  -6.1022591e-02  -1.0573918e-01   4.7098095e-02  -1.1853160e+00   3.1875115e+00  -1.8390452e-01
   2.0000000e+00  -9.3893482e-01   1.9410033e+00  -5.2129188e-01  -4.1429884e-01   1.2015986e+00   2.2895982e-01
   1.0000000e+00  -1.3931952e-01   4.8033236e-01   5.2617880e-01   7.2471023e-01   1.5339408e+00   2.4793851e-01
   1.0000000e+00  -3.4922640e-01   3.1000138e-01   7.6019476e-01  -6.7774858e-01   1.8599729e+00  -1.5629195e+00
   2.0000000e+00   1.7245174e-01   1.3634903e+00  -8.5580392e-01  -3.2083569e-01   3.3408566e-01   5.8400511e-01
   2.0000000e+00   4.0196008e-01   6.3504634e-01  -2.4464616e-01   1.6366411e+00  -1.1926528e+00  -5.9206746e-01
   1.0000000e+00   1.4739274e+00  -3.7801419e-01   1.6076186e-01  -2.3538220e+00   1.9803384e+00   1.3716957e+00
   2.0000000e+00  -1.9973907e-01   9.3534834e-01  -1.1417586e+00  -1.3213038e-01  -9.1615176e-01  -2.3900691e-01
   2.0000000e+00   6.4458839e-02  -7.6006467e-01  -2.1917557e+00   1.0915878e+00  -9.5207357e-01  -3.4351292e-02
   2.0000000e+00  -2.1039547e+00   1.2245389e+00   2.8515855e-01  -6.7403220e-01  -4.6166598e-01  -9.4886828e-01
   2.0000000e+00  -2.2240385e-01   1.4168081e+00   1.7097718e+00  -3.4520958e-01   6.6895781e-01   1.6462754e+00
   1.0000000e+00   1.4822212e+00  -4.5514133e-01   1.3936646e-02  -8.5026279e-01   3.5270792e-02  -8.7612687e-01
   2.0000000e+00   1.2007645e+00  -6.7342934e-02  -2.2235049e+00   1.9840783e+00   1.3999815e+00   8.4051129e-01
   2.0000000e+00  -7.0120945e-01   2.3015061e+00   7.9328400e-01  -3.7928624e-01  -8.9522029e-01  -3.8116451e-01
   2.0000000e+00   2.3675090e-01   1.0607495e+00   2.7152668e-01  -7.9331386e-01  -1.2082237e+00  -4.2523018e-01
   1.0000000e+00   1.7383186e+00  -4.4026701e-01   3.0819361e-01   4.2291075e-01  -1.5998519e+00   1.4419243e+00
   2.0000000e+00   1.1505576e+00   1.6000718e+00  -2.7712995e-01  -3.1390651e-01   4.3824386e-01   1.1394737e+00
   2.0000000e+00  -1.0745825e+00  -5.8407317e-01  -9.0614437e-01   8.4191301e-01  -1.0144494e-01   2.4067438e-01
   2.0000000e+00   1.6358045e+00  -1.8163330e+00   1.4735756e-01   1.2168966e+00  -9.0582760e-01  -2.8236156e-01
   2.0000000e+00   8.3035528e-01   5.1600656e-02   1.9063349e+00   6.3246241e-01  -1.6616782e+00   1.6340639e+00
   2.0000000e+00  -1.2726684e+00  -5.2334929e-01  -1.9374047e+00  -2.6107935e-01   1.3882287e-01  -7.3575095e-01
   2.0000000e+00  -1.1658519e+00  -1.5737154e-01  -1.3530186e+00   1.3242921e+00   1.1715439e+00   1.3984408e+00
   2.0000000e+00  -9.6575937e-01   6.5206236e-02   1.5065604e+00  -2.5759880e+00  -1.4512749e+00  -1.1250279e+00
   2.0000000e+00  -2.0310234e-01  -2.3665617e+00   9.8805463e-01  -5.8448161e-01   1.0196742e-01  -1.8586947e+00
   2.0000000e+00   4.4549577e-01  -3.4496386e-01  -5.3780331e-01   6.1456407e-01  -1.0400424e+00  -9.1112400e-01
   2.0000000e+00   5.7621106e-01  -1.3381303e-01  -9.4773289e-01   1.5545076e+00  -2.0242231e-01   1.1535039e+00
   2.0000000e+00  -6.8969214e-01   1.9920098e+00  -2.2799208e-02  -3.6394799e-01   5.6351756e-01   9.2323937e-01
   2.0000000e+00  -1.0332771e+00  -6.7687421e-01  -2.7619455e-01   8.3005532e-01  -3.6000070e-01  -4.5447137e-01
   2.0000000e+00  -2.4174940e+00   3.7706338e-01  -9.1601706e-01   9.4223262e-01   2.3409922e-01   2.0769276e-01
   2.0000000e+00  -8.0946686e-01   8.7638761e-01  -1.6893001e+00  -1.4853824e+00   9.0793444e-01   3.6402714e-02
   2.0000000e+00  -5.5067161e-01  -3.4648684e-01  -6.1111008e-01  -8.0398942e-01   6.6053001e-01   1.3014708e+00
   2.0000000e+00   4.6172695e-01  -4.2170513e-01  -1.3738040e-01  -5.2286120e-01   1.7582432e+00  -1.8665450e-01
   1.0000000e+00  -2.9925912e-01  -1.3933638e-01   7.4186096e-01  -8.3433321e-01  -1.6812981e+00   2.6635698e-01
   2.0000000e+00  -9.9113507e-01   1.0698485e+00  -2.0358326e-01   3.5586360e-01   7.4424978e-01  -9.3656672e-01
   2.0000000e+00   1.1245921e+00  -1.3312254e-01  -1.4329767e+00  -3.5379692e-01  -1.0344355e-01   2.7379097e-01
   2.0000000e+00   1.8064897e+00  -1.1240011e+00   8.6760441e-01   5.9574620e-01  -6.9970090e-01  -7.8853541e-01
   2.0000000e+00   1.7801479e-01   1.0840702e+00   3.8989161e-01  -1.7014640e+00   4.9164328e-01   1.6004676e+00
   2.0000000e+00  -8.1258511e-01   9.1098511e-01  -2.3446376e+00  -6.6385747e-01  -1.6626384e+00   3.4237153e-01
   2.0000000e+00   4.2890759e-01   4.5534865e-02  -2.9506916e-01   1.0399725e-01  -7.9947472e-01  -3.4955805e-01
   2.0000000e+00   1.7658340e+00   3.0784769e-01  -1.4525991e-01   1.6582486e+00   7.8429975e-01  -3.8384860e-01
   2.0000000e+00   7.4257968e-01  -7.5848012e-01   1.1104548e+00  -7.4319020e-01   9.5587543e-01   8.4711765e-01
   2.0000000e+00  -8.7870706e-01  -8.1666359e-01  -3.3426062e-01   1.3477627e+00  -6.7564698e-01   1.2999318e+00
   2.0000000e+00   1.1085122e-01   8.1894694e-01  -1.7030532e+00  -5.8313297e-01   2.4416747e-01  -5.2478717e-01
   1.0000000e+00   8.2681972e-01  -3.6104045e-01   4.5139945e-01  -5.4616257e-01  -3.8497217e-01   1.2713328e-01
   2.0000000e+00  -3.5691766e-01  -1.0243556e+00  -8.8612483e-01  -1.0456869e+00   9.0244761e-01   3.8886054e-01
   2.0000000e+00   9.0656656e-01   2.7380998e-01  -7.2382610e-01   8.3046162e-01  -1.0653660e+00   9.2680541e-01
   2.0000000e+00   6.9687479e-01  -3.5426115e-01  -2.2738944e-01  -5.4566563e-01  -6.3786896e-01   8.8350588e-01
   2.0000000e+00  -9.9619495e-01   1.8546098e+00  -9.5600587e-01   2.3063555e+00   2.2883867e+00   1.2832425e-01
   1.0000000e+00  -1.2603894e+00  -4.5750906e-01   8.7617947e-01   2.1847944e+00   2.0598719e+00  -8.8406148e-02
   2.0000000e+00  -2.8227165e+00  -3.0460233e-01   1.1164415e+00  -5.0856490e-02  -2.0741059e+00  -3.1993974e-01
   1.0000000e+00   5.2340301e-01  -4.5739151e-01   1.7365816e-02  -2.0049487e-02  -6.5057763e-02  -3.7567286e-01
   2.0000000e+00   1.7200649e+00   8.3455710e-02  -5.3653345e-01  -9.1518877e-01  -1.1384024e+00   5.9269067e-01
   2.0000000e+00   8.2781172e-01   7.9759409e-01  -4.6783773e-01  -1.0959765e+00   2.6482710e-01   1.0827861e+00
   2.0000000e+00   1.2313169e+00  -8.4994596e-01  -1.1007463e+00  -3.5240940e-01   1.1513068e+00   1.0696430e+00
   2.0000000e+00   4.8450817e-01  -1.4089223e-01   2.4041527e+00  -1.6300341e+00  -6.5416937e-01  -2.0970461e+00
   2.0000000e+00   2.1199149e+00   9.8656821e-01   1.7372600e-01   4.8013095e-02   7.5575623e-01  -3.6444701e-01
   2.0000000e+00   7.6519454e-02  -5.7394090e-01   9.9023013e-01   4.5972529e-01  -4.1714752e-01   1.5026780e+00
   2.0000000e+00  -1.6940828e+00   7.9511425e-01   1.8207636e+00   1.2363097e-01   1.0568899e+00   5.0402567e-01
   2.0000000e+00  -1.0831863e+00  -1.6750323e+00  -1.8023895e-02  -1.8544219e+00   1.0600179e+00   1.0149206e+00
   2.0000000e+00  -9.5221288e-01   6.6501835e-01  -1.2883232e+00  -1.4124071e+00  -3.0940710e-01  -1.6219661e+00
   2.0000000e+00  -1.3647535e+00  -7.5340415e-02  -3.9706380e-01  -1.6359139e+00   1.5914918e+00  -8.2509128e-01
   2.0000000e+00  -1.2193411e+00  -3.6396442e-01  -1.1443658e+00   1.2659769e+00  -5.6184468e-01  -1.2910952e-01
   2.0000000e+00   1.7660912e+00   1.1915836e+00   9.2895006e-01   1.1158256e+00  -2.8617011e-01  -1.4161589e+00
   1.0000000e+00   6.3133120e-01  -6.9661363e-02   6.2187559e-01  -4.3763395e-01  -1.9905810e+00  -3.4750952e-01
   2.0000000e+00  -3.2381623e-02  -9.3532842e-01  -1.8659718e-01   7.4443222e-01   1.0319478e+00   3.9546872e-01
   1.0000000e+00  -7.6337598e-01  -3.3991247e-01   1.1052659e-01   1.4365196e+00  -1.4334545e-01   3.8377414e-01
   2.0000000e+00  -1.5713373e+00  -1.7656464e+00   2.7441513e-01  -2.4531913e+00  -2.6815638e+00  -1.3898368e+00
   1.0000000e+00   1.7440910e+00  -3.7484541e-01   1.3910933e-01  -2.0593456e-01   1.7237384e+00   8.3379422e-01
   2.0000000e+00   1.3419908e+00  -8.8893351e-02   2.2281855e+00   4.6692149e-01  -1.2073029e+00  -3.1459995e-01
   2.0000000e+00  -1.7208738e+00  -8.0233588e-01   1.3591671e+00  -3.9336188e-01  -1.5369710e+00  -3.2290071e-01
   2.0000000e+00  -1.8071997e+00  -4.9853707e-01  -2.2345877e+00  -1.4354862e+00   2.9775392e-01  -1.1773831e+00
   1.0000000e+00   2.3694948e-01  -3.7275163e-01   4.5548654e-01   1.4131127e+00  -1.0328734e+00  -8.5567919e-01
   2.0000000e+00  -1.9318727e+00   2.3481342e+00   3.6496053e-01   6.5409125e-03   2.8787697e-01  -4.1821808e-01
   2.0000000e+00  -5.4724593e-01   6.6531524e-01  -8.0644262e-01  -1.9767775e-01  -1.3742106e+00  -1.4145044e-02
   1.0000000e+00   6.1501291e-01  -3.3962486e-01   9.1914499e-01  -1.4459455e-01  -1.2462345e+00  -1.3791645e-01
   2.0000000e+00   1.0797316e+00   1.1006590e+00  -2.9317767e-01  -2.3670545e-01  -3.6077764e-02  -7.8390272e-02
   2.0000000e+00  -1.2409787e+00  -1.1620887e+00   1.8678610e+00   1.0938872e-01  -1.8890949e+00  -1.2613441e+00
   2.0000000e+00  -5.0478999e-01   1.6119574e+00   7.7305341e-01   6.3796402e-01  -1.8397858e+00  -2.4558679e-01
   2.0000000e+00   7.9489630e-02   1.0085530e-01   1.9728227e+00  -9.1276484e-01  -1.0261813e+00  -8.4136945e-01
   2.0000000e+00  -6.2442125e-01   1.2014707e-02  -9.4349734e-01  -2.5020580e-01  -1.6049158e+00  -1.1864179e-04
   2.0000000e+00  -5.1201576e-01   1.2500045e+00  -1.5509047e+00   3.7219173e-01  -1.2760953e-02   2.3104029e-01
   2.0000000e+00  -1.6753893e-01  -4.4173757e-01  -1.2557685e+00   1.3658429e+00  -1.4758296e+00   3.6603300e-01
   2.0000000e+00  -8.7399327e-02  -3.5486460e-01  -5.3552649e-01  -3.0459919e-02  -1.7698890e+00   6.1639613e-01
   1.0000000e+00  -5.3379384e-01   8.9857486e-02   3.1534943e-01   7.8547768e-01   1.4298252e+00   1.5706819e-01
   2.0000000e+00  -6.3962429e-01   1.9329558e+00   5.8291234e-01   1.6690056e+00   1.8185691e-01  -1.6944543e+00
   2.0000000e+00   2.6204938e-01   4.4826044e-01  -1.2762122e+00  -2.6943307e-01   7.3894190e-01   1.2774018e-02
   2.0000000e+00  -9.8738988e-01  -3.7965612e-01  -1.2298510e+00   1.1029506e+00   8.8549251e-01   5.1074025e-01
   2.0000000e+00   3.0826441e-01  -4.3249399e-01  -4.6325020e-01   9.2525598e-01   5.0012394e-01  -7.6177992e-01
   2.0000000e+00  -1.1749843e+00   1.0203233e-01  -4.0247459e-01  -4.6075332e-02   1.5408792e-01   1.9559441e+00
   2.0000000e+00   8.1749653e-01   1.2835506e+00   2.7723417e-01  -1.5062167e+00   1.1171079e+00   7.1430088e-01
   2.0000000e+00  -2.7499544e+00  -2.0514552e+00  -1.6655145e+00   1.2875916e+00  -9.4399886e-01  -1.0247397e+00
   1.0000000e+00   9.7338147e-01   3.9438918e-01   4.6633837e-01  -4.1465405e-02   1.0361049e+00  -3.8961076e-01
   1.0000000e+00   2.5218807e-01   2.8868572e-01   2.5304672e-01  -1.6527792e-02   7.6324168e-02  -8.4804336e-02
   2.0000000e+00  -3.0397000e-01  -1.1400606e-01  -4.2425509e-01  -1.4108292e+00  -1.2074524e-01   1.9556384e-01
   2.0000000e+00   3.7818536e-01  -1.4775649e+00  -1.0093367e-01  -5.4991792e-01  -4.8391058e-01  -5.7303389e-01
   2.0000000e+00   2.4206561e-02   1.6980054e+00  -5.9730946e-01  -1.6277427e+00  -1.7119522e+00  -9.1941309e-01
   1.0000000e+00   3.4902948e-01   4.3211887e-02   4.4237732e-01   1.4379490e-01   1.2041255e+00  -4.1740270e-01
   2.0000000e+00  -1.2182079e-01   1.0391323e-01   2.2544635e+00   4.1980004e-01  -1.3257827e-01   1.0567527e-01
   2.0000000e+00  -9.0847866e-01  -4.9271518e-01  -4.3722139e-02   6.9060422e-01  -1.9561648e-01  -6.5718488e-01
   2.0000000e+00   5.4185370e-01  -2.2719334e+00  -1.0743880e+00  -1.5636805e-01  -2.6365698e-01  -1.4967552e+00
   2.0000000e+00   1.4492042e+00  -1.0399841e+00  -1.3891577e+00  -1.4199790e+00  -3.2637948e-01   1.1130405e+00
   2.0000000e+00   1.2392483e+00  -4.4959735e-02   1.3144045e+00  -3.4567489e-01  -3.2418634e-01   8.5426887e-01
   2.0000000e+00   1.2224739e+00   1.1842731e+00   1.3044567e+00   1.8713103e+00  -4.2590794e-01  -1.0325100e+00
   2.0000000e+00   5.5330134e-01  -1.7387333e+00  -8.3031047e-01  -7.2569646e-01  -1.4493622e+00  -3.8501037e-01
   2.0000000e+00   3.3124013e-01   1.4509089e+00  -1.8508731e-01  -3.9360961e-01  -4.3743872e-01   1.3577184e+00
   2.0000000e+00  -1.5499224e-01   2.1003513e+00  -3.2847681e-01   1.0307591e+00  -7.3026830e-01  -1.6514348e-01
   2.0000000e+00   9.6004947e-01   1.4709059e+00  -7.2982530e-01   5.1256925e-01   1.3735821e-01   1.6287353e-01
   2.0000000e+00  -1.2047234e+00   1.6487476e-01   1.5820919e+00  -1.9955416e-01  -1.4416086e+00  -2.9432303e-01
   2.0000000e+00   2.3822274e-01   4.6864171e-01  -7.7800664e-01   1.2056676e+00  -4.7543052e-01  -1.4661784e-02
   1.0000000e+00  -9.4009553e-01   6.7030027e-01   5.3333226e-02   4.2905042e-01  -8.1492913e-01  -1.0614925e-01
   1.0000000e+00  -6.1961975e-01  -7.2383831e-01   3.2869995e-01   1.2202902e+00   1.2760762e+00   1.0345683e+00
   2.0000000e+00   5.9385491e-01  -2.6268213e+00  -5.4704245e-01  -6.5417078e-01  -4.1287538e-02   1.8017604e+00
   1.0000000e+00   9.9831687e-01  -1.1819600e-01   9.7313703e-01   9.9442098e-01   3.3537444e-01   1.6471283e+00
   2.0000000e+00   1.0491721e+00  -1.0317647e+00   1.5445990e-01  -5.9362147e-01  -1.8365077e-01  -4.6654821e-01
   2.0000000e+00   3.5761993e-02   1.9680833e+00   3.9391402e-01   4.2181057e-01   5.3833259e-02   1.1604573e+00
   2.0000000e+00  -4.3982303e-03   3.8662575e-01  -4.5379053e-01   4.1215876e-01   7.7302571e-01   1.1740059e+00
   2.0000000e+00   3.9060449e-01  -1.2559532e+00   1.8714629e-01  -3.7660676e-01  -3.0552320e-01   5.2491023e-01
   2.0000000e+00   8.1742747e-01   1.4401796e+00  -6.7712643e-01   1.1748356e+00   9.8002407e-01   1.0635089e+00
   1.0000000e+00   1.0633450e+00   4.9915711e-01   8.0900306e-01   1.4706305e+00   4.1617631e-01  -1.0040735e+00
   2.0000000e+00   2.4085335e+00  -2.6090621e-01  -1.5473992e+00  -3.9936794e-01  -7.9409418e-01  -1.6367464e+00
   2.0000000e+00   1.9072814e+00   2.5189840e-01  -1.1831413e+00   6.7953125e-01   1.7770641e-02   1.1734651e+00
   1.0000000e+00   2.3786120e-01   2.4320403e-01   7.8510586e-01  -6.3128873e-01   1.4289857e+00  -6.3473340e-01
   2.0000000e+00   4.0524637e-01   1.3546659e+00  -9.6423102e-01  -5.2984472e-01   7.3592907e-01   1.1054578e-01
   2.0000000e+00   1.9288672e-02   7.8302881e-01   1.2935735e+00  -1.3206553e+00  -5.5734533e-01  -8.5138125e-01
   2.0000000e+00   3.4017989e-01   3.5803048e-01   1.0708667e+00  -4.2261784e-01   1.4298742e+00   9.3174278e-01
   2.0000000e+00   4.7904071e-01   1.2636976e+00   2.7503574e+00  -1.7729378e-01  -7.4942428e-01   1.7903176e+00
   2.0000000e+00   8.0642808e-01  -5.4544608e-01  -8.1972951e-01  -1.6377687e+00   9.2253164e-01   2.8686109e-01
   2.0000000e+00   1.3595866e+00  -1.4569958e+00   2.8781916e-01   1.5262990e+00   1.2623828e+00  -8.5742954e-01
   2.0000000e+00  -5.3281244e-01   1.3683851e+00   1.2660202e+00  -1.1517649e+00  -2.4713240e-01   1.0890285e+00
   2.0000000e+00  -9.1754023e-01  -7.8663057e-01  -1.2690700e+00  -3.8814482e-01  -9.9046008e-03   6.1401510e-01
   2.0000000e+00  -5.9668516e-01   3.5576202e-01  -8.3973606e-01  -8.8776852e-01   2.9878029e-01  -9.3072949e-01
   2.0000000e+00   2.9564547e-01  -1.3487126e-01   1.4487941e+00   1.6660462e+00   1.0365805e+00  -2.2512065e-01
   1.0000000e+00   8.4452400e-01  -4.5690698e-01   8.5010427e-01  -8.7601112e-01  -5.3506381e-01  -1.2488340e+00
   2.0000000e+00   7.9078720e-01   2.3445159e-01  -2.9993851e-01  -1.2964675e+00  -8.8113070e-02   4.8082486e-01
   2.0000000e+00   4.1168619e-01   9.6668813e-01  -7.5086632e-01   7.3566988e-01  -2.4855073e-02   2.5634460e+00
   2.0000000e+00  -6.0789044e-01   2.2168657e+00  -3.9824681e-01  -8.6412683e-01   4.2641834e-01  -2.0654120e+00
   2.0000000e+00   3.2068783e-01   3.4133592e-01  -1.3385364e+00   2.9076978e+00   1.5267388e+00  -1.9061702e-01
   2.0000000e+00  -8.0229923e-01  -8.7096802e-01  -5.2015897e-01  -1.5285227e+00  -5.0173239e-01  -2.6865586e-01
   1.0000000e+00  -1.1281903e+00  -7.2009461e-01   3.1162840e-01   3.9565476e-01  -9.7693308e-01   1.3665105e+00
   2.0000000e+00  -1.3405748e+00   2.1327549e-01  -3.2373137e-01  -5.9320373e-01   3.7904736e-01  -9.2860471e-01
   2.0000000e+00  -3.9448611e-01   1.4014899e+00   5.3398783e-01  -8.9028160e-01  -2.3745749e+00  -1.5070645e+00
   1.0000000e+00  -1.5776689e-01   3.8281832e-01   1.9539339e-01   4.5743487e-02  -6.8485586e-02   1.5242368e+00
   2.0000000e+00  -1.1738620e+00  -1.9040516e+00   1.3995928e+00   1.5861742e+00   9.9788857e-02  -5.0417848e-01
   2.0000000e+00   1.3073948e+00   1.6144519e+00   1.1806660e-01   9.7481541e-04  -5.1314686e-01  -5.0995664e-01
   2.0000000e+00   9.4808009e-01  -1.1969412e+00  -1.0314123e-01  -5.9182360e-01  -6.5397995e-01   2.0511344e-01
   2.0000000e+00  -2.4289398e+00   6.8083504e-01  -1.0070783e+00  -6.5224341e-01  -1.3711327e+00   2.4142723e-01
   2.0000000e+00   8.3444058e-01   1.2632575e-01  -1.5647278e+00  -1.6742274e-01  -6.3173516e-01  -1.0548879e+00
   2.0000000e+00  -4.4367947e-01   2.0235021e+00   1.8334332e+00  -3.6554727e-01  -2.2526156e+00   5.5924387e-01
   2.0000000e+00   4.6413877e-01  -1.2261455e+00   7.5715293e-02   3.2072913e-01   1.0759161e+00  -2.9185933e-01
   2.0000000e+00  -4.7780182e-01   6.1752533e-01   1.9455509e+00   2.2607274e+00  -1.5939993e+00  -4.7381726e-01
   1.0000000e+00   1.3194206e-01  -8.3284476e-01   1.1194079e-01   4.2719252e-01  -4.6842632e-01  -6.0043267e-01
   2.0000000e+00  -5.1299522e-01  -6.7708682e-01   1.6123785e+00  -7.2943299e-01   6.4107668e-01   6.3891985e-01
   1.0000000e+00  -8.1742454e-01  -4.5534766e-01   2.6088244e-01  -4.4610277e-02  -1.1023140e+00   9.5249770e-01
   2.0000000e+00  -2.0245780e-01  -1.5694890e+00   7.7863296e-01   1.6896459e+00   5.4735787e-01   1.1407383e+00
   2.0000000e+00   6.4433531e-01  -6.8311470e-01  -1.9355243e-01  -1.1343141e-01   8.8716576e-01  -2.3984430e-01
   1.0000000e+00   1.4215592e+00   1.2563385e-02   9.9474642e-01   1.2702122e+00   1.9579699e-01   1.1258050e+00
   2.0000000e+00  -5.6091842e-02  -5.4925868e-01  -1.2159971e+00   2.9131519e-01  -2.5557068e-01   6.7965261e-01
   2.0000000e+00  -9.8468126e-01   7.7198148e-01  -8.1982218e-01   1.1738727e+00  -5.7488717e-01   7.9924674e-01
   2.0000000e+00  -9.5989281e-02   8.3794014e-01   5.6720668e-01  -1.3016436e-01   1.3619425e-01   9.9981176e-02
   2.0000000e+00   3.1289442e-01   7.3896895e-01  -3.4514691e-01  -6.9919030e-01  -7.2322869e-01  -1.0111807e-01
   2.0000000e+00   2.1903116e-01   4.5459154e-01  -8.0687826e-01   6.8939029e-01   2.0248703e+00   9.0623873e-01
   1.0000000e+00   1.5865596e+00   2.6264337e-01   8.0935668e-01   9.8564120e-01  -1.8604103e-01   1.8960714e+00
   2.0000000e+00  -1.1168487e+00   1.0197661e+00   4.3982528e-01   2.9283456e-01   6.1499369e-02   4.3512969e-01
   2.0000000e+00   5.8942999e-01  -2.5689726e-01  -6.0624468e-01  -1.5381619e+00  -6.7410384e-01  -4.8381457e-01
   2.0000000e+00   6.7993675e-01  -1.3118690e+00   1.0620479e+00   7.5297790e-01   3.0020828e+00   1.9286169e+00
   1.0000000e+00  -8.1807601e-01  -4.9782429e-01   4.8710495e-01  -2.8196802e-01   4.3592000e-01  -1.1888971e+00
   1.0000000e+00   1.6255720e+00  -6.2935923e-02   2.8364762e-01   1.3691915e+00  -4.8382878e-01   1.4624582e-01
   2.0000000e+00  -1.0481820e+00  -2.9587665e+00   6.9457581e-01  -2.7501569e-01  -2.3083304e-01  -2.3471318e-01
   1.0000000e+00   8.3929063e-01  -3.4705407e-01   7.9302666e-01   4.7076638e-01  -1.2198404e-02  -1.0599699e+00
   1.0000000e+00  -1.0678347e+00   3.5505965e-01   7.9305027e-01   3.1265259e-01  -8.1509586e-01  -3.5377881e-01
   2.0000000e+00  -1.2863961e+00   1.4965241e+00   5.4919758e-01  -1.1427430e-01  -1.1561709e+00  -7.7387333e-01
   2.0000000e+00   4.3234296e-01   1.5739447e-01  -9.1349445e-01   9.7415921e-02   2.3638508e+00  -4.4392847e-01
   2.0000000e+00  -4.6591718e-01  -7.1936979e-02   1.2710699e+00   1.4128837e+00  -1.7880751e+00  -1.2460231e+00
   2.0000000e+00  -1.3659748e-02  -1.5355086e+00  -1.0865035e+00   2.2594850e+00  -1.9015930e+00  -1.2064999e+00
   2.0000000e+00   2.1280202e-02   1.9611186e-01   1.1219313e+00  -3.8713798e-01  -1.7695909e+00  -4.9501949e-01
   2.0000000e+00   5.1452318e-01   1.2204543e+00  -5.6046592e-01  -3.4123251e-01   1.3659893e+00  -1.2122040e-01
   2.0000000e+00   2.5772600e-01  -8.4035352e-01  -5.8191005e-01  -1.3925830e+00   1.1486695e+00   2.1676343e-01
   1.0000000e+00   1.4968714e+00  -2.1376926e-02   4.5087509e-02  -1.9501123e+00   9.1879059e-01  -5.6430771e-02
   1.0000000e+00   2.1085630e-01  -4.3962572e-01   4.0755692e-01  -1.6111133e+00  -1.8500995e+00   1.4925623e+00
   1.0000000e+00   6.5747167e-01  -7.3663060e-01   2.9571687e-03   2.2473930e+00  -4.9737957e-01  -5.6038361e-01
   2.0000000e+00   2.5913133e-01  -2.0500933e+00  -2.0751235e-01   1.6904705e-01  -5.5807440e-01   4.9047880e-01
   2.0000000e+00  -5.4351718e-01  -4.8939019e-01  -1.1671411e+00  -1.5352295e-01  -1.3218020e+00  -1.9801901e+00
   2.0000000e+00   9.0982325e-01   2.8608490e+00   2.7328371e-01  -2.1492706e-01   1.3320611e+00  -5.8497144e-01
   2.0000000e+00  -3.3305677e+00  -6.5097505e-01   3.2940003e-01  -1.2690770e+00  -2.4360768e+00  -2.2582647e+00
   1.0000000e+00  -2.9662509e-01  -8.6411421e-02   7.1894597e-01  -1.2982475e+00   1.0784991e+00  -1.3053404e+00
   1.0000000e+00  -5.7877974e-01  -9.3596704e-01   2.1817647e-01  -3.7915372e-01  -6.1407550e-01  -6.3228674e-01
   1.0000000e+00   4.1305973e-01   1.3692460e-01   2.5807224e-02   7.9984672e-01   5.5244861e-01  -5.6617472e-01
   2.0000000e+00  -7.7928426e-01   3.7370655e-01  -4.8192719e-03   5.0901794e-02  -3.5749490e-01  -2.4362111e-01
   2.0000000e+00   4.8050500e-01  -1.5795753e+00   5.0923205e-02  -2.1256583e+00  -7.7702108e-02  -1.3467911e+00
   1.0000000e+00  -1.0040688e+00   1.0674257e-01   4.2211202e-01  -1.0328164e+00  -9.6528278e-01  -8.5847536e-01
   2.0000000e+00   1.3637825e-02   8.9541687e-01  -7.7345881e-01  -2.8327445e-01  -1.4555392e+00   1.2376505e+00
   2.0000000e+00  -1.2790792e+00  -6.6196701e-01   1.4394528e+00   7.8668956e-01  -2.4762562e+00  -5.6031566e-01
   1.0000000e+00  -4.1108616e-01   9.6076400e-01   1.2614388e-01  -7.8874134e-01   2.5355330e-01  -1.2144554e-01
   2.0000000e+00  -1.1024902e-01   5.8344060e-01  -1.2382406e-01  -4.0570653e-01  -7.4046382e-01   4.9602216e-01
   2.0000000e+00   4.1041478e-01  -8.2659598e-01  -5.3599532e-02   1.6248918e+00   6.4030940e-01   1.2350737e+00
   1.0000000e+00   1.9589984e+00   3.1356685e-01   3.9232628e-01  -2.0384822e+00   2.2447650e+00  -7.6156102e-01
   1.0000000e+00   9.0915383e-01  -9.0767311e-01   1.7118489e-03   1.7024129e-01   5.8421779e-01  -2.0123672e+00
   2.0000000e+00  -9.7902005e-01  -1.3578337e+00  -8.4740731e-01   2.3623247e-01  -2.5323111e-01  -7.0286362e-01
   1.0000000e+00   4.9100335e-01   3.2659128e-01   3.3017138e-01  -1.5241875e+00  -7.6159215e-01   9.9452431e-01
   2.0000000e+00   8.8385189e-01   1.1348183e+00  -1.9454834e+00   6.5658230e-01   4.8066422e-01   1.3644293e-01
   1.0000000e+00  -7.0538679e-01  -1.1995515e-01   1.5144613e-01  -8.6185008e-02   7.1688972e-01   1.2552027e+00
   1.0000000e+00   1.1270492e+00  -1.2437433e-01   4.9181899e-01  -3.4303250e-01   6.5894778e-01   5.5116329e-01
   2.0000000e+00  -3.0581776e-02   1.1731938e+00   1.7812576e-02   5.9378315e-01   1.2480759e-01   4.2559984e-01
   2.0000000e+00  -1.4261973e-01   9.6551872e-02  -3.8451124e-01   2.5540536e+00  -1.3449012e+00  -9.8971600e-01
   2.0000000e+00  -3.5526181e-01   4.1392164e-01  -5.8895102e-03  -5.6838171e-01   1.0137869e+00   1.9613797e-01
   2.0000000e+00   8.0664555e-01  -1.2862715e+00   3.2833029e-01   1.8024129e-01  -7.6483372e-01  -3.4834095e-01
   1.0000000e+00  -1.7305965e-01  -3.7114037e-01   3.7133139e-01  -1.3873745e+00  -5.5949096e-01  -3.2351812e-01
   2.0000000e+00   1.3167142e+00  -1.8768394e-01  -2.4640728e-01  -3.3012354e-01   6.5549801e-01  -4.6463511e-01
   2.0000000e+00  -3.5624997e-01   6.2639800e-01  -1.4082669e+00  -2.9806867e-01  -1.3651704e+00  -1.8921699e-01
   2.0000000e+00  -2.7832309e-01   8.0312253e-01  -2.9243596e-01  -8.5873332e-03  -1.1792935e-01   9.5547217e-02
   2.0000000e+00  -1.4792791e-02   2.2125299e+00  -6.7842690e-01   1.0903065e-01  -4.3918420e-01   9.3161022e-01
   2.0000000e+00  -1.3553759e+00  -6.4376405e-01   1.2675896e+00   1.0022561e+00   1.2517567e-01  -5.1382756e-01
   2.0000000e+00  -4.1450041e-01   1.7432085e-01  -2.0777510e-01   1.5717657e+00   9.3244532e-01  -2.6616791e-01
   2.0000000e+00   1.2804689e-01  -3.7032364e-01  -5.6912033e-01  -1.6264079e+00   9.7703430e-01   3.8014723e-01
   1.0000000e+00  -2.7246434e-01  -8.8003887e-01   2.3973141e-01  -9.8623751e-01   2.0809697e+00   8.8641857e-01
   2.0000000e+00   9.2195865e-01   8.8739560e-01   2.9461265e+00  -2.3107475e-01   3.4139699e-01   6.8418796e-01
   2.0000000e+00  -6.5014698e-01  -1.8236565e+00  -8.7874490e-01  -1.2129364e+00   2.8446813e-01   1.2472164e-02
   2.0000000e+00   7.1519447e-01  -3.1622379e-01  -1.3210453e+00  -4.6313260e-01  -4.8211765e-01  -7.0242706e-01
   2.0000000e+00  -4.9677016e-01   1.0225318e+00  -1.3731781e+00  -1.8035056e+00  -1.0470674e+00  -1.2711876e+00
   2.0000000e+00  -4.3189057e-01   1.0059669e+00   2.1720530e+00   2.7379760e-03  -3.0707674e-01  -7.8966729e-02
   2.0000000e+00   7.4030372e-01   2.7747342e-01  -1.1243923e+00   9.6791004e-01   4.6556789e-01   3.4967690e-01
   1.0000000e+00   1.0776734e-01   7.4668415e-01   1.9356064e-01  -1.3774502e-01   1.3279851e+00   1.3872310e+00
   2.0000000e+00   1.0054645e+00  -9.6260787e-01  -1.4602606e+00   7.3176217e-01   1.2035357e+00  -4.9054340e-02
   2.0000000e+00   2.8031059e-02   1.7662325e+00   3.0941480e-01   9.9177860e-01   7.4269025e-01  -3.2606764e-01
   2.0000000e+00   9.7092664e-01   6.1193526e-02  -5.8224306e-01  -6.9242988e-01   2.4615312e-01  -7.9541140e-01
   1.0000000e+00  -1.1477249e+00  -1.6622528e-01   7.9266906e-01   5.8086542e-01  -2.4406855e-01   1.0633300e+00
   1.0000000e+00  -8.5847511e-01  -6.9703586e-01   5.4115973e-02  -1.3814581e+00   9.0648165e-01   8.2856289e-02
   2.0000000e+00   2.5924494e-01   1.5156170e-01  -4.1889990e-01   1.9168078e-01  -2.2966485e-01   7.4264592e-01
   1.0000000e+00  -1.3073966e-01   7.2676887e-01   2.4833848e-01  -4.6806876e-01  -3.6784467e-01   1.1126666e+00
   1.0000000e+00  -7.7095527e-01  -6.5998942e-01   4.2685744e-01   8.2991639e-01   1.0608971e+00  -9.1895767e-03
   1.0000000e+00  -2.7021867e-01  -3.5811574e-01   1.5850397e-01   8.8335672e-01   1.2849353e+00  -4.5147392e-01
   1.0000000e+00  -6.0801325e-01  -6.7837652e-01   1.3937107e-01  -8.4971207e-01   3.7802523e-02  -8.9065897e-01
   1.0000000e+00   9.2550853e-01  -3.3490627e-02   2.7302172e-01  -6.2718512e-01  -1.0658141e+00  -6.7940382e-01
   2.0000000e+00   3.6176968e-01   1.3745902e+00   1.9809552e-02  -4.0194024e-01  -5.9543341e-01  -9.6654695e-01
   2.0000000e+00  -1.1066034e+00  -3.6649322e-01  -5.4165525e-01   1.1192379e+00  -6.7120996e-01  -5.2224493e-01
   2.0000000e+00   8.8375487e-01   3.6180401e-01  -1.2863619e-01  -9.6814653e-01  -4.6005408e-01   1.3369939e-01
   2.0000000e+00   2.1467875e-01  -8.6295180e-01  -8.5004346e-01   5.3456394e-01   1.3528324e+00   1.1073242e-01
   2.0000000e+00  -6.0813934e-01  -3.4289988e-01  -1.3282895e-01  -1.1971098e+00  -6.5448112e-01   1.2643887e+00
   2.0000000e+00  -4.5943520e-01  -1.7728099e+00  -1.8960739e+00   6.7412235e-01  -1.0852698e+00  -4.6997467e-01
   2.0000000e+00  -1.2952857e+00  -1.3796354e-01  -2.1166458e-01   6.6077045e-01  -1.8331754e+00   1.3755456e-01
   2.0000000e+00   2.8171155e-01   1.3155621e+00   8.6137585e-01   1.6625094e-01  -2.0545194e+00   4.3555340e-01
   1.0000000e+00   6.8606160e-01  -7.6111570e-02   4.4863016e-02  -5.5452766e-01   4.1420526e-01  -1.1505348e+00
   2.0000000e+00  -2.2616191e-01   1.8241158e-01   1.3422830e+00   4.0258311e-03  -1.3648615e-01   2.4808319e-01
   1.0000000e+00  -6.6012895e-01   9.2299268e-03   6.4493623e-01  -8.2527858e-02   8.4014540e-01   1.6741798e+00
   2.0000000e+00  -7.6967279e-01   3.1643118e-01  -8.3294605e-01   9.2116356e-02  -5.9883991e-01  -6.5663067e-01
   2.0000000e+00   4.3035118e-01   3.0044021e+00   1.4299040e-01  -1.1086632e+00   1.5498326e+00  -9.4328136e-01
   1.0000000e+00   4.9607479e-01  -1.0893460e-01   4.9326738e-02  -3.9283379e-01  -9.0550910e-01  -3.2782889e-01
   1.0000000e+00  -7.1467185e-01  -8.9481055e-01   4.4387878e-01  -4.0775734e-01  -4.8385471e-01  -1.2581388e+00
   2.0000000e+00  -1.1644909e-01   9.4863221e-01  -3.2550380e-01   7.5050396e-01   1.6877398e-02   9.6167555e-01
   2.0000000e+00  -2.3614180e-01   1.8127543e-01  -1.1450975e+00   9.5536480e-01   1.0646442e+00  -1.9162263e-02
   2.0000000e+00  -1.2008461e-01   5.5289697e-01  -6.4941311e-01  -1.3023981e+00   1.4095101e+00   5.0978657e-01
   2.0000000e+00  -8.8135396e-01   1.6727120e+00   8.8334682e-01  -5.0052033e-01   7.5213615e-01  -1.1935885e+00
   1.0000000e+00  -1.0300007e-01  -3.0462557e-01   4.5543561e-01  -1.8852275e+00  -3.8517492e-01  -3.6132212e-01
   2.0000000e+00   1.0424067e+00   7.0885503e-01   1.0684087e+00   1.4601143e+00   1.4548615e+00   6.4043050e-01
   2.0000000e+00  -1.5592206e+00   1.1720432e+00  -1.8999576e-01   4.6923347e-02   1.0778261e-02   3.4771390e-01
   2.0000000e+00  -1.5354810e-01   1.1156746e+00   2.8383680e-01  -1.4426277e+00  -1.2041075e+00  -5.0809647e-01
   2.0000000e+00   4.6410440e-01  -6.1032609e-01  -2.0386454e+00  -2.0776996e-01   1.4796179e-01   1.6762452e+00
   2.0000000e+00  -5.3740794e-01  -1.9863574e+00   1.8486853e+00   1.5886266e+00   1.0037648e+00   1.1875350e+00
   2.0000000e+00  -1.3795798e+00   1.6885815e+00   5.1323373e-01  -8.5483546e-01  -2.7395320e-01   3.9969290e-01
   2.0000000e+00   9.3112048e-01   1.2141901e+00   2.7514457e-01  -9.3807982e-01   1.3759717e+00   9.0191111e-01
   2.0000000e+00   8.4717629e-02  -9.6956852e-01   5.6725370e-01   5.2000778e-02  -1.8451115e+00  -6.3803155e-01
   2.0000000e+00   6.9258975e-01   1.4053275e+00   4.3303006e-01  -7.5543423e-01   1.5531654e+00   1.1074542e+00
   2.0000000e+00  -4.5887111e-01  -1.6449679e-01  -6.6557722e-01  -3.4648993e-01   6.8830273e-01  -1.3627507e-01
   2.0000000e+00  -7.1005503e-01   5.4852005e-01  -1.8395064e+00  -1.0495235e+00  -1.0721658e+00   1.7513233e-01
   1.0000000e+00  -9.2735969e-01   4.7415005e-02   4.1012164e-01   1.8847789e-01  -6.1803337e-01  -1.5038948e-02
   2.0000000e+00   1.5278731e-01   1.6838365e+00   3.9784535e-01   7.3835277e-01   6.5887867e-01  -8.5680057e-01
   1.0000000e+00   3.7176026e-01   4.9530953e-01   6.9370173e-01   5.7556264e-01  -6.1015845e-01  -9.7371313e-01
   2.0000000e+00  -3.5699293e-01   5.0663909e-01  -2.0259440e+00   1.3598124e+00   8.4443373e-01   1.1374719e-01
   2.0000000e+00  -9.6540215e-01  -5.3862058e-01  -1.3201395e+00   7.9276782e-01  -1.0214072e+00  -2.0249387e-01
   2.0000000e+00   3.1064619e-01   2.2678991e-02   1.4388407e+00   1.6817470e-02  -1.9701496e-01   6.8743664e-03
   2.0000000e+00   3.8855483e-02  -6.7524998e-01   1.0745430e+00  -1.4700335e+00   5.4052584e-01   6.2989868e-01
   2.0000000e+00  -6.2675726e-01  -1.3288504e+00  -2.0537894e+00   3.2689843e-01  -5.5387012e-01  -4.6379399e-01
   2.0000000e+00   2.6196039e+00   1.4113656e+00   5.9601216e-01   1.0629428e+00   2.5606873e-01  -1.4120359e+00
   1.0000000e+00   2.3707842e-01  -5.3927007e-01   4.2141876e-01   1.1479576e-01  -1.4085958e+00  -2.1449739e-01
   2.0000000e+00   9.4018814e-01   1.7570346e+00   7.1172380e-01  -5.4766420e-02  -1.2443208e-01  -2.3006198e-01
   2.0000000e+00  -8.0683287e-01   5.4632567e-02  -1.2822685e+00   4.1316398e-01  -9.7955857e-01   8.8906536e-01
   2.0000000e+00  -5.6347316e-01  -1.5625387e+00   3.1295711e-01   1.1414696e-01   1.2520097e+00  -2.4732208e+00
   2.0000000e+00   1.1642805e+00   3.4328506e-01  -2.1350092e+00   8.8115113e-01   2.8239593e-01  -1.3332900e-01
   2.0000000e+00  -1.2359243e-01  -7.9362176e-02   1.7653819e+00   1.2600068e+00  -5.9561506e-01   4.7869991e-01
   2.0000000e+00  -9.4964891e-01   7.5294448e-01  -9.9419766e-02   1.1142692e-01  -1.1029842e+00  -1.2659525e+00
   2.0000000e+00   5.1512957e-01  -1.3014126e+00  -2.3968188e+00   1.2193094e-02   1.9101634e+00   4.8699426e-01
   2.0000000e+00   1.0810411e+00  -1.1885672e+00   5.5035442e-02  -9.5439149e-01   1.6709242e+00  -8.6425009e-01
   2.0000000e+00   1.0067928e+00   1.1784980e-01  -1.6069277e+00  -1.0758221e+00  -8.8240924e-01   1.4627755e+00
   2.0000000e+00  -1.4249295e+00  -1.2317272e+00   1.0128156e+00  -1.4435571e-01  -2.4630291e-02  -2.5893866e-01
   1.0000000e+00  -7.4314014e-01   2.2400622e-01   3.7355942e-01  -1.1095534e+00   1.2432513e+00  -4.5402700e-01
   2.0000000e+00   1.0031426e+00  -1.3991629e+00   1.3093387e+00   3.7652539e-03   3.9769052e-01   1.7909229e+00
   2.0000000e+00   1.6585004e-01  -3.7816586e-01   1.3156959e+00  -2.4448938e+00  -8.7697581e-01   8.1770214e-02
   2.0000000e+00   2.0727521e-01   4.9657436e-01  -1.2709694e+00   1.0693143e+00   2.5681218e+00  -2.8662611e-01
   2.0000000e+00   8.6887956e-02  -5.8413525e-01  -2.2349956e+00   1.6116471e+00   2.0467692e-01  -7.7507580e-01
   2.0000000e+00  -1.2078892e+00   2.8768416e-01  -1.9977650e+00  -3.3720145e-01  -2.8338120e+00   2.0879458e+00
   1.0000000e+00  -1.2196653e+00   8.0815159e-01   7.4895946e-02  -2.8281067e-01   3.1106443e-01  -2.9788267e-01
   1.0000000e+00   5.7193206e-02   8.6721975e-01   1.9555961e-01   6.3330792e-01  -8.4319402e-01  -1.3277269e+00
   2.0000000e+00  -1.2611966e+00   5.7092002e-01  -3.6120682e-01  -1.7632480e-01  -3.1851715e-01  -1.7871991e+00
   2.0000000e+00  -1.1819832e+00  -8.2489777e-01  -1.2749695e+00  -2.1875189e+00   4.9094445e-01   1.2659987e-01
   2.0000000e+00  -8.7920780e-01  -1.2037400e-01  -7.5669552e-01  -8.5567328e-01   9.8408214e-01   9.7454134e-01
   1.0000000e+00  -8.8711192e-01  -3.9016523e-01   4.4854898e-01  -3.7879876e-01   1.8964593e+00   5.7767108e-01
   2.0000000e+00  -1.3628632e+00  -1.1297492e-01  -2.9929309e-01  -2.6580489e+00  -6.8209906e-01   6.7179766e-01
   2.0000000e+00   1.4635947e+00   4.4668155e-01  -4.4855546e-01   1.2099864e+00  -8.5852554e-02  -2.3538113e-01
   2.0000000e+00  -1.2777544e+00  -7.8915019e-02  -4.5614521e-01  -8.9259741e-01  -5.6717355e-01  -3.4213231e-01
   2.0000000e+00   3.4177501e-01   4.5179471e-01  -1.3136747e+00  -1.1088661e+00   9.7975275e-01   1.1444122e+00
   2.0000000e+00  -1.3184092e+00  -1.1842471e+00  -1.1714295e-01   1.1332464e+00   1.1066995e+00  -1.6713431e+00
   2.0000000e+00  -7.2876136e-01  -6.8692190e-01  -1.4857462e+00  -9.1459870e-01   1.1342490e+00  -5.2201526e-01
   2.0000000e+00   5.7225966e-01  -1.7563079e+00  -9.3263081e-01   3.2255054e-01   1.0408206e+00   5.8841367e-01
   2.0000000e+00  -2.4133964e-01   1.1715192e+00  -1.2949281e+00  -1.9746529e+00  -9.7676643e-01   1.0683713e+00
   1.0000000e+00   8.1946005e-01  -9.3496831e-01   2.1037064e-01   1.3238571e+00  -4.9571940e-01  -4.8956337e-01
   2.0000000e+00   6.2176310e-02  -2.7749850e-01  -2.9515693e+00   3.0589060e-01   1.3984981e-01  -2.2872556e-01
   1.0000000e+00  -6.7939365e-01  -1.4773340e-01   3.5345302e-01  -5.9005833e-01  -1.2388472e+00   1.0341008e+00
   2.0000000e+00  -3.0574527e-02  -4.1089686e-01   1.2826681e+00  -1.3702865e+00   1.7067204e+00   3.4313515e-01
   2.0000000e+00   4.5414117e-01   7.4842857e-01  -5.6270992e-01  -1.7558672e+00   8.9884936e-02  -4.3536609e-01
   1.0000000e+00   8.8980000e-01  -1.3486227e-01   3.7979249e-01   1.6347521e+00  -1.1893587e+00  -1.3795065e+00
   2.0000000e+00  -3.6859068e-01  -9.6523695e-01  -1.2471960e+00   7.8293925e-01  -1.4656821e+00  -2.1500337e+00
   2.0000000e+00  -5.8874551e-01  -1.2784109e+00   2.9448809e-01  -8.5818826e-01   2.9669120e-01  -3.7944711e-01
