   1.0000000e+00   2.3078953e+00   1.0762872e+00  -2.5751753e+00  -5.6216084e-01  -2.4177707e-01   9.4975057e-02
   2.0000000e+00  -1.3566787e-02   7.2565049e-01   2.7702264e-01  -3.9405857e-01  -1.4772557e+00   9.6902253e-01
   1.0000000e+00   8.2429719e-01   1.6003853e+00   8.9111252e-02  -1.0016921e+00   6.6335510e-01   1.0206813e-01
   1.0000000e+00   3.0724475e-01   9.2424442e-01  -8.4791732e-01   1.9361168e+00  -1.8255295e-01   5.3761783e-03
   2.0000000e+00   6.7569427e-01  -1.1938976e+00   8.4805144e-02  -6.8603558e-02   4.0366076e-01  -4.3511807e-01
   1.0000000e+00   1.6830960e+00  -6.7145126e-01  -1.2594972e-02  -1.4627235e+00   5.3861694e-01   6.6056416e-01
   2.0000000e+00   5.7828573e-01  -5.9569753e-01   6.8592894e-01   1.5323280e+00   1.3248044e-01   1.1557385e+00
   2.0000000e+00   7.9848649e-01  -9.9301172e-01  -6.0479329e-01   2.8424301e-01   7.3098716e-01   8.8539534e-01
   2.0000000e+00  -1.0246743e+00  -8.4498751e-01  -2.6622050e-01   5.1970473e-01   1.1258384e+00   4.0912167e-01
   2.0000000e+00  -5.1519732e-01  -7.3263680e-01   5.7236694e-01   5.6034751e-02   6.4490957e-01  -5.0068992e-01
   2.0000000e+00   9.7350695e-01  -1.7209949e+00  -1.5888605e+00   5.8433709e-01   7.8337583e-01  -1.2851836e+00
   1.0000000e+00   7.4206959e-01  -1.1403237e+00   2.7868140e-01  -1.5298250e+00   3.5829698e-01   4.5741584e-01
   2.0000000e+00   8.5741620e-01  -3.9840057e-01   6.9667944e-01  -6.2312466e-02   1.7501449e+00   9.7421901e-01
   1.0000000e+00   1.8763952e+00  -2.5693914e-01   4.8535420e-01  -1.4020056e+00  -5.5513069e-02   3.4707270e-01
   2.0000000e+00  -4.2902005e-02   2.3291227e+00   2.7300690e-01  -2.7937173e-01   1.7827642e-01   2.0101178e+00
   2.0000000e+00  -1.2079257e-01  -1.1546605e-01  -1.1399070e+00   1.9766439e-01   1.1452770e-01  -4.7681610e-01
   2.0000000e+00  -1.5382308e+00   1.0197502e+00   1.1741090e-01  -2.1394933e-02   1.2543788e+00   6.2132178e-02
   2.0000000e+00   1.8577255e+00   1.2398019e-01  -1.5826160e-01  -1.1055711e+00   2.5863983e-01   1.5458474e+00
   2.0000000e+00   1.9185643e+00  -4.7831722e-01   3.6232028e-01  -1.9216432e+00   9.9719572e-01   1.5753448e-01
   2.0000000e+00   4.8260248e-01  -3.9568261e-01   4.2819209e-01  -2.8496794e+00  -7.6766287e-01   8.9167806e-01
   2.0000000e+00   1.2553725e+00   2.5321992e-01  -8.8191070e-01  -6.4271765e-01   8.0664915e-01  -8.1551085e-02
   2.0000000e+00   4.3253852e-01   6.5879401e-01   5.2778826e-02   5.3743778e-01  -3.9209934e-01   1.7659699e+00
   2.0000000e+00  -6.0757951e-01  -7.4163767e-01   1.0449104e+00  -7.5270478e-01   7.1098447e-01  -3.8183384e-01
   2.0000000e+00   1.8674750e-01   1.1415783e+00   3.7240148e-01  -1.1947794e+00   1.1830586e-01  -1.5176829e+00
   2.0000000e+00  -2.1887556e+00   2.4464101e+00  -3.8348109e-01   1.2493124e-01  -3.0658970e-01   1.3446062e+00
   2.0000000e+00   1.8226980e+00   1.3577651e+00  -8.2687206e-01   7.4424258e-01  -1.0175351e+00  -1.6870999e+00
   1.0000000e+00  -1.1403431e+00  -1.5124690e+00   2.9561201e+00  -8.5530719e-01   6.1242809e-01   1.5335599e-01
   2.0000000e+00   1.7710496e-01  -3.1598550e-01  -1.5039487e+00  -1.4388619e-01   2.2729728e+00   3.8826859e-01
   2.0000000e+00   2.3827127e-01   1.4344871e+00  -1.2768975e+00  -1.3182064e+00   1.0197807e+00  -1.1455926e+00
   2.0000000e+00   3.0730725e-01   2.4920881e-01   4.0546853e-01  -9.5468586e-01  -6.7561838e-01  -8.7516057e-01
   2.0000000e+00   1.1136018e-01  -1.3756681e-01   1.9526673e+00  -9.7805307e-01   1.4138668e+00   9.1323439e-01
   2.0000000e+00   1.1375703e-01  -1.9417220e+00   4.2117206e-01   8.4066558e-01   1.2361775e+00   4.3030253e-01
   1.0000000e+00   4.4018038e-01   1.3638058e-01   1.0166464e+00   5.6469322e-01   8.4316967e-01   5.4602810e-03
   1.0000000e+00   2.0413424e+00  -1.2224536e+00  -6.1199491e-01   8.9293228e-01   3.9420081e-03   1.0198783e-01
   2.0000000e+00  -1.0229617e-01   2.6978184e-01   1.2673253e+00  -3.7556080e-01  -1.0112251e-01  -1.2196049e+00
   2.0000000e+00   3.7894017e-01  -2.3542946e-01   3.0940560e-02   4.7520515e-02   1.0893357e+00   9.2847952e-01
   2.0000000e+00  -9.1927229e-01   5.6132313e-01  -6.7997729e-01   4.2284454e-01  -6.9028130e-01  -3.5885575e-01
   2.0000000e+00  -2.0379267e+00   7.1510457e-01   6.5578395e-02   8.0798052e-01   7.8462948e-01  -1.6022395e+00
   1.0000000e+00  -7.2646425e-01   1.3011693e+00   4.5065182e-01  -1.0277354e+00  -6.5794119e-01   7.4179678e-01
   2.0000000e+00  -6.6107730e-01   3.4636776e-01  -1.0210848e+00   9.2290299e-01   1.6595170e+00   4.1637321e-01
   2.0000000e+00  -1.1250275e+00  -1.1267704e+00  -2.8231614e+00  -4.2802456e-01   1.2232754e+00   2.5759254e-01
   2.0000000e+00   5.0519003e-02  -2.6443164e+00   1.6077806e+00   3.3272966e-01   3.0599518e-01   1.4788368e+00
   1.0000000e+00  -5.6301231e-02  -2.6481110e-01   1.8094506e+00  -2.0161994e+00   4.0002061e-01   6.5061683e-01
   2.0000000e+00   4.7574462e-01   1.7525771e+00   3.3959541e-01   9.5497307e-01  -7.5563316e-01   1.1407733e+00
   2.0000000e+00  -1.0722762e+00  -4.8207941e-01  -2.1695500e+00  -6.5299293e-01  -6.7696155e-01   1.3543345e+00
   2.0000000e+00   8.3003763e-01   1.2058826e+00   2.6057530e-01  -7.0984875e-01  -3.1240571e-01  -1.7349107e+00
   2.0000000e+00   5.6707848e-01  -9.2215975e-01  -2.3853790e-01   5.8086904e-01   1.5700513e+00  -3.7523297e-01
   2.0000000e+00  -1.0387782e+00   5.3885276e-02   1.2093463e+00  -1.7141363e+00  -3.2951415e-01  -2.0878519e-01
   2.0000000e+00  -2.5104456e-01  -8.7731562e-01  -6.7984063e-01   8.7797752e-01  -1.9336706e+00   3.5679485e-01
   2.0000000e+00  -9.9226953e-01   4.7635770e-01   1.0395228e+00   1.2596672e+00   2.1499506e+00  -4.5194884e-02
   2.0000000e+00  -2.2363070e+00  -9.6922977e-02  -1.5363627e-01   2.0085675e+00  -2.3580771e-01  -1.0706921e+00
   2.0000000e+00   9.8415147e-01   1.3063551e+00  -4.8259702e-01   5.3738747e-01   1.1502513e+00  -1.9139311e+00
   2.0000000e+00  -8.1770537e-01  -2.0103864e+00   1.4406606e+00   5.3146089e-01  -8.8985961e-01  -5.9535088e-01
   1.0000000e+00  -1.3600728e+00   2.4005154e-01   2.7453804e-01   5.3022104e-02   5.8891121e-01   2.9864009e-01
   2.0000000e+00  -4.7654459e-01   6.3281590e-01  -2.1584058e+00   4.2582847e-01   9.6296118e-01  -3.1256214e-02
   2.0000000e+00  -3.7864822e-01  -3.8762406e-01  -6.3817280e-01  -6.1023046e-02  -2.4374868e-01  -6.2475227e-01
   2.0000000e+00   7.9371187e-01   2.0436780e-01   2.5874578e-01  -2.5806871e-02   9.3358866e-01   3.9891019e-01
   2.0000000e+00  -8.3149704e-01  -9.1857715e-01   8.1398710e-01  -6.6375849e-01   1.0687048e+00  -1.3141942e+00
   2.0000000e+00  -4.2342493e-01  -4.1564287e-01  -5.6763060e-01  -1.1765344e+00   9.4816306e-01   8.2036813e-01
   2.0000000e+00   6.9960319e-01   1.5189561e-01   1.4629481e+00   3.6814890e-02  -4.7531819e-01  -9.2442635e-01
   2.0000000e+00   1.0377930e+00   5.6643731e-01  -6.0949858e-01  -1.5258424e+00  -1.0962359e-01  -2.3386698e+00
   2.0000000e+00   6.2269559e-04  -3.6221930e-01   1.0900999e+00  -1.5158777e-01  -7.6284383e-01  -4.7696761e-01
   1.0000000e+00  -3.9288165e-01   8.0028248e-01   1.8075653e+00   1.7317979e-03   1.8293040e-01   5.5811747e-01
   1.0000000e+00   1.8518846e-01   9.1422303e-02  -3.0391250e-02   1.3067142e+00  -8.7610098e-01   4.3711508e-02
   2.0000000e+00  -7.5105442e-01   6.4790550e-01  -4.3342429e-01   5.7631055e-01  -8.4382710e-01   1.2273875e+00
   2.0000000e+00  -1.3615790e-01   7.1590911e-01  -1.0179392e-01  -4.0063931e-01   2.7449046e+00   2.0156432e+00
   2.0000000e+00  -1.6097287e+00  -3.9951329e-01   1.8617397e+00  -6.8847364e-01  -2.1698281e-01  -2.4696080e-01
   1.0000000e+00   1.2909039e-01   1.6830770e+00   1.2107775e+00   3.1711184e-01  -3.7911369e-01   8.9564989e-01
   2.0000000e+00  -8.1840191e-01   2.9117428e-01   1.4391661e+00  -4.2375003e-01  -8.0297107e-02  -1.2488214e-01
   2.0000000e+00   1.2219882e+00   1.9987194e-01  -6.6640889e-02   8.5700366e-01  -1.4332755e+00  -1.5900239e-01
   2.0000000e+00  -5.8347635e-02  -8.6148988e-01   3.8100844e-01   1.7162309e+00  -1.8746917e+00  -1.6705409e-01
   2.0000000e+00   1.0553024e+00  -5.1538459e-01  -2.1900210e-01  -5.3272485e-01   3.3445207e-01  -2.7524802e-01
   2.0000000e+00   1.2298591e+00   2.7816970e-02  -4.2131442e-01   1.5891911e-01   2.1474369e-01   1.4783975e+00
   2.0000000e+00   3.5166507e-01  -5.2765398e-01   1.1689894e+00  -1.0946579e+00   7.9108498e-01  -9.1006040e-01
   2.0000000e+00   4.9044648e-01   9.3159173e-01   1.3309110e+00   6.4842446e-01   1.4025630e+00  -4.9654720e-01
   2.0000000e+00  -1.0268165e+00   5.8636505e-01   1.4342185e-01   1.4589442e-01   1.1105981e+00   6.8627635e-01
   2.0000000e+00   1.2374162e+00  -6.9850124e-01   2.5197145e+00   2.9307788e-01  -8.1984422e-01  -2.0281423e-01
   2.0000000e+00   1.1516909e+00   5.4517445e-01  -1.3308958e+00   1.8433860e+00   1.2435888e+00   8.2666924e-01
   2.0000000e+00  -5.6855973e-01   1.0734876e+00  -1.9901906e-02  -5.9124419e-01  -1.3799966e-01  -5.7843090e-01
   2.0000000e+00   4.0945315e-01  -6.0245353e-02   1.4053372e+00  -4.6878227e-01   1.4043837e-01  -3.1610409e-01
   2.0000000e+00   1.9526954e+00  -2.2248308e+00   7.0616301e-01  -6.7868320e-01  -3.5268101e-01   3.7873205e-01
   2.0000000e+00  -3.4988623e-01  -5.6156084e-01   4.5445752e-01  -8.2910255e-01  -1.0484424e+00  -2.5028322e-01
   1.0000000e+00   5.0523075e-02   3.2464047e-01   2.2552005e-01   7.8835427e-01  -1.3012211e-02   6.3483656e-01
   2.0000000e+00  -1.0067163e+00  -1.9993425e-01   1.6980126e-01   1.0567605e+00  -2.9901311e-02  -3.3890519e-01
   2.0000000e+00  -9.2280545e-01   7.6484333e-01  -1.8792791e+00  -8.4341577e-01  -5.4860817e-01  -4.0557233e-01
   2.0000000e+00   1.2472614e+00   3.4648707e-01   5.2545203e-01  -1.9582240e-02  -4.6258143e-01  -1.8127768e-01
   2.0000000e+00   2.3426942e+00   5.6868472e-01   1.5336139e+00  -2.5117066e-01  -8.7350730e-01  -4.4705298e-01
   2.0000000e+00  -1.0594111e+00   9.7817766e-01   3.6705516e-01   7.9528627e-01   1.4685335e+00   3.3816774e-01
   2.0000000e+00  -5.1521844e-01   5.8762262e-01   2.4082569e-01  -2.7201865e-01   2.1362467e+00  -8.1751828e-01
   2.0000000e+00   6.4275091e-01  -1.6813528e+00   1.1246333e+00  -1.0660806e+00  -2.0099892e+00  -1.3367665e+00
   2.0000000e+00  -5.2463430e-01   2.3490875e-01   5.4598678e-01  -1.1391909e+00   2.2651878e+00  -1.1641023e+00
   2.0000000e+00  -3.2479426e-01   1.4977223e+00   2.0085408e-01   4.4028503e-01   4.1041048e-02  -8.8340782e-02
   2.0000000e+00   5.0600684e-01  -1.1021541e+00   4.6118919e-01  -1.8979208e+00   6.5741476e-01  -8.4491745e-01
   2.0000000e+00   9.2065757e-02  -1.2539628e+00   9.0626966e-01   7.3858893e-01  -3.8576186e-01  -1.1842316e+00
   2.0000000e+00   9.8860901e-01  -4.3732197e-02  -2.1689130e+00   6.1734912e-01   1.4651014e+00  -1.5192048e+00
   2.0000000e+00  -8.3778439e-02  -1.1282257e+00   8.5415066e-01   6.5390904e-01  -3.2243791e-01  -2.2297984e-01
   2.0000000e+00   2.1977257e-01   2.1435460e+00   1.5507185e+00   4.9330590e-01   7.4831924e-01  -5.4843543e-01
   2.0000000e+00  -5.6164955e-01   6.0311191e-01   2.3537561e-01   9.5256623e-02  -2.0351692e+00   9.3653311e-01
   2.0000000e+00  -6.4591478e-02  -3.2707055e-02  -2.3584010e+00   7.5180609e-01  -1.0931934e+00  -2.7040108e-01
   2.0000000e+00   4.1437787e-01   1.9263210e+00  -2.0245806e+00   4.6633436e-01  -1.3621576e+00  -9.8548169e-01
   2.0000000e+00  -5.1513786e-01   1.2682267e+00   1.1394787e+00  -7.1020929e-01  -1.0627198e+00  -1.1106444e+00
   1.0000000e+00   1.5710371e-01   3.1197325e-01   2.0326269e-01  -7.2055442e-01  -6.1518126e-01   3.7932790e-01
   2.0000000e+00  -9.9497791e-01  -4.8677774e-01  -9.8640585e-01   1.7266574e+00   3.9792807e-01  -5.1833457e-01
   1.0000000e+00   7.2675715e-01   1.8552130e+00  -6.7550351e-01  -4.1750598e-01  -3.0443409e-01   4.8937692e-01
   2.0000000e+00  -3.5051565e-01  -3.2155713e-01   3.1512486e-01  -6.8334687e-01  -5.6478165e-01  -1.2232798e+00
   2.0000000e+00   6.6206165e-01  -9.5790078e-01  -1.7038121e+00  -8.0528580e-01   3.9672430e-01  -1.0823919e+00
   1.0000000e+00  -1.2313593e+00  -9.1521026e-01  -9.7102269e-01   2.8261842e-01   5.4552998e-01   7.2220614e-01
   2.0000000e+00   3.4751579e-01   6.1493398e-01   6.1524792e-01   9.0814454e-01  -2.2567106e+00   5.9017086e-01
   1.0000000e+00  -1.9762898e+00   4.0600829e-01  -2.0833401e-01   1.2877051e+00   2.7716447e-01   3.1122961e-01
   2.0000000e+00   1.3800884e+00  -3.0079926e-01  -1.0425137e+00  -7.2782306e-01  -7.5193279e-01   2.1897435e+00
   2.0000000e+00   7.8577138e-01   1.6373469e-01  -9.7980278e-01   9.4161736e-01  -1.1866083e+00   6.7832788e-01
   1.0000000e+00  -1.2183328e+00   8.0012305e-01  -1.1429412e-01   1.2227388e-01  -4.8539162e-01   1.2516281e-01
   2.0000000e+00   4.9415611e-01   1.7226562e-01   8.3894699e-01  -4.8919725e-01   3.7008340e-01  -4.5252235e-02
   1.0000000e+00  -1.0256216e+00  -1.9035377e-01  -4.5479112e-01  -8.1935624e-01  -6.5940036e-01   6.2150816e-01
   2.0000000e+00  -1.5047883e+00  -5.4506803e-01  -1.3819039e+00   1.0920848e+00   3.1876794e-01  -2.4276382e+00
   1.0000000e+00   7.3680681e-01  -9.0046231e-01  -2.2732654e+00  -4.6768134e-01   7.6399808e-02   7.9343074e-01
   2.0000000e+00  -7.2503309e-01   4.1062156e-02   1.5278161e+00   5.0572524e-01   1.4771313e+00   4.3132844e-01
   2.0000000e+00   3.6440689e-01   4.1249283e-01   3.2152009e-01   6.2537974e-01   4.8220544e-01  -4.0475070e-02
   1.0000000e+00   1.5645027e+00  -7.4902657e-01  -4.8731933e-01   5.9210007e-01  -2.5639010e-01   3.5761576e-01
   2.0000000e+00  -5.3589147e-01   3.6070439e-01   6.9396787e-01   8.9222492e-01  -1.9417620e-01  -1.1005633e+00
   2.0000000e+00  -1.2142360e+00  -1.9756798e+00   1.6354193e+00   9.7033562e-01  -1.2355601e+00  -1.4146799e+00
   2.0000000e+00   2.1205009e+00  -1.4668335e+00   8.1420186e-01   1.9782429e+00  -4.5641316e-01  -2.6118173e-02
   2.0000000e+00   1.2917270e+00  -7.1017820e-01  -7.6612306e-01  -1.0613073e+00   1.1462845e+00   2.1643604e+00
   2.0000000e+00   4.9235510e-01   2.9447969e-01  -5.3626706e-01   3.2211526e-01  -1.0332406e-01  -1.7179535e-01
   2.0000000e+00   1.6517146e+00  -2.4579800e-02  -4.8096824e-01  -1.4566748e+00  -1.1232811e+00   7.5858561e-01
   2.0000000e+00  -1.3058533e+00   1.7545844e-01  -2.1845006e+00   2.5901481e-01  -1.3711701e+00  -7.8742558e-01
   2.0000000e+00   2.9001379e-01  -1.1341122e+00  -5.5040939e-01  -4.4126785e-01   2.4093464e-01  -7.1470815e-01
   2.0000000e+00  -3.3943734e-01   4.5339320e-01  -2.1454532e-01  -2.5852207e-01   4.7965937e-01  -1.6743186e-01
   2.0000000e+00  -1.2313980e+00   6.1211716e-01   1.2920747e+00  -1.5944646e-02   1.5941075e+00  -2.4195795e-01
   2.0000000e+00  -1.1486690e+00   2.5694938e+00  -7.2442985e-01   1.0238298e+00  -1.2650165e+00  -4.2523909e-01
   2.0000000e+00   1.0022147e+00   7.4091667e-01   1.0050760e+00  -1.1748832e-01   1.2845274e+00   6.9684039e-01
   2.0000000e+00   8.2478102e-01  -1.1430214e+00   2.3388041e-01   2.3104824e-01  -1.0547574e+00  -3.4467559e-01
   2.0000000e+00   1.8443446e-01  -5.0928212e-01   1.1629115e-01  -6.3414648e-01  -2.5263773e-01  -9.0852494e-01
   2.0000000e+00  -4.3830440e-01  -3.8764683e-01  -8.8338417e-01  -4.9959908e-01   2.3998979e+00   5.1241347e-01
   2.0000000e+00   2.8399627e-01  -7.5767490e-01  -2.4834829e-01   1.9940800e-01   1.1707083e+00   1.3378809e-01
   2.0000000e+00   8.0375618e-01  -3.4202203e-01   1.1796926e+00  -1.5189550e+00  -7.4109452e-01  -1.0712721e+00
   2.0000000e+00  -7.6568243e-01   5.9986360e-01   1.0129676e-02   5.2598234e-01   4.6339572e-01   1.6762762e+00
   2.0000000e+00   1.5670638e-01   7.3711604e-01  -2.4530519e+00  -5.5759986e-01   3.2553064e-01  -1.1824532e+00
   2.0000000e+00   2.1380945e+00  -4.4756384e-01   1.1082882e+00   7.7221975e-01   1.1375384e+00   1.1726932e+00
   2.0000000e+00  -1.5710547e+00   7.6032955e-01   1.0857610e+00  -6.1418313e-01   1.4571783e+00   2.0287945e+00
   1.0000000e+00  -1.1543117e+00  -8.9520657e-03   1.0120038e+00  -7.1215340e-02   4.2376953e-02   1.0569416e-01
   2.0000000e+00   6.3491847e-01  -1.9137788e-01  -6.5017168e-01  -1.6577655e+00   6.0240095e-01  -2.3250484e-01
   2.0000000e+00  -1.3457304e+00  -3.6026158e-01   7.5392686e-01   1.9777722e-01   1.2226592e+00  -6.8199062e-01
   2.0000000e+00  -1.9340128e-01  -1.1034894e+00   1.5942671e-01   9.1108213e-01   1.5055144e-01  -1.3277547e+00
   2.0000000e+00   1.1686488e+00   1.6742300e+00  -4.0317253e-01  -1.2722439e+00  -1.0354115e+00  -1.4030016e+00
   2.0000000e+00  -7.2205618e-01  -1.0058398e-01   2.1538278e-01  -2.0488974e+00  -7.3236209e-01  -1.0179176e+00
   2.0000000e+00  -5.2895482e-01   5.0844456e-01   8.4095062e-01  -1.1970822e-01  -6.4216222e-01  -1.4439330e+00
   2.0000000e+00  -2.2205763e-01   8.0790329e-01   6.7298034e-01  -1.0645153e+00   1.0598958e+00  -3.3550968e-01
   2.0000000e+00  -8.0099728e-01   1.2620289e-01   2.4162496e+00  -1.0346814e+00  -1.4922967e+00  -3.7432404e-01
   2.0000000e+00  -2.5151689e-01  -1.1955046e-01   4.6007883e-01  -2.7547756e+00  -2.6862822e+00   1.1281750e-01
   2.0000000e+00   1.5383990e+00   1.8335049e+00  -3.6017963e-01   2.2892239e-01   2.2532760e-01  -7.7147576e-01
   1.0000000e+00   4.1536297e-02   2.6374854e-01  -6.0028996e-03   3.6280962e-01   1.7484137e-01   1.2853831e-01
   2.0000000e+00  -1.7075012e+00   1.0745907e-01  -1.0777853e-01  -1.5620920e+00  -9.3952871e-01   6.2938184e-01
   2.0000000e+00   5.6696278e-01  -7.0451192e-01  -7.8611022e-01   7.0393725e-01  -2.7390328e+00   1.9877983e+00
   2.0000000e+00   6.1996929e-02  -2.4598743e-01  -6.9420737e-01  -3.9510982e-01  -4.4757700e-01   1.2419949e+00
   1.0000000e+00   2.0319015e+00   1.5452309e+00  -5.3114601e-01  -1.6319185e+00   6.4362309e-01   3.0362631e-01
   2.0000000e+00   1.6707380e+00  -2.3073634e+00   9.4264890e-01  -1.1338359e+00   4.6617456e-01   9.6110357e-01
   2.0000000e+00   1.0568451e+00   1.0652029e+00   9.2691210e-01   8.0127467e-01   1.4796182e+00   1.0639046e+00
   2.0000000e+00   1.8692058e+00  -1.3334365e+00  -7.0158543e-02   2.9942558e-01   8.5824595e-01  -1.1735766e+00
   1.0000000e+00   1.7649976e-01   7.5935984e-01   2.1410952e-01   9.4521257e-01  -5.3019497e-01   5.8619363e-01
   2.0000000e+00  -1.4106716e+00  -3.4865155e-01  -4.2401673e-01  -1.3017028e+00   1.4641917e-01  -2.9314046e-01
   2.0000000e+00   1.1764093e+00   2.2880817e+00  -8.7306297e-02   3.3930759e-02   1.8307535e+00  -3.9311212e-01
   2.0000000e+00  -1.4863035e+00  -1.0016689e-01   6.7657078e-01  -1.6434706e+00  -6.6485078e-01  -9.6293950e-01
   1.0000000e+00   7.6025647e-01  -9.7823544e-01  -4.8933731e-03   2.4288623e+00   5.4781944e-01   5.3608376e-01
   2.0000000e+00   2.1873287e-01   4.5974172e-01   8.3164595e-02  -6.7339633e-01   2.5360880e+00   8.2612327e-01
   2.0000000e+00   7.9138592e-01  -7.5256149e-01   4.7069082e-01  -4.0098578e-02  -1.6630012e+00   3.0113715e+00
   2.0000000e+00   1.8305102e-01   6.8341291e-01  -6.7753850e-01   5.1586949e-01  -5.0644095e-02  -1.3024748e-02
   2.0000000e+00   7.3901465e-01  -1.1748652e+00   1.5382064e+00  -1.4117724e+00  -1.3060364e+00  -1.0232285e+00
   1.0000000e+00   8.6863009e-01  -5.1866029e-02   1.3267807e-01   2.7165921e+00   2.8842545e-01   3.7265921e-01
   2.0000000e+00  -1.4718840e+00   1.6223640e-01   4.1478673e-01   7.0983312e-01  -1.3192443e+00   1.3423395e+00
   2.0000000e+00   4.1186894e-01   6.5466741e-02  -9.2492889e-01  -9.0057026e-02  -4.0369684e-01  -4.2408366e-02
   2.0000000e+00  -2.0020488e+00  -1.7987483e-02  -5.8197567e-01  -5.8600692e-01   1.6471048e+00  -1.3895124e+00
   2.0000000e+00   2.6222892e-01  -8.9971071e-01  -4.3808742e-01   1.8596924e-01  -9.3276777e-01  -2.4329871e-01
   2.0000000e+00  -2.0634613e-01  -1.7908913e-01  -5.0152182e-01  -4.4837010e-01  -1.0158726e+00  -4.9330054e-01
   2.0000000e+00   5.4256636e-02  -1.1449860e+00   3.3702082e-01   9.8973906e-01   1.7095535e+00   8.4782138e-01
   1.0000000e+00   9.0447624e-01   2.7496319e-01   2.4626381e-01  -9.8824777e-01   3.6442957e-01   4.3743419e-01
   2.0000000e+00  -1.7392503e-01   9.8719498e-02   4.3148229e-01   1.9878749e-01   2.7606459e+00   1.4555725e+00
   1.0000000e+00  -2.6843732e-02   2.0963488e-01   2.2524396e+00  -9.7499731e-01  -1.8332845e-01   8.6330170e-01
   1.0000000e+00  -9.6881626e-01   1.1766863e-01  -3.0262071e-01   9.5618546e-01   8.7776837e-01   3.2734020e-01
   1.0000000e+00   9.3641839e-01  -4.0753867e-01   3.2072802e-01   3.0427844e-01   4.9379360e-01   3.9575507e-01
   2.0000000e+00  -1.2852614e+00   1.3197387e+00  -8.2197860e-02  -4.7417918e-01   9.4995785e-01   1.9868577e+00
   2.0000000e+00   3.4369116e-01  -4.2880766e-01   7.0009182e-01  -1.9254308e-01  -1.9728108e-02  -7.3608993e-01
   1.0000000e+00  -5.6289807e-02  -7.4238442e-01  -1.1397470e-01  -1.8706119e+00   2.4938125e-01   7.5289419e-01
   1.0000000e+00   9.5929291e-01  -9.7438607e-03  -7.5593433e-01   2.1169283e-01   7.0761163e-01   2.8220747e-01
   1.0000000e+00   5.4648222e-01   2.7811126e-01  -4.7558044e-01  -1.0192085e-01  -2.8338521e-02   7.7541220e-01
   2.0000000e+00  -6.4836692e-01  -3.1675879e-01  -7.4808520e-01  -1.2943237e+00   1.0573795e+00  -7.3341391e-01
   1.0000000e+00   4.9225937e-01   9.0474595e-01  -1.0716655e-01  -5.0304861e-01   7.2036967e-01   6.1981003e-01
   1.0000000e+00  -9.3550465e-01  -1.6867958e-01  -1.9158795e+00   8.6690540e-02  -2.1776042e-01   7.0222726e-01
   2.0000000e+00  -7.3808257e-01   1.0249214e+00   7.2929908e-01  -2.4881621e+00   1.7276353e+00  -1.1584131e+00
   2.0000000e+00  -3.6871357e-01   2.0521051e+00   1.1769698e+00   2.3620431e+00  -1.2128286e+00   6.1894569e-01
   1.0000000e+00   2.8366985e-01   1.2550444e+00   1.1714558e+00  -1.6984103e+00  -7.1289138e-02   1.5182908e-02
   2.0000000e+00  -1.1869396e-01   4.6919427e-01  -1.3704354e+00  -1.3942322e+00   8.0337168e-01   1.4238287e+00
   2.0000000e+00  -5.4057398e-01   5.5764289e-01   9.9967081e-01  -1.0122199e-01  -3.2789619e-01  -9.6941016e-01
   1.0000000e+00   1.3776816e-01   4.5510685e-01  -6.3077635e-01  -9.6037997e-01   4.2030089e-01   6.5710919e-01
   2.0000000e+00  -1.8714385e-01  -3.4588665e-01   1.0578895e+00   8.8160291e-01  -6.0292260e-02  -1.0450973e+00
   2.0000000e+00   2.1390222e-01  -3.6912119e-01  -3.6752405e-01   1.7219705e+00  -3.4983349e-01  -2.4133344e-02
   2.0000000e+00   1.2343571e+00   1.2041353e+00  -3.4302347e-01  -8.3598389e-01  -2.3216968e+00  -1.7367327e-01
   1.0000000e+00   7.1040013e-01   1.5163763e-01   1.3755926e+00  -2.4886252e-01   2.2932344e-01   4.1033942e-01
   2.0000000e+00  -5.0526580e-01  -8.1795963e-01   7.2803108e-01  -1.2934001e+00  -1.5336644e+00   1.2097038e+00
   1.0000000e+00   4.6697553e-01   1.7459835e-01  -1.0535793e+00   6.6011974e-02  -2.2701918e-01   4.3699084e-01
   2.0000000e+00  -4.0790542e-01   1.2374176e+00  -4.4711998e-01   1.5995429e+00   7.9883684e-01  -4.8025992e-02
   2.0000000e+00   7.7251203e-02  -5.8513695e-02   2.6113462e-02  -1.2958808e+00  -8.3499998e-01  -3.6114941e-01
   2.0000000e+00  -1.3566578e+00   8.3678336e-01  -5.7538777e-01  -8.2111100e-01  -1.1368368e+00  -1.1137652e+00
   2.0000000e+00  -1.9891487e-01   4.5040565e-01  -3.0951118e-01   1.2720730e+00   4.9778329e-01  -1.2230703e+00
   2.0000000e+00   6.9926791e-01   4.2662333e-01   7.2214521e-01  -2.0934476e+00  -1.2732120e+00   7.0672201e-01
   2.0000000e+00  -3.0318783e-01  -1.5191820e+00   1.6123170e-01   5.3055427e-01  -1.4500953e+00  -1.0219048e-01
   2.0000000e+00   2.4480127e+00   3.6140349e-01  -1.8981533e-01   1.7358679e-01  -5.4319505e-01   1.6900228e+00
   2.0000000e+00   1.3373140e+00   6.0932132e-01   8.4962397e-01   1.1062219e+00  -1.3875082e-01  -1.2362832e+00
   2.0000000e+00   1.8282486e-01   1.7190076e+00   1.0955878e+00   7.0444807e-02   1.1072467e+00   2.4789582e+00
   2.0000000e+00   5.5440542e-02   6.5026100e-01   3.5244521e-01  -6.8146877e-03  -8.3234341e-01   1.0147737e+00
   1.0000000e+00  -3.0545495e+00   4.7791399e-03  -1.4680182e+00   1.9157794e+00  -4.0595574e-02   3.6532852e-01
   2.0000000e+00   1.8972205e+00  -7.3013441e-01   1.5409342e+00   7.6157649e-01  -5.7913206e-02   1.3671185e+00
   2.0000000e+00   4.5489438e-01   1.4694284e+00   2.9789673e-01  -9.8250603e-01   1.8470729e+00   1.4016098e+00
   2.0000000e+00   3.3959170e-01   2.1300371e-01  -2.5659161e-02  -2.0410521e+00   3.2264244e-01  -1.0525214e+00
   1.0000000e+00  -8.0174651e-01   1.5081457e+00  -2.0462248e-01   1.8087176e-01  -2.5139619e-01   4.6018579e-02
   2.0000000e+00  -1.8831087e+00   3.8015260e-01  -9.6784836e-01  -1.4087043e+00   4.4654931e-01  -3.0175018e-01
   2.0000000e+00  -1.0285969e-01   1.5299025e+00   1.1606805e-01  -7.9496889e-01  -4.2951837e-01  -4.1041638e-01
   2.0000000e+00   1.9310403e+00  -9.5158657e-01  -6.2064087e-01   6.9867433e-01   2.6802506e+00  -7.0348811e-01
   2.0000000e+00   1.6216836e+00   9.8630773e-02   9.6090694e-01  -6.9118603e-02   1.4971540e+00   7.0486314e-01
   2.0000000e+00  -3.2549560e-01  -3.4834712e-01   1.0855475e+00   5.8314652e-01   9.8922296e-01   4.6021616e-01
   2.0000000e+00   1.3286794e-01  -6.7973110e-01   2.9216581e-01  -1.0244840e+00  -2.3186275e+00  -1.1165597e-01
   2.0000000e+00   7.1712819e-01  -1.0105444e+00  -6.8458058e-01   2.6352708e+00  -2.0968838e+00   3.7026438e-01
   2.0000000e+00   6.8667443e-01  -2.3156545e-01   9.2542134e-01   4.7514514e-01  -2.4677610e-01  -6.0599093e-01
   2.0000000e+00  -4.8862480e-01   4.9751657e-01   1.5427219e+00   1.3717125e-01  -7.3680666e-01  -2.9742930e-01
   2.0000000e+00   2.1709859e+00  -1.3560173e+00   4.5257216e-02  -1.4606617e+00   6.0970433e-01   9.3765633e-01
   2.0000000e+00  -7.9775882e-01   9.8353146e-01   2.9588575e-01   6.6573615e-01  -1.1456278e-01  -1.0530035e+00
   2.0000000e+00  -3.7609072e-01  -1.4794670e+00   2.0733692e-01   1.8382080e+00  -1.7627456e+00  -1.1154767e+00
   2.0000000e+00  -4.7938605e-01  -5.7394166e-01   1.5308214e+00   6.8913594e-01  -8.0235065e-01  -6.3774291e-01
   2.0000000e+00   6.9366888e-01  -1.2776983e-01   6.5649649e-01  -4.0732794e-01  -1.7004590e+00   1.3595282e+00
   1.0000000e+00   1.4262581e+00  -5.7825209e-02  -2.2368430e-01   5.1065026e-01  -6.0346000e-01   4.8918731e-01
   2.0000000e+00   7.4245396e-01   2.1369862e+00  -4.0739676e-01   5.2856463e-01   1.0324088e-01  -1.2239330e+00
   2.0000000e+00  -1.4795876e+00  -7.6081087e-02   6.1783346e-01   1.2480794e+00   1.2489892e+00  -5.2999867e-01
   2.0000000e+00  -3.1138606e+00  -5.7975187e-01   1.6433452e+00   5.2246115e-02   8.0385132e-01   6.0366867e-01
   1.0000000e+00  -1.5260768e+00  -1.1616701e+00   9.0009775e-01   1.0679632e+00  -9.5139146e-01   1.1828280e-01
   2.0000000e+00   1.4605263e+00  -2.4480425e+00  -4.2523980e-01   3.9881569e-01   5.0416851e-01   3.0954910e-01
   2.0000000e+00  -1.4426445e+00   1.0049832e-01  -4.3588737e-01   9.2482809e-01  -1.0177643e+00   1.9025640e+00
   2.0000000e+00  -1.1060121e+00   1.0227411e+00  -1.6132429e-01   9.9194927e-01  -1.2569304e+00   1.5310186e-02
   1.0000000e+00  -1.3498351e+00   6.7640448e-01   3.6121795e-01   4.0662019e-01   1.3651082e-01   8.9110158e-01
   1.0000000e+00  -3.0628792e-01  -1.5149863e-01   7.9003198e-01   8.4123421e-01   3.0040766e-01   3.6410985e-01
   2.0000000e+00  -6.0891484e-01  -8.1055374e-01  -1.3739561e+00  -6.7378311e-01   2.2427707e+00  -1.8651320e+00
   2.0000000e+00   2.9548373e-01   8.5606005e-01  -2.7324794e-02  -1.1201950e+00  -1.0042463e+00  -1.0901102e+00
   2.0000000e+00   1.8676268e+00  -5.1223168e-02   1.2035847e+00  -5.3768325e-01   5.1609334e-01  -1.0298407e-01
   2.0000000e+00   1.6505352e+00  -1.5209336e-01   1.6456619e+00   4.6012593e-01  -2.7527644e+00   1.5247333e+00
   2.0000000e+00   1.8730435e+00  -1.7432777e-02   5.1762745e-01  -7.0804155e-01   4.0694587e-02  -1.6456169e+00
   2.0000000e+00  -6.6425776e-01   7.9892262e-01  -1.3922692e+00  -8.3309817e-01   1.6275593e+00  -8.3945046e-01
   2.0000000e+00   3.2783693e-01   1.9034223e-01  -3.2066317e-01   2.9764680e-02   8.3824185e-01  -9.4685842e-01
   2.0000000e+00  -7.9279398e-01   2.8820270e-01  -1.1374175e+00  -1.3176844e+00  -3.4988343e-01  -1.6327921e+00
   2.0000000e+00   7.9038215e-02   5.8186523e-01  -1.7235827e+00  -7.6705675e-01  -3.3158026e-01  -1.1636354e+00
   2.0000000e+00  -1.3600333e+00   1.4426962e-01   1.2906359e+00  -1.3961824e+00  -9.8704722e-01   9.7668569e-01
   2.0000000e+00   1.4147314e+00   1.1222885e+00   2.1390982e+00  -2.7866193e-01  -4.8904549e-01  -7.4709879e-01
   2.0000000e+00   1.6190775e-01  -8.8958352e-03  -5.1719935e-01   4.8493956e-01   2.4114852e-01  -2.2518372e-01
   2.0000000e+00   5.3467453e-01  -2.0338002e-01  -1.9089575e+00   5.1377404e-01   1.1540860e-01  -1.7346655e+00
   2.0000000e+00  -1.0914891e+00   9.3714126e-02  -2.2200353e-01   6.2048762e-01   1.9034179e-01   1.1011986e+00
   2.0000000e+00   7.1616668e-01   1.2738944e+00  -1.2605314e-01  -2.0247117e+00   7.0710898e-01   1.8981487e+00
   2.0000000e+00   1.6145854e+00   8.9229161e-01  -1.7325272e-01   6.5010335e-01  -2.0295713e+00  -7.2884127e-01
   2.0000000e+00  -3.1066685e-01   9.8816666e-01   1.2682370e-01   1.7366680e-02  -5.6020377e-01  -9.7069037e-01
   2.0000000e+00   1.1949959e+00   1.0810930e-01   5.5255475e-01   6.6796922e-01   1.1827510e+00   5.1347595e-01
   2.0000000e+00  -1.6379550e-02   9.3201839e-01   3.3162851e-01  -8.0813658e-01   2.6614038e-01  -8.1941583e-01
   1.0000000e+00  -1.0138319e+00   7.8869749e-01   1.7010412e+00  -5.6474982e-01   3.6801026e-02   2.2795771e-01
   2.0000000e+00   8.2403812e-01   1.4083461e+00  -2.0712894e-02  -9.0608605e-01  -1.9101742e-01  -2.6293117e+00
   2.0000000e+00   1.8041980e+00  -4.2910497e-01  -3.9916273e-01  -9.3761493e-01   5.0254252e-01  -8.2492398e-01
   1.0000000e+00   1.3303765e-01  -3.0104640e-01   7.1415851e-01  -9.7502012e-01   6.4621706e-02   5.3703438e-01
   1.0000000e+00   5.1769894e-01  -2.1830579e-01  -2.8338906e-01  -8.6036775e-02  -2.2042632e-01   8.8651585e-01
   2.0000000e+00   4.5200751e-01  -7.7016982e-01   6.6698147e-01  -9.6824708e-01   9.9750819e-01   2.1653004e-01
   1.0000000e+00   1.0574511e+00   7.8379869e-01  -1.1327533e+00  -9.4410185e-02   2.8503644e-01   1.7914778e-01
   2.0000000e+00  -9.6261977e-01   9.2500466e-02  -8.6580165e-01  -9.9623529e-01  -1.0321956e+00  -1.2588622e+00
   2.0000000e+00   8.3922783e-01  -2.0011079e+00  -7.2014785e-01   1.2277234e+00  -3.1955159e-01   2.8416808e-01
   2.0000000e+00   1.1347085e+00  -2.4058812e-01  -4.4005589e-02   1.5768677e+00   8.0909343e-02  -1.2368005e+00
   2.0000000e+00   3.7353959e-01   8.9136694e-03   1.1130919e+00  -7.5076770e-01   9.4807297e-01  -7.2282128e-02
   2.0000000e+00   2.6078611e-01   2.2228417e-01  -1.1608914e+00   1.0409034e+00   1.7214347e-01   1.0542830e+00
   1.0000000e+00  -1.1831386e-01  -4.9082546e-01   5.3521913e-01  -9.3708701e-01  -8.1567024e-01   2.3146142e-01
   2.0000000e+00  -1.8736362e+00   1.0135160e+00   4.4553410e-01  -1.3612115e+00  -1.6583575e+00   5.6504277e-02
   1.0000000e+00  -2.1596105e-01  -9.5201564e-01   1.9109565e+00  -7.5710287e-01  -2.9989071e-01   1.4036941e-01
   2.0000000e+00  -4.7703269e-01   2.0726433e+00  -8.4930903e-01   3.2757353e-01  -1.3794621e+00   3.4294017e-01
   2.0000000e+00   1.5515853e+00  -3.1496570e-01   6.3990003e-01  -9.5993125e-01   1.6585380e+00   9.3894214e-01
   2.0000000e+00   5.5938511e-01   3.1823785e-01  -7.7433811e-01   2.9369151e-01  -1.3516397e-01   9.9523627e-01
   2.0000000e+00  -1.3765521e+00   2.3116554e-01  -5.4143950e-01   2.8486366e-01  -8.7226837e-01  -6.2764758e-01
   2.0000000e+00  -2.1265881e-01   1.5846640e-01   1.0722108e+00   4.9787914e-01   6.5537281e-01  -1.6552605e+00
   2.0000000e+00  -1.3907101e-01   2.2591780e-01   8.9260907e-01  -1.4631439e+00  -6.1952141e-01   9.0851695e-01
   2.0000000e+00   1.9031024e+00   1.2583960e-01   1.8723347e+00   1.3032852e+00  -4.9483819e-01  -1.6024408e+00
   2.0000000e+00   1.2281000e+00  -9.5936355e-01   1.0118972e+00   1.2069407e+00  -1.8416762e-01  -4.2037592e-01
   2.0000000e+00  -5.4018720e-01   5.0490627e-01   4.5754787e-01  -1.8618190e+00   1.1864177e+00   1.3721935e-01
   1.0000000e+00   3.6042498e-01  -1.6277674e+00  -3.9336116e-02   1.5173686e+00  -2.2687177e-01   6.3166599e-01
   2.0000000e+00  -1.8297711e+00  -1.2555486e-01   1.0441830e-01  -1.2581216e+00   2.8614888e-01  -1.1678077e+00
   2.0000000e+00   4.3575130e-01   4.7439540e-01   1.7826713e-02  -3.6946926e-01   3.5703983e-01  -1.3851817e+00
   2.0000000e+00   4.9353943e-01   2.3661418e+00   5.3182355e-01  -4.2978075e-01  -9.6555880e-01  -1.2760801e+00
   2.0000000e+00  -8.4429400e-01  -3.3215489e-01   8.9361680e-01  -1.1326975e-01  -6.4982721e-03  -4.9216530e-01
   2.0000000e+00  -3.0653335e-01  -1.5433960e+00   3.3300382e-01  -4.9343654e-01   2.8876048e-01   1.7300379e+00
   2.0000000e+00  -1.0648920e+00   2.4432718e-01  -1.5159558e+00  -8.7083474e-01   2.4457490e-01  -3.3155717e-01
   2.0000000e+00   1.7998739e+00   6.3831310e-03  -2.5864740e-01   1.0830425e-01  -1.3634229e+00   5.3801362e-02
   2.0000000e+00  -5.6981022e-01  -1.1929185e+00  -6.4339152e-01   8.6880083e-01   6.3998357e-02   1.1184259e+00
   1.0000000e+00  -9.5759060e-01  -5.0290393e-01   6.2777126e-01   1.8012732e+00   4.2535777e-01   5.2251490e-01
   2.0000000e+00  -9.1755522e-01   9.1471326e-01  -2.0095201e-01   1.3339601e-01  -1.7003721e+00  -9.6195590e-03
   2.0000000e+00   1.0485141e+00  -5.1317235e-01   8.1306639e-02   1.4054493e+00  -8.7516577e-01  -4.6546191e-01
   2.0000000e+00   7.2730457e-01  -9.0878285e-01  -6.3362578e-01   5.1004339e-01   1.0692995e+00  -1.1958968e+00
   2.0000000e+00   6.9623267e-01   5.2654110e-01   5.4426598e-01  -1.6708028e-01  -4.0847977e-01  -1.3553109e+00
   2.0000000e+00   2.9904683e-01  -4.5435471e-01   3.4699071e-02   1.6160421e+00   2.6031953e-02  -2.6818832e-01
   2.0000000e+00  -2.0959716e-02   1.4424580e+00   1.1397419e+00   3.4472382e-01   6.9508444e-01  -1.5031716e+00
   2.0000000e+00   7.8183583e-02   1.6805297e+00  -1.8940210e+00   1.1008611e+00  -2.3080629e+00   1.2268242e-01
   2.0000000e+00   3.0765741e-01  -8.0433674e-01   6.1797497e-01  -2.0579688e-01   7.6206577e-01  -1.1532248e+00
   2.0000000e+00   8.7075771e-01   3.7619025e-01   7.8831467e-01   1.9926171e+00  -4.8374882e-01  -7.8311754e-01
   2.0000000e+00   1.0990886e+00  -1.9203967e+00  -8.8627965e-01   1.1061729e+00  -3.8359076e-01  -5.5543503e-01
   2.0000000e+00  -1.2895363e+00   1.5962953e+00  -7.7073159e-01  -1.5887946e-01   4.2208033e-01  -5.7601999e-01
   2.0000000e+00  -9.0509337e-01   3.2488889e-01  -4.5463063e-01   4.8631556e-01  -1.9285635e-01   2.0817543e+00
   1.0000000e+00  -5.9856625e-01  -5.9203772e-01  -7.5932085e-01   2.0229649e+00  -1.2442529e-01   2.7019799e-02
   1.0000000e+00  -1.0777117e+00   3.7280490e-01   7.3153840e-01   3.0313825e-01  -2.8894369e-02   2.2555483e-01
   2.0000000e+00   3.1381494e-01   7.3584207e-01  -6.3229338e-01  -1.1147976e-01  -2.0036637e+00  -1.1998179e+00
   1.0000000e+00   1.2776524e+00  -1.2004508e-01  -1.4123619e-02   1.3617691e+00   3.3871611e-01   4.9512420e-01
   2.0000000e+00  -1.4945890e+00   2.6118916e-01  -1.1421731e+00  -2.5833345e+00   1.1847652e+00   2.1216798e-01
   2.0000000e+00  -4.1051394e-01   3.4322822e-01  -1.4776775e-01  -3.4428925e-01  -2.2198250e+00  -5.3709341e-01
   2.0000000e+00   6.4793618e-01   4.3882638e-01  -1.1786224e+00  -6.9590758e-02  -4.9345481e-01  -4.6468627e-03
   2.0000000e+00   5.2658045e-01   3.1535191e-01   2.6681985e+00   9.2862168e-01   5.9471508e-01  -9.6825372e-01
   2.0000000e+00  -4.7521478e-01   9.5016249e-01  -2.2318372e-01   1.3428364e+00   1.0141662e+00  -1.0677621e+00
   2.0000000e+00  -1.4399376e-01  -8.2377636e-01   1.6520530e-01  -1.3233699e+00  -2.2404099e+00  -9.2689945e-01
   1.0000000e+00   1.2973047e+00   6.5510341e-02  -2.1094325e-01   4.2217606e-01  -7.6081339e-01   1.5763013e-02
   2.0000000e+00  -5.2174153e-01  -1.6695576e-01   1.9870896e+00   8.4103152e-01  -1.8758515e-01  -7.5151060e-01
   1.0000000e+00  -1.6765010e-01  -9.6799418e-02  -1.2280319e-01  -1.0284290e+00   2.4642709e-01   3.4723677e-01
   2.0000000e+00   9.2583509e-01   1.6937609e-01  -6.1002966e-01   2.4545402e-01  -1.9841673e+00  -3.3130587e-01
   2.0000000e+00   9.2218208e-02   1.8539999e-01  -8.1442606e-01   1.2019480e+00   3.7627593e-01   1.6879067e+00
   2.0000000e+00  -2.6521556e-01   7.4935198e-02  -6.6553461e-01   8.7824103e-02  -2.0154987e+00   1.2672479e+00
   2.0000000e+00  -7.1674355e-01   9.4382465e-01  -2.2360405e+00   7.2685172e-01  -2.0207643e+00   1.4437384e+00
   2.0000000e+00  -1.3187958e-01   7.1559751e-01   2.2401880e+00  -6.3822667e-01  -7.5803158e-01   8.0637472e-01
   2.0000000e+00  -9.6672784e-01   1.4514164e+00  -2.1313065e-01  -4.2523149e-01   8.1613280e-01  -3.0602323e-02
   2.0000000e+00   3.5775326e-01  -2.4216761e-01   4.3232106e-01  -9.7775664e-01  -1.7298459e+00  -2.3413860e-01
   2.0000000e+00   3.8061247e-01  -7.1599471e-01   2.0553869e-01  -2.8577434e+00   1.5803662e-01  -1.0695597e+00
   2.0000000e+00   7.5774693e-01   1.8594655e+00   1.4924629e+00   5.3575703e-01  -1.1560484e-01  -1.5871296e+00
   1.0000000e+00   1.9835069e-01  -4.1797593e-01  -7.3167032e-01   3.3138712e-01   4.8161276e-03   4.8172838e-01
   2.0000000e+00  -1.1531721e-01  -8.0879221e-01   2.0748558e-01   6.6961058e-01   3.2730209e-01  -3.9755287e-01
   2.0000000e+00   7.3457792e-01   6.0612596e-01  -2.5447703e+00   5.2735217e-01   1.0855068e+00   4.2731270e-01
   1.0000000e+00   1.2148736e+00  -4.9497874e-01   2.2463579e+00  -1.3289091e+00  -4.7497347e-01   5.0633820e-02
   2.0000000e+00   4.4881451e-01  -7.6315426e-01   9.1567913e-02   2.8840550e-01   2.8272753e+00   6.5615213e-01
   2.0000000e+00   1.5706762e+00   2.2254196e-01   7.5558178e-01   5.6089444e-01   2.3034830e-01  -3.1979027e-01
   2.0000000e+00   1.1705283e+00   9.7834137e-01  -1.2512262e+00  -1.1196554e-01  -5.2166967e-01  -9.3727153e-01
   2.0000000e+00   8.3699274e-01   7.2902176e-02  -1.7843538e+00  -6.5299681e-02   1.3590730e+00   3.9337735e-01
   2.0000000e+00  -4.0163558e-01   1.7540911e-01  -8.4024380e-01   1.0759832e+00   1.5473492e+00  -3.9322236e-01
   2.0000000e+00   7.7273503e-01   6.1738213e-01   7.3891131e-01   1.9796555e+00   1.3611033e+00  -8.4361221e-01
   1.0000000e+00  -1.9493185e+00  -2.6556397e-01  -3.9701088e-01  -1.4117627e+00  -4.5230744e-01   5.7374044e-01
   2.0000000e+00   1.5779835e+00   6.4021352e-01  -2.9183288e-01   1.3582062e+00   1.5660561e+00   9.3472804e-01
   1.0000000e+00   9.2908308e-01  -1.9676963e-01   3.9971282e-01  -3.1806684e-01   7.6354904e-01   1.1469361e-01
   2.0000000e+00   6.0518769e-01  -2.0933449e+00  -3.4993928e-01  -5.9933349e-01   4.8134155e-01  -5.7908963e-01
   2.0000000e+00  -1.6359405e+00   7.7787650e-01  -4.8913973e-01  -9.1200909e-01   1.7035194e-01  -2.2271168e+00
   2.0000000e+00  -1.1414382e+00   1.1889175e+00   7.2763031e-02   1.8396377e+00   4.2224406e-01  -4.6911270e-01
   2.0000000e+00  -3.1690070e-01  -2.4324633e-01  -4.9401546e-01   6.4238842e-01   1.1693114e+00  -1.2120429e+00
   2.0000000e+00   1.0779484e+00   4.3507157e-01  -4.3798829e-01  -7.0285421e-01   1.5965532e-01  -7.0976953e-01
   2.0000000e+00   1.3239763e+00   5.2244935e-01   1.6423458e-01   4.7015899e-01  -7.2078802e-01  -1.4317170e-01
   2.0000000e+00   5.2508355e-01   1.6950401e+00   1.6995283e+00  -2.0471009e+00  -1.3742267e-01   2.3913503e+00
   2.0000000e+00  -3.8376942e-01   1.1587507e+00   1.9379376e-01   1.0416433e+00   2.0822779e-01  -2.5785005e-01
   2.0000000e+00  -9.0665873e-01  -8.4015164e-01  -8.7364162e-01  -5.7178596e-01  -2.3864963e-01  -6.0219703e-01
   2.0000000e+00   2.9877753e-01   1.0492896e+00   8.3524873e-01   4.4417997e-01   6.5425794e-01  -1.0362743e+00
   2.0000000e+00  -5.2246603e-01  -1.9626925e-01  -9.7918213e-02  -1.7669371e-01  -1.2764310e-01  -1.1570437e+00
   2.0000000e+00  -3.2540128e-01   9.4044818e-01  -2.7474574e-01   1.2780130e+00   3.5532285e-01  -7.5302039e-01
   2.0000000e+00  -1.0219313e+00   1.2759685e+00  -4.6362575e-01  -2.4613064e-01   1.7286415e+00   1.2511889e+00
   2.0000000e+00  -6.5624685e-02   5.5636868e-01   5.2611815e-01   8.1456493e-01   2.7079694e-01  -1.8923148e+00
   2.0000000e+00   1.4729648e-01  -1.2087698e+00  -1.2600790e-01  -1.1363474e+00  -6.1736136e-01  -5.6550806e-01
   2.0000000e+00   1.2972998e+00  -2.4911517e+00  -1.0366801e+00  -1.7474763e-01  -7.7987667e-02  -1.1495969e+00
   2.0000000e+00  -6.0863787e-01   1.9853374e+00  -1.5763332e+00   3.1663617e-02  -3.9601621e-01   9.5131840e-01
   2.0000000e+00  -1.0981610e+00  -9.7092241e-01  -1.7941550e+00   1.8752012e+00  -4.2740131e-01   1.4463590e+00
   2.0000000e+00   7.8635461e-01   1.1986110e-01   3.2515332e-02   3.9482778e-01  -1.1763065e+00  -4.1406554e-01
   2.0000000e+00   1.2691426e-01  -5.9431359e-01   7.4629391e-01   1.6756672e+00  -7.7528493e-01  -1.1454102e+00
   2.0000000e+00   6.7877798e-01   1.2665443e+00  -1.1499799e+00  -7.9648129e-01   1.6469964e+00  -1.5153138e+00
   2.0000000e+00   6.0330868e-01  -3.7745593e-01   3.8188467e-01   9.5036912e-02   7.8684670e-01   1.4036730e+00
   2.0000000e+00  -1.3927734e+00   1.7940613e+00   5.3909830e-01   2.7076876e-01  -6.5482248e-01  -5.9488745e-01
   1.0000000e+00  -1.0072480e+00   4.4827261e-01   1.7494077e-01   8.8291003e-01  -3.6632123e-01   9.1458974e-01
   2.0000000e+00  -1.3992993e+00   2.0025368e-01  -2.1021370e+00  -2.1282870e-01  -1.2838421e+00   1.0106959e+00
   2.0000000e+00  -9.3751698e-01   1.3725143e+00  -1.7359542e+00  -4.8342066e-01   1.2243240e-01  -1.3434538e+00
   2.0000000e+00  -2.1194469e-01   9.4558821e-01   1.2683133e+00   1.4172404e+00  -1.5032904e+00   9.8475239e-01
   2.0000000e+00  -1.7455072e+00   9.6374632e-01  -7.6145780e-01  -1.9884095e+00   3.8544015e-01  -5.3634906e-01
   2.0000000e+00   1.5788584e+00   5.8005191e-01  -1.2389775e+00  -1.0168281e-02  -1.8593110e-01  -4.6191242e-01
   2.0000000e+00   1.2027649e+00   2.6032498e-01   3.4661567e-01  -1.9525387e-01   8.0045392e-01  -2.7451073e-01
   2.0000000e+00  -9.3893524e-01  -1.6157867e+00  -1.5145948e+00  -1.9265473e-01   1.5032702e+00  -2.9934445e+00
   2.0000000e+00   7.3767690e-01   6.1246530e-01   3.1236456e-02   1.6717630e+00  -1.5295297e+00   3.6025365e-01
   2.0000000e+00  -1.3671733e+00   6.1544872e-02   9.6712456e-01   1.3171133e+00  -1.0270348e+00  -2.3045910e+00
   2.0000000e+00   1.2545899e-01   4.7045255e-01   5.0846410e-01   4.7829459e-01   4.7194321e-02  -4.9849611e-01
   2.0000000e+00  -9.1046796e-01   7.9192018e-01   4.8702921e-02  -1.8261568e+00   5.7054319e-01  -4.0182980e-01
   2.0000000e+00  -7.0132515e-01  -6.0134785e-01   2.6456421e-01  -8.7206029e-01  -9.0649155e-01   4.2975060e-01
   2.0000000e+00  -5.2657391e-01  -8.9127433e-01   9.1869124e-01  -1.5294266e+00   1.6699683e-01  -1.3735670e+00
   2.0000000e+00  -1.1082580e+00   5.1965515e-01   1.1023678e+00  -3.9916206e-01  -8.1634737e-01  -1.7301466e+00
   2.0000000e+00  -1.4094612e+00  -6.3295726e-01  -1.0069380e+00   1.3198818e+00  -1.2889525e+00  -1.5433474e+00
   2.0000000e+00   9.5310872e-01  -4.7558093e-01   1.3784479e+00  -1.2612237e+00   5.3881085e-01  -7.4711796e-01
   2.0000000e+00   4.5707926e-01   2.1895364e+00  -3.0335452e-01   1.0457559e-01  -3.8439823e-01  -1.7854994e-01
   2.0000000e+00   1.0600937e+00  -7.9977982e-01   1.4405196e-01  -1.4090734e+00  -5.6331136e-01   1.2672113e+00
   2.0000000e+00   2.7372449e-01  -7.7925418e-01  -2.2930218e+00   4.5809515e-02   1.3198365e+00   7.3929991e-01
   1.0000000e+00   3.6737629e-01   8.2462738e-01   3.0638615e-01   7.4310353e-02  -3.5751116e-01   6.8240010e-02
   2.0000000e+00   3.0262132e-01   5.7369326e-03  -5.5414077e-01  -5.5570887e-02  -1.6259612e+00   8.2273013e-01
   2.0000000e+00  -3.0377337e-01   1.7671502e+00  -4.5639407e-01   5.4730305e-01  -1.0779029e+00  -7.8263273e-01
   2.0000000e+00   2.5775168e-01  -1.3572910e-01   1.2178732e-01  -2.8577353e+00   5.0002225e-01  -5.1099266e-01
   2.0000000e+00   1.3020732e+00  -1.0479068e+00  -1.2412128e-01  -3.8946960e-02   1.6642004e+00   7.7306969e-01
   1.0000000e+00  -2.9182586e-01  -1.5083451e+00  -2.3244238e+00  -1.0871369e+00  -6.8222785e-01   3.3868947e-02
   1.0000000e+00  -2.3052905e-01   1.0473820e-03   2.1964612e+00  -1.1580102e+00  -2.6231184e-01   7.5447037e-01
   2.0000000e+00  -8.3459451e-01   4.5915083e-02  -3.0402085e+00   1.8160783e+00   1.4092354e+00   4.5858165e-01
   2.0000000e+00  -6.4786270e-01  -7.5301764e-01  -4.0582834e-01   2.3525551e+00   6.7112348e-01   7.4234921e-01
   1.0000000e+00  -1.6693753e+00   1.6445862e+00   8.9008543e-01   8.0006094e-01  -8.1316287e-01   2.8992042e-01
   2.0000000e+00  -1.0537886e+00  -1.7665899e+00  -5.8108733e-01  -5.8530375e-01   3.5012595e-01   9.7971773e-01
   2.0000000e+00  -1.2296763e+00  -7.4175128e-01  -1.5688618e-01   1.2691563e-01  -9.0215670e-01  -1.7453349e-01
   2.0000000e+00  -1.1378107e+00   8.7832729e-01   2.6564884e-01  -7.9720151e-01   2.6907458e-01   1.0667235e+00
   2.0000000e+00   1.4732223e-01  -2.3237875e+00  -2.7871773e+00   1.5944875e-01   3.7304396e-01  -1.0040014e+00
   2.0000000e+00  -4.1969504e-01  -3.5465908e-01   1.7168208e+00   1.7909816e+00   1.4761892e+00  -1.1837917e+00
   1.0000000e+00   3.5450821e-01  -1.7518296e+00  -1.1442154e+00   8.3941543e-01  -8.4635724e-01   6.6424584e-02
   2.0000000e+00   7.9061640e-01   5.7510422e-01   5.7039901e-01   5.3462620e-01   2.2130743e+00  -6.5172180e-02
   1.0000000e+00   3.1830937e-02   1.0053755e+00  -3.7967325e-01   8.1920214e-01   6.3293259e-01   3.4827774e-01
   2.0000000e+00  -1.9627389e+00  -9.6996372e-02   1.5483565e+00   4.4639784e-01  -5.4770792e-01  -1.9280015e+00
   2.0000000e+00   3.2753325e-01   1.1192450e+00   5.5954654e-02   4.5481301e-01   1.4125020e+00  -1.2020005e-01
   2.0000000e+00   2.6622264e-01  -7.5099818e-01  -1.3817351e+00   9.3871881e-01  -1.3107111e+00   3.2910863e-01
   2.0000000e+00   3.8173883e-01   8.4462836e-01   4.0948970e-01   8.1987570e-01  -1.2824373e+00  -4.2079500e-01
   1.0000000e+00  -8.6006867e-01  -1.7981419e+00  -8.3101549e-01   1.2086108e+00   4.3114076e-01   8.3565144e-01
   2.0000000e+00   5.4570739e-01  -2.3747683e-01   2.1904285e-01   5.3599108e-01  -9.4343234e-01  -3.9881415e-01
   2.0000000e+00  -5.5271935e-02   6.9623945e-01   9.4038049e-01  -1.8187918e+00   1.4322768e+00  -1.6373674e+00
   2.0000000e+00  -1.1779125e-01  -3.3907233e-01  -4.7350978e-01  -1.3345991e+00   1.2387503e+00   4.1016010e-01
   2.0000000e+00   2.4363254e-01  -1.5339779e+00  -2.0011622e+00   2.5187936e-01   9.6681621e-01   4.1543595e-01
   2.0000000e+00  -6.8507930e-01   6.7272823e-01   1.2914811e+00   6.6244145e-01   1.8296376e+00   1.4213630e-02
   2.0000000e+00   1.3621956e+00   7.5041816e-01  -9.8562873e-01  -1.4794945e+00   1.0962063e+00  -1.7249730e-01
   1.0000000e+00  -8.2334565e-01   1.4072214e+00   9.1141029e-01  -1.0225619e+00  -8.7380209e-01   1.3093776e-01
   1.0000000e+00  -1.7624003e+00   1.1086602e+00   1.5952248e+00   1.1279629e+00   4.2486177e-01   8.2772263e-01
   1.0000000e+00  -1.2133634e+00  -7.8577231e-01  -1.4651308e+00   1.2267855e+00   3.6834928e-01   5.8005189e-01
   2.0000000e+00  -1.2142444e+00   7.5638334e-01   6.8148810e-01  -7.4857108e-01   8.3466013e-01  -9.7920266e-01
   2.0000000e+00   6.2631024e-01  -1.3458211e+00   3.4439176e-01   5.2910068e-01   1.4774772e-01   1.3672393e+00
   2.0000000e+00  -2.9737506e-01   7.1762451e-01  -4.9498232e-01   4.9784412e-01  -1.3086862e+00   1.0789545e+00
   2.0000000e+00   6.8476335e-01  -9.7958409e-01  -2.2705209e+00   9.6289272e-01  -4.5295453e-02  -2.8561330e-01
   2.0000000e+00  -1.5341429e+00   2.1927061e+00  -1.0532468e+00   1.6260845e-02  -1.0562230e+00  -1.3894344e-01
   2.0000000e+00   2.6341019e-01   4.6749978e-01   1.7493752e+00  -4.2221356e-01   8.9736489e-01  -4.8494443e-01
   2.0000000e+00   3.9994702e-01  -5.5917564e-01  -1.1456507e+00   3.4415213e-01   1.4864763e+00  -6.8292537e-02
   2.0000000e+00   1.4399558e+00  -6.2891233e-01  -1.2478888e+00  -1.3767700e+00  -6.0872419e-01  -4.5486009e-01
   2.0000000e+00   7.3273874e-01   7.5933384e-02   3.3613571e-01  -2.5037250e-01   1.1800278e+00   4.3946094e-01
   1.0000000e+00  -5.9037747e-02   7.3456211e-01   1.6634937e-02  -8.0758958e-02  -2.9149449e-01   9.0061686e-02
   2.0000000e+00  -3.3376902e-02  -9.5122928e-02   2.1707486e+00  -4.3105558e-01  -1.1199122e+00   4.5633944e-01
   2.0000000e+00   1.8877435e+00   9.9450935e-02  -1.4547940e+00   1.2552619e+00  -1.5620226e+00  -3.6672793e-01
   2.0000000e+00   2.0417986e-01   1.2094822e+00   6.3418436e-01   1.7419887e-01   1.6259693e-01  -4.7729629e-02
   1.0000000e+00   7.9736904e-02   1.7638390e-01   9.8145097e-01  -1.2790247e+00  -4.0718108e-01   3.5956900e-01
   2.0000000e+00   5.6536516e-01  -1.4678720e+00  -8.0245152e-01  -1.2169588e+00   6.0193435e-01   2.2649816e+00
   2.0000000e+00   8.6016412e-01  -9.0537649e-01   3.9483201e-01   6.3206244e-01  -1.9392238e-01  -1.1086143e+00
   2.0000000e+00   3.2565685e-01  -7.3571102e-01  -8.7446613e-01  -1.3288501e+00   3.0788257e-01  -4.0867235e-01
   1.0000000e+00   2.1623774e-01   7.5595321e-01  -5.8315885e-01  -2.4647045e+00   6.5566626e-01   3.0401913e-01
   2.0000000e+00  -4.7128527e-01  -7.9992897e-01   5.1507874e-01   9.8710310e-01   1.8028787e+00   9.7758105e-02
   1.0000000e+00   2.3087171e-01  -5.6171630e-01   2.1613968e+00  -4.7866895e-01  -3.6262257e-02   3.1077603e-02
   2.0000000e+00   4.2383976e-02  -9.0489251e-01  -1.1087595e+00   6.3161574e-01  -2.0792886e+00   3.4354005e+00
   2.0000000e+00  -1.8941067e+00  -1.4405392e+00  -1.0274552e-01  -5.5641038e-01   2.3354899e-01  -3.1053157e-02
   2.0000000e+00   2.6247567e-01   2.4238319e-01   1.3207433e+00   3.4207909e-02   1.1934490e+00  -8.1143318e-01
   2.0000000e+00  -1.2242111e+00  -7.9203665e-01   1.5913752e+00  -4.5113725e-02   6.3777790e-01  -5.0798574e-01
   2.0000000e+00  -7.3293094e-01  -1.4861939e+00  -3.8340118e-01  -6.3205077e-01   1.3314212e+00  -4.1265660e-01
   2.0000000e+00   1.4162735e+00  -9.6731574e-01  -2.7865855e-01  -4.1828000e-01  -1.3232049e+00   9.9527266e-01
   2.0000000e+00  -4.5537673e-01  -2.0402787e+00  -3.6607673e-02   7.4219611e-01  -1.0849815e+00   4.6117605e-01
   2.0000000e+00  -3.4077780e-01   3.1795442e+00  -9.3978130e-01  -4.9816130e-01  -4.4045859e-01  -8.2556156e-01
   1.0000000e+00   1.7675140e+00   3.0681766e-01  -5.4855344e-01  -6.5797059e-01   5.2128689e-02   2.6458844e-01
   2.0000000e+00  -4.2704216e-02   4.3741266e-01  -8.9595045e-02  -8.7302173e-01   4.9639410e-01  -2.3549461e-01
   2.0000000e+00  -3.9109948e-01   8.5162459e-01  -2.7602114e-01   8.3221468e-01  -7.8813688e-01  -4.9865036e-01
   2.0000000e+00   3.8368910e-01  -1.0484924e+00  -7.3503244e-01   3.7781780e-01  -5.1963118e-01   8.9119388e-01
   2.0000000e+00  -1.5746313e-02   2.0308845e-01  -8.9872194e-01  -1.8701167e-01   3.1574646e-01  -6.4312435e-01
   2.0000000e+00   2.0486154e-01  -2.1827934e+00  -6.6812700e-01   2.6220322e+00   9.3929326e-01   7.2704453e-01
   1.0000000e+00  -2.1838306e+00  -1.3107860e-01  -2.0714452e-01   4.0859753e-01   1.6785303e-01   4.9942235e-01
   2.0000000e+00   1.2672869e+00   9.3546659e-01  -5.6084396e-02   4.0925909e-01   1.8025220e+00  -1.7880299e-01
   2.0000000e+00   1.3205728e+00   1.1998143e-01  -2.7746308e-01  -1.3458316e+00   6.5406450e-01  -8.1891750e-02
   1.0000000e+00  -8.7180605e-01   8.4115452e-01   9.6505210e-02   5.9381361e-02   8.5227600e-01   3.4482518e-02
   1.0000000e+00   5.3917086e-01  -1.5273203e+00  -1.0505776e+00   1.2310244e+00   4.9237683e-01   3.5835483e-01
   2.0000000e+00  -3.0755156e-02  -7.4073667e-02   2.5308601e-01   1.3337769e-01   1.4171339e+00   2.5373328e-01
   2.0000000e+00  -7.0042308e-01  -1.1987975e+00   1.4662829e+00   2.1274625e-01   6.5599355e-01   2.2278662e+00
   2.0000000e+00   1.0928634e+00  -6.4298020e-01  -1.1071850e+00   8.1836854e-01   4.9320356e-01  -2.7532202e-01
   2.0000000e+00  -1.3351670e+00  -2.6328069e-01   7.3325726e-01  -1.5414802e+00  -1.0023602e+00  -4.3915421e-01
   2.0000000e+00  -3.6602632e-01   3.2481742e-01  -5.3056401e-01   1.2850235e-01   1.0141051e+00   1.6078014e+00
   2.0000000e+00  -5.2807682e-01   1.0623245e-01   8.2093108e-01   2.5444366e-01   3.4489641e-01   1.1244800e+00
   2.0000000e+00  -1.0040989e+00  -7.7524534e-01   9.6116299e-01   6.9723251e-02  -4.4226095e-01  -8.2224021e-01
   2.0000000e+00  -8.0566340e-02  -1.8924852e+00  -6.4335378e-01  -5.2292247e-02  -1.4901734e+00   2.5815467e-01
   2.0000000e+00  -1.7020501e-01  -9.8386047e-01   2.6326916e-01   7.8878714e-01   7.6785581e-04  -1.6472760e-01
   2.0000000e+00  -3.9103767e-01   2.3060746e+00  -3.4505768e-01   7.9151769e-02  -1.8160475e+00   1.5041448e-01
   1.0000000e+00   8.4215803e-01  -9.2498324e-01   5.2502378e-01   4.6516647e-01  -5.7488982e-01   4.3696934e-01
   1.0000000e+00   1.1870895e-02   1.8021921e-01  -1.2538637e-01   2.9948650e-01  -6.3933182e-02   4.4245200e-01
   2.0000000e+00   6.7130005e-01   4.7674713e-01   6.4301488e-01   1.3467418e+00  -1.4901049e+00  -2.2931882e-01
   1.0000000e+00   3.2528537e-01  -1.4584398e+00  -7.8686538e-02   5.7468066e-01   3.5311701e-02   9.7732146e-01
   1.0000000e+00   1.0473429e+00   4.0903499e-01  -9.9364725e-01  -1.5802698e+00   2.8159449e-01   3.4729939e-01
   2.0000000e+00   1.7046251e+00   7.8436501e-01  -2.6562230e-02   7.4199969e-01   8.5033172e-01   1.3304188e+00
   2.0000000e+00   1.6718042e+00  -8.7482113e-01  -3.2850032e-02  -4.7621809e-01   1.1985223e+00   1.5764139e-02
   1.0000000e+00  -1.7244947e+00   1.0409104e+00  -2.8204379e+00  -1.9143583e+00   8.6645683e-01   2.9112574e-03
   1.0000000e+00   4.1552016e-01   2.4454006e-01  -1.1197592e+00   2.3141014e+00  -1.7662571e-01   8.9036472e-02
   2.0000000e+00   2.0951261e+00   5.0527974e-02  -9.5004915e-01  -7.2806031e-01  -1.0386494e+00  -2.3022831e-01
   2.0000000e+00  -6.8772939e-01  -6.8011286e-01   7.2399216e-01  -5.7066438e-01  -9.8142676e-01  -2.0694820e-01
   1.0000000e+00   2.8036351e-01   7.7327702e-01  -2.5682792e-01  -3.5268387e-01   9.3865500e-01   2.8267694e-01
   2.0000000e+00   1.6739104e+00  -6.5308504e-01   9.8468468e-01  -3.0070326e-01  -1.1115194e+00   1.1016398e+00
   1.0000000e+00  -1.2952640e+00  -7.7101559e-01  -1.3653614e+00   8.2103730e-01  -5.6952363e-02   3.6574577e-01
   2.0000000e+00   5.3455311e-01   6.9135087e-02   4.7689464e-03  -8.7667924e-01  -9.0130932e-02  -1.7636389e-01
   2.0000000e+00   3.1695141e-01  -3.5606768e-01   2.7561663e+00   9.4328903e-01   4.5012037e-01   2.9035585e+00
   2.0000000e+00   1.9290879e+00  -2.3964416e+00  -5.7370446e-01   1.2867728e+00  -1.5716760e-01  -8.0708390e-01
   2.0000000e+00   1.5344682e-01  -7.8124196e-01   8.5203730e-01  -7.1825110e-01  -2.0181090e+00   3.0136104e-01
   2.0000000e+00  -1.0136281e-01  -6.5998712e-02   1.1273024e+00   2.6683924e-01   1.2136999e-01   1.5128734e+00
   2.0000000e+00   4.9587666e-01   2.8302059e-01  -1.2430372e+00   2.2299013e+00  -8.3871873e-01  -3.7280232e-01
   2.0000000e+00   7.5849594e-01   1.7252934e+00   1.1580066e+00   7.1563974e-01   1.2691823e+00  -3.8325881e-01
   2.0000000e+00  -3.5801261e-01   1.1594635e+00   2.5696137e-01  -4.9101083e-02  -8.2566677e-01  -7.0516750e-01
   2.0000000e+00   3.3291073e-01  -1.8820685e+00  -8.9496449e-01  -1.4152172e+00   1.8579038e+00   2.5092718e+00
   2.0000000e+00   4.5810775e-01   7.0303992e-01  -6.2342581e-01   1.6767621e+00   4.9209818e-01   1.0507471e+00
   1.0000000e+00   6.4637987e-01   2.5641469e-01  -4.6949233e-01  -1.0914015e+00  -1.3447197e-01   8.9666055e-01
   2.0000000e+00   4.8297280e-01  -1.1037116e+00   1.3973541e+00  -3.5156316e-01  -7.9189709e-01   1.3430604e+00
   2.0000000e+00  -9.6164139e-01   2.5488059e-01   1.8337403e+00   2.0329576e-01   1.3682740e+00   2.2795236e-01
   1.0000000e+00   6.8082619e-01   8.4234273e-01  -1.3539761e+00  -7.3442797e-01   6.4527631e-01   6.8898851e-01
   1.0000000e+00  -3.1466480e-01   1.5858077e+00   1.5399662e+00  -2.1024810e+00   5.3171813e-01   3.2311333e-01
   1.0000000e+00   8.4299534e-01  -1.2124096e+00  -4.0989170e-01  -2.4639195e-01  -8.1264801e-01   1.5898236e-01
   2.0000000e+00  -3.7150905e-01  -1.7829961e+00   2.1754356e+00  -9.0881204e-01  -5.2509905e-01  -1.2996267e+00
   2.0000000e+00  -1.4640476e-01   9.7553627e-01   7.2676180e-01   6.0911769e-01   8.6458663e-01  -2.1486724e-01
   2.0000000e+00  -1.9655842e+00  -1.1529315e+00   1.6773611e+00   2.3982539e-01   4.8651831e-02  -7.8879658e-01
   2.0000000e+00   1.5540763e+00  -1.6819668e+00   1.2643859e+00   1.0185466e+00  -1.4871669e+00  -6.8424872e-01
   2.0000000e+00   6.2211630e-01  -7.4870965e-01  -2.3142042e-01   2.1952755e-01   2.1351855e+00  -1.2018893e+00
   1.0000000e+00  -1.3185615e+00   6.2208846e-01  -2.6042027e+00   2.1139988e+00   2.0508410e-01   2.0063843e-01
   2.0000000e+00   5.9701181e-01  -9.2278870e-01   3.7690576e-01  -2.6987314e-01   2.4857831e-02  -9.2182783e-01
