   2.0000000e+00   1.1608310e+00   7.7669405e-01   1.2466820e+00  -1.5255563e+00   2.6739031e-01  -1.6987923e+00
   2.0000000e+00  -3.4427701e-01  -1.1963738e+00  -5.4275027e-01   7.1563730e-01  -1.2223173e+00   2.3809526e+00
   2.0000000e+00  -7.9700015e-01   1.4685593e+00  -1.1392477e+00  -1.8819684e+00   1.4403279e+00   8.3128942e-01
   2.0000000e+00   3.8539165e-01   2.0666828e+00   6.3076521e-01  -5.6465506e-01  -1.1904321e+00  -2.5742176e-01
   2.0000000e+00  -4.2076671e-01   1.1621163e+00  -1.0525036e+00  -8.6011122e-01  -1.5556426e+00  -7.9560960e-01
   1.0000000e+00   8.7364680e-01   7.6708270e-01  -7.1612517e-01   3.8439091e-01  -5.5785000e-01  -3.2249708e-01
   2.0000000e+00  -1.0172885e+00   1.2652416e+00   9.7019558e-01  -2.3038676e-01   6.6671981e-01  -1.8101330e-01
   2.0000000e+00  -9.1404838e-01   5.7468696e-01   1.4212398e+00  -7.9159255e-01  -1.9583929e-03  -1.3551807e+00
   2.0000000e+00   2.4399240e-01   1.1521634e+00  -3.9933552e-02  -1.1497629e-01   8.4661161e-01   9.3483256e-01
   1.0000000e+00  -2.9155749e-01   6.1390176e-01   2.0294131e-01   4.5714367e-01  -8.8976131e-01   1.1640139e+00
   2.0000000e+00   1.2853494e+00   4.3002757e-01   1.6114236e+00   6.9501959e-01  -4.6109529e-01  -4.9000948e-01
   2.0000000e+00  -8.8408187e-01   1.8195087e+00  -3.6741016e-01   1.1978010e+00   3.1622302e-01  -1.1183316e+00
   1.0000000e+00   1.4036277e-01   4.4611491e-01  -1.6899098e+00   3.9500858e-01   1.9104305e+00   8.6127050e-01
   2.0000000e+00   1.9610672e-01   2.8038538e-01   2.7325200e-01  -8.1060250e-01   8.9661207e-01   1.1021206e+00
   2.0000000e+00  -1.1205243e-01  -1.5620584e-01  -5.3511489e-01  -2.2763134e-01  -1.4016496e-01  -3.7177966e-01
   1.0000000e+00  -5.3412463e-01   8.3937128e-02   4.4392177e-01   3.2990756e-01  -3.7874337e-01  -1.5494462e+00
   2.0000000e+00  -2.3803766e-01  -8.6217190e-01  -7.4424699e-01  -1.5848388e+00   6.8543095e-02   3.9201018e-01
   1.0000000e+00  -1.1304635e-01  -7.5649830e-01  -8.3773868e-01   5.0580223e-02  -4.4590398e-01  -4.9335861e-01
   1.0000000e+00  -3.0606816e-02  -9.6905282e-01  -1.7335692e+00   7.8118071e-01  -1.4168827e+00  -3.2570137e-01
   1.0000000e+00  -5.1120489e-01   1.9339186e+00  -4.2727939e-01   4.2216941e-01  -2.0812305e-01  -4.7220033e-01
   2.0000000e+00   6.0697674e-01   8.3613983e-01  -7.7990687e-01   1.2562319e+00   3.8702111e-01   3.1382568e-01
   1.0000000e+00   6.5427801e-01  -3.2225844e-01   6.6278477e-01   1.1731688e-01   2.1426421e-01   8.5257572e-01
   1.0000000e+00  -9.5117739e-01   1.2829355e+00   2.1451478e+00   6.7502194e-02  -1.2094778e+00   5.2545976e-01
   2.0000000e+00  -1.0306145e+00   1.7853114e-02  -5.7615370e-01   1.7682833e+00  -2.3522043e+00   3.7148398e-01
   2.0000000e+00   6.4886300e-01   1.2438147e+00   3.4059167e-01   1.1890919e+00   6.4770910e-01   2.0056230e+00
   2.0000000e+00   1.1674907e+00  -9.6903906e-01  -1.9249791e-01   1.9744666e-01   3.7940693e-01  -4.1969021e-02
   2.0000000e+00  -1.8310110e+00   1.3630460e+00   2.0070616e+00   9.0307086e-02  -4.7299352e-01  -1.1127524e+00
   2.0000000e+00   1.4365577e+00   6.8837283e-01   1.3233235e+00  -1.4229028e+00   1.5709054e-01  -1.0866573e+00
   2.0000000e+00   2.1458167e+00   1.0514689e+00  -1.9598981e+00   6.9438143e-02  -6.4103054e-01   7.4733285e-01
   2.0000000e+00  -1.1686099e+00  -2.9927807e-01   2.2358206e-01  -9.2797195e-02   7.8248106e-02   3.5046756e-01
   2.0000000e+00  -1.4505350e+00   1.1296988e+00   7.5976337e-01   1.4676891e+00  -9.4243797e-01  -3.7836669e-01
   2.0000000e+00   2.1850056e+00   1.4064213e+00  -3.5419438e-01   1.3898228e+00   7.4138240e-01   6.0369478e-02
   2.0000000e+00  -7.0694831e-01   4.7000736e-01  -5.5840414e-01  -3.6133169e-01   1.9731589e-01   4.9344997e-01
   2.0000000e+00  -7.0964945e-02  -1.3901060e+00   6.9782629e-02  -5.1822908e-01  -1.2285219e+00   2.0850958e+00
   1.0000000e+00   3.0274401e-01  -1.2592110e+00   8.8980967e-01   1.5937947e-01  -1.5232114e+00   1.0950014e+00
   2.0000000e+00   6.1810147e-01   1.7037889e+00  -1.2571772e+00   1.3014151e+00   6.1942187e-01   8.2038579e-01
   2.0000000e+00  -8.7756771e-01   1.2468459e-02   2.9995318e+00  -2.4297085e-01   2.8903727e-01  -1.2280033e+00
   2.0000000e+00  -2.4413951e-01   2.0886776e-01  -9.8183620e-01  -5.5557047e-01  -4.3123620e-01  -6.8438175e-01
   2.0000000e+00   1.6053065e+00  -2.0605812e-02  -1.2300159e+00  -7.1227068e-01   2.1467088e-01  -1.5427192e+00
   2.0000000e+00  -1.4094347e-01  -7.1762761e-01  -3.8080219e-01  -3.8713426e-01  -2.1872442e-01   1.8723745e-01
   1.0000000e+00   5.5111772e-01   4.0041643e-02   2.3013926e-01   8.1860440e-02  -2.3444729e-01  -9.5335510e-01
   2.0000000e+00  -7.1534109e-01   8.0936997e-03  -9.8260998e-01  -4.4396897e-01   7.9671658e-01   4.3824950e-01
   2.0000000e+00  -6.6380534e-01  -1.2906408e+00  -7.3779185e-01  -8.1257521e-02   5.3290424e-01   5.7650412e-01
   1.0000000e+00  -8.6241477e-01   2.2053714e-01  -1.8907423e-01   7.2180716e-02  -2.9573561e-01   1.7826814e+00
   1.0000000e+00   8.4706058e-01  -5.7268367e-01   4.6845698e-01   2.9519191e-01  -6.9462233e-01   7.9054278e-01
   2.0000000e+00   4.4368119e-01   6.1697535e-01  -6.9009732e-01   1.5440607e+00   2.7464550e+00   5.9770463e-01
   2.0000000e+00   3.9952380e-01   1.5356055e-01  -2.9108784e+00   1.6768238e+00  -1.0965183e+00  -3.3045716e-01
   2.0000000e+00   6.2390623e-01   8.9055913e-01  -1.6141130e-01  -1.0168707e+00  -2.5273672e-01   6.8581390e-01
   2.0000000e+00  -9.4832181e-01  -1.4807830e+00  -7.3275193e-01   7.1579760e-01  -2.8703444e+00  -4.2089872e-02
   2.0000000e+00  -5.3533810e-01  -8.6852712e-01   2.0173396e+00  -3.8927186e-01   2.4941922e-01  -2.9250171e+00
   2.0000000e+00   3.6725408e-01   6.3108916e-01   6.6057987e-01  -2.1037363e+00   1.6626585e+00   8.0869599e-01
   2.0000000e+00   2.0203742e-01  -8.8600166e-01  -1.1539984e+00  -9.4908954e-01  -4.9681594e-01  -5.3456981e-01
   2.0000000e+00   9.9445186e-01   8.1648570e-01  -1.1492040e+00   7.6373688e-01   1.0555597e+00   1.8494230e+00
   1.0000000e+00   1.3453241e-01   6.9040281e-02  -9.5791061e-01   7.2624048e-01  -5.4969273e-01   1.0665602e-01
   2.0000000e+00  -2.1946983e+00   1.8122188e+00  -4.2754157e-01   5.7819434e-01   4.6922034e-01   3.4662962e-01
   1.0000000e+00  -3.6954759e-02  -8.2437981e-02   4.3109045e-01   9.4895045e-01  -6.3458606e-01  -5.9221262e-01
   2.0000000e+00   1.4439062e+00  -2.7358331e+00  -9.7578965e-01   4.8425585e-01  -9.4508720e-01  -1.1602603e+00
   2.0000000e+00   1.1689455e+00   3.7179156e-01   8.2644325e-01  -5.1824625e-01  -3.8386732e-01   8.9586568e-01
   2.0000000e+00   9.7010446e-01   3.8703647e-02   1.9280825e-01   1.3920274e+00   4.5196854e-01  -5.5585296e-01
   2.0000000e+00  -1.4526624e+00  -1.6469945e+00  -6.7775305e-01  -9.3442606e-01  -3.5332377e-01   4.9470275e-01
   2.0000000e+00  -1.1306782e+00   2.5228875e-01  -1.2697078e+00  -6.6718696e-01   9.1128631e-01  -1.2099039e+00
   2.0000000e+00   1.8318205e+00  -5.1793937e-01   1.2236113e+00   1.6996477e-01   7.4670472e-01  -1.3473862e+00
   2.0000000e+00   1.3451664e+00   8.3949254e-01  -1.2746667e+00   1.3905613e+00   1.7411672e+00   1.9696503e+00
   2.0000000e+00  -3.2145712e-01  -5.2620541e-01  -1.0654163e+00  -5.5108771e-01  -2.0394737e+00   1.3702215e+00
   2.0000000e+00  -1.3743768e+00   4.9069332e-01   1.1544953e-01  -1.8698305e-01  -3.4642013e-01   1.1195678e+00
   2.0000000e+00   1.3041919e+00   1.6855827e+00  -2.4906769e-01   8.3562191e-01   1.5216387e+00  -3.0424402e-01
   2.0000000e+00  -4.8275789e-01  -5.0202989e-01  -4.5163146e-01  -2.4528586e+00   3.9898788e-01  -3.2753360e-01
   2.0000000e+00  -1.5961255e+00   1.0768306e+00   1.0293909e-01   8.6882129e-01  -1.6193152e+00   5.2833894e-01
   1.0000000e+00  -3.5067485e-01   1.2031036e-01  -5.4001039e-01   6.5785957e-01   8.9109617e-02   3.9288354e-01
   2.0000000e+00  -5.8311320e-01   8.7149801e-01  -3.8879167e-01  -7.4258694e-01   6.9239757e-02   3.6317602e-01
   2.0000000e+00  -4.3549370e-01   1.2489234e+00   1.4855011e-01   1.6816152e+00  -1.6656259e-02  -7.6645243e-01
   2.0000000e+00  -1.3474906e+00  -2.5673279e-01   1.4120672e+00  -1.1923088e+00  -4.2264710e-02  -4.7339919e-02
   2.0000000e+00   1.1232358e+00  -3.8832171e-01  -3.7558378e-01   1.2916861e+00  -8.4472241e-01  -2.5560897e-01
   2.0000000e+00   9.7711087e-01   3.6585349e-01   1.0227141e+00   3.3198674e-01   2.1789477e-01   4.5189921e-01
   2.0000000e+00   1.7925957e+00  -1.5400067e+00  -5.7027204e-01  -6.1783595e-01  -2.1247001e-01  -5.2035827e-01
   2.0000000e+00   1.5257504e+00   1.4166273e-01  -2.9206079e-01   4.4327401e-01   2.0850000e+00  -1.0026027e+00
   2.0000000e+00  -8.4076369e-01   1.1906761e+00  -1.4370656e+00  -8.1076707e-01  -2.3040403e+00  -1.0018596e+00
   2.0000000e+00  -1.0847102e-01  -4.9650651e-01   1.9087402e-01  -8.6219393e-02   4.7473041e-01  -1.5137308e+00
   2.0000000e+00  -9.4657827e-01   8.0127148e-01   6.8951461e-01   1.7343897e+00   1.8239622e-01  -4.4866247e-01
   1.0000000e+00  -1.4763468e-01   6.0308033e-01   1.5365783e+00   6.2174954e-01  -7.9043698e-01  -1.8931342e+00
   1.0000000e+00   7.0524580e-01  -9.2793698e-01  -1.8621298e+00   1.5298199e-01  -1.1621437e-02  -7.6461290e-01
   2.0000000e+00   1.6757542e+00   6.5144267e-01   3.0721834e-01   2.1989282e+00  -8.5509567e-01  -6.4719002e-01
   1.0000000e+00  -2.6002322e-01   1.1711986e-01  -3.9319754e-01   6.8487750e-01   3.7623403e-01  -2.5525267e-01
   2.0000000e+00  -3.3717692e-01   6.0065297e-02  -1.0664820e+00   1.9243784e+00   1.0553136e+00  -1.4263354e+00
   2.0000000e+00  -1.2485457e+00   6.2053769e-01  -1.6501428e+00  -5.5676489e-03   6.3586266e-01  -6.4823028e-02
   2.0000000e+00  -1.0094256e+00   1.7311773e-01  -2.1813018e+00   2.6555149e-01  -4.9568162e-02  -3.9626701e-02
   2.0000000e+00  -1.0808389e+00   4.4908171e-01   1.7489748e+00  -2.1374523e+00   8.6338930e-01  -2.7807092e-01
   2.0000000e+00   4.6280870e-02   1.6202121e+00   2.8260980e-01   2.1309601e+00  -3.0177649e-01  -7.0540781e-01
   1.0000000e+00  -1.5582500e-01   2.8889061e-01   8.1398035e-01   1.7541368e-01  -7.1212464e-01  -9.3010399e-01
   2.0000000e+00   3.7953203e-01  -5.7347366e-01   7.8584596e-01  -8.2466161e-01   2.9307032e-01  -1.5121903e-01
   2.0000000e+00   1.0546613e+00   2.7483177e-01  -6.3781355e-01  -1.6602207e-01  -1.1282721e+00   1.7441845e+00
   2.0000000e+00  -1.3998366e+00  -9.8064702e-01   5.1598276e-01  -1.3312896e+00   5.0930198e-01  -4.6258913e-01
   2.0000000e+00   1.0512535e-01  -1.8980013e-01  -6.3837098e-01   2.1097071e+00  -2.2407032e+00   2.0138858e-01
   2.0000000e+00   1.6170386e+00  -5.5085868e-01   8.3529531e-03  -7.0614720e-01   9.0356785e-01   1.8868833e-01
   1.0000000e+00   9.6902309e-02   1.0931867e+00   2.0798280e+00   2.9547527e-01  -7.0052887e-01  -8.5453229e-01
   2.0000000e+00  -9.8253138e-01  -6.0246730e-01   1.4145993e+00  -1.9356562e+00  -8.5479511e-01  -8.0918181e-01
   2.0000000e+00   2.4514536e-01   3.0647619e-01  -7.7981514e-02  -4.5766234e-01   1.6933765e+00   4.8826830e-01
   2.0000000e+00   1.3796805e-01   1.7499095e+00   7.9902487e-01  -1.1876798e+00   4.6641053e-01   4.1980785e-01
   2.0000000e+00   2.6807900e-01  -3.2300647e-01   1.1869923e+00  -3.8573565e-01  -9.3794018e-01   4.6580778e-01
   2.0000000e+00   6.0018014e-01  -1.0460614e+00   4.8608463e-01  -3.2549854e-01  -1.8581269e+00   2.2854360e+00
   2.0000000e+00  -2.9238383e-01  -4.4207230e-03  -1.7370009e+00   4.8369187e-01   9.5204857e-01  -1.9492193e+00
   1.0000000e+00   5.4418315e-01   8.4392148e-01  -1.0497501e+00   5.6668217e-01   6.5353718e-01   3.8470116e-01
   2.0000000e+00  -1.0235313e+00  -1.1761056e+00   2.3897496e-01   1.3731762e+00  -3.6769086e-01   1.6434829e+00
   2.0000000e+00  -2.0206381e+00  -7.3410277e-01  -7.2438234e-01   7.6453079e-01   8.7797659e-01  -1.3415383e-01
   2.0000000e+00   1.2888048e+00   4.8540385e-01  -8.2139597e-01   1.4491372e+00   3.4810079e-01   2.1035051e+00
   2.0000000e+00   1.2596614e+00  -2.0661562e-01   5.8930655e-01  -1.4079403e+00   3.8745436e-01   1.0228165e+00
   2.0000000e+00  -3.2585853e-01  -4.6957792e-01   2.5695808e-02   9.5508891e-01  -1.3132160e-01   2.6573402e-01
   2.0000000e+00  -1.1856519e+00   1.1240998e+00   4.7597511e-01  -6.4265921e-01  -2.1667031e-01   1.8138530e-01
   2.0000000e+00  -9.0275796e-01  -1.1512810e+00  -1.0178561e+00   4.7040366e-01   8.1075829e-01   7.2873010e-01
   2.0000000e+00  -2.5714560e-01   1.1833559e+00   1.8694733e-01  -4.9943196e-01   7.5484606e-01  -2.3820515e-01
   2.0000000e+00  -5.2493107e-01  -1.0540226e+00  -2.5949992e-01   1.0809333e+00  -8.1362657e-01  -6.8003605e-01
   1.0000000e+00   3.5173877e-01   1.2026951e+00  -2.8955071e-01   5.3584365e-01  -1.0337926e+00  -3.4878567e-01
   2.0000000e+00  -9.7631172e-01   9.5551675e-01   8.1166671e-01  -1.1624058e+00   2.3204049e-01   4.4790793e-01
   2.0000000e+00   1.7514157e+00  -7.9756690e-01   2.6006795e-02  -8.5068476e-01   1.0627789e+00  -1.0344148e+00
   2.0000000e+00   1.7886564e+00   1.1296272e-01  -9.9286582e-01   1.1507984e+00   9.4992656e-02   6.3282342e-01
   2.0000000e+00   4.6301824e-01  -2.0444661e-01  -9.6899395e-02  -4.3686642e-01  -9.6227735e-01  -2.1482436e+00
   2.0000000e+00  -8.9666689e-01   1.6692164e-02   1.7560589e+00   9.1948793e-01   4.0826708e-02   3.2766681e-01
   2.0000000e+00   1.8675383e+00   8.7330566e-01  -1.6303895e+00   9.4652705e-01   9.3368884e-01   3.0056360e+00
   2.0000000e+00  -6.4474395e-01   1.6360066e+00  -1.7664319e+00  -3.8177015e-01  -5.9373188e-01   7.6656328e-01
   2.0000000e+00   2.6217245e+00  -9.2627707e-01  -8.0174474e-01   2.0278210e-01  -1.0773183e+00  -3.8686679e-01
   2.0000000e+00   1.9677606e+00  -7.5894501e-01   4.7615638e-01   1.2467497e+00  -1.6816068e-01   7.4893742e-01
   2.0000000e+00   4.1176746e-01   3.0573752e-01   1.0275508e+00   1.4126291e+00   1.7267916e+00   7.1181979e-01
   2.0000000e+00  -1.7134044e+00   9.9173870e-01   3.4557155e-01  -8.5172113e-01  -1.2012808e+00   3.7280655e-01
   1.0000000e+00  -2.9891327e-02  -5.9427751e-01  -4.9420852e-01   3.1637797e-02   2.0819765e+00  -2.3039219e-01
   2.0000000e+00  -1.0102476e+00  -6.2694940e-01  -1.1150047e+00  -5.4537209e-01   4.6942271e-01   1.1041658e+00
   2.0000000e+00   1.4644342e-01  -1.2225842e-02   1.2533348e+00  -4.1999734e-01   6.5437339e-01  -1.2948955e+00
   2.0000000e+00  -1.0460171e-01   1.6648387e+00   7.1542987e-01  -1.7709778e-01   9.4849919e-01   4.8036881e-01
   2.0000000e+00  -5.7599726e-01   1.6495159e-01   7.7778422e-01   2.0443741e+00   2.7120393e-01  -4.6180820e-01
   1.0000000e+00  -6.5295473e-01  -7.9410821e-01   1.2060330e+00   1.3678983e-01  -6.5246603e-01  -1.0818810e+00
   2.0000000e+00   1.0071510e+00   4.4123180e-01  -1.1984215e+00   5.6856566e-01   7.7495972e-01   3.3373951e-02
   2.0000000e+00  -1.0224300e-01   4.7637991e-01   2.0460820e+00  -7.4785356e-01   7.9416756e-01   1.7843705e+00
   2.0000000e+00  -1.8311694e-01   1.4824438e+00  -3.1180249e-01  -4.7673530e-01  -7.4921798e-01  -6.2137744e-01
   2.0000000e+00  -1.3519129e+00   1.7741207e-01   8.0805107e-01  -4.6138760e-01  -9.1827715e-01  -4.3677889e-01
   2.0000000e+00  -3.2001764e-01  -2.6238597e-01   4.4480493e-01   9.9330153e-01   9.3563098e-01  -6.3935704e-01
   1.0000000e+00  -2.4893668e-01  -7.8504821e-01  -9.4035661e-01   4.5909336e-01   1.0551125e+00   1.3084294e+00
   2.0000000e+00  -1.0525770e+00   2.8309254e-01  -3.0661433e-01   4.1882138e-01   4.7339312e-01  -8.8197448e-01
   2.0000000e+00  -9.3726748e-01   2.2290614e+00  -9.5103649e-01  -5.9456543e-01   1.1026727e+00   2.8974862e+00
   2.0000000e+00   2.0203513e-02   8.7751425e-01  -1.6241251e+00  -7.7197668e-01   8.9469859e-01   6.7026105e-01
   2.0000000e+00  -2.1477574e-01   3.7275837e-01   1.3217199e-03  -1.9071900e+00   1.4515183e-01  -2.4139684e+00
   2.0000000e+00  -9.0758839e-01  -6.8639757e-01  -1.0679679e-01  -4.8022026e-01  -1.4211278e+00   7.4869981e-01
   2.0000000e+00  -8.6116310e-01   4.4056867e-01  -1.0707464e+00   1.1611529e+00   4.1565609e-01   6.1846035e-01
   2.0000000e+00  -1.0864238e+00  -6.3977691e-02  -1.4495141e+00  -1.0609916e+00  -1.9732279e-01  -5.8033434e-02
   2.0000000e+00  -1.4820974e+00   1.1224314e+00   1.5813563e+00   8.5198225e-01  -3.9386093e-01  -9.9815391e-02
   2.0000000e+00   1.0515426e+00   9.7749576e-01  -1.9407625e+00   8.4636420e-02  -1.7010592e+00   2.0202528e-01
   2.0000000e+00   3.1896925e-01   1.7603172e+00   1.1206266e+00  -2.3897559e+00   1.4226296e+00   5.9509591e-01
   2.0000000e+00   8.0613875e-01  -2.7713979e-01   5.5676416e-01   1.1076805e+00  -8.0325103e-02  -1.1924227e+00
   1.0000000e+00  -7.3929339e-02  -1.7044059e-01   8.0665989e-01   2.3429584e-01   5.5523731e-02   1.8191653e+00
   1.0000000e+00  -4.6342814e-01   1.1583219e+00  -2.8626009e+00   1.3626959e-01   8.3859247e-01   8.7971529e-02
   1.0000000e+00  -1.5899633e-01   1.2497500e+00  -1.2620510e-01   4.0650683e-01  -5.9791574e-02  -5.2877325e-01
   2.0000000e+00   1.5715083e+00   8.1388250e-01   5.4588413e-01   9.6319250e-01   9.9621066e-01  -7.9037315e-01
   2.0000000e+00  -1.5238858e+00   1.0571803e+00  -5.2038171e-01  -1.6784459e+00   1.9024551e+00   9.1031667e-01
   1.0000000e+00   9.6015321e-01   1.4334487e-01   1.9133674e+00   1.1994177e-01   7.0991110e-01  -1.7200547e+00
   2.0000000e+00   1.1804249e+00   1.4973270e+00  -8.1851265e-01  -2.4082167e+00  -1.4342439e-01   5.7708572e-01
   2.0000000e+00  -1.1218219e+00  -6.1201428e-03  -1.5023836e+00   7.4298563e-01   6.8179752e-01  -1.3414410e-02
   2.0000000e+00   2.2679664e-02   1.6773566e-02   1.5193602e+00  -4.3042763e-01  -1.5817900e+00   8.4262968e-01
   2.0000000e+00  -9.1818832e-01   1.3330912e+00   2.4377614e+00  -5.9768813e-01   1.9128436e+00   3.2202371e-01
   2.0000000e+00  -5.8015926e-01   1.4984218e+00  -5.1724720e-01  -7.1149327e-01   7.1000417e-01  -3.2823935e-01
   2.0000000e+00  -1.6668869e+00   5.7697640e-01  -6.9634322e-01  -1.3363666e+00   2.2106168e-02   1.0411307e+00
   2.0000000e+00  -2.0859314e+00  -7.3621746e-01  -1.2667635e-01   8.6972832e-01  -7.1268449e-01   7.5650337e-02
   2.0000000e+00  -1.0870152e+00   8.5662831e-01  -8.9498960e-01  -7.2350002e-01   8.7849209e-01  -1.0491080e-01
   2.0000000e+00   4.5436042e-01  -6.7536281e-01  -9.4596311e-01   1.0079518e+00  -5.1424790e-01  -7.5583713e-01
   2.0000000e+00   1.6514455e+00   5.0640403e-01  -1.3669977e+00  -1.3908938e+00   1.6057573e+00  -6.7986879e-01
   1.0000000e+00   1.5839423e-01  -1.3287857e+00   1.7183208e-01   1.1042040e-01   7.6425534e-01   1.7080306e+00
   2.0000000e+00  -1.0426553e+00   1.0608043e+00   5.9720668e-01   8.7400725e-01  -1.7150396e+00  -1.5543622e+00
   2.0000000e+00   2.6813220e-01   1.5136782e-01   5.6110993e-01  -4.3045383e-01  -1.3551054e-01  -7.2398628e-01
   1.0000000e+00   4.7807572e-01   7.0503175e-01  -8.2082894e-01   8.0104854e-01  -6.3753446e-01   6.3670930e-01
   2.0000000e+00   1.2474903e+00   9.0358455e-01  -7.7275439e-02   4.8106041e-01  -8.4753842e-01   1.7358988e+00
   1.0000000e+00  -5.2000697e-01   5.7869756e-01  -1.0823892e+00   9.7792293e-02   9.5149394e-01  -1.1999480e+00
   1.0000000e+00   3.4096519e-01   5.2711346e-01  -8.4479733e-01   2.3581407e-01   3.4274902e-01   1.0119336e+00
   2.0000000e+00  -1.3305933e+00  -1.6544281e-01   7.4953521e-01   2.5210128e-01   4.6460168e-02   2.6002077e-01
   2.0000000e+00   1.5597251e+00  -5.1538622e-01   6.7363074e-01   3.4858681e-01  -5.9518536e-01   1.0995993e+00
   2.0000000e+00   1.1109627e+00   4.2858526e-01   1.7330953e+00   2.8724485e-01  -6.9203212e-01   5.0070409e-01
   2.0000000e+00   3.1479458e-01  -1.1990607e-01   7.4616873e-01   1.1919697e+00  -8.5342342e-02  -7.6861248e-01
   2.0000000e+00  -7.9645702e-01  -6.6117776e-01  -2.3800917e-01  -4.8801690e-01   8.7967917e-01   1.0497316e+00
   1.0000000e+00  -8.9686545e-01   2.2053440e-01  -2.8971625e-01   4.3698081e-01  -4.7562621e-01  -1.9393018e-01
   2.0000000e+00  -1.1991596e-01   5.9411874e-01  -9.6914871e-01   1.6429749e+00   9.3149206e-01   1.3319145e+00
   1.0000000e+00  -4.8584893e-01  -2.3264246e+00  -1.7074770e+00   7.4806926e-01   7.8418897e-01   7.7616965e-01
   2.0000000e+00   1.0581738e+00  -2.4569051e-01   4.6501269e-01   4.0574123e-01   1.2840683e+00  -1.0279527e+00
   2.0000000e+00  -1.7596201e+00  -1.4954677e-01  -6.2392516e-02   1.8505528e+00   3.9243760e-01   9.1171016e-01
   2.0000000e+00  -8.5151323e-01  -4.9292933e-01   6.2709303e-01   1.4955089e+00   5.3046349e-01  -1.1709076e-01
   2.0000000e+00  -5.9631161e-01  -6.1764565e-01  -1.2439502e+00  -7.4616312e-01  -1.0899204e-01  -8.7095363e-01
   2.0000000e+00  -3.5555214e-01  -7.0174840e-01   1.5359249e-01  -1.3596658e+00   5.5528723e-01   6.5754254e-01
   2.0000000e+00  -2.6164947e+00  -3.9404359e-01   3.1522020e-01  -5.3916380e-01   2.7820428e-01  -5.7076329e-01
   2.0000000e+00  -1.1253981e+00   3.0076490e-01  -2.5541972e-01   2.1180467e+00  -1.4457753e+00   1.8958920e+00
   2.0000000e+00  -1.2227379e+00   1.3449123e+00   9.4993778e-01  -4.2565138e-01   3.8549759e-02  -6.6939396e-02
   2.0000000e+00   5.7520476e-01   1.4571015e+00   2.4249666e+00  -8.6198152e-03   1.0510590e+00  -2.9286947e-01
   1.0000000e+00  -3.4913470e-02  -1.7149095e+00   1.1202428e-01   3.8753578e-01  -9.6513977e-01  -5.6305519e-01
   2.0000000e+00  -8.2967092e-01  -7.7889743e-01   4.9293713e-01   6.2274133e-01   5.0406976e-01  -1.8692896e-01
   2.0000000e+00   1.1599199e+00  -3.9146453e-02   8.6188719e-01  -1.6859616e+00   3.4498913e-01  -9.4191464e-01
   2.0000000e+00   3.8547620e-01   2.0929118e+00   1.2775652e+00  -1.4914490e+00   9.0173545e-02  -1.2376810e-01
   2.0000000e+00   3.7335762e-01   1.4035347e+00  -1.3048867e-01  -2.2331865e-01   1.1996734e+00  -7.3779896e-01
   2.0000000e+00  -4.2826268e-01   9.8207864e-01  -8.1227521e-01  -1.5635222e-01   3.3507068e-01   7.5541955e-01
   2.0000000e+00  -5.1637474e-01  -1.8830392e+00  -3.8609329e-01  -1.8173209e-01   2.3665676e-01  -9.8433144e-01
   2.0000000e+00   7.6045021e-01  -6.6556082e-01  -1.3344481e+00  -1.1216242e+00  -1.7111166e-01  -1.3874528e-01
   2.0000000e+00  -5.4098109e-01   7.5062017e-01   8.8680382e-01  -1.1379458e+00   1.4307863e+00   4.5665010e-01
   2.0000000e+00  -4.3939198e-01  -1.1730981e+00   4.4986315e-01  -1.8618134e+00  -1.3739508e-01  -1.4750029e+00
   2.0000000e+00  -1.4430462e+00  -1.0634361e+00   1.8814499e+00  -8.5432776e-01   1.8499459e-01  -1.4693484e+00
   2.0000000e+00   4.5947823e-01  -4.5029582e-02  -2.9827228e-01  -7.7059449e-02   8.3878900e-01   1.2503578e+00
   2.0000000e+00   2.3946109e+00  -1.7111123e+00   3.8755853e-01   8.7424803e-01  -1.4828948e+00  -5.0617372e-01
   2.0000000e+00   1.3595835e+00   1.7028302e-01   4.9942013e-01  -5.1431064e-01  -1.1387556e-01  -1.7590420e-01
   2.0000000e+00   1.2878787e+00  -1.2484189e+00  -3.4753644e-01  -9.9307330e-01  -7.1013793e-01   3.7141062e-01
   2.0000000e+00   1.0318858e+00   5.6605265e-01   1.2827888e+00  -1.7261561e-01   9.1169911e-01   2.6883467e-01
   2.0000000e+00  -2.1383380e+00  -1.2729189e+00   6.2879087e-01  -7.0350189e-01  -1.1460913e+00   4.8522985e-01
   1.0000000e+00   7.9123066e-01   5.0804920e-01   3.8294914e-01   8.2265636e-02   2.4794744e-01   2.7915239e-01
   2.0000000e+00  -1.5671993e+00   1.6176680e+00   7.1604247e-01   1.0359787e+00   9.4619539e-01   8.5399807e-01
   2.0000000e+00  -1.9845282e+00   1.3238258e+00  -4.4381742e-01  -2.3533785e-01   1.6460708e+00  -2.5037452e-01
   2.0000000e+00   1.2900952e+00  -3.5364437e-01  -7.2500030e-02   1.0709207e+00  -4.7522595e-01   5.4878176e-01
   2.0000000e+00   1.1387270e+00  -7.9683448e-01  -1.0247744e-01   1.6796050e-02  -1.6407784e-03  -3.0827947e-01
   2.0000000e+00   4.3901231e-01  -6.2092548e-01   1.1546768e+00  -7.8514524e-01  -3.2684240e-01   1.0676455e+00
   2.0000000e+00   1.0429736e+00   1.0740502e+00   9.4273128e-02   6.7279670e-01   4.2737071e-01   8.2937275e-01
   1.0000000e+00  -3.4221842e-01  -6.4393874e-01  -1.7160618e-01   8.6395472e-01  -7.0700948e-01  -3.7060613e-01
   2.0000000e+00  -8.6641145e-01  -2.2040247e+00   2.9339064e-01  -1.0836050e+00  -5.8371939e-01   1.2288217e+00
   2.0000000e+00   9.6069977e-01  -9.7369461e-01   4.9231236e-01   3.6902904e-01  -3.8038881e-02  -1.7595106e+00
   2.0000000e+00   1.2996264e+00  -1.4095367e+00  -3.1741229e-01   6.8008405e-01  -3.6263077e-01  -1.4469972e+00
   2.0000000e+00   2.1900214e-01  -1.7082217e-01   4.6026516e-01   2.5507485e+00  -1.8949844e+00  -3.9506463e-01
   2.0000000e+00  -2.4327501e-01   1.2535542e+00   9.9783183e-01  -7.4075270e-01  -7.2316363e-01   1.5741405e-01
   2.0000000e+00   2.4459021e-01  -8.6495996e-01  -4.1070515e-02  -8.3962975e-01   9.4569931e-01  -1.7803175e-01
   2.0000000e+00   1.5838210e+00  -7.9127765e-01   2.1350245e-01  -8.9158984e-01   2.0170318e+00   2.5975617e+00
   2.0000000e+00   6.8713060e-01  -2.0132840e-01  -2.3984545e-01  -2.2339077e-01   1.7917197e+00   9.3022335e-01
   2.0000000e+00   2.1750273e-01   1.7969732e-01  -7.1678372e-01  -9.5930790e-01   1.2413797e+00   2.1337484e+00
   2.0000000e+00   1.1014074e+00  -1.6067120e+00   1.3363583e-01   1.4850150e+00  -1.6163917e+00   8.8257655e-01
   2.0000000e+00  -1.4525494e+00   1.0497083e+00  -5.8372307e-01   7.5651024e-01  -1.3046735e-01  -1.8939306e+00
   2.0000000e+00  -1.7005055e-01   8.5062378e-01  -1.0435369e+00   4.9546603e-01  -7.6308462e-01   2.2862678e+00
   2.0000000e+00   8.7595398e-01  -9.1536123e-01  -6.9481562e-02  -1.9325937e+00   5.2960998e-02   1.3112618e+00
   2.0000000e+00   1.6776071e+00  -6.2019653e-01   7.2550482e-01  -1.0376179e+00   6.4616656e-01   2.2730282e+00
   2.0000000e+00   2.4353428e+00   1.9704624e+00  -9.2493539e-01  -2.2010254e-01  -6.7819028e-01  -2.3173418e-01
   2.0000000e+00   1.0268460e+00   2.2438323e+00  -7.9340764e-01   1.4795058e+00   3.5948571e-02   8.2592344e-01
   2.0000000e+00   4.7158123e-01  -1.4714186e+00  -9.0501788e-02   2.6382457e+00   1.5979020e-01  -8.4923968e-01
   1.0000000e+00   3.6264109e-01  -4.5611943e-01   4.5503984e-01   5.7601911e-01  -1.4260901e+00   1.6594717e+00
   2.0000000e+00  -3.7984741e-01   8.0851374e-01  -1.5854090e+00  -3.8486111e-01  -7.0514011e-01  -1.7421642e-01
   2.0000000e+00  -1.1946763e+00   7.0676486e-01  -1.9970223e+00  -5.4525605e-02   1.7663565e+00  -1.7149865e+00
   2.0000000e+00  -2.8472417e-01  -4.9185545e-01   6.2312810e-01  -1.1373087e+00  -2.4623467e-01   1.5562572e-01
   2.0000000e+00   1.2179967e+00   2.5108494e-01  -6.6610995e-02   1.2091936e+00   1.3359500e-01  -1.4524422e+00
   2.0000000e+00  -6.8995152e-01  -1.0473535e-02  -2.0680849e-01  -7.3754964e-01   6.2951009e-01   6.0584422e-01
   1.0000000e+00  -2.7413982e-01  -1.1846314e-01   6.3537241e-01   3.9008112e-01  -2.6020027e-01   4.7686433e-01
   2.0000000e+00   9.8651785e-01   5.8045189e-01   2.2394836e-01  -4.7828563e-01  -2.8839254e-01  -1.1887769e+00
   2.0000000e+00  -1.4270133e+00  -1.3369593e+00  -9.5454456e-01   1.9051248e-01  -1.5701598e+00  -2.5059819e-01
   2.0000000e+00   1.3608012e+00   1.5810315e+00  -6.0259149e-01   6.9794600e-01   9.4733833e-01   8.2392372e-01
   1.0000000e+00   1.2727397e-01  -6.3015049e-01  -4.4301617e-02   3.3472369e-01   1.0592781e+00   7.8179257e-01
   2.0000000e+00  -1.0373339e+00  -1.6042855e+00   6.1571869e-02   1.0527815e+00  -1.3711920e+00  -6.0560272e-01
   2.0000000e+00   1.3785384e+00   3.6832119e-01   3.4459336e-01  -2.2830309e-01   1.6818162e+00   6.2850428e-01
   2.0000000e+00   8.6415253e-03  -5.5969735e-01   1.3810096e+00  -7.3570032e-01   5.1947429e-01  -1.3294508e+00
   2.0000000e+00  -7.1431073e-02  -1.3811233e-01   3.2699516e-01  -7.9320830e-01  -8.5330968e-01  -2.2237590e-01
   1.0000000e+00   8.0606850e-01   8.1222948e-02  -3.7756473e-01   4.3400962e-01  -3.8334777e-02   6.7429824e-01
   2.0000000e+00   9.9308546e-02   6.0172268e-01   1.3088801e+00  -1.3864754e+00  -1.7916725e-01   3.3680065e-01
   2.0000000e+00  -1.6032681e+00   1.5150047e+00   9.5374419e-01  -1.0767291e+00   1.8410179e+00  -1.4922434e+00
   2.0000000e+00   3.0577226e-01   1.0233779e+00  -2.1776072e+00  -7.3925765e-01   1.0343173e+00  -5.3402495e-01
   2.0000000e+00  -6.2913777e-01  -6.9976715e-01   3.0959748e-01  -2.9425287e-01   1.4729116e-01  -1.7115169e+00
   2.0000000e+00  -1.8289343e+00  -1.3426750e+00  -6.9269549e-01  -4.0840834e-02  -3.0892744e-01   6.3644475e-01
   2.0000000e+00  -1.5415661e-01  -3.3456215e-01  -1.0626163e+00  -1.4235800e-01   5.2204764e-01  -3.3600226e-01
   1.0000000e+00   6.7875857e-01   4.6948938e-01  -1.0684974e+00   1.6220774e-01   5.1686048e-01  -1.0556154e-01
   1.0000000e+00  -1.9281631e-01   4.7632764e-01   9.1640608e-03   7.8348183e-01  -6.4754958e-01   5.3432777e-01
   2.0000000e+00   6.6327970e-02   1.4103728e+00  -1.0135173e+00  -5.0053068e-01  -7.0357133e-01  -1.1599670e+00
   2.0000000e+00   1.0289997e-01  -2.5851724e-01   8.2687258e-01  -1.9761309e+00  -4.1810882e-01  -1.7724440e+00
   2.0000000e+00  -1.0663335e+00  -6.8565181e-01   2.0964515e-01   2.3072656e+00   8.7132270e-01   8.4324067e-01
   2.0000000e+00  -1.0890913e-01   9.9845277e-01  -1.7698647e-01  -1.5376977e+00  -4.1249579e-01  -6.8529049e-01
   2.0000000e+00   1.0371028e+00  -5.8814842e-01   1.6859273e-01   2.2978570e-01  -1.4988482e+00   1.9710565e+00
   2.0000000e+00  -1.6244469e-01  -4.0426024e-01   1.1734225e+00  -4.8761217e-01   3.5828097e-01   1.0493705e+00
   2.0000000e+00  -3.5879931e-01   2.6848997e-01   2.1683271e-01   8.1954558e-01  -1.4798871e+00   1.9238486e+00
   2.0000000e+00   1.3030407e+00   3.4376999e-01  -1.6551967e-01   2.1142553e+00   1.5133749e+00  -9.9537695e-01
   2.0000000e+00  -1.4625371e-01   5.5159420e-01  -1.5698962e+00  -8.4691288e-01  -9.2759404e-01   8.8166068e-01
   1.0000000e+00  -8.5413461e-02   1.5983233e+00  -7.7120132e-01   1.1306037e-01  -1.0921069e+00   1.1496493e+00
   2.0000000e+00  -5.9083163e-01  -1.7709631e+00  -3.4034886e-01   1.1560261e+00  -8.2615373e-01   1.9102319e+00
   1.0000000e+00  -4.1367031e-01  -1.0995806e-01   3.3638664e-02   2.1618970e-01   4.2378119e-01   3.6801143e-01
   2.0000000e+00  -6.7610372e-01  -1.2694891e-01   1.8462675e+00  -2.7297945e-01  -1.3138956e+00  -2.7016413e-01
   1.0000000e+00  -1.1399806e-01   1.0702591e+00   4.7502476e-01   1.2553528e-01   2.7636162e+00   1.7213268e+00
   2.0000000e+00  -1.3059618e+00   7.6692204e-01  -9.0748481e-01   6.1106635e-01  -7.2723308e-01   4.6601165e-01
   2.0000000e+00  -1.1291125e+00   1.0980844e-01   1.0596271e+00  -7.2545537e-02   1.1394571e+00  -6.6690134e-01
   2.0000000e+00  -1.8928525e+00   4.8080321e-02   4.9947863e-01   1.3526994e+00  -1.1264158e+00   1.1436824e+00
   2.0000000e+00   2.9465387e-01  -6.4327878e-01  -3.6473464e-01  -1.7635441e+00   9.3754438e-02  -1.8786080e-01
   1.0000000e+00   6.9152564e-01  -1.9672972e+00   2.4029405e-01   1.1154569e-03  -7.6741984e-01  -1.8099117e+00
   2.0000000e+00   1.7909391e-01  -6.2725502e-01  -1.1776010e+00  -1.4062910e+00  -2.5037413e-01  -1.2713216e+00
   2.0000000e+00   6.6315257e-01   1.3464492e+00  -1.0329493e+00  -8.5817103e-01   1.0464899e+00   1.1368676e-02
   2.0000000e+00   2.0302530e+00   2.0366123e-01  -1.3319524e+00   2.1666044e-01   1.9887621e-01   2.1382763e+00
   2.0000000e+00   1.1044255e+00   7.4822981e-01   5.9243964e-01   3.9958091e-01   8.9399365e-01   7.0230549e-01
   2.0000000e+00   9.5392602e-02  -1.3011758e+00   1.8681672e-01   2.1517194e+00  -2.7018122e-02   7.3558673e-01
   2.0000000e+00  -9.5255614e-01   2.6311456e-01  -7.6157987e-01  -7.2683258e-01   2.4759568e-01   5.1932255e-02
   2.0000000e+00   1.1971751e+00   6.5866116e-01  -7.3379347e-01  -5.6361341e-01   1.5183140e+00   4.4134524e-01
   2.0000000e+00   2.7664603e+00   2.8225695e-01  -1.6742461e+00   4.8885001e-01  -1.9958611e+00  -8.5048652e-01
   2.0000000e+00   6.1497758e-01   1.0681038e-01   1.5133453e-01   1.7352888e+00  -1.8350099e-02   3.7333098e-01
   2.0000000e+00  -1.9398767e+00  -9.2140102e-01   2.6066149e-01  -8.4636506e-01  -4.2014038e-01   1.6926791e+00
   2.0000000e+00  -2.2275813e-01  -2.8976676e+00  -1.3532191e+00  -4.3566953e-01  -2.9197657e-03   1.2421162e+00
   2.0000000e+00   7.7797215e-01   5.3506726e-01  -1.4913493e-01   1.0767701e+00   7.4194444e-01   5.7955992e-01
   2.0000000e+00   5.3831580e-01  -6.6401864e-01  -4.4781326e-02  -5.4291940e-01  -4.8615399e-01  -1.3736267e+00
   2.0000000e+00   9.6208495e-01  -1.6412828e+00   9.3906551e-01   3.0121438e-01   1.4838973e+00   4.7972893e-01
   2.0000000e+00  -3.7791835e-01  -7.2556737e-01   1.8249939e-01  -3.5500580e-01   9.8991131e-02   1.0213064e+00
   2.0000000e+00   8.8812686e-01   5.0394232e-02  -9.3958427e-01  -3.1311208e-01   1.0991629e+00   3.3323662e-01
   2.0000000e+00   2.4290082e-01   7.2445323e-01   2.0515135e+00  -9.1914734e-01  -1.4969586e-01   5.9385197e-01
   2.0000000e+00   2.0843647e-01  -5.8739050e-01  -2.6662652e-02  -2.2490198e+00   1.7080693e+00   5.0916330e-01
   2.0000000e+00  -9.2610905e-01  -1.3588343e+00   8.7474071e-01   7.2206073e-01   2.8696570e-01  -6.0477364e-02
   1.0000000e+00  -2.1989156e-01   5.7392176e-01   1.7735488e+00   9.5078970e-01  -2.3983716e-01   3.6320845e-01
   2.0000000e+00   2.3194629e+00  -1.6295774e+00  -5.6783582e-01   6.8005885e-01   6.8248415e-01  -9.1617515e-02
   2.0000000e+00  -4.1805637e-01   7.3401775e-01   1.3527973e+00  -1.1772331e-01  -1.1029492e-01   5.1015852e-01
   2.0000000e+00   5.0310825e-01   6.1517082e-03  -9.2916629e-01  -1.3284042e+00  -1.1443643e+00  -1.2252903e+00
   2.0000000e+00   4.4879753e-01  -3.7187367e-01  -3.5551446e-01  -1.9789719e+00  -9.3979210e-03   1.0521069e+00
   2.0000000e+00   1.0058491e+00  -1.8070372e-01  -5.0250539e-01   1.6011589e+00  -1.1194459e+00   1.0283894e-01
   2.0000000e+00  -1.0264568e+00  -5.1620899e-01  -3.0242930e-01   4.5076750e-01   8.5302184e-01  -1.7230057e+00
   1.0000000e+00   8.9133810e-02   1.1649568e+00  -6.0259659e-01   5.3030513e-01  -2.3144430e-01  -8.4074480e-02
   1.0000000e+00  -2.0902583e-01  -6.2151680e-01  -1.1779900e+00   1.3140837e-01   1.8625362e-01   5.8670717e-01
   2.0000000e+00   1.9043392e+00   1.7287992e+00   1.3247818e-01  -8.9194570e-02  -4.9662590e-01   7.6334191e-02
   2.0000000e+00   9.6137456e-01   1.2890868e+00   9.4449915e-01   4.9158215e-01  -9.3473942e-01   1.6447145e+00
   1.0000000e+00   2.8549975e-01   7.1086316e-02   8.6352986e-01   6.6144967e-01   5.5365832e-01  -1.0866801e+00
   2.0000000e+00  -1.0163122e+00   1.1484673e+00  -6.1985829e-01  -2.2399796e-01  -1.4552131e+00   1.6398034e-01
   2.0000000e+00   6.5481942e-01   3.1597138e-01  -7.5405588e-01  -9.3744348e-01  -1.1527977e-01   1.2397109e-01
   2.0000000e+00  -3.1539296e+00   5.1923237e-01   7.7124898e-01  -6.9925418e-01   6.6422626e-01  -5.7781399e-01
   2.0000000e+00  -2.1557342e+00  -4.0682036e-01   3.6383027e-01  -7.4944504e-01   2.3303853e+00  -5.8394323e-01
   2.0000000e+00   1.4058385e+00  -5.6217372e-01  -3.9323856e-01  -1.2214540e+00  -6.7219222e-01  -3.5737160e-01
   2.0000000e+00   9.3150959e-01  -2.1394087e+00  -7.1087342e-01  -2.8584996e-01  -2.2423814e-01  -5.0944293e-01
   2.0000000e+00  -1.1385294e+00   1.0099645e+00  -2.0074362e+00   1.0631706e+00  -1.6385158e+00   1.0991969e+00
   2.0000000e+00   4.4843899e-02   4.4806588e-01  -6.1917998e-01  -2.5394040e-01  -9.5298147e-01   2.3907432e-01
   1.0000000e+00  -8.5963823e-01   1.5706562e+00   1.6468470e-01   1.9031219e-01   4.8548586e-01  -1.0927101e+00
   2.0000000e+00   1.1735308e+00   1.3992010e+00   3.6310864e+00   1.0930046e-01  -4.6225209e-01  -8.9365713e-01
   1.0000000e+00  -1.0713982e-01   7.5717230e-01   9.2811497e-01   1.8417870e-01  -4.6278253e-01  -6.4161064e-01
   2.0000000e+00  -3.9755593e-01  -1.1520839e+00  -9.5216107e-01  -2.8245477e-01   1.4935845e+00  -1.7649115e-01
   2.0000000e+00   4.0550916e-01   9.7768615e-01   1.9876333e-01  -5.9035972e-02   6.7561555e-01   4.6157205e-01
   2.0000000e+00  -6.9695818e-01   9.4673083e-01   6.4037279e-01   1.2926446e+00   7.2344606e-01   7.6850288e-01
   2.0000000e+00   2.6543535e-01   4.2879378e-01  -1.1406347e+00   1.1651101e+00   9.4934324e-01  -1.4982624e-01
   2.0000000e+00   1.8004236e-01   2.1056526e-02   3.6428194e-01   2.4002839e+00  -1.4683087e+00   1.1743267e-01
   2.0000000e+00  -4.5039795e-01  -1.7796222e+00  -2.6167278e-01  -2.0704472e+00   8.9454514e-01  -8.5017078e-01
   1.0000000e+00  -5.0781975e-01   5.5444462e-01   1.4321191e+00   2.1173322e-01   9.7879117e-01   1.7406222e+00
   2.0000000e+00  -5.1824333e-01  -5.5066001e-01   6.7813147e-01  -9.0786967e-01   1.1173019e-01   2.9981500e-01
   2.0000000e+00   7.6266582e-01   9.6796654e-01  -2.1280193e-01  -1.3666150e+00  -7.9605768e-01   3.1600069e-01
   2.0000000e+00  -2.0533774e-01  -1.0743703e+00   1.1584417e+00  -5.9344997e-01  -2.1676246e+00  -1.4015312e+00
   2.0000000e+00  -4.6947165e-01   1.4527390e+00  -5.6194362e-01  -1.1165298e+00  -2.0089712e-01  -1.3943895e+00
   2.0000000e+00  -7.6179835e-02  -9.4964649e-01   9.4589026e-01  -1.6431444e+00   4.3798487e-01  -2.7395151e-01
   2.0000000e+00   3.6162152e-01   4.8728070e-01   3.8548551e-01  -9.1542148e-01  -8.8434510e-01  -1.3991720e+00
   1.0000000e+00   1.4132793e-01   1.3892245e+00  -2.8367156e-01   6.9463750e-01   5.0560060e-02  -1.0608517e+00
   2.0000000e+00   1.4810649e+00  -9.1202165e-01   3.6460517e-01   8.4687079e-01  -2.3303063e-01  -1.6371051e-01
   2.0000000e+00   7.2006340e-01   9.8647713e-01  -4.1757931e-01  -7.6418074e-01  -1.9365769e+00  -2.5509602e-01
   2.0000000e+00   1.1033767e+00  -8.8864420e-02  -8.2482362e-01  -2.4023990e+00  -9.0759740e-01  -9.5861128e-01
   2.0000000e+00  -1.5628748e+00   1.4900117e+00  -8.8100331e-01   1.8029855e-01  -8.2876530e-02  -3.3644230e-01
   2.0000000e+00  -8.7440875e-01  -7.4411564e-01   1.1118930e+00  -2.2836413e-01  -9.1307068e-01  -1.0579740e+00
   2.0000000e+00  -3.1494497e+00  -1.2110868e+00   6.5217776e-01   1.2432404e-01  -1.1791060e+00   5.2659194e-01
   2.0000000e+00   1.0680783e+00  -3.3210103e-02   5.6876050e-01   9.9947702e-02   1.0795101e+00  -1.0601583e+00
   2.0000000e+00   5.4546949e-01   4.6265313e-01  -1.5211718e+00  -5.6744132e-02  -2.1857868e-01  -6.0666142e-01
   2.0000000e+00  -6.6244198e-01   5.8724947e-01   1.0034796e+00  -1.3127491e+00  -7.4544898e-01  -1.2429536e-02
   2.0000000e+00   2.0428952e-01   4.5180148e-01  -4.0409007e-01  -1.1879857e+00   1.2458054e+00  -3.8331939e-01
   2.0000000e+00  -1.3279305e+00  -1.4672796e+00   1.1828329e+00   2.4882463e-01  -3.4406445e-01  -1.0749889e-01
   2.0000000e+00   4.8327392e-01   2.2015862e+00   1.6572319e+00  -1.6884916e+00   3.1503933e+00  -7.8546354e-01
   2.0000000e+00  -1.7482263e-01   4.5931039e-01   3.5274604e-01   1.3343581e+00  -7.9048119e-02   3.5743272e-01
   2.0000000e+00  -9.7319363e-02  -1.0084921e+00  -3.8592304e-01  -3.4583156e-01   1.8937173e+00  -1.3071110e+00
   1.0000000e+00  -3.5843373e-01   4.7120700e-01  -1.2186463e+00   7.6889795e-01  -8.2725171e-01  -8.6374038e-01
   2.0000000e+00  -5.5286756e-01  -7.5482755e-02   7.0995164e-01  -1.4288757e-01  -2.5871619e-01   5.8661099e-01
   2.0000000e+00  -5.2843166e-01  -2.2958850e+00  -2.5779434e+00  -2.2152661e+00  -5.2967020e-01   6.7073223e-01
   1.0000000e+00  -1.2716984e-01  -1.2264570e+00   7.3233961e-01   6.3904355e-01   9.9647542e-01  -1.5998535e-01
   2.0000000e+00  -1.0760859e+00   6.1576871e-01  -1.5227261e+00  -3.9105776e-02   1.5069816e+00  -1.1743949e+00
   2.0000000e+00   4.3677529e-01   1.6349306e+00  -1.7970722e+00   1.3290722e+00   2.6120381e-01  -2.8688051e+00
   2.0000000e+00  -9.1572960e-01   1.3775095e+00   2.0660904e-01   4.1062731e-01   1.4586310e+00  -6.5746594e-01
   2.0000000e+00  -9.1595915e-01   9.1817491e-02   2.3641147e+00   9.1788956e-01  -4.9266332e-01  -7.3891645e-01
   2.0000000e+00   9.5439594e-01   1.5237851e+00  -1.9581429e-01  -4.9454651e-01   2.3180065e+00   1.5618479e+00
   2.0000000e+00  -4.5429296e-01  -9.5748888e-01  -6.2086978e-02   1.1249184e+00  -7.6835513e-01  -2.6067409e+00
   1.0000000e+00   3.7016095e-01   1.1437942e+00  -7.1814431e-01   4.2969959e-01  -2.7220166e+00   9.2711849e-01
   2.0000000e+00   1.0564406e+00   1.1735436e+00  -2.0987671e-01   5.8994400e-01   1.6782424e+00   3.8736260e-01
   2.0000000e+00   7.7116409e-01  -1.6304763e+00   1.4881129e+00  -9.8197226e-01  -2.0095178e-01   3.7103139e-01
   1.0000000e+00   5.7017915e-01   3.5470397e-01  -4.7581436e-02   4.1813333e-02   2.4650730e-01  -1.2224773e-01
   2.0000000e+00   1.1184197e+00   4.7045566e-01   1.5835538e+00   4.6850209e-01   1.0592038e+00   1.3560143e+00
   2.0000000e+00  -3.6235535e-01   6.3793125e-01  -7.1288146e-01  -4.8669722e-01  -1.8117045e+00   2.9579212e-01
   1.0000000e+00   3.7701975e-01   2.2184584e-01   1.7646575e+00   1.6613710e-01  -4.4801342e-01   9.9071393e-01
   2.0000000e+00   1.0286793e+00   4.3018656e-01  -1.1032518e-01  -5.8627154e-01   3.8406983e-01  -3.2039450e-01
   2.0000000e+00   7.8989162e-01  -5.8825336e-01   1.3766016e+00  -5.4120631e-01   1.3643326e+00  -1.5909051e+00
   2.0000000e+00   1.7528355e-01  -2.8973153e-01   1.0394613e-01  -8.3054496e-01  -7.4895108e-01   1.2434017e+00
   2.0000000e+00  -9.5991668e-01  -2.2677550e-01   6.0085281e-01  -1.0214137e+00   6.1459226e-01  -1.6726526e-01
   2.0000000e+00   1.2785571e+00  -7.0189845e-01  -1.2727285e+00  -6.3426639e-01   7.1668806e-01   1.4391341e+00
   2.0000000e+00   1.2460504e+00   3.4482165e-01   1.5693427e+00  -1.5731621e-01   7.8837428e-01  -1.6740187e-01
   2.0000000e+00   2.9276714e-01   1.5810917e+00   1.3633822e+00   1.1735073e+00   2.9120654e-01  -7.4321754e-01
   2.0000000e+00  -4.1188497e-01   1.9914211e-01   3.7787711e-01  -2.6437380e-01   9.5304577e-02   1.2630572e+00
   1.0000000e+00  -3.8648050e-01   2.3893681e+00  -1.8348997e+00   1.0271748e-01  -3.4517028e-01  -1.4371973e+00
   2.0000000e+00  -1.1227869e+00   2.2400981e+00  -8.7314343e-02  -4.6375846e-01   5.4993418e-01  -5.3222853e-01
   2.0000000e+00  -2.7275525e+00  -5.3968413e-01  -9.7569007e-01  -1.3241448e+00  -7.0948049e-01   3.5458507e-01
   2.0000000e+00  -8.2441893e-01   4.1302832e-01  -5.6914781e-02  -1.2692654e+00   1.8450469e+00   1.0190696e+00
   2.0000000e+00  -1.1912501e-01  -9.2916281e-01   3.2374408e-01  -2.9174455e+00   1.7193250e+00  -3.1505505e-01
   2.0000000e+00   1.7255269e+00   2.2087703e-01  -7.3225409e-01  -1.7386717e-01   6.4441740e-01   1.3410527e-01
   2.0000000e+00   1.3395273e+00  -1.7592520e-01  -8.3830930e-01   3.9394784e-01   7.1633648e-01  -1.8176372e+00
   2.0000000e+00   9.4535064e-01   4.5500493e-01   7.2501638e-01  -5.4550482e-01  -9.1101632e-01   4.5411202e-01
   2.0000000e+00   9.9189567e-02   1.3283238e+00   9.9129934e-02  -5.8045514e-01  -9.8880121e-01  -1.7070837e+00
   2.0000000e+00  -1.1242565e+00  -4.3979920e-01   4.2560262e-01   3.2068096e-01   2.1856052e+00   1.1155742e+00
   2.0000000e+00  -9.6005289e-01   2.9627245e-01   1.8673994e+00  -5.0182438e-02  -3.5391384e-02   1.5353153e-01
   2.0000000e+00   5.1480704e-01   6.9704569e-01   4.2082658e-01   1.2362855e+00   9.7363084e-01   1.1964375e+00
   1.0000000e+00  -3.7235117e-01  -2.1432523e-01   3.0731999e-01   7.0295189e-01  -7.8412114e-01   6.0763798e-02
   2.0000000e+00   5.8937656e-01  -6.3236220e-02  -3.5935459e-01   8.1187735e-01   5.8421829e-01  -3.1532603e-01
   2.0000000e+00   1.1253299e+00   1.8424101e+00   5.5130473e-01  -4.7205310e-01   4.1256768e-01   1.5993712e+00
   2.0000000e+00  -9.4393562e-01  -4.5929403e-01  -1.0164421e+00  -5.8491548e-01   1.4412367e+00   1.1078355e+00
   1.0000000e+00  -2.4578109e-01   1.5415046e+00   2.1604476e-01   9.0075158e-01  -2.6240738e-01   8.3988433e-01
   2.0000000e+00   6.6013481e-01   1.3473326e+00  -1.2912869e+00   8.3130795e-01  -1.5973808e-01   3.1671842e-01
   2.0000000e+00   1.6298857e+00   5.7747297e-01  -6.3785744e-01  -7.1727743e-01   1.5093272e+00   1.0220487e+00
   2.0000000e+00   1.3429325e+00  -8.1322239e-01   1.9253915e+00  -5.1381960e-01   7.1821051e-02   1.1217838e-01
   2.0000000e+00  -2.0341224e+00  -2.4007983e-01  -3.6958879e-01  -5.0470900e-01  -9.4110429e-02  -1.0722304e+00
   2.0000000e+00   2.1687614e+00   5.4069388e-01   1.4054907e+00  -1.4359804e+00  -7.0794516e-01  -7.2254225e-01
   2.0000000e+00  -2.2258463e-01   8.7439967e-01   3.6401425e-01  -1.0711508e-01  -1.5729343e-01  -4.5608919e-01
   2.0000000e+00  -1.1169543e+00  -6.3302228e-01  -3.7838604e-01   8.1132077e-01  -1.6247083e+00  -5.9881855e-01
   2.0000000e+00  -1.1795541e+00   1.6075275e-01   3.0907489e-01  -2.8244345e-01  -4.0592884e-01   6.8721624e-01
   2.0000000e+00   2.1033950e+00   4.0684861e-01  -1.5879531e+00  -5.1258909e-01  -7.1025810e-01   1.7330243e-01
   2.0000000e+00   2.6670661e-01  -3.6084542e-01  -1.1785214e+00  -3.6166014e-01   1.0416580e+00  -1.0499448e+00
   2.0000000e+00  -5.4581638e-01  -5.1870675e-01  -1.2379433e+00  -2.3332193e-01  -2.7958042e-01  -1.3346575e+00
   2.0000000e+00  -1.2460736e+00  -8.2279456e-01   5.7195297e-01   4.4374371e-01   1.8869323e-01   6.7407109e-02
   2.0000000e+00  -7.0505761e-01   3.9081465e-01   2.8738132e-01  -2.1837285e-01  -5.3634695e-01  -5.6155999e-01
   2.0000000e+00   1.3547876e+00   6.1320792e-01   5.1500584e-01  -1.4825197e+00  -2.1771210e-01   5.6630228e-01
   2.0000000e+00  -1.6804588e+00   2.6190642e+00   2.9044922e-01  -9.6471342e-01  -1.6018886e-01   1.9530255e+00
   2.0000000e+00   3.5762723e+00   4.4956139e-01   1.4182176e-01   2.9197360e-01  -3.1051342e-01   3.1800644e-01
   1.0000000e+00  -4.5680035e-01  -6.2466496e-01   1.4354023e+00   6.6707655e-01  -2.6275094e+00   6.2544651e-02
   2.0000000e+00   1.2409984e+00  -1.1591058e+00  -8.5448301e-01  -1.2443572e+00  -8.3863338e-01  -6.7824550e-01
   2.0000000e+00  -1.1335064e+00  -3.2956495e-01   8.5642107e-01  -1.0085101e-01  -3.3248386e-01  -1.5669219e+00
   2.0000000e+00   9.9333762e-01   2.8743902e-01  -1.3885050e+00   4.2934593e-01   1.3913768e+00   1.3442563e-01
   2.0000000e+00   1.1987534e+00  -3.2610841e-01  -6.2163713e-01  -4.0152814e-01   6.4959706e-01  -7.2294656e-01
   2.0000000e+00  -1.7254451e-01   4.4885761e-01  -1.0718670e+00  -9.5443301e-01   9.5748155e-01   1.4786468e-01
   2.0000000e+00  -6.6925444e-01   1.0500775e+00   1.5904310e+00   1.1792328e+00  -1.1060248e+00  -5.1322866e-01
   2.0000000e+00   1.5330574e+00  -1.0285228e+00  -7.0103075e-01  -1.9921184e+00  -1.6986173e-01  -1.2367441e+00
   2.0000000e+00  -5.7105097e-01  -4.7689521e-01  -1.2843011e+00   2.0266595e-01  -1.3465949e-01   2.4140732e+00
   2.0000000e+00  -2.5984048e+00  -2.4542649e-01  -7.7695064e-01   2.6639694e-01   4.9288588e-01   1.9278250e-01
   2.0000000e+00  -1.1539882e-01   9.9281384e-01   5.7295638e-01  -6.9988813e-01   1.0000095e+00   1.1018401e+00
   2.0000000e+00   1.0209285e+00   8.5048388e-02  -1.1619081e+00   1.8205876e-01  -1.2094564e+00  -1.4314571e+00
   2.0000000e+00  -5.1251668e-01   1.1136623e-01  -1.8928967e+00  -1.0020011e+00   9.0488405e-01  -1.4156132e+00
   1.0000000e+00  -8.7156818e-01   1.7007320e+00   2.0213530e+00   9.4476780e-02   3.2985319e-01  -7.0489715e-01
   2.0000000e+00  -1.4936789e+00   7.3953586e-02   1.7958233e+00   1.1291226e+00  -7.0808891e-01   8.3222042e-01
   2.0000000e+00  -3.9146368e-01  -2.4240180e-01   9.5231138e-01  -7.7153312e-01   7.0343506e-01   1.1341390e+00
   1.0000000e+00  -5.9737865e-01   4.8473820e-01  -8.9845960e-01   5.4956049e-02  -1.7150971e-01  -1.1092951e+00
   2.0000000e+00  -2.5288357e+00  -7.6907343e-01  -3.2942023e-01   1.0766189e+00  -3.6604207e-01   4.1423781e-01
   1.0000000e+00  -4.4137079e-01  -3.5377619e-01  -1.4102275e+00   6.5728740e-01  -2.4584075e+00  -1.2072619e+00
   2.0000000e+00   9.6995588e-01   5.8728798e-02   1.1014815e+00  -1.8641117e+00  -1.1846416e+00   1.5487045e-01
   2.0000000e+00  -1.3668355e+00   5.0975161e-02  -5.9238880e-01  -1.4562136e+00  -1.3859386e+00   1.8217782e+00
   1.0000000e+00   8.3748732e-01   3.1102804e-01  -1.4966928e+00   5.4469677e-01   2.7737592e-03   3.6234924e-01
   2.0000000e+00  -8.6585181e-01   5.1709757e-01   1.3053811e+00   1.2724878e+00   1.1646036e-01   9.3680346e-01
   2.0000000e+00  -1.5881527e-01  -1.0765599e+00  -1.7320314e+00   1.3066879e+00   9.0940495e-01  -2.7138848e-01
   2.0000000e+00   3.0060629e-01   2.9947610e-01   5.8154660e-01  -1.0057695e+00  -2.1108442e-01   1.0245964e+00
   2.0000000e+00  -9.1605399e-02   4.7518603e-01   1.7078557e+00  -1.4460704e-01  -9.7628417e-01  -4.1555724e-01
   2.0000000e+00  -7.7287875e-01  -5.5429108e-01   1.6762348e-01   1.2739824e+00   5.3661426e-01   1.0694829e+00
   2.0000000e+00   1.4419148e+00   9.6760648e-01  -8.9706325e-02  -5.2074129e-01   8.2708126e-01   9.9096535e-01
   2.0000000e+00  -2.4434682e-01   3.8811505e-01  -6.1848245e-01  -2.6395706e-01  -1.5311676e+00   1.5155613e+00
   2.0000000e+00  -3.7066838e-01   1.1157392e+00  -2.6757520e-01  -1.6528609e+00  -4.8219208e-01   5.5287794e-01
   2.0000000e+00  -2.1748499e+00  -6.9113795e-01   7.0030802e-01   1.8858493e-01  -1.8144885e-01   5.2917538e-01
   2.0000000e+00  -9.2664520e-01  -5.6128549e-01  -3.9248042e-01  -5.9603855e-01   1.1917808e+00  -3.5513448e-01
   2.0000000e+00  -1.6758256e-01  -2.3647361e-01  -7.0696491e-01  -5.9524207e-01   1.3018185e+00   6.5226153e-01
   2.0000000e+00  -1.0829429e+00   1.5256766e+00  -2.0677647e+00   3.1992288e-01  -9.2048769e-01  -5.3331802e-01
   1.0000000e+00  -7.0960240e-02   1.4093887e+00   1.0888382e+00   4.1525937e-01   5.1891094e-01  -8.7209349e-01
   2.0000000e+00   1.1471834e+00   1.5358693e+00  -1.0968235e+00  -1.6755255e+00   2.5975411e-01   1.0370658e+00
   2.0000000e+00  -3.1504329e-01   2.7483484e-01   6.4562196e-01   1.3882280e+00   7.5651921e-01  -9.7178288e-01
   2.0000000e+00  -7.7022339e-01   1.1320290e+00  -7.3838861e-01  -1.1402926e+00   1.4898383e-01  -2.4249614e-01
   1.0000000e+00   4.6327445e-01  -2.9188458e-01   1.3689573e-01   7.5851984e-01  -2.3011715e+00   6.9381738e-01
   2.0000000e+00   5.0255413e-01   3.1679393e-01  -1.7155219e-01   2.3202521e+00   5.9068738e-01  -1.0806225e-02
   1.0000000e+00   4.6356506e-01  -6.3814050e-01  -6.7548381e-04   3.0934450e-01   2.3730403e-01  -4.6785724e-01
   2.0000000e+00   8.5528662e-01  -2.2448680e-01   3.2359753e-01   7.6815410e-01  -1.0642137e+00   2.4832357e-01
   2.0000000e+00   2.1273028e+00  -1.8054185e+00  -1.2226592e+00  -4.4134594e-01  -3.8703980e-01   3.4772852e-01
   1.0000000e+00  -5.2344009e-01  -1.1247478e+00  -8.4675250e-02   6.7050853e-01   9.5558759e-01   9.8311923e-01
   2.0000000e+00  -1.6898868e+00   2.4136503e-01  -1.0369643e-01  -1.6455519e+00  -3.5355874e-01  -1.0667062e-01
   2.0000000e+00  -1.6949176e+00  -2.4178487e-01  -1.7881704e-01  -1.1583499e+00  -1.6423408e+00  -5.2465687e-01
   2.0000000e+00   1.8737756e-01   3.1198299e-01   1.4018545e+00   1.8902032e+00   1.1385476e+00   1.4968813e-01
   2.0000000e+00  -1.2358880e+00   7.8295395e-01  -7.2917256e-01  -1.4606737e+00   5.0053280e-03  -5.4848575e-01
   2.0000000e+00   5.3418516e-01   4.6169200e-01   2.5818491e-01  -2.8713078e-01   1.3236175e+00   2.5044375e-01
   1.0000000e+00  -5.7452328e-01   1.9802861e-01   4.3768122e-01   8.3859496e-02   5.5258852e-01   1.7516020e+00
   2.0000000e+00  -5.2231616e-02  -8.0599078e-01  -7.2308901e-01  -1.5675226e+00  -4.1340494e-01   3.4630937e-01
   2.0000000e+00   6.1869967e-03  -9.9894582e-01  -1.9684641e-01  -4.5883191e-01   5.1463917e-01  -3.9680748e-01
   2.0000000e+00   1.2069481e+00  -6.6778081e-01  -8.3306531e-01   1.8621972e-01  -1.1046711e-01   9.7673832e-01
   2.0000000e+00  -2.2773031e+00  -1.3511791e+00  -1.5451503e+00   5.3488010e-01   9.5227968e-01   7.1160310e-01
   2.0000000e+00  -2.2958470e-01  -1.3414349e+00   8.1687367e-01   1.6498625e+00  -1.3138631e+00  -3.0273104e-01
   2.0000000e+00  -7.6729616e-02  -9.6060452e-01  -2.3203093e-01  -1.6760210e+00   5.4416818e-01   2.4533795e-01
   2.0000000e+00  -1.6913476e+00  -3.7519455e-01  -1.3304191e+00  -5.7392395e-01  -7.3457686e-01   4.9166382e-01
   1.0000000e+00  -4.4258867e-01   8.1689729e-01   1.4977820e+00   3.3518361e-01   2.3638693e+00   1.3281583e+00
   2.0000000e+00   1.5176633e+00   1.1209236e+00   1.8242637e+00  -3.5785740e-01   2.2438685e+00   8.6253753e-01
   1.0000000e+00  -8.8728232e-02  -5.0113267e-01   6.9541880e-02   5.8088359e-01  -1.1297434e+00  -4.4793133e-01
   2.0000000e+00   1.2173802e+00  -2.3825509e+00  -2.5859161e+00  -7.4873419e-01  -1.1223563e+00  -5.9794724e-01
   2.0000000e+00  -4.8310713e-01  -1.4693407e+00  -1.3858966e+00  -1.8129037e+00  -8.0297406e-01  -1.6122052e+00
   1.0000000e+00   8.2694525e-01   3.7836578e-01  -5.5221184e-02   6.8938951e-02  -3.3018418e-01   1.2683916e+00
   2.0000000e+00   9.7242690e-01   1.2834044e+00  -1.7016488e+00  -1.0038545e+00  -2.4151475e+00   1.0560637e-02
   2.0000000e+00  -6.6740927e-01  -1.4054802e+00  -1.9470492e+00  -1.6285331e-01   1.2194247e+00   1.1100924e+00
   1.0000000e+00  -1.8365165e-02  -3.1584062e-01   1.0388542e+00   8.2118780e-01  -4.5358948e-01   4.3087841e-01
   2.0000000e+00  -1.9015311e-01   2.4740564e+00   1.9057275e+00  -1.1721517e+00  -7.2357048e-01  -1.5866262e+00
   2.0000000e+00  -1.8957862e+00  -6.6932436e-01   9.7047123e-01   1.8726920e+00   6.8389327e-01   3.7361748e-02
   1.0000000e+00  -2.6196939e-01  -4.8225938e-01  -9.7452021e-01   4.8798630e-01  -3.2056028e-01  -2.1211168e-01
   2.0000000e+00   3.9634740e-01  -1.1543323e+00   1.6290194e+00  -9.7225577e-01  -2.3717267e+00  -1.1495568e+00
   2.0000000e+00  -9.7329576e-01  -4.5869152e-01   1.4250104e-01  -1.3898423e+00  -1.5217234e+00  -8.3909366e-01
   2.0000000e+00   2.2244250e-01   1.1596745e+00  -1.2162070e+00  -6.4278491e-01   2.1954279e+00   8.2993071e-02
   2.0000000e+00  -9.4883738e-01   2.0019651e+00   7.4091061e-01   3.2959323e-01  -1.2218846e+00   6.3072277e-01
   2.0000000e+00  -1.5778803e+00  -8.6015076e-01  -7.7161087e-01   2.6197061e-02  -7.4834939e-03  -1.7687361e-01
   2.0000000e+00   7.3674682e-01   1.7906690e+00  -1.5449587e+00  -1.5293602e+00   5.5640250e-01  -7.5385084e-01
   2.0000000e+00  -9.1680867e-01  -1.6752553e+00   7.8951889e-01  -4.4886545e-01   1.9454265e+00   5.0852987e-01
   2.0000000e+00  -2.1664913e+00   3.7269935e-02   7.2835662e-01  -5.7145294e-01  -8.0126742e-01   5.9632735e-01
   2.0000000e+00   7.0625367e-01  -3.7467934e-01  -1.5607285e+00   8.6400048e-01   6.0810065e-01   5.7687226e-01
   2.0000000e+00  -1.3215120e-01   2.6506680e-01   1.3437645e+00  -1.7266688e-01  -9.3518309e-01  -8.4035455e-01
   1.0000000e+00   1.9518438e-01   9.5047504e-01   3.2227630e-03   1.3309139e-01   1.5965755e+00  -3.3841568e-01
   2.0000000e+00   1.5485129e+00   3.1145002e-01  -5.3233107e-01   1.1133954e+00   2.9100302e-01   6.3788531e-01
   2.0000000e+00  -1.5616690e+00  -8.9057767e-01   2.5541378e-01   1.1930422e+00   3.7904872e-01   1.0671966e+00
   1.0000000e+00   2.7587942e-01   5.8245200e-02   1.7661125e+00   7.0686086e-02  -9.4416379e-01  -8.7798970e-01
   2.0000000e+00   8.2062983e-01  -1.4548878e+00  -4.7605202e-01   1.5142908e+00  -1.3694704e+00  -1.0103541e+00
   2.0000000e+00   1.1872702e+00   4.2403169e-01  -5.1017986e-02   1.0502899e+00   3.2331856e-01  -1.0041664e+00
   2.0000000e+00  -8.1667402e-01   2.8319590e-01   7.5877004e-01   1.6522038e+00   1.9744804e+00   3.4820052e-01
   2.0000000e+00  -2.5850457e-01  -7.1534100e-01   1.2945604e-03   1.2042491e+00  -1.6163928e+00   7.0184600e-02
   2.0000000e+00   4.2361861e-01  -2.1915224e-01   1.2690172e+00   1.8017933e+00   5.5272364e-01   3.0355508e-01
   2.0000000e+00  -7.5032825e-01  -1.6931793e+00   1.3565916e-01   1.2320888e+00   8.7614844e-01   5.2390530e-01
   2.0000000e+00   7.5163593e-01   1.8872050e-01  -4.9560683e-01  -7.7714593e-01   9.3821025e-02  -8.2798473e-01
   2.0000000e+00  -4.0448135e-01   4.8644769e-01   4.2638732e-02  -1.3290277e-01   3.3912131e-01  -4.0408805e-01
   2.0000000e+00  -1.2204952e-01   2.4819702e-01   2.4509261e-01   1.0736922e+00   4.9212139e-02   8.3971040e-01
   2.0000000e+00   8.7331943e-01   1.7495497e+00   2.3466122e-01   8.2300466e-01   9.8840841e-01   2.8887153e-01
   1.0000000e+00  -6.4760186e-01   2.3056066e+00  -2.0041869e-01   2.1160429e-03  -5.7315719e-01  -4.3014419e-01
   2.0000000e+00  -1.3356258e+00   2.1567602e+00   1.0237193e-01  -2.0129865e-01   2.0116699e+00  -5.0627997e-01
   2.0000000e+00  -1.2676002e-01   1.8766890e+00   1.9029741e-01  -1.4214306e+00  -1.3316227e+00   5.9684422e-01
   2.0000000e+00   1.2909289e+00  -3.0677234e-01  -1.1924768e+00   2.0910385e+00   7.1235428e-01   7.4102142e-01
   2.0000000e+00  -8.2142133e-02  -7.6824178e-01  -1.3273028e-04  -6.9952494e-01  -1.5714611e+00   2.8685970e+00
   2.0000000e+00   1.5206609e-01   9.3926137e-01   8.4921180e-02  -3.2299797e-02   6.4291442e-01  -1.5873607e-01
   2.0000000e+00  -1.7464944e+00   4.6698944e-01   9.0960576e-01   1.6303342e+00  -1.5858901e+00  -9.9076863e-01
   2.0000000e+00   1.4153576e+00  -4.0547314e-01   3.9258689e-01   5.8625761e-01   3.6480570e-01   6.8982173e-01
