   2.0000000e+00  -1.8307429e+00  -4.4814338e-02  -4.6764883e-01   7.2159240e-01  -7.2218435e-01   8.9447345e-01
   1.0000000e+00  -2.7197053e-01  -2.8825480e-01   7.8421736e-02   5.5251383e-01   3.0048031e-01  -1.6170232e+00
   2.0000000e+00  -9.3158245e-02   2.0339017e+00   2.9879508e-03   9.0679116e-01   3.0374132e+00   3.3459902e-01
   2.0000000e+00  -4.2854794e-01  -2.7899597e-01   1.8328620e+00   2.9543267e-01  -7.4470867e-01   5.1628023e-01
   1.0000000e+00   2.7615237e+00  -3.8467482e-01   3.9709533e-01   2.1385843e+00  -3.6961405e-01  -1.8823431e+00
   2.0000000e+00  -2.5097299e-02  -1.0021873e+00   8.9857622e-01   3.4873397e-01   6.9380761e-01  -2.5250268e-01
   2.0000000e+00  -4.9717307e-01  -6.0553046e-01   1.3898565e+00  -2.4218872e-01   9.7969721e-01  -1.1989935e+00
   2.0000000e+00   1.8079975e+00   1.5610411e+00  -1.2774395e+00  -1.1270997e+00   2.3174582e+00   5.2320660e-01
   2.0000000e+00  -6.1520375e-02  -3.9457047e-01   1.0835852e+00   9.7906706e-01  -2.1292182e-01   2.4780864e-01
   1.0000000e+00   9.6858863e-01   1.0626836e+00   4.1313592e-01  -4.3459894e-01  -5.1165299e-02   1.6140370e-03
   1.0000000e+00   1.5708092e-01  -9.7683375e-01   7.4254620e-01  -5.2750311e-01  -3.2234388e-02  -3.6069018e-01
   2.0000000e+00  -9.2005066e-01  -2.3734559e-01  -6.1165985e-01   1.9428997e-01  -3.0663954e-01  -7.1500831e-01
   2.0000000e+00   1.5317257e+00  -1.0146101e+00   8.9560937e-01  -9.7041407e-02   9.9159700e-01  -8.9915517e-01
   2.0000000e+00  -2.1792810e-01  -6.2327543e-02   1.2152841e+00   1.1603331e-01  -3.4659857e-01  -1.6673589e-01
   1.0000000e+00   3.7592123e-01  -8.7761817e-01   2.7774924e-01  -1.9293388e-01  -3.4426937e-01  -6.9978015e-01
   1.0000000e+00  -1.7098623e+00  -2.0495099e-01   9.0601654e-01   4.2597823e-01   2.0939594e-02  -2.1810180e+00
   2.0000000e+00   1.7434804e+00  -4.4302248e-01  -9.4204033e-01   4.0215028e-01  -6.4248647e-01  -1.2614421e+00
   1.0000000e+00   5.8234645e-01   5.4866507e-01   5.4766120e-01   9.4159433e-01   8.0604920e-01  -5.6500954e-01
   1.0000000e+00   1.8426989e+00  -3.1970246e-01   5.8171281e-01   1.3237950e+00   5.3656409e-01  -1.3241320e+00
   2.0000000e+00  -1.6382991e-01  -1.5567314e+00  -2.2650717e+00  -1.5101516e-01  -8.5790361e-01   5.2092651e-01
   2.0000000e+00   2.3458199e-01  -4.4994510e-01   2.2415366e+00  -1.2781515e+00  -9.1222371e-01  -6.0193884e-01
   2.0000000e+00  -1.3467714e+00  -4.1481849e-01   9.9533134e-01   9.9399636e-01  -2.2747312e+00   6.0557236e-01
   2.0000000e+00  -3.4144052e-02  -3.4952789e-01  -9.9241899e-02  -8.8313596e-01   4.3604039e-01  -7.6036400e-01
   2.0000000e+00  -8.8371223e-01  -1.2211900e+00   2.5758238e-01   1.8771892e+00   1.2303999e+00  -2.3507430e-01
   2.0000000e+00  -2.6062791e-01   7.5954281e-01  -6.2266882e-01   2.0356065e+00   3.0890955e-01  -2.5342036e-01
   1.0000000e+00  -8.0905571e-01  -8.2597965e-01   7.7427512e-01  -9.5234573e-02   1.4685954e-01   4.3241933e-01
   2.0000000e+00   4.5009271e-02  -2.8146254e-01  -7.8903899e-01  -1.6192592e+00   1.1847890e-01  -2.6694799e-01
   2.0000000e+00   1.0132008e+00  -4.6874903e-01  -5.8545384e-01   4.8752705e-01   7.6094597e-01   9.9382972e-01
   2.0000000e+00   9.1581754e-01   1.0972041e+00  -3.3994376e-01   7.1618892e-01  -1.5204743e+00  -2.5432043e+00
   2.0000000e+00  -1.0383680e+00   2.0770699e-01  -1.9612033e+00   5.7688504e-01  -8.7752092e-01   4.9016402e-01
   1.0000000e+00   3.4579942e-01  -8.1474206e-01   2.3052477e-01   1.3215380e-01   5.9825663e-01   1.9105789e+00
   2.0000000e+00  -3.5349662e+00   6.8557134e-01  -8.9963001e-01   8.1439967e-01   2.1533344e+00   2.8930886e-01
   2.0000000e+00  -2.8660901e-01   6.1311660e-01  -9.9616142e-01  -3.3283482e-01  -1.4439922e+00   3.1842102e-02
   1.0000000e+00   3.7751092e-01  -1.2438559e+00   4.7948735e-01   3.3457258e-03   4.0885910e-01  -1.4018044e-01
   2.0000000e+00   8.0749655e-02  -5.5860068e-01   9.3189247e-01   3.9300529e-01   4.6791857e-01   6.0779885e-01
   2.0000000e+00   1.9307538e+00   1.0458142e-01   1.1490310e+00  -4.4177494e-01   1.6599973e-01   1.9079934e-01
   2.0000000e+00   1.3402733e+00   1.2570304e+00  -5.8727684e-01   2.0865226e-01  -1.2728973e-01   8.7130143e-01
   2.0000000e+00   1.2071234e+00   1.0333071e+00   1.4312171e+00  -1.4270252e+00  -3.5681771e-01   1.1523991e+00
   2.0000000e+00  -4.4834916e-01  -5.1605926e-01  -2.2308239e-01  -1.3487535e+00   3.4002849e-01  -1.3645261e+00
   1.0000000e+00  -1.1619870e+00   9.7581745e-01   2.3262367e-01   3.1181717e-01   1.6810743e-01   5.7653859e-01
   2.0000000e+00   1.8829965e-01  -3.4830053e-01  -1.3125690e+00  -5.5905197e-01   4.0127917e-01  -9.5288590e-01
   2.0000000e+00   2.7162526e-01  -1.2573814e+00   2.4047545e+00  -1.2629842e+00  -8.8491807e-01  -3.3482688e-02
   2.0000000e+00  -2.9329492e-01   4.9424111e-01   2.4481751e+00  -8.5576829e-01  -1.4834936e+00  -3.9672516e-01
   2.0000000e+00   1.1623797e+00   5.4291384e-01  -7.1780197e-01  -6.7157342e-02  -1.1361743e+00   3.2230896e-01
   2.0000000e+00  -1.3894137e-01  -2.0209952e-01   7.9259474e-01   6.7191810e-01  -6.3592713e-01   1.9817369e+00
   2.0000000e+00   6.5927228e-01   8.7505029e-01  -2.4423811e+00  -5.5198515e-01   9.4906100e-02   2.9963167e-01
   1.0000000e+00   2.5874304e+00  -1.0370674e+00   2.0918471e-01  -1.0768425e+00  -9.1717714e-01  -1.0948473e+00
   1.0000000e+00  -4.7566303e-02  -3.0360513e-01   9.5042967e-01  -8.2359702e-01  -1.1127202e-01  -1.5742184e-01
   2.0000000e+00   2.5325540e-01   9.6399495e-01   7.3945459e-02  -3.1612958e-01   1.0233734e+00  -1.4849878e+00
   2.0000000e+00  -9.3910160e-01   1.0427457e-01  -4.7615405e-02  -4.0447407e-01  -2.9285803e-01  -4.3535268e-01
   2.0000000e+00   3.7148641e-01   7.9036563e-01  -9.7032868e-01  -2.9230646e-01   4.6783155e-01  -6.8900940e-01
   2.0000000e+00  -2.8501110e-02   8.0041408e-01  -5.0665241e-01   5.2612566e-01  -1.9383248e-01   1.9856272e+00
   2.0000000e+00   5.9873205e-01  -1.8776222e+00  -5.2903821e-01  -5.1410755e-01   1.2394315e+00  -3.9853495e-01
   2.0000000e+00   5.8016890e-01   9.8129575e-01   1.7465336e-01   4.7541596e-01  -1.4676487e+00   3.7708425e-01
   2.0000000e+00  -8.0806597e-01   7.7083319e-01   2.8881673e+00  -5.7588660e-01   1.9158066e+00   1.0067759e+00
   2.0000000e+00  -2.2187204e-01  -7.9709244e-01  -1.1613030e+00  -1.6200261e+00   2.4969515e-01  -8.0845813e-01
   2.0000000e+00   5.3045929e-01  -8.8145444e-01  -1.9245874e+00   3.2314318e-01  -4.8896535e-01  -3.6207599e-01
   2.0000000e+00  -1.4343011e+00  -5.5135608e-01   7.7821236e-01  -1.9695130e+00  -7.6669049e-01  -1.8337641e+00
   2.0000000e+00   1.4217281e-01   5.4450635e-01  -1.3447295e-01   4.7682646e-01  -4.8980187e-02  -1.0642934e+00
   2.0000000e+00  -3.4868727e-01  -1.1015458e+00   1.6057269e+00   1.1336573e+00  -9.2466500e-01   5.0044819e-01
   1.0000000e+00  -1.7646083e-01  -7.7912034e-01   6.5009825e-01  -1.2135555e+00   5.5645689e-01   6.9235340e-01
   2.0000000e+00  -1.1131646e-01   9.7971338e-01  -9.7077849e-01  -5.4669183e-01  -5.1862428e-01  -3.6477220e-01
   2.0000000e+00  -1.6323338e+00  -1.1446968e+00  -1.3756251e+00   2.2868932e+00  -3.2110786e-02  -7.7251313e-01
   2.0000000e+00  -4.4493015e-01  -2.7945284e+00   7.2186437e-01   8.1802080e-01  -7.3117631e-01   1.7911567e-01
   2.0000000e+00   9.8039760e-01  -2.0233345e+00   9.8448661e-01  -3.4767890e-01   1.2486170e-01   1.5749855e-01
   2.0000000e+00  -1.8610746e+00  -2.6967029e-01  -6.5846315e-01   3.1026908e-02   2.4423318e-01  -1.8250241e-01
   1.0000000e+00   7.5081256e-01   6.2716699e-01   5.1037786e-01  -1.1591281e+00  -3.3535534e-01   8.1100797e-01
   2.0000000e+00   1.8281208e+00  -2.2600853e-01   8.9010971e-01  -7.3372136e-01   1.0927242e+00  -8.7460310e-01
   2.0000000e+00  -3.9947751e-01  -4.4183866e-01  -8.7920233e-01  -2.5100950e-01  -2.0727353e+00  -1.9638037e-01
   2.0000000e+00   6.8696166e-01  -2.5040964e-02  -3.5247443e-01   1.5064748e+00   1.0535337e+00   1.0022853e-01
   2.0000000e+00  -2.0724810e+00  -2.3142679e+00   7.5359573e-01  -1.7533186e+00   2.1238868e+00   2.4006517e+00
   1.0000000e+00   9.9098938e-01  -4.3493821e-01   4.3067761e-01  -1.6155109e+00   6.1503909e-02   1.2243289e+00
   2.0000000e+00  -1.5065607e+00  -7.0672599e-01  -8.7602903e-01  -5.0304017e-01   4.0351433e-01  -9.7430982e-04
   1.0000000e+00   3.1714829e-01   1.6287776e+00   6.2834786e-01   8.1209799e-01  -9.6031455e-03  -4.1572296e-01
   2.0000000e+00  -3.6929922e-01   4.6540322e-01   9.5527029e-01   2.2500757e+00  -1.1774436e+00  -1.1279036e+00
   1.0000000e+00  -2.4873915e-01   3.3388562e-01   8.0204818e-01  -9.3950935e-01   4.4184352e-01   3.2527673e-01
   2.0000000e+00   1.5256414e+00   8.1017695e-01  -1.3248397e+00   1.1475525e+00  -4.6423279e-01  -8.8504404e-01
   2.0000000e+00   1.7440411e+00   4.0144743e-02  -4.0642266e-01   7.9125892e-01   2.7525404e+00  -1.8951624e-01
   2.0000000e+00   5.2295162e-01   2.2913627e-01  -5.4564214e-02   2.1984440e+00  -1.0837629e+00  -2.9027432e+00
   1.0000000e+00  -1.4813781e-01   7.1862942e-01   7.0740539e-01  -1.4009254e+00   5.7239775e-01   7.5090116e-01
   2.0000000e+00  -2.8721878e-01  -1.1803473e+00   6.5520264e-01  -1.4782231e+00  -1.1289392e+00  -9.4161272e-02
   2.0000000e+00   1.3518243e-01   4.1890009e-01  -6.0876302e-02  -4.7508543e-02  -6.3957595e-01   1.5912589e-01
   1.0000000e+00  -1.9631967e+00   4.6716272e-01   3.5340714e-02   2.1002897e-01   5.5153141e-02  -2.5789186e-01
   1.0000000e+00  -3.4542745e-01  -9.3534571e-01   2.0343193e-01  -9.4170576e-01  -5.3614416e-01   1.3617672e+00
   2.0000000e+00   2.1132104e+00   6.8078471e-01   4.9893914e-01  -2.7048882e-01  -1.5306237e+00  -1.2769683e-01
   2.0000000e+00  -1.3338434e+00  -5.4563082e-01   6.5276416e-01   9.5114577e-01   1.0564162e+00   5.4010150e-01
   2.0000000e+00   1.4309167e+00   6.0432119e-01  -1.5095846e+00  -1.5197663e+00   9.8048775e-01   1.6401882e-01
   2.0000000e+00   1.2795058e+00  -3.3953995e-01  -1.3034244e+00  -3.5994341e-01  -5.1471864e-01   2.1927398e-01
   2.0000000e+00   3.0645372e-01  -1.9647225e+00   4.5420340e-01  -1.2597345e-01   4.8873523e-01   3.2461932e-01
   1.0000000e+00  -2.8801494e-01   4.6615090e-01   2.8084190e-02   3.7964723e-01  -6.4552350e-02  -6.6331863e-01
   2.0000000e+00   5.1187215e-01   5.5532746e-01   1.5800112e+00  -2.2332922e-01   4.0556513e-02   1.1351911e+00
   1.0000000e+00   2.2596158e+00   1.0055231e-01   1.3383159e-01   2.9833821e-01  -5.4132654e-01  -2.2293345e+00
   2.0000000e+00  -1.8934991e-01   2.7241762e-01  -9.9576790e-01  -2.1072513e+00  -3.8249995e-01   3.0373299e-01
   1.0000000e+00   1.8473325e+00  -8.2130360e-01   1.0748996e-01  -3.8768553e-01   5.8012474e-02  -2.9502410e-01
   2.0000000e+00   4.8230201e-01   3.6028967e-02  -5.9782889e-01  -5.2368554e-01   1.7468136e-01   3.5872724e-01
   2.0000000e+00  -4.4254348e-02   5.7340454e-01  -9.1527926e-01   6.1444048e-02   1.8240383e+00   1.3419656e-01
   2.0000000e+00   1.5566913e+00   1.2870203e-01  -1.9969327e+00   7.1558945e-01   8.1047192e-01  -3.6386119e-01
   1.0000000e+00  -7.2387319e-01   1.1337574e-01   4.2521656e-01  -2.1779162e+00   8.4796112e-01  -1.8604859e+00
   2.0000000e+00  -4.0879932e-02  -1.7722803e+00   1.3071484e-01  -1.1687941e+00  -1.3501062e+00  -3.6303580e-01
   2.0000000e+00   1.8054332e-01  -1.0840603e+00   1.7362151e-01   7.3246778e-01   2.0550169e+00  -1.5530847e-01
   2.0000000e+00   8.9944809e-02   1.9305425e+00  -8.8068189e-01   1.6319578e+00  -1.0432058e+00  -1.3863914e+00
   2.0000000e+00   1.3250630e+00  -1.4720677e+00  -1.1212199e-01   8.1915744e-01  -2.3480320e-01  -3.3326890e-01
   2.0000000e+00   5.9008611e-01  -1.2254342e+00  -9.3201000e-01   1.8822170e+00  -4.4292579e-01   8.4263680e-02
   2.0000000e+00  -2.2615821e-01  -4.2883400e-01  -1.1754576e-01   4.9823778e-01   4.6962789e-01   9.1401278e-01
   2.0000000e+00  -1.0540577e+00   7.0847163e-01   9.6810593e-01   1.4333192e+00   1.1897263e+00  -9.7892501e-02
   2.0000000e+00  -7.3672480e-01  -9.7879782e-01  -1.1169992e+00  -1.2697776e+00   2.0521552e-01  -8.3891614e-02
   2.0000000e+00   9.1531124e-01  -3.4446553e-01   2.8912969e-01   5.6511152e-01  -1.0337744e+00  -4.5508390e-01
   1.0000000e+00   1.1885900e+00  -8.8763605e-01   6.0664693e-01  -2.0492333e-01   4.6616544e-01   1.8929930e+00
   2.0000000e+00   1.5914649e+00  -5.0838888e-02   2.0269355e+00  -1.8766825e+00   1.0182505e-01  -1.2452988e+00
   2.0000000e+00  -5.3681715e-01  -2.5885581e-01  -1.8135170e+00  -6.5959312e-01   1.6830933e+00   9.7749347e-01
   2.0000000e+00  -7.9541400e-01  -1.1798208e+00   1.3533472e+00   1.1386415e-01   5.4086409e-01  -5.1892097e-01
   2.0000000e+00   1.2868693e+00  -1.0236975e+00   1.4025166e+00  -5.0198973e-01   5.4931051e-02   3.2746947e-01
   2.0000000e+00  -5.1964133e-01   1.4822622e+00  -7.2269951e-01  -9.3925756e-01  -1.1500206e-01   1.3147488e-01
   2.0000000e+00   1.2420103e+00   5.9803210e-02   1.6222367e+00   1.0831955e+00   1.1945529e+00   1.6384854e-01
   1.0000000e+00  -3.0428680e+00  -5.6257306e-01   1.4052824e-02   1.8339248e+00   7.7255897e-01  -7.1553914e-01
   2.0000000e+00   2.2927187e-01  -3.6944920e-01  -9.5685287e-01   3.6340458e-01   1.1292664e-01   9.5149139e-01
   2.0000000e+00   5.8503422e-01  -5.4361285e-01  -7.4301296e-01  -6.1711093e-01  -1.3170704e+00  -8.7598487e-01
   2.0000000e+00  -4.0002653e-02   7.4286445e-02  -1.4575296e-01  -1.1503716e+00  -1.0282174e+00  -8.8815439e-01
   2.0000000e+00  -1.1523249e+00  -1.5533638e-01   2.3131362e+00  -1.7251930e+00  -1.2980009e-01   3.3965681e-01
   2.0000000e+00  -2.2880904e-01   1.9535685e-01  -1.5007847e+00  -3.9055137e-01  -1.1489611e-01  -1.2610742e+00
   2.0000000e+00   4.8554826e-01  -1.2531353e+00  -8.9953955e-01  -1.7579084e+00   7.5200651e-01   7.9293576e-01
   2.0000000e+00  -3.0814863e-01   4.3792022e-01  -7.7955366e-01  -1.5653230e+00   1.3817560e+00  -1.2111621e+00
   2.0000000e+00   7.6687929e-01  -8.6028948e-01   1.2753087e+00   7.4346121e-01   6.2435128e-01  -2.6634266e-01
   2.0000000e+00   7.0931865e-01   3.6821106e-01  -4.2472051e-01  -5.4364266e-02   6.6642103e-01  -9.5050953e-01
   2.0000000e+00   3.9168854e-01   1.3875270e+00  -7.6662126e-01   1.4716463e+00  -2.4901547e-01   2.8455159e-02
   2.0000000e+00  -9.6409364e-02   5.1309126e-01  -4.2092446e-01  -1.1000270e+00   1.0495226e+00  -1.1989549e+00
   2.0000000e+00  -6.6635182e-01   1.2054219e-01  -2.0700333e+00  -1.8368435e-01   1.2407836e+00  -2.2724989e-01
   1.0000000e+00  -6.5702055e-01  -5.2090301e-01   2.5329660e-01  -3.6922624e-01   8.3259672e-01   2.4086941e+00
   2.0000000e+00   1.9022055e+00  -5.3074239e-01  -9.8419866e-01  -2.9542189e-01   5.6858163e-01  -5.8461749e-01
   2.0000000e+00  -1.3990293e+00   4.1307582e-01  -1.4429777e-01   2.3678052e-01   6.2876348e-01  -6.0134844e-01
   2.0000000e+00  -9.7025254e-01   2.0241232e+00  -9.3198858e-03  -1.9123596e-01  -1.3686410e+00   3.2326841e+00
   2.0000000e+00  -4.8179305e-01  -2.6457579e-01  -2.1852103e+00   3.9634563e-01   5.6735732e-01   6.4563983e-01
   1.0000000e+00   1.1398030e+00  -5.8463059e-01   1.2074833e-01   8.7562604e-01  -3.9901275e-01  -1.1734109e+00
   2.0000000e+00  -5.3196630e-01  -9.2037881e-01  -2.5271028e-01   7.7454234e-01  -4.6532813e-01  -2.5006518e+00
   2.0000000e+00  -1.0207876e+00  -2.5535096e+00   1.4034721e-01  -7.3439626e-02   9.9092434e-01  -3.8443738e-01
   1.0000000e+00  -1.0139898e+00   8.1181207e-01   1.7135619e-01  -3.9711635e-02  -1.9165683e-01   1.1143162e+00
   2.0000000e+00   7.4261475e-01  -1.0679621e+00  -1.0149265e+00   4.9907312e-03   1.1838461e+00   2.8139643e-02
   2.0000000e+00   9.1436569e-01   7.2965040e-01   9.5102267e-01  -2.8539051e-01   1.4364382e+00  -3.5548590e-03
   2.0000000e+00  -4.1790860e-01   2.2554556e-01  -1.1134368e+00   2.6490880e+00   1.1313608e+00   6.7805588e-01
   2.0000000e+00   9.9744746e-01  -6.7539819e-01  -4.4741886e-01   6.6392839e-01  -8.9470257e-01  -4.9825752e-01
   2.0000000e+00  -7.0235482e-02   6.2528749e-01   8.7697599e-01   1.2423787e+00   2.3180569e+00   7.8016843e-01
   1.0000000e+00   9.4822369e-01   9.0007109e-01   2.6522315e-01   4.7267728e-01   8.1854049e-01   2.1790692e-01
   2.0000000e+00  -6.5850457e-01  -4.5840427e-01  -8.5162931e-01  -1.3207719e+00  -8.3965911e-02   7.2314510e-01
   2.0000000e+00   2.1210889e+00  -5.9839299e-01  -3.9150580e-01  -8.5963115e-01   6.4478045e-01   4.6000754e-01
   2.0000000e+00   6.0027852e-01  -6.7435021e-01   1.5498260e+00  -8.5895867e-01  -3.4005646e-01  -9.2954456e-01
   1.0000000e+00  -2.3596613e-02  -1.2208902e+00   1.2082188e-01  -2.2679934e-01   3.2258310e-02  -7.8743952e-02
   2.0000000e+00   2.4028091e-01   6.9020558e-01  -1.4350316e+00   5.1993823e-01   1.2971457e-01  -5.0189361e-01
   1.0000000e+00  -9.4425128e-01   6.9844957e-01   6.9354018e-01   1.3712475e+00   1.8227192e-01  -1.9344934e+00
   2.0000000e+00  -1.2509052e+00   1.1480013e+00  -1.1869830e+00  -9.4034672e-02  -2.1302426e+00   1.9325674e+00
   2.0000000e+00  -1.5016609e+00  -5.8322120e-01   1.7428004e-01   5.9808487e-01  -1.1986242e+00   6.4807498e-01
   2.0000000e+00  -2.9136043e+00  -6.2784330e-01  -4.4803117e-01   9.7860116e-01   6.0147679e-01  -6.0613976e-02
   2.0000000e+00   2.0845541e-01  -2.5397886e+00  -3.9236001e-01   1.4782327e+00  -1.0866173e+00  -5.7987497e-01
   1.0000000e+00   1.9561536e+00  -7.4768133e-01   5.5156998e-02   3.9861285e-01   6.6025090e-01  -5.8297925e-01
   2.0000000e+00  -8.8186196e-01  -1.5642964e-01  -1.2808234e-01  -1.2836823e+00  -2.3618898e-01   2.0007055e-01
   2.0000000e+00  -3.1245061e-02  -1.4229158e+00   1.6171839e+00  -2.9437716e-01   1.1551719e+00  -7.2193104e-01
   2.0000000e+00  -8.5978645e-01   1.3677559e+00  -2.2919132e+00   1.0051335e+00   4.4841063e-01  -5.9141248e-01
   2.0000000e+00  -4.1780913e-01   7.5035754e-01  -4.2691361e-01  -4.3962630e-01   4.6909337e-01   8.6214052e-01
   2.0000000e+00   5.7764159e-01   8.6484114e-01  -9.1792016e-01   1.6520210e+00   1.6196482e+00  -3.5532046e-01
   2.0000000e+00   6.3714789e-01  -6.0024100e-01  -1.6734128e+00   1.4455289e+00   5.1501590e-01  -1.5661030e+00
   2.0000000e+00   1.4229172e+00  -1.5669134e-01  -8.6824663e-01  -7.8833331e-01   3.0056417e-01  -5.4941369e-02
   2.0000000e+00  -1.6007218e+00  -6.6001603e-02  -7.7862560e-01   2.3879232e+00   8.3137161e-01  -5.4019032e-01
   2.0000000e+00   5.0203043e-01  -4.4709812e-01  -4.4958253e-01  -7.5601407e-01  -2.1450045e-01   6.3681036e-01
   2.0000000e+00   1.1939718e+00  -1.3825984e+00   4.3804402e-01   1.5056333e+00   1.5270379e+00   4.4648613e-01
   2.0000000e+00  -4.7236153e-01   2.7942463e-01  -1.2419443e+00   1.7142249e+00  -2.1094691e+00  -1.2276983e+00
   2.0000000e+00   9.5672453e-01   1.2503315e-01  -2.2738543e-01  -1.5252626e+00  -2.6226137e+00   1.4361593e+00
   2.0000000e+00  -7.1271325e-01   2.5740860e-01  -6.9157860e-01  -3.8821623e-01   9.8699323e-01   5.4326408e-01
   2.0000000e+00   8.6063763e-01   1.0999297e+00   5.7846004e-01   2.1971098e-01   1.0590550e+00  -1.3537322e+00
   2.0000000e+00  -6.6179324e-01   1.0933606e-01   1.6465528e+00  -8.9074950e-02  -1.0764484e-01   3.0183325e-01
   2.0000000e+00  -1.0650946e+00  -4.7719169e-01  -1.2908233e+00  -1.0523905e+00  -6.1008853e-01  -4.2997819e-01
   2.0000000e+00   4.4926441e-01  -2.3993171e-01  -2.3021865e-01   5.3234602e-01  -7.6938796e-01   9.7969404e-01
   2.0000000e+00   1.8604230e+00   2.9368251e+00   9.2464018e-01  -8.0571392e-01  -1.4436839e+00  -6.6741533e-01
   2.0000000e+00   2.5870842e-01   3.1049339e-01  -1.6057249e+00   5.9594002e-01   5.9050722e-01  -1.6103560e+00
   2.0000000e+00   1.9503520e+00  -8.7526558e-01   1.8763021e+00   1.3883320e+00   4.0775938e-01   1.2085613e+00
   1.0000000e+00   2.2081565e+00   1.0552286e+00   2.1707442e-01   6.9855290e-01  -6.5307198e-01  -1.0795195e+00
   1.0000000e+00  -6.1244288e-02   4.4310409e-01   4.3679730e-01  -1.2236298e+00   4.7232752e-01  -1.6371824e-01
   2.0000000e+00   3.7529413e-01   1.7151126e+00  -4.6159796e-01   2.0543474e-01  -7.9886289e-01  -4.6056120e-01
   1.0000000e+00   2.2635142e+00   2.9635608e-01   2.1940540e-01   2.3008538e+00  -6.2103859e-01   2.0872201e-02
   1.0000000e+00  -5.0164928e-01  -3.6922113e-01   9.8609977e-02  -9.3632745e-01   3.1524997e-01  -2.6029776e+00
   2.0000000e+00   5.6233576e-01   8.7020545e-03  -5.3514112e-01   1.2005024e+00  -1.5931991e-01  -1.7551208e+00
   1.0000000e+00   1.7919268e-01   1.0501845e+00   4.8597191e-02  -7.7011610e-01  -2.9236687e-01   5.7035345e-01
   2.0000000e+00   1.3484615e-01  -9.2178918e-01   1.8807519e+00   8.4676040e-02   1.1086882e+00   2.0405695e-01
   2.0000000e+00  -1.4252607e+00   2.1049390e-01   1.1155479e+00   9.7145606e-01  -9.4962467e-02   2.7328818e-02
   2.0000000e+00   8.4875251e-02   9.5405094e-01   1.1113676e+00   4.5633465e-04  -7.2042150e-02  -1.5562604e+00
   2.0000000e+00   1.4255572e-01  -7.7603579e-01  -4.5571739e-01  -2.6222861e-01   1.5597698e+00   6.5057850e-01
   2.0000000e+00  -3.3721263e-01  -4.4351143e-01  -1.0753774e+00   7.2469135e-03  -5.4130379e-02  -1.9927558e+00
   2.0000000e+00   1.1370618e+00  -1.0783921e+00   9.3763620e-01   6.8624199e-02  -1.8155848e+00  -7.0901349e-01
   2.0000000e+00  -2.0512477e+00   9.5320607e-03  -2.0810741e-01   1.1655186e+00   1.3746361e+00   6.2332950e-02
   2.0000000e+00  -5.0380074e-01   1.5469096e+00  -3.6990533e-01  -3.7902877e-01  -1.6695573e+00   1.7605136e-01
   1.0000000e+00   6.9806363e-01  -9.2636520e-01   2.1390132e-01   4.6789040e-01  -1.8944563e-01  -1.4513772e-01
   2.0000000e+00   1.5353833e+00   2.9992352e+00   6.2151403e-01   2.2961258e-01   1.6195775e-02   1.1301585e-01
   2.0000000e+00   2.0905805e-01  -5.1378022e-01  -4.0548026e-01  -6.1395307e-01   1.3355199e-03   1.0383291e+00
   2.0000000e+00   7.2577768e-01   1.6427088e-01  -1.3600536e-01  -7.3904850e-01   3.7760228e-01  -1.3081021e+00
   2.0000000e+00   2.2166045e-01  -1.6118380e+00  -1.1550006e+00  -1.2160617e+00   8.1985930e-01  -9.6492542e-01
   2.0000000e+00   2.0786421e-01  -1.0277689e+00   9.2811752e-01   5.1460192e-02  -1.6663607e+00   9.2975995e-01
   2.0000000e+00   5.4653280e-01  -1.0923308e+00   1.7472601e+00   7.4170398e-01   1.0590355e+00   1.7558433e-01
   2.0000000e+00  -1.2969781e+00  -4.9539786e-01  -1.4415046e-01  -9.7313531e-02  -1.0421143e+00  -9.9810122e-01
   2.0000000e+00  -3.9055106e-01  -2.1493585e+00  -1.1135979e+00  -1.6782386e+00  -5.8304457e-01   7.2153991e-02
   2.0000000e+00  -3.9668918e-02   1.2543815e+00  -2.0749027e-01  -1.4424191e+00   5.9922432e-01  -1.5467255e+00
   1.0000000e+00  -8.8098092e-01   1.3395588e+00   2.6455904e-01  -1.6412131e+00  -7.0577792e-02   8.0809014e-01
   2.0000000e+00   9.0666111e-01   2.0924898e-01   7.1491768e-01  -7.5901065e-01  -1.5005626e+00   5.5570620e-01
   2.0000000e+00   9.9935662e-02   6.2779109e-01  -1.5703773e+00   3.0015252e-01   1.8000433e+00  -6.8881659e-01
   2.0000000e+00  -1.1230463e+00  -1.9131882e+00  -1.6405921e-01  -3.3385026e-01   1.3103082e+00   3.3433193e-01
   2.0000000e+00  -1.1530796e+00  -9.5697207e-01  -2.0852699e+00  -1.7729204e+00  -5.5571353e-01   1.5955475e+00
   2.0000000e+00  -1.3803887e+00   3.1305958e-01  -3.5683739e-01  -5.0973594e-01   1.0073507e+00  -1.1914249e-01
   2.0000000e+00  -9.3876949e-01   4.0610637e-01   1.3106870e+00   1.0833129e-01  -8.8782433e-01   3.5900855e-01
   2.0000000e+00  -5.0080802e-01   1.3127353e+00  -1.2254815e+00   1.3403980e+00  -3.0788493e-01   6.7268570e-01
   2.0000000e+00  -1.6836509e-01   9.1345987e-01  -1.6663066e-01   1.2575055e+00   6.6107566e-02   9.0578337e-01
   2.0000000e+00  -3.5810640e-01  -4.1860313e-01  -3.4302718e-01  -1.4832177e+00  -7.0266866e-01   1.6422773e+00
   2.0000000e+00  -8.9757753e-01   5.6513956e-01  -2.3440623e-01  -4.1975539e-01   2.2052070e+00   1.1168202e+00
   2.0000000e+00   1.3879549e+00  -1.0649429e+00  -9.7261072e-02  -7.3852921e-01  -1.1408979e-01   1.7514287e+00
   1.0000000e+00   1.9164595e-01   1.8793647e-01   9.1834679e-01   8.9754612e-01  -8.0788378e-02   7.3722607e-01
   2.0000000e+00   1.1848441e+00  -6.3962548e-01  -1.5490660e+00   1.2631342e+00  -4.6563715e-01   4.5107410e-01
   2.0000000e+00  -5.6172105e-01   6.2821997e-01  -1.0452952e+00  -1.0180465e-01  -6.5359544e-01  -4.2164425e-01
   2.0000000e+00  -7.7946264e-01  -4.3524859e-01   7.6327771e-01  -6.8122116e-01   1.0783186e+00   6.8266879e-01
   2.0000000e+00   3.1865197e-03   1.5629472e-01  -9.6947259e-01  -3.5453627e-01   1.5019482e-01  -1.9484850e+00
   2.0000000e+00  -3.2750126e-01   3.7044315e-01  -6.9405541e-01  -3.2158189e-02  -1.0221303e+00   8.7404012e-01
   2.0000000e+00   2.9206234e-01  -3.9389270e-01  -6.1911445e-01   5.5810095e-01  -6.0219707e-01  -1.8670603e+00
   2.0000000e+00   1.4519709e+00  -1.8375276e+00  -3.0856522e-01   3.5115681e-01  -3.4189435e-01  -8.0907137e-01
   2.0000000e+00  -2.5380883e-01   8.0891894e-01   1.8341715e+00  -1.4064564e+00  -5.7484708e-01  -7.1603587e-02
   2.0000000e+00   8.1756477e-01  -1.1302400e+00  -1.4159449e+00  -1.3655427e+00   1.4827099e+00  -9.9643217e-01
   2.0000000e+00  -7.9988611e-01   1.0086277e+00  -2.0984160e+00   2.8640932e-01   1.3921737e+00  -1.8522334e+00
   2.0000000e+00  -1.1371647e+00   1.6540092e-01   1.8822289e+00  -3.0167958e-01  -4.3116543e-01   7.7775898e-01
   2.0000000e+00   5.6843101e-01  -8.3450876e-01   6.9532053e-01  -1.5779035e+00  -2.5945761e+00   1.2623654e+00
   2.0000000e+00  -1.4026275e+00  -3.2248544e-01  -1.0028443e+00   8.8632940e-01  -8.7401103e-02  -1.3705302e+00
   2.0000000e+00   5.3573846e-01  -1.0427306e+00   5.8216507e-01  -3.2396067e-01  -8.2263218e-01   7.9822186e-01
   2.0000000e+00   4.0178698e-01  -1.2093049e+00  -3.4243504e+00   1.1827126e+00   3.2502647e-01   2.3803177e+00
   2.0000000e+00  -1.1492130e+00   4.7574702e-01   9.1633384e-01  -4.9854837e-01  -1.2287173e+00   1.3621342e+00
   2.0000000e+00   1.5024250e+00  -3.6838301e-01   1.8848765e+00   3.4859016e-01  -1.0693679e+00  -1.0190477e+00
   2.0000000e+00   3.8793303e-01  -1.3631978e+00   8.4129097e-01   3.6997733e-01   9.6202411e-01   8.9791991e-01
   2.0000000e+00  -1.0996063e+00  -3.7696641e-01   1.3937476e+00   2.5900083e-01   7.8106318e-01   1.3632192e+00
   2.0000000e+00  -1.9503422e+00   1.8833823e-01   1.7260161e+00   1.3872111e+00   6.0882188e-01   3.9898931e-01
   2.0000000e+00  -4.6352582e-01   1.1103315e-01  -8.6540407e-01   2.3892021e-01  -1.1512328e+00  -2.2251707e-01
   2.0000000e+00  -2.2282734e-01  -1.8105721e-01  -1.5274118e+00  -3.9488552e-01   2.6799608e-01  -1.9775554e+00
   1.0000000e+00   9.2738231e-02  -2.7407428e-01   8.2004452e-02   1.1304794e-01   3.3744929e-02  -9.5956918e-01
   2.0000000e+00   3.1202905e-01  -1.0290771e+00   1.8933346e+00   1.0345085e+00  -1.7350451e+00  -2.2311014e-02
   2.0000000e+00   1.7511341e+00   1.3753518e+00   2.7006103e-01  -1.9223577e-01   1.2061136e+00  -1.7820914e+00
   2.0000000e+00  -7.3841704e-01   4.8268269e-01  -5.2153064e-01  -1.3973785e-01   1.4913417e+00   7.9708276e-01
   1.0000000e+00   2.7580432e-01   8.4085759e-01   4.6037503e-02   9.1494269e-02  -9.6020602e-01   5.9377435e-01
   1.0000000e+00   2.2587638e-02  -7.8207849e-01   2.2744246e-01  -1.1397996e+00  -3.1095871e-01  -1.3279232e-02
   2.0000000e+00   1.2635431e-01  -1.2433865e+00  -8.4464064e-01  -1.1566008e+00   3.7221094e-01   2.4633479e-01
   2.0000000e+00  -1.3063882e+00  -7.6802288e-01  -1.6326176e-01  -7.9048004e-01  -1.4767788e-01   4.5520851e-01
   2.0000000e+00   1.0235481e+00  -2.3213584e-01   8.4407685e-01   1.1941695e+00  -1.5301262e+00  -1.1907570e+00
   2.0000000e+00  -1.0879470e+00  -1.0842563e+00  -5.5805908e-01   9.7672215e-01   6.5713919e-01   8.3366582e-01
   2.0000000e+00  -1.1509391e+00   1.1646763e+00  -4.6013192e-01  -1.0783311e+00   1.1381886e+00   1.4664551e+00
   2.0000000e+00  -1.6759585e+00   5.7876052e-01  -1.3275356e+00  -7.0623153e-01   1.1412195e-01  -9.1936506e-01
   2.0000000e+00   1.4225076e+00  -1.6661882e+00   1.2002067e+00  -1.1137722e+00   1.9093864e+00   7.7832612e-01
   2.0000000e+00   5.8075461e-01  -1.5057862e+00   6.0961129e-01  -9.1423348e-01  -1.1868750e+00  -2.8780512e-01
   2.0000000e+00  -4.8622368e-02  -2.9595989e+00  -2.1132191e+00   4.5274703e-01  -9.1546285e-01  -2.9117480e-01
   2.0000000e+00   9.5273824e-02  -1.6510547e-01   1.2177958e+00   8.5070153e-01  -6.6491930e-01  -3.7556275e-01
   2.0000000e+00   5.4420252e-01  -1.0080541e+00  -1.2377396e+00   1.1615691e+00   9.9717152e-01  -6.1327203e-01
   2.0000000e+00  -9.3697734e-01   2.6520083e-01   1.0464805e+00   8.2695872e-01   1.9974811e+00  -1.0732501e-01
   1.0000000e+00  -5.7109912e-01   4.2737200e-01   3.4641726e-01   5.3780961e-01  -3.3109114e-03  -1.3312072e+00
   2.0000000e+00  -3.9206130e-01   1.7255958e+00   1.1453155e+00   4.0722573e-01   5.5057922e-01  -5.4872029e-01
   2.0000000e+00   1.1035179e+00  -2.9075081e-02  -1.1222289e+00   9.7039544e-01  -1.7991560e-01   4.9365138e-02
   2.0000000e+00  -3.4488501e-01   4.7002744e-01   3.8760595e-02  -1.8897855e+00  -1.4215275e+00   1.5814015e+00
   2.0000000e+00  -1.7422383e-01  -3.4394345e-03  -4.3639256e-01   1.7580261e+00  -2.7738849e-01  -4.4419660e-01
   2.0000000e+00   7.7307389e-01  -3.7322717e-01  -1.5486107e-01  -8.5551831e-02   2.6056323e+00  -9.7120986e-01
   2.0000000e+00  -3.4501748e-01  -7.5205343e-01  -1.2171949e+00   9.5391095e-01   6.4705711e-01  -6.5183402e-01
   2.0000000e+00   9.1948129e-01  -1.3089027e+00  -2.0262737e-02   1.1716802e+00  -4.3663394e-01  -1.7462526e+00
   2.0000000e+00   3.9373189e-01   1.4757678e+00   1.0305250e+00   2.7191576e+00   1.3819973e+00  -7.4869805e-01
   2.0000000e+00   4.1231991e-01  -3.3880344e-01  -1.7735756e-01  -1.2172555e+00   4.3403450e-01  -7.5317050e-01
   2.0000000e+00  -4.7123914e-01  -2.2918370e-02   7.7383627e-01  -1.3581357e+00   8.9704842e-01   3.8040799e-01
   2.0000000e+00   1.5979135e+00   1.0965932e+00  -1.7098073e-01  -1.8455465e+00  -1.7045691e+00   6.6779488e-01
   2.0000000e+00   8.4278279e-01  -1.2470505e+00  -2.6317330e-01   5.0783817e-01  -7.2862993e-01  -3.0427590e-01
   2.0000000e+00  -2.9241601e-01  -7.4905367e-01  -8.5461230e-03   1.3230257e+00  -9.6927727e-02   1.5938968e+00
   2.0000000e+00   1.6169705e+00   1.7687187e+00  -1.1708418e-01   1.4207718e+00   1.6334087e+00  -2.8300935e+00
   1.0000000e+00  -1.4947690e+00  -2.9108224e-01   5.8842953e-01  -9.5231208e-01   9.3524846e-02  -1.7060677e+00
   2.0000000e+00  -1.0786703e+00   8.6204668e-02  -5.4060209e-02   1.2201260e+00  -6.7205784e-01   2.9343016e-01
   1.0000000e+00  -1.4309254e+00  -5.2093951e-01   7.2374559e-04   3.7794037e-01  -1.2106034e-01   8.9690165e-01
   1.0000000e+00  -2.1152391e+00   1.2974211e-01   1.7855407e-01  -7.6056722e-01  -7.5622024e-01   7.8319369e-01
   1.0000000e+00   9.6799519e-01  -1.4010894e-01   1.5798050e-01   2.0729560e-01   3.2059225e-01   1.5086678e+00
   2.0000000e+00  -4.5799685e-01   8.6188981e-01  -4.9070188e-02  -3.2187869e-01   9.9452171e-02   8.3327405e-01
   2.0000000e+00  -1.2819634e+00   7.1771424e-01   1.1527373e+00   3.5256594e-01   5.0553088e-01  -8.8966127e-01
   1.0000000e+00  -6.2588560e-02   1.7353984e-01   9.1303126e-02   4.4806195e-01  -9.1897721e-01  -1.7020759e+00
   2.0000000e+00  -7.4731781e-01   6.8673848e-01   1.6408608e+00  -6.7237389e-01   1.3231834e+00  -3.1336338e-02
   2.0000000e+00   8.0756427e-01  -1.7913420e+00   3.3858900e-01  -2.2831368e-01  -1.3879075e+00   3.9199032e-01
   1.0000000e+00   9.0616509e-01  -9.3491777e-01   7.6683461e-02  -5.7121329e-01  -3.1887562e-01  -1.5808679e-01
   2.0000000e+00   1.1847701e+00   1.7090452e+00   1.2493845e+00   4.0931324e-01  -7.8298747e-01  -2.0438696e+00
   2.0000000e+00   2.2203038e+00   9.8385894e-01  -3.2469753e-01  -1.7170749e+00   8.8268277e-01   1.3740785e-01
   2.0000000e+00   1.5768422e+00   8.7602823e-01  -2.0150553e+00   6.2526132e-01  -2.9800550e-01   1.4161912e+00
   2.0000000e+00   8.1630171e-01   1.0708919e+00   2.2150770e+00   1.5765952e+00  -2.6583102e-01  -2.2375048e+00
   2.0000000e+00  -2.7573331e-02   7.8225308e-01   1.9769907e+00   9.1981752e-01   1.1296832e+00  -8.0403007e-01
   2.0000000e+00  -1.4045611e+00   1.0490514e+00   2.1171364e+00  -8.6693586e-01  -4.0697319e-01   1.2369819e+00
   1.0000000e+00  -4.5003394e-01   7.0185522e-01   3.5360734e-01   1.5357152e-01   4.9831257e-01  -1.8238891e+00
   2.0000000e+00  -1.5502709e+00  -4.6869474e-01  -1.4149779e+00   3.7561386e-01  -5.8224667e-01   5.8002608e-01
   2.0000000e+00  -2.0548780e-01   1.6363690e+00  -9.5241797e-01   2.3462597e-01  -7.9900110e-01  -5.4228120e-01
   2.0000000e+00   3.3839885e-02   1.1159648e+00  -1.7927715e+00  -4.2476704e-01  -5.8208505e-02   2.6775719e-01
   2.0000000e+00   7.5159483e-01   1.3227994e+00  -2.1062929e+00  -1.0865702e+00   9.5772283e-01   1.8290207e+00
   1.0000000e+00   3.3090970e-01   1.5626185e+00   8.8970223e-01  -5.1469899e-01  -2.5290661e-01   7.7659296e-01
   2.0000000e+00  -9.4589042e-01  -1.8859816e-01  -9.4550950e-01   3.8084213e-01  -3.9609478e-01  -1.4473084e-01
   2.0000000e+00   7.8489763e-01  -2.5341770e-02   1.0917048e+00   1.5544685e-01   5.9642894e-01   4.2490543e-01
   2.0000000e+00  -1.9281671e+00  -1.4780510e-01  -5.7737360e-01  -6.4995007e-01   1.5324231e-01  -3.7135693e-01
   2.0000000e+00  -5.5461044e-01  -2.0563208e+00   5.7968816e-01   1.6877819e+00  -1.6221351e+00  -6.6233541e-02
   2.0000000e+00   6.7284811e-01   1.7989224e+00   1.0637915e+00  -1.2480458e-01   6.2169958e-01   8.3951894e-02
   1.0000000e+00   9.4516629e-01   7.2374760e-01   2.8150917e-01  -1.1689797e+00  -1.4933618e-01  -5.1798698e-01
   2.0000000e+00  -1.5462762e+00   1.8444732e+00   9.7323289e-01  -1.2606826e+00   1.0817264e+00  -5.6586316e-02
   1.0000000e+00  -3.5692813e-01   4.5550939e-02   5.0028012e-01  -4.8979676e-01  -7.0215853e-01   1.0129906e+00
   2.0000000e+00  -1.0302060e+00   1.6490735e+00  -1.4402850e+00  -4.6413470e-01   7.6147973e-01   6.4242272e-01
   2.0000000e+00   8.9820960e-01   5.5750339e-01   1.0174423e+00   1.3905440e+00  -1.2000861e+00  -4.8349154e-01
   2.0000000e+00   1.6626763e+00  -9.4066609e-01   5.3679327e-01   5.2036817e-01   1.5723879e+00  -1.3237214e+00
   2.0000000e+00  -6.4605128e-01   2.6956940e-01  -2.0998752e-01   1.9729748e+00  -2.1120671e+00  -4.9044937e-01
   2.0000000e+00  -9.1234793e-01   1.0478367e+00  -1.9160152e-01   1.6461455e+00  -4.3952771e-01  -1.0004808e+00
   2.0000000e+00  -6.5632213e-01   1.0924310e+00   1.0837954e+00  -2.3975478e-01   4.1970610e-01  -8.5964488e-01
   2.0000000e+00   1.6579301e+00  -3.1302071e-01  -3.4019905e-01   2.0273116e-02   1.2648256e+00   1.5136594e+00
   2.0000000e+00  -5.2274486e-01   2.1697124e+00  -1.2166570e+00  -1.7222996e+00   7.9257976e-01   7.6253263e-02
   2.0000000e+00  -5.2471460e-02   2.6049356e-01   1.3505545e+00   1.4927570e+00   5.8549021e-01  -2.0273200e+00
   2.0000000e+00  -1.3997453e+00  -9.0910946e-01  -1.1750928e+00  -4.5119624e-01   1.1680094e+00  -1.8427396e+00
   2.0000000e+00   7.9074436e-01   1.2369092e+00   1.1256539e+00  -9.3402040e-03  -3.2110597e-01   8.0397145e-01
   1.0000000e+00   1.2596451e+00  -1.8222969e-01   1.0405171e-01   9.9498622e-02  -9.5015287e-02   2.3126286e-01
   1.0000000e+00   1.5549234e-01  -9.4698537e-01   6.9621795e-01   3.5131950e-01   4.1661377e-01   5.3936020e-01
   2.0000000e+00  -1.7656909e+00  -3.7396615e-01   1.5508595e+00  -4.4578235e-01  -1.3849860e+00   1.6450472e+00
   2.0000000e+00  -1.3024513e+00   1.3358309e+00   2.0302450e+00   1.0185512e+00  -2.5024448e+00  -5.0779601e-01
   2.0000000e+00  -7.3422667e-01  -9.3755997e-01  -4.7428149e-01   6.2631242e-01   1.3991099e+00  -2.5851108e-01
   1.0000000e+00   2.9097149e-01  -1.1619828e-01   1.0161363e-01   1.7856138e+00  -2.0405410e-01  -8.9605228e-01
   1.0000000e+00  -1.2725381e+00   1.4662506e-01   3.0211367e-01  -2.7442489e-02   4.3668790e-01  -1.3067523e+00
   2.0000000e+00  -6.1288663e-01   1.0658729e+00  -7.5489795e-01   6.2314320e-02  -1.6999474e+00  -9.8852540e-01
   2.0000000e+00  -7.6994331e-01   8.2621067e-01  -4.1788073e-01   1.0132588e+00   1.1094355e+00   4.2954484e-01
   2.0000000e+00  -1.1736900e-01   5.6518485e-02  -7.7762190e-01  -1.7929634e-01  -1.6106486e+00   9.3343810e-01
   2.0000000e+00  -1.0400320e+00  -9.7448824e-01  -1.5686561e-01  -1.9698557e-01   4.6670306e-01  -5.3245709e-01
   2.0000000e+00   1.4340246e+00   2.3201357e-01  -7.1155455e-01  -1.7061823e-01   1.5087507e+00  -1.4638250e+00
   2.0000000e+00  -7.4751227e-01  -3.3679472e-01   2.0716611e+00   1.0432257e+00   1.3488801e+00   7.0134759e-01
   2.0000000e+00   5.3704297e-01   1.0645446e+00  -1.5294688e+00   3.6946245e-02  -2.7346424e-01  -2.0659306e+00
   2.0000000e+00   8.5432858e-01   7.8603983e-01  -1.2509247e-01   6.2549592e-01   9.6719600e-01  -6.8551211e-01
   2.0000000e+00   2.1120507e-01  -1.1573121e+00  -4.7155526e-01  -8.9715259e-01  -6.4106426e-02  -1.4177172e+00
   2.0000000e+00   2.2748249e+00   1.6842134e-01  -1.0042086e-01   5.0784758e-01  -4.9364430e-01  -7.7156970e-01
   2.0000000e+00  -7.0084793e-01  -4.0899822e-01  -6.0974869e-01  -2.9199960e-01  -6.8039495e-01  -2.5386024e-01
   2.0000000e+00  -4.9286802e-01  -3.4723704e-01   1.1960031e+00   1.2948980e+00  -2.0456563e+00   1.7029086e+00
   2.0000000e+00   5.8886175e-01  -1.1177469e+00   8.7204510e-01   2.9419661e-01  -1.5199054e+00   8.6932008e-01
   1.0000000e+00   2.1276987e+00  -1.6728417e+00   2.7824036e-01   1.4652553e-01   1.7561372e-01  -4.4808795e-01
   2.0000000e+00   3.4970262e-01  -3.6956046e-02  -9.7169240e-02   7.0729599e-01  -1.5201515e+00   3.3473544e-03
   2.0000000e+00  -2.5174438e+00  -7.4071641e-01   2.3528961e+00   2.2540232e+00  -6.3154783e-01  -1.4832865e+00
   2.0000000e+00   1.0964383e+00  -6.2911703e-01  -8.0127562e-01   1.5307691e+00   9.3454506e-01  -2.1227478e-01
   1.0000000e+00   4.5422372e-02   1.3084179e+00   1.5712115e-01   4.5493050e-01   2.2432406e-01   1.2849701e-01
   2.0000000e+00   8.3908323e-01   6.2149149e-01  -2.1487805e-01   1.7466848e-01  -3.3719787e-01  -7.4390841e-01
   2.0000000e+00   1.2208444e+00   1.4962018e+00  -4.4895666e-01   6.3851236e-01   3.8348971e-01  -3.5152641e-01
   2.0000000e+00  -1.3083093e+00  -5.0802840e-02  -3.4093990e-01   4.7796340e-01  -1.9974428e+00   7.1906204e-01
   2.0000000e+00  -3.6384112e-01   1.5045862e+00  -7.0236779e-01  -3.6781108e-01   2.1678588e-01  -1.4084119e+00
   1.0000000e+00   6.1032896e-02   5.7682412e-01   1.9707796e-01   3.7540812e-02   1.1717699e-01   1.1433686e+00
   2.0000000e+00  -4.1300613e-01  -5.7060272e-02  -2.2345773e-01  -2.3700647e-01  -1.7459694e+00   1.8261499e+00
   2.0000000e+00   6.2727747e-01  -1.1483408e+00  -6.7959274e-01  -2.0342584e+00   1.3006800e+00  -6.2581540e-01
   2.0000000e+00   9.9586312e-01   6.9331599e-01   1.1645266e+00   1.0948183e+00  -1.5679313e+00   2.4874839e-01
   2.0000000e+00   5.4718463e-01  -3.6543960e-01   9.1031033e-01  -1.4637379e+00   7.6486797e-01  -2.3316596e-02
   2.0000000e+00   1.2414032e-01  -1.0012487e+00   2.0759033e+00  -9.6304946e-01  -3.4782554e-01  -1.9334367e-01
   1.0000000e+00  -7.8758372e-01   8.1229161e-01   2.0048002e-01   1.1326243e+00  -5.2665706e-01  -1.1131284e+00
   2.0000000e+00  -8.1620364e-01   1.5563494e-01  -3.2272715e-01   9.3510292e-01  -5.6103722e-01  -4.4402557e-01
   2.0000000e+00  -6.1363468e-01   1.0689687e+00  -1.9067910e+00  -4.4759450e-01  -4.5237132e-01   6.6212282e-01
   2.0000000e+00   7.9138654e-01  -7.4638497e-01  -9.9753531e-01  -1.6300143e+00  -1.1145757e+00   7.5420618e-01
   1.0000000e+00   5.6876285e-01   5.0345836e-01   1.5350170e-01  -1.4308529e+00  -8.5906635e-01  -9.3948611e-01
   2.0000000e+00   1.8601130e-01   2.1446861e-01  -1.0266415e+00  -1.1971704e+00  -7.3061601e-01   1.2773517e-01
   2.0000000e+00  -1.3487975e+00  -1.8668503e+00   2.1218537e+00  -4.6314648e-01   7.0979265e-01   5.3794595e-01
   2.0000000e+00  -9.9026118e-02   4.2641901e-01  -3.0071525e-01  -2.9271884e+00  -1.2550069e+00   1.3482820e+00
   2.0000000e+00   4.9906636e-01  -9.3104874e-01   1.8291659e+00   7.5000249e-01   4.4241608e-02   5.0317429e-01
   2.0000000e+00  -1.1093624e+00   3.8542367e-01  -9.8766018e-01  -4.0082795e-01   2.8533055e-01  -2.0437054e+00
   2.0000000e+00   1.3484712e+00   1.3102726e+00   1.9287010e+00  -1.3848731e-01  -1.4460472e+00  -6.6291656e-01
   2.0000000e+00   2.0059852e-01  -7.5649215e-01   1.1677032e+00  -4.3593885e-01   1.5290071e+00  -7.1477519e-01
   2.0000000e+00  -1.5638226e+00   1.2476261e+00  -4.5846052e-01   1.8654680e-01  -1.9570178e+00  -4.4173292e-01
   1.0000000e+00   1.9085859e-01   6.9060487e-01   7.5281922e-02  -7.5575924e-02  -1.6010059e-02  -4.5424085e-01
   2.0000000e+00  -1.5987448e+00  -1.7129860e+00  -6.6725139e-01   5.1861456e-01  -1.4589387e+00   1.0213899e+00
   2.0000000e+00  -2.0857576e-01  -6.2183050e-01  -9.9968068e-01   2.0221383e+00   3.1420676e-02   8.1844627e-02
   2.0000000e+00   9.3306022e-01  -6.7568157e-01  -1.3355101e+00  -1.9853331e+00  -4.2021562e-01   1.9375597e+00
   2.0000000e+00  -6.9122102e-01  -8.7422274e-01   1.0502647e+00   5.3546515e-01  -4.6731458e-01   4.2378517e-01
   2.0000000e+00  -1.2262860e+00  -4.5292159e-02   1.3852234e+00  -1.3631804e+00  -8.0672377e-01  -2.4378168e-01
   2.0000000e+00  -1.0666986e+00   1.1425033e+00  -6.3015947e-01   1.9270424e+00   3.5046520e-01   8.0510279e-01
   2.0000000e+00   2.1145366e-01   9.5070724e-01  -9.1292807e-01   1.0488206e-02  -4.9217409e-01  -5.9654648e-01
   2.0000000e+00  -1.4828052e+00  -2.8309595e-01   1.6990633e+00  -1.2336978e+00  -3.5851735e-01  -5.2127089e-01
   2.0000000e+00   3.1252812e+00  -5.1112370e-01   4.2737457e-02  -7.8641073e-01   1.0364912e+00  -1.3879111e-01
   2.0000000e+00  -7.3715506e-01   1.0812806e+00  -5.0049578e-01  -5.0804399e-01   1.2241941e+00  -1.3305064e+00
   1.0000000e+00   5.8185012e-02  -1.1474364e-01   6.6125318e-01  -1.4085081e+00   6.8830043e-01  -4.3502626e-01
   2.0000000e+00  -1.3581271e+00  -1.0269741e-02  -4.5906807e-01   1.4692869e+00  -2.3865542e-01  -9.6976821e-01
   2.0000000e+00   4.3634318e-01  -1.4489871e-01   1.2298523e+00  -1.6702883e+00   3.7434033e-01  -8.1152547e-01
   1.0000000e+00  -7.8603957e-01  -2.5426505e-02   1.1232193e-01  -2.3565934e-01  -7.7851147e-01  -5.3280683e-01
   2.0000000e+00   1.2553208e+00  -1.7967778e+00  -1.5984375e-01  -1.7511259e+00  -4.8477466e-01  -1.6123013e+00
   2.0000000e+00  -8.4661064e-02   1.0645005e+00  -4.2368316e-01   4.8538855e-01  -1.2684660e+00  -5.1695730e-01
   2.0000000e+00  -2.1768931e-02  -2.0314412e-01  -1.0279196e+00  -4.8226078e-01  -6.8009267e-01   4.5264637e-03
   2.0000000e+00   1.0435429e+00  -7.7540701e-01   1.0804038e+00   1.1964801e+00  -1.0074951e+00   1.5468250e+00
   2.0000000e+00  -1.0703629e-01  -5.4330047e-01   1.9442485e+00  -9.6052512e-01  -1.1330511e+00   1.3916584e+00
   2.0000000e+00   7.9503824e-01   1.9600018e+00  -2.3564536e-02   1.0543952e-01  -2.4810133e-01  -2.6059184e-01
   2.0000000e+00  -1.2615441e+00  -3.9688451e-01  -3.7106628e-02  -6.3431208e-01   1.2729594e+00  -2.0071053e-01
   2.0000000e+00   1.1008276e-01   2.6758974e-01  -1.4447548e+00  -9.5379748e-01  -4.6714371e-01   1.2062721e+00
   2.0000000e+00   9.8469721e-01  -1.4682770e+00  -2.4251661e+00   9.2449641e-01   1.1292457e+00   2.5836080e-01
   2.0000000e+00   3.1888008e-01  -4.6805149e-01  -9.1352681e-01   1.7277325e+00   4.7446098e-01  -1.1546449e+00
   2.0000000e+00   1.9889978e-01   6.4883522e-01  -1.4023472e-01   9.8094172e-01   4.3724767e-02  -3.8265574e-01
   2.0000000e+00   3.1413772e-01   9.2823296e-02   1.7735745e+00   1.8303475e+00  -2.4694787e-01  -3.3104474e-01
   1.0000000e+00   2.4773512e+00   5.0992784e-01   3.8494566e-01   3.8056058e-01  -1.5492419e-02  -1.4046625e+00
   2.0000000e+00  -1.0477367e+00  -6.0959827e-01  -1.7674198e+00   5.1793237e-01   3.4826974e+00  -2.6326397e-01
   2.0000000e+00   7.2624264e-01  -3.8291681e-01  -2.8036715e-01   3.7701619e-01   1.0936829e+00   1.6080595e+00
   1.0000000e+00  -2.7210548e-01   2.0605440e-01   3.3305763e-01  -5.3330860e-01   7.0181678e-01   8.0958685e-01
   2.0000000e+00   3.8089280e-01   1.3320945e-01  -7.7012992e-01   9.0214295e-01   1.0735543e+00   1.2145700e+00
   2.0000000e+00  -9.6789976e-01  -1.1559307e+00   1.1719533e+00  -4.9187699e-01  -1.3993656e-01   8.6265749e-02
   2.0000000e+00   1.5711727e-01   8.9850290e-01  -3.6592111e-01   3.1366485e-01   1.5479858e+00   1.7815269e-02
   2.0000000e+00   4.5648821e-01   3.2871661e+00   7.8425587e-01   1.2182686e+00   5.9281403e-01   1.1140003e+00
   2.0000000e+00  -8.4864533e-01  -6.2035496e-01   1.8211372e+00   7.5594341e-02   1.9977478e-01  -3.4480883e-01
   2.0000000e+00  -2.2406336e-01   7.5073921e-01   3.9525048e-01  -1.1058018e+00  -1.1050977e+00   3.1949389e-01
   2.0000000e+00   1.7245396e+00  -2.2036068e+00   4.3641675e-01  -5.4955218e-01  -7.0231094e-01  -7.8970153e-01
   2.0000000e+00   1.5597483e+00   7.5428035e-01  -4.9054278e-01  -1.2996441e+00  -1.4365350e-01  -1.9345506e+00
   2.0000000e+00  -6.4850216e-01   1.1513551e+00  -1.0139389e+00   5.5487749e-01  -6.0843232e-01  -5.6231952e-01
   2.0000000e+00  -1.4131949e-01  -2.8534085e-01  -8.0148125e-01  -1.0739816e+00  -8.6234873e-01   1.8317234e-01
   1.0000000e+00   1.1289745e+00   3.0822828e-01   5.4166797e-01  -1.3649973e+00  -1.3385787e-01   9.9837241e-01
   2.0000000e+00  -1.5559256e-01   4.3404845e-01  -2.2286874e-01   1.1325749e+00   2.5176604e+00   1.3524565e-01
   2.0000000e+00  -1.5677629e+00   1.4897947e+00  -1.1706950e+00  -1.7026946e+00  -9.0112028e-02  -1.3136142e+00
   2.0000000e+00   3.4215359e-01   8.4805739e-01   2.7942454e-01   8.5030049e-01   1.8964533e+00   7.9313932e-01
   2.0000000e+00   2.9796765e-01   1.0710365e+00  -1.8728273e-01   1.8468633e-01  -2.4562719e-01   1.0568570e-02
   1.0000000e+00   6.1274867e-01  -5.7219147e-02   8.2389960e-01  -2.5242925e-03   7.0231911e-02  -6.5868036e-01
   1.0000000e+00  -1.0256834e+00  -9.1135851e-01   7.0525344e-01  -1.1089955e+00  -2.9545305e-01  -6.4930218e-01
   2.0000000e+00  -5.6195501e-01  -9.7639086e-02   1.1273708e+00  -7.5362562e-01   9.5427015e-01  -1.2359689e+00
   2.0000000e+00  -8.5533554e-02  -4.6798669e-01   1.0975124e+00  -5.0144872e-02   9.9340747e-01   2.8132557e-01
   2.0000000e+00   3.7373441e-01   4.7324098e-01  -4.6946554e-01   1.3311983e+00   2.2854148e-01   6.3916227e-01
   2.0000000e+00  -1.5140528e+00   2.1364071e+00  -1.1256762e+00  -1.0669576e+00   2.2855081e+00   3.0113768e-01
   2.0000000e+00   8.0163958e-01   3.9958468e-01  -9.0154266e-01   5.4926414e-01   2.0922112e+00   6.9372896e-01
   2.0000000e+00   1.5155286e-01   3.0341732e-01   1.1646612e+00  -8.9951711e-01  -2.1495740e-01   1.1066536e-01
   2.0000000e+00   1.4456440e+00   2.6449551e-01   5.2972823e-01   7.7601401e-01   1.3010196e+00   7.9592280e-02
   2.0000000e+00   3.6713528e+00  -3.7933282e-01  -9.3155050e-01  -1.6656545e-01   8.7133138e-01  -3.5838539e-01
   2.0000000e+00  -1.2641730e-01  -1.7611844e+00   1.2189698e+00   3.2517222e-02  -1.2390309e+00   1.6498789e+00
   2.0000000e+00  -8.1945472e-01   1.7059704e+00   1.5902945e+00   2.0269736e+00  -1.1932002e-01  -1.1194459e+00
   2.0000000e+00  -1.0195698e+00  -5.3490978e-01  -1.2589485e+00  -4.2888711e-01   8.0854728e-01   4.8724823e-01
   2.0000000e+00  -3.9240700e-01   3.2625765e-01   8.1729686e-01   1.4998908e+00   1.4366225e+00   1.2513736e+00
   2.0000000e+00   1.5517696e+00   3.6828844e-01   1.6242101e+00  -3.1661234e-01  -5.6985037e-01   8.1297420e-01
   2.0000000e+00  -1.0312458e+00  -1.1392098e+00  -4.1254939e-01  -3.4112902e-01  -9.5717527e-01   1.0116164e+00
   2.0000000e+00   2.7329930e+00   1.0161502e+00   5.4887056e-01   4.0302886e-01  -1.5498030e+00  -5.8489975e-02
   2.0000000e+00  -1.0382627e+00   3.3521628e-02  -1.6065099e+00  -1.4573263e+00  -4.6797526e-01  -5.7274747e-01
   2.0000000e+00   3.4644345e-01  -8.1742364e-01  -3.1330229e-01  -1.9100232e-01  -9.6443950e-01  -3.8795531e-02
   2.0000000e+00  -1.7156245e+00   3.6981556e-01  -1.4369165e+00  -1.6376236e-01  -3.6459163e-03   1.1579927e+00
   2.0000000e+00  -1.3587156e+00  -1.3839534e+00  -1.5311372e+00   9.4984906e-01  -4.5281276e-01   7.0277261e-01
   2.0000000e+00   2.1457912e-01   2.9841242e-01   2.5126840e+00   5.7755255e-01   8.6570656e-01  -5.3660048e-01
   2.0000000e+00  -8.4735078e-01   2.0432726e-01  -3.4274958e-01  -2.4786015e+00   1.8240806e-01  -2.1337629e+00
   1.0000000e+00   1.4884830e+00  -3.5387104e-01   2.6318987e-01   5.8181895e-01   6.0260057e-01   1.4017943e-01
   2.0000000e+00  -6.2292549e-01  -9.9436572e-01   2.9141277e-01   6.1358257e-02  -1.1723629e+00   1.8938233e+00
   2.0000000e+00   9.2761140e-01   5.2697483e-01  -3.5291778e-01   3.5196508e-01  -3.4497924e-01   7.6970731e-01
   2.0000000e+00  -5.9948329e-01   5.5563694e-01   1.5058469e+00  -6.5312843e-01  -1.8279599e-01   1.7783764e+00
   2.0000000e+00  -3.6360387e+00   7.9380215e-01   1.8923172e+00   1.6201028e+00  -8.0104904e-01   7.7324715e-01
   2.0000000e+00   1.1334691e+00   5.3900806e-01  -8.0274345e-01   1.7408596e-01  -1.6083654e-01  -1.5896221e+00
   2.0000000e+00   4.3540427e-01   1.2149346e-01  -1.0719257e-01   9.4951725e-01   2.8890638e-01  -4.4712122e-01
   1.0000000e+00  -1.3061469e-01  -4.7517817e-01   6.7345571e-01  -2.0334587e+00   3.8929924e-04   2.9706360e-01
   2.0000000e+00  -2.1678775e-01   2.7533587e-01  -1.4623676e+00  -7.6270397e-01   1.2740679e+00  -8.3207952e-01
   2.0000000e+00   1.0825647e+00  -2.5515164e-01  -1.4270970e+00   5.9302335e-01  -7.1348580e-01   5.6494731e-02
   2.0000000e+00  -1.5195082e+00  -1.5899549e+00  -7.7919620e-01  -1.1407895e-01  -2.9524972e-01  -1.2811725e+00
   1.0000000e+00  -1.8304285e-01   6.3375272e-01   5.2167172e-01  -3.1990748e-02  -1.1661178e-01   4.2834264e-01
   1.0000000e+00   1.0152685e+00   8.9331520e-01   2.8334850e-01  -7.3822337e-01   6.9070665e-01   1.2898316e+00
   2.0000000e+00  -8.2840747e-01   2.6726545e-01  -9.5344000e-01  -3.2540615e-01   4.1540812e-01  -1.1258533e+00
   2.0000000e+00   1.7157782e-01   2.5397359e+00  -1.5039992e+00  -1.4601593e+00  -1.5489271e+00   3.6204536e-01
   2.0000000e+00  -2.5734902e-01  -1.9304261e+00   1.3014211e-01   1.0647124e+00  -1.2147391e+00   5.8311174e-01
   1.0000000e+00   5.1636213e-01  -4.9917537e-01   1.4356539e-01  -2.0345355e-01   3.6903093e-01  -5.2344256e-02
   2.0000000e+00  -1.3816508e+00  -9.9998861e-02   2.0093583e+00   1.5248932e+00   3.8038781e-01  -2.3481397e-01
   2.0000000e+00   8.3147440e-01  -8.5690062e-01  -3.3117257e-01   9.6428326e-01   4.6667939e-01  -7.7137985e-01
   2.0000000e+00  -1.6708770e+00   2.0186971e+00  -7.1629233e-01   2.0324952e-01  -5.7372156e-02  -1.6540696e-01
   2.0000000e+00   8.0236386e-01  -2.2965283e-01  -8.3236771e-01   5.4577764e-01   1.4929302e+00  -7.1625402e-01
   2.0000000e+00   6.0846398e-02   8.2206773e-01   1.5283654e+00   1.1832301e-01   7.1474003e-01   3.6593684e-01
   2.0000000e+00   2.5235731e-01   1.5291497e+00  -1.5377648e+00  -1.2943540e+00  -2.2396739e+00  -1.5624954e+00
   2.0000000e+00  -1.5282651e+00  -1.0166492e+00   2.6732252e-01  -9.5402219e-01  -2.6120790e+00  -1.8553335e+00
   2.0000000e+00   3.2533310e-01   1.0998013e+00  -1.6250055e-01  -1.5022142e-01  -1.0318234e+00   2.1147206e+00
   2.0000000e+00  -2.6626338e-02   1.1874541e+00  -1.1467788e+00  -1.2123453e-01   8.1844200e-01  -5.4711674e-01
   2.0000000e+00  -2.0010246e-01  -2.1212400e+00  -8.0099782e-01   6.3304887e-02   2.1422881e-01  -1.0999361e-01
   2.0000000e+00  -1.3232911e+00   6.3535759e-01   2.1416622e+00   1.5895764e+00  -2.1842315e-01  -2.4843089e-01
   2.0000000e+00   1.6623378e+00   5.8863284e-01  -1.0016509e+00  -2.7787042e-02   7.2343622e-01  -9.8557572e-01
   2.0000000e+00   1.1278707e+00  -1.3757407e+00  -5.0978066e-01   3.7476774e-01   1.6847256e+00   1.6916526e+00
   2.0000000e+00   1.0260279e+00   1.2264579e+00  -1.6205724e-01  -3.8116045e-01  -9.2678552e-02   9.6129866e-01
   2.0000000e+00   9.7417283e-01   7.3828603e-01   2.0719836e+00   1.6166372e-01   3.1045051e+00  -4.4389532e-01
   2.0000000e+00  -1.7448483e+00   4.1844954e-01  -1.1005744e+00   5.9788935e-01   3.2135155e-01   6.3727070e-01
   2.0000000e+00  -9.1314084e-01  -2.3313328e-01  -3.1490140e-01  -4.1120835e-01   5.9157074e-01   7.6640570e-01
   2.0000000e+00   1.1424130e+00   9.1745534e-01   1.6237107e+00  -6.3892813e-01  -8.8067955e-01  -9.3559207e-01
   2.0000000e+00   2.0950094e+00   2.1123052e+00  -3.7286619e-01  -1.4881036e+00   1.4886409e-01   1.5311217e+00
   1.0000000e+00   3.9522177e-01   8.3880457e-01   5.8924854e-01  -8.6046219e-01   5.9513454e-01   4.1821568e-01
   2.0000000e+00  -7.7717449e-04  -1.7050426e-02  -4.0469729e-02  -6.2383493e-01  -7.7319657e-01   1.0407310e+00
   1.0000000e+00   8.0278979e-01   3.3241916e-01   2.3429655e-02  -4.2718689e-01  -1.3156184e-01   5.4584956e-02
   2.0000000e+00  -6.5014476e-01  -4.1066881e-01  -1.1336063e+00  -1.1250305e+00   9.3660023e-01   5.9437253e-01
   2.0000000e+00  -3.3420326e-01   1.6267331e+00  -2.2792105e+00   9.8424067e-01  -3.8955450e-02  -1.5018037e+00
   2.0000000e+00  -1.2964831e+00   6.7961080e-01   5.8351702e-01   6.7725563e-02   8.2098230e-01   1.3951596e+00
   2.0000000e+00   1.6740274e-01   2.6851233e-01   1.3147104e+00   9.7163755e-01   5.0019496e-01  -2.1509076e+00
   1.0000000e+00  -2.6851375e-01   9.1711809e-01   4.8066679e-01  -9.9663265e-02  -2.7167894e-01  -1.6035030e+00
   1.0000000e+00   1.1738614e+00  -2.3233536e-01   7.1894760e-02  -7.1470594e-01   7.1903556e-01   7.9653220e-02
   2.0000000e+00   1.3730977e+00   2.2866476e-01  -3.4075903e-02  -1.6489932e-01  -8.2416557e-01  -8.9997008e-01
   2.0000000e+00  -7.1139832e-01  -1.1995819e+00  -1.3562058e+00   1.5485582e+00  -8.4779876e-01   8.5373349e-02
   2.0000000e+00  -8.9025497e-01  -9.2771168e-01   7.5720391e-01  -1.3613668e+00  -1.3167994e+00   8.8610784e-01
   1.0000000e+00   7.7089261e-02  -2.8857423e-01   5.9230114e-01  -6.1102298e-01  -5.2409540e-01   8.4030023e-01
   2.0000000e+00   2.0400365e-01  -1.9422762e+00  -1.1758837e+00  -1.5623520e+00   4.2889365e-01   4.4211378e-01
   1.0000000e+00  -9.1171345e-01   8.3813036e-01   6.6616689e-02   4.3511278e-01  -7.0377151e-01   7.2723058e-01
   1.0000000e+00  -6.5204762e-01  -3.9828091e-01   1.3640617e-01   1.5260993e+00  -7.7543046e-01   8.2698382e-01
   2.0000000e+00   1.2149621e-01  -3.2679565e-02  -1.1251157e+00  -3.2024676e-01   2.1529407e-01   8.4372238e-01
   2.0000000e+00  -1.1932380e-01  -1.3854671e-01   1.7901192e+00   1.1658627e+00  -5.4583799e-01   7.8034866e-01
   2.0000000e+00   2.1995171e-01   5.2992596e-01  -1.6265769e+00  -1.3696072e-01  -8.4105965e-01   9.4864612e-01
   2.0000000e+00  -2.2694036e+00  -5.8475811e-01  -2.4511233e+00   6.1597835e-01  -8.3445490e-01   6.7051570e-01
   2.0000000e+00  -5.3509846e-02   4.5384992e-01  -1.9186981e+00  -5.9609846e-02  -1.2981970e+00   6.7830632e-01
   1.0000000e+00  -4.8136545e-01   3.7796276e-01   8.0185960e-01  -1.0724326e+00   5.9018226e-01   1.7413177e-01
   2.0000000e+00  -4.1421699e-01   1.9510623e+00   2.8654166e-01   1.0428703e+00  -2.3635686e+00   1.5443572e-02
   1.0000000e+00  -3.0497835e-02  -1.1699700e+00   5.6287181e-01  -1.5299560e+00  -4.7838592e-02   7.2168684e-02
   2.0000000e+00  -1.4657464e-01   1.6835263e+00  -1.8223572e+00   1.2369577e+00   7.8917181e-02  -2.0235629e-01
   1.0000000e+00   3.5427756e-01  -1.4235779e+00   1.5963572e-01   3.2282324e-01   8.1983206e-01   2.3586101e+00
   1.0000000e+00   5.7502749e-01  -6.7179225e-01   1.8436409e-02  -1.4681241e+00   3.5722863e-01   2.5864304e+00
   2.0000000e+00  -3.5791714e-01   9.1170711e-02   1.1286234e+00  -6.7450745e-01   3.2018597e-01  -6.8441931e-01
   2.0000000e+00  -3.9818533e-01  -1.8887275e+00   3.4905148e-02   3.9473915e-01   1.4321021e+00   7.7456412e-01
   2.0000000e+00  -1.5703093e+00  -1.9115411e+00   3.2602784e-01  -2.0418682e-01  -1.6708108e+00  -5.2457621e-01
   2.0000000e+00   2.5300403e-01   1.1636148e+00   1.0922287e+00  -1.0626937e+00  -9.4141123e-01  -1.2692788e-01
   2.0000000e+00  -1.1824502e+00   1.2561305e+00   7.7409991e-01  -1.9383621e-01  -1.0690989e+00   7.3800028e-01
   2.0000000e+00  -6.7797690e-01  -2.9746971e-01  -7.5482100e-01  -6.6834227e-01  -5.3599945e-01   7.3045401e-01
   2.0000000e+00  -2.1980241e-01  -1.3675533e+00   2.5051328e-01  -4.0696603e-01  -1.2715156e+00   1.3068195e+00
   2.0000000e+00  -1.1636708e+00   5.8565352e-01   1.0677116e+00   6.1054233e-02   1.0721687e+00  -1.7927606e+00
   1.0000000e+00   1.0472234e+00   9.2689536e-01   4.6668412e-01  -6.6185480e-01   3.5233616e-02  -1.8341641e+00
   1.0000000e+00   1.0205480e-01  -1.5774534e-01   3.2048652e-01   1.0867497e+00  -4.1591422e-03   1.2128920e+00
   1.0000000e+00   5.9550613e-01   5.8990743e-01   7.4548849e-01  -1.8560475e+00   3.1391911e-01  -1.9154100e-01
   2.0000000e+00   1.0603471e-01   2.2215019e+00   2.6348834e-01  -3.6231804e-01  -6.6678708e-01   6.5224380e-01
