   2.0000000e+00   5.0053681e-01  -4.9776269e-01   1.4404144e+00   1.6468466e+00   4.5670666e-01  -6.5613113e-01
   1.0000000e+00  -5.2926240e-01  -8.0673521e-01  -6.5469532e-01  -5.6450425e-01   3.3859238e-01   3.4933219e-01
   2.0000000e+00  -9.2475306e-02   5.7861643e-01  -2.5826796e-01   6.6691630e-01  -6.9140528e-01  -2.0319254e+00
   2.0000000e+00  -2.1279302e+00   9.7526541e-01   8.5171098e-02  -6.3941434e-01   1.8500381e+00   1.1413574e-01
   2.0000000e+00  -5.4628502e-01  -1.2852267e+00  -6.7908424e-01   2.3841105e-01  -1.7469622e+00   1.4924808e-02
   2.0000000e+00  -2.1032435e+00  -6.5870718e-01  -1.8759344e+00   4.0866863e-01  -3.3003478e-01  -2.0257146e+00
   1.0000000e+00   1.7118066e+00  -1.2833414e-01  -1.0010764e+00   2.5403050e-01  -6.1009479e-02   2.9294168e-02
   2.0000000e+00  -6.3645282e-01  -2.2041339e+00  -9.1955989e-01   6.1310132e-01   2.1585422e+00  -4.8671473e-01
   2.0000000e+00  -1.8295326e-01   1.5550257e+00  -2.2203324e+00   1.2091600e-02  -1.7541295e-01  -3.7845467e-01
   2.0000000e+00  -6.9658487e-01   2.8985274e-01  -1.0064756e+00   2.0027409e+00   8.0195846e-01  -6.9233175e-01
   2.0000000e+00  -9.6574577e-01   1.6891790e-01   1.2193938e+00  -8.3510753e-01  -1.2689062e+00  -3.1777910e-01
   2.0000000e+00  -9.4425710e-01  -1.2637051e-01  -1.1939319e+00  -1.3349040e+00  -1.6473729e+00  -2.2076299e-01
   2.0000000e+00   2.8939148e-01  -1.6991134e+00  -1.0295580e+00  -1.7476595e-01   9.0673969e-01  -6.6312854e-01
   2.0000000e+00   3.8578495e-01   2.1996492e-01  -4.0501150e-01   1.0795244e+00  -8.6494320e-01   1.9463880e+00
   2.0000000e+00   9.6844017e-01   3.5032634e-01  -3.7633127e-01   1.1405061e+00   1.5869007e-01  -1.1443907e+00
   2.0000000e+00  -8.4039035e-01  -1.5398790e+00  -3.0981529e-01   7.8673698e-01   1.0167643e+00  -4.4728692e-01
   2.0000000e+00   5.0688883e-01  -1.6418998e-01  -2.1075052e+00   4.3698598e-01   4.2432110e-01  -1.2524793e+00
   2.0000000e+00  -6.5741912e-01  -7.3277975e-02  -7.4091036e-01  -1.6447082e+00  -7.7168391e-01   9.7489630e-01
   2.0000000e+00  -8.4830093e-01  -1.8345190e-01   4.0264314e-01   2.6476274e-02  -8.3436119e-01   1.6394812e+00
   1.0000000e+00   4.9700802e-01   1.7179313e+00  -7.3693726e-01  -1.9960439e+00   7.0895566e-01   6.1115538e-01
   1.0000000e+00   4.2072830e-01  -9.7798024e-01   7.1281970e-01  -4.4760686e-01   4.7855485e-01   3.0008051e-01
   2.0000000e+00   1.0457247e+00   5.9770259e-03  -2.2813725e+00   6.4124788e-01   2.2439524e-01  -6.3335319e-02
   1.0000000e+00   1.1896822e+00   4.8446071e-01   6.5609364e-01  -2.9410064e+00   2.4332791e-01   6.7971025e-01
   2.0000000e+00   7.2751075e-02   3.1524024e-01   8.9708591e-01   1.4312121e-01  -1.4491887e-01  -7.5454220e-02
   2.0000000e+00  -7.3129236e-01   2.5017468e+00   1.5255077e+00  -2.5527272e+00  -8.2292837e-01  -9.5143373e-01
   1.0000000e+00  -6.8472553e-03   1.4196886e+00  -9.1518418e-01  -4.3674706e-01   5.7094147e-01   3.3331000e-01
   2.0000000e+00   5.9137097e-01  -6.4476922e-02  -3.0760256e-01   1.4659483e+00  -2.4403097e-01   1.0338621e+00
   2.0000000e+00  -1.1117628e+00  -1.9450615e-01   6.8120486e-01  -1.1620378e-01  -2.9938423e-01  -1.2258338e+00
   2.0000000e+00   1.4067478e+00  -5.9972063e-01   8.9497005e-01   8.0234900e-01   1.7485990e+00  -1.7130982e-01
   2.0000000e+00   2.4262345e+00   4.3621188e-01  -2.4722796e-01  -3.6935586e-01  -6.0727888e-02  -7.1286919e-01
   2.0000000e+00  -4.0863024e-01  -1.0822651e+00  -8.9247814e-01   3.0409959e-01   8.2263029e-01   6.4870170e-01
   2.0000000e+00   6.1800681e-01  -4.8010123e-01  -3.5601524e-01  -5.1048203e-01   4.5351013e-01   9.0495454e-01
   2.0000000e+00   2.7823501e-01   4.9557917e-01   7.6188385e-02   1.0879854e+00  -1.0458438e-01  -5.2278178e-01
   2.0000000e+00  -5.2793688e-01   9.7168783e-02   2.3616866e-01  -2.3105344e-01  -4.5942941e-01   1.9341142e+00
   2.0000000e+00   4.1021098e-01  -2.0625570e-02   1.2218260e+00  -2.5184323e+00  -2.2684544e-01  -1.4359207e+00
   2.0000000e+00   1.3818311e+00  -7.2679860e-01  -1.0842810e+00   1.2863022e-01   8.2760219e-01  -8.8990801e-01
   2.0000000e+00  -2.2413551e+00  -2.8155913e-01  -2.3470719e+00   1.4579402e-01   2.4341419e+00   1.3730573e-01
   2.0000000e+00   5.3447434e-01  -1.6710703e+00   1.3698618e+00  -1.1042626e+00   4.2261472e-01  -3.7678483e-02
   2.0000000e+00   2.1546983e+00  -3.3779521e-01  -4.0176112e-01  -6.1555909e-01   8.0718450e-01  -2.0525590e+00
   1.0000000e+00   8.4136122e-02  -6.1518430e-01  -1.1986789e+00  -1.2458263e+00   3.4875364e-01   2.4308543e-01
   2.0000000e+00  -4.7903816e-01   1.0092228e+00   1.1209002e-01   6.3274370e-01  -2.4498908e-01  -5.6909377e-01
   2.0000000e+00   4.2100937e-01  -2.5491371e-01   1.7366327e-01  -4.3306453e-01  -1.6635654e+00  -1.5924141e-01
   2.0000000e+00  -7.7099956e-01  -9.5454403e-01   1.1743638e+00  -1.3638614e+00  -5.7053115e-01  -4.4428358e-01
   2.0000000e+00  -7.5298589e-01   5.6227822e-01   2.4958684e+00  -1.1144552e+00   8.9113900e-01  -7.6105148e-01
   2.0000000e+00  -1.3905763e+00   1.0038673e+00   1.0277049e+00   7.4840727e-01   1.3221036e+00  -8.4569195e-01
   2.0000000e+00   1.0976034e+00  -1.3771323e+00  -2.6377483e+00  -4.1822185e-01  -5.3898958e-01  -1.1410637e+00
   1.0000000e+00  -9.7765554e-01  -7.7511502e-01  -2.8326607e-01   6.1395911e-02  -3.1724411e-01   2.5007798e-01
   1.0000000e+00   9.3369091e-01   2.3175672e-01   8.4101207e-01   1.5560065e+00   7.3587895e-01   1.2876154e-01
   2.0000000e+00  -1.0537765e+00   9.7837747e-01  -8.1341127e-01   4.6683976e-01  -1.4871579e+00  -1.0192247e-02
   2.0000000e+00  -5.1165960e-02  -3.5804954e-01  -3.9384909e-01   1.1182165e+00  -1.9806973e+00   1.3146828e+00
   2.0000000e+00   1.2935543e-01  -8.4141372e-01  -2.8176242e-02  -1.9113515e+00   9.9302218e-01   4.0389106e-01
   2.0000000e+00  -2.1517226e-02   9.0323085e-01   1.4503227e+00  -2.8380461e-01  -6.8881431e-01   1.2122808e+00
   2.0000000e+00  -5.4827988e-01   8.8782118e-01   3.4536854e-01   1.3200429e+00   1.0209268e+00  -2.3721267e-01
   2.0000000e+00   1.0792460e+00   2.4146067e+00  -1.3657655e+00  -8.0402769e-01   3.8656490e-01  -1.0049128e+00
   2.0000000e+00  -9.3673255e-01   6.4076029e-01   6.4120389e-01   1.7385975e+00  -1.8237175e+00   1.1962618e+00
   1.0000000e+00  -7.9922325e-01   6.4875770e-01   9.9665584e-01  -7.3729995e-01  -3.8156387e-03   3.5184662e-01
   2.0000000e+00  -4.6615535e-01  -1.2697892e+00  -1.4492271e+00  -1.4724132e+00   1.4428610e+00   4.5123892e-01
   2.0000000e+00  -5.2031657e-01   5.5180376e-01   8.8467269e-01  -4.8823142e-01   4.6558921e-01  -5.3340816e-01
   2.0000000e+00   2.3404780e+00   1.0261534e-01  -1.9949895e-02  -7.1444601e-01  -3.2774206e-01  -5.8411605e-01
   2.0000000e+00  -5.3629603e-01  -2.6001280e-01  -6.6331647e-01  -1.4567625e-01  -2.0844946e+00  -1.2029939e+00
   1.0000000e+00   1.7961071e+00  -1.9560933e+00   1.0172191e-02  -1.6662512e+00  -5.1486385e-02   1.0721485e-01
   2.0000000e+00   5.0512333e-01  -7.2528136e-01   1.4283571e-01  -5.1336718e-01  -1.7228788e+00   2.2268896e-01
   1.0000000e+00   1.9030693e-01  -5.9946565e-01   2.2336127e-01   2.4720713e-01  -3.2069245e-01   2.8294232e-01
   2.0000000e+00   8.1146367e-01  -3.8456953e-01   9.5683385e-01   1.2408949e+00   2.1847721e+00   6.5522187e-02
   2.0000000e+00  -5.1201166e-01   1.2452877e-01  -2.1280737e+00  -8.4208489e-01  -1.0455158e+00   1.1089347e+00
   2.0000000e+00   8.7427664e-01  -2.2021982e+00   7.6678062e-01   4.7055917e-01  -8.2456774e-01  -6.7485211e-02
   2.0000000e+00   1.4114328e-01   1.0115289e+00   2.0818339e+00  -1.1469897e+00  -1.4611611e+00   1.1740643e-01
   2.0000000e+00   1.7814198e+00  -7.3264755e-01   3.1928848e-01  -1.9430612e+00   6.3731673e-01   1.1679501e+00
   1.0000000e+00  -8.8738357e-01  -3.0901703e-01  -7.8928271e-01  -6.1271636e-01   7.0204229e-02   2.7669557e-01
   2.0000000e+00   1.0389818e+00  -6.0347020e-01  -7.0596062e-01   8.0013130e-01  -8.3376223e-01   2.1074075e+00
   2.0000000e+00   1.1885960e+00   1.4562421e-01   9.7740775e-01  -1.4109483e+00  -2.8327173e-01  -1.7008565e-01
   2.0000000e+00  -6.6647001e-01   1.0170934e+00  -1.9959451e+00  -1.5992760e+00   1.5634709e-02  -3.5360714e-01
   2.0000000e+00   7.9378770e-02   7.5478786e-01   9.7143288e-01  -1.2066011e-01  -1.4125455e+00  -2.8241987e-01
   2.0000000e+00  -2.7283233e-01  -2.2240240e-01   2.1322858e-01   4.8046167e-01   2.1882863e+00  -1.9446583e-01
   2.0000000e+00  -2.2435209e-01  -5.4743216e-01  -1.2435423e+00   1.4889257e-01   9.0605579e-01  -1.7398789e+00
   2.0000000e+00   2.2266691e+00  -6.6363512e-01  -5.5175771e-01   1.7831594e+00   5.5830091e-01  -1.1578332e+00
   2.0000000e+00  -6.5850956e-01  -8.0223801e-03  -5.5271328e-01   1.3970773e+00   3.8208687e-01  -1.1852061e+00
   1.0000000e+00  -1.8189462e+00   5.5194173e-02   1.3863909e-01  -1.6913818e-01   1.5995733e-01   9.2827221e-01
   2.0000000e+00   7.6039573e-01  -1.2457933e+00   4.7017784e-01   7.9182991e-01   1.6907473e+00  -1.1880771e+00
   2.0000000e+00  -2.3951361e-01  -7.1799517e-01   4.9520410e-01  -3.7269587e-01  -1.9486965e+00   1.3404400e-01
   2.0000000e+00   9.6848735e-01  -7.7531220e-02  -6.5285865e-01  -1.1791021e+00  -8.7729933e-01  -1.0780233e+00
   2.0000000e+00   6.7398485e-01  -6.0570176e-01   1.6965115e-01  -1.0954748e+00   1.2742180e-01  -2.5739832e-01
   2.0000000e+00   8.7350637e-01   2.2483378e+00  -4.5335381e-01  -2.3951538e-01  -1.1686899e+00  -1.0428804e+00
   2.0000000e+00  -5.6590872e-01  -4.9983926e-01  -5.2933426e-01   9.8826579e-01   8.1660837e-01   1.4092904e+00
   2.0000000e+00   2.3041134e-01   6.3585575e-03  -8.7720588e-01   7.3970386e-03   1.0660098e+00   9.1424229e-01
   2.0000000e+00  -1.1698739e+00   2.6451483e+00  -6.6467953e-01   8.5517556e-01  -1.5579975e-01   5.0373653e-01
   2.0000000e+00   9.7302903e-01  -8.2925154e-01  -8.8333971e-01   9.1536714e-02   1.4156511e+00   9.0642867e-01
   2.0000000e+00  -2.3580449e-01  -8.8837634e-03  -3.8624831e-01  -4.7096586e-01  -8.8613937e-02  -2.3755557e-01
   2.0000000e+00  -8.3592746e-01  -2.0136198e+00   4.5674360e-01   8.0022772e-01   1.9154144e+00  -1.8420589e-01
   2.0000000e+00   1.8904771e+00   3.6671594e-01   4.0305054e-01   1.1565341e+00   2.0560493e-01  -1.0652292e+00
   2.0000000e+00   4.3514261e-01  -1.6264071e+00   6.7182569e-01   9.6580469e-01   6.2058041e-01  -1.6074658e+00
   2.0000000e+00  -7.1784387e-02   6.7567033e-01   3.5312439e-01  -1.0515904e+00  -3.0968212e-02   2.9009756e+00
   2.0000000e+00   2.1885669e-01   7.3776046e-01  -1.5090450e+00   1.2948386e+00   1.4464712e+00   3.0084815e-01
   1.0000000e+00   4.8404080e-01   2.1228221e-01   1.2696185e+00   6.3572695e-01   2.9465696e-01   2.7264316e-01
   2.0000000e+00  -4.3794194e-01   1.8531426e-01   3.5438991e-01  -6.7012311e-01   9.9754788e-01   9.7720747e-02
   2.0000000e+00  -7.1266269e-01   4.3152201e-01  -1.1342313e+00  -4.1629396e-01   4.8898896e-01   1.8612847e+00
   1.0000000e+00   1.1714574e+00   4.1090271e-01   9.0344245e-01   2.0005528e-02   5.5917521e-01   7.6249894e-01
   2.0000000e+00   5.7133686e-02  -1.3100546e+00   1.0327312e-01  -1.9246192e+00   4.4557130e-01   9.6192803e-01
   2.0000000e+00   2.5705724e+00   5.8446744e-01  -3.1173753e-01   8.6283961e-01   1.4451317e-01  -2.7498120e-01
   2.0000000e+00  -4.4264686e-01   1.3152271e+00   4.9190169e-01  -3.1540594e-01   1.0613998e+00  -1.2472772e+00
   2.0000000e+00  -1.4879927e+00  -1.3638197e+00   6.5334097e-01  -2.8203731e+00  -1.3588090e+00  -1.7556310e+00
   2.0000000e+00   1.6049191e+00   1.1434554e-01  -1.3658951e+00   5.2816973e-01  -1.9143631e+00   1.9729604e-01
   2.0000000e+00   1.0923768e-01   4.4913594e-02   2.9338661e-01  -1.6214451e-01  -2.8201186e-01  -5.6884075e-01
   2.0000000e+00  -7.9439856e-01   6.8002557e-01   2.0631098e+00  -3.7060722e-01   2.2149791e+00  -2.5358460e-01
   2.0000000e+00   7.6972792e-02  -1.4583345e+00   5.3378160e-01  -2.3363198e-01  -9.5564486e-02  -1.4569662e-01
   2.0000000e+00   8.9492682e-02   7.0148425e-01   6.7486009e-01   9.8245543e-01  -1.5199396e+00   6.8762150e-01
   2.0000000e+00  -1.8621569e+00   9.3820029e-02   3.1787317e-01  -1.0021787e+00  -4.8024295e-01   1.5487196e+00
   1.0000000e+00  -2.8666097e-01  -2.0787207e-01  -1.3876183e+00   9.6937190e-01   7.1563124e-01   3.1664119e-01
   1.0000000e+00  -4.5441270e-01  -1.8336221e-01   1.8170940e+00   1.0018034e+00   2.2918658e-01   1.0375785e-01
   2.0000000e+00  -5.4379569e-01   5.0949565e-02  -6.7110119e-01  -1.5455735e+00  -8.8197856e-01  -1.3837561e+00
   2.0000000e+00   1.0429496e-01   1.0380546e+00  -5.6603256e-01   9.8635657e-01  -1.2376161e+00  -2.0622854e+00
   2.0000000e+00  -2.8362052e-01   1.4395569e+00   4.7216288e-01   8.7326668e-01   1.0538628e+00  -3.6507831e-01
   1.0000000e+00  -3.7074782e-01   8.5345360e-01   1.2158013e+00   1.4551652e+00   1.3002332e-02   3.1738529e-01
   2.0000000e+00  -9.4475972e-01   3.4282978e-01  -1.4650193e-01  -1.7796175e-01  -5.4900296e-01   8.8492444e-01
   2.0000000e+00   4.2999874e-01  -7.1099423e-01  -9.7086282e-01   4.9115828e-01   1.0281219e+00  -1.1034323e+00
   2.0000000e+00   1.2373709e+00  -1.0484545e+00   4.3532300e-01   9.7070382e-01   1.2430961e-01  -6.4967742e-01
   2.0000000e+00  -4.4835709e-01   4.2879825e-01   9.7486029e-01  -8.8889307e-01  -1.3907138e+00   4.1982503e-01
   1.0000000e+00   2.9835473e-01  -6.0420335e-01  -1.4282671e+00   5.3594147e-01  -4.2872259e-01   7.4820619e-01
   2.0000000e+00  -1.4656158e-01   7.2311658e-02  -6.5956240e-01   3.1078239e-01   1.3686746e-02  -5.3336994e-01
   2.0000000e+00  -5.7296822e-01   2.0069267e+00   2.2685518e-01  -8.0710401e-01   1.3584202e+00  -9.7179700e-01
   2.0000000e+00   4.1456251e-01  -9.3944072e-01   1.2551254e-01  -5.6069042e-01   1.5130374e+00  -1.3339800e+00
   2.0000000e+00   1.2439689e+00   9.0667327e-02  -2.1402570e+00   1.8695115e-01  -3.1818512e-01  -1.9586621e-01
   2.0000000e+00  -2.0145008e-02  -8.1514315e-01  -1.0689881e+00   8.9067519e-01   2.2822922e-01  -4.4950627e-01
   2.0000000e+00  -3.7203808e-01  -6.5084842e-01  -9.5476197e-01  -1.3228024e-01   4.4577421e-01  -3.7030877e-01
   2.0000000e+00  -4.4519226e-02  -1.1752338e+00  -1.5419476e+00  -5.0130787e-01   2.2557680e+00  -1.6357113e+00
   1.0000000e+00  -5.6022249e-01   4.2019175e-01   1.0609703e+00   9.3555275e-01   5.6941277e-01   2.9054810e-01
   2.0000000e+00   1.2650137e-01   4.0913335e-01  -8.6042558e-01  -7.4438031e-02  -4.7588353e-01  -1.3289775e+00
   2.0000000e+00  -6.1534719e-03  -5.6290364e-01   1.6764406e+00  -1.0837617e+00  -1.5278214e+00  -3.4808038e-01
   2.0000000e+00   4.5411890e-01  -9.7852337e-01   7.0268241e-01  -3.1398653e-01  -1.6883343e+00   5.0070364e-01
   2.0000000e+00   7.2775371e-01  -1.4577150e+00   4.0919501e-01   8.0316885e-02   8.0422547e-01   1.3140151e+00
   2.0000000e+00  -7.2740508e-01   1.0901778e+00   1.3770990e+00   3.4354885e-01   8.7674835e-01  -1.0451359e+00
   2.0000000e+00   7.8090148e-01  -1.1823204e+00   1.6108523e+00  -6.9561670e-01   4.5015354e-01   1.0960010e+00
   2.0000000e+00   2.3400923e-01   4.8639501e-01  -1.6239199e+00  -7.3142739e-01  -4.6580953e-02  -4.6365502e-01
   1.0000000e+00   9.5297480e-01  -3.1791256e-01   1.2501036e-02  -6.1322271e-03   5.3721263e-01   6.1078139e-01
   2.0000000e+00   1.4633002e-01  -2.4273020e+00   6.0632407e-01   1.4948735e-01   1.1685256e+00   1.0486992e+00
   2.0000000e+00   1.8456797e+00  -8.5411453e-01   6.0313242e-01   1.2971473e+00  -1.1427931e+00  -2.4668891e-01
   2.0000000e+00  -7.2796985e-01   5.7600003e-01  -2.1627627e+00  -5.3426562e-01   1.5606196e-01  -2.2138727e-01
   2.0000000e+00  -8.4895782e-02  -1.1989635e+00   7.3694859e-01  -2.1290668e+00   1.4882563e+00  -3.2663550e-01
   1.0000000e+00  -9.0865679e-01   1.1819596e+00   1.0576795e-02  -7.7935592e-01   4.8173004e-01   1.8429783e-01
   2.0000000e+00   9.6962867e-01  -9.6484882e-01   4.2560203e-01  -3.1373423e-01   8.8928166e-01   6.6868698e-01
   2.0000000e+00  -1.2491005e+00  -1.7680485e-01  -8.9727496e-01  -3.0822884e-01   9.9153612e-01  -3.3636437e-01
   2.0000000e+00   2.8823066e+00   2.4550196e-01   2.1473573e-01  -1.0093612e-01   7.5218665e-01  -1.1344203e-01
   1.0000000e+00   1.1083670e+00  -1.1849427e+00   6.6282470e-01  -9.3246420e-01  -6.6657016e-02   2.1206968e-02
   2.0000000e+00  -5.6177767e-01   1.4924727e-01  -2.6535572e+00  -3.4354469e-01   1.1753670e+00   4.7054342e-02
   1.0000000e+00  -6.3007525e-01   6.1099996e-01   1.9646676e+00  -5.7767254e-01   6.2203700e-02   8.1836276e-01
   2.0000000e+00   6.5607547e-01   4.8252182e-01   7.8181036e-01  -1.9652042e-01  -2.0716874e-01  -1.4666163e+00
   2.0000000e+00  -3.0125647e-01   9.9300289e-01   5.5397121e-01   9.9420000e-01   5.9810345e-01   1.1957579e+00
   2.0000000e+00  -4.7752287e-01  -1.8089934e+00  -1.7914562e-01   1.8677463e-01   5.9254850e-01   1.4839105e+00
   1.0000000e+00   1.8162749e+00   5.8899534e-01   6.0193179e-02  -1.1948561e+00  -9.7659384e-01   2.5502539e-02
   2.0000000e+00  -7.8573418e-01   5.5621100e-01   6.6996569e-01  -1.1273662e+00   1.8047476e-02  -2.6779451e-02
   1.0000000e+00   5.1008268e-01   7.6623727e-01   1.1162928e+00  -2.7866447e-01   5.5526250e-01   5.1829395e-01
   1.0000000e+00  -1.4029939e-01  -5.2482359e-01   1.9754531e-01   1.6510048e+00   6.0109755e-01   1.7075831e-01
   2.0000000e+00   2.3532433e-01  -1.4861675e-01  -1.6918859e-01  -2.7105129e+00  -1.0393254e+00   1.8123642e+00
   2.0000000e+00   5.3236740e-01   9.5264979e-01   4.5062369e-01  -6.3828016e-02   1.1551869e+00   4.5362307e-01
   2.0000000e+00  -1.0570749e-01   8.1028752e-01   5.2161030e-01   6.5567743e-01   9.2239590e-01  -1.2280278e+00
   2.0000000e+00   1.9595906e-01  -9.1432837e-01   9.4981583e-01   9.7485037e-01   1.8687999e-01  -9.2139303e-01
   2.0000000e+00  -7.2238726e-01   1.6317171e-01  -2.6764842e-01  -1.5545264e-01  -1.8635683e+00   7.4658757e-01
   2.0000000e+00  -3.6458358e-01  -3.1872251e-03   5.6986647e-01   2.4898566e+00  -2.4492186e-01  -1.6750776e+00
   2.0000000e+00  -5.8067282e-01   4.6892816e-02   2.3368969e-01   5.7611288e-01   1.0354354e+00  -1.8942824e-01
   2.0000000e+00   5.6165726e-01   1.0487775e-01   4.5694447e-01   1.7340554e+00  -7.1499262e-02   1.0645643e+00
   1.0000000e+00  -4.5318960e-01   2.4885035e-02  -7.8205804e-01   4.3214936e-01  -3.1201235e-01   7.0664560e-02
   2.0000000e+00  -3.9265655e-01   3.5130910e-02  -9.1165149e-01   8.0432714e-01   6.9605198e-01  -5.7793762e-02
   2.0000000e+00  -3.9603257e-01  -1.1255314e+00  -8.4970864e-01  -1.2513964e-01  -1.6020057e+00   1.1357843e+00
   2.0000000e+00  -1.3827207e-01   4.9058120e-01  -5.1607109e-03   8.0493311e-01   1.3213053e+00   1.8100138e+00
   1.0000000e+00  -2.7199767e-02   6.0014705e-01  -4.3825039e-01  -1.3880030e+00   6.6816210e-01   5.5257964e-03
   1.0000000e+00   4.2278907e-01  -6.1563544e-01   1.5159206e+00   7.4954937e-02  -1.3017015e-01   1.0605803e-01
   2.0000000e+00  -9.8394790e-01   3.6219133e-02  -2.6993967e-01  -4.1435374e-01  -1.1288614e+00   1.1512667e+00
   2.0000000e+00  -8.8421438e-01  -1.2306089e+00   8.7088720e-01   1.3835232e+00  -7.1244224e-01   1.4037887e+00
   2.0000000e+00  -3.7739607e-01   1.2902710e+00  -2.9217082e+00   5.1333506e-01  -1.1442656e+00   6.2842512e-01
   2.0000000e+00  -1.8656753e-01   7.3184645e-01   5.4651358e-02   5.9137026e-01  -2.3915209e-01  -1.6740038e-01
   2.0000000e+00  -2.2715020e-01  -2.6357169e-02   4.9645475e-02   1.6206426e+00  -9.8767065e-01   5.4275868e-01
   2.0000000e+00   1.6330808e-01   1.7769259e+00  -1.4216430e+00   7.5594825e-01   3.9013268e-01  -4.5130591e-01
   2.0000000e+00   7.2002510e-01   7.5020612e-01  -4.3995279e-01   3.9724626e-01  -1.3917096e+00   1.5774081e+00
   2.0000000e+00  -7.1702197e-01  -3.8486313e-01  -1.0796819e+00  -5.8136656e-01   1.3706482e+00   1.5856242e-01
   2.0000000e+00  -3.3689725e-01  -7.9544415e-01   1.2371912e-01   1.2235049e+00  -2.5635420e-01  -1.1609398e+00
   2.0000000e+00   6.7414233e-01   1.4548072e+00  -8.4956579e-01  -5.0831981e-01  -4.8870101e-01  -5.4159516e-01
   2.0000000e+00   8.0563766e-01   5.5222672e-01   1.3633612e+00  -3.4667868e-01   7.9247728e-01   9.7091292e-01
   2.0000000e+00   1.5519978e+00   1.9927512e+00  -9.6536956e-01  -8.4917877e-01   1.6746025e-01  -1.3168095e+00
   2.0000000e+00  -1.1881351e+00   5.2500461e-01  -1.8119612e+00   7.3089839e-02   3.1077812e-01  -6.6623246e-01
   2.0000000e+00  -5.6356099e-01   6.7818282e-01   1.3873956e+00  -1.1546865e+00   4.2433884e-01   1.1602793e+00
   2.0000000e+00  -4.0681588e-01  -1.3158907e+00   1.7909777e+00   6.3075667e-01   1.5871563e-01  -2.6849722e-01
   2.0000000e+00  -6.5032714e-01  -1.8516227e+00   1.9201560e-01   8.6057240e-01   6.5429852e-02  -5.3540499e-01
   2.0000000e+00  -6.4386914e-01  -1.0664943e+00  -1.4310665e+00  -7.2757939e-01  -1.0173356e+00   3.5449334e-01
   2.0000000e+00  -1.3824456e+00  -1.5437242e-01   3.1122694e-02  -1.3990437e-01  -2.2809772e+00  -2.2126332e+00
   2.0000000e+00  -6.5370870e-01  -6.8320819e-02   1.9826686e+00  -3.4943353e-01   9.3333106e-01   1.5001678e+00
   2.0000000e+00  -3.1836117e-01   1.0341550e+00   6.1375237e-01  -1.2665030e+00   1.9879511e+00  -1.7406549e+00
   2.0000000e+00  -6.9515970e-01   1.2017902e+00   9.2163997e-02  -8.6722962e-01   8.1296250e-01  -3.9430549e-01
   2.0000000e+00   1.9683340e+00   7.3506451e-01   1.8905590e+00   3.6577808e-01  -9.9967013e-02  -6.8798575e-01
   2.0000000e+00   1.0101702e+00  -1.4278422e+00  -6.0808160e-01  -7.0557076e-01   1.2853374e+00  -5.1016555e-01
   2.0000000e+00  -9.7954374e-01   2.7250646e+00  -4.2380504e-01  -6.2345972e-01  -3.0674437e-01  -6.1875445e-01
   2.0000000e+00   7.0310161e-01   2.8423113e-01  -1.6768751e-01  -7.0174974e-01   1.7868536e+00   2.6941762e-01
   2.0000000e+00  -6.9860942e-01   6.0024342e-01  -1.6153207e+00  -3.2687980e-01  -1.9666973e+00   5.4188431e-02
   2.0000000e+00  -1.0520577e+00  -2.6598598e-01  -8.1310829e-02   4.4895562e-01   1.9171827e+00  -3.1564576e+00
   2.0000000e+00  -9.6383433e-01  -8.1137460e-01  -1.4260901e+00   9.8631575e-01  -2.6298044e-01  -2.7173948e-01
   2.0000000e+00   9.2507217e-01   7.2065770e-01   6.0912690e-02  -5.9453798e-01   6.0118339e-01  -1.4123496e-01
   2.0000000e+00   2.3340197e-01  -1.0052884e+00   1.5330434e+00  -1.7152923e+00  -5.2778304e-01  -3.4003431e-01
   2.0000000e+00   8.0105724e-01  -1.2009737e+00  -2.2982413e+00   7.3920806e-01   1.6123122e+00  -1.3690061e+00
   2.0000000e+00   2.4889651e+00  -9.2662738e-01  -3.5353441e-01  -5.7518037e-01  -1.4352934e+00   4.1573154e-01
   2.0000000e+00   1.5916249e+00   1.5204853e+00  -8.5086035e-01   5.8025287e-01  -6.3160272e-01  -4.1434348e-01
   2.0000000e+00   8.0168839e-01   1.8766305e-01   6.7976566e-01   3.3544995e-01   1.6536147e+00   9.3777313e-01
   2.0000000e+00   5.2512371e-01  -1.4562689e+00   5.6965188e-01  -3.1657974e-01   1.0962620e+00   3.1837980e-01
   2.0000000e+00  -4.3313341e-01  -1.0680903e+00  -3.5707619e-01   1.0149723e+00  -6.8642966e-01  -1.8531281e+00
   1.0000000e+00  -1.1853523e+00  -3.7377937e-02   1.9708520e+00   1.5340531e+00   5.7166906e-01   5.9503669e-01
   1.0000000e+00  -1.4511145e+00   7.9256135e-02   2.2931912e+00   9.6003526e-02  -1.0573389e-01   3.5104025e-01
   2.0000000e+00  -7.8099901e-02  -1.8431686e-01   2.3076713e+00  -8.6951610e-01   1.6393619e+00  -7.1553936e-01
   1.0000000e+00  -8.2631265e-01   4.5233151e-01  -1.5911423e+00   3.6098319e-01  -4.0787439e-01   2.2381138e-02
   2.0000000e+00   8.5591176e-01   2.8026605e-01  -5.1065028e-01  -6.6624183e-01   1.5381225e+00  -2.0149508e-01
   2.0000000e+00   1.2897121e+00   2.5167751e-02  -4.6974130e-01  -1.6783592e+00   5.1096956e-01   1.0916960e+00
   2.0000000e+00  -5.1357988e-01   1.4175868e-02   9.7634402e-01   1.6856180e+00  -1.3181127e+00  -1.8358234e-01
   2.0000000e+00   1.2733932e-01  -3.2698205e-01   1.7898717e-01  -1.8864055e-01   8.6266283e-01   8.2102727e-01
   2.0000000e+00   1.1910327e+00   5.3400281e-01  -4.5537893e-01  -5.4194776e-01   1.3798123e+00   6.1204174e-01
   2.0000000e+00   1.2178015e+00  -1.9359582e+00   3.8102212e-01   1.0069418e-01  -1.7503822e+00  -5.3839522e-01
   1.0000000e+00   1.1494648e+00  -5.2271363e-01  -1.5329600e+00   2.0029415e-01   8.8951242e-01   2.3461919e-01
   2.0000000e+00  -5.8735113e-01  -1.8256603e-01  -1.0988789e-01  -6.4065209e-01  -3.4294438e-01   1.8755932e+00
   2.0000000e+00  -9.8067285e-01  -5.4974505e-01  -2.5748046e-01   6.6647033e-01  -1.5501950e+00  -4.6850957e-02
   2.0000000e+00   1.4664187e+00  -6.1871876e-02  -1.0853956e-01   7.5942113e-02   1.5519217e+00   2.1258339e+00
   1.0000000e+00   5.5773620e-01  -7.1532949e-01  -1.8215395e+00   4.3833807e-01  -7.8369345e-01   5.0562679e-01
   2.0000000e+00  -1.1112101e+00   2.1196325e+00  -6.6740026e-01  -1.9500703e-01  -1.1053911e+00   1.9964303e+00
   2.0000000e+00  -1.2324988e+00  -2.6607113e+00  -1.2929252e+00   1.0186101e+00  -2.9587128e-01   7.4738324e-01
   1.0000000e+00  -5.3584644e-03   1.3327953e+00  -1.1687356e+00  -3.8819688e-01   1.9427244e-01   5.0491580e-01
   2.0000000e+00  -4.6986999e-01   5.9431448e-01   3.5018745e-01   7.3903749e-01  -2.3532177e+00   1.8505914e-01
   1.0000000e+00   3.1189353e-01  -1.0126923e+00  -1.1045271e+00   9.2541457e-01  -3.4099567e-01   9.3908015e-01
   2.0000000e+00   8.1200896e-01  -1.9085691e-01   3.7050064e-01   4.0446766e-01  -8.3603646e-01  -1.9263744e-01
   2.0000000e+00  -7.9696876e-02   8.1565099e-01  -1.1598298e+00   9.9035621e-02   2.1437948e+00  -2.9633861e-01
   2.0000000e+00  -8.0999367e-01   1.6961003e+00   1.2867460e+00   2.7844543e-01  -5.2282111e-01   9.4313041e-01
   2.0000000e+00   1.4097106e-01  -1.0428884e+00   1.9222607e+00   2.2078365e-01  -5.5479754e-01   1.2421784e+00
   2.0000000e+00  -1.0926307e-01   1.0327611e+00  -7.6826414e-01  -7.4202841e-01  -6.7594066e-01  -3.9432851e-01
   2.0000000e+00   2.6775563e-02  -2.9815792e-01   1.4736621e+00  -1.6289100e+00  -2.0694784e-01  -1.0618441e+00
   2.0000000e+00  -8.8260076e-01   1.8835226e-01  -4.9709206e-01  -7.7036121e-01  -2.1463609e+00   2.6381970e-01
   1.0000000e+00   1.2350675e-01   1.2334535e+00   8.8732441e-01   1.5415313e+00   2.9276340e-01   9.1111020e-01
   2.0000000e+00  -9.6890513e-01   1.0498290e+00   1.3677410e+00  -1.2170503e-01   1.5125377e+00   9.8413830e-01
   2.0000000e+00   1.4192242e+00  -1.2385810e+00  -4.8635652e-01  -1.9967074e-01   1.4776598e+00  -1.8419483e+00
   2.0000000e+00   7.2687085e-01  -1.1551789e+00   4.1472248e-01   8.1069833e-01  -1.1523691e+00   3.7399886e-01
   2.0000000e+00  -6.4240061e-01   2.5857776e-01  -1.3538454e+00   2.0790726e-01  -6.4911079e-01  -1.2876022e+00
   2.0000000e+00   1.8805779e+00  -2.8787940e+00  -4.0949112e-01   1.2957905e+00  -3.9675207e-01  -1.1873799e+00
   2.0000000e+00   1.3170830e-01  -6.5590988e-01  -1.3917363e+00  -2.4167468e-01   1.1288870e+00   8.9348854e-01
   2.0000000e+00  -2.9619739e-01  -1.7473051e+00  -1.0888170e+00  -9.9685862e-01  -1.4336351e-02   1.0381547e+00
   2.0000000e+00  -1.5401538e+00   8.8188081e-01   6.0467933e-01  -3.6249511e-01  -1.4685525e+00   1.5560396e-01
   1.0000000e+00   4.4611354e-01   1.0764999e+00   1.2021728e+00   1.7391100e-01   6.4232499e-01   2.3947016e-01
   2.0000000e+00   5.2722397e-01   5.4813755e-01   1.1047153e+00   4.1485377e-01  -1.3991030e+00  -1.9063844e+00
   2.0000000e+00  -7.9728815e-01  -4.7709869e-01  -3.5113437e-01   8.4633702e-01   1.6757634e+00  -5.8787706e-01
   1.0000000e+00  -6.3628850e-01  -1.5934391e-01  -5.0179395e-01   3.3883229e-02   6.2708608e-02   4.1130379e-01
   2.0000000e+00  -5.3433637e-01   7.2963902e-01  -9.0715886e-01  -1.5045125e+00   9.4784770e-01   4.5726204e-01
   1.0000000e+00  -8.9381606e-02   6.2006793e-01  -1.2105812e+00  -3.3187507e-01   3.2702624e-01   5.3356433e-01
   2.0000000e+00  -1.4883465e-01  -1.4223802e+00  -1.9439616e+00   3.8747964e-01  -1.3402599e+00  -1.4325445e+00
   2.0000000e+00  -5.7193612e-01  -1.0210951e+00   1.7486545e-01   9.2931508e-01  -2.8750323e-01  -3.1143741e-01
   1.0000000e+00   4.5525293e-01  -3.0792074e-01   4.4159861e-01  -1.3476533e+00   7.1034513e-02   8.2074976e-01
   2.0000000e+00   2.1807588e-01   3.9057118e-01   1.9436304e+00  -2.9197732e-01   4.2666441e-01  -1.0337756e+00
   2.0000000e+00  -7.5469606e-01   1.1491141e+00   1.4779963e+00  -1.0410151e+00  -1.3312998e+00   1.3381368e+00
   2.0000000e+00   4.5958943e-01  -1.0148996e+00   2.5618783e-01  -8.2701090e-01   1.3603767e+00   2.8107535e-01
   2.0000000e+00  -3.9804805e-02  -5.9408270e-01   1.4565264e+00  -2.9854346e+00   3.6192206e-01   1.5604262e+00
   2.0000000e+00   1.4457808e-01   4.0295623e-01   1.4865954e+00  -1.1134180e+00  -3.8363123e-01  -1.8600904e+00
   1.0000000e+00   1.0737916e+00   4.0131005e-01  -1.1747563e+00  -6.7927624e-01   5.4570973e-01   6.1200642e-01
   2.0000000e+00  -2.0758765e+00  -6.6820608e-01   1.1309467e+00   6.4702937e-01   1.0832698e+00  -1.1509239e+00
   2.0000000e+00  -1.5832111e+00  -8.7256177e-01  -4.3674953e-02  -5.5408348e-02  -3.4312864e-01  -1.1169543e-01
   1.0000000e+00  -3.7378974e-02  -1.2197751e+00   4.6887214e-01  -6.5702849e-01  -3.1027752e-01   6.9211436e-01
   2.0000000e+00  -1.8045559e+00   1.5294028e-01  -1.6323554e+00   3.4822004e-01   2.4910229e-01  -1.3940327e-02
   2.0000000e+00   6.9389006e-01  -5.0143232e-01  -1.4731385e+00  -2.4213254e+00   2.7025925e-01   1.3836369e+00
   2.0000000e+00  -5.5448213e-01  -1.1434234e+00   5.5161635e-01   3.6540549e-01  -1.3586150e+00  -3.6233703e-01
   2.0000000e+00  -1.3026535e-01   2.1983534e+00   1.9080420e-01   1.1851708e-01   1.0059138e+00   1.9557521e+00
   2.0000000e+00  -1.3487327e+00   3.6960457e-01   9.1505398e-01  -1.9752630e+00  -9.9845187e-01  -3.6733790e-01
   2.0000000e+00   1.5912636e-01  -8.3941580e-01  -2.5109694e-01  -2.6159795e-01   6.3969950e-01   9.0452455e-01
   2.0000000e+00  -1.4359071e+00  -1.3556556e-01   8.0926669e-01  -7.3448063e-01   1.3797775e+00   3.9182681e-01
   2.0000000e+00   2.5677151e-01  -1.6841333e-01   6.2498360e-01  -2.8746771e-01  -3.2075715e-01   2.0836584e+00
   2.0000000e+00  -6.2341925e-01   8.7638738e-02  -1.9816417e+00  -4.5736974e-01  -1.1686539e-01  -2.9531243e-01
   2.0000000e+00  -3.6469707e-01  -1.5352964e+00  -6.1645073e-01   4.5388784e-01   2.5872261e-01  -2.8041362e-01
   2.0000000e+00   4.9329875e-02   2.0699381e+00   1.2969330e-01  -2.7295120e-01   1.4516022e-01   8.3961508e-02
   2.0000000e+00   1.8495126e-01   1.6033788e+00   1.6513355e-01  -1.7101294e-01  -5.9325344e-01  -2.8695504e-02
   2.0000000e+00  -3.2503820e-01   1.1664512e+00  -1.0165536e+00  -7.1227975e-01   3.5244620e-01   1.8259390e+00
   2.0000000e+00  -7.7383013e-01  -1.6801676e+00  -9.5276377e-01   8.4123647e-01   1.0573159e-02   1.3356451e+00
   1.0000000e+00  -3.8668816e-01   2.4646448e-01   4.9598418e-01   6.7864717e-01   2.1212772e-01   6.9880400e-01
   1.0000000e+00   1.0257252e+00  -1.4601374e-01   2.3113206e-03   6.9967186e-01  -2.0291514e-01   9.1286435e-01
   2.0000000e+00  -1.6017445e-01   2.2735710e+00   7.7262519e-01   9.5455519e-01   3.9074626e-01  -4.6265867e-01
   2.0000000e+00   2.1364370e-02   6.5147800e-01  -7.4566571e-01   8.2199486e-02   1.2982257e+00  -5.1874256e-01
   2.0000000e+00   9.1525659e-01  -1.1558339e+00  -5.1274368e-03   4.4526290e-01  -2.4066434e+00  -4.6679251e-01
   2.0000000e+00  -3.0653610e-01  -2.8357339e-01   1.0315657e+00   1.2942410e-01  -1.5982688e-01  -1.8373336e-01
   2.0000000e+00  -1.7256723e+00   1.4603294e+00  -1.7781952e-02   2.1656948e-01  -6.8873278e-01  -3.2673961e-01
   2.0000000e+00   1.0222775e+00  -1.3343971e+00   6.8684746e-01   8.3331924e-01  -1.8883148e+00  -3.7552255e-01
   2.0000000e+00  -6.1276383e-01  -3.7640089e-01   2.1372191e+00   9.2518817e-01  -5.5692262e-01  -5.3253352e-01
   1.0000000e+00   5.8630537e-01  -1.3839813e-01  -1.4577571e-01  -2.1673937e+00   5.7201102e-01   5.0808094e-01
   2.0000000e+00   3.3202948e-01  -1.0289430e+00   8.8750715e-02   1.7378638e+00   3.8308876e-01  -4.8494971e-02
   2.0000000e+00   9.6620629e-01   3.0166791e-01   1.1584179e+00   4.8561446e-01   2.2116866e+00   1.2240710e+00
   2.0000000e+00   1.4221224e+00   2.7967730e-03   3.1606429e-01  -1.0314819e+00  -2.6824222e+00   1.0667254e+00
   2.0000000e+00  -4.0221911e-01  -5.7406542e-01   1.2788756e+00   1.0734731e+00   1.0024660e+00   3.4590709e-01
   1.0000000e+00  -2.8583126e-01   3.8639881e-02  -5.3301962e-01   2.7838121e-01  -6.9704576e-02   4.2782115e-01
   2.0000000e+00   1.5597449e+00  -1.0551670e+00   1.9338824e-01  -1.5874603e+00  -1.5536333e+00   2.2306013e-01
   2.0000000e+00  -9.3196178e-01   1.4466608e-01   7.2173380e-01   7.4224674e-01   2.6653811e-01  -3.8081364e-02
   2.0000000e+00   1.7231820e+00  -3.9646098e-02  -1.2018170e+00  -7.0755544e-01  -2.9038154e-01  -2.4560589e-01
   2.0000000e+00  -4.7814346e-01   1.6066567e+00  -3.7568251e-01   1.1291716e+00  -1.4327649e+00   1.0323322e+00
   2.0000000e+00   1.3429468e+00  -3.4778379e-01  -1.6044409e-02  -2.2329860e+00   1.3835999e+00  -7.7515923e-01
   2.0000000e+00   9.8464605e-02  -5.1027240e-01  -1.4348789e+00  -6.9071849e-01   5.7691191e-01  -3.1362495e-01
   2.0000000e+00   1.4634242e+00  -8.6023877e-01   1.9163206e-01  -2.0204996e+00   7.5675900e-02  -1.7388501e+00
   2.0000000e+00   6.0130905e-01  -3.6767602e-01   8.5201985e-01   5.2794229e-01  -1.3909356e+00   3.2801905e-01
   2.0000000e+00  -4.3322350e-01   3.7627627e-03   4.4736376e-01   1.0971037e-01   1.3516787e+00   7.7317624e-02
   2.0000000e+00  -1.1560833e+00  -9.3276803e-01   1.8720444e+00  -1.8310163e+00  -9.5730077e-02  -9.0286001e-01
   1.0000000e+00  -2.3083936e+00  -3.6255787e-01  -1.1506941e-01   3.6084050e-01   6.1751045e-01   3.9909769e-02
   2.0000000e+00   1.7982847e-01   1.3866452e-02   4.6023571e-01   6.3925274e-01   2.0395133e+00   7.6216821e-01
   1.0000000e+00  -1.5394169e+00   8.6452297e-01   1.6830267e-01   2.2905588e-01   8.0906882e-01   5.5819388e-01
   2.0000000e+00  -1.3659815e+00   4.6556425e-01   3.6052818e-01   4.6965231e-01   1.3836181e+00   1.2489784e-01
   1.0000000e+00  -4.5205581e-01  -7.6493140e-01  -1.8734125e+00  -8.5357995e-01   4.4411661e-01   7.2398339e-01
   2.0000000e+00  -8.5447363e-01   1.3235763e+00   1.0261147e+00  -1.1577935e-01  -2.2390690e+00  -7.4075599e-01
   2.0000000e+00   5.7842510e-01   8.0629387e-01   1.4746677e-01   2.1340148e-01  -2.1897723e+00  -1.8984763e-03
   2.0000000e+00  -6.9720891e-01  -6.4510084e-01   1.6814371e-03   2.9169130e-01   2.5303367e-02  -5.6087794e-01
   1.0000000e+00   6.0481758e-01   2.1391212e-01  -1.4005665e+00   2.8445291e-01   4.2581474e-01   2.9223131e-01
   2.0000000e+00   1.6542271e+00  -1.1247918e+00   9.0394012e-02  -2.6625912e+00   1.2073948e+00  -1.2302619e+00
   2.0000000e+00  -8.3316028e-01   1.3635922e-01  -2.9327254e-01   2.1903621e+00   2.0734316e+00   7.9540987e-01
   2.0000000e+00  -2.7539197e-01  -1.4930094e+00   3.2981980e-01   5.1230696e-01   1.2556135e+00   1.3074004e+00
   2.0000000e+00   6.4639947e-01   1.6469032e+00  -7.2660594e-01  -1.6086314e+00   1.0771417e+00  -2.1696968e-01
   2.0000000e+00  -1.6329134e-01  -1.3477946e+00  -7.6141164e-01  -3.4401114e-02   8.9578204e-01   7.0629502e-01
   1.0000000e+00  -6.0029068e-01   7.8948342e-01   5.8109043e-01  -5.4353402e-01   9.1611856e-01   1.8789858e-01
   1.0000000e+00  -2.6025289e-01   7.5392775e-02   4.8598161e-01   6.8730854e-01   7.3959064e-02   6.0570397e-01
   2.0000000e+00   1.4415724e-01  -2.1696918e+00   2.3874157e-01   1.7860968e+00   1.2669892e+00  -1.6236244e-01
   2.0000000e+00  -7.3244549e-01   2.4418178e-01  -5.2352177e-01  -8.9743464e-01   1.6310389e+00   1.1061160e-01
   2.0000000e+00  -1.8148763e-01   1.6893628e+00  -1.9436378e-01  -7.5362117e-01   1.3833900e+00   4.4953782e-01
   1.0000000e+00   6.9450645e-01  -6.3781149e-01  -8.8366136e-01   8.0090121e-02  -8.6111755e-01   1.2517258e-01
   2.0000000e+00   9.5064750e-01   7.9671834e-01   1.2890826e+00   4.0415076e-02   1.2654762e+00  -5.4901880e-01
   2.0000000e+00  -1.4151525e+00   2.1729495e+00   8.3759695e-01  -8.5217668e-01   2.0437288e+00   2.3891902e-01
   2.0000000e+00  -5.1565387e-01   1.9661695e-01  -1.7110087e-01   2.2401714e+00   1.2414920e+00   3.1687537e-03
   2.0000000e+00  -1.0562243e+00   3.4989641e-01   1.7505860e+00   1.4729781e-01  -1.2874716e+00   6.7029087e-01
   2.0000000e+00  -1.2599129e+00  -1.8541578e+00   1.3654649e+00  -7.9047436e-02  -5.2383893e-01  -1.1825076e+00
   2.0000000e+00  -8.1134264e-01  -1.8650758e-02   1.6752920e+00  -1.2421516e+00   1.1249448e+00  -1.0973386e-01
   2.0000000e+00  -1.1969498e+00   8.9774818e-01  -4.6000424e-01   1.3981812e-01   9.2010193e-01   8.4012847e-01
   1.0000000e+00  -1.3631105e+00  -1.4746491e-01  -5.5941193e-01  -2.4634733e+00   2.0089616e-01   2.8288267e-01
   2.0000000e+00  -5.9279902e-01  -1.9542230e-01   7.8174660e-02  -7.5395149e-01  -2.9271425e-01  -2.8276168e-01
   2.0000000e+00   2.5828921e-01  -5.3928789e-02   8.9436580e-01  -5.3595657e-01   6.4445907e-01  -5.3715055e-01
   2.0000000e+00  -4.7312431e-01  -2.8854924e-01  -6.9535005e-01  -8.4709935e-01  -2.1018249e-01  -3.7076097e-01
   1.0000000e+00   9.2643606e-03   6.4433646e-02   2.2916829e-01   1.5527817e+00   4.9419914e-01   6.2802974e-01
   2.0000000e+00  -1.7714249e+00  -3.3905570e-01  -1.0690942e+00   4.8086775e-01   1.1599489e+00   7.3203314e-01
   1.0000000e+00  -5.7783328e-01   4.4800160e-01   1.5859822e-01  -1.5922000e+00  -8.6327144e-02   3.8963696e-01
   2.0000000e+00   1.5696298e+00  -6.4102346e-01  -6.6664995e-01   4.5485651e-01   8.1089314e-02  -7.6768497e-01
   2.0000000e+00   5.5057286e-01  -3.2095687e-01   1.2144859e+00   6.3477590e-01  -9.8965322e-01  -1.6642395e-01
   1.0000000e+00  -6.1145750e-01  -1.1184648e+00  -1.5869531e+00  -8.2107050e-01  -2.7421123e-01   3.7516356e-02
   2.0000000e+00  -5.0316772e-01   1.7390453e-01  -1.1470164e+00  -1.0113058e+00   2.4844548e-01  -1.7481166e+00
   1.0000000e+00  -1.5481145e+00  -1.3926129e+00   4.9472112e-01   6.0336213e-01  -6.4884601e-01   3.5893190e-01
   2.0000000e+00   8.0561145e-02   8.2190575e-01   1.0233707e+00   1.4565541e+00  -2.1964018e-01   1.2058655e+00
   2.0000000e+00  -2.4687791e-01  -6.5339105e-01   2.9836450e-01   6.2262480e-01   1.4409993e+00   1.0007245e+00
   1.0000000e+00   1.9104523e+00  -7.9198782e-01   1.7009533e-01   9.7442331e-01   8.3554913e-01   2.1943400e-01
   2.0000000e+00   1.1026908e+00   1.0582297e+00  -1.0465092e+00  -2.8427616e-01   1.4206109e-01  -1.0153713e+00
   1.0000000e+00   2.5433630e-01   4.5040390e-01   7.1874888e-01   4.3889179e-01  -5.7428917e-02   9.3304199e-01
   2.0000000e+00   6.3647073e-01  -3.3569985e-01   9.0345378e-01   6.3559899e-01  -1.3443206e+00  -4.4949104e-02
   2.0000000e+00  -3.9782399e-01  -1.5062066e-01  -4.4356592e-01  -1.2002368e+00   1.3784892e+00   4.4347728e-01
   2.0000000e+00   1.5405090e+00   2.6402949e-01   9.6837552e-02  -7.8154043e-01   1.2848599e+00  -4.3653457e-01
   1.0000000e+00   7.9557441e-01   1.1629448e+00  -3.2793159e-01   7.8097735e-01  -2.2587256e-01   1.9745240e-01
   2.0000000e+00   1.2259198e-01  -4.9843755e-01  -2.1432398e-01   2.9703065e-01   4.1670395e-01  -3.3905327e-01
   2.0000000e+00   1.1941710e+00  -8.8421452e-01  -5.5805367e-01  -9.3621686e-01   9.0902995e-01  -1.3443251e-01
   1.0000000e+00   5.4677761e-01  -7.3220734e-01  -9.1564630e-01  -1.0571590e+00   1.4351885e-02   2.6669358e-01
   2.0000000e+00   1.7856531e+00  -7.7052393e-01   4.1559751e-01   1.3629668e+00  -5.7509139e-01  -1.3898801e+00
   2.0000000e+00   7.2416048e-01   1.3069588e-01   1.0574436e+00   1.2332575e+00  -8.8121709e-01  -2.2707775e-01
   1.0000000e+00  -1.0528281e-01  -7.6776978e-01  -5.7149834e-01   1.3324881e+00   5.7924014e-01   2.9786689e-01
   2.0000000e+00  -1.4671741e+00  -1.3261962e-02  -4.3412359e-02  -1.1679291e+00   7.7819690e-01  -9.6708139e-02
   2.0000000e+00   4.8628206e-01   1.7739569e-01   1.1037946e+00   3.8444662e-01   1.7039284e+00   1.4281973e+00
   2.0000000e+00  -1.1639447e+00  -1.5963205e+00  -4.1116451e-01  -1.7127188e+00   1.4631894e-01  -1.1505871e+00
   2.0000000e+00  -1.9393765e+00  -4.1181814e-01   5.9409695e-01  -2.2721825e-01  -3.7451549e-01  -6.1382375e-01
   2.0000000e+00  -1.0394772e+00  -8.5361595e-01  -3.4482179e-01  -1.3942679e+00   1.1664955e+00   6.6370457e-01
   2.0000000e+00   1.4912271e-02   1.3038382e+00  -1.5795902e-01  -1.5942290e+00  -2.2190419e-01   1.0397046e+00
   2.0000000e+00   3.0159812e-01  -1.2652673e+00  -9.6944301e-02   6.9525603e-01   3.2658115e-01   1.8739367e+00
   1.0000000e+00  -1.0214862e+00  -1.4739536e-01  -6.2629239e-01   5.4572101e-01   2.1092031e-01   2.1761237e-01
   2.0000000e+00   6.9058608e-01  -7.8679710e-01   9.5745477e-01  -5.8904952e-01   1.0167991e+00  -1.1913507e+00
   2.0000000e+00   1.0751023e+00   1.1837151e+00   1.6911359e+00  -9.6650188e-02  -9.7750955e-01   9.0613943e-01
   2.0000000e+00  -4.9535468e-01   1.0662300e-01  -6.7896749e-01  -1.9653015e-01   7.6167267e-01  -4.6118082e-02
   2.0000000e+00   1.8108761e+00  -2.4839183e-01  -6.2954008e-01   8.0267386e-01  -4.6772834e-01   1.4958634e+00
   2.0000000e+00  -7.9221217e-01  -5.8425620e-02  -1.2799729e+00  -1.1128551e+00  -2.0297605e-01  -2.7857767e-01
   2.0000000e+00  -2.7207171e-01  -1.2100677e+00  -9.6932894e-01  -2.0289181e+00  -1.3225789e+00   1.0095364e+00
   2.0000000e+00  -1.2949166e+00   6.8929811e-01  -6.7197644e-01   1.6535872e+00   1.4829944e+00   9.0434415e-01
   1.0000000e+00   7.4439896e-01   1.6659228e+00   1.0591604e+00  -3.6999557e-02   1.8869986e-01   8.5481995e-01
   2.0000000e+00   1.4316749e+00   2.9596235e-01  -2.4794022e-01   7.7693070e-01  -1.5206870e+00  -8.2419381e-01
   2.0000000e+00   1.3258819e+00   1.0842553e+00   4.5658390e-02   6.8940958e-01  -1.0923339e+00  -1.2428865e+00
   2.0000000e+00  -2.2960360e-01   3.0879590e-01  -1.1689951e+00   1.1553566e+00  -4.9781212e-01  -1.0078889e+00
   2.0000000e+00  -9.6103537e-01  -9.2027603e-02  -1.3753117e-01   1.5905362e+00  -1.5159389e+00   2.0303867e+00
   2.0000000e+00  -4.5275364e-01   3.7504782e-01   1.4847054e+00   2.3489142e-01   7.7874425e-01  -2.7483974e-01
   2.0000000e+00   9.8201008e-01   7.8591781e-01   7.7589419e-01  -5.0485677e-01   1.0842559e+00   4.8545275e-01
   1.0000000e+00   1.4005024e+00  -1.0332531e+00  -1.5081711e+00  -2.0407172e+00  -4.2653904e-01   1.4211489e-01
   1.0000000e+00  -1.0518139e+00   3.4070241e-01  -1.7642355e+00   3.2375707e-01  -2.5590165e-02   8.6069327e-01
   2.0000000e+00  -9.9222302e-01   8.0347082e-01   2.8530574e-01   1.2228020e+00  -1.2251027e+00  -8.4671040e-01
   2.0000000e+00  -5.5169483e-01   6.3012515e-01   5.1679468e-01  -2.7528596e-01  -1.1629789e+00  -1.1954118e+00
   2.0000000e+00  -2.7452294e-01   2.1529364e+00  -5.0639471e-01  -1.8433846e+00  -2.6449523e+00  -9.1611702e-01
   2.0000000e+00  -4.6725941e-01   2.8425775e-01   1.0358203e+00   5.6083389e-01  -1.5485238e+00   4.7107128e-01
   2.0000000e+00  -7.2583026e-01  -9.2503147e-01  -6.2382572e-01  -1.3697047e+00  -5.6805565e-01   1.1424153e+00
   2.0000000e+00  -6.4675779e-01  -6.1621478e-01   3.8815254e-01   2.0532294e+00   1.0408749e+00  -1.0294140e+00
   2.0000000e+00  -7.6240814e-01  -6.0256286e-02   9.7019518e-02   1.0137549e+00   6.3391255e-01  -2.5056587e+00
   1.0000000e+00   7.8137843e-01  -3.3444030e-01  -2.8044996e-01  -1.8398489e+00   7.0003030e-01   1.7911662e-01
   2.0000000e+00   5.1245598e-01   1.3487034e+00   1.0479985e+00   4.7724280e-01   2.2694108e+00   7.6644164e-01
   2.0000000e+00  -9.1959435e-01   4.5150352e-01   1.6667281e+00   2.5208521e-01   1.2814783e+00  -3.2209787e-01
   2.0000000e+00   5.4795684e-01  -2.7533600e-01   3.5960182e-01   7.1616859e-03  -2.1566021e+00  -5.4325748e-01
   2.0000000e+00   1.3661220e+00  -1.7278614e-01  -6.2832694e-01  -1.4130843e+00  -1.2703336e+00  -9.0010678e-01
   2.0000000e+00  -1.7674962e+00  -4.4357753e-01  -7.7650211e-02  -2.1518446e+00   9.2634524e-01  -1.4041983e+00
   2.0000000e+00   7.9054722e-03   8.0196881e-01  -3.1329413e-01   1.3255004e+00   9.5328971e-01  -1.6842420e+00
   2.0000000e+00  -2.9733179e-01   9.6295061e-01   9.0640828e-01   1.9424975e-01  -1.0474689e-01   1.6922880e+00
   2.0000000e+00   1.8827768e+00   7.4512259e-01  -2.3996291e-01   4.6796726e-01   9.3869204e-01  -4.6385128e-01
   1.0000000e+00  -1.1219377e+00  -1.2076816e+00  -5.3956093e-01  -1.0254060e+00   3.4319495e-01   1.7142262e-01
   2.0000000e+00  -2.4582858e-01  -5.2636258e-01  -6.6585954e-01  -3.6059211e-01   1.4160608e+00  -8.7426086e-01
   2.0000000e+00   4.6381372e-01   8.9029241e-01   9.4552701e-01   8.9692229e-01  -3.0206971e+00  -8.7718572e-01
   2.0000000e+00  -5.8120217e-01   2.7059939e-02  -1.9895302e-01   1.2325704e-01  -6.8523008e-02   2.0870350e+00
   2.0000000e+00   3.0190744e+00   6.6759555e-01  -2.7438763e-01  -1.1145649e+00   2.0230321e+00   2.5002709e+00
   2.0000000e+00  -7.1894358e-01   1.9912407e-01   1.0581208e+00  -1.3643833e-01  -1.4542008e+00   9.7662833e-01
   2.0000000e+00  -4.9375493e-01   5.9846882e-01   1.0409246e+00   9.4735192e-02   1.2862982e+00  -4.8039109e-02
   2.0000000e+00   1.3262744e+00  -1.9909459e+00   1.3620289e+00  -5.3891462e-01  -5.9376883e-01  -3.3695284e-01
   2.0000000e+00  -1.6053240e+00   6.5060532e-01   7.5966146e-01  -4.3587883e-01   8.3221082e-01  -7.5188413e-01
   2.0000000e+00   3.0110594e-01  -1.6289135e+00   4.8384865e-01   5.4194080e-01   6.0579236e-01  -3.5493171e-01
   1.0000000e+00  -1.7708641e+00   4.5590214e-01   2.0062775e-01   1.3067602e+00   2.5006484e-01   5.8111770e-01
   1.0000000e+00  -9.2034265e-01  -4.1100528e-01  -1.2420996e+00  -1.3719413e+00   5.7081604e-01   7.2057436e-01
   2.0000000e+00   2.8022914e+00   1.4710435e+00  -4.2397397e-01  -1.5327308e+00   3.1957306e-01   1.9805470e+00
   1.0000000e+00   1.1214037e-01  -8.8918745e-01  -4.7460892e-01   1.1709573e+00   2.3850906e-03   7.3348580e-01
   2.0000000e+00  -5.6465907e-01  -4.2430798e-01  -8.5232506e-01  -1.0751467e+00  -1.0929314e+00  -2.7425840e-01
   2.0000000e+00   7.0260634e-01  -6.0657330e-01  -8.4863811e-01   1.1012306e+00   4.3962356e-01  -8.6051214e-01
   1.0000000e+00   1.0075716e+00  -9.0842983e-01  -3.0785311e-01   2.0931906e+00  -1.8586309e-01   1.1408781e-01
   2.0000000e+00  -2.8949638e+00  -5.0010791e-02  -8.8276830e-01  -1.8107670e+00   3.6434908e-01  -2.9533742e-01
   2.0000000e+00  -2.6619238e+00   1.4573675e+00   1.1122409e+00   1.3333346e+00   8.4322305e-01  -1.3435945e+00
   2.0000000e+00   7.8784112e-01   4.6584014e-01  -4.0351392e-01   7.8724161e-01  -2.8361712e-01  -4.5873324e-01
   2.0000000e+00  -6.6231142e-02   1.5515961e+00   2.3388606e-01  -1.5742704e+00  -9.2902587e-01  -1.8709848e+00
   2.0000000e+00   1.1624272e+00   9.8959874e-01  -1.3010697e+00   7.4537514e-01   5.9356915e-01  -3.3490509e-02
   1.0000000e+00   7.8590388e-01  -1.4778280e+00   6.4016577e-01  -1.5809603e+00  -3.8067885e-01   7.3302794e-01
   2.0000000e+00  -4.7729852e-02   1.0332922e+00   4.6555907e-01  -1.4488536e+00   1.4102078e+00  -1.3948385e+00
   1.0000000e+00   1.8771980e+00   4.5068713e-01  -1.9260397e+00  -4.4336681e-01  -5.3949939e-01   5.2275568e-01
   2.0000000e+00  -4.8457172e-01   2.9610744e+00  -3.5467201e-01  -8.6474177e-02   9.9701470e-01   1.1797899e+00
   2.0000000e+00  -9.8534102e-01   5.9299306e-01   3.7816641e-01  -1.3079150e+00  -7.3772603e-01  -1.6957656e+00
   2.0000000e+00   1.9751902e-01   2.6283462e-01   1.2840156e+00   2.4441221e-01  -7.8310403e-01  -1.1993920e+00
   2.0000000e+00  -5.1600040e-01  -8.9031419e-01  -9.7517087e-01   4.2195582e-01   1.0823865e+00  -8.4184448e-01
   2.0000000e+00   1.9377904e+00   5.8925088e-01  -1.2208202e-01  -5.4743719e-01  -9.0413975e-01   1.2362506e+00
   1.0000000e+00  -1.9248503e-02  -5.9291514e-01  -5.2004665e-01  -1.3335221e+00  -7.7660526e-01   3.9329124e-01
   2.0000000e+00  -6.7286678e-01   5.9398297e-01  -6.2150053e-01  -1.1345146e+00  -3.3544319e-01  -2.8451901e+00
   1.0000000e+00   4.1095374e-01  -1.9199921e+00  -1.4602167e-01   5.3271633e-01  -4.2194455e-01   5.4898019e-01
   2.0000000e+00  -1.4559028e-01  -5.4296692e-01   1.9687031e-01  -8.6437654e-01  -1.9787581e+00   1.4606642e+00
   2.0000000e+00   2.1224650e-01   1.0636155e+00  -1.4732546e-01  -3.1408451e-01   1.4387058e+00   5.9691644e-01
   1.0000000e+00   5.6338310e-01   2.2831154e-01   1.2459155e+00  -1.6352329e+00  -4.7761167e-01   7.6408270e-01
   2.0000000e+00   1.1855318e+00   8.3455707e-02   1.9156974e-01   4.8905501e-03  -2.1520376e+00   9.7741546e-01
   2.0000000e+00  -4.1627942e-01  -1.5296292e-01  -8.8020751e-01  -1.1856761e+00  -1.6124884e+00   3.7362205e-01
   2.0000000e+00   9.5363676e-01  -3.6413286e-01   1.2326891e+00   1.8160812e-01  -1.5514152e+00  -4.3916595e-01
   2.0000000e+00  -3.3597017e-01   5.3160472e-01   8.0810087e-01  -8.7913147e-01   1.9797766e+00   9.0231853e-01
   2.0000000e+00   1.3350865e+00  -3.0184831e-01  -6.0276309e-01  -7.5849213e-01   1.4359403e+00   1.5575483e-01
   1.0000000e+00  -2.8177822e-01  -4.1664669e-01   1.0879084e-01  -1.2876413e+00   2.5902487e-01   7.4520260e-01
   1.0000000e+00  -1.2199229e+00   2.3396231e-01  -3.2550963e-01  -6.0159365e-01   2.1276873e-01   6.8329526e-01
   1.0000000e+00  -2.6500091e-02   1.5380711e+00   9.1402983e-03  -1.2064089e+00   4.0978364e-01   7.4795066e-01
   2.0000000e+00   2.6528308e+00  -2.8783497e-02  -1.5868892e+00   1.8481630e+00   2.6865785e+00  -1.2643271e+00
   1.0000000e+00   5.0787007e-01  -4.3943130e-01  -3.8620798e+00  -1.2786306e-01   7.2248439e-01   1.6532539e-01
   2.0000000e+00  -1.5917147e-01  -8.5007541e-01  -3.3436893e-01   1.2227435e-01   2.7492339e-01   2.5050490e+00
   2.0000000e+00  -1.4817362e-02  -3.6917269e-01   9.5260851e-01   1.1478194e+00  -4.7681808e-01  -1.4264015e+00
   2.0000000e+00  -3.4735656e-01  -4.8726146e-01  -1.3160512e+00   1.9227859e-01  -1.0455686e+00   4.1299557e-01
   2.0000000e+00  -8.1861527e-01  -1.7491363e-01   3.0009041e-01   2.7434692e-01   2.6720150e-01  -8.9913052e-01
   2.0000000e+00   1.6219876e+00   2.5689639e-01  -6.7714327e-01  -8.4815856e-01   2.5733691e-01  -3.3833930e-01
   2.0000000e+00   4.2362074e-01  -9.3360186e-01  -9.8507826e-01  -1.1311529e+00  -1.1266912e+00  -1.6038958e-01
   1.0000000e+00   2.4148455e+00  -1.0487620e+00  -2.0603926e-01   4.6903219e-01  -3.6226282e-02   6.8095916e-01
   2.0000000e+00   1.0107656e+00  -3.0490380e-02   2.5504405e-01  -1.8963573e-01   3.8454626e-01  -7.7501274e-01
   2.0000000e+00  -7.8789136e-01  -1.6335419e-01  -8.6427603e-01  -9.6628611e-01   1.0832918e+00  -8.0409795e-01
   2.0000000e+00   1.3601600e+00   6.3210040e-01  -1.6321008e+00   1.2222981e+00  -1.1750781e+00   4.8421134e-01
   2.0000000e+00   9.0008761e-01  -1.4106427e+00   6.9930251e-01   5.8578147e-01   1.1614985e-01   1.3732349e+00
   2.0000000e+00   1.6410889e+00  -1.7289148e+00   2.8513048e+00  -1.2230239e-01   1.1484982e+00  -8.8882607e-01
   2.0000000e+00   1.2146174e+00   1.2429100e+00  -2.3664238e-01   1.0717300e+00  -1.1586335e+00  -4.2005911e-01
   2.0000000e+00  -4.5672201e-01   2.3304061e+00   7.4402006e-02   1.7065355e-01  -1.6380538e+00   6.0040955e-01
   2.0000000e+00   7.9186305e-01  -9.5950583e-01   2.4953777e-01  -1.2457165e+00  -1.1174442e+00   1.2832122e-01
   2.0000000e+00  -1.1234606e+00  -1.3217725e-01  -2.5853435e-02   9.9189417e-01   3.9903813e-02  -1.8049326e-01
   2.0000000e+00  -1.0992478e+00  -1.4801391e+00  -5.4057452e-01  -7.9717244e-01   3.2819032e-01  -4.2212202e-01
   2.0000000e+00  -4.6278655e-01  -2.5122759e-01   5.4333311e-01  -8.3254384e-01   1.2632125e+00  -2.0106155e-01
   2.0000000e+00   3.9144872e-01  -1.4275139e+00   6.5103683e-01   4.3166320e-01   3.9016107e-02  -1.6425800e+00
   2.0000000e+00   1.5285526e-01   5.1307187e-01  -8.6173195e-02  -4.6043214e-01  -1.6252812e+00  -1.9297687e+00
   2.0000000e+00  -3.5904760e-01   2.9988431e-01  -1.0541053e+00   1.2555717e+00   1.4580764e-01  -3.8740049e-01
   1.0000000e+00  -3.9892205e-02  -9.1677443e-01  -1.5227155e-01   1.3919853e+00  -2.7154304e-01   8.1344346e-01
   2.0000000e+00  -3.8418114e-01  -1.6796655e+00  -1.6660538e+00   1.8410071e+00   2.4712189e-01   2.3537092e+00
   2.0000000e+00  -1.3540418e+00   1.6061881e+00   1.8961897e+00   9.5134807e-01  -8.8172280e-01  -2.2932000e-01
   2.0000000e+00  -2.0843545e-01  -1.3534084e+00  -1.5256188e+00   1.2861548e-01  -1.1343674e+00   4.1977222e-01
   1.0000000e+00  -9.3737326e-01  -7.1528769e-01  -6.4138741e-01   7.2209271e-01   6.6594588e-01   6.1900731e-02
   1.0000000e+00  -2.1381839e-01   9.6685074e-01  -4.6200664e-01   1.4591852e+00   3.4946079e-01   7.8501265e-01
   1.0000000e+00  -5.0986886e-01  -4.7668064e-01  -9.8022328e-01   1.7783024e-02   8.8299675e-01   1.5471138e-01
   2.0000000e+00   8.5241869e-03  -1.1302016e+00  -4.5450395e-01  -3.2925104e-01   1.9588363e-01  -6.9378704e-01
   2.0000000e+00   1.5914621e+00  -7.9410990e-01  -2.4282383e-01   9.6633546e-01   1.7173272e+00  -7.2411704e-01
   2.0000000e+00  -4.8606298e-01   6.8735032e-01   1.1217946e+00   2.3850242e-01   2.3718835e+00  -9.5059866e-01
   2.0000000e+00   6.5543464e-01   7.1910707e-01  -3.8139999e-01  -1.0812621e+00  -2.3786667e+00   6.1686740e-01
   2.0000000e+00  -5.3756281e-01  -1.8827427e+00  -7.1782620e-01   6.6998016e-01   1.1712505e+00   3.2058269e-01
   1.0000000e+00   2.2594560e+00  -3.8954273e-01   9.9205350e-01   2.4048849e-01   2.9013463e-01   3.3157732e-01
   2.0000000e+00  -2.6422118e-01  -1.7293086e+00   5.1140746e-02   8.4066157e-01   1.4223644e+00   6.7101541e-01
   2.0000000e+00   4.7352631e-01  -6.5157597e-01   3.3277269e-01   1.3313160e+00   3.2175257e-01  -1.9646757e-01
   2.0000000e+00  -2.7698163e-02  -3.0884180e-01  -1.0962783e-01   1.8694485e+00  -1.3660523e+00  -4.1529770e-01
   2.0000000e+00   2.5787045e-01  -4.2503425e-01   3.9067370e-01   2.3847352e-01   2.0954969e-02  -9.2337858e-01
   2.0000000e+00  -9.0139631e-01  -8.0766160e-01  -8.6097202e-01   8.5252860e-01   2.4207241e+00  -5.6924239e-01
   2.0000000e+00   5.9118863e-01   1.1268840e+00   1.3191458e+00  -1.0721097e+00   1.3246783e+00   7.2192094e-01
   1.0000000e+00   8.3072132e-01  -1.6990731e+00   1.4471860e+00   2.4314044e+00   1.3315778e-01   8.7078848e-01
   2.0000000e+00  -9.4172864e-01   3.0325868e-02   1.0027765e+00   5.6705543e-01  -2.1601459e+00  -3.3593079e-01
   1.0000000e+00   1.8020091e+00  -6.8760656e-01  -7.1390030e-01   4.1027363e-01  -8.8315321e-02   3.4103971e-01
   2.0000000e+00  -4.0252276e-01  -3.8003794e-01   1.4269555e+00  -1.6381775e+00   3.9291151e-01  -5.2745349e-01
   2.0000000e+00  -7.2811731e-01  -1.6484208e+00  -6.0087050e-01  -1.2747606e-01   1.5180477e+00   8.9632658e-01
   2.0000000e+00   1.3278684e+00  -4.1223120e-01   6.0726934e-01  -7.3404004e-01  -1.2519941e+00  -5.4460151e-01
   1.0000000e+00   3.6888471e-01  -1.0193006e+00   1.0587548e+00   7.3837279e-01  -2.4391497e-01   1.5316850e-02
   1.0000000e+00   1.3055421e+00   4.2568567e-01   9.0083955e-01  -5.6878702e-01   4.2156494e-02   5.3982814e-01
   1.0000000e+00  -1.3021891e+00   1.8876178e-01  -1.0851382e+00   5.3844033e-01   7.6577106e-01   2.0667567e-01
   2.0000000e+00   6.9197929e-01   2.6462906e-01   1.4837078e+00   1.6742382e-01   3.7963312e-01  -4.1844188e-01
   2.0000000e+00   1.7337127e+00  -5.6514417e-01   1.1131761e+00  -1.0814353e+00  -5.6821304e-01  -4.3689896e-01
   2.0000000e+00   9.7514885e-02  -6.8082982e-01  -2.0948083e+00  -6.8767637e-01   1.1877681e+00  -2.4315941e-01
   2.0000000e+00  -1.0209528e+00   1.6620103e-01  -8.5387904e-01   5.3718046e-01  -1.5267709e-01  -9.1448224e-01
   2.0000000e+00   6.0414344e-01   1.4707277e+00   5.5437776e-01   7.0642126e-01   1.1584615e+00   1.2711686e-01
   1.0000000e+00   2.6253440e+00  -1.1893552e+00   1.7054176e+00  -1.0950270e+00  -1.2907501e-01   9.4213540e-01
   2.0000000e+00  -1.2755363e+00   8.5530713e-01  -9.9413302e-01  -5.2323651e-01   7.5235060e-01  -1.3878062e+00
   2.0000000e+00   1.4315970e+00  -1.7326746e-01   6.8302984e-01  -8.0533269e-01   1.6210625e-01  -1.7730635e+00
   2.0000000e+00   1.0167617e+00   1.6226515e+00  -3.0429871e-01  -1.2745233e-02   1.4168503e+00  -5.4345211e-01
   1.0000000e+00  -9.7835574e-01  -1.2731352e-01   1.1093221e-01  -8.5073920e-01   4.4194749e-01   3.2855259e-01
   2.0000000e+00  -4.7402682e-01  -1.3108475e-01  -3.8327806e-01  -3.5383171e-01  -1.8134969e+00  -3.3866542e-01
   2.0000000e+00  -1.4056657e+00  -9.2394676e-01  -1.6718185e+00   5.2714387e-01  -2.1899516e-01  -1.5835329e+00
   2.0000000e+00  -2.0232085e-01  -3.2016729e-01  -4.6169848e-01  -7.2358232e-01  -7.4192371e-01  -5.0184588e-01
   2.0000000e+00   3.2085315e-01  -2.0905864e+00   1.7572670e-01   2.7880567e-01   8.0886913e-01  -1.2840469e+00
   1.0000000e+00  -2.5277639e-01   4.5438026e-01   1.2104351e+00  -1.0039916e+00  -6.3839519e-01   1.1962974e-01
   2.0000000e+00   7.2149231e-01   8.5291022e-01   1.1522121e+00   6.3923470e-01  -9.2453243e-01   1.0957760e+00
