   2.0000000e+00   1.1206963e+00  -3.2175244e-01  -9.2773168e-01   1.2015365e+00  -7.1474024e-01  -1.8720796e+00
   1.0000000e+00   2.0706805e-01   1.3153843e-01   7.7557231e-02   1.1159638e+00   8.7475930e-02   4.7111276e-01
   2.0000000e+00  -1.3158669e-01   1.1249571e-01   1.7818940e+00  -2.8771430e-02  -9.2756210e-01   7.4480314e-01
   2.0000000e+00  -1.6477811e+00   4.3204054e-01   6.6667974e-01   5.7149766e-01   7.4432234e-01  -1.4405727e-01
   2.0000000e+00  -3.6995900e-01  -1.1311881e+00  -2.2138280e+00  -1.1940772e+00   1.2805946e+00  -8.7945019e-01
   2.0000000e+00  -2.7680102e-01  -1.0575020e+00  -7.1552776e-01  -1.3451198e+00   6.2071466e-01  -7.5044134e-02
   2.0000000e+00  -3.1164292e-01   1.6264801e+00  -1.0096833e+00   1.1331080e+00  -1.8723883e+00  -1.1689829e+00
   1.0000000e+00  -8.8627725e-02  -7.3229413e-01   6.0094660e-01   1.5654539e+00   1.1273612e+00   1.5324636e-01
   1.0000000e+00  -2.6010742e-01  -1.2908854e-02   4.2744965e-02  -9.5719951e-01  -9.7644106e-01   9.2782710e-01
   2.0000000e+00  -7.6287874e-01  -3.0953436e-02  -5.0236223e-01  -1.1609138e+00   4.0863080e-01  -8.8042073e-01
   2.0000000e+00  -7.4401349e-01  -9.4138666e-01  -2.4921052e-01  -2.5874084e-01   6.0307303e-01  -2.0641457e+00
   2.0000000e+00  -1.5070167e+00   5.8979110e-01  -4.7339430e-01  -5.3421473e-01   1.4943781e+00  -7.1288479e-01
   2.0000000e+00   3.6038490e-01  -4.4148474e-01  -5.5919307e-01  -1.4218315e+00  -4.9524048e-01   1.1125830e+00
   2.0000000e+00   1.3087519e+00  -4.3088524e-01   1.4254681e+00  -4.8726635e-01   8.7255263e-01   1.2691915e+00
   2.0000000e+00   3.9191381e-01  -1.8968047e+00  -4.6932698e-01  -1.6346379e+00  -2.1889240e+00  -8.6366617e-01
   2.0000000e+00   1.0407968e+00  -1.1183893e+00  -4.8031503e-01   2.6202923e-01   5.8016950e-01   1.6187651e-01
   2.0000000e+00   3.3578972e-01   8.7735184e-01  -3.2067072e-01  -7.7626320e-01  -8.5367552e-01  -4.6288791e-01
   2.0000000e+00   1.1203137e+00  -2.2717633e-01   4.2202789e-01   1.6861980e+00   1.3135318e+00   1.0547901e+00
   2.0000000e+00  -1.0454438e-01  -1.1604837e+00  -2.2138207e-01   2.3049411e-01  -4.3552200e-01  -3.6989077e-01
   2.0000000e+00  -1.5099419e+00  -5.8042893e-01   1.4634402e+00   1.2925603e+00   5.9303851e-01  -1.6540330e-01
   2.0000000e+00  -1.1371428e-01  -1.2590749e+00  -6.0502953e-01   1.5136305e+00   1.5121592e+00   5.1680988e-01
   2.0000000e+00  -1.6800573e+00   1.9751520e+00   3.8454131e-01  -1.0945321e+00  -1.2399209e+00  -7.9089747e-01
   2.0000000e+00   1.0634144e+00  -5.6392605e-01   8.1863115e-01  -7.3869942e-01   5.3552839e-01  -1.5389554e+00
   1.0000000e+00   6.4207219e-01   1.3542228e+00   2.8189063e-01   6.8906186e-01   1.1778089e+00  -1.3344904e-02
   2.0000000e+00  -1.2320047e+00   3.1829493e-01  -3.5479583e-01   6.3802377e-01   1.7849382e-01   1.0125427e+00
   2.0000000e+00   7.4913562e-01   1.0528738e-01   2.4356288e+00  -8.3845480e-01  -1.5570771e+00  -2.0898950e-01
   1.0000000e+00  -6.5314814e-01  -1.7226682e+00   7.0240763e-01   1.2146640e+00  -3.9459424e-01  -3.2631536e-01
   2.0000000e+00  -1.7209176e+00   9.0810744e-01  -5.0523964e-01   2.0478831e+00   5.7587526e-01  -5.8413541e-01
   2.0000000e+00  -6.7573692e-02  -2.5273577e-01   1.2838601e+00   3.6171170e-01  -1.9669082e+00   2.5756460e-01
   2.0000000e+00  -4.6069102e-01  -9.2886729e-02   1.0625166e+00  -3.7637629e+00  -1.1765746e+00   6.9863964e-01
   2.0000000e+00  -4.3297182e-01  -6.7390806e-01  -3.0729019e+00  -2.0218989e-01   1.2387469e+00   3.8007073e-01
   2.0000000e+00   2.6634478e-01   5.3435738e-01  -2.3826269e-02  -9.8901463e-01  -5.2252788e-01   1.4317603e+00
   1.0000000e+00   6.4211634e-01   1.1189059e+00   1.8534348e-01  -9.4830585e-01   6.6605520e-01  -4.3764585e-02
   2.0000000e+00  -7.7231619e-01  -3.7351284e-01  -2.4189160e-01   1.8269465e+00  -3.2771680e-01  -9.3653455e-01
   2.0000000e+00  -1.3617307e+00   2.0520628e-01   9.6374884e-01   6.1840857e-01  -2.9731221e-01   3.6643183e-03
   2.0000000e+00  -3.1416370e-01  -1.7987047e-01  -7.6777853e-01  -2.2319922e-01   3.4247506e-01  -2.7187120e-01
   1.0000000e+00  -9.5367296e-01   1.6318354e-01   3.6504931e-02   3.5223319e-01  -1.5663206e-01  -2.4208579e-01
   2.0000000e+00  -1.1972123e+00  -9.4864886e-01  -2.6483361e-01   9.6072109e-01   3.4471278e-01   6.2724063e-01
   1.0000000e+00   3.4283126e-01  -4.5351937e-01   3.2960055e-01  -4.1012038e-01  -6.4485793e-03  -4.5762055e-01
   2.0000000e+00  -1.3651275e+00  -3.5318739e-01  -2.1226827e+00   1.5851345e-01   1.3489350e+00   2.4139086e-03
   1.0000000e+00  -5.6410215e-01   1.6804492e+00   7.6572839e-01   4.5308859e-01   3.1567670e-01   6.6167695e-01
   2.0000000e+00  -7.7396775e-02  -4.8472999e-01  -2.0418175e+00  -1.6866455e+00   5.4284820e-01   3.5691493e-02
   2.0000000e+00  -1.4179612e+00   5.6212835e-01  -1.5611510e-01   1.0016721e+00  -3.4650516e-02   2.4969354e-01
   2.0000000e+00   1.5431146e+00   1.1021094e+00   6.8717871e-01  -7.0516026e-01  -1.7891545e+00   3.0226921e+00
   2.0000000e+00   8.6379255e-01  -1.2858073e+00  -1.6768263e+00  -6.5341800e-01   9.2207553e-01  -9.9655901e-01
   2.0000000e+00  -2.0538281e+00  -4.9844248e-01   4.7089307e-01  -1.1810791e-02  -1.3506610e+00   1.0753106e+00
   1.0000000e+00  -8.5983697e-01   2.5133291e-01   3.1076165e-01  -2.1166172e+00  -1.3013638e+00   1.4052597e+00
   2.0000000e+00  -1.4222455e+00  -4.5179252e-01  -1.8856065e+00   1.3233503e-01  -1.4989270e+00   2.1160915e+00
   2.0000000e+00  -1.4792043e+00  -5.3241422e-02   8.5397167e-02  -1.3785376e-01   2.2465522e-01  -1.5160364e+00
   2.0000000e+00   3.6509167e-01  -2.5392467e-01  -4.1470203e-01   9.1615960e-01   1.6981881e-01  -2.1931105e-01
   2.0000000e+00   1.1369229e-01  -5.9301516e-02   1.3613370e+00  -4.5976893e-01  -2.0949218e-01  -2.1771592e+00
   1.0000000e+00   4.6494461e-01   1.5538222e+00   7.3440862e-01  -3.1747156e-01   3.7521265e-01  -4.9734579e-01
   2.0000000e+00   1.1483996e+00  -4.1064913e-01   4.2677054e-01  -1.4805718e+00   1.2431119e+00   8.0238949e-01
   2.0000000e+00   8.0441563e-01   5.1061350e-01  -6.3837016e-01   1.7352497e+00   1.0709463e-01  -5.7606037e-02
   2.0000000e+00  -7.6106791e-01   1.1792348e+00   1.3199932e+00   5.6511510e-02   1.0595494e+00   1.6270085e-01
   2.0000000e+00   7.1343062e-01  -2.6537335e-02   2.0308174e+00   4.2813718e-01  -2.8226924e+00  -7.2623705e-01
   1.0000000e+00  -6.4657067e-01   8.1713574e-01   2.9269780e-01  -6.3774904e-01   2.4030331e-01  -1.1776658e+00
   2.0000000e+00  -7.3080105e-01  -7.5297983e-02  -1.7592587e+00  -5.8536855e-01   2.1171671e+00  -1.5155568e+00
   1.0000000e+00  -5.3743360e-01   1.6913292e+00   4.9725843e-01   1.1089782e-01  -9.5209514e-02  -2.0114486e+00
   2.0000000e+00  -2.4780949e-01  -5.7474995e-02  -1.4673000e+00  -5.6230718e-01   8.2080056e-02  -4.9242916e-01
   2.0000000e+00  -8.6438234e-01   6.1489562e-01  -2.5918873e-01  -1.9560089e-01   2.0846650e-03  -1.2365842e-01
   1.0000000e+00   1.1256541e-01  -1.0225967e+00   5.7119672e-02  -6.2073396e-01  -1.9937714e-01   1.7796043e+00
   2.0000000e+00  -3.7695925e-01   6.5269497e-01   9.8826400e-01   1.1085490e+00   2.2404492e+00   5.4796430e-01
   2.0000000e+00  -1.0571586e+00  -1.2035078e+00  -9.6706648e-01   1.6531762e-01  -1.0694201e-01   1.6581665e+00
   2.0000000e+00   1.9617096e+00  -1.1702464e+00  -6.5540766e-01   6.5690356e-01  -1.7379865e+00  -1.5359468e+00
   1.0000000e+00  -4.7122519e-02   7.3628553e-01   8.1015672e-01  -1.3675539e-01  -7.7040607e-01   1.4286073e+00
   2.0000000e+00   8.8756838e-01  -7.8148730e-01   5.1272436e-01  -5.4295061e-01  -3.1403467e-01   3.3799980e-01
   2.0000000e+00  -2.2148803e+00   1.9320211e+00  -1.3234583e+00  -1.0210074e+00  -5.6981470e-01  -2.0171068e+00
   1.0000000e+00  -6.8243397e-01   1.9733244e+00   1.3436414e-01   8.8979767e-01   2.4103704e-01  -8.3052619e-01
   1.0000000e+00  -1.2236846e-01   1.2175745e+00   3.9520314e-01   1.4752242e-01   3.7766553e-01   1.2344218e+00
   1.0000000e+00   2.3237481e-01  -3.5391853e-01   6.0078824e-01   8.2339872e-01  -1.1129435e+00  -1.5439158e-01
   2.0000000e+00  -4.1479817e-01   2.1841947e+00  -4.6176921e-01  -4.0836552e-01   3.1637774e-01   5.5308246e-01
   2.0000000e+00   4.0798155e-01   3.5925491e-01  -1.6918765e+00  -2.2074192e-02   1.5623030e+00   1.6164560e+00
   2.0000000e+00  -2.1961536e+00  -1.4235127e+00   9.6958974e-01  -1.5188860e+00  -9.5114142e-01  -1.2162087e-01
   2.0000000e+00  -9.6368777e-01   7.3512487e-01  -1.7318466e-01  -1.8701532e+00   9.9860059e-01  -5.5575505e-01
   2.0000000e+00   1.3858336e-02   1.6807779e+00   1.0266712e+00  -6.7047492e-01   1.0690617e-01   2.6233493e+00
   2.0000000e+00  -2.5590327e-01   2.3480662e-02   2.6532298e-01  -9.0907902e-01   2.3409444e+00   3.1734644e-02
   1.0000000e+00   2.8975077e-01   1.8914786e+00   7.0215805e-01   2.1634093e+00   9.9830891e-01  -1.7222634e+00
   2.0000000e+00   6.4542359e-01   1.3519689e+00  -4.0148967e-01  -6.8939807e-01  -6.7980262e-01   3.0667187e-01
   2.0000000e+00  -5.0984269e-01  -5.0051206e-01  -1.2962435e+00   1.5958555e-01   1.1089705e+00   1.5511918e-01
   1.0000000e+00   1.4593623e-01   1.5282421e+00   2.8612245e-01   3.2316774e-01   1.1908648e+00   1.9547423e-01
   2.0000000e+00   1.1005615e+00   7.0655859e-01  -5.6074266e-01  -1.7136687e-01  -1.3377101e+00   1.9904439e+00
   2.0000000e+00   1.1904729e+00  -1.9441626e+00   1.0419438e+00   7.0752813e-01   2.2353370e-01  -8.7199766e-02
   2.0000000e+00   6.2504390e-01  -5.4814894e-01  -1.9021171e+00  -9.1671539e-01   2.2242642e+00   2.8832892e-01
   2.0000000e+00  -6.3506366e-01   4.1739363e-02   9.9703622e-01   4.8980355e-01   7.0984659e-01   1.7497849e+00
   2.0000000e+00   2.1686584e-01  -1.3962429e+00   1.8860057e-01   1.8093428e+00   2.0957685e+00  -3.5467944e-01
   1.0000000e+00  -1.0730019e-01   1.1547068e-01   9.2728807e-01  -1.3048762e+00  -3.0566408e-01   7.2372188e-01
   2.0000000e+00  -6.6849613e-01  -1.0418491e-01  -8.6822790e-01   1.4699859e+00   2.0399084e+00   1.1242489e-02
   2.0000000e+00   6.1670053e-01  -5.0318294e-01  -1.0471238e-01   4.2065627e-01   1.3904657e+00  -7.3872356e-01
   2.0000000e+00   3.1647957e-01   9.4015222e-01  -1.7369942e-01  -1.8611705e-01   3.2657115e-01   9.3465424e-01
   2.0000000e+00   1.8547428e+00   1.5465572e+00   9.9515142e-01   6.1688731e-01   5.8097689e-01  -9.8292065e-01
   2.0000000e+00  -2.2375872e+00   1.0738512e-01  -4.6075805e-01  -1.3020673e+00  -8.7995703e-01  -1.0703431e+00
   2.0000000e+00  -3.0869891e-01   8.4393700e-01  -8.8218547e-02   3.8885091e-01   7.8586295e-02   1.8634809e+00
   2.0000000e+00  -5.5292649e-01  -3.9498800e-01  -2.9204516e+00   1.0731385e-01   2.8054842e-01   2.1386551e+00
   2.0000000e+00   1.2256326e+00   6.1003181e-01   4.7630171e-01   1.9929552e+00   3.4837047e-01   3.8448329e-01
   2.0000000e+00   1.5902626e+00  -6.7325576e-02  -3.9067725e-01   8.1537773e-02  -1.0092064e+00  -1.5086102e+00
   2.0000000e+00  -6.7638919e-02  -5.7178445e-01  -4.2196675e-01   1.3809060e+00   3.0980156e-01   1.2790357e+00
   2.0000000e+00   2.2070527e+00   1.0020557e+00   5.7507189e-01  -3.1477290e-01   1.6726097e+00   8.7770536e-01
   1.0000000e+00   1.8133933e-01  -1.1971221e+00   1.7281084e-02  -2.3928988e+00   6.1462140e-01  -7.9125747e-01
   2.0000000e+00   9.5228862e-01  -1.3968652e-01   1.0602761e+00   6.0956773e-01   2.0476594e+00   1.2247953e-01
   2.0000000e+00   1.5024135e+00  -7.1978693e-02  -1.3989232e+00  -2.2584574e-01  -2.7895862e+00  -6.1925103e-01
   2.0000000e+00   1.1842934e-02   1.0784193e+00  -1.3359538e+00   1.7818091e+00   1.0346386e+00  -2.5948940e-01
   2.0000000e+00  -6.3643242e-01   5.6698311e-02   1.1082181e+00   8.2161045e-01  -8.3830142e-01  -2.9075043e-01
   2.0000000e+00   4.3982403e-01  -3.2834841e-01   2.4399066e+00  -1.8546779e+00   2.5479156e-01   8.5661472e-01
   1.0000000e+00   1.5188325e-01  -1.1916418e+00   2.4920934e-01  -3.1802461e-01   1.2961874e-01   9.4342854e-01
   2.0000000e+00   3.0244112e-01  -7.3288875e-01  -1.9642561e+00  -2.5760896e-01   1.5005570e+00  -1.4898509e+00
   2.0000000e+00  -5.8110273e-01  -9.8341185e-01  -3.7894866e-01   3.1119453e-01   1.1348669e-01   2.6248135e-01
   2.0000000e+00   1.7441802e-01  -3.3900501e-01  -5.1908498e-01  -1.5249576e+00   2.2954348e-01   1.0923142e+00
   2.0000000e+00   2.1061881e-01   4.8553638e-01  -2.4065537e-01   1.1694385e+00  -2.8302110e-02   3.9152807e-01
   2.0000000e+00  -4.5910226e-02   1.1094863e+00  -1.0095912e+00   1.0186406e+00  -2.8261215e-01   5.1298295e-01
   2.0000000e+00  -1.5024368e+00  -2.1389231e+00  -2.6655742e-01  -1.7003181e+00   1.1341811e-01   1.0249454e+00
   1.0000000e+00   7.4381471e-02  -3.0214840e-01   3.7141700e-02   9.6325282e-01   3.0760332e-01  -2.4812258e+00
   2.0000000e+00  -8.6238637e-01  -7.9415088e-01   8.4850544e-01   2.2442938e-01  -4.0979295e-01  -2.0346803e+00
   2.0000000e+00   1.5189345e+00  -7.9030515e-01  -6.1849985e-01   7.3846589e-01  -2.4362693e-01   9.9300859e-03
   2.0000000e+00  -3.0222159e-01   1.7963526e+00  -4.9869339e-01   6.4399455e-01   4.8149743e-01  -9.8074473e-01
   2.0000000e+00   1.3843608e+00   1.1710296e+00  -6.5697232e-01  -7.6289466e-01   2.2689414e-01   1.0147903e+00
   2.0000000e+00  -9.8316036e-01   4.0170580e-01  -9.2059887e-01   8.9895878e-01  -1.0909565e+00   1.6027202e-02
   2.0000000e+00   2.5535874e+00  -8.1179178e-02   2.0396842e+00   1.5434589e+00  -7.1119018e-01  -9.9428873e-01
   2.0000000e+00   7.6888029e-01  -1.2049754e+00  -8.1113221e-02   3.1065749e-01   4.0075799e-01   1.3590682e+00
   2.0000000e+00   1.1185573e+00   1.0581248e+00   2.0146223e-01   6.1586207e-01   5.5922668e-01   3.1849707e-01
   2.0000000e+00  -1.1183641e+00  -1.3918181e-01   1.1949801e-01   1.0781331e+00  -2.1329203e-01  -1.3148508e+00
   2.0000000e+00  -1.2090566e+00  -7.7254853e-01   8.7450858e-01   3.8556812e-01  -7.5431509e-01  -5.8893309e-01
   2.0000000e+00  -1.0016814e+00  -3.6923248e-01  -1.1534853e+00  -1.1055863e-01   1.5262684e+00  -2.9026451e-01
   2.0000000e+00  -1.0801413e-01  -3.9250854e-01  -7.8635549e-01   6.7939866e-01  -6.3450680e-01   7.3331276e-01
   2.0000000e+00  -1.3800807e+00   8.5472054e-01   1.4840312e+00   1.3384698e+00   1.3624641e-01   1.4984458e+00
   2.0000000e+00   1.8237079e+00   1.5328262e+00   1.6583832e+00   9.4080770e-01   1.0884263e-01  -3.8803017e-02
   2.0000000e+00   6.9318320e-01   3.0151730e-01  -6.2832299e-01   7.6639183e-01  -2.4356762e-01  -1.0327730e+00
   2.0000000e+00  -5.4244733e-01  -1.2481312e+00  -1.3980649e+00  -1.0849981e+00   7.1574068e-01   1.9660577e+00
   2.0000000e+00   2.5336760e+00   1.5026115e+00  -1.1449955e+00  -3.8088800e-01   1.7734162e+00   2.1783702e+00
   1.0000000e+00  -2.3625101e-01   4.4009403e-01   5.6161278e-01  -3.8153962e-01  -3.6687006e-01   6.2482911e-01
   2.0000000e+00   1.8441090e-01   1.0235468e-01  -6.8603868e-01  -8.9210296e-01   5.3634014e-01  -4.1676275e-01
   2.0000000e+00   1.2114387e+00  -2.1318884e-01  -3.1086366e-02  -4.0007498e-01  -7.4369520e-01  -1.8491546e+00
   2.0000000e+00   7.6330147e-03   4.9324200e-01  -1.4106856e+00   1.7393407e+00  -1.3157051e+00   3.8675716e-01
   2.0000000e+00  -8.0008299e-01   9.8083561e-01  -4.8785757e-02   3.3336506e+00   3.8287995e-01  -3.2032721e-01
   2.0000000e+00  -9.3531035e-02  -7.7988491e-01  -1.6733669e-01  -1.4742005e-01   8.9609083e-01  -1.6493741e-01
   2.0000000e+00  -1.3196269e+00   8.4673108e-02   2.4690849e-01   2.2027794e+00   9.3534045e-02   1.0758520e+00
   2.0000000e+00  -1.4837209e+00  -2.8988185e-01  -4.8481729e-01  -1.8615752e-01   4.3132727e-01  -9.5498160e-01
   2.0000000e+00  -3.8735616e-01   8.7595613e-01  -5.2128712e-01   1.1853208e+00  -3.5453349e-01  -5.0419858e-01
   2.0000000e+00   1.0431973e+00   2.2619251e-02  -7.4283133e-01  -9.2801341e-02   8.3474185e-01  -2.3995895e-01
   2.0000000e+00  -1.2625462e+00  -3.6486910e-01   2.5739144e-01  -1.7734588e+00  -1.8480610e+00   8.3806955e-01
   2.0000000e+00   2.1057405e-01  -8.4057207e-01  -8.9358275e-01   7.8285887e-02  -3.7998234e-01  -2.2043582e-02
   2.0000000e+00   1.2238691e-01   9.9982759e-01  -6.4038966e-01   5.5075394e-01  -3.2569155e-01   4.2018536e-01
   2.0000000e+00  -2.6949837e+00  -4.5813941e-01   9.3122114e-01  -1.3966517e-02   5.4619751e-01   7.2304341e-01
   2.0000000e+00  -6.7872427e-01  -1.9777832e-01  -9.1509956e-01  -9.1694778e-01   5.0994700e-01   3.9562320e-01
   2.0000000e+00  -1.5530494e+00  -1.2697325e+00  -2.5309570e-01  -1.2998487e+00  -1.9530673e+00   2.7643438e-01
   1.0000000e+00  -9.6447652e-01  -3.1268897e-02   2.4458563e-01  -6.6963203e-01  -6.8249405e-01   1.7288801e+00
   2.0000000e+00   3.7769470e-01   3.0888789e+00  -1.4920614e+00  -4.5836683e-01  -3.6023960e-01  -1.9156989e-02
   1.0000000e+00  -5.3430015e-01   7.7247337e-02   2.3317238e-01  -3.5594740e-01  -9.4033686e-01  -2.2057669e-01
   2.0000000e+00  -5.8061875e-01   9.3421589e-01  -8.9633909e-01   1.7740134e+00   1.3909712e+00   1.7541487e+00
   2.0000000e+00  -8.6209107e-01   1.4092465e+00  -4.7974417e-02  -3.5092196e-01  -8.7113196e-01  -1.6541470e+00
   1.0000000e+00  -1.1075905e-01  -9.3473614e-01   2.6474620e-01   4.1088091e-01   8.8111779e-01  -6.9735493e-01
   2.0000000e+00  -1.3571503e+00   5.2987478e-01  -1.8856905e+00   6.2702698e-01   3.5525235e-01   1.5877097e-01
   2.0000000e+00   4.0014683e-01   1.0029839e+00  -6.1878210e-01  -1.3094783e+00   1.5773267e-01  -2.3118488e+00
   2.0000000e+00  -8.7973821e-01  -1.0206984e-01  -4.6021550e-01  -6.8979362e-01  -1.3160008e-01   2.1861816e+00
   2.0000000e+00  -8.9701968e-02  -1.0714827e-01   1.4530087e+00   1.5531400e-02   1.5506942e+00   1.7596028e-01
   2.0000000e+00   1.3619540e+00  -5.9246684e-01   5.7572483e-01   1.4926295e-01   3.9005988e-01  -2.8909056e-01
   2.0000000e+00   2.8416062e-01  -1.0143026e+00   1.7802424e+00  -1.5529305e+00   3.2413171e-01   1.5434864e+00
   2.0000000e+00  -1.8961584e-01  -1.9694707e-01  -8.7694778e-01  -9.7413620e-01  -2.2838382e-01   1.9908238e+00
   2.0000000e+00   7.3906371e-01   3.6331048e-01  -6.8352365e-01   1.2933056e-01   4.0658531e-01   1.3240151e+00
   2.0000000e+00  -1.1994239e+00   1.1373917e+00  -1.2696547e+00  -4.6276195e-01  -1.9981502e-01  -8.4739304e-01
   2.0000000e+00  -1.6379072e+00   3.8838244e-01   1.3543488e+00  -1.8659132e+00   1.4154393e+00   1.5914378e+00
   2.0000000e+00   1.9432173e+00  -6.8070029e-02   1.9099261e+00   1.5382412e+00  -5.7196984e-01   1.4517870e-01
   2.0000000e+00   1.0140598e+00   1.0585918e+00  -9.5270496e-02   1.0218989e+00  -1.6599997e+00   7.7955623e-01
   2.0000000e+00  -3.4943079e-01   1.7129747e+00  -7.6738952e-01  -2.7533996e-01  -6.0118866e-01   1.1971455e+00
   2.0000000e+00   8.9363607e-01   1.4003056e+00  -3.3787133e-01   4.9805046e-01  -5.6397589e-02   1.4029012e+00
   2.0000000e+00  -9.9837164e-01  -6.8777346e-01  -8.9718321e-01   2.2238738e+00   3.9374332e-01   1.0468035e+00
   2.0000000e+00   1.5541040e+00   1.5599501e+00   6.6190479e-01   9.0541022e-01  -9.5148551e-01  -4.8029144e-01
   2.0000000e+00  -7.8753650e-01   5.8275068e-01   1.5737243e+00   6.6817007e-01  -3.3862106e-01  -5.7883984e-01
   1.0000000e+00   4.3996528e-01  -3.0314285e-01   7.8060251e-01  -1.7704468e+00   7.0475864e-01  -4.7030348e-01
   2.0000000e+00   1.0998668e+00   5.8294286e-02   7.7608555e-01   8.0095124e-01   1.7562555e+00   7.9596219e-01
   2.0000000e+00   7.0402499e-01   1.2018112e-01  -4.8948604e-01   6.0087552e-01  -5.3415981e-01  -2.3132248e-01
   2.0000000e+00   1.9287463e+00  -2.3942956e-01  -2.9490186e-01  -6.9611372e-01   5.9998429e-01  -1.6418935e+00
   2.0000000e+00   1.7381467e+00  -4.6091585e-01   1.4969602e+00  -1.1069479e+00  -7.3965738e-01  -7.2362853e-01
   2.0000000e+00   1.1019142e+00  -5.9831003e-01   2.1015886e-01  -3.7074173e-01  -6.5300747e-01   1.7994242e+00
   2.0000000e+00   2.0664433e+00  -1.2582600e+00  -3.9346990e-01   4.3514104e-01  -7.0597772e-03  -1.1306000e-01
   2.0000000e+00   6.3093317e-01  -2.0716917e-01  -4.2796282e-01   5.3356997e-01  -1.4638495e+00  -1.5656327e+00
   1.0000000e+00  -1.9683012e-01   4.8808862e-01   8.2571053e-02   7.6696480e-01   3.0711833e-01  -8.7391046e-01
   2.0000000e+00  -2.8393553e-01   2.0988641e-01   2.1039565e+00  -2.5936942e+00   1.3387050e-01  -2.5996348e-01
   2.0000000e+00  -1.1196449e+00   1.1278121e+00   4.2607300e-02  -6.6760688e-01  -7.6763880e-03   5.6871025e-01
   1.0000000e+00  -4.7213670e-01   1.5876516e-01   1.8631026e-01  -1.6661554e+00  -3.3996890e-01   1.4803987e+00
   1.0000000e+00  -2.3627311e-01  -7.7386866e-01   6.0029358e-01  -1.8824922e+00   7.7793142e-01   9.2965226e-01
   1.0000000e+00   1.0745531e-01   7.7748593e-01   6.7849106e-02   1.8961242e+00  -6.5743426e-01  -4.1862709e-01
   2.0000000e+00  -1.3783510e+00  -8.1250828e-01  -2.9992708e-02   1.9549705e-01   6.9701960e-01  -1.1725761e+00
   2.0000000e+00   6.9670819e-01  -2.0692815e-02  -1.0858093e+00  -1.0162849e+00   4.7617159e-01   7.5754147e-01
   2.0000000e+00  -4.9088785e-01   9.2853598e-01  -4.9430448e-01  -5.6958256e-01   1.0795542e+00  -2.0665743e+00
   2.0000000e+00   1.3940066e+00  -1.5480346e-01  -1.5536165e+00   1.7615168e+00  -6.6111553e-01   2.3831967e+00
   2.0000000e+00   1.5894340e+00   6.9324121e-02  -1.7737254e+00   6.1004288e-01  -1.0783179e+00   2.6526318e-01
   2.0000000e+00   1.9386718e+00  -5.5738212e-01  -4.3558852e-02  -7.4341077e-01  -3.0109070e-01  -4.6436357e-01
   2.0000000e+00  -1.0513341e+00   1.1330180e-01  -9.6919180e-01  -1.1205660e+00  -1.2432670e+00   1.2532271e+00
   2.0000000e+00   4.4007901e-01  -5.0751923e-01  -2.0846505e-01   7.4026379e-01   1.6330675e-01   4.8351336e-01
   1.0000000e+00   5.8439250e-01   1.6720542e+00   7.0455576e-01  -8.9754044e-01  -9.6634235e-01  -1.0241498e-01
   2.0000000e+00   4.3096407e+00  -5.8091566e-01   6.2908760e-03  -2.0373227e+00  -2.0023671e+00   1.4857433e-01
   1.0000000e+00   3.4635408e-01  -1.7749125e-01   3.8723649e-02  -2.5168947e-01   5.5491614e-01  -1.4985679e-01
   2.0000000e+00   7.7467706e-01   1.5757365e+00  -1.8615474e-01  -6.3179684e-01   3.2641292e-01  -7.5214869e-01
   1.0000000e+00   9.1750688e-01   1.2987215e+00   2.9516376e-01   6.8288621e-02   1.2275995e-01  -9.4624132e-01
   2.0000000e+00  -1.1242242e+00   5.3594928e-01   1.3276258e+00   3.0637352e-01  -2.9036869e-01  -3.1628916e-01
   2.0000000e+00  -1.1943735e+00   3.8553215e-01  -1.0412737e+00   3.3302434e-01   1.8283118e-01   2.5814651e-01
   2.0000000e+00  -1.6237084e-01  -1.3882565e+00   1.5146523e+00  -1.1838781e+00  -5.1272421e-01  -4.3754219e-01
   1.0000000e+00  -1.3676066e-01  -7.7987909e-01   6.8011041e-01  -1.4558371e+00  -3.3243510e-02   5.7060416e-01
   2.0000000e+00  -2.2499183e-01  -2.8272064e-01  -3.4785239e-01   9.2323815e-01   5.7747998e-01  -2.2343184e-01
   2.0000000e+00   8.1063511e-01   7.2297830e-01  -6.2578811e-01   4.0143396e-01  -1.4227827e+00  -7.6744724e-01
   2.0000000e+00  -8.5525574e-01   1.0142071e-01   5.6001009e-01  -6.3956183e-01  -1.5441201e+00   6.8861751e-01
   2.0000000e+00   2.8043986e+00   6.6793976e-01  -3.7934572e-02   2.2536030e-01   1.1590700e+00   8.2432442e-01
   2.0000000e+00  -9.4541904e-01  -1.6251413e+00   7.0239070e-01   4.1664944e-01  -2.0928091e+00   9.5480780e-01
   2.0000000e+00   1.4329943e+00   3.5717886e-01   3.0893459e-01  -4.1385471e-01   9.3824267e-01   5.8949490e-02
   2.0000000e+00  -1.4104646e+00  -5.1834846e-01   2.2505070e+00   7.1086076e-01  -2.7892804e-01   4.2642101e-01
   2.0000000e+00  -1.1797474e+00   5.9857175e-01   1.5469964e+00  -4.3996368e-02   5.5703381e-02   1.8575908e+00
   2.0000000e+00  -2.9481319e-01   1.3250553e+00  -9.7443201e-01   6.4065034e-01   9.6234797e-01  -1.2243632e+00
   2.0000000e+00   2.0205316e+00  -1.8934752e+00  -5.8833916e-01  -2.4163438e-01  -1.7835246e-01  -2.3141873e+00
   2.0000000e+00  -6.2418294e-01   3.0087651e-01  -4.1901106e-01   4.3313835e-01  -8.5365613e-01  -9.4142857e-01
   2.0000000e+00   2.7344151e-01  -4.7077124e-01  -8.2524487e-01  -5.4641187e-02   4.7347939e-01  -1.5552269e-01
   1.0000000e+00   6.4787084e-02  -1.2568671e+00   3.2388887e-01   1.5928949e-01  -9.1094971e-02   8.8642255e-01
   2.0000000e+00   8.4964816e-01  -5.9129649e-01   7.0491153e-01   1.4896136e+00   1.6323815e-01   1.8413243e+00
   2.0000000e+00   1.6481085e+00   2.1719683e-01   9.1931707e-01   7.6661751e-01   1.1095518e+00   8.0238225e-01
   2.0000000e+00   4.5183037e-01  -4.1605390e-02   1.0454084e+00  -1.0099067e-01   9.8684454e-01   6.8755035e-01
   2.0000000e+00   3.7187254e-02  -1.2580934e-01  -6.4077071e-01   6.6732151e-01  -2.7708082e-01  -4.5040129e-01
   2.0000000e+00   2.3555005e-02  -6.6835451e-01  -1.4166603e+00   2.3285281e-01   1.8417521e+00  -1.1751865e+00
   2.0000000e+00  -1.2427483e+00  -1.8183783e+00  -8.9964697e-01   1.2484962e+00   2.2011435e+00  -1.9168857e-01
   1.0000000e+00  -1.0642513e-01  -2.4172096e+00   3.2832248e-01  -5.5219963e-01   8.5710161e-01  -2.6004230e-01
   2.0000000e+00  -2.2788315e+00   5.0871713e-01   2.5238522e-01   9.0665381e-01  -6.0065459e-01  -1.0676616e+00
   2.0000000e+00   1.9791881e+00   7.7748526e-02  -3.2373447e-01  -1.1338223e+00   1.1547717e+00   7.6253445e-01
   2.0000000e+00  -1.1893365e-01   3.1023310e+00   1.2978025e+00  -9.1455645e-01  -1.1530937e+00  -5.3047190e-01
   1.0000000e+00  -8.0533199e-02  -5.9896483e-01   1.2666187e-01  -1.8417490e+00   7.9707529e-01  -1.2314069e+00
   2.0000000e+00  -1.4762188e-02   5.1082745e-02   1.3642981e+00   1.0198885e-01  -2.7421533e-01  -7.6383419e-01
   2.0000000e+00  -2.7975153e+00  -7.7367374e-02   3.0900304e-01  -8.0266892e-01  -8.0904440e-02  -1.1908274e+00
   2.0000000e+00   1.3984194e+00  -9.7269118e-01   6.4050705e-01   8.7036575e-01  -1.1887414e+00  -5.3231818e-01
   1.0000000e+00   1.2799547e-01  -1.1052225e+00   7.0509846e-01   1.1865354e-02  -1.2391670e+00  -4.1992735e-01
   2.0000000e+00  -1.9200163e-01  -8.9262886e-01   1.9523460e+00   1.8414757e-01   1.1876969e+00   9.5668047e-03
   2.0000000e+00   5.8507422e-01   1.5079771e+00  -4.5083044e-01  -1.3641902e+00   5.7500801e-01   1.0991149e+00
   2.0000000e+00   4.4781356e-01  -3.0350954e-01  -1.6527527e+00  -1.3359901e+00  -6.7000210e-01  -1.7796041e+00
   2.0000000e+00   7.9164696e-01  -1.6452404e-01  -3.6725572e-01  -4.8625421e-01  -1.5546888e+00   6.1432075e-01
   2.0000000e+00  -1.1938966e+00  -3.8246269e-01   4.3049425e-01   6.7902492e-01  -1.9216283e+00  -9.9016389e-01
   2.0000000e+00  -1.2089074e+00   1.2976000e+00   6.6703321e-01   2.2314843e-01  -1.6902935e+00  -6.0971461e-01
   2.0000000e+00  -3.2272244e-01  -5.0739434e-01  -6.6087378e-01   1.2431903e+00  -1.2626487e-01   9.6543235e-01
   1.0000000e+00  -9.7387801e-02   1.2316129e+00   6.3482087e-01  -4.0605723e-01   1.6003592e+00   7.7977644e-01
   2.0000000e+00  -2.3423145e-01  -2.2258039e-01   1.2913982e+00   1.6001869e+00   3.9915762e-01  -3.3754509e-01
   1.0000000e+00  -5.0474765e-01   1.0226031e+00   1.9852954e-02  -1.5871897e+00  -7.7913106e-01  -5.5285836e-01
   2.0000000e+00  -5.7839716e-01   4.4418891e-01   1.1118580e+00   6.0921987e-01   1.7716586e+00  -3.3168139e-01
   2.0000000e+00   3.5461727e-01   4.6033718e-02  -8.4579916e-01   8.2173781e-01   1.5925954e-01  -7.9216197e-01
   2.0000000e+00   5.2260346e-01  -2.3325094e-03  -4.2098531e-01  -1.1518954e+00  -7.6200153e-01  -2.1826714e-02
   2.0000000e+00  -1.2160764e+00   5.8753430e-01  -3.8033951e-01  -1.3905594e+00  -1.7841864e-01  -1.6103768e+00
   1.0000000e+00   1.7397006e-01   7.9637205e-01   5.0289253e-01  -1.0578830e+00  -4.0026442e-01   6.4253953e-01
   2.0000000e+00  -1.1382584e+00  -1.1224850e+00   1.4701397e-02   1.1216828e-01   1.1266811e+00  -8.6501480e-01
   1.0000000e+00  -6.4666259e-04   2.9826516e-01   8.9129650e-01  -1.3321507e+00   8.0178906e-01   3.2590481e-01
   2.0000000e+00  -5.5965342e-01  -7.2290673e-01  -6.6566232e-01  -4.3007897e-01  -8.9346554e-01  -1.0589520e-01
   1.0000000e+00   9.5756047e-01   1.7045292e+00   1.6452777e-02  -1.3763993e+00  -1.0661095e+00  -9.9489248e-01
   1.0000000e+00  -7.8162674e-02   7.1779897e-01   2.2774166e-02  -6.3920224e-02  -3.4539005e-01  -3.5160665e-01
   1.0000000e+00  -3.6310426e-02  -1.0400049e+00   1.8852623e-01  -1.6412000e-01  -3.3920346e-01   1.7103416e+00
   2.0000000e+00   1.0666460e+00  -8.0731582e-03  -3.7263271e-01   1.1400587e-01   7.0397034e-01   5.7210762e-01
   2.0000000e+00   1.4911281e+00  -1.0888464e+00   2.7111297e-01   1.5396021e-01  -2.1635064e+00  -3.1362294e-01
   2.0000000e+00  -1.9962024e+00  -6.1046456e-01  -1.0670858e+00   1.5071343e+00   6.6932969e-01   1.6931165e+00
   2.0000000e+00   1.7080857e-01  -3.8652888e-01  -1.9691130e+00  -9.4676605e-01   1.7798082e+00   2.8997560e+00
   2.0000000e+00   5.9096919e-01   8.2365666e-02  -4.6262107e-01  -8.1381893e-01  -4.8538042e-02  -7.7189303e-01
   2.0000000e+00   5.8709238e-01  -7.1300664e-01  -2.5073197e-01   8.1888733e-01  -1.2171773e+00  -3.2265001e-01
   2.0000000e+00  -1.5381909e+00  -1.0026983e+00   7.6407509e-01  -3.9985199e-01   4.0627383e-01  -6.7968620e-01
   1.0000000e+00  -6.8296077e-01   6.7994930e-01   4.1788034e-01   5.1776169e-02  -2.1760835e-01   6.6673685e-02
   2.0000000e+00   4.6982954e-01  -5.0089879e-02  -9.5977944e-01   3.5730187e-01   2.2875872e-01  -1.2294208e+00
   1.0000000e+00  -1.9549865e-01   9.9284054e-01   7.8663984e-01   4.7413587e-01  -1.2635273e+00  -2.3707948e-01
   2.0000000e+00  -1.7023669e+00  -1.9373753e+00   1.8298273e+00   1.2020514e+00   2.8574817e-01  -4.2132839e-01
   2.0000000e+00  -1.1482436e-01  -1.7224955e-01  -5.5560781e-01   1.0903315e+00   1.1947413e+00  -1.3870605e+00
   2.0000000e+00  -6.7156604e-02  -2.6798985e-01   2.0625426e+00  -1.8154521e+00  -7.0900750e-01  -2.0086011e+00
   1.0000000e+00   6.8674935e-02  -1.1284451e+00   7.8772109e-01  -8.0575987e-01  -2.9595382e-01   5.8700599e-01
   2.0000000e+00   1.9555912e+00  -1.9571536e+00  -6.6441939e-01   2.5100369e-01  -5.4433743e-01  -7.7463432e-01
   2.0000000e+00   1.1093980e-01  -6.2297458e-01  -1.2254544e+00   3.9357867e-02   1.7194578e+00  -1.1452133e+00
   2.0000000e+00   1.7801167e-01   3.7985915e-01   1.1178453e+00  -4.8372263e-01  -6.3936905e-01   4.0998819e-01
   2.0000000e+00   1.6867434e+00  -1.9080362e+00   2.7223621e-01   1.4612192e-01   9.0943341e-03  -1.2389628e+00
   2.0000000e+00   1.1096750e+00  -9.9684446e-01  -5.7936754e-01  -1.2144958e+00  -1.1783378e+00   1.8530806e+00
   2.0000000e+00   1.0124113e+00   1.2729295e+00   1.0808515e+00   1.4520341e+00   1.7461395e+00  -1.3179165e+00
   1.0000000e+00  -3.3211065e-01  -2.3751009e-01   1.2151713e-01   9.6954814e-01  -9.4942714e-01   1.1051988e+00
   2.0000000e+00  -1.3817537e+00   2.7175299e-01  -4.5178905e-01   8.2305069e-02   4.2111135e-01  -1.2004625e+00
   2.0000000e+00   8.7344684e-01   8.0637143e-01  -1.4780219e-01  -4.2477075e-01  -3.0181242e-01  -2.6431165e-01
   2.0000000e+00  -6.5493003e-01   1.3125545e+00   1.5484715e+00  -1.2335832e-01  -1.3883836e+00  -6.9062632e-01
   2.0000000e+00  -1.7538871e+00  -3.5172577e-01  -2.8781607e-01  -7.0054726e-01   9.4770250e-01   1.0203450e-01
   2.0000000e+00   2.2866160e+00  -4.7418826e-01   1.1352048e+00   5.1112483e-02   1.1744044e+00   1.1399395e+00
   2.0000000e+00  -2.7855477e-01  -1.6605974e-01  -7.0657180e-01  -6.8422299e-01   1.8902449e-01  -5.5169734e-01
   2.0000000e+00   1.1306260e+00   1.1477798e+00   1.2955936e+00  -4.4805801e-01  -1.0348928e+00   1.6090641e+00
   1.0000000e+00   3.6855174e-01  -1.3958939e+00   4.8074286e-01   3.7481246e-01  -1.0431340e-01   3.1463489e+00
   2.0000000e+00  -5.5033984e-01  -7.8764394e-01   1.9837456e+00   1.0104759e+00  -9.1255685e-01  -1.3467247e-01
   2.0000000e+00   7.4574191e-01   6.9030066e-01   1.9421568e+00  -4.1680012e-01  -2.3682887e-01   9.0667031e-01
   2.0000000e+00   5.0987804e-01   1.1236016e-01  -1.6329702e+00  -1.2761627e+00   8.0239737e-01  -1.5748012e-01
   2.0000000e+00  -1.1846052e+00   7.4948095e-01   6.5712858e-01   1.0471644e+00  -9.7821225e-01  -2.7845294e-02
   2.0000000e+00   2.0842525e-01  -1.7277300e-01  -1.0669567e+00   1.2524274e+00  -7.8411935e-01   8.0348357e-01
   2.0000000e+00   2.8016450e-01  -6.2702896e-01  -1.2710215e+00   1.2760367e+00  -1.9873450e+00  -4.0988786e-01
   2.0000000e+00  -2.6381705e+00   1.9041661e-01  -2.0390149e+00   3.8572478e-01  -1.7861510e+00  -6.9654782e-01
   2.0000000e+00   1.7724458e+00  -1.1360340e+00  -1.1225556e+00   8.9979978e-02  -3.0282286e-01  -4.6902937e-02
   2.0000000e+00   1.4380605e+00  -1.0114743e+00  -7.2854605e-01   1.4200410e+00  -2.0819697e+00   5.7127217e-01
   2.0000000e+00   1.1315829e+00   5.8966786e-01   4.4659399e-01  -9.4568389e-01   2.5741142e-02  -1.5291747e+00
   2.0000000e+00   2.4175893e+00   3.1806776e-01  -4.0735684e-01   2.2336874e-01   1.1334522e+00   4.6393415e-01
   2.0000000e+00  -3.2449481e-04  -2.8165421e+00  -1.8774726e-01  -1.3598164e+00  -1.2956337e+00  -6.4151864e-01
   2.0000000e+00   1.1594749e+00   2.3023462e-01   1.2476833e+00   2.1828143e-01  -1.8075121e+00  -1.9867305e+00
   2.0000000e+00   1.3908084e-01  -6.3217805e-01  -2.1098888e+00  -1.5523845e+00   1.8845211e+00  -1.7775239e+00
   2.0000000e+00  -4.7296664e-01   1.1435413e+00  -5.7049874e-01   6.7408028e-01  -1.4385763e+00  -1.5800209e+00
   2.0000000e+00   7.2026347e-01   2.2554689e-01  -1.7871621e+00   7.7416068e-02  -1.3288487e+00  -2.2793636e-01
   2.0000000e+00   6.3430934e-02   1.2072381e+00  -1.6552763e+00   4.2404089e-01  -4.7803102e-01   3.3256520e-01
   2.0000000e+00  -2.0114076e+00  -1.2148922e+00   3.8970609e-02   1.1366441e+00   6.5944305e-02  -2.2206784e-04
   2.0000000e+00   5.0029688e-01  -2.3093852e+00  -4.3523860e-01  -1.7284624e+00   2.5037696e-01  -1.2441455e-01
   2.0000000e+00   1.0467769e-01  -1.1015799e-01  -9.5975847e-01  -4.1961528e-01   4.6963257e-01   7.3623401e-02
   2.0000000e+00  -1.2075560e-01  -8.4033959e-01   1.6050633e+00   1.2293700e+00   1.2383847e+00   1.8038641e-01
   2.0000000e+00  -8.9706189e-01   1.0936420e+00   6.3540224e-01   1.5032912e+00  -1.1868416e+00   1.9068943e+00
   2.0000000e+00   7.1692842e-01   3.7591925e-01   1.8326950e+00   2.6470937e-01   1.8276058e-01   1.3997255e+00
   2.0000000e+00  -1.6276762e+00  -1.5514861e+00   6.7359517e-02  -2.5793971e-01   1.4680012e+00  -2.9483112e+00
   2.0000000e+00  -7.9389325e-01  -1.0576135e+00   7.8005958e-01   3.9003091e-01  -2.5543711e+00  -8.1799011e-01
   2.0000000e+00   6.4223438e-02  -1.3425088e-03  -2.2657321e-01  -4.1547930e-01   4.7076271e-01   5.5248071e-01
   2.0000000e+00   7.3742528e-01   1.2276895e+00  -1.0666739e+00   5.6582923e-01   9.4166771e-01  -5.0971000e-01
   1.0000000e+00   8.9044721e-01   7.0703767e-01   3.2285853e-01   1.1269437e+00  -7.5670993e-01  -9.8544912e-02
   2.0000000e+00   7.7263989e-01   2.3124975e-01   8.2995838e-01   3.7452016e-01   2.0301543e-01   3.3624794e-01
   1.0000000e+00   3.9984789e-01  -1.0003144e+00   4.4576784e-01  -9.3504839e-01   7.4381846e-01   1.1032025e+00
   2.0000000e+00   6.3494280e-02  -8.3379820e-01  -8.2272764e-01   1.4143271e+00  -7.5267211e-01  -8.2129163e-01
   2.0000000e+00  -9.8021477e-01   7.4911168e-01  -9.7775185e-01   1.3892771e+00   7.5785661e-01  -9.8076083e-01
   2.0000000e+00   7.5787708e-01  -9.0046861e-01  -8.9362087e-01  -2.1794463e+00  -1.3362869e+00  -6.3039098e-01
   2.0000000e+00   1.8898610e+00  -4.4636453e-01   4.2709254e-01   1.1504595e+00  -1.5187789e+00   1.0133102e+00
   1.0000000e+00  -4.5770734e-01  -3.5482015e-01   1.8805201e-01  -3.1162747e-01   8.3798866e-01   2.9898670e-01
   1.0000000e+00   5.5103065e-01   7.3231024e-01   5.2391059e-01  -4.2523297e-01  -6.3724919e-01   5.2581302e-01
   2.0000000e+00   7.9171564e-01   5.2522174e-01  -1.7583535e-01  -8.4819801e-01  -4.4002577e-02   8.5891335e-01
   1.0000000e+00  -2.7423902e-01  -2.4167290e-01   3.6622983e-01   1.2554166e+00  -7.2081886e-02   2.2399654e-01
   2.0000000e+00  -3.3504263e-01  -7.7749405e-01  -3.1340786e-01  -2.1878449e+00  -1.0242169e+00  -1.5329791e+00
   2.0000000e+00   3.0220011e-01   2.9474775e-01   1.5722715e+00   1.4505049e+00  -1.6981368e+00   1.5199423e+00
   2.0000000e+00  -1.6571378e+00   9.6970814e-01  -1.0717322e+00   1.2679168e+00   5.8675855e-01   7.6908917e-01
   1.0000000e+00  -9.7615134e-01   1.7084512e+00   5.1678269e-02  -1.1428478e+00   6.1722620e-01   5.5492338e-02
   2.0000000e+00  -4.3312438e-01   1.1162960e+00  -3.8288534e-01   1.1559916e+00   1.4328916e+00  -1.4181321e+00
   2.0000000e+00  -2.8074396e-01   2.9170090e-01  -1.0269637e+00   2.2470928e-01   1.5225078e+00   7.6289430e-01
   2.0000000e+00   8.5933592e-01   1.3814916e+00  -6.2600873e-01   1.5251238e+00   1.7496485e+00  -4.6875589e-01
   2.0000000e+00  -8.0243985e-01  -7.3670387e-01   2.8631491e+00  -4.8638801e-01   1.1061059e+00   4.1091534e-01
   2.0000000e+00  -4.0691867e-01   8.2964559e-02   1.3618690e+00  -6.5436345e-01  -3.2643747e-01   9.7178729e-01
   2.0000000e+00  -9.4305321e-01   8.2560391e-02  -2.0868007e-01   5.0041670e-01  -7.2884616e-01   4.9216433e-01
   2.0000000e+00   2.7870691e-01  -8.5508564e-02  -6.9519090e-01  -1.6018804e+00   2.5878307e-01  -2.3469699e+00
   2.0000000e+00  -8.4551454e-01   1.0877036e+00  -1.3950776e+00   1.5366325e+00  -1.5992586e+00  -1.1579764e+00
   2.0000000e+00   1.0518790e+00  -6.6063040e-01  -6.8471093e-03   5.5281633e-02   1.9142040e+00   1.9564681e+00
   2.0000000e+00  -5.8064789e-02  -5.6562694e-01  -3.8324016e-01   1.2099566e+00   4.1564176e-01  -2.7017902e-01
   2.0000000e+00   1.4215591e+00   9.8346085e-01   1.5747540e+00   2.1518682e+00  -4.5682826e-01  -8.5482802e-02
   2.0000000e+00  -2.2863391e+00  -2.2449047e+00   4.0985007e-01   3.8798240e-01   1.8082342e+00   1.4840129e-01
   1.0000000e+00  -3.0748635e-01   2.1389930e-01   5.4083604e-01   1.7902807e+00   1.3200266e+00   1.9405512e+00
   2.0000000e+00   2.2419836e-01   6.3161551e-01   1.2062312e+00  -5.2746733e-01   8.2713110e-01   1.3733103e+00
   2.0000000e+00  -5.3250506e-01   6.5158780e-01  -2.4335901e+00   2.0185836e-01  -1.3975512e+00  -5.6072060e-01
   1.0000000e+00  -1.3364791e-01   2.0598639e-01   2.1616545e-01   5.3242389e-02  -4.3081011e-02  -1.6549367e+00
   1.0000000e+00   2.2413978e-02  -3.1467996e-01   1.0740545e-01   1.5606002e-01  -3.6599132e-01  -4.0170695e-01
   1.0000000e+00  -5.3146491e-01  -7.1680661e-01   1.0570245e-02  -6.7323593e-01  -1.0821889e-01   6.2861961e-01
   2.0000000e+00  -7.2565354e-01   9.2495174e-02  -9.8086115e-01   1.2852175e+00  -7.9302190e-01   2.1042574e-02
   2.0000000e+00  -1.2824267e+00  -5.9010443e-01  -3.0090424e-02  -1.1653959e+00  -1.7715025e+00  -3.9704308e-02
   2.0000000e+00  -1.3160721e+00   2.1246658e+00   4.9550533e-01  -8.5617285e-01   1.7782897e-01   3.1726876e-01
   2.0000000e+00   9.2015486e-01  -1.3842948e+00  -2.0351782e-01   1.1811538e+00  -4.0161111e-01  -9.6855379e-01
   2.0000000e+00   6.5368033e-01  -1.0851575e+00   1.7880892e+00   1.2889054e+00   1.5338475e-01   4.6299330e-01
   1.0000000e+00  -3.7006730e-01  -1.7297644e+00   9.8216837e-02  -4.5450718e-01  -4.5904924e-01   5.1577880e-01
   1.0000000e+00   3.2760963e-01   1.8932612e+00   6.6118864e-01   5.2371649e-01  -3.2321662e-01   1.3793194e+00
   2.0000000e+00  -2.0309749e+00   3.6056064e-01   1.3593196e-01  -4.8538292e-01   1.3490465e+00   1.4601245e+00
   2.0000000e+00   2.3492961e-01  -1.2148063e+00   1.1595794e+00   1.1197922e+00  -5.3054899e-01  -7.0321767e-01
   1.0000000e+00   4.5194451e-01   1.7825078e+00   5.4870480e-01  -2.3816538e-01   3.8734551e-01   1.2400337e+00
   1.0000000e+00  -6.7381314e-01  -2.5719631e-01   7.0807405e-01   1.6447652e-01   3.5656445e-01   1.8067365e+00
   2.0000000e+00   5.1911481e-01   6.9865005e-01  -1.4101674e+00   2.3688287e+00  -1.2765000e-01   1.2992277e-01
   1.0000000e+00  -9.4855021e-01   6.3292274e-01   2.1920706e-01  -6.2125146e-01  -7.0240547e-01   8.0705249e-01
   2.0000000e+00  -1.1953971e+00   3.6981667e-01  -1.1914218e+00   1.0274869e+00  -6.2891512e-01  -1.5628082e-03
   2.0000000e+00   7.6315110e-01   4.7502703e-01  -7.9154994e-01  -1.2359124e+00   4.6718768e-01  -8.4682277e-03
   2.0000000e+00  -6.0868409e-01   1.6825596e+00  -1.5709055e-01   2.0074207e+00   2.6844878e+00  -1.5290865e+00
   1.0000000e+00  -1.2473299e-01  -1.9706423e+00   2.7807145e-01   6.6439407e-01  -4.4714076e-01   5.6174597e-01
   2.0000000e+00  -9.6509107e-01   4.4111178e-01  -7.7733108e-01  -2.5184052e-01   1.2925928e+00   2.4042828e-02
   2.0000000e+00  -2.8821022e-01  -8.9614637e-01  -1.7419280e+00   9.5506214e-01  -1.3570994e+00   3.9822893e-01
   2.0000000e+00  -1.2586860e+00   4.4507496e-01   5.5189364e-02   3.3911000e-01   8.8380654e-01  -9.4520551e-02
   1.0000000e+00   5.0269958e-01   6.8183117e-01   5.2168539e-01   4.5748385e-01  -3.8059021e-01   1.4114309e+00
   2.0000000e+00  -1.1798176e+00  -5.5577052e-01   1.4266078e+00  -3.1245523e-01   6.7277578e-01  -1.2676802e+00
   2.0000000e+00  -8.5216629e-01  -2.0510201e+00  -1.2606312e+00   2.7955990e-01  -4.0786253e-01   1.9529315e+00
   2.0000000e+00   8.0572971e-01  -2.6434509e-01   1.4841725e+00  -1.5748468e+00   6.5267533e-01  -4.0628622e-01
   2.0000000e+00   8.8052962e-01  -1.7521485e+00   5.1154854e-01   4.0311961e-01  -2.7287158e-01   1.0264580e-01
   1.0000000e+00   7.2045010e-01  -3.1491892e-01   7.2856410e-02   1.0776676e+00   3.1328376e-01  -1.9585955e+00
   2.0000000e+00  -5.1324882e-01  -1.2632005e+00  -1.2505549e+00  -9.5551166e-01   5.4104629e-01  -3.5069889e-01
   1.0000000e+00  -7.1073719e-02   7.6886265e-01   1.4441388e-01   3.8784446e-01  -1.6176799e-01  -3.0744224e-01
   2.0000000e+00   6.8031872e-01   4.3190166e-01   7.7803331e-01  -2.7035121e-01   3.3206624e-02   2.0295155e-01
   2.0000000e+00   1.7758611e+00   3.6995700e-02  -5.2974569e-01   1.7095001e+00  -1.1428525e-01  -4.1438221e-02
   2.0000000e+00  -1.4984601e+00  -2.5371554e-01  -1.0934671e+00   1.8574847e+00   1.9233304e+00  -4.0607546e-01
   2.0000000e+00   4.3924851e-01   2.9157293e-01   1.9642992e+00   5.7150889e-02  -1.1204814e+00  -1.3893871e+00
   2.0000000e+00   8.2390323e-01   1.0082305e+00  -1.6541621e-01  -8.6830386e-01  -1.9632196e-01  -6.3233289e-01
   2.0000000e+00   1.3327733e+00  -8.5837442e-01   5.5249376e-01   9.2847924e-01   6.9404816e-01   2.8410829e+00
   2.0000000e+00  -2.1781717e+00  -2.0523106e+00  -6.2772833e-01   1.5083934e+00   1.2585927e+00  -1.3181115e+00
   2.0000000e+00  -1.4359623e+00   3.5453748e-01  -1.0118978e+00   7.2111894e-01  -5.3452552e-01  -5.7931111e-01
   2.0000000e+00   6.1798523e-01  -1.1509504e+00  -1.6590824e+00   1.0189691e-01   1.2683151e+00   6.5346142e-01
   2.0000000e+00  -8.8731664e-01   2.5192878e-02  -2.8795202e-01   8.3336698e-02   2.3190174e-01  -6.1148389e-01
   2.0000000e+00  -5.9763269e-02   2.6697807e-01   1.1344038e+00  -1.4839448e+00   1.0218459e+00  -9.6896311e-01
   2.0000000e+00   2.0716094e-01  -1.0221897e+00  -5.0221175e-01  -1.1513315e-01   1.4922352e+00  -7.8617137e-04
   2.0000000e+00  -1.4770953e-02  -1.0284502e+00  -1.1309472e+00  -4.2759390e-01   5.6631533e-01  -4.2190390e-02
   1.0000000e+00  -6.0229915e-01   1.1418817e+00   4.7784723e-01   4.9815473e-01   1.4535441e-01  -8.9062565e-01
   2.0000000e+00  -1.9538598e+00   6.6283573e-01   6.4357756e-01  -7.4976107e-01   4.3674771e-01  -4.7012370e-01
   2.0000000e+00   9.1027589e-01  -9.6519686e-01   1.1460621e+00   1.4054813e+00   9.2704906e-01  -9.6183550e-01
   2.0000000e+00   7.3142191e-02   1.5688492e+00  -6.0392442e-01   1.3105658e+00   1.3808516e+00  -1.8339621e+00
   2.0000000e+00   1.9852961e-01   2.5577596e-01  -1.7675840e-01  -1.5941837e+00  -2.8498659e-01   6.1333824e-01
   2.0000000e+00  -2.1969757e+00   1.3269580e+00   7.1043296e-01  -1.1248201e+00  -1.1496842e+00  -9.9463746e-01
   1.0000000e+00  -3.0707029e-01   6.3065139e-01   1.5307541e-01  -2.7777021e-01   1.7814505e+00   3.3873900e-01
   2.0000000e+00  -6.7232559e-01   3.6031111e-01   1.6260520e+00   3.2137549e-01  -2.8877693e-01  -1.3983638e+00
   2.0000000e+00  -1.7058930e+00  -5.9594286e-01   2.5995314e+00  -5.1398293e-01  -8.8073636e-01   3.7303521e-01
   2.0000000e+00  -4.3211474e-01   1.1072791e+00   9.0812147e-01   2.0006912e-01   8.3826285e-01  -7.8247847e-02
   2.0000000e+00  -5.3465088e-01   1.1856836e+00  -1.1882564e+00  -3.7904330e-01  -2.8708760e-01   3.1862719e-01
   2.0000000e+00  -1.0645249e+00  -1.1797962e+00  -1.2450458e+00  -4.7992657e-01  -2.4397565e-01   9.7690743e-01
   2.0000000e+00   1.1674275e+00   6.4349397e-01   1.1659496e+00   9.3374896e-01   4.3842890e-01   1.7854229e+00
   2.0000000e+00  -1.4189853e+00   9.7446920e-01   5.0620102e-01  -5.3090726e-02  -2.2612958e+00   9.3332312e-01
   1.0000000e+00   5.8521601e-01   1.7264328e+00   1.5038612e-01  -1.1021144e+00   3.9132491e-01  -6.1384070e-01
   2.0000000e+00   6.2075201e-01   1.6220452e-01  -5.6044179e-01   2.7354095e-01   3.6026040e-01   1.1615287e+00
   2.0000000e+00  -9.1714037e-01   9.1254922e-02  -1.3903798e-02  -1.5197486e+00  -3.8838167e-01  -4.8382060e-01
   2.0000000e+00  -1.7552815e+00   5.2160236e-01   1.0255114e+00   6.1877943e-01  -8.7963919e-02   1.3814175e-01
   2.0000000e+00   1.3444759e+00  -7.7845110e-01  -2.0330912e+00  -8.8383669e-01   4.7430108e-01  -1.1535959e+00
   2.0000000e+00  -1.5904092e+00  -5.2670321e-01  -2.9088259e+00   5.6920801e-01   2.0570247e+00  -1.5771271e+00
   2.0000000e+00   1.0280213e+00  -2.6501213e-01   2.9354714e-02   8.3402976e-01  -7.4913064e-01  -1.1961440e+00
   2.0000000e+00  -3.3725614e-01   2.0138078e-01   2.0666345e+00  -6.4247636e-01   1.7661170e-01  -1.1175080e+00
   2.0000000e+00  -2.0165940e-01  -7.9166292e-01  -1.7578243e+00   5.8582699e-01  -7.0061732e-01  -5.0729666e-01
   2.0000000e+00   7.2377668e-03   1.8532397e-01  -2.5111088e-01  -2.4280175e-01   2.0253045e+00  -1.7771823e-02
   2.0000000e+00   1.2846785e-01   3.1740748e-01  -2.1672482e-01  -1.6702210e-01  -8.0298202e-01   1.7192790e-01
   1.0000000e+00   3.9466305e-01   1.5905847e+00   9.1333323e-01  -2.2018192e+00  -2.6653214e-01  -1.7662849e-01
   2.0000000e+00   1.2157251e+00  -1.5815526e+00   4.0575821e-01   3.8691024e-01   1.1468430e+00  -4.4897935e-01
   2.0000000e+00   6.3894936e-01  -9.4175859e-01  -1.2175483e+00   5.9306923e-01   6.5617064e-01  -7.9947843e-01
   2.0000000e+00   3.8309365e-01   1.8357514e+00   1.5698188e+00  -3.2314242e-01   2.6075956e-01   2.4304116e-01
   2.0000000e+00  -2.0132547e-01  -9.6405010e-01  -3.8331229e-01  -8.1177914e-01  -1.0202580e+00   5.8217084e-01
   2.0000000e+00   8.8565389e-01  -9.3129733e-01  -7.1799368e-01  -3.7245552e-01  -8.8880755e-01   1.0822254e+00
   2.0000000e+00  -6.4774145e-01  -1.6475446e-01  -1.4366747e+00   1.0355866e+00  -2.0047929e+00  -2.0153021e+00
   2.0000000e+00   1.2785812e+00  -1.0067195e+00  -8.1970530e-01  -7.0299706e-01   8.6389917e-01   1.1039536e-01
   2.0000000e+00  -6.9343135e-01   1.8735271e-01   8.3445362e-01  -8.1652036e-01  -3.9633745e-01  -1.1724620e+00
   2.0000000e+00  -2.5373889e-01  -9.6775629e-02   2.3626711e+00   1.0766553e+00  -1.1822668e+00   1.0259420e+00
   2.0000000e+00   1.7712999e-01   6.1209733e-02   1.5949693e+00  -1.7222577e+00  -1.1144232e+00  -8.8513260e-01
   2.0000000e+00  -9.5344328e-01  -3.0200264e-01  -3.5288961e-01   1.2563273e+00   1.2038624e+00   6.0181941e-01
   1.0000000e+00   6.1632546e-01   1.5593624e+00   6.2799864e-01   8.5664565e-03   1.3483556e+00   6.4525916e-01
   2.0000000e+00  -2.7738148e-01   1.5489446e+00  -9.2435608e-02   7.7762946e-01  -2.0523262e+00   9.9186352e-01
   2.0000000e+00   9.7927945e-01  -2.3149632e-01   5.0754561e-01   1.4729119e-01  -8.5209583e-01  -5.1307121e-01
   1.0000000e+00   3.1029328e-01  -6.3719749e-01   1.4613117e-02   7.4231598e-01   1.6355803e-01  -7.9518676e-02
   1.0000000e+00  -7.7775230e-01   1.0591543e+00   2.7183495e-01  -2.3299139e-01  -1.0276317e+00  -3.3294586e-01
   2.0000000e+00  -4.6285400e-01  -1.3567082e+00  -4.3582966e-01  -5.4270833e-01  -3.5702898e-01   9.3974219e-01
   2.0000000e+00  -1.3025382e+00  -3.9122459e-01  -2.4871477e-01  -1.1333190e+00  -1.6808315e-01  -7.7976691e-02
   2.0000000e+00  -5.4809758e-01   2.1089756e+00  -7.4862845e-01  -2.4706883e-01   1.6653159e+00  -2.0678640e+00
   2.0000000e+00   7.1104080e-01   1.2829548e+00  -5.9311205e-01  -1.2406072e+00   6.0205091e-01  -7.3112518e-01
   2.0000000e+00   8.6257134e-01  -6.1858731e-03   1.1720584e+00   3.2249361e-01  -2.5851735e-02  -1.0423589e+00
   2.0000000e+00   2.4046071e-01  -1.3484092e-01  -4.8158853e-01   1.5652685e+00  -1.1969660e-01  -1.6143675e+00
   2.0000000e+00   8.2321920e-01   1.0009256e+00   9.4089403e-01   1.9776232e+00  -9.0573843e-04   5.6533023e-01
   1.0000000e+00   5.0879407e-01  -3.4952316e-01   2.6595264e-01   1.1725894e+00  -1.3508145e+00  -4.5689130e-01
   1.0000000e+00  -8.3790287e-02  -1.0413569e-01   2.2163851e-01   9.7547808e-01  -4.1134819e-01  -4.1958997e-02
   2.0000000e+00  -1.1100882e+00  -3.6004297e-01  -2.4390139e+00   9.3416158e-01  -6.7687543e-01   5.3827991e-01
   2.0000000e+00  -1.0383527e+00   3.9119300e-01   5.3167621e-01  -1.7306412e+00  -1.2120300e+00   1.2085483e+00
   2.0000000e+00  -9.6117798e-01   3.1833639e-01  -5.9400366e-01  -5.7036501e-01  -9.3755035e-01   1.1287939e+00
   2.0000000e+00   9.7844506e-01   1.0035247e+00  -4.8142717e-01   1.1359963e+00   3.6945770e-01  -2.5822328e-01
   2.0000000e+00  -1.0228423e+00   9.9612149e-01  -3.8837863e-01   9.5470960e-01   2.6318801e+00  -9.0445145e-01
   1.0000000e+00  -6.5318756e-01  -2.4122528e-01   6.7272605e-01   3.9031061e-01   6.4783216e-01  -4.8304639e-01
   1.0000000e+00  -7.1908711e-01   1.0266748e+00   1.0841436e-01  -6.8792756e-01  -9.6668488e-01  -1.1008474e+00
   2.0000000e+00  -1.0592205e+00  -9.7419900e-01  -7.3418036e-01  -4.1186431e-01  -2.2569544e-01   1.1594171e+00
   1.0000000e+00   2.1350521e-02   7.7409442e-01   1.4522480e-01  -1.1237783e-01   1.5512338e+00  -3.7805005e-01
   2.0000000e+00  -2.7968055e-02   9.8076493e-01   1.1838497e+00  -6.8968366e-01  -3.7117420e-01  -2.1077029e-01
   1.0000000e+00   3.1747385e-01  -3.7456897e-01   1.1879124e-01   2.1170492e+00  -1.0403701e+00  -1.9433303e-01
   2.0000000e+00  -8.2278451e-01   1.0495644e+00  -1.1752391e+00   1.2377226e+00  -1.2036590e+00  -1.8165580e+00
   2.0000000e+00   1.7864437e-01  -1.1857469e+00  -5.9280701e-01   3.4201176e-01   1.0742711e-01   1.4257294e+00
   2.0000000e+00   4.1337297e-02  -7.5309236e-01  -2.9134599e-02   9.9994071e-01  -1.7073014e-01  -4.6833004e-01
   2.0000000e+00  -2.6219195e-01  -5.6783685e-01  -1.6407103e+00  -6.9835620e-01   2.4990068e+00   1.2274010e-01
   1.0000000e+00   1.6254434e-01  -7.3895127e-01   3.7477420e-02   3.3037296e-01   2.5998707e-01   2.9397837e-01
   2.0000000e+00  -6.5106289e-01  -3.9100391e-01   8.0107954e-01   2.8774168e-01   2.7258376e-01  -6.0414417e-01
   2.0000000e+00  -6.0957091e-01  -3.9344388e-01  -8.2001533e-01   5.0222414e-01  -2.0186923e+00  -2.0254205e+00
   2.0000000e+00  -2.1149565e-01   1.3260677e+00  -7.3435357e-01  -1.5802770e+00  -1.9696164e+00  -2.6106803e-01
   2.0000000e+00  -5.1123589e-01   5.5087245e-01  -2.3019530e-01   8.8979060e-01  -1.4094420e-01  -1.1143816e-01
   1.0000000e+00  -1.6545048e-01  -1.2511140e+00   3.8154132e-01  -1.4444689e-01   1.3741166e+00  -3.2479761e-01
   2.0000000e+00   3.1504238e-01  -1.9025971e+00  -6.7544218e-01   8.5203637e-01   6.0076372e-01  -9.7107192e-03
   1.0000000e+00  -8.3038476e-01  -1.9234653e+00   1.0764854e-01  -8.0239912e-01   2.4176732e-01   6.7354441e-01
   2.0000000e+00  -2.4785299e+00  -1.5260727e+00   5.5683568e-01   9.3989270e-01  -1.5975890e+00   4.8981758e-02
   2.0000000e+00   5.0341583e-01  -8.0482886e-02  -5.0673107e-01  -4.6853508e-01   8.3883394e-01   2.5617469e+00
   2.0000000e+00  -5.3530815e-01  -2.7302040e-02  -2.4223758e-01   1.0974436e-01   1.2136353e-01  -1.0989060e+00
   2.0000000e+00   1.4444237e+00  -5.4926113e-01   1.7044071e+00  -5.2911203e-01  -1.7939422e+00   2.4839811e+00
   2.0000000e+00  -6.2255049e-01  -5.5734311e-01   2.7593130e+00   1.4768373e+00   2.0793683e-01  -1.1908419e+00
   1.0000000e+00   9.4943198e-01  -7.6326256e-01   1.1845380e-02  -1.4078566e+00   5.3856175e-01  -5.0384734e-01
   2.0000000e+00  -7.8292197e-01  -6.5818284e-01  -3.0616532e-01  -8.5819858e-01   9.4058854e-01   9.3874065e-01
   1.0000000e+00   7.7716491e-01   8.1663317e-02   2.0419632e-01  -9.2461227e-02   1.1917887e+00   1.0003262e+00
   2.0000000e+00   9.2614267e-01   1.2696506e+00   4.7968687e-01  -5.4800424e-01   2.2307238e+00  -1.6521662e+00
   2.0000000e+00   1.4550354e+00  -1.3371714e+00  -2.8700822e+00  -1.1831392e+00  -1.4032558e-01  -4.6637146e-01
   2.0000000e+00   1.0694941e+00   4.0556121e-02  -1.8301960e+00  -5.9673677e-01  -1.1678882e+00  -1.1725679e+00
   1.0000000e+00   8.6293936e-02  -4.8964151e-02   2.4867445e-01   5.8639435e-01   9.4113047e-01   3.1204536e-01
   2.0000000e+00  -3.5650359e-01   6.6155623e-01  -9.9218952e-01   1.6324501e-01   4.5740754e-01  -1.1958438e+00
   1.0000000e+00   1.2922441e-01  -6.5802519e-01   5.0420450e-01  -9.1872591e-01  -6.3401721e-01  -4.3900462e-01
   2.0000000e+00   4.8854356e-01  -2.8538001e-01  -9.9124742e-01   7.5203670e-01   1.4958059e+00   1.1341382e+00
   1.0000000e+00   5.4577195e-03  -2.0821599e-02   7.0144627e-01   4.8311349e-01  -1.7059896e-01  -7.7635595e-02
   1.0000000e+00   6.0693806e-01  -8.9648139e-01   5.4525792e-01   1.8023034e-01  -7.9306667e-01   6.3774173e-01
   2.0000000e+00   4.7007506e-01  -3.2529476e-01  -1.5646507e-01  -8.1957212e-01  -4.8471335e-02  -8.1442422e-01
   2.0000000e+00   1.9831172e+00   2.8902792e-01   3.3087774e-01  -4.7245257e-01  -3.2093896e-01  -1.0392921e+00
   2.0000000e+00  -2.3704840e+00   3.3191536e-01   2.3187272e+00   9.5091508e-01   2.0986016e+00   1.6831754e-01
   1.0000000e+00  -4.0910829e-01   8.8900189e-01   5.4258446e-01   3.8338945e-01   7.8808136e-01   2.1953216e-01
   2.0000000e+00   3.2628530e-01  -2.8748746e-01  -7.5217657e-01   4.9777064e-01  -1.4425188e+00  -1.1581818e+00
   2.0000000e+00   1.4794471e-01  -1.8357969e+00  -9.9127635e-01  -6.7558274e-01  -1.1717433e+00   8.6603071e-01
   2.0000000e+00  -5.1050972e-01   8.0195273e-02   1.4796401e+00   1.4041998e+00   5.2532090e-01  -8.2864029e-01
   2.0000000e+00   2.8004037e-01  -1.2673915e+00   2.4719066e-01   8.5860472e-01   2.7848516e+00   1.3243961e+00
   1.0000000e+00   2.9424849e-01   8.6554451e-01   8.0978026e-01  -1.7722168e-01  -2.6150983e-01   1.2973039e+00
   2.0000000e+00  -2.0113237e+00  -8.6513889e-01  -1.9031997e+00  -8.1729124e-01  -4.0463678e-02   2.1945803e-01
   2.0000000e+00   5.5501711e-01  -8.2828026e-01   1.4185553e+00  -1.6373647e+00  -3.1453159e-01   1.5297877e+00
   2.0000000e+00   3.5671720e-01  -7.8660084e-01   1.0335961e+00   3.4614060e-01   2.5116617e+00   4.7658153e-01
   2.0000000e+00   1.5728558e+00  -5.7228887e-01   7.1351335e-01  -7.7238201e-01   2.5938237e-01   8.6747850e-01
   2.0000000e+00   8.8905242e-01  -1.5247620e+00  -3.2495481e-01   5.6191505e-02  -1.4264172e+00  -1.5873271e-02
   2.0000000e+00   6.9839860e-02  -9.7514904e-01  -6.6969337e-02   1.8883519e-01  -1.2330761e+00   5.5385967e-01
   2.0000000e+00   5.4810588e-01   3.8801204e-01  -1.2322030e+00   2.7350627e-01   7.0989142e-01  -4.7248724e-01
   2.0000000e+00  -2.8224326e+00  -8.6595030e-01   4.1032169e-01  -2.6655120e-01  -1.1442662e+00   9.5364188e-01
   2.0000000e+00  -4.1408917e-01  -4.1326665e-03  -2.6061802e+00   1.2984438e-01   4.6423442e-01   6.5259862e-01
   2.0000000e+00   1.3810361e+00  -1.1168374e+00   4.0724997e-01   1.4054246e+00  -5.7041715e-01  -4.9252981e-01
   2.0000000e+00  -9.7719632e-01  -3.3419267e-01   7.6083893e-01  -1.2177747e+00  -1.0474121e+00  -2.3511448e+00
   2.0000000e+00  -7.4449040e-01  -5.6109080e-01  -5.0584998e-01   5.7623658e-02   6.8610136e-01  -6.9016617e-01
   2.0000000e+00  -1.5395502e-01   1.0325612e+00   1.4039841e+00   1.2877876e+00  -6.8665415e-01   3.8260649e-01
   2.0000000e+00   1.0790085e+00  -3.5150598e-02  -5.3971016e-01  -2.1772782e-01  -6.2248215e-02  -2.1271444e+00
   2.0000000e+00  -4.3455938e-01   3.4765555e-01   1.6235052e+00  -1.0840845e+00   4.0310525e-01  -5.8685465e-01
   2.0000000e+00  -7.2655045e-01   4.1980192e-01   1.1398968e+00  -1.3014134e-01   2.2408688e-01   1.3249324e+00
   2.0000000e+00  -1.0528453e+00  -1.4104681e+00  -5.5140551e-01   3.0550697e-01  -2.6143187e-01   4.5448382e-01
   1.0000000e+00   2.9318857e-01  -1.3371699e+00   6.6749254e-01  -5.9485991e-01  -1.4172332e-01   1.0845969e+00
   2.0000000e+00  -3.9159232e-01  -6.4992597e-01   1.2275136e+00  -6.0127532e-01  -1.3323266e+00   2.7053767e-01
   1.0000000e+00  -2.9551847e-01   1.3564022e+00   1.9120151e-01  -5.3261271e-01   4.1270710e-01   1.6947916e-01
   2.0000000e+00   6.7690202e-01   6.6327012e-02  -1.3466581e-02  -5.6577961e-01  -1.3247568e+00   9.8865290e-01
   2.0000000e+00  -1.4229876e+00   2.6917356e-01   7.9463128e-01   1.9588763e-01   1.1217181e+00  -2.2238213e-02
