   2.0000000e+00   7.8772218e-01   1.1259192e+00  -2.0346692e+00   1.8685541e-01  -3.7958167e-01   1.5304066e+00
   2.0000000e+00  -1.8851434e+00   1.9838472e+00   9.1871237e-02   1.1284583e+00  -1.0194786e+00   2.0831697e-01
   2.0000000e+00   1.9263665e+00  -1.2763993e+00  -1.9897160e-01   4.3365915e-01  -6.2561983e-01  -2.0017167e-01
   1.0000000e+00  -9.4065967e-02   4.4039680e-01  -1.4024299e+00   6.6465133e-01   3.2749333e-01  -4.0690605e-02
   2.0000000e+00   9.4753154e-01   8.6721493e-01  -2.3947012e+00   1.3081806e+00   9.5935887e-01  -2.3215948e+00
   1.0000000e+00  -8.1314330e-02   9.7510786e-01  -1.4051375e+00   5.2021961e-01  -7.0542973e-02  -1.6777484e-01
   2.0000000e+00  -5.8231097e-01  -5.4756708e-01   6.4122800e-02  -3.8890712e-01  -5.8984857e-01   1.2432247e+00
   2.0000000e+00   2.1685491e-01  -3.1694650e-01   2.2755899e-01  -7.9350426e-01   8.8408093e-01  -2.7578227e-01
   1.0000000e+00   2.7642736e-01   1.2581644e-01   1.1002850e+00   3.4711773e-01   8.3419052e-02   7.6448411e-01
   2.0000000e+00  -1.2633815e+00   1.7444110e-01   5.8727079e-02  -1.4438815e+00  -1.7184463e-02  -5.6021050e-01
   1.0000000e+00   5.6456994e-01   1.2707994e+00   1.1718676e-01   3.8782286e-01  -3.6439741e-02  -9.5941859e-02
   2.0000000e+00  -4.6173535e-01  -1.9822031e+00  -4.9502943e-01  -2.0316404e-01  -5.7435265e-01   5.2032567e-01
   2.0000000e+00  -6.5674434e-01  -1.8822645e+00   7.1098419e-01  -2.1558576e-01   9.4622807e-01  -6.0968631e-01
   1.0000000e+00   6.5180853e-01  -4.0174867e-01  -1.8457691e-01   2.5236760e-02  -2.2435194e-01   8.2803510e-01
   2.0000000e+00  -3.2675822e-02  -4.0249262e-01   7.7741167e-01  -4.1039799e-01   1.2101006e+00  -5.1121836e-01
   2.0000000e+00  -3.2265499e+00  -3.7349295e-01   2.6169529e-01  -2.9699545e-01   2.8718754e-02  -9.8721484e-01
   2.0000000e+00  -1.5024594e+00  -1.4595218e+00   8.4118356e-02  -8.3230726e-01   9.2270250e-01  -1.0417531e+00
   2.0000000e+00   1.6272331e+00  -1.2863412e+00  -7.7429910e-01  -5.5094593e-01  -1.5486436e-01  -1.0569790e+00
   2.0000000e+00   1.1781512e+00  -2.3042454e-01   9.2472498e-01   3.6316329e-01  -1.5677761e+00   5.0544256e-01
   1.0000000e+00  -1.2048998e-02   1.3363254e+00   1.4386216e+00   8.7283009e-01  -4.2928921e-01  -2.4440152e+00
   2.0000000e+00   1.3894147e+00   6.6307127e-01  -1.5415497e+00   1.2052057e+00  -2.2525953e+00   2.1668161e+00
   2.0000000e+00  -9.9168038e-01   7.3501500e-01  -7.3434698e-01   1.1536446e+00   1.0707417e+00  -1.1944211e+00
   2.0000000e+00  -1.0265158e+00   1.6492885e+00  -6.5952131e-01  -1.9320748e-01   1.3114145e+00  -5.3695924e-01
   2.0000000e+00  -8.6965832e-01   1.7881400e+00  -3.2479076e-01   9.3072509e-01  -1.2926326e+00  -3.0267717e+00
   2.0000000e+00   8.5419543e-01   3.2006467e-01   1.9780614e+00  -2.2983621e-01  -3.1984755e-01   2.5354529e+00
   2.0000000e+00  -2.3179562e-01  -1.0484748e+00   3.0539563e-02  -5.9738681e-01   8.2884124e-02  -9.1003097e-01
   1.0000000e+00  -7.5150345e-01   5.5104850e-02   1.8402965e-01   3.8335492e-01  -4.2468776e-01   1.0008014e+00
   2.0000000e+00  -1.0367135e+00  -3.8457120e-01   4.9799884e-01  -1.0786516e+00   1.9184128e+00   8.8508081e-01
   2.0000000e+00  -1.9804044e+00   1.1028194e+00   1.3447743e-01  -1.8747828e-01  -1.6726943e-01  -2.4900385e+00
   2.0000000e+00  -1.2937989e+00  -4.8431049e-01   1.8157074e+00  -5.7149949e-01   7.3403039e-01   7.0498395e-02
   2.0000000e+00   8.2170217e-02  -2.8434823e+00  -5.1209220e-01   1.7322790e+00  -1.0946892e+00   3.0545650e-01
   2.0000000e+00  -6.2006336e-01  -7.5821364e-01   2.8900560e-01  -5.7021488e-01   4.8319590e-01   3.7374887e-02
   2.0000000e+00  -9.8092984e-01  -8.4858204e-01  -1.2288744e+00  -2.9510588e-01   7.3856712e-02   4.2765982e-01
   2.0000000e+00   7.1309177e-01   8.9913012e-02   4.7715204e-01   1.1649075e+00   9.7539491e-01  -1.1396788e+00
   2.0000000e+00   1.4315525e+00   2.2238898e-01  -5.7958004e-01  -1.5264937e+00   7.0525987e-01  -1.2246960e+00
   2.0000000e+00  -7.7237809e-01   1.4073992e-01   4.9109304e-01  -1.8487742e+00   1.3419033e+00  -8.1009707e-01
   1.0000000e+00   2.8237574e-01   4.0401576e-01   2.8760379e-01   4.6578775e-01  -4.2442506e-01   6.0385361e-01
   1.0000000e+00  -1.3525062e-01   8.5775139e-01  -1.3191694e+00   8.5033035e-01   7.0991286e-01   1.7524577e-01
   2.0000000e+00   2.9746437e-01  -2.2566102e+00   1.6870357e+00   1.8062120e+00  -7.0977881e-01  -1.3506812e+00
   2.0000000e+00   1.1131227e+00   5.2752973e-01   9.3953656e-01  -2.3231794e-01  -6.8838779e-01   1.9474078e-01
   2.0000000e+00   8.8421607e-01  -7.5046073e-01   1.4016649e+00   7.4197603e-01  -1.8045453e-01  -3.6637324e-01
   2.0000000e+00   1.0278719e+00  -1.8837493e-02  -1.0277994e+00  -1.8552217e+00   9.8163739e-01  -8.5518483e-01
   2.0000000e+00   4.7904453e-01  -4.7192973e-01  -7.6439607e-01   1.6034820e+00   1.4589328e+00   8.0015258e-01
   2.0000000e+00   1.2105791e+00  -4.2526125e-01  -2.4134555e-01   2.9764165e-01  -9.2596443e-01  -7.6440806e-01
   2.0000000e+00  -4.5786365e-01   1.4932681e-02  -7.9492739e-02   9.0219239e-01   1.7120212e-01  -8.0681171e-01
   2.0000000e+00   2.1193175e+00  -1.4299162e+00  -1.3443977e+00  -2.8086112e-01  -8.2063635e-01   2.8031100e-01
   2.0000000e+00  -1.6932499e+00  -1.1778516e+00  -4.4857115e-01   9.1606945e-02   1.7491921e+00   5.2683825e-01
   1.0000000e+00   8.6148153e-01  -2.0824195e-01  -4.0582780e-01   2.6568580e-01  -6.6810122e-01  -4.7055080e-01
   2.0000000e+00   1.7662927e+00  -4.3487940e-01   1.3501447e+00  -5.8926354e-01  -6.5812326e-01  -8.1207736e-01
   2.0000000e+00  -7.4276033e-01   8.0509409e-01  -1.5843324e-01   9.0119150e-01   2.0537558e+00  -1.2383167e-01
   2.0000000e+00  -1.7885240e+00   4.1360671e-01  -6.7101475e-01  -9.8456701e-01   9.3213878e-01  -4.4192584e-01
   2.0000000e+00   1.5145107e+00   7.4993979e-01  -1.6738749e+00   2.1044731e+00   2.5563580e+00  -9.0261920e-01
   2.0000000e+00  -7.5240004e-02   7.3718429e-01  -1.3193363e+00   1.0426998e+00   1.3947749e+00  -3.2920020e-01
   2.0000000e+00  -1.2403276e+00   7.9673979e-01  -1.5813152e+00  -1.5769577e+00   7.2333559e-01   8.6849018e-01
   2.0000000e+00  -4.2243003e-01   1.7468527e+00  -5.9942547e-01  -1.5739359e-01  -4.1684018e-01  -1.8855045e+00
   2.0000000e+00   1.3323009e+00   1.0031523e+00   6.9008927e-01   3.6502340e-01  -1.4715076e+00  -1.5671842e+00
   1.0000000e+00  -2.8374445e-01  -1.0575645e+00  -1.3028228e+00   3.8820525e-02  -5.6744583e-01  -5.5450116e-01
   1.0000000e+00   1.2820619e-01   1.2684410e+00   1.8426746e+00   2.4930303e-01  -8.7650406e-01  -1.5430057e+00
   2.0000000e+00   1.9213017e-02  -4.5745319e-01  -3.7059888e-01  -4.2527941e-01   1.1675910e+00   3.8298434e-01
   1.0000000e+00   6.6522387e-01  -9.5396941e-01  -9.4509336e-01   3.0839316e-01  -1.5314978e+00  -7.7928262e-01
   1.0000000e+00   2.0636135e-01   7.6519198e-02   6.4330467e-03   3.6317544e-01  -1.8740424e+00  -2.7989989e-01
   1.0000000e+00   7.0900290e-01  -2.6918408e-02  -1.1101130e-01   2.5741464e-01  -9.3695618e-01  -7.1415108e-01
   2.0000000e+00   2.5172797e+00  -3.8806434e-01  -1.6143190e+00  -1.0072559e-01  -2.6132499e+00  -2.1042433e-01
   1.0000000e+00   2.7522110e-01  -5.0836465e-01   1.3580206e+00   4.9923920e-01  -1.4129984e-01  -4.9823665e-01
   1.0000000e+00   4.7318941e-01  -2.0350796e-01   8.5776540e-01   2.5201720e-01   2.5855922e-01   1.0782174e+00
   2.0000000e+00   2.2259553e+00  -1.2123784e+00  -5.4781364e-01  -3.8464165e-01  -6.9726436e-01   8.7770372e-01
   2.0000000e+00   2.8087832e-01   2.5802004e-01   1.1656268e-01  -6.2673094e-01  -1.1975226e-01  -1.1411066e+00
   2.0000000e+00  -9.8459260e-01  -1.2950604e+00   5.7402532e-01   5.2953902e-01   2.1317513e-01  -1.6009441e+00
   2.0000000e+00  -1.9056703e+00  -7.2126027e-01   1.0030875e+00   1.1069459e+00   1.1360967e+00  -6.2376249e-01
   1.0000000e+00   8.2482839e-01   1.0487976e+00  -7.5450422e-01   4.0830213e-01   7.3586408e-01   5.2463202e-01
   1.0000000e+00  -9.0717901e-01   3.8330010e-01  -2.7676065e-02   6.7973826e-02   7.7201422e-01   8.4719706e-02
   2.0000000e+00  -1.0444946e+00   1.3340148e+00   1.5186629e+00   8.7024318e-01  -2.6619878e-01   1.1043031e+00
   2.0000000e+00  -1.1176020e+00  -5.2556941e-01  -3.5330879e-01  -2.3164503e+00   2.2699938e-01  -7.5743263e-01
   2.0000000e+00   2.7476873e-01  -1.3830140e+00   2.2126212e-01  -9.7924573e-01  -5.9164581e-01  -1.2306957e+00
   2.0000000e+00   2.2697535e-01  -1.9556917e+00  -1.7832280e-01  -1.2596967e+00  -5.8237100e-01   4.8837120e-01
   2.0000000e+00  -1.3070171e-01  -3.6223754e-01  -1.3952232e-01  -2.0353842e+00  -1.0233950e+00  -1.7939671e-01
   1.0000000e+00   6.2096997e-01  -6.0265335e-01  -1.2721859e+00   1.4113449e-01  -5.7969372e-01   1.3731877e+00
   2.0000000e+00  -1.0402989e+00   1.3365317e+00   6.7362375e-01  -1.4607566e+00  -1.2603232e-01   1.2109984e-02
   2.0000000e+00  -2.1709424e-02   1.4435225e-01   3.4345156e-01  -3.9565496e-01  -5.2851041e-01   1.9656070e-01
   1.0000000e+00  -1.7992707e-01  -6.6639555e-01   1.4954294e+00   1.3919393e-01  -2.2963864e+00  -2.0099381e+00
   2.0000000e+00  -1.3157260e-01  -8.4707960e-01  -1.3511577e+00  -7.3937629e-01   4.7859958e-01   5.1584241e-01
   2.0000000e+00  -1.8622086e+00   4.0488330e-01  -8.8770101e-01   5.3669254e-01  -3.1127578e-01   1.3535211e+00
   2.0000000e+00   4.4781529e-01   9.5103412e-01  -4.2311454e-01  -2.8682563e-01   1.8994904e+00   1.1037585e+00
   2.0000000e+00   3.4925553e+00  -1.0732673e+00   1.3441841e+00   2.9400133e-01   1.9409512e+00   1.2372223e+00
   2.0000000e+00  -1.5829728e+00   1.8841820e-01   4.6907224e-01   4.4817783e-01   2.0103309e+00  -1.3731426e+00
   1.0000000e+00  -9.1435601e-02   1.5951121e+00  -1.3457927e+00   4.9910269e-01  -9.8311710e-01  -1.9814221e-01
   2.0000000e+00  -2.1272420e+00  -7.1563348e-01   1.5915685e+00   9.4784989e-01  -7.2827012e-01   2.8951830e-01
   2.0000000e+00   6.4830436e-01  -8.2680257e-01  -1.2754438e+00  -4.9384259e-01   8.3864385e-02   6.6476066e-01
   2.0000000e+00  -8.3008288e-02  -8.0242946e-01  -4.7192014e-01   1.6689652e+00   3.1893181e+00  -2.0075902e+00
   2.0000000e+00   1.6068898e+00  -1.6772235e-01   3.5568152e-01   8.3023098e-01   6.0898580e-01   1.5209201e+00
   2.0000000e+00   8.6518881e-01   4.3773415e-01  -1.4896911e+00   1.2830420e+00   1.0919278e-01  -1.0456016e+00
   2.0000000e+00  -1.0308636e+00   6.0156774e-01   4.0824537e-01  -1.0509673e+00   4.4902161e-01  -3.0516411e-01
   1.0000000e+00  -2.0929929e-01  -3.9074203e-01   5.5366924e-01   3.1142474e-01  -5.0838104e-02   1.5194795e+00
   2.0000000e+00  -3.2167088e-01   8.4769644e-01   2.2637207e+00   1.2996394e+00   1.0687854e+00  -1.3651080e+00
   2.0000000e+00  -8.1074908e-01   2.0495179e+00  -5.3250242e-01  -1.5973384e+00   3.8919687e-03   5.2143742e-01
   2.0000000e+00   1.8362163e+00  -7.6580821e-01  -1.8685557e-01   6.3381469e-01  -1.9008299e-01   2.9078012e-01
   2.0000000e+00  -9.9154152e-01   1.9066707e+00   9.5091249e-01   1.8602626e+00  -1.2363580e-01  -1.3059933e+00
   1.0000000e+00  -3.9240918e-01  -1.0493256e-01   2.4852139e-01   1.6198233e-01   9.8133402e-01   1.2715550e-01
   2.0000000e+00   8.8250129e-01  -2.0561850e-01   8.5126846e-01   7.3908256e-01  -1.6394659e-01   1.4055217e-01
   2.0000000e+00   7.1144596e-01  -3.8991398e-01   1.1791421e-01  -1.1856309e-01  -1.8889867e-01   7.0528015e-01
   2.0000000e+00  -1.0604816e-01   1.1644433e+00   1.3668200e+00   1.3234278e+00   9.8789223e-01  -2.3466031e-01
   2.0000000e+00   1.3999982e+00   3.1476165e-01   1.2846729e+00  -2.3512906e-01  -1.7982861e-01   2.5860633e-01
   2.0000000e+00   8.8534174e-01  -2.1472348e-01   5.1171847e-02  -4.2873895e-01   7.8101266e-01  -9.5797709e-01
   2.0000000e+00  -7.1079702e-01  -2.1841730e-01  -3.0895134e-02  -4.3212032e-01   8.1949554e-01   3.4968874e-01
   2.0000000e+00  -6.5939630e-01   1.9450733e-01  -1.3266791e-01  -1.6409438e+00   2.0458451e-01  -8.2383312e-01
   2.0000000e+00   5.8725256e-02   7.2658669e-01   5.6571686e-01   2.0917074e+00   4.9213229e-02   1.1258453e+00
   2.0000000e+00   9.4837491e-01   5.1194569e-01   7.1100283e-01  -7.6150986e-01  -3.8871835e-02   1.6439300e+00
   2.0000000e+00  -6.2535794e-01  -1.3002665e+00   8.2836437e-01  -2.1346498e-01  -5.6693730e-01  -6.7210410e-01
   1.0000000e+00  -6.5416782e-01   8.7107282e-03   1.2622129e+00   3.7206438e-01   1.4673162e+00  -1.5348480e+00
   2.0000000e+00   4.0552421e-01   1.6559639e+00  -1.6146835e-01  -4.1819786e-01   9.3660385e-01  -9.0080453e-03
   2.0000000e+00  -3.8841955e-01  -1.3128343e-01   2.7188413e+00  -2.0031908e-01   4.2484667e-02  -1.1353366e-01
   2.0000000e+00   7.8824518e-02   1.8476754e+00   1.7941271e-01  -1.6152193e+00   1.9418765e+00  -1.6023085e+00
   2.0000000e+00  -7.3841067e-01   7.2370737e-01  -4.7076159e-01  -1.5777903e+00   1.4181716e+00  -2.1219767e-01
   1.0000000e+00  -6.0568325e-01   6.7190057e-01  -1.7018460e+00   4.5397220e-01  -2.5481639e-01   1.5998629e+00
   2.0000000e+00  -1.6522494e-01  -1.9176242e-01   5.5462090e-02  -3.7011092e-01  -1.5632264e+00  -7.7663283e-01
   2.0000000e+00  -9.3948875e-01   6.9712231e-01  -2.4379657e+00   9.7569514e-01  -7.6465526e-01   1.6240800e-01
   2.0000000e+00   1.3231261e+00  -9.6817011e-01   1.9095155e-01   7.0646798e-01  -1.3327470e+00   1.9767182e+00
   2.0000000e+00   1.2837708e+00  -1.0292116e+00  -1.2508776e+00   1.1383980e+00  -5.3850381e-01   8.9716250e-03
   1.0000000e+00  -4.8935919e-02  -1.4731584e+00  -1.0010138e-01   4.2462135e-02   4.2937937e-01  -6.1361708e-01
   2.0000000e+00  -8.4984742e-01   2.9177202e-01   2.5740451e-01  -2.5882965e-01  -4.5262011e-01   2.1032236e-01
   2.0000000e+00   5.8724816e-01  -7.8653956e-01   1.0986608e+00  -3.1085282e-01  -6.3606298e-01  -8.3928248e-01
   2.0000000e+00  -1.6380095e-01   2.2567246e-01   9.8422943e-01  -4.8026665e-01   2.2703928e-01  -1.4118464e+00
   2.0000000e+00  -6.9456411e-01  -3.2511945e-01   9.0490998e-01  -1.1070983e-01   1.2356070e+00  -5.2152797e-02
   2.0000000e+00  -2.1476851e-01   1.0039106e+00   1.4990520e+00  -6.6123652e-01   9.1832739e-02   6.3136841e-01
   2.0000000e+00   9.0334736e-01   2.2003765e+00   4.7537542e-01   7.1710865e-01  -9.6952778e-01   3.3455174e-01
   2.0000000e+00  -6.4411204e-01   9.8859535e-01   1.8172545e-01  -2.0536285e-01   2.0720128e+00   2.9289314e-01
   2.0000000e+00   6.7164237e-01  -7.8069827e-01   5.0689828e-01   2.6063581e+00  -2.7198236e+00   1.4316668e-01
   2.0000000e+00   1.1455602e+00   1.7492766e-01  -6.2982304e-01  -2.6667473e-02  -7.1807598e-02   4.4560316e-01
   2.0000000e+00  -4.4114215e-01  -2.0380538e-01  -3.3226466e-01  -1.1806307e-01   4.0448053e-01  -1.8134420e+00
   2.0000000e+00  -1.4819541e+00   2.5719200e-02   1.0400428e+00  -7.9639285e-01  -9.2753097e-01  -4.1814712e-01
   1.0000000e+00   3.4271209e-01  -8.9376324e-01   8.5472486e-03   1.5280857e-01  -1.9951391e-01  -4.9399719e-02
   2.0000000e+00   1.4228479e+00   1.1287676e+00  -8.7157624e-01  -6.0583109e-02   1.9373310e+00  -1.1934851e+00
   2.0000000e+00   9.4184118e-01  -1.7887314e-01   1.3123503e-01   9.4104215e-01  -2.2244174e+00   4.9542266e-01
   2.0000000e+00  -2.1373505e+00  -5.1060749e-01  -4.8034648e-01   1.2688923e-02  -6.3972164e-01   2.4457381e+00
   2.0000000e+00   1.0465151e+00   1.2616738e+00   3.9406812e-01   2.7604701e-01  -6.7203034e-01  -1.7023267e+00
   2.0000000e+00  -1.3442680e+00  -1.9287238e+00   2.3539267e-01   8.3866969e-01   9.1775449e-01  -8.3082011e-01
   1.0000000e+00   4.5150851e-01  -1.0244823e+00  -3.9099698e-01   5.5969849e-01   1.5477098e+00  -1.9516584e-01
   2.0000000e+00  -9.5752426e-01   6.3192118e-01  -1.2976939e+00  -1.5665899e+00   1.7149223e+00  -6.9978054e-01
   2.0000000e+00  -1.4155735e+00   1.8320253e-01  -1.3603881e+00   4.9280320e-01  -1.1674380e+00   4.5666167e-01
   2.0000000e+00  -8.9800435e-02   1.0888477e+00   4.5520445e-01  -2.3600868e+00   7.0536187e-02  -7.0048539e-01
   2.0000000e+00  -1.1241987e+00  -6.6071591e-01  -1.5767724e-01  -8.3733986e-01   3.3046178e-01   6.9727155e-01
   2.0000000e+00  -2.5420053e+00  -5.2525476e-01   9.2225908e-01   5.7803061e-01  -8.3946866e-01  -4.0653988e-01
   2.0000000e+00  -1.9135686e+00   9.6572431e-01  -1.7023183e+00   7.1313417e-01  -2.2996577e-01   4.8797812e-01
   2.0000000e+00  -1.0131815e+00  -4.9398618e-01  -1.7496967e-01  -1.4944023e+00  -8.7948824e-01  -1.2262463e+00
   2.0000000e+00   6.0567846e-01   7.8625276e-01  -1.3400766e+00  -2.0512358e+00   7.2991873e-01   8.9468427e-01
   2.0000000e+00   1.5342307e+00  -1.0539696e+00  -1.2191003e+00   1.4629913e+00  -1.2344789e+00  -2.1333262e+00
   2.0000000e+00   1.7257051e+00   5.0682069e-01  -1.2036955e+00   7.4857809e-01   6.0858576e-01   1.1529498e+00
   2.0000000e+00   3.2758567e-01   3.6948434e-01  -6.9347884e-01   1.0156328e+00  -5.9663021e-01   1.2381574e-01
   2.0000000e+00  -1.5572169e+00   7.3499631e-02   8.8877861e-01  -1.0371665e+00  -6.3674697e-01  -2.1316510e+00
   2.0000000e+00  -1.0942455e+00  -8.0640520e-01  -4.8464688e-01   2.0093991e-01   7.8415402e-01   9.3175135e-01
   2.0000000e+00   1.1032757e+00  -6.1962327e-01  -4.4781540e-01   1.6169498e-01   1.0998319e-01  -2.6987635e+00
   2.0000000e+00  -3.5987941e-01   1.0248381e+00   8.7931929e-01   1.4900597e+00   4.8755377e-02   1.1785913e+00
   2.0000000e+00   1.1216569e+00  -1.1929509e-01  -1.7751894e-01   1.3160900e+00  -7.2333699e-02   9.8164946e-01
   2.0000000e+00  -1.4445280e+00   8.3029433e-02   3.0492781e-01   2.7974999e-01   5.5836873e-01  -3.9699882e-01
   2.0000000e+00  -6.3548710e-01  -3.5714539e-02  -1.0484006e+00  -1.3055392e+00  -2.7138901e-01  -9.7975832e-01
   2.0000000e+00   9.2893205e-01  -3.9686758e+00   1.0770097e+00  -7.8996648e-01   8.2017453e-01   2.3558088e+00
   2.0000000e+00  -2.3821009e-01   2.3210081e+00   8.5453088e-01  -4.4426140e-01  -7.9289148e-01  -6.6715554e-01
   2.0000000e+00   8.9653239e-01  -2.5736673e-01  -1.0179093e+00  -5.3594434e-01  -1.4604716e+00   4.9627023e-01
   1.0000000e+00  -4.8211976e-01  -9.1010810e-01  -6.9566299e-01   6.0414289e-01   2.2861435e+00  -1.7285102e-01
   1.0000000e+00   6.3935287e-01  -3.7514342e-01   6.8689096e-01   2.9956069e-01   2.1839795e-02  -6.3270475e-01
   2.0000000e+00  -2.4089400e-01  -6.4986399e-01   1.0416344e+00  -5.4417145e-02   2.3558677e+00  -3.2907448e+00
   2.0000000e+00  -1.0262192e+00   1.1811752e+00  -3.3456380e-01  -6.3826150e-01  -3.4476764e-01  -7.2895037e-01
   2.0000000e+00   1.2853188e+00   6.8790913e-01   2.4460126e-01   4.3875038e-01   3.4611683e-01  -3.7464151e-01
   2.0000000e+00  -7.3406602e-02   1.6973185e-01  -6.4990324e-01   1.2720487e+00  -1.7671908e+00  -2.4448188e-01
   2.0000000e+00  -2.5343378e+00   8.9124763e-01   9.6949298e-01  -6.3847791e-01   4.4768496e-01  -1.6915721e+00
   2.0000000e+00  -2.1236682e+00   2.3880718e-01   7.0526090e-02   1.0647013e+00   1.1135799e+00  -2.2699107e-01
   2.0000000e+00   1.0351489e+00  -2.3410696e-02   6.4653367e-01  -8.6008268e-01  -9.9213448e-01   9.0535055e-01
   1.0000000e+00   3.7716760e-01   5.2147036e-01  -9.6501185e-02   2.3986749e-01  -5.8885427e-01   1.0100105e+00
   2.0000000e+00  -3.5255930e-01   3.3136355e-01  -4.9842181e-01   1.7328064e+00  -6.4993257e-01  -3.4393950e-01
   2.0000000e+00  -1.9509476e+00   1.4835302e+00   8.4045269e-01  -2.6334154e+00  -1.2759218e+00   1.7523617e+00
   2.0000000e+00  -4.1326878e-01  -5.4273091e-01   5.8016293e-01  -1.5979603e-01  -1.7138255e+00   2.6772063e-01
   2.0000000e+00  -9.5484765e-01   2.3761575e-01  -1.6607082e-02   8.4644254e-01  -4.1891691e-01   5.4807532e-01
   2.0000000e+00  -4.0772382e-01  -5.8798311e-01   8.7939953e-01  -6.1097296e-02  -1.2755621e+00   9.2927273e-01
   2.0000000e+00  -3.8692737e-01  -7.6989638e-01   6.9527226e-01  -1.4906631e+00   1.6148562e+00  -1.7757972e+00
   1.0000000e+00  -6.4636444e-01   1.5981322e+00   1.3069761e+00   2.8687771e-01  -1.6879083e+00  -1.2425291e+00
   2.0000000e+00  -5.4315140e-01  -4.7469987e-01   4.1907793e-01  -4.6529199e-01   1.3750485e+00   7.4916651e-01
   2.0000000e+00  -6.5612368e-01  -2.2763631e-01  -8.2233649e-01  -5.7331174e-01  -1.3468928e+00  -2.9424418e-01
   2.0000000e+00  -9.4646895e-01   4.9019334e-01   3.3223398e-01   1.5562341e+00  -1.3693889e+00   3.6763794e-01
   2.0000000e+00   1.2475985e-01  -1.9403981e-01   3.7720057e-01  -1.1545475e+00  -1.3067955e+00   1.8826670e+00
   2.0000000e+00  -9.9780705e-01   1.5984244e+00  -2.2361217e-01  -9.6777411e-01  -3.8623434e-01  -1.3338665e+00
   2.0000000e+00  -1.4201557e+00  -1.4187023e+00  -5.0202327e-01  -1.7590939e-01  -6.0841757e-01  -3.0413310e-01
   1.0000000e+00  -5.3984140e-01  -1.7195346e+00   8.6573888e-01   5.8670148e-01   1.0009153e-01  -3.2696103e-01
   2.0000000e+00  -2.5955445e+00  -1.0404665e+00   6.2141023e-01  -1.7599317e+00  -1.8575583e-02   5.9169954e-01
   1.0000000e+00   8.7864482e-01  -3.2303602e-01  -1.0664100e+00   6.5678663e-02  -1.0653354e+00  -1.7942953e+00
   1.0000000e+00   4.2540451e-01  -1.4364782e+00   1.0393525e+00   2.2367788e-01   1.1605348e+00   2.2251571e-02
   2.0000000e+00  -1.4825034e+00  -2.6197917e-01   8.4051158e-02  -5.2212016e-01  -3.7728654e-01   7.2787479e-01
   2.0000000e+00  -1.8506324e+00  -1.2852520e-01   6.9816014e-01   1.6684265e+00  -4.2803908e-01  -2.7778097e-01
   2.0000000e+00   1.0773096e+00   3.6868903e-01  -1.2241969e+00   6.8712069e-01   9.9507412e-01  -7.8747226e-01
   2.0000000e+00   6.2781545e-01  -1.4430564e+00  -9.7452179e-01  -2.6522096e-01  -8.1892177e-01   2.5397852e+00
   2.0000000e+00  -1.6334869e+00   5.3668140e-01   1.0602251e+00   6.2271830e-01  -2.4541676e-01   5.9049037e-01
   2.0000000e+00  -2.0807692e+00  -6.1281405e-02   2.5084320e-01  -4.2493052e-01   2.6233556e-01   1.2828314e+00
   2.0000000e+00   9.2142137e-01  -2.6152096e-01   1.2816621e+00  -1.1742078e+00   8.1958862e-01  -1.7255730e-01
   2.0000000e+00   1.0350392e+00  -2.7902848e-01   6.9179036e-01   3.3780987e-01   3.4414881e-01   5.2855787e-02
   1.0000000e+00  -6.8583622e-01  -1.0446903e+00  -8.9220081e-01   4.2064912e-01   7.7891289e-02   3.5940989e-01
   2.0000000e+00   5.4720076e-01  -3.4509467e-01   3.8755202e-01  -5.5001708e-01   5.5006373e-01  -1.3302867e+00
   2.0000000e+00   1.0688947e+00   8.7644600e-01   1.4663476e+00   1.0919395e+00  -1.2087430e-01   9.6575086e-01
   2.0000000e+00   2.5842114e-01   4.1562886e-01  -3.1819154e-01  -9.2134043e-01   7.1690546e-03  -3.5605063e-01
   2.0000000e+00  -3.0659992e+00   4.0332468e-01   9.1527958e-01   2.2755652e+00  -7.3192040e-01   1.7863018e+00
   2.0000000e+00   1.3738349e-01   6.4740331e-01   3.4100252e-01  -8.9546459e-02  -9.7142295e-01   1.0059762e-01
   1.0000000e+00  -4.2275123e-02  -4.2076922e-01   3.4626860e-01   5.9394896e-01  -3.5698391e-01   1.1712087e+00
   2.0000000e+00  -3.4355048e-02   3.3402799e-01   1.9477791e+00  -7.1366231e-01  -1.4646936e-01   1.2168624e+00
   2.0000000e+00  -2.2089596e+00  -9.2944282e-01  -2.0035774e+00   5.2535660e-01   2.3680070e+00  -1.9258717e-01
   1.0000000e+00  -6.5398521e-01  -1.3513125e-02  -1.0283943e+00   6.1325409e-01  -9.0271333e-01   8.0970669e-02
   2.0000000e+00   4.5359690e-01   6.7408792e-02  -9.2454865e-01   2.2284118e+00  -3.3584667e-01  -6.3887717e-01
   2.0000000e+00   6.8868504e-01  -3.3820018e-01  -1.3831407e-02  -8.0330585e-01  -1.1537454e+00  -1.2177352e+00
   1.0000000e+00   3.3907766e-01  -9.0753063e-02  -7.0881246e-01   4.9692540e-01   4.6956570e-01  -1.1477444e-01
   2.0000000e+00   1.6349253e+00  -1.8991286e+00  -4.7132654e-01   3.7222401e-01   9.7684050e-02  -1.8404658e+00
   2.0000000e+00  -1.7004878e+00  -1.9131094e-01   4.3176124e-01   2.0997138e-01  -4.8340307e-01   4.8711759e-01
   2.0000000e+00  -2.6662294e-01  -1.5294858e+00  -1.2740637e+00  -8.3977650e-01  -7.1386045e-01  -1.4377861e+00
   2.0000000e+00   1.1248933e+00   1.4302811e+00  -1.0875472e+00  -6.6504718e-01   8.0243190e-01   2.4122343e-01
   2.0000000e+00  -3.3690968e+00  -2.0445302e-01  -1.7180669e-01   2.9271004e-01  -5.6106069e-01  -4.3270695e-01
   2.0000000e+00   1.3748988e-01  -2.5143236e-01  -2.9863979e-01  -2.8627787e-01  -9.4304798e-01   5.8470032e-01
   1.0000000e+00   4.0196713e-01   1.7787551e-01   1.9700273e+00   1.2154415e-01  -1.1977521e+00   1.0526359e-01
   1.0000000e+00  -1.9843296e-02  -1.1005718e+00   4.1467109e-01   4.8798638e-01   1.0391767e+00  -4.8191207e-01
   2.0000000e+00   8.9140762e-01  -6.2238165e-01   4.9037485e-01  -4.7275023e-01  -8.2165448e-01   1.4502038e+00
   2.0000000e+00  -8.0530300e-01  -5.8641196e-01   1.4515611e-01   8.6600795e-01   6.9345118e-01   1.4003835e-01
   2.0000000e+00  -9.3919616e-01   4.4381527e-01  -2.5541693e+00   1.5577654e-01   3.5077760e-01  -3.0882476e-01
   2.0000000e+00   2.2622808e+00  -4.7345881e-01  -1.0528487e+00   5.9429953e-01  -3.7499194e-01  -7.2899934e-01
   2.0000000e+00  -1.1013782e+00   1.7265638e-01  -1.4143653e+00  -3.1398975e-01   1.0457174e+00  -4.5252494e-02
   2.0000000e+00  -1.2269237e+00   4.3648135e-01  -1.1504908e+00   1.1477358e+00   9.7782278e-01   8.4314309e-01
   2.0000000e+00   9.0404050e-01   1.2728930e+00   7.2562395e-01  -5.3040263e-01  -1.3775076e+00  -1.5937220e+00
   2.0000000e+00  -6.8604942e-02  -1.3171601e+00   1.0945066e-01  -7.8891955e-01   1.3461336e+00   1.7233708e+00
   2.0000000e+00   6.6588855e-02  -1.4238679e-01   3.3593549e-01   1.9379326e+00  -1.0058778e+00  -1.6120864e-01
   2.0000000e+00   8.6486093e-01   1.9365657e+00  -1.2753618e+00   5.0748760e-01  -3.6481050e-01   3.7289567e-01
   2.0000000e+00   5.0767347e-01   5.1944183e-01   5.2246281e-01   9.2979027e-01   8.9856763e-01  -4.3034427e-01
   2.0000000e+00   6.9889488e-01   3.0482416e-02   3.2963089e-01  -1.1705667e+00   1.8363580e+00  -1.1286403e+00
   1.0000000e+00   4.1356752e-01  -2.0179093e-01   1.1981142e-01   1.2362514e-01   7.6869479e-01   4.5820654e-01
   1.0000000e+00  -6.7996931e-02   2.8009866e+00   1.1379282e+00   1.0436735e-01  -4.0686793e-02  -1.1546426e+00
   2.0000000e+00  -1.4957118e+00  -3.6069403e-01  -7.3002489e-01  -4.7514191e-01   1.3260952e+00  -3.1291794e-01
   2.0000000e+00  -5.6201097e-01  -7.7722659e-01  -2.5568529e-01  -5.2031254e-01  -4.4310931e-01   1.3203412e-01
   1.0000000e+00  -6.9012261e-01  -2.6082261e-01  -1.0506029e+00   2.7076940e-01   2.6018054e-01  -2.8891500e-01
   2.0000000e+00   8.6584590e-01  -1.9610168e+00   6.7799036e-01  -2.3458271e-01  -7.8651893e-01  -1.0344465e+00
   1.0000000e+00   2.2735878e-01  -8.3055787e-01   1.2225835e+00   7.4369099e-01  -4.0242251e-01  -5.8634497e-01
   2.0000000e+00  -1.4499335e+00  -2.7433503e-01  -4.3663481e-01  -2.3637908e+00  -8.8680456e-01   3.7214309e-01
   2.0000000e+00   1.8496130e+00  -1.2082279e+00   2.0255706e-01   1.4674652e-01  -8.6619857e-01  -8.2001330e-01
   2.0000000e+00   5.4588350e-01  -4.6974634e-01   3.4503789e-01   1.7727889e+00   3.6444602e-01  -2.0848407e+00
   2.0000000e+00   1.3658857e+00   8.7188626e-01  -1.2946625e+00  -9.3747591e-01   8.6155708e-01  -1.7348177e+00
   1.0000000e+00  -5.3307055e-01  -5.0694480e-01   1.3985401e+00   2.1699603e-01   9.5855992e-01  -3.4954166e-01
   2.0000000e+00  -7.4860702e-01  -4.0909889e-01  -1.8695227e+00   8.5530103e-01   1.3968455e+00  -3.5876240e-01
   2.0000000e+00   8.7661588e-01  -9.8884403e-01   7.4237472e-01  -3.0216923e-01  -1.0529996e-01  -7.2221463e-01
   2.0000000e+00  -3.3336705e-01   6.1288763e-01   3.1299619e-01  -8.2620067e-01  -5.2150756e-01   1.0822595e+00
   2.0000000e+00   5.6420447e-02  -3.1280372e-01   1.3861197e+00   1.0298654e+00  -1.2797074e+00   1.7233506e+00
   2.0000000e+00  -4.6110911e-01   4.3944859e-01  -5.6329011e-01  -1.2883525e+00   1.1362026e+00   1.2568240e+00
   2.0000000e+00  -1.4303936e+00  -2.8581127e-01  -1.8818583e-01  -2.3748069e-01   1.6718039e+00   9.7669464e-01
   2.0000000e+00   8.8341804e-01   1.5174850e+00  -5.0090530e-02  -4.1476952e-01   9.8724905e-01  -3.9176155e-01
   2.0000000e+00   9.2410593e-01   2.3511602e+00  -1.6021012e-01   7.5769627e-01  -1.4859806e-01  -5.6606690e-01
   2.0000000e+00  -3.9199380e-01  -7.7543056e-01  -3.7403168e-01  -5.9457978e-02   1.1925362e+00  -1.4823864e-01
   2.0000000e+00  -5.6161407e-01  -1.6285335e-01  -1.4379695e+00  -3.9630593e-01  -2.8337483e+00  -9.1145813e-02
   1.0000000e+00   6.8696267e-01   1.5496853e+00  -1.3104659e-01   2.0430527e-01  -1.1620809e+00   1.2515645e+00
   1.0000000e+00  -1.0808618e-01  -3.9461455e-01  -2.4739241e-01   5.6975135e-01   2.8702561e-03  -3.2851015e-01
   2.0000000e+00  -6.1677363e-01  -8.9485245e-01   4.8866583e-01   1.5481789e+00   3.8622197e-01  -1.5891547e+00
   2.0000000e+00  -1.9890058e+00   6.4600831e-01  -1.0183907e-01  -1.0159046e+00  -1.6395365e+00   1.4304868e+00
   2.0000000e+00  -1.3861685e+00   1.6542477e+00  -1.3283226e+00  -2.8558128e-01  -8.4838511e-01  -6.5925104e-01
   2.0000000e+00  -1.2767211e+00   1.6407334e+00  -7.9567866e-01   1.5061772e+00   1.1958479e+00  -1.0535844e+00
   1.0000000e+00   1.2175879e-01   3.6983450e-01  -8.3816791e-02   4.4736107e-01  -7.6786866e-01  -5.5265963e-02
   2.0000000e+00  -2.7281749e+00   1.0568870e+00   4.6289884e-01   8.9932904e-01   1.8409780e-01  -9.0634946e-01
   2.0000000e+00  -1.3690896e+00  -2.6691070e-01  -1.4791953e+00  -2.0214080e-01   2.4594253e-01   1.2175624e-01
   1.0000000e+00  -6.6515802e-02   5.7746033e-01   7.1542303e-01   2.5283058e-01  -4.4429538e-02   2.7941057e-01
   2.0000000e+00   1.5053558e+00  -6.1405940e-01  -9.7017872e-01  -8.7727270e-02   5.9749735e-01   9.6591760e-01
   2.0000000e+00   5.2925305e-01  -3.8790599e-01  -1.3997332e-01  -1.3329970e+00   1.2702812e+00  -7.2127512e-02
   2.0000000e+00   4.0008660e-01   8.5631109e-01  -1.4915353e+00  -1.1608391e+00   2.7320069e-01  -1.4895255e+00
   2.0000000e+00   1.1248808e-01  -5.6834185e-01  -2.1706655e+00  -1.5642178e+00  -2.1953361e+00  -5.9177818e-01
   2.0000000e+00  -9.9280342e-02   4.4584790e-01   1.3666670e-01  -7.3008367e-01  -7.7577726e-02   7.8243320e-01
   1.0000000e+00   4.9056458e-01   2.4233702e+00   9.8870921e-01   1.4198496e-01  -1.1575939e+00   1.2001369e+00
   2.0000000e+00  -1.2716093e+00   2.9757492e-01   1.2568863e+00  -5.4233118e-02   1.6752381e-01   2.1826290e-01
   2.0000000e+00  -1.2092750e+00  -8.6825217e-01  -2.1404223e+00  -4.0644380e-01  -5.1100693e-01   4.6120459e-02
   2.0000000e+00  -7.8430011e-01   4.4832296e-01  -8.6245690e-02  -1.0828666e+00   1.6952308e-01  -3.8591589e-01
   2.0000000e+00   5.7578967e-01  -1.6805063e+00   8.2265328e-01  -3.8483543e-01  -1.3396703e+00   4.8100271e-01
   2.0000000e+00  -2.5045923e-01  -1.8538600e+00  -9.6759309e-01  -2.3802032e+00   1.3303418e+00   2.8349107e-01
   2.0000000e+00   5.5810512e-01  -1.6533709e+00   1.0404569e+00  -1.9670156e+00  -8.2888620e-01  -3.7372026e-01
   1.0000000e+00  -8.8380438e-02   1.6119211e-01  -1.6770482e+00   4.3360681e-01   1.1469644e+00   1.1819383e-01
   2.0000000e+00  -4.7277244e-01   1.1544752e+00  -7.1145093e-01  -2.1474056e-01   6.9035280e-01  -7.2549835e-01
   1.0000000e+00   1.0733506e-01  -7.9470936e-01  -9.8967497e-01   5.7990533e-01   1.5840243e-01   1.4775867e+00
   2.0000000e+00  -4.4777876e-02  -3.6596765e-01  -5.5812535e-01   1.8351833e+00   1.8264412e-01   7.2208195e-01
   2.0000000e+00  -9.6896645e-01  -2.6244328e-02   1.2209732e-02  -7.6508314e-01  -5.6533707e-01   2.8531762e-01
   2.0000000e+00  -5.7220475e-02  -6.8694139e-01  -2.6214403e-01  -3.7374491e-03   8.3842894e-01  -7.2909795e-01
   2.0000000e+00  -5.7258191e-01  -9.7472010e-01  -1.0662962e+00   1.8729770e+00  -1.8735937e+00  -3.1371368e-01
   2.0000000e+00  -1.3720467e+00  -2.0641782e-02   8.9255076e-01   3.5257422e-01  -1.6323688e+00  -8.3856373e-02
   2.0000000e+00   1.1870479e+00  -1.0584135e+00  -2.2291067e-01  -5.1587699e-01  -1.2699360e+00  -1.2474562e+00
   2.0000000e+00  -1.5982457e+00   1.3664699e+00   9.3574756e-01  -5.7277752e-01   6.1924304e-01   1.4509126e-01
   2.0000000e+00   2.7440569e-01   2.5404068e-02  -3.4068959e-01  -1.2317488e-01   8.3596133e-01  -4.4076994e-01
   2.0000000e+00  -2.3284112e-01  -2.5150221e-01  -5.6681903e-01  -3.6984832e-01   2.8438232e-01   9.1392575e-01
   1.0000000e+00   6.1691719e-01   4.5486891e-01   2.2340061e-01   7.8216717e-01  -1.1406590e-01   1.7142114e-01
   2.0000000e+00   4.9438760e-01   1.7944023e+00  -9.9006656e-01  -1.1467200e+00  -4.6748451e-01   3.6131936e-01
   1.0000000e+00   2.1464570e-01  -1.5899537e+00  -3.1747060e-01   7.1641257e-01  -3.0273116e-03   1.6492532e+00
   1.0000000e+00  -1.9454296e-01   1.2246107e+00  -2.7272023e-01   8.7379290e-01  -1.2690114e+00   7.6115038e-01
   1.0000000e+00   2.5037090e-01  -1.1612192e+00  -4.6601686e-02   2.6745143e-01   2.3736996e-01   8.6569032e-01
   2.0000000e+00  -6.4084078e-01   2.9520772e-01   7.5286684e-02   1.5961230e+00  -1.0044276e+00  -1.0991646e+00
   2.0000000e+00   2.0558773e+00   6.6902487e-01  -7.7890447e-01  -9.8201133e-01   4.3631392e-01  -8.7046932e-01
   1.0000000e+00  -8.5857785e-01  -1.2489991e+00   1.5545780e+00   4.5125602e-01   2.5462764e+00  -1.3591946e+00
   2.0000000e+00   9.2826120e-01   5.7951966e-01   1.7632700e-01   1.4113852e+00  -9.3451972e-01   1.9526833e-01
   2.0000000e+00  -1.9970239e-01   5.7004323e-01   3.7232370e-01  -2.4759783e-01  -9.3189447e-02   1.5836754e-01
   2.0000000e+00   6.7983418e-02  -5.0968670e-02  -2.0292730e+00   1.3968388e+00   3.3598772e-01  -3.4554570e-01
   2.0000000e+00   8.4071685e-01  -1.1402427e+00   2.3068943e+00  -9.4998757e-01   8.8141365e-01   1.5147156e+00
   1.0000000e+00  -6.3381762e-01   1.6010583e+00   4.7383892e-01   2.6478349e-01  -8.3993477e-01   3.7902935e-01
   2.0000000e+00   7.2884239e-01   2.3424933e-02  -1.8114156e-01  -2.2507199e-01  -1.8072027e+00   2.5646568e-01
   1.0000000e+00  -2.4240614e-01  -3.7428587e-01  -1.5236258e+00   6.9041029e-01  -1.8212509e-01  -5.5233981e-02
   2.0000000e+00  -1.5737708e+00  -6.7770564e-01  -9.4420004e-01   6.8990254e-01  -1.8690426e+00   1.6550538e+00
   2.0000000e+00   3.7934783e-01   1.0538467e+00  -4.5500077e-01   1.1132470e+00  -1.6134366e-01  -1.0217649e-01
   2.0000000e+00  -9.7790441e-01  -1.8203333e+00  -6.0277496e-01   1.1048451e+00  -5.5749329e-01   8.0614138e-01
   2.0000000e+00   2.3304706e-01  -1.5020227e+00  -9.4885172e-01  -2.0935550e+00   7.7924511e-01   1.4772749e+00
   2.0000000e+00   5.0761638e-01  -2.4529521e-01   5.7077673e-01  -1.1372700e+00  -6.7095346e-01  -1.0272790e+00
   2.0000000e+00   1.1018153e+00   8.3912692e-01  -2.5088534e+00  -1.0490373e+00  -3.7196594e-01  -6.1612751e-01
   2.0000000e+00  -2.8599912e+00  -6.2346341e-01  -7.6801468e-01  -5.3680721e-01   4.0335039e-01   3.2790911e-01
   1.0000000e+00   5.0257764e-01   9.4030477e-02  -6.4519125e-02   2.5957910e-01  -1.0021218e-01  -1.3723852e+00
   2.0000000e+00  -1.3593246e-01   2.9153664e-01  -1.4982341e+00  -1.6440602e-01   3.7385819e-02   9.5374002e-01
   2.0000000e+00   1.6871440e+00   1.8992932e+00   1.1402746e+00   2.3912306e-01  -8.3236623e-01  -2.1513729e-01
   2.0000000e+00  -9.2945517e-01  -5.0741166e-01  -8.7033916e-02   2.2724888e+00  -1.9763162e+00  -1.5531679e-01
   2.0000000e+00   1.0787885e+00   1.3806276e-01   3.9717442e-01  -2.6406644e-01   1.8105238e+00  -3.8409475e-01
   2.0000000e+00  -1.2481603e+00  -1.4146187e+00  -8.6193384e-01  -8.4440945e-01  -1.8151533e+00  -8.2090693e-01
   2.0000000e+00  -5.2678686e-01  -5.4703335e-01  -1.6251946e+00  -3.6170731e-01  -3.9210490e-01  -3.6816805e-01
   2.0000000e+00  -1.1826324e+00   3.7394857e-01   9.2544147e-01   9.2082661e-01  -1.5441637e-01   4.2669871e-01
   1.0000000e+00  -2.0914224e-01   8.7845946e-01   9.7001729e-01   3.9289078e-02   5.9552588e-01   1.6667526e-01
   2.0000000e+00   7.2697602e-01   5.9296539e-01  -1.2317911e+00   2.7535481e+00  -1.2538433e-01  -6.7317303e-01
   2.0000000e+00  -1.8487442e+00   1.2013331e+00   1.1141011e+00   4.1914172e-01  -5.9445375e-01   1.5778748e+00
   2.0000000e+00   1.3166920e-01  -1.3493167e+00  -2.7608596e-01  -3.0584184e-01  -6.0222508e-01   1.7075806e-01
   2.0000000e+00   7.7019890e-01  -2.8877202e+00   1.5444958e+00  -1.7792362e-01  -1.0645763e+00   1.2439833e+00
   2.0000000e+00   1.3079525e+00  -8.9491260e-01   1.5955890e+00  -1.0993569e+00  -8.1732048e-01   2.4622599e-01
   2.0000000e+00   1.6230446e+00  -1.6540260e+00   4.3196207e-01  -1.2362485e+00   1.3828443e-01   9.8536412e-02
   2.0000000e+00  -4.8627238e-01  -7.2714718e-01  -3.9799339e-01  -1.0116367e-01   7.8892241e-01  -5.3934796e-01
   2.0000000e+00   9.2073898e-01   5.4563225e-02   6.4267168e-01  -1.9973792e+00  -7.7722319e-01   2.1301220e+00
   1.0000000e+00  -5.1288101e-01   1.7229833e+00   9.6550570e-01   3.9578979e-01   9.5347577e-02   4.9313491e-01
   2.0000000e+00   1.9280560e-01  -1.3374002e+00  -6.9603563e-02  -1.4579552e+00   1.8182740e+00  -5.9914214e-03
   2.0000000e+00  -4.3921906e-01   1.3924468e+00   1.4281544e+00  -2.7367707e+00  -3.0208704e+00   3.2251876e-03
   2.0000000e+00  -1.9670617e-01   3.4530561e-01  -1.6678608e+00  -2.4355155e-01   2.7142557e-01   2.2646638e-01
   2.0000000e+00  -3.8003992e-03   1.8147228e+00   4.3624343e-01  -7.9585035e-01   3.1909614e-01   5.8171351e-01
   2.0000000e+00  -1.9297564e-01   2.4620462e-01  -5.8749813e-01  -9.1790208e-01  -9.4448395e-01   1.2708497e+00
   2.0000000e+00   6.7489523e-01   1.8185654e+00  -5.1696122e-02  -4.7198141e-01   1.4262267e+00   3.8714534e-01
   2.0000000e+00   3.3551379e-01  -4.4124960e-01   6.2264175e-01  -3.0120106e-01  -1.5115187e+00   6.4379574e-01
   2.0000000e+00  -1.8721237e-01   1.1732164e-01   1.2111287e+00  -3.1877175e-01   9.4600621e-01   1.5635680e+00
   2.0000000e+00  -1.0241911e+00  -4.3197712e-01  -7.3996440e-01   2.6884812e-02   7.1562212e-01  -1.7086223e+00
   2.0000000e+00  -1.9108781e-01   1.1036010e+00   4.6032611e-01  -1.2089085e-01  -9.4714593e-01  -7.7279122e-02
   2.0000000e+00  -1.4025743e+00  -1.3715981e-01  -3.4326390e-01  -1.5996477e-01   9.5176000e-01   4.6930964e-01
   2.0000000e+00  -1.7303454e+00   2.4280652e-02   4.3734492e-02  -5.2829214e-01  -2.4610322e-02   3.2579527e-01
   2.0000000e+00  -7.6431595e-01  -5.2192671e-02  -1.4878599e+00  -3.2329038e-01  -1.8815164e+00   6.3917901e-01
   2.0000000e+00  -1.1533022e+00   1.0938552e+00   7.5194422e-01   1.0074395e+00  -1.3105949e+00   8.2136064e-01
   2.0000000e+00  -7.9307101e-01   1.9073690e-01  -5.0223814e-01  -3.7108393e-01  -5.6001191e-01   3.0800959e-01
   1.0000000e+00  -9.5212969e-02  -3.7586100e-01   7.2931437e-01   4.4200730e-01  -1.8781611e+00   2.1725376e+00
   2.0000000e+00  -1.7222149e+00   5.4789149e-01  -6.4066182e-01   5.6901651e-01  -1.4650407e+00   4.2614239e-01
   2.0000000e+00   1.3534369e+00  -1.1445608e+00  -3.7805053e-01   4.2313711e-01  -8.8543336e-02  -1.0562070e+00
   2.0000000e+00  -6.0052541e-01  -3.1543483e-01  -1.1220396e-01   8.0513561e-01  -8.6170121e-02  -1.1501375e+00
   2.0000000e+00  -2.2143571e-01   8.3629850e-01   1.6639676e+00  -2.8456369e-01  -2.9215457e-01  -4.6949085e-02
   2.0000000e+00   8.8904270e-01  -4.7327411e-01  -7.7897381e-01  -1.9107597e-01   1.4905947e+00   1.7749106e+00
   2.0000000e+00   4.7103671e-01  -1.0654563e-01  -7.7652477e-01  -1.1615351e+00   1.7371014e-01   5.6211804e-02
   2.0000000e+00  -1.2099024e+00  -8.0408623e-02   5.7540818e-01   8.5316524e-01   1.1272719e+00  -1.8123637e+00
   2.0000000e+00   3.1542130e-02   4.4745482e-02  -2.0315093e+00  -6.1472318e-02  -3.7259358e-01  -5.2676628e-01
   2.0000000e+00   1.1767438e+00   1.2055267e+00   4.2715721e-01  -9.2837567e-02  -1.3165538e+00   2.4161681e+00
   1.0000000e+00  -4.5748937e-01   6.7731014e-01  -1.3439857e+00   4.6465981e-01   1.0740048e-01  -3.1660641e-01
   1.0000000e+00  -4.5451259e-01   7.2514183e-01   5.9411159e-02   3.1876781e-01  -2.1783881e+00  -4.3872774e-01
   2.0000000e+00   6.6713266e-01   1.0102547e+00   1.1486081e+00  -2.7272135e-01  -2.6362442e+00   9.4569011e-01
   2.0000000e+00  -4.4552358e-01  -1.6088065e+00  -4.4947779e-01   2.7892719e+00  -1.0701749e+00   1.5954550e+00
   2.0000000e+00  -2.3287499e+00   5.5723922e-01   5.1891212e-01   3.1791608e-01   2.2940581e-01  -7.7565267e-01
   2.0000000e+00   7.1327516e-01  -1.7464778e+00  -4.3763572e-01  -7.1269627e-01   7.5993477e-01   2.9293306e-01
   2.0000000e+00   2.4189047e+00  -6.1698754e-01  -1.6090418e+00   1.1396744e+00   4.1017522e-01  -2.0989888e+00
   2.0000000e+00   9.3759470e-02   1.5207602e+00  -1.3585503e+00  -2.2163876e+00   9.7587490e-01   4.8394379e-01
   2.0000000e+00   2.3299149e-01  -7.8983739e-01  -9.2476228e-01  -1.3736386e+00  -8.0018892e-01  -5.9690230e-01
   2.0000000e+00   6.6882304e-01   1.1304456e-01  -1.7321005e+00  -8.8703344e-01  -3.2667455e-01   1.8410540e+00
   2.0000000e+00   2.0729565e+00  -2.0940872e-01  -2.0057624e+00   7.2541297e-01  -1.3310336e-01  -8.4019812e-01
   2.0000000e+00   8.4176840e-01   1.1618433e+00   4.2344142e-01   6.0754005e-01   2.8687481e-01  -3.5464922e-01
   2.0000000e+00  -1.0748947e+00  -4.6446901e-01   1.1644312e+00  -3.8035330e-01  -8.7821674e-01   1.5533770e-01
   1.0000000e+00  -8.9614040e-01  -1.5782504e+00  -7.4390649e-01   1.2235281e-01   3.6260455e-01  -1.0212668e-01
   2.0000000e+00  -8.8513050e-01  -4.3384571e-01   5.6223323e-01  -2.0937293e+00   2.1259351e-01  -6.4109181e-01
   2.0000000e+00  -1.0212772e+00   8.6665180e-01  -1.6568665e+00   1.5080778e+00  -8.4436846e-01   9.5122528e-01
   1.0000000e+00   8.5281115e-01  -2.5340563e-01   1.3565215e+00   4.0958681e-01  -5.5201378e-01  -1.0385149e+00
   2.0000000e+00  -1.3231486e+00   1.5546719e-01   9.0535541e-01  -3.1760909e-01   1.9255395e+00   3.5511984e-01
   2.0000000e+00   4.3164997e-01  -8.7950264e-01   4.0123933e-01  -1.8093705e-02  -3.3436163e-01   1.8730306e+00
   2.0000000e+00   1.1551118e+00   8.9264308e-01   5.1592905e-01   1.6109593e-01  -2.4923792e-01  -3.4966809e-01
   2.0000000e+00  -2.8539330e-01  -1.3223102e+00   8.5526533e-01   1.4554428e+00   7.1250090e-02  -1.2116773e+00
   1.0000000e+00   4.8644844e-01  -1.6875420e+00  -1.1521922e+00   1.9787555e-01   3.7859945e-01   1.2159327e-02
   2.0000000e+00   3.2374977e-01   1.0557864e+00  -1.3755963e+00   1.4561044e+00  -5.2473852e-01  -2.0474064e+00
   2.0000000e+00  -2.5566366e-02  -7.6782782e-01  -4.2151458e-01  -6.1914188e-01   4.0722290e-01  -7.4578444e-01
   2.0000000e+00   4.3652760e-01   2.2647832e+00  -5.3856000e-01   9.5163851e-01   6.7881808e-01  -1.1620056e+00
   2.0000000e+00  -1.1415790e-02   7.1923439e-01   3.3596359e-01  -9.4765112e-01   9.4251741e-01   1.7376758e+00
   2.0000000e+00   1.2125796e+00  -4.7951698e-01  -1.2027411e-01   2.2719467e+00   1.2896811e+00  -8.4064766e-02
   2.0000000e+00   1.8096129e+00   2.7660162e-01  -1.0769067e+00  -1.7840802e+00  -3.2876808e-01  -6.7525503e-01
   2.0000000e+00   1.6871511e+00   2.7218560e-01  -5.4171199e-01   9.8440028e-01  -1.0108356e+00   1.1246998e+00
   2.0000000e+00  -2.7783163e-02   2.1420875e+00   3.9878097e-01   1.0385155e+00  -8.8746431e-01   5.7444254e-01
   2.0000000e+00   9.0462401e-01  -6.1363043e-01   1.5818967e+00   1.1254269e+00  -4.6023229e-01  -1.0598551e+00
   2.0000000e+00  -1.4022901e+00   7.8970534e-01   3.7463941e-01  -7.3769476e-01   9.1421364e-01  -9.2135317e-01
   2.0000000e+00  -1.0901301e+00  -1.9376923e+00   4.5279983e-03  -2.9845320e-01   5.7683049e-01  -3.9746512e-01
   2.0000000e+00  -9.9191219e-02   1.7636052e-01   1.8935861e-01  -7.9373252e-02   2.3546845e+00  -2.1779236e-01
   2.0000000e+00   1.8100317e+00   2.1830347e+00  -2.2477478e+00  -1.1593956e+00  -3.2767115e-02   1.0408653e+00
   2.0000000e+00   8.0514518e-01   1.9366694e+00  -5.3596483e-01  -2.9059546e-01  -1.9422271e+00   7.3180016e-02
   1.0000000e+00   5.3479948e-01   4.0482081e-01   5.2752031e-03   2.5143465e-02  -1.4391771e+00  -8.3869781e-01
   2.0000000e+00  -1.8321425e+00   6.1622157e-01  -2.4722045e-02  -1.9438133e-01  -1.5952230e+00   6.3148615e-01
   2.0000000e+00   2.4191519e+00   4.8878855e-01   2.0159007e+00   1.6622966e+00  -1.4327262e+00  -1.8511942e+00
   2.0000000e+00   3.5535365e-02   6.0526849e-01  -1.3739273e+00  -6.8434842e-01  -5.3377315e-01  -7.4589467e-01
   1.0000000e+00   2.9774521e-01   6.6863876e-01   5.8972635e-01   1.9352225e-01  -1.4906309e+00  -2.7407995e-01
   1.0000000e+00   7.6459812e-01   1.1667060e+00   1.7024141e-01   2.0284233e-01  -1.9469601e+00  -1.1083117e+00
   2.0000000e+00   7.0175240e-01  -3.8338316e-01  -1.9005800e+00   1.2869571e+00   8.3277912e-02   2.6974576e-02
   2.0000000e+00  -3.5720643e-01   1.5257109e+00   7.8944682e-01  -2.2663439e+00   6.9549900e-01   1.1630799e-01
   2.0000000e+00  -8.8864763e-01   8.1319308e-01   6.9495708e-01  -4.0073097e-01   4.9878106e-01   1.2644936e+00
   2.0000000e+00   1.1356526e+00   7.6832622e-01  -1.1839133e+00   1.0971214e+00  -7.1657498e-01  -3.8022943e-01
   2.0000000e+00   1.0731169e-01   4.0126282e-01   3.4806969e-01  -1.4404436e+00   6.8422274e-03  -8.8038877e-01
   2.0000000e+00  -3.1680310e-01   6.3491223e-01   1.5894801e+00  -4.6336489e-01   1.9025412e+00   6.9927705e-01
   2.0000000e+00   1.3337866e+00  -2.6207569e-01  -4.0861195e-01   1.7882851e+00   6.6556604e-01  -4.9388617e-02
   2.0000000e+00  -8.9970501e-01   4.1258787e-01   8.3710777e-01   1.7734682e+00  -9.3802862e-02   9.1343829e-01
   2.0000000e+00   1.1089224e+00  -1.7156627e-01   1.0016903e+00   7.8882313e-02   6.5178483e-01  -5.6554563e-01
   1.0000000e+00  -8.9066234e-01  -1.6247186e-01  -1.5387791e+00   3.1315392e-02  -2.6232644e-01  -1.6740744e+00
   2.0000000e+00  -1.6720105e+00  -3.4425951e-01  -3.2727132e-01   5.9396804e-01  -2.2055523e-02   1.3412725e+00
   2.0000000e+00  -1.2041351e-01   5.9111819e-01   9.7832453e-01  -6.6768438e-02   9.7099442e-01  -1.7322591e+00
   2.0000000e+00   1.3166126e+00  -1.1119865e+00   1.8141690e+00  -3.5778101e-01   3.7731745e-01  -1.2804732e-02
   2.0000000e+00   1.6684197e+00  -8.5784608e-01  -1.5557127e+00   1.2324587e-01   4.2991614e-02  -2.4627493e+00
   2.0000000e+00   2.3779022e+00  -2.6790257e-01  -1.5238525e-01  -6.4666279e-01  -7.8025487e-01  -8.0344336e-03
   2.0000000e+00   2.5919276e-01  -1.6046459e+00   2.5994173e-01  -1.0677251e+00  -6.1192099e-01   3.2855593e-01
   2.0000000e+00  -1.2747077e+00  -9.6682758e-01  -6.5934857e-01  -1.1326358e-01  -1.9652012e-01  -1.4679807e+00
   2.0000000e+00  -1.9310392e+00  -3.4380267e-01   1.2763378e+00  -1.6000081e+00  -6.8668163e-01  -2.6928442e-01
   2.0000000e+00   1.6993414e+00  -3.8604758e-02   1.5007265e-01   9.9411374e-01  -1.7338697e+00  -4.3093291e-01
   2.0000000e+00  -1.3457598e+00   5.6393364e-01   1.4224239e+00   1.1111405e+00  -3.5105325e-01  -1.7806535e+00
   2.0000000e+00  -1.0815354e+00  -5.9386626e-01  -6.7135964e-01   1.0276154e-01   2.6345859e+00   3.3256156e-01
   2.0000000e+00  -2.2553353e-01  -3.8056021e-01   9.0702238e-01  -5.4970654e-02   8.7279349e-01  -4.2741574e-01
   1.0000000e+00  -6.4922060e-01   1.2480874e-01  -2.5386416e-01   5.7232976e-01  -4.6989600e-01  -1.2031471e+00
   2.0000000e+00  -8.1127195e-01  -1.9655962e+00  -5.4176990e-01   1.1921499e+00  -3.5768200e-01  -7.1994463e-01
   2.0000000e+00  -7.3359743e-01  -7.2476709e-01   2.0072304e-01   1.2308755e+00  -1.8157903e+00  -1.2897350e+00
   2.0000000e+00   7.7032319e-01  -1.5887210e+00  -1.1199160e-01   7.5655270e-01   9.6740476e-01  -3.8949646e-01
   2.0000000e+00   3.4458780e-01   4.5650668e-01   2.7103083e-01  -2.2349527e-01   3.7935866e-01  -1.9983725e+00
   1.0000000e+00  -1.3651845e-01  -2.4370782e+00  -6.8000469e-01   3.1597573e-01   8.8192050e-01   1.2651906e-01
   2.0000000e+00   2.0819281e+00   8.3251665e-02  -2.0850882e-01   9.9025565e-01   1.9827513e+00   1.7880886e-01
   1.0000000e+00  -8.2718995e-01  -1.1246808e-02   1.5434367e+00   2.6048611e-01   3.6188584e-01   7.6740411e-02
   2.0000000e+00   7.9796307e-01  -1.0637307e+00  -1.4150532e+00  -2.2045877e+00  -5.2169101e-01   7.5712292e-02
   2.0000000e+00  -7.3048172e-02  -5.2238551e-01   9.9917956e-01  -4.7050065e-01   8.1101023e-01   2.8837720e-01
   1.0000000e+00  -1.0708970e-01  -1.1804058e+00   3.0085925e-01   2.9001245e-01  -2.2817507e+00   1.4660720e-01
   2.0000000e+00  -6.5626730e-01   1.8509133e+00   2.1857319e+00  -2.4766090e-01  -7.0173298e-01   5.4201367e-01
   2.0000000e+00   4.1953602e-01   1.4729346e+00   1.9886461e+00   1.8732152e+00  -1.1597995e+00   6.9311684e-01
   1.0000000e+00  -2.3925690e-01   2.7942367e-01  -8.8257910e-01   1.3244870e-02  -6.6990549e-01   1.0534362e+00
   2.0000000e+00  -1.0319904e+00   1.5914938e-01   1.7813680e+00  -3.5637225e-01   8.4663261e-01  -1.6109964e-01
   2.0000000e+00  -9.8393118e-01   5.5932973e-01  -4.5016038e-01  -5.6509430e-01   8.2428410e-01  -1.0698124e+00
   2.0000000e+00  -1.5117880e+00  -1.7955720e+00  -7.0266004e-01   1.5016209e+00   4.4792880e-01   2.1635935e+00
   2.0000000e+00  -1.5601579e+00  -4.0124898e-01  -1.2631491e+00  -1.4620487e+00   5.0831838e-01   8.3262684e-01
   2.0000000e+00  -6.9928296e-01  -7.2680042e-01  -6.3271582e-01   1.6954605e+00   2.0494748e+00  -1.2723907e+00
   2.0000000e+00   3.6861832e-01  -8.0395843e-01  -6.0456755e-01  -8.8024369e-01  -1.5042701e+00  -6.8870319e-01
   1.0000000e+00  -2.7263611e-01   1.4250194e+00   3.5526771e-02   7.7892897e-01  -2.3771169e-01   9.1591391e-02
   2.0000000e+00  -8.5608953e-01  -1.2857749e+00   1.0707624e-01   1.1622192e+00   3.6079651e-01  -1.3605731e+00
   2.0000000e+00   1.2383991e+00  -3.1400783e-01   1.5784261e-01   1.0639937e+00  -3.3240464e-01   1.2619024e+00
   2.0000000e+00  -1.4722721e+00   2.5549253e-01  -6.4372347e-01   6.7729499e-01   3.7895143e-01   8.4777804e-01
   2.0000000e+00   7.7096298e-02   7.2123464e-01   4.1479868e-01  -6.5538140e-02  -2.1909493e+00   3.3387240e-01
   2.0000000e+00   7.7430994e-01  -1.6130965e+00  -1.1678001e+00   1.2354654e+00   2.1123162e+00  -3.6724515e-01
   1.0000000e+00   2.6190839e-01   1.2198684e+00   1.8164015e+00   3.7001282e-01   2.8287467e+00   2.4184277e-02
   2.0000000e+00   1.1013639e+00   1.8214996e+00   1.5407348e-01   1.4028657e+00   5.5101719e-01  -7.7743505e-01
   2.0000000e+00  -5.9659158e-02  -1.1773096e+00  -4.4299836e-01  -3.3574646e-01  -8.5217392e-01   7.1729718e-01
   2.0000000e+00   7.9563212e-01  -8.2928240e-01   2.2046502e-01   1.1223433e+00  -4.6081724e-01   3.9808368e-02
   2.0000000e+00   5.3121254e-02  -2.3006688e-01  -1.5960051e-01   1.0229367e+00   5.5860567e-01  -6.7498063e-01
   2.0000000e+00  -5.9369703e-01  -2.2784269e+00  -2.4915689e-01  -1.3485982e+00   5.9385408e-01  -4.9988329e-01
   2.0000000e+00   1.4227248e+00   1.0382051e+00   1.5485611e+00   2.4716911e-01  -2.0439853e-01   2.8987467e-01
   2.0000000e+00  -5.1670889e-02  -1.0798663e+00   2.3635192e+00   2.3299378e-01  -7.6476088e-02   9.2789867e-01
   1.0000000e+00   2.3213454e-02   3.3365403e-01   2.8472382e-01   9.5938470e-01   1.4548176e-01   4.8881825e-01
   2.0000000e+00   1.5056391e+00   9.9918439e-01   4.8909452e-01  -7.1802287e-02   5.0317663e-01  -1.1927169e-01
   1.0000000e+00  -5.1718439e-01   4.9125706e-01   6.2585122e-01   6.6909350e-01  -7.7419096e-01  -8.7645465e-01
   2.0000000e+00  -1.0812367e+00   7.5883788e-01  -2.7821335e+00  -5.0991582e-01  -3.6029344e-01   1.5007440e-01
   2.0000000e+00  -2.9636125e-01   1.1964155e+00   5.8752014e-01   1.1363699e+00  -5.2541743e-01   5.4189485e-01
   2.0000000e+00  -6.9460344e-01   4.3351159e-01   9.9538380e-01   1.0682588e+00   1.0663840e+00   9.6715146e-01
   2.0000000e+00   4.5382749e-01   2.1801386e-01   4.6769394e-01   2.0734997e+00  -3.0807042e-01   1.3523665e-01
   1.0000000e+00   4.7053322e-01  -4.6367007e-01   5.8244592e-01   3.3037300e-01   9.4752548e-01  -1.8575296e+00
   2.0000000e+00  -8.9720790e-01  -1.5525901e-01   1.3927984e-01  -2.1594681e+00   4.0894610e-01   3.0814212e-02
   2.0000000e+00  -8.7999000e-01  -9.4838931e-01   5.4738599e-01   1.2162941e+00  -1.4653490e+00   2.0668441e-02
   2.0000000e+00   4.7724145e-01  -8.1426110e-01  -4.2843273e-01  -4.3844927e-01  -6.2294005e-01  -1.5411445e+00
   2.0000000e+00   1.6673813e-03  -8.1484718e-01  -6.6373645e-01  -6.2408069e-01  -6.3199904e-01   7.1059357e-01
   2.0000000e+00  -1.0922403e+00   1.7609759e-01  -6.6816276e-01   1.6028343e+00   1.2150584e+00   1.3820409e+00
   2.0000000e+00   6.5531724e-02   9.1276107e-03  -1.2482500e+00   1.7119934e+00  -1.0068769e+00  -1.1053367e+00
   2.0000000e+00  -1.5246957e-01  -4.6391295e-01   1.1135216e+00   1.8815491e+00  -2.0933941e+00  -2.8911902e-01
   2.0000000e+00  -9.8443930e-01  -2.0801924e+00  -2.1805549e-01  -7.3344661e-01   1.8041733e-01  -7.3257845e-01
   1.0000000e+00   3.2082347e-01  -7.7855544e-01   3.2012129e-01   3.5801956e-01  -1.1264877e+00   1.1882298e-01
   2.0000000e+00  -1.1428878e+00  -1.4268486e+00  -6.1007049e-01  -1.2251016e+00   2.1330811e-01  -2.3603900e-01
   1.0000000e+00  -1.9487070e-01   7.8768014e-01   1.0315916e+00   6.0739495e-02  -1.0991013e+00   1.2061078e+00
   2.0000000e+00   1.4221418e+00  -1.3707798e+00  -5.4093078e-01   7.9677415e-01  -7.7691373e-01  -1.3696450e-01
   2.0000000e+00  -7.4364554e-01  -1.0259277e+00  -7.2634188e-01  -1.8704106e+00  -9.5353478e-02  -4.5027772e-01
   1.0000000e+00  -7.2455204e-01  -2.7651150e-01   8.8264145e-01   6.7988315e-01  -5.0183447e-01   7.6999351e-01
   2.0000000e+00   1.6450274e+00   6.0267146e-01  -5.1893252e-01   2.2581915e-01  -9.5679614e-01  -3.1339472e-01
   1.0000000e+00  -6.3016757e-02  -1.1868744e-01  -1.1689567e+00   1.2591931e-01   2.7376302e-01   9.7775085e-02
   2.0000000e+00  -1.3544250e+00  -4.2573072e-01   2.5355502e+00   1.0713358e+00   3.7502050e-01  -1.8846898e+00
   2.0000000e+00   1.1949589e+00   3.5327370e-01  -8.3378331e-01  -5.4664413e-01  -8.1243057e-01   8.6525046e-01
   2.0000000e+00  -5.9684111e-01  -6.5613531e-01   8.9609420e-01  -2.2150848e-01   5.3360114e-01  -1.2256617e+00
   1.0000000e+00  -7.7468138e-02  -1.2769832e+00  -9.7177031e-01   6.3346934e-01  -2.0580447e-01  -2.9579041e-01
   2.0000000e+00   4.2569045e-01   1.8111709e-01   7.5308593e-01  -1.6980528e+00   3.8589605e-01  -1.3197909e+00
   1.0000000e+00   4.2791670e-02  -8.7748928e-01   3.0891486e-01   1.0334925e-01  -3.0930888e-01   1.7504032e+00
   1.0000000e+00  -4.7190974e-01   5.7234492e-01  -8.5727328e-01   2.8475795e-01  -1.9299813e-01  -1.7514341e-01
   2.0000000e+00   1.4807593e+00   3.1983200e-01  -2.9954857e+00   5.2879974e-02   4.7929335e-01  -9.6088980e-01
   2.0000000e+00  -4.6636573e-01   9.6376131e-01   2.0028839e+00   2.1443947e+00  -6.4849669e-03   9.9416090e-01
   2.0000000e+00  -1.8932271e+00   1.0133634e+00   4.3399460e-01  -6.2520234e-01   1.8808448e-01   4.1626752e-01
   2.0000000e+00  -6.1146827e-01   2.1954384e+00  -8.4629135e-01  -9.9089907e-01   3.5859199e-01  -6.8066423e-01
   2.0000000e+00   6.0122385e-01   4.2875993e-01  -1.2308054e+00  -2.5138414e-01  -3.9127038e-01   1.5902924e+00
   2.0000000e+00   1.4731246e+00  -1.1009134e-01  -1.8561581e-01  -4.0181280e-01   4.9789993e-01  -1.5771596e+00
   2.0000000e+00   3.0217877e-01   9.3089415e-01  -1.4860185e+00  -4.4701396e-02   2.2711631e+00   8.9583092e-01
   2.0000000e+00  -5.7866898e-01   2.2117891e+00  -2.0273203e+00   2.5711008e-01  -6.4403776e-01   1.0670170e-01
   1.0000000e+00   4.0228017e-01   1.6258653e+00  -4.8845514e-01   6.7909218e-01  -1.9938492e+00  -2.2347489e-01
   2.0000000e+00  -3.3137238e-01  -3.0504992e-01  -2.1596145e-01  -1.8115506e+00  -3.0126758e-01  -3.5859354e-01
   1.0000000e+00  -2.7172914e-02   1.0493024e+00  -6.1108752e-01   9.3534623e-01  -8.2007764e-01   7.3346916e-01
   2.0000000e+00  -1.6127729e+00  -2.1979685e-01  -3.1536417e-01  -1.7862982e-01  -3.5642970e-02   1.4533876e+00
   2.0000000e+00   2.0237850e-01  -1.9422841e+00  -1.2975720e+00  -9.7935056e-01   2.3442939e-01   4.7830837e-01
   2.0000000e+00   2.8693986e-01  -2.2721302e-01  -2.0282775e+00  -1.6222583e+00  -1.1975404e+00  -3.5651465e-01
   2.0000000e+00   1.4594052e+00   3.0465886e-01   4.0056216e-01  -7.9626562e-01  -8.0306317e-01   9.6178396e-01
   2.0000000e+00  -6.6864100e-01  -1.2569118e+00  -6.5022701e-01  -6.6049432e-01  -1.5974667e+00  -3.2280801e-01
   2.0000000e+00   1.5389102e-01   9.8647321e-01   1.2756819e+00  -6.7856958e-01   2.5609098e-01   4.5823083e-01
   2.0000000e+00  -4.7216952e-01  -2.2341155e-01   2.0650186e+00  -4.9992499e-02   5.8906782e-01  -3.4926601e-01
   2.0000000e+00   1.7700302e+00  -2.2522757e-02  -8.6438707e-02  -1.5824900e+00  -3.9497936e-01   9.5548500e-02
   2.0000000e+00  -1.1921778e+00   7.7551698e-01  -1.4990028e-01   4.0603510e-01   9.2632264e-01   1.2831969e+00
   2.0000000e+00  -1.8329894e+00   1.2346874e+00   7.4119340e-01   1.2356874e+00  -1.9170934e-01   1.4097534e-01
   2.0000000e+00   1.1608826e-02  -1.5502724e+00   7.7544290e-01  -9.8286331e-01  -1.0611806e+00   1.9032241e+00
   2.0000000e+00  -1.9933248e-01   1.7589659e+00  -5.1531468e-01   1.9314039e+00   8.8933888e-02   6.2408100e-01
   2.0000000e+00  -5.6883026e-01  -2.3172182e-01  -1.8745334e+00  -8.0740019e-01  -1.5826078e+00  -1.3490139e-01
