   2.0000000e+00  -1.1165749e+00   4.1815664e-01  -6.5919906e-02   7.8797160e-02   6.4515642e-01   1.4290289e+00
   2.0000000e+00   3.4904360e-01  -4.0708794e-01  -4.5472072e-01   4.1136846e-01   1.4806450e+00   3.7080705e-01
   2.0000000e+00  -7.2105962e-01   1.3571164e+00   1.2201038e+00   3.9026608e-01  -3.3817310e-01  -1.7322326e-01
   2.0000000e+00   1.6252972e+00  -2.6575216e-01  -1.8372936e+00   9.8077503e-01   1.1816064e-01   1.2715700e+00
   2.0000000e+00   2.5895566e+00  -2.2938809e+00   5.5146943e-01  -9.4042604e-01  -9.0260876e-01  -6.8019665e-01
   2.0000000e+00   6.3916621e-01   1.9077571e+00  -5.2747974e-01   4.2089617e-01   1.7878111e+00   8.4798168e-01
   1.0000000e+00  -1.4595589e-01  -8.8505579e-01   1.5107275e-01  -2.0463605e-01   5.3455193e-02  -1.2471072e+00
   2.0000000e+00   1.2517121e-01   8.6155394e-01  -8.6087698e-01   6.2494619e-01  -1.2180317e+00  -2.3563438e-01
   2.0000000e+00  -1.7135324e+00  -1.1508919e+00   3.7009278e-01  -2.7383427e-01   4.2222166e-01   1.0786203e-01
   2.0000000e+00  -3.5280201e+00   1.1105488e+00   9.4884492e-01  -3.3304305e-01   1.2963172e-01  -3.6684255e-01
   2.0000000e+00   6.6518712e-01  -7.1341428e-01  -4.5152026e-01   1.8242438e+00  -1.6330045e-01  -8.2041452e-01
   2.0000000e+00   4.8706697e-01   1.0899147e+00  -5.6922005e-01   2.7009678e-02  -7.7003568e-01   7.2948220e-01
   2.0000000e+00   1.1062862e-01   4.7449079e-02  -1.2549525e+00  -1.0768115e+00   1.0485482e+00   5.7462168e-02
   2.0000000e+00  -1.0375155e+00  -4.9626850e-01  -1.0290700e+00  -9.3920783e-01  -2.7855013e-01  -1.7843379e+00
   2.0000000e+00  -1.8424423e+00  -1.1717710e+00   4.8129370e-01   6.9636924e-01   3.6213734e-01  -1.7998831e+00
   2.0000000e+00  -1.2757307e+00  -9.3960876e-01  -8.7411948e-01  -1.4030943e+00  -1.5503496e+00   8.8089997e-01
   2.0000000e+00  -2.2612018e-01   3.0008180e-01  -1.6073665e+00   2.0920777e+00  -6.5650153e-01   6.2392842e-01
   1.0000000e+00   4.9596598e-01   7.6007433e-03   4.0819149e-01   9.6300873e-02   4.8778795e-01  -1.5725261e-01
   2.0000000e+00   3.1707960e-01   4.1468296e-01  -3.3576004e+00   7.9586376e-01  -7.5871437e-01   6.0768101e-01
   2.0000000e+00   1.0515363e+00   1.3949385e+00  -1.0420414e-01  -1.6674355e-01  -9.7879160e-01  -1.3291895e+00
   2.0000000e+00   1.0642332e+00  -4.1082395e-01   1.4720758e+00   9.6491033e-01   9.1382596e-01  -6.6061078e-01
   1.0000000e+00   3.2016236e-01   3.7840276e-01   1.1986874e-01   8.2716311e-01   1.2858784e-01   4.8275681e-01
   1.0000000e+00   4.1429943e-01   1.5773333e-01   3.3931483e-01   1.8040575e+00  -1.4387912e+00   4.1336313e-01
   2.0000000e+00  -4.5230460e-01   9.0862588e-01  -5.2910748e-01   4.4936484e-01  -9.2596701e-01   2.5000366e+00
   1.0000000e+00   2.2658568e-02   5.1602142e-01   4.6818586e-01  -1.0474750e+00   1.4063296e-01   5.8925501e-01
   2.0000000e+00   1.2772084e-01  -1.9768951e-01  -9.2846545e-01  -1.5455792e+00  -2.0131578e-01   5.9184604e-01
   1.0000000e+00   3.6104078e-01   1.5570078e-01   9.6629059e-01   1.6408426e-01  -1.6195948e+00   1.8494817e-01
   2.0000000e+00   1.9004061e+00  -5.9413074e-01  -2.0323984e+00  -1.6197513e+00  -7.4923365e-01  -1.0769017e+00
   2.0000000e+00  -1.3834605e-01  -7.8417755e-01  -1.9311388e-01  -1.4163112e-02  -6.5794759e-01  -1.6485733e+00
   2.0000000e+00   1.1220473e+00  -1.2335950e+00  -5.5621440e-01   1.6729919e-01  -1.9398569e+00  -5.6077838e-01
   1.0000000e+00  -8.9812956e-01  -5.7375422e-01   5.1401218e-01   1.5847033e-01  -1.9109969e+00  -9.5164240e-01
   2.0000000e+00  -3.1988946e-01  -6.6554968e-01  -4.2069360e-01   5.9011026e-01   1.0938914e+00  -4.0620622e-01
   2.0000000e+00   1.8296864e+00   8.5153142e-01   7.2136957e-01  -1.0341792e-02   2.0444766e+00  -9.1007712e-01
   2.0000000e+00  -4.2399415e-01   5.8992477e-01   1.3672935e+00   1.4952456e+00  -1.2375265e+00  -1.4635805e+00
   2.0000000e+00   6.3071322e-01   1.0016240e+00   4.7428170e-02  -9.1491066e-01   1.8634579e+00  -4.5038224e-01
   2.0000000e+00  -1.0767487e+00   8.6113473e-02   1.0595797e+00  -9.5505119e-01  -7.8609460e-01  -9.4564530e-01
   2.0000000e+00  -1.3333374e+00  -1.0299454e-01  -5.6579600e-01  -3.9930149e-01   1.9842905e+00  -5.3434394e-03
   2.0000000e+00   6.3663611e-01  -2.0804205e+00   2.9690259e-01   1.4372153e-01  -2.9174666e-01  -2.1653136e-01
   2.0000000e+00  -1.3037887e-01  -1.9773651e-01  -6.0767190e-01  -7.0778150e-01   8.4401711e-01  -1.2096787e+00
   2.0000000e+00   5.5386576e-01   1.8155803e+00   6.0468385e-01  -5.4876713e-01  -1.2775740e+00   2.2085171e-01
   2.0000000e+00   1.1209289e+00  -6.6408036e-01   1.4843710e+00  -7.8644061e-01   9.7171075e-01  -1.3607096e+00
   2.0000000e+00   1.8250827e+00   1.4821199e+00  -1.2650218e+00   8.6332063e-01  -2.9548630e-01  -8.3792615e-01
   2.0000000e+00   9.5953212e-01   7.0928282e-01   1.3849727e+00  -5.4974640e-01   1.8789123e+00   8.1557027e-02
   2.0000000e+00   1.4587202e+00  -1.2727489e+00  -1.5562230e+00  -8.5316045e-01  -2.7284227e-01  -1.0510130e+00
   1.0000000e+00  -5.4994533e-01  -5.3391445e-01   8.9692668e-02   1.3109443e+00  -5.5726989e-01   3.4659027e-01
   2.0000000e+00   3.8695451e-01   9.1476022e-01  -5.5210101e-02   1.3013868e+00  -6.2748221e-01  -1.4266957e+00
   2.0000000e+00  -6.9627865e-01  -9.5946590e-02  -3.8296365e-01   1.4997404e+00  -2.2155902e+00   6.5454553e-02
   1.0000000e+00  -6.5030900e-01   1.9403087e-01   6.6367612e-01  -2.3866187e+00   1.3522110e+00  -2.4497457e-01
   1.0000000e+00  -5.6211161e-01   7.2409137e-01   4.8944859e-01   3.0328743e-01   6.2617686e-01   9.7740078e-01
   2.0000000e+00   4.7007760e-01   1.1314299e+00   1.1198897e+00   2.6640472e+00  -2.2027306e-01  -3.0910593e-01
   2.0000000e+00   1.9620663e-01  -3.7313835e-01  -1.4722316e-01  -7.2031422e-01   1.5737077e+00  -1.3983365e+00
   1.0000000e+00   1.0808470e+00  -4.8872096e-01   1.7877520e-01  -1.3677725e-01   9.8369915e-01  -1.2818635e-01
   2.0000000e+00   3.5141883e-01   4.3652630e-01   1.4070162e+00   1.5073120e-01  -9.6113454e-01  -5.1940823e-01
   2.0000000e+00  -1.4753169e+00  -1.0626165e+00  -3.8248535e-01  -1.2686180e+00  -1.0088675e+00   3.1636745e-01
   2.0000000e+00  -1.1774908e+00  -6.5318103e-01   1.0893471e+00  -2.5950291e+00  -1.2665813e-01  -7.4162565e-01
   2.0000000e+00   1.1665606e+00  -5.5062521e-03  -2.0490050e-01  -7.5206460e-01   1.3081027e+00   1.4255982e-01
   1.0000000e+00  -7.6587642e-01   2.6078693e-01   6.6157364e-01   3.7087397e-01   1.0537689e+00  -2.8072070e-01
   1.0000000e+00  -1.7815565e+00   6.9940517e-01   2.1685513e-01  -2.8506994e+00  -2.1152172e-01   4.2578138e-01
   2.0000000e+00   7.7159405e-01  -8.2053965e-02   1.0523493e+00   5.1547358e-01   5.2518639e-01  -9.3138805e-01
   2.0000000e+00   9.4429530e-01  -8.0087972e-01  -1.5624887e+00  -3.4226393e-01  -1.1206202e-01   4.9167982e-01
   2.0000000e+00  -2.9327166e-01   6.3068896e-01   1.5606913e+00  -8.4177367e-01   4.0678285e-01  -1.0124233e+00
   2.0000000e+00  -1.7896185e-01   3.7277978e-01  -5.6965625e-01   1.9518574e+00   1.2275042e+00  -8.0032679e-01
   2.0000000e+00  -1.0355356e+00   6.0654200e-02  -1.3237234e+00  -4.3777446e-01  -1.1742048e+00  -9.5181912e-01
   2.0000000e+00  -7.6311007e-01  -1.7450924e+00  -4.9592692e-01  -2.0162647e+00   3.7048868e-02   6.1884695e-01
   1.0000000e+00  -5.9844552e-03   3.5527390e-01   7.3651259e-01  -2.2153635e+00   2.5895618e-01   1.0567390e+00
   2.0000000e+00  -6.7488062e-01   4.3929969e-03  -3.9761246e-01  -4.3242563e-01   9.6803545e-01  -5.1148212e-01
   2.0000000e+00   3.9589666e-01  -6.0629494e-01  -6.4137991e-01  -5.6288804e-01   1.0597550e+00   1.0016997e+00
   2.0000000e+00   3.0812084e-01  -1.0140781e+00  -2.3569175e+00  -8.9398760e-01  -5.7765840e-01   2.4743346e+00
   2.0000000e+00  -2.2959341e-01  -5.1349473e-01  -1.2542365e+00  -7.6766576e-01   3.1769360e-01  -1.4668884e+00
   2.0000000e+00   4.4087576e-01  -1.0459149e+00   7.1097903e-01   1.1167701e+00  -2.7015705e-01   9.9607201e-01
   2.0000000e+00  -7.0679594e-01   1.7530818e+00   4.1702095e-01  -3.6282385e-02   1.1081832e+00   8.7354332e-01
   2.0000000e+00   6.2573662e-01  -1.1446655e+00   5.6683927e-01   5.5509901e-01   3.7105387e-02  -4.9774049e-01
   2.0000000e+00  -5.9358626e-01   1.2011205e+00  -9.7743487e-01   4.6046006e-01   8.8955976e-03  -1.0227772e+00
   1.0000000e+00   1.1769558e+00   1.4759230e-01   3.9290849e-01  -1.7913570e+00  -4.8716223e-01   1.4326671e+00
   2.0000000e+00  -1.2962645e+00   2.1838871e-03   1.8561671e+00   7.3526340e-01  -7.8691168e-01  -1.8562239e-01
   2.0000000e+00   7.7299641e-01   1.1365205e+00   1.2508153e+00  -7.4154269e-01  -8.2313253e-01  -1.1292075e+00
   2.0000000e+00   8.4359433e-01   2.3037532e-02   1.3679254e+00  -1.3413831e+00   9.6312476e-01  -2.3048334e+00
   2.0000000e+00   2.5697362e-01  -6.1859832e-01   1.3726723e+00  -3.0590679e-01   8.5828062e-01   5.6133998e-01
   2.0000000e+00   1.1851730e+00   1.4461811e-01   1.2920612e-01  -1.0180032e+00   2.0170762e+00   1.3241967e+00
   2.0000000e+00   7.2213858e-01  -2.2269070e-01   1.1785369e+00  -3.5596510e-01   4.9431743e-01   1.2322163e+00
   2.0000000e+00   8.5841412e-01   3.6146343e-01   6.4513188e-01  -1.0275451e+00  -1.9677563e+00   4.3412294e-01
   1.0000000e+00  -1.5687288e+00  -5.3424796e-02   7.3204838e-01   1.7803274e-01  -1.8689353e-01   6.0820080e-01
   2.0000000e+00   5.9331213e-02  -6.0575061e-01  -3.5890937e-01  -7.1294881e-01   6.6054143e-01   8.9484330e-02
   2.0000000e+00   1.9823810e+00  -1.3650013e+00   1.6603940e-01   1.7625589e+00   2.0008617e+00  -3.8667662e-01
   2.0000000e+00   1.4666337e+00  -7.1625734e-02   1.2422779e+00   1.5197392e+00   7.8583558e-01  -1.0218341e+00
   2.0000000e+00  -3.9099267e-01   2.4840794e-01  -8.4421544e-01  -6.4173932e-01  -6.3565832e-02  -1.7291490e+00
   2.0000000e+00  -1.4926991e+00  -6.7685198e-01  -6.4679939e-01  -3.5632486e-01  -2.8194907e-01  -7.0789918e-01
   2.0000000e+00  -8.3954406e-02  -9.6794358e-01  -1.4886870e-01   1.2437762e+00  -5.3667061e-01  -1.8369019e+00
   2.0000000e+00   1.0507656e-01   6.5856408e-01   1.5110503e+00   7.2479705e-01  -8.4818284e-01   1.7287732e+00
   2.0000000e+00   2.6610898e-01   7.1364794e-01  -5.7359000e-01   1.3857264e+00   8.2294255e-01  -2.8682557e-01
   1.0000000e+00   7.7652859e-01   4.9478157e-01   4.5317865e-02   1.1710300e+00  -1.7161071e-01   2.0836477e+00
   1.0000000e+00   9.3373798e-01   6.2721255e-01   3.4921776e-01   1.6927784e+00   6.2967644e-01  -1.7315714e+00
   2.0000000e+00   9.0336728e-01  -1.4451976e+00  -2.8246319e-01   3.4099272e-01   6.5347297e-01  -1.8643764e-01
   2.0000000e+00  -3.6594580e-01  -4.3719015e-01  -3.5205086e-01   3.9239113e-01  -5.9303476e-01  -6.1057199e-01
   2.0000000e+00  -4.3443622e-01   1.1359432e+00  -4.1251375e-01  -6.1671418e-01   8.6228480e-01   1.0092327e+00
   2.0000000e+00  -8.6132869e-01  -7.1557808e-01   1.4819051e+00   1.7050056e+00  -8.2439100e-01  -7.1869348e-01
   2.0000000e+00  -4.7938940e-01  -2.4746022e+00  -7.6452566e-01  -1.3303683e+00  -6.5972956e-03  -4.1039664e-01
   1.0000000e+00  -7.3326289e-01  -1.2828904e-01   1.3777667e-01  -9.1883612e-01   6.7680065e-01   1.3397996e+00
   1.0000000e+00   8.4459043e-01   1.9810447e-01   3.2676394e-01  -1.5713475e+00   5.8948822e-02   1.7800934e-02
   2.0000000e+00   1.0584716e+00   8.0483124e-01  -2.3906768e+00   3.2267193e+00  -9.0980590e-01  -9.4748516e-01
   2.0000000e+00  -5.2530816e-01   4.2295886e-01  -6.6701608e-01  -3.2271483e-01   6.4066616e-01  -2.8723522e-01
   1.0000000e+00   2.4256428e-01  -3.6126280e-01   6.4063898e-02  -6.3885491e-01   2.7524490e-01   2.8392364e-01
   2.0000000e+00   8.7613670e-01  -6.1329570e-02   1.0251317e+00  -1.7993474e+00  -2.8293350e-01   2.2505092e-01
   2.0000000e+00   1.1881691e+00   1.8420120e-01  -1.0579041e+00   5.0634473e-01  -2.1142979e+00   1.0606283e+00
   2.0000000e+00  -8.7502180e-01  -5.5096473e-01  -4.4223566e-01  -4.3646110e-01  -3.3082555e-01   5.2998349e-01
   2.0000000e+00   2.2684406e-01   5.1240144e-01  -6.0903016e-01   5.9054818e-01   4.8686548e-01   1.5208398e+00
   2.0000000e+00  -1.2292101e-01   8.6057558e-01  -9.6902799e-01  -7.4924920e-01  -4.0355885e-01   1.9329859e+00
   2.0000000e+00   1.8563316e+00  -4.9119445e-02  -8.3479495e-01   4.2839836e-01   1.5189503e+00  -1.2377929e+00
   2.0000000e+00   7.8298398e-01  -1.5122791e+00  -5.6739494e-01   1.3542101e+00  -5.1440827e-01   4.5388527e-01
   2.0000000e+00   6.8871179e-01  -5.1031207e-01   2.1880204e+00   5.0470258e-01  -2.1416891e+00   1.6094233e-01
   2.0000000e+00   2.6289005e+00   2.7955360e-04  -6.1655159e-01   2.0508310e+00  -7.1225418e-01  -8.9208024e-01
   1.0000000e+00  -5.7766634e-01   5.7670465e-02   3.0476328e-01   1.2679713e+00  -4.1947008e-01  -1.1940921e-01
   2.0000000e+00  -9.0575950e-01  -7.3212006e-01  -3.0940115e-01   1.5577797e+00   4.2417939e-01   7.7076445e-01
   1.0000000e+00   9.2778406e-01   2.4377651e-01   7.8929739e-02  -1.1807346e+00   1.1921783e-01   2.6325935e-01
   2.0000000e+00  -1.0467657e+00  -2.4073967e+00   4.4831638e-02  -8.3437833e-01   2.4593812e-03  -6.7307255e-01
   2.0000000e+00   8.4310293e-02  -8.9061594e-02  -1.3263895e+00  -4.3935882e-01  -2.7757990e-01  -9.8929011e-01
   1.0000000e+00  -1.2216717e+00   8.8555964e-01   3.4582547e-01   1.0375111e+00  -1.4422199e+00   8.8710841e-01
   2.0000000e+00  -5.1654374e-01  -7.1625495e-01   2.0421690e+00   1.3804305e+00   1.3947691e+00   7.3678409e-01
   2.0000000e+00  -1.1685229e+00  -2.2380967e-01   1.0836935e+00   6.9566024e-01  -9.5240417e-01   4.6979348e-01
   2.0000000e+00   7.5375323e-01   1.1171692e-01  -5.7944921e-01   1.2368549e-01   9.3248857e-01   1.4508476e+00
   1.0000000e+00   6.0309880e-01   1.3568049e-01   5.9481657e-01  -1.2373390e+00   1.1975313e+00   8.4584604e-01
   2.0000000e+00  -3.8125064e-01   1.1848894e+00  -8.3959636e-01  -3.4402423e-01   2.1496001e+00  -2.0676698e-01
   2.0000000e+00  -1.5971649e-01   1.1885037e+00   1.3077069e-01   2.5486717e-01  -5.0870690e-01   3.7985452e-01
   2.0000000e+00  -4.6140165e-01  -9.9720648e-01   4.7510271e-01   4.9946062e-01   1.3941970e+00  -8.1498165e-01
   2.0000000e+00  -1.6800520e-01  -1.4532552e+00   3.6322066e-01   1.5311089e-02   1.9225032e+00  -1.8705540e+00
   2.0000000e+00  -1.6772053e-02  -1.7357125e+00  -6.5135191e-01   1.1008868e-01   1.1816404e+00  -2.4552532e-01
   2.0000000e+00  -5.7357133e-04  -5.8099813e-01   1.0255007e+00   1.9981938e+00   9.6480821e-03  -2.2192343e-01
   2.0000000e+00   4.8321825e-01  -1.1433806e+00  -6.4883206e-01  -1.6542901e-01   1.6503680e+00   1.6095655e+00
   2.0000000e+00   8.7094451e-03   8.4701267e-01   8.1420690e-01   2.9095387e-01   6.1533871e-02   9.1840448e-01
   2.0000000e+00   1.8016572e+00  -1.6831324e+00   1.8225752e+00   1.6262348e-01  -1.7387197e-01  -4.5274638e-01
   2.0000000e+00   1.1629165e+00  -1.1411363e+00   4.0618692e-01   5.8333382e-01   1.2457925e+00  -2.1342656e-01
   2.0000000e+00  -9.1393483e-01   6.8561645e-01  -3.4558379e-01   2.0988615e-01   2.5315250e+00   4.2726377e-01
   2.0000000e+00   7.0089215e-01  -2.0777753e+00  -5.4293479e-01  -2.7713995e-01   7.9867439e-01   2.0567823e+00
   2.0000000e+00  -1.1214805e+00   2.4120034e+00   8.3838659e-01   7.1280436e-01  -1.7068347e-01  -5.6664829e-01
   2.0000000e+00   2.2748996e-01  -2.8428849e-01   1.3425937e+00  -1.6193333e+00   9.3726215e-01   6.0926910e-01
   2.0000000e+00   1.3049308e+00   8.2051420e-01   9.4387054e-01  -8.3119021e-02  -1.4976940e+00   1.1771807e+00
   2.0000000e+00  -8.0182621e-01   7.3823053e-01   1.0767223e+00   3.0857669e-01   2.0809781e+00   2.9938889e-01
   1.0000000e+00  -1.0063072e+00  -7.7684766e-02   3.1503224e-01   1.0447120e-01  -1.1932068e+00  -1.7867029e+00
   2.0000000e+00  -2.0956258e+00  -3.5610541e-01   1.7767068e+00   5.9238836e-01   9.7083689e-01  -1.3318357e+00
   2.0000000e+00  -9.2879041e-01  -1.7238834e-01   7.8091045e-01  -3.4756107e-01   2.4644896e+00   4.1622551e-01
   2.0000000e+00  -5.4154000e-01  -1.1558346e+00   1.5328344e+00  -2.4792104e+00   6.8298812e-01   9.7085210e-01
   1.0000000e+00  -1.4583874e+00   3.8355609e-01   6.3133718e-01  -1.4578362e+00  -1.2172276e+00  -7.4330028e-02
   2.0000000e+00   1.3654943e+00  -2.2453672e-01  -1.0969217e+00   1.0205118e+00  -5.8397934e-03  -7.9748481e-01
   2.0000000e+00  -1.1296424e+00   2.8358033e-01  -8.2471096e-01   2.9026211e-01  -9.9586743e-02  -9.3958287e-01
   2.0000000e+00  -7.4329125e-01   1.1171117e+00   5.9261965e-01  -8.5439177e-01   1.2534719e+00   4.6427908e-01
   2.0000000e+00   1.9364816e+00   7.5623256e-01  -2.3930800e-01  -1.1443590e+00   7.5006862e-01   1.8032449e+00
   2.0000000e+00   1.6527322e+00  -6.1299284e-01  -2.0058513e-01  -1.7922076e+00   2.2144949e-01   1.1906595e+00
   2.0000000e+00   1.5556015e-01   1.5436308e-01  -1.5357385e+00  -1.6916627e+00   1.1337006e+00   2.6771300e-01
   1.0000000e+00   2.8290987e-01   2.1470326e-01   9.6255292e-01   1.1610130e+00   6.3436026e-01   2.0941248e-01
   2.0000000e+00   9.3650936e-01   1.6072072e+00   1.7219058e+00   7.1439940e-01  -1.0308009e+00   8.9717920e-01
   2.0000000e+00   2.5312589e-01  -2.4261943e-01  -5.3725636e-01   2.9980326e-01  -7.4847764e-01  -8.4333156e-01
   2.0000000e+00   1.0086229e+00  -5.9568172e-01  -1.1883713e+00  -7.7360575e-01   1.9423619e+00   1.8404179e+00
   2.0000000e+00   2.4441376e-02  -2.0894769e+00  -2.6256565e-01  -1.1649297e-01   6.8324100e-01  -5.8295072e-01
   2.0000000e+00   1.1346029e+00   8.2806072e-01  -7.6564028e-02   1.3178946e+00  -9.8096056e-01   7.0169702e-01
   2.0000000e+00  -9.5723572e-01  -3.8802873e-01  -5.6151497e-01  -2.5305156e-01   2.3396364e-01  -4.2420022e-01
   2.0000000e+00   7.5059233e-01  -5.6856443e-01  -8.6179672e-02   1.0234252e+00   3.9427422e-02   9.2582898e-01
   2.0000000e+00  -6.1839585e-01   1.5605259e-01  -2.5844213e+00  -5.6031618e-01  -3.5945355e-01  -1.4443989e+00
   1.0000000e+00   6.6544938e-01  -7.1634527e-02   4.8112040e-01  -4.0461571e-01   3.4341585e-01  -2.5213754e-01
   2.0000000e+00  -1.6331875e+00   9.0703419e-01  -2.7635777e-01  -1.0158742e+00  -4.4444321e-01   2.8851655e-01
   1.0000000e+00  -3.2078892e-01  -8.4441744e-02   1.6583558e-01  -1.3650765e+00  -4.8556567e-01   7.6152776e-02
   2.0000000e+00   4.0923362e-01   1.0190768e+00   4.2717163e-01   5.0766640e-01   1.2885946e-01  -7.1644106e-01
   2.0000000e+00   3.4570725e-01  -3.4784848e-01   6.4572012e-01  -2.0683864e-01   2.1785641e+00  -5.3924694e-01
   2.0000000e+00  -7.0756828e-01   3.7417412e-01  -2.7974870e-01   1.3021480e+00   3.3763006e-01   5.6181727e-01
   1.0000000e+00  -2.5577646e+00   5.1842168e-01   5.2664861e-01  -1.9472524e+00   1.8231585e-01   1.8263383e+00
   2.0000000e+00   7.3314433e-01   8.2285015e-01  -4.5231150e-01  -4.7317199e-01  -6.5641532e-01  -3.2832685e-01
   1.0000000e+00  -8.5135287e-01  -1.0668428e-01   3.0522064e-01   5.3261021e-01   9.9392639e-01  -5.0542589e-01
   2.0000000e+00  -7.8053438e-01   3.3700549e-01  -6.9044100e-02  -1.5022831e+00  -6.7093427e-01  -1.7651390e+00
   1.0000000e+00  -6.7676973e-01  -2.6444500e-01   5.3327900e-01  -3.2264022e-01   1.8453172e-01   1.8593893e-01
   2.0000000e+00   7.1486909e-01   9.6395591e-02   1.1176890e+00   6.8914232e-01  -5.2681099e-01   1.5287394e-01
   2.0000000e+00  -1.2630508e+00   1.4429388e+00  -8.0043154e-02  -6.1855989e-01  -5.7021187e-01   8.2722011e-01
   2.0000000e+00  -1.9999626e+00   8.8600068e-01   5.2917061e-01   9.6012258e-01   2.0207334e-01   2.2861141e+00
   2.0000000e+00   9.2070201e-01  -9.6977532e-01  -1.0830973e+00   6.6912671e-01   1.3439691e+00   6.9253550e-01
   2.0000000e+00  -1.2779081e+00  -2.5984051e-01  -9.7491585e-01  -2.2758352e+00   1.8082407e-01   1.2916937e+00
   1.0000000e+00  -2.0581185e+00  -1.0856741e-01   2.6562482e-01   1.7560610e+00   1.1089181e+00  -6.5158710e-01
   1.0000000e+00  -2.9524371e-01   2.9142099e-01   8.3584866e-01   4.6271320e-01   6.5929590e-01  -2.2807916e-01
   1.0000000e+00  -1.4396940e+00  -3.9999955e-01   5.2463384e-01  -5.7745834e-01   4.1919863e-01   1.1003924e-01
   2.0000000e+00   7.0584873e-01   2.2610780e+00  -1.4794471e+00  -3.2649692e-01  -1.6794344e+00   2.4790060e-01
   2.0000000e+00   3.5830908e-01   6.8450320e-01   1.4487007e+00  -6.1467409e-01   2.5417664e-01  -8.0585917e-01
   2.0000000e+00  -1.2586268e+00  -9.6809162e-01  -6.8717512e-01  -1.3645943e-01  -2.8954305e-01  -3.2895223e-01
   1.0000000e+00  -1.2054599e+00  -5.7464975e-01   2.7832229e-01  -1.0122836e+00   1.6655225e+00   8.8152490e-01
   2.0000000e+00  -4.4198580e-02   5.9006809e-01  -2.1219342e-01  -7.2133233e-03  -1.6032119e-01   1.1418557e-01
   2.0000000e+00   1.4486022e+00   1.0233568e+00   5.5302862e-01  -4.1228448e-01  -5.9523268e-01  -1.0556639e+00
   2.0000000e+00  -3.1330625e-01  -3.5526271e-01   2.8086760e+00  -1.3119895e+00  -5.1366566e-01  -7.0685312e-01
   2.0000000e+00  -1.2546592e+00   1.9845267e+00  -5.0483536e-01  -6.0725930e-01   3.7492202e-01  -1.3804305e-01
   2.0000000e+00   8.8935724e-01   1.0300996e+00   4.8380570e-01   6.2646588e-01   5.1475947e-01   2.2482837e+00
   1.0000000e+00  -6.4919012e-01  -9.9545230e-01   1.3258311e-02  -7.4484284e-01  -1.8314394e+00  -1.9724457e-01
   2.0000000e+00   1.7584709e+00   2.7759656e+00   4.0099832e-02  -1.7510432e-01   2.0927733e+00  -1.5358605e-01
   2.0000000e+00  -2.6819755e+00   1.2571018e-01  -3.2153246e-01  -1.8949520e+00   1.7917662e+00  -6.3659396e-01
   2.0000000e+00   4.4677895e-01   1.7119217e+00   1.8387388e+00  -5.8234105e-01  -4.5611923e-01  -2.4540416e-01
   2.0000000e+00   1.5621444e+00  -4.9377138e-01   1.0423335e+00   8.9165098e-01  -1.4067871e+00   2.0224724e-01
   2.0000000e+00  -1.7349732e+00  -3.7653900e-01  -4.6587718e-01   6.5875402e-02   1.7072612e-01   8.4855997e-01
   2.0000000e+00  -7.2288166e-01   9.2524762e-01  -1.1845046e+00  -1.9928769e-01   2.7635645e-01   1.5862597e+00
   2.0000000e+00   2.6555114e-01  -1.0504061e+00   6.8022793e-01   1.2707102e-01  -7.1565616e-02   3.6992263e-01
   2.0000000e+00   2.5442552e-01   7.7973873e-01  -1.4541601e+00  -1.8411169e+00   1.7097500e+00   5.6771053e-01
   2.0000000e+00   2.2948474e+00  -1.5720650e+00  -2.3723961e-01  -8.8742011e-01   3.1882018e-01   2.0327524e+00
   2.0000000e+00  -1.7858479e+00   1.0840506e+00   1.0948840e+00  -2.5374868e+00   1.6154295e+00   7.5780943e-01
   2.0000000e+00   7.0917901e-01   8.6324946e-01   1.1009285e+00  -7.3821916e-01  -7.4169090e-01   3.7789989e-02
   2.0000000e+00  -1.3688471e+00   1.1204845e+00  -2.8980137e-01   1.3328165e+00   9.7824622e-02   9.0539257e-01
   2.0000000e+00  -1.3800037e+00  -1.0259148e-02  -1.4001769e+00   1.2804432e+00  -1.3008871e+00  -1.6325951e-01
   2.0000000e+00   2.3825884e-02  -1.3232445e+00  -9.3862900e-03  -1.0154409e+00  -3.7459700e-01  -2.5612786e-01
   2.0000000e+00   4.7932552e-01   1.7034948e+00   6.2659914e-01   1.6055904e+00   1.8307587e-01  -1.7031095e-01
   2.0000000e+00  -4.4495340e-01   9.5239380e-01   8.5033055e-01   5.2038184e-01  -4.6872790e-01   1.0943771e+00
   1.0000000e+00   1.2455017e+00  -7.2302270e-01   1.0705447e-02   2.1709991e+00  -2.0521947e-01   2.0223876e+00
   2.0000000e+00  -4.9799636e-01  -2.1681269e+00   9.5087568e-02   1.7296460e-01  -1.8647214e-01   3.2819266e-01
   2.0000000e+00   6.7421870e-01   3.4976583e-01  -8.3197200e-01  -2.2744410e-01  -1.8159166e+00  -4.6032563e-01
   2.0000000e+00  -9.9642177e-02  -1.2105163e+00   9.8588971e-02  -3.7478373e-01   1.8552512e+00   2.5588076e+00
   2.0000000e+00   7.3170808e-01  -5.6228248e-02  -5.4345649e-01  -1.8412584e+00  -1.3924560e+00   6.4245088e-01
   1.0000000e+00  -8.5080953e-02  -8.7820441e-01   3.9322522e-01   4.5693602e-01  -5.0702062e-01   4.6616764e-01
   2.0000000e+00  -4.5565551e-01  -4.4962934e-01  -9.5244435e-02   3.2497146e-01  -2.3270248e+00   7.4850565e-01
   2.0000000e+00  -1.2752754e+00  -1.0988627e+00   1.0455794e+00   1.3923382e+00  -1.1072358e-01   9.2052701e-01
   1.0000000e+00   3.1303149e-02   5.1494621e-01   4.3666948e-01  -5.8858258e-01  -7.6595489e-01   4.8161401e-01
   2.0000000e+00   1.3770717e+00  -6.1755825e-01  -4.4171955e-01  -6.4027318e-01   6.4148109e-01   1.2131921e+00
   2.0000000e+00   1.2969114e-01   5.5139875e-01   4.3269705e-01  -3.7803832e-02   2.0138390e+00   8.3491004e-01
   2.0000000e+00   3.4536932e-01   1.4131933e+00  -1.6760965e+00  -1.7556896e-01  -7.2774024e-01   1.6720802e+00
   1.0000000e+00   6.3897639e-01   1.5737828e-01   5.6203234e-01   1.2010692e+00   5.8262400e-01   1.2310528e+00
   2.0000000e+00  -2.0088571e-01  -3.4802491e-01  -3.5433782e-01   1.7339591e+00  -7.9071716e-01  -1.3726586e+00
   2.0000000e+00  -1.2157556e+00  -1.6633223e+00  -7.2316430e-01   4.4101367e-01  -2.9793917e-01   7.8693216e-01
   2.0000000e+00  -6.3357128e-01   1.3624525e+00  -2.4266091e+00  -1.2635213e+00  -1.8191181e+00  -1.4911427e+00
   2.0000000e+00   3.7728814e-01   7.7363278e-02   1.4760693e+00   8.2649001e-01  -1.2638326e-01   2.5564370e-01
   1.0000000e+00  -8.6231866e-01   5.0742556e-01   8.2614048e-01  -1.7971562e+00  -6.9630646e-01  -2.3666011e+00
   2.0000000e+00  -1.9107083e-01  -1.1342728e+00  -1.9055682e+00   7.0491662e-02  -5.8231142e-01  -2.0748166e+00
   2.0000000e+00  -8.6540263e-02   9.8820676e-01   8.8950910e-01   7.7818937e-01   6.8296962e-02  -2.0640454e-01
   2.0000000e+00  -2.6956307e-01   4.1695570e-01  -8.7515666e-01  -1.4702365e+00  -1.8883787e+00   8.5928109e-01
   2.0000000e+00   1.2853308e+00  -5.8721575e-01  -3.5617416e-01   2.0002486e+00  -2.7403855e-01   2.1907143e-01
   2.0000000e+00   5.8758125e-01   1.7745751e-01  -8.5529489e-02  -4.8620801e-01  -3.9162597e-01  -1.5131621e+00
   2.0000000e+00   1.5050756e+00   1.4569775e+00  -5.0960394e-01  -1.3503089e+00  -3.0989457e-01   8.5902386e-01
   2.0000000e+00   2.5640685e-01  -1.7258235e+00  -1.1889787e+00  -1.0092915e+00  -5.9850405e-01  -1.7093972e+00
   2.0000000e+00   7.6831170e-01   2.3002967e+00   8.1113259e-01  -4.9428740e-01   7.1937549e-01  -7.4788459e-01
   2.0000000e+00   3.2279876e-01  -7.2670933e-01   2.4958939e-01   1.3195961e+00  -2.3309977e+00  -3.8328665e-01
   1.0000000e+00   1.7867806e+00  -3.0151570e-01   5.1641809e-01  -4.4824415e-01   3.9851386e-01  -6.9294692e-01
   2.0000000e+00  -4.3581917e-01   1.3189081e+00   9.0794741e-01  -1.6335821e-02   6.1486972e-01  -7.1702693e-01
   2.0000000e+00   1.7990627e+00   7.0845265e-01  -6.8107317e-01   8.6262485e-02  -1.2449967e+00   1.0304546e+00
   2.0000000e+00  -9.2694442e-01  -2.0339157e+00   1.2494246e-01  -4.9770232e-02  -1.9844358e+00   2.3801094e-01
   2.0000000e+00   5.6836932e-01   1.2046832e+00   7.7846545e-01   8.9606393e-01   2.6315280e-02  -4.5835466e-02
   2.0000000e+00   1.6828391e-01   1.1746277e+00  -1.0032583e-01  -7.9837031e-01   2.5335388e+00   5.2319200e-02
   1.0000000e+00   1.2125905e-01   9.1521533e-01   3.5894446e-01   7.4956394e-01   8.2003275e-01  -5.7136791e-01
   2.0000000e+00   1.4468929e+00  -3.4880749e-01  -2.8589508e-01   5.5039328e-01  -6.0370073e-01   1.1820431e-01
   2.0000000e+00   3.8968832e-01   3.5147267e-01   1.2861975e+00  -1.6675557e+00   2.3021294e-01  -5.4702398e-01
   2.0000000e+00  -1.3105160e+00  -3.6082437e-01   9.6104601e-01  -7.6810891e-01   8.7596217e-01   1.4695256e+00
   2.0000000e+00   2.1549450e+00  -6.0400597e-02  -5.8804879e-03   5.2722244e-01  -7.0533615e-02   1.7043620e+00
   2.0000000e+00  -3.3420087e-01   1.0875983e+00  -8.7368663e-01  -2.2138539e+00   9.1871506e-01  -1.3911924e-01
   2.0000000e+00  -1.1681342e+00   1.0587185e+00  -3.7964229e-02  -1.7791156e+00  -1.7392182e+00   6.6588513e-02
   2.0000000e+00   1.2848669e+00  -1.5190660e-01  -2.7184907e-01  -1.3342214e+00  -1.4752894e+00   2.0725585e+00
   2.0000000e+00   1.2811080e+00  -1.2779456e+00   2.0805640e-01  -1.6016888e-01  -1.2324260e-01  -7.5931262e-01
   2.0000000e+00   6.7828121e-01   1.5079404e+00  -1.1598922e+00   4.2302492e-01   6.0882963e-01  -1.1368821e+00
   2.0000000e+00   2.9101353e-01  -1.7023440e+00  -5.4065165e-01  -2.8098077e+00   1.2391952e+00   2.4126267e-01
   2.0000000e+00  -4.4235970e-01  -3.4140012e-01  -5.8623624e-01   7.4289199e-01  -3.7237462e-01   3.5037313e-01
   2.0000000e+00  -1.4669688e+00   7.6954753e-02  -2.2124005e-01   2.2805256e-02  -2.2547089e+00  -2.0368425e+00
   2.0000000e+00  -9.5741876e-01  -7.0299386e-01   9.0894391e-01  -2.7113847e-01  -6.9007055e-01   9.2010131e-01
   2.0000000e+00  -4.6919580e-01   2.1767777e+00  -1.3903980e+00   1.7606924e-01   8.8945007e-02  -2.5385364e-02
   2.0000000e+00  -2.7198354e-01   8.1951981e-01   7.5807194e-01   1.0441779e+00  -4.1423721e-01  -1.4745670e+00
   2.0000000e+00   6.6599693e-01  -1.2996887e+00   1.2371237e+00   7.0686031e-01   1.3111850e+00   2.1645761e+00
   1.0000000e+00  -6.3855639e-01   3.5340253e-01   3.9582703e-01   2.2258056e+00  -5.3672082e-01   1.4756219e+00
   2.0000000e+00   1.3533036e+00  -1.3323330e+00  -2.4588864e+00   4.5206060e-01  -5.4816876e-01  -1.5043680e+00
   1.0000000e+00  -1.6930458e-01   3.8199708e-01   2.5275642e-01  -1.1100337e+00   3.1510182e-01   8.1593519e-01
   2.0000000e+00   2.0884933e-01  -7.5118183e-01  -1.8597658e-01   1.4999286e+00  -2.3006532e+00  -3.7033617e-01
   2.0000000e+00  -9.6244636e-01  -4.8114363e-01  -5.5638097e-02  -6.1846739e-01   7.0456889e-01   1.0383593e-01
   2.0000000e+00   8.5079011e-02   1.2330747e+00   1.1160670e-01   7.1113811e-01  -5.6295945e-01  -1.3446595e-01
   2.0000000e+00   4.4686443e-02   1.1221304e+00   1.0488566e+00  -7.2367190e-01   1.8424519e+00   1.8062848e-01
   2.0000000e+00  -2.7811668e-02  -1.8683107e-01  -1.6064986e-01  -5.0769721e-01  -1.1932662e+00  -9.7937488e-01
   1.0000000e+00   5.0991475e-01  -7.3623303e-01   4.6112337e-01  -7.3833096e-01  -5.1996394e-01   1.8100615e+00
   2.0000000e+00  -4.3499837e-01  -4.9670337e-01   9.4287657e-01  -1.3169488e+00   8.3507667e-01   9.8995600e-02
   2.0000000e+00   7.1763494e-01  -1.7184669e+00  -1.9251276e-01  -5.8779127e-01   1.7973821e+00  -7.6989980e-01
   2.0000000e+00  -1.7436752e+00   1.2433668e+00   6.8418594e-02   2.8837210e-01   8.4907088e-01   8.5772174e-01
   2.0000000e+00   3.2386607e-01  -8.5431902e-01  -1.2649232e+00   1.7657215e+00   7.5147639e-01  -7.5820081e-01
   2.0000000e+00  -5.7537357e-01  -7.3331039e-01   2.4814367e+00  -2.0928946e-01  -7.8408417e-01   9.4621845e-01
   2.0000000e+00  -8.4389108e-01   1.5891239e+00  -6.3684463e-01   7.2059202e-01  -1.1860288e+00   3.6764621e-01
   2.0000000e+00  -8.9572754e-01  -9.7613027e-01   6.0407265e-01  -7.7540291e-01  -2.9067279e-01   7.0300103e-02
   2.0000000e+00   8.4650868e-01   1.4007923e+00   1.3621376e+00  -2.2279463e+00   2.1531802e-01   8.0690560e-02
   2.0000000e+00  -7.0440085e-02   6.4676228e-01   1.0514721e+00  -8.3010463e-01   1.7766012e+00  -1.1193850e+00
   2.0000000e+00   2.0037293e+00   7.1592040e-01  -1.2552502e+00   1.1120807e+00  -6.0865243e-01   8.2251449e-01
   2.0000000e+00  -6.7075313e-01   9.7246820e-01   1.0591181e+00  -5.0638003e-01  -1.9929625e+00  -2.9417037e-01
   2.0000000e+00   4.5226694e-01   3.2492129e+00  -6.2776231e-01  -8.6447547e-01  -3.0426383e-01   3.3319700e-01
   2.0000000e+00  -1.1197776e+00  -9.8097554e-01   2.2495220e+00   5.5831113e-01  -4.6767045e-01  -3.2303398e-02
   2.0000000e+00   4.3396782e-01  -5.1260207e-01  -6.5509825e-01  -1.0055119e+00  -2.4180676e-01  -1.7610632e-01
   2.0000000e+00   1.1982231e+00   1.1256108e+00  -1.4854864e-01   3.0429568e+00  -1.3786266e+00   7.0288967e-02
   2.0000000e+00   1.8947077e-01  -1.1582322e-01  -3.3966931e-01  -4.4790621e-01   9.3671683e-01  -8.4533487e-02
   1.0000000e+00   1.7519766e+00   1.8784173e-01   3.4359916e-01   1.8594821e+00  -1.6411376e-01   8.3576181e-01
   2.0000000e+00  -3.1238146e-01   8.3612543e-01  -2.2999388e-01   2.8780692e-01   1.4305710e-01  -6.2464423e-01
   1.0000000e+00  -5.0842928e-01   6.5276365e-01   2.7814206e-01   1.3433191e-01  -7.7122132e-01  -8.7329826e-01
   2.0000000e+00  -1.9075808e-01  -7.3648589e-01   7.3844030e-01   4.5964152e-02  -8.3090201e-01   1.0709040e+00
   1.0000000e+00   1.1613175e+00   5.8858689e-01   4.6537253e-02   1.1637598e-01   1.0719620e+00  -1.3436177e-01
   2.0000000e+00   1.1928662e+00   1.4479494e+00   5.9137435e-01   9.6332036e-01   1.3248565e+00   8.0205208e-01
   2.0000000e+00   9.8719584e-01   2.8971619e-01  -6.3539871e-02  -1.3802327e+00   7.1630693e-01  -3.9377981e-01
   2.0000000e+00   8.8294396e-01   1.4179097e+00  -1.0725795e-01  -1.3105290e+00  -4.6463437e-02  -2.2050039e-01
   2.0000000e+00  -1.6057134e+00  -5.2985530e-01  -5.1908164e-02  -1.1807212e+00  -5.7554444e-01  -4.9720770e-01
   1.0000000e+00  -3.1714137e-02  -7.5372002e-02   4.1967782e-01   8.7610365e-01  -2.3465253e-01  -7.3921198e-01
   2.0000000e+00   1.2921748e+00  -1.0311998e+00   2.1713521e-01   4.2973129e-01   1.6182036e+00   3.2509991e-01
   2.0000000e+00   6.6808604e-01  -3.5087178e-01  -4.5093274e-01  -1.4800284e+00  -2.7219029e-02  -3.9634461e-02
   2.0000000e+00   1.9595614e-01  -1.4552165e+00   2.9967472e+00   1.1637921e+00   1.7686604e-01   6.7635937e-01
   1.0000000e+00   2.7320582e-01  -4.9027697e-01   7.5210574e-01  -7.2138703e-01  -1.3445853e+00  -2.9214559e-01
   2.0000000e+00  -6.7944202e-01  -5.0247907e-01  -1.4292231e+00  -1.9378782e+00   8.4901798e-01   9.9056205e-01
   2.0000000e+00  -9.9158768e-02  -3.5434032e-01  -1.1631398e+00  -3.8355697e-01  -6.4869836e-01   1.0559657e-01
   2.0000000e+00  -7.3920917e-01   2.6762019e-01  -2.3710629e-01  -1.4040466e-01   1.4526446e+00   1.7365974e-01
   2.0000000e+00   2.3427084e-01  -7.4966272e-02  -6.8366276e-01  -1.8744139e-01  -4.4679534e-01   9.7755889e-01
   1.0000000e+00  -2.2462955e+00  -2.7798192e-01   6.4980950e-01   1.9094702e+00  -6.4684667e-01   1.8989496e-01
   2.0000000e+00  -2.1665098e-01  -1.1760387e+00   1.4872247e+00   2.6842230e-02  -4.3115821e-01  -2.1648003e+00
   1.0000000e+00  -1.0807584e-01   5.5713969e-01   1.4820191e-01  -3.6064295e-01  -7.1953583e-01  -5.3191377e-01
   1.0000000e+00  -5.1809662e-01   1.7874852e-01   2.3796969e-01  -9.9699345e-01  -1.0142259e+00   3.1651313e-01
   2.0000000e+00  -1.2192178e+00   5.4905427e-02  -1.3736896e+00  -8.3946516e-01   1.0146995e+00  -1.4633982e+00
   2.0000000e+00   4.0534875e-01  -1.3800850e+00   1.1699690e+00  -1.0109250e-01   5.7522340e-01   1.3857853e+00
   2.0000000e+00  -4.2750361e-01  -3.4683514e-01   1.4116120e+00   1.3520904e+00  -5.9600307e-01   5.7442923e-01
   2.0000000e+00  -6.7225717e-01   7.6913795e-02  -2.2794689e-01   1.9913184e-01  -6.0382494e-01  -7.8450267e-01
   2.0000000e+00  -1.2218506e+00  -5.6781564e-02  -2.2003992e+00  -1.7589102e+00   1.4077112e+00  -6.6728182e-01
   2.0000000e+00   3.9243959e-02  -7.0531203e-01  -1.8171436e+00  -4.1089271e-01   2.3898040e-01   1.5261445e+00
   2.0000000e+00  -2.1715027e+00  -2.0858959e-01   7.6637730e-01  -3.1372199e-01   2.8965303e+00  -1.0706557e+00
   2.0000000e+00   9.7783473e-02  -1.9588657e+00   3.5057295e-01  -1.4507092e+00  -7.0099080e-01  -6.0771929e-01
   1.0000000e+00   7.6825907e-01  -5.8929675e-01   4.3161292e-02   1.8676460e-01   1.1951295e+00   4.7578094e-02
   2.0000000e+00   1.4964299e-01  -1.4798071e+00   5.7504393e-01   1.1503397e+00  -1.4863627e+00  -8.3186345e-01
   2.0000000e+00   1.6129523e+00   1.4381092e+00   1.0327377e+00  -5.9367892e-01   5.7547686e-01  -7.8977686e-01
   2.0000000e+00  -1.3780946e-01   1.5681105e+00   3.7261734e-01  -1.0367664e+00   1.1324397e-01  -9.8295783e-01
   2.0000000e+00  -1.2000409e+00  -6.8645181e-01  -2.2182154e-01  -9.2943287e-01   1.3866771e+00   8.8695853e-01
   2.0000000e+00   9.7488127e-03  -1.4744160e+00   1.9587998e+00  -2.1550942e+00   1.8903176e+00   1.7064443e+00
   2.0000000e+00  -4.5428722e-01  -1.2732809e+00  -2.0080281e+00   1.0003379e+00  -1.6045729e+00   1.5259510e+00
   2.0000000e+00  -4.4714586e-01  -1.5743583e+00   6.9220071e-01   6.0963969e-01  -5.2359045e-01  -1.6511774e+00
   2.0000000e+00  -1.6712395e+00   2.5107981e+00  -2.1825858e-01   2.3968569e+00  -1.4010492e-01  -6.9819516e-01
   2.0000000e+00   9.6634429e-01  -2.0474935e+00   6.9230993e-02  -3.8280827e-01  -2.5408489e-02  -8.7061010e-01
   2.0000000e+00   9.1590567e-02  -3.3728551e-01  -8.9005804e-02   3.4234720e-01   8.4408647e-02   1.0994166e+00
   2.0000000e+00  -3.7889982e-01   1.7818001e+00  -5.5489624e-01   2.4036657e-02  -2.0234018e+00  -4.4882951e-01
   2.0000000e+00   1.1782981e+00   1.2883876e+00   6.9943176e-01   1.2976446e-03   4.2523397e-01   9.6827365e-01
   2.0000000e+00   6.7843419e-01   5.7322154e-01  -2.4939148e-01  -1.5308053e-01  -1.4250569e+00   4.1170166e-01
   2.0000000e+00  -1.3025013e-01  -1.0190600e+00  -1.1990669e+00   1.0702974e+00   1.0491383e+00   5.8708623e-01
   2.0000000e+00   8.6269967e-01  -1.2154520e+00  -6.7860903e-01   1.8428644e-01  -2.2423169e-02  -1.2483482e+00
   2.0000000e+00   1.3593933e+00  -8.7315664e-01   1.5371565e+00  -3.6191545e-01  -3.4104880e-02   4.3361770e-01
   2.0000000e+00  -1.5723424e+00   2.4435123e+00   3.3205927e-01  -1.5314944e-01  -1.7322419e+00   5.9300222e-02
   2.0000000e+00  -2.6285126e-01   1.1787172e+00   4.5489610e-01  -6.7799333e-01  -8.4575534e-01   2.5069984e-01
   2.0000000e+00   5.2330499e-02  -1.0136363e+00  -6.6150865e-01  -7.1874447e-01   2.8377996e-01  -9.1892881e-01
   1.0000000e+00  -3.6422198e-01  -8.9238049e-01   4.0359834e-01  -2.8253837e-01   4.2772275e-01  -7.2524373e-01
   1.0000000e+00   1.0859906e+00  -8.3773494e-01   4.5403867e-02  -8.8134450e-02  -1.2160685e-01   1.4664331e+00
   2.0000000e+00  -1.2017750e+00  -1.7778801e-01  -3.2658705e-02   2.0592275e+00   3.4388446e-01  -4.1756901e-01
   2.0000000e+00  -2.2280099e-02  -2.5316254e+00  -2.5707778e-01  -1.0686796e+00  -8.8280488e-01  -5.3382975e-01
   2.0000000e+00   5.8550675e-01   7.3927250e-01   1.7416368e+00  -9.3326977e-01   1.1009523e+00  -1.0017698e+00
   2.0000000e+00   9.7214945e-01   1.2409067e+00   7.8562143e-01  -2.6838773e-01  -6.6821591e-01   9.9678132e-01
   2.0000000e+00   1.5710548e+00   2.3173172e+00  -9.3087658e-01  -6.6494470e-01   3.4378595e-01  -1.3846796e+00
   1.0000000e+00  -1.5916005e+00  -4.3882046e-01   1.6946235e-01   9.5400271e-03  -1.4649170e+00   1.1726046e+00
   1.0000000e+00   3.2683009e-01   2.7263154e-01   3.2412129e-01  -6.3035945e-01  -7.6235123e-01   3.6131283e-01
   2.0000000e+00   9.2494670e-01  -8.3855377e-01  -1.0665292e+00   9.0471990e-01  -5.3686714e-01  -3.9906124e-01
   2.0000000e+00  -4.4202834e-01  -3.5004244e-01  -5.1888945e-01   8.3272923e-01  -1.3657097e+00   1.6591935e+00
   2.0000000e+00   4.6261354e-01   4.0794717e-01  -4.5699742e-01   5.1220507e-01   7.8095969e-01  -4.6738593e-01
   2.0000000e+00  -6.6243672e-01   9.7871673e-01   3.2930057e-01  -7.7824608e-01  -1.9736375e-01   6.8025292e-01
   1.0000000e+00  -9.2164863e-01   1.0874487e-01   7.6162342e-01   5.4528470e-02   1.9316742e-01  -2.7355428e-01
   2.0000000e+00  -3.8850981e-01  -5.8140514e-01  -1.5374294e+00   5.5508166e-01  -1.0659204e+00  -1.4992158e-01
   2.0000000e+00  -5.9814694e-01  -1.7064924e-01  -8.4435230e-01   1.0143258e+00   1.0044143e+00  -6.5327964e-01
   2.0000000e+00  -4.1432057e-01  -9.6784599e-02  -2.5517058e+00  -1.3216315e+00  -1.2342231e+00   1.6678860e+00
   1.0000000e+00   4.7932588e-01   7.4183600e-02   4.4227532e-01   2.1184586e-01  -1.2451668e+00  -2.5279357e-01
   2.0000000e+00  -3.3056071e-01   1.8645331e-01  -8.8150043e-01   3.5775423e-01  -1.0099577e+00   9.0229076e-01
   2.0000000e+00  -7.7770198e-01   2.6882097e-01  -1.7876312e-01   4.0744963e-01   4.6376361e-01  -2.8343301e-01
   2.0000000e+00   1.1632300e+00  -1.0892353e+00  -1.0979515e+00   2.1443878e+00   3.5834067e-01  -1.6885180e+00
   2.0000000e+00  -1.9656272e-01   6.1741848e-01  -5.8530389e-01   6.4513416e-02   1.2542627e+00  -8.3829469e-01
   2.0000000e+00   3.0515086e-01   5.4060328e-01  -8.7620814e-01  -2.7271305e-01  -8.6949891e-01  -4.7651542e-01
   2.0000000e+00   2.5487092e-01   1.2904936e+00   4.1130679e-01   3.2418203e-02  -4.6221650e-01   9.4842717e-02
   2.0000000e+00   7.7408859e-01  -1.8961511e+00  -4.8126784e-01   1.7672682e-02  -2.9290384e-01  -1.7780888e+00
   2.0000000e+00  -4.4711863e-01   1.0608132e+00  -4.7590448e-03   4.9677040e-01   6.1327978e-01   5.0197489e-02
   2.0000000e+00  -1.4054585e+00  -9.1096222e-01   5.4967593e-01   7.7475216e-01  -2.0572702e-01   1.4107304e+00
   2.0000000e+00   1.2612959e-02   1.3783341e+00   1.2058340e-01   8.3610522e-01   1.5858024e+00  -1.0252406e-01
   2.0000000e+00  -3.9211635e-01  -4.5361090e-01   3.5456848e-01  -5.5866008e-02  -2.0449642e+00   4.1886244e-01
   2.0000000e+00  -9.9159351e-01  -3.0425876e-02  -1.3965641e+00   1.0322365e+00  -1.9972091e+00  -9.1123266e-01
   2.0000000e+00  -1.9707815e-01  -1.4578519e+00   3.7159473e-01   8.7537532e-01   1.6759035e+00   2.6732788e-01
   2.0000000e+00   1.2368334e+00  -2.2012596e+00   2.2303186e+00   5.0667999e-01   7.3949385e-01   4.3696159e-01
   2.0000000e+00   8.9062168e-01   1.7574939e+00  -9.1552818e-03   3.0131078e-01  -1.4035730e+00  -1.8544388e-01
   1.0000000e+00  -6.7336895e-01   3.0353662e-01   1.0516691e-01  -1.0419672e+00  -7.0047526e-01  -7.0285292e-01
   2.0000000e+00  -8.2170303e-01  -2.7753762e-01  -5.4760610e-01  -2.6177872e+00   1.2268218e+00   1.1729372e+00
   1.0000000e+00  -3.2492916e+00  -9.9043653e-02   3.4974733e-01   1.5912295e-01   9.7410471e-01  -1.3052661e+00
   2.0000000e+00   6.2264452e-01  -4.4546086e-02  -7.2000076e-01   8.2813265e-01  -2.5161178e-01  -1.8161345e+00
   2.0000000e+00  -1.5251821e-01   6.5626355e-02  -1.3692122e-01   1.6975929e+00  -8.3934238e-01   1.0718238e+00
   2.0000000e+00   7.0301686e-01  -2.2329641e+00  -4.5090238e-01   1.4695573e+00  -3.8735086e-01  -1.5164311e-01
   2.0000000e+00  -6.6512921e-01   7.0534374e-01  -4.7967327e-01  -8.1027355e-01   1.1569031e-01  -1.1715851e+00
   2.0000000e+00  -9.5346372e-01  -6.8203282e-01  -1.6275851e-01   1.3109113e+00  -6.0979177e-01   9.3046600e-01
   2.0000000e+00   8.9107537e-02   9.3364167e-01  -4.0785206e-01  -1.6117840e-01   2.3510975e-01  -6.9562534e-01
   2.0000000e+00   2.7080632e-01  -8.6771996e-01   1.4217202e+00   1.7018651e-01   4.9294458e-02   5.3066594e-01
   2.0000000e+00   3.2512498e-01  -1.2129730e+00  -1.1423986e-01  -1.0302979e-01  -1.1461080e+00  -1.4394752e+00
   2.0000000e+00  -1.0537055e+00  -1.3620949e+00  -2.8390127e-01   6.0646126e-01  -9.3728355e-01  -9.0556054e-01
   2.0000000e+00  -9.0388936e-01  -1.2563111e+00  -2.7790748e-02  -6.4763698e-01  -6.5864637e-01  -1.3699166e+00
   2.0000000e+00   8.3638832e-01   1.7008157e+00  -3.6680481e-01  -7.1287253e-01  -1.4509121e-01   8.9992546e-01
   2.0000000e+00   1.4736583e+00  -3.9705719e-01  -1.2853256e+00   5.4382608e-01   9.1240486e-01   5.4895813e-02
   2.0000000e+00   1.6771646e-01  -1.5273148e+00   6.8170337e-01   8.3621742e-01  -3.1709729e-01   9.9736764e-01
   2.0000000e+00  -3.0150524e-01   6.0225993e-02  -6.0184175e-01  -9.3003927e-02  -1.0502149e+00  -8.4107477e-01
   1.0000000e+00   2.8679948e-01   8.8341470e-01   6.3157490e-02   1.6595658e+00   2.4961537e-01  -2.3506011e-01
   2.0000000e+00  -6.1821531e-01   1.9052168e+00  -6.3432892e-01   4.8692491e-01  -1.7643160e+00   7.7839169e-03
   2.0000000e+00   1.7357559e+00   1.2182608e+00   1.0641560e+00  -1.6321950e-01   7.6997221e-01   1.4130637e-01
   1.0000000e+00  -1.7579717e-01   1.2728141e-01   5.7980857e-01   1.8171238e-01   6.3441715e-01   6.1515828e-01
   2.0000000e+00  -9.3985134e-01   2.4010773e+00   1.7499512e+00  -3.8326173e-02   4.6865661e-01  -2.5278461e+00
   2.0000000e+00  -1.0953451e+00   2.2404612e-02  -1.8929867e-01  -6.8326058e-01  -1.2576037e-01   3.5784315e-01
   2.0000000e+00  -4.0475481e-01   2.1071972e+00   4.1232159e-01  -7.6054048e-01  -1.5019621e+00   1.5746000e+00
   2.0000000e+00   6.0623051e-01   2.4258117e-01  -1.4745380e+00  -1.2416293e+00   1.4804283e-01   2.8488166e-01
   2.0000000e+00   1.3340686e+00   1.3262416e+00   8.4888136e-01  -4.2000996e-01   8.2295082e-01   1.5697126e+00
   1.0000000e+00  -7.5733944e-03   4.2006126e-01   6.1727108e-01  -2.1415906e+00  -1.3512692e+00  -6.7216699e-01
   2.0000000e+00  -3.0361154e+00  -6.4599880e-01  -5.2253098e-01   5.9593394e-01   3.3395564e-01   3.0726166e-01
   2.0000000e+00   4.1154906e-01  -9.8724959e-01  -4.0457755e-01  -5.3567218e-02  -8.3905443e-02  -4.2052235e-01
   2.0000000e+00   1.4964169e+00   2.2931258e+00  -1.7097719e+00  -7.6580959e-02  -2.0569653e+00  -2.1602330e-01
   2.0000000e+00   5.2849859e-01   1.2433122e+00   1.4298174e+00   2.5930750e-01   4.8509763e-01   1.4254651e+00
   2.0000000e+00  -2.2059302e-01   1.7251506e+00   5.7537033e-01   2.0131453e+00  -5.3891193e-01   1.0385389e+00
   2.0000000e+00  -1.1258775e+00  -5.0571473e-01  -5.4457492e-02  -5.5151726e-01   1.6527254e+00   1.0634414e+00
   2.0000000e+00  -5.3461050e-01  -1.0494635e+00   9.6362514e-01  -8.0473539e-01  -9.0281582e-01   9.1327724e-01
   1.0000000e+00   8.8719562e-02  -1.4903532e-02   8.9354272e-01  -8.9782613e-01   1.1941066e-01   7.3191066e-01
   2.0000000e+00  -4.7787722e-01  -7.3260371e-01  -6.4343991e-01  -1.2180895e-01   2.5807307e+00   8.8170266e-01
   2.0000000e+00   1.5774003e+00  -1.7674538e+00   7.7665274e-02   1.6129871e+00  -2.1743812e-01   1.6630914e+00
   2.0000000e+00  -1.3344850e+00   1.6562845e+00   8.9161681e-01  -6.0629567e-02  -1.4056800e+00   9.7770078e-02
   2.0000000e+00   7.9153413e-01   1.4544753e+00  -2.4409539e-01  -1.0381064e+00  -1.8271860e+00   3.5996973e-01
   1.0000000e+00  -1.2646085e-01   6.6799466e-01   9.1168993e-02   2.5859128e-01   1.4723803e-01  -4.7232033e-01
   2.0000000e+00   6.8314446e-01   1.6224153e+00   1.5640903e-01   2.0622266e+00   1.8932355e+00   1.4164176e+00
   1.0000000e+00   2.1564414e-01  -3.4590483e-01   8.5477878e-01   1.2057911e-01  -1.6105849e+00   6.7979085e-01
   2.0000000e+00   1.6058635e-01   1.1428947e-01  -3.5001029e-01  -1.0287892e+00   5.0187151e-01   4.9494075e-03
   2.0000000e+00  -1.9404313e-02   9.0983286e-01   5.5270351e-01   1.2638939e+00  -1.3741182e-01   6.8950093e-01
   2.0000000e+00   3.7062060e-01  -9.3509493e-01  -4.9174669e-03   8.9400346e-01  -4.2132535e-01   6.7688428e-01
   2.0000000e+00  -4.9518963e-01   5.4456933e-01  -2.0113682e-01  -1.3778836e+00  -1.7651529e+00  -2.2699569e+00
   1.0000000e+00   5.8140720e-01  -9.1886531e-01   2.3191309e-01   1.2434281e+00  -5.1993530e-01  -6.5061691e-02
   2.0000000e+00   5.0527431e-01   2.5995813e-01  -2.2989763e-01   8.5568806e-01  -3.7330265e-01  -4.8199581e-01
   2.0000000e+00   2.4197070e+00  -3.6938433e-01  -1.3376950e-01  -6.3302089e-01   8.3088169e-01   6.8450362e-01
   2.0000000e+00   1.2468225e+00  -5.3944633e-01  -2.4853487e-01   1.0310027e+00   1.0315060e+00   1.7252425e-01
   2.0000000e+00   1.0971209e+00  -1.2322493e-01   1.7246268e+00   1.6585289e+00  -4.2276305e-01  -6.8712402e-01
   1.0000000e+00  -1.2012267e+00  -4.0640829e-01   3.3756706e-01   6.4500650e-02   1.5034134e-01   5.1061078e-02
   1.0000000e+00  -1.3861129e+00  -3.2049048e-01   6.6502381e-01  -4.0092582e-01   1.2618669e+00  -1.1197389e+00
   1.0000000e+00  -1.1197904e-01  -2.9125974e-01   2.0457972e-01  -6.6913989e-01  -3.2086893e-01   4.6088867e-01
   2.0000000e+00   5.9326084e-01   5.4421064e-01  -5.6393396e-01  -3.4841901e-01   6.9837754e-01   1.2097055e-01
   2.0000000e+00   2.2766032e+00  -1.2689245e+00  -5.6585336e-01  -1.2055483e-01   5.5366010e-01  -6.7057357e-02
   2.0000000e+00   8.0937978e-02   2.0383397e+00   1.6573710e-02   1.0746963e+00   1.0277607e+00  -4.0796999e-01
   1.0000000e+00  -5.0263880e-01   1.4570114e-01   3.6417958e-01  -1.0793290e+00   1.2141772e+00  -7.7877216e-01
   2.0000000e+00  -1.5655423e-01  -3.3323030e-01  -1.2140569e+00   1.3882939e-01   1.4874566e-01   3.3352726e-02
   2.0000000e+00   1.1209045e-01   1.9418966e-01  -6.3780632e-01  -5.2438222e-01  -1.6493453e+00  -2.8706504e-01
   2.0000000e+00   6.1472296e-01  -9.3963916e-02  -3.7415768e-01   6.1400497e-01  -7.2801499e-01   4.3148099e-01
   1.0000000e+00  -8.4741891e-01   2.5413015e-01   4.4712281e-01  -6.6376901e-01  -7.1739225e-01  -1.8338032e-01
   2.0000000e+00  -3.3782618e-01  -1.1410772e+00  -4.7412244e-01  -6.7235072e-02  -7.8304076e-01  -8.3437832e-01
   2.0000000e+00  -6.1465377e-01  -1.8149163e+00  -8.7236419e-01  -1.2907331e+00  -7.1462672e-02  -8.5730729e-01
   2.0000000e+00   5.1821585e-01   4.1286037e-02   3.2018507e-01   2.3814582e-03   2.2374498e+00   1.7465427e+00
   1.0000000e+00   1.1319245e+00  -3.2910447e-02   3.4078343e-02  -2.8396549e-01   1.9844109e+00   1.1273950e+00
   1.0000000e+00  -4.2719901e-01  -3.8023185e-01   1.0642955e-01  -3.0673986e-01   2.3482693e-01   8.4031725e-01
   2.0000000e+00  -1.2219059e-01   4.6402417e-01  -1.5020715e+00   2.4253221e+00   1.6351288e+00   1.7647795e+00
   2.0000000e+00  -2.1522448e+00  -1.9095124e+00  -1.4968687e+00  -6.3373759e-01   6.6579701e-01  -7.2957577e-01
   2.0000000e+00   1.7657712e+00  -2.0757746e+00  -8.9448304e-01   4.8591864e-01  -8.6344480e-01   8.7511119e-01
   2.0000000e+00   2.0367890e-02  -7.4950137e-01   7.7238381e-01   1.0933679e+00   8.7073801e-01  -7.5882637e-01
   2.0000000e+00   1.7968949e-02  -1.5930095e+00  -2.6048972e+00   2.0768415e-02  -1.9322398e+00   1.2490047e-01
   2.0000000e+00   6.7426634e-01  -5.3143173e-01  -3.2924031e-01  -1.1258507e+00   5.6387560e-01   5.1288825e-01
   2.0000000e+00   1.7949885e+00   1.1963296e+00   1.7103821e-01  -1.2440504e+00   1.9803471e+00   3.6662582e-02
   2.0000000e+00  -8.5597234e-01  -2.2816147e+00  -1.9132799e+00   1.9876961e+00  -3.5472314e-01  -1.9822087e+00
   1.0000000e+00   3.0240442e-01   4.2932224e-02   3.3153868e-01  -4.4804272e-01  -1.6226421e+00  -3.3448559e-01
   2.0000000e+00   4.8468458e-01  -5.0584640e-01  -7.2296987e-01   2.4923272e+00  -1.3109365e-01   3.0756954e-01
   1.0000000e+00   5.1311606e-01   2.1506411e-01   5.0007985e-01  -4.3994486e-02  -5.8799287e-01   5.2319327e-01
   1.0000000e+00  -4.1866074e-01   3.3043781e-01   2.7229645e-01  -9.4319243e-01  -1.2609780e+00   6.7641322e-01
   2.0000000e+00   1.1489068e+00   1.6819348e+00   3.6488821e-02   9.7806845e-01  -1.7217065e+00   2.3627000e-01
   2.0000000e+00  -1.1405983e+00   1.1052450e-01   2.8804917e+00  -9.6367025e-01  -5.5470508e-02   7.1657674e-01
   2.0000000e+00   3.8538250e-01  -8.1670921e-01  -1.2640788e+00   2.6385266e-01  -9.3230731e-01  -3.9366240e-01
   2.0000000e+00  -2.0576776e-01  -2.7957121e-02  -1.1546770e-01   8.9999676e-01  -2.3960259e+00   1.7541947e-02
   1.0000000e+00   3.8675949e-01  -9.4952162e-01   5.5610696e-02   1.5440492e+00  -5.3500896e-02   1.3548239e-01
   2.0000000e+00   1.2622854e+00   1.3744876e+00   1.2857349e+00   1.6167981e-01   2.5178100e+00  -8.3159735e-01
   1.0000000e+00   6.6380840e-01  -3.1201090e-01   1.6382596e-01  -1.4743762e+00  -7.0603126e-01  -2.4761722e-01
   1.0000000e+00  -7.8621847e-01   1.3219793e-02   8.1597651e-01   1.7401824e+00  -9.7097213e-01  -1.0781806e+00
   2.0000000e+00  -5.7994078e-01   1.5100618e+00  -4.7000138e-01   3.1598151e-01  -6.8361176e-01   3.8545214e-01
   2.0000000e+00   2.2681167e-01   3.2142002e-01   9.6505646e-01  -4.4796162e-01  -1.0116082e-01   1.6948508e+00
   2.0000000e+00   5.3900047e-01   9.2746641e-01  -1.0256843e-01  -8.3240519e-01   1.3960580e+00   3.0729714e-01
   2.0000000e+00   1.9784825e-03  -1.5221768e+00  -3.6919305e-01  -4.7562891e-01  -2.0276522e-01  -1.5547823e+00
   2.0000000e+00   1.3044806e+00  -1.1097770e+00  -1.1879949e+00   4.0802919e-01  -8.3897768e-01  -1.1357622e+00
   2.0000000e+00  -6.4604271e-01  -8.6993279e-01  -1.1929842e+00   3.5051724e-01  -1.6363553e+00  -9.0111975e-01
   2.0000000e+00  -1.4734618e+00   1.5265684e+00   8.4540872e-01   2.2370282e+00  -8.1776014e-01  -1.2386211e+00
   2.0000000e+00   4.2391404e-01   5.1339448e-01   9.0260482e-01   7.5065764e-01   1.7575190e-01   1.4037434e+00
   2.0000000e+00  -1.0498012e+00  -8.8127759e-01  -8.7493802e-01   4.5090207e-02  -2.8401140e-01   2.8267010e-01
   2.0000000e+00   9.8898815e-01   1.5769351e+00   3.5581864e-01   1.3174845e-01   1.1496418e+00   5.1461390e-01
   2.0000000e+00  -9.6069989e-01   6.8268709e-02  -7.1722266e-01  -1.0689596e+00  -2.9898668e-01  -7.1977656e-01
   2.0000000e+00   8.1848123e-01  -1.8994311e+00   1.6146594e-01   1.0680178e+00   9.5219448e-02   4.8792356e-01
   1.0000000e+00  -1.0416289e-01   2.3392337e-01   4.4638518e-01  -4.7894074e-01   1.0841473e+00  -1.9426261e-01
   1.0000000e+00   1.6655754e-02  -5.9646205e-01   7.8165275e-02   6.7677459e-01  -5.7187822e-02   2.2284646e-01
   2.0000000e+00  -5.6414435e-01  -3.1605935e-01   1.2323062e+00  -5.9368696e-01  -1.5971972e+00   6.7219808e-01
   2.0000000e+00   7.2606069e-01   1.0965192e+00  -2.6064596e-01   9.1632555e-01   6.1108507e-03   3.1640785e-01
   2.0000000e+00  -1.4729698e+00   1.2497301e+00  -7.6304714e-01   3.2211303e-02  -2.0157586e+00   1.0477824e+00
   2.0000000e+00   1.7870226e+00  -2.7296753e-03   1.7985855e+00   1.4939814e+00  -8.3066946e-01  -1.0645123e+00
   2.0000000e+00  -2.5918814e+00  -3.3474407e-01  -4.7121273e-01   5.4533198e-01   1.4467955e+00   8.2338688e-01
   2.0000000e+00  -7.4648418e-01  -1.2821964e-01  -1.1820009e+00  -5.2075661e-01  -4.1927540e-01   5.3049088e-01
   2.0000000e+00   1.1477275e+00   1.3138552e+00   8.0625115e-01   9.6601884e-01   7.6910254e-01   1.9836604e+00
   2.0000000e+00   7.8427699e-01  -3.3922030e-01   1.3753654e+00  -3.5329080e-01   4.9022696e-01   1.7356424e-01
   1.0000000e+00  -6.8656559e-01  -1.1442521e-02   5.6018412e-01   1.9725489e+00  -1.2357207e+00  -1.3474123e+00
   2.0000000e+00   1.2984426e+00  -2.7977890e-01  -5.5163120e-01   2.5350080e-01  -1.2940371e-01   7.1482590e-01
   2.0000000e+00   1.4133284e-01   1.3058250e+00   6.1901434e-02  -5.9077600e-02   1.4636235e+00   2.2973067e+00
   2.0000000e+00  -9.7647949e-03  -1.9181875e-01   1.4919374e+00  -1.0777536e+00  -1.1168077e-01   1.8799994e+00
   2.0000000e+00  -2.6289231e-01  -9.4547768e-02  -4.9491764e-01  -4.9142682e-01   1.3825788e+00   1.9618883e+00
   2.0000000e+00  -5.1762805e-01   5.9725390e-01  -1.0084704e-01  -1.9302507e+00   1.6077382e+00  -2.0782168e-01
   2.0000000e+00  -1.6233749e+00  -5.2265046e-01  -1.5127277e+00   7.2828567e-01  -5.9550604e-01  -6.3827721e-01
   1.0000000e+00   1.6531719e+00   2.5395958e-01   1.7239747e-01  -4.6495747e-01   1.3372651e-01   2.4899492e-01
   1.0000000e+00   1.6984460e+00   3.6725955e-01   2.3876514e-01  -1.3333433e+00  -8.3405436e-01  -1.2031995e+00
   2.0000000e+00  -2.5864254e-01   1.0878425e+00  -1.3066216e+00  -1.3358369e-01  -1.4944398e+00  -1.1578533e+00
   2.0000000e+00   1.0140692e+00   1.5503303e+00   5.6899270e-01  -3.5131760e-01  -2.5794300e-01   1.5838220e+00
   2.0000000e+00   1.3664366e+00  -1.5300440e+00  -1.4778870e+00   4.9907592e-01  -1.5398825e+00   2.3926351e-02
   2.0000000e+00  -1.8995455e-01   1.4737154e+00  -6.4155115e-01   2.2301974e+00  -2.0532930e-01   1.2077527e+00
   2.0000000e+00  -6.6210278e-01   1.9220742e-02  -1.5544459e+00   1.3054746e-01   3.2254396e-01  -1.6377225e-02
   2.0000000e+00   1.3374621e+00  -2.0053391e+00   1.1949621e+00  -1.6590420e-01   6.5394424e-01  -2.0495084e+00
   1.0000000e+00  -7.7613156e-02  -5.7172524e-01   3.0953094e-01   1.7324479e-01   1.9325712e-01  -1.4605803e+00
   2.0000000e+00  -6.4063916e-01   1.6177841e-02  -2.5545220e+00   1.2602052e+00  -1.7220125e+00  -7.0049363e-01
   1.0000000e+00  -2.4796137e+00  -4.6320660e-01   1.1464990e-01  -7.7357923e-01  -1.0335365e+00  -7.2346146e-01
   2.0000000e+00  -4.4451037e-01   8.4206459e-01  -1.7544141e-01  -4.7430462e-01   1.4603390e+00   1.5212580e+00
   2.0000000e+00   5.4913471e-01  -2.0504671e+00  -1.3717034e-01   1.2917229e+00   5.9427184e-01   2.2739095e-01
   2.0000000e+00  -3.8647140e-01   8.3654483e-01   1.3191988e+00  -1.7773716e+00  -1.5135131e+00  -3.9195134e-02
   2.0000000e+00   5.1640748e-01   1.3966754e+00   1.4813738e-01   2.5985768e-01  -6.5132657e-02   4.8659731e-03
   2.0000000e+00  -1.1390196e+00  -1.5887221e+00  -3.0325598e-01  -5.9020569e-02   2.6048758e-03   3.9929793e-01
   2.0000000e+00  -8.3340776e-01  -7.0606442e-01  -9.7394367e-02   1.0180026e-01   1.2909745e-01   6.8217421e-01
   2.0000000e+00  -4.6886871e-01   7.6195619e-01   1.9271592e+00   1.0982499e+00  -3.1060034e-01  -5.9626818e-01
   2.0000000e+00   3.1610557e-01   2.1138440e+00   1.6007076e+00   8.1222333e-02  -1.6263594e+00  -2.8914811e-01
   2.0000000e+00  -9.6621454e-01   3.1805777e-02  -1.6623836e+00  -2.0144383e+00   4.7266538e-02  -4.7626707e-01
   2.0000000e+00   2.9704881e-01  -1.3915581e+00   1.4274349e-01  -6.1025482e-02   3.1922777e-01   8.4351753e-01
   2.0000000e+00   1.8096528e-01   1.0368253e+00  -7.0812187e-01  -1.2275417e-01   4.8648267e-01   9.4639056e-01
   2.0000000e+00  -1.1746015e+00   7.7172747e-01  -6.9568939e-01  -1.1629472e+00  -1.9198762e-01   2.3233078e-01
   2.0000000e+00   4.4311696e-01  -9.9580342e-01  -1.7810394e+00   7.0675232e-01   8.9141740e-01  -9.8400326e-02
