   2.0000000e+00  -4.7158143e-01  -6.2737989e-01   1.2670766e+00   1.1478538e+00  -6.0098657e-01   5.0111561e-01
   2.0000000e+00   8.9546318e-01  -7.7962543e-01  -5.4816964e-02   1.1571215e-01   1.8580454e+00  -3.0539264e-01
   2.0000000e+00   1.6254676e+00   1.1806798e+00   3.1517165e-01   3.2269141e-01   4.3733574e-01  -7.0139119e-02
   2.0000000e+00   4.4474268e-01   1.1505046e+00   1.6807873e-01  -1.0153479e+00   9.4152328e-01  -1.5977163e+00
   2.0000000e+00   2.6331165e-02   7.6383676e-01   1.1304212e+00   7.6394913e-01   7.1354095e-01   1.3350676e+00
   2.0000000e+00   3.9922937e-01  -1.3154007e+00  -4.3705704e-01  -5.3697946e-01   6.0160527e-01  -2.4729488e-02
   2.0000000e+00  -5.2295805e-01   9.2889009e-01   1.2354597e+00  -5.4276596e-01  -2.0918221e-01   9.0894137e-02
   2.0000000e+00  -3.2431049e-01   3.9242743e-01  -5.3854917e-01   3.1466726e-01  -2.4778100e+00  -9.9009033e-01
   2.0000000e+00  -1.4366261e+00   3.4227051e-01  -7.0228219e-01   1.5612205e-01  -1.1061884e-02  -5.6371127e-01
   2.0000000e+00  -3.8641308e-01   1.4791626e+00   1.9369386e-01   6.6366671e-01   8.4302345e-01   4.6123962e-01
   2.0000000e+00   1.1275231e+00  -2.0033181e+00  -1.8977382e-01   1.3195682e+00  -4.5484827e-01   1.9558638e+00
   2.0000000e+00   4.7678363e-01  -4.3137222e-01   9.9095851e-01   7.4384823e-01  -4.7459185e-01  -1.3979751e+00
   2.0000000e+00   6.0601660e-01  -1.5886251e+00  -2.2859610e-01   3.7179152e-01   1.0511417e+00   1.5448764e-01
   2.0000000e+00  -3.2007922e-01   1.1038456e+00  -1.3694624e+00   1.9386081e+00  -5.5728420e-01   2.4776824e-01
   1.0000000e+00   5.2971905e-01  -9.2548841e-01   2.2442672e-01   5.3233611e-01   7.0822288e-01   1.2862596e+00
   2.0000000e+00   5.5056205e-01  -1.4751117e+00   1.6626429e-01  -2.0493970e-01  -1.3112153e-01  -7.4931307e-01
   2.0000000e+00  -5.9009698e-01   1.7721149e+00   8.6058573e-01   1.2910826e+00   7.2983081e-01  -1.1883238e+00
   1.0000000e+00  -6.9475591e-01   6.9778416e-02   1.9491981e-01   1.2024992e+00  -6.9872654e-01  -8.5570834e-01
   2.0000000e+00   1.7272453e-01  -1.8967012e+00  -4.7714044e-01   1.7228044e+00  -1.4292080e+00   3.3990568e+00
   2.0000000e+00  -4.5625333e-01  -7.0417719e-01   9.1790185e-01   1.5334967e-01   1.1001969e+00  -1.4586887e+00
   2.0000000e+00  -4.8781784e-01   9.4918350e-01   1.1337178e+00  -9.1971852e-01  -3.3894245e-01   3.6956835e-01
   2.0000000e+00   1.8646301e+00  -2.1402479e+00  -8.0584002e-01   5.5532607e-01   5.0318516e-01   7.9145269e-01
   2.0000000e+00  -6.5868197e-02  -2.4262055e+00  -6.8685648e-01   1.0254259e+00   1.6430405e+00   8.8928500e-01
   1.0000000e+00   3.5145418e-01   8.0581041e-01   4.8927369e-01  -2.2012052e+00  -8.5978963e-02  -4.5001472e-02
   2.0000000e+00  -6.2161785e-01   1.5189901e+00  -1.8458464e-01  -2.5281979e+00  -1.4380878e+00  -6.0368510e-01
   2.0000000e+00   6.6706458e-01   9.3647353e-01  -6.6549936e-01   8.4569377e-01   1.9473367e+00   3.2849079e-01
   2.0000000e+00  -1.4454009e+00  -1.7779328e+00  -1.4304695e+00   4.9159968e-01  -2.8016737e+00   1.5739874e+00
   2.0000000e+00   1.1287045e+00  -3.0627888e-02  -2.6004081e+00  -1.0436408e+00   1.3147985e+00   1.6482721e+00
   2.0000000e+00  -2.1256974e-01   1.4180819e-01  -1.6655717e-01   8.0721033e-01   1.5583797e+00   1.6243594e+00
   2.0000000e+00   2.1820647e-01  -4.9902733e-04   1.8262504e+00   9.0402865e-01   2.3332519e-01  -3.1094763e-01
   2.0000000e+00   1.3388835e-01  -8.6623561e-01   2.0571987e+00   3.2687178e-01  -7.9250709e-01  -4.4467591e-01
   1.0000000e+00  -3.0309256e-02  -2.3790648e-01   2.3639011e-01   2.1162654e+00   4.1052729e-01   4.4480744e-02
   1.0000000e+00  -1.2545341e+00  -4.2298798e-01   2.8877984e-01  -2.6707709e-01   8.2298258e-01  -9.4703941e-01
   2.0000000e+00  -6.3594299e-01   1.4395285e+00   1.0710912e+00  -1.2330742e+00   2.6238607e-01   9.4284828e-01
   2.0000000e+00  -1.8856221e+00  -1.1143123e+00   1.1625289e+00  -1.0631036e+00  -6.0956217e-01  -2.0043510e+00
   2.0000000e+00   5.7666460e-01  -1.5514313e+00   1.0113490e-01   1.5536921e+00   1.9621744e-01   1.2172174e+00
   2.0000000e+00   9.6413431e-01  -1.3044254e+00  -1.9483734e+00  -4.4606892e-01  -2.8983963e+00  -6.6647127e-02
   2.0000000e+00   5.3366884e-01  -1.6832142e+00   2.6050036e-01   2.3541619e-01   1.3267019e-01   6.1150253e-02
   2.0000000e+00   4.3850521e-01  -1.8790298e+00   2.9903117e-02   1.7716588e+00  -9.6433419e-02  -1.2142759e-01
   2.0000000e+00  -1.4783642e+00   6.7647572e-02   1.6342653e+00  -1.1369955e+00  -2.4720247e-01  -2.3418052e-01
   2.0000000e+00   1.2926100e+00   1.4378278e+00   9.4965453e-01   7.2118810e-01  -2.9472500e+00  -8.5004569e-02
   2.0000000e+00  -4.8992604e-01   1.0408895e+00   8.6816182e-01   1.4776206e+00  -1.5503351e+00  -5.0944121e-01
   2.0000000e+00  -2.8758367e-01  -1.9640872e+00  -4.7888314e-02   1.4553940e-01  -3.8473243e-01   5.0514802e-01
   2.0000000e+00   1.0607813e+00  -9.2712454e-01   8.3104545e-01   1.5324199e+00  -2.1567728e-01   3.8870891e-01
   2.0000000e+00  -4.7508084e-01   1.1065452e+00  -6.8521805e-02   7.0650111e-01   1.1938435e+00  -4.9857757e-01
   2.0000000e+00  -6.5002128e-01   1.3106275e+00   1.1568924e+00   1.8644099e-01  -5.3649008e-01  -1.6729043e-01
   2.0000000e+00  -1.0569442e+00   1.4218472e+00   1.3766476e+00  -2.8749638e-01  -8.4429879e-01   7.7598228e-01
   2.0000000e+00  -3.0428675e-01   3.1986194e-02  -1.5318860e+00   1.4551054e-01  -2.1365487e-01  -4.3779441e-01
   2.0000000e+00   7.1082374e-02   8.3025669e-01  -4.7816819e-02  -1.2148600e+00   6.3805705e-01  -2.0139229e+00
   2.0000000e+00  -5.4031979e-01   1.3201378e+00  -1.6397875e+00  -4.5072241e-01  -2.2498091e-01   7.6268049e-01
   2.0000000e+00  -1.1919653e+00  -5.6639635e-01  -8.5008275e-01   4.7162455e-01   7.1797551e-01  -1.8313294e+00
   2.0000000e+00  -1.9507867e-01   1.1443099e+00  -1.0424263e+00  -3.5268873e-01  -3.6119639e-02   1.0872345e-04
   2.0000000e+00   3.5950195e-01  -8.1492485e-01   1.5581382e+00  -3.2418973e-01   1.8417446e+00  -1.0600009e+00
   2.0000000e+00  -3.2436547e-01   3.7883809e-01  -5.4769342e-01   7.9109423e-01  -6.6970829e-01  -2.0484356e-01
   2.0000000e+00   1.3975362e+00   1.2536345e+00  -2.2446106e+00   2.3037162e+00  -9.0686981e-01   7.9648171e-01
   2.0000000e+00  -4.5090398e-01  -1.2623318e+00  -1.3385244e+00   4.2472905e-01  -1.8179082e+00   1.3804181e+00
   2.0000000e+00  -5.4643170e-01  -1.2099734e+00  -4.6966984e-01  -1.2511060e+00   1.0401767e+00   1.1089765e+00
   2.0000000e+00  -8.6996618e-01  -1.0699397e+00   1.8737284e-01  -5.3364918e-02   1.0286536e+00   4.3051892e-01
   1.0000000e+00   1.0007781e+00   1.7590382e-01   7.6459942e-01  -1.2828973e+00   5.2116893e-01   1.2853482e+00
   2.0000000e+00  -1.9189968e+00   9.4943336e-01   3.7124018e-01  -4.0119626e-01   7.7091208e-02  -1.1205998e+00
   2.0000000e+00   1.5338552e+00   1.1360815e+00  -8.2813531e-01  -7.5406878e-01  -7.5309328e-01   1.8113290e+00
   1.0000000e+00   4.1083563e-01  -7.6799950e-01   6.0977322e-01  -1.8011416e-01   3.5413717e-01  -3.0938223e-01
   2.0000000e+00  -6.9190561e-01   1.2518871e+00   5.5625317e-01  -1.0350923e-01  -2.4445720e-01  -1.8639746e+00
   2.0000000e+00  -2.0974325e+00   9.7547037e-01  -2.2783752e-01   1.2228205e+00  -1.8075705e+00  -5.9285244e-01
   2.0000000e+00   2.7114021e-01  -4.2456421e-01  -6.0609374e-01  -5.2518863e-01  -2.5251896e+00   1.5638005e+00
   2.0000000e+00  -3.6440415e-01  -4.0051991e-01  -1.0216563e+00   4.2094544e-01  -1.0563706e+00   4.3162664e-01
   2.0000000e+00  -3.3127939e-01   1.9028873e+00  -6.3041374e-01  -1.1498340e-01   1.6286901e+00   7.1717944e-01
   2.0000000e+00  -1.5807659e-01   1.1185804e+00  -5.0719074e-01   8.1545921e-01   6.4737449e-02  -1.1525439e+00
   2.0000000e+00  -1.9949665e-01   2.1343199e+00  -5.4520216e-01  -5.8198637e-01   5.0962631e-02  -1.1251295e+00
   2.0000000e+00  -1.0119220e+00   1.2898414e+00   1.0715800e+00  -2.2855157e-01  -1.2909167e+00  -7.2911805e-01
   2.0000000e+00   1.8029205e+00  -6.5833267e-01  -8.7634601e-01   1.4062645e-01  -1.1106738e-01  -5.3056512e-01
   2.0000000e+00   9.8536419e-01   5.5225413e-01  -6.7443677e-01   1.0959824e+00  -5.4728889e-01  -2.8304425e-01
   2.0000000e+00   1.1747133e+00   2.0003264e-01   1.3520120e+00  -1.3501697e+00  -2.0698797e+00  -2.1674404e+00
   2.0000000e+00   4.5893763e-03   1.4569656e-01  -4.9377899e-01   3.0404424e+00  -1.0884945e+00   4.0316851e-01
   1.0000000e+00  -1.0021726e+00  -8.6207882e-02   4.0190640e-01  -5.3902775e-01  -4.1858461e-01  -1.0235721e+00
   2.0000000e+00  -2.6663094e-01   1.6116005e+00  -9.9473927e-01  -2.6444783e-01   1.3868326e+00   1.3995862e-01
   2.0000000e+00  -1.4048614e-02   1.6052321e-01   1.3690121e+00   1.5181215e-01   2.4382600e-01  -2.3169177e-01
   2.0000000e+00  -9.7040804e-01   4.5139557e-03   1.3556603e+00   1.2312809e-01   4.8808038e-02   8.0978208e-01
   1.0000000e+00  -1.5214667e-01  -8.1875206e-01   1.4775647e-01  -9.1147699e-01  -1.2338619e-01  -5.9000263e-01
   1.0000000e+00   1.5063676e-01   1.2983665e-01   3.4346759e-01  -6.2116154e-01  -9.7150109e-01  -4.8776006e-01
   2.0000000e+00  -1.1969509e+00   5.4281394e-01  -8.3615658e-01   1.1974856e+00   5.3477353e-01   7.9445730e-01
   2.0000000e+00   4.0219384e-01   1.0449452e+00  -1.0714799e+00  -3.0564716e-01   2.2428916e+00  -1.1337570e+00
   1.0000000e+00  -1.6492168e-01   1.5369108e-01   7.2814639e-01  -4.8059997e-01   3.7045002e-01   3.9783575e-01
   2.0000000e+00   1.2203263e+00   2.3696778e-01  -1.1084999e+00  -1.0393445e-01  -3.7321636e-02  -4.0881250e-01
   1.0000000e+00  -1.0294060e+00   6.5134435e-01   9.5134804e-02   7.0166778e-01   1.5955447e-01  -1.9605615e-01
   2.0000000e+00  -6.3022493e-01   1.3872064e+00  -5.5391855e-01   1.3396134e-01   1.2980509e+00  -3.1284304e-01
   1.0000000e+00  -3.8456145e-01   5.4064811e-01   5.7951822e-01   5.4148270e-01   8.4155828e-01   1.1759207e+00
   2.0000000e+00   9.2417753e-01   5.1338844e-01   1.1276430e+00  -1.8013414e+00   4.5991375e-01   3.2797732e-01
   2.0000000e+00   9.0352764e-01   9.6669712e-01  -1.4995951e-01  -2.4795039e-01  -8.3422106e-01  -1.8235258e+00
   2.0000000e+00   4.8457162e-01   4.2183026e-01  -3.1342054e-01  -1.6974592e-01  -1.7246670e-01  -7.6800048e-01
   2.0000000e+00  -1.4202982e+00  -8.6387028e-01  -1.2546550e-01  -3.7439427e-01  -4.9632605e-01  -1.4359314e+00
   2.0000000e+00  -9.9590092e-01   6.7689600e-01   2.0942323e+00   3.1016290e-03  -1.1132459e+00   5.9710798e-01
   1.0000000e+00   1.7844789e-02   7.2291711e-01   3.8221810e-01  -4.8277785e-01   3.5645267e-01  -3.8811235e-01
   1.0000000e+00   1.0177032e+00   1.3305012e-01   5.2689110e-01  -1.0577345e+00  -1.2847914e+00   1.9152194e+00
   2.0000000e+00  -4.6295910e-01  -1.7779070e+00   8.3899286e-01   1.9761221e+00   1.0066198e+00   1.3863189e+00
   2.0000000e+00   3.1907542e-01   1.0415510e-01  -1.0259607e+00   2.5188539e-01  -9.0024771e-01   5.6646504e-01
   2.0000000e+00  -1.6654512e+00   8.1743531e-01  -3.0086307e-01  -3.7302409e-01   2.2989807e-01  -6.0455647e-02
   2.0000000e+00  -1.3391098e+00   6.8746400e-01  -5.8137939e-01   9.6673496e-01  -6.5752531e-01   1.0273010e+00
   2.0000000e+00   1.3174935e+00   5.0652139e-01  -8.7819000e-01   5.2436927e-01  -1.8717014e-01   1.6045952e+00
   2.0000000e+00   2.6844764e-01   1.0093929e+00  -1.7555915e+00  -3.4089002e-01  -1.1139614e+00   9.9760828e-01
   2.0000000e+00   8.6024863e-01  -1.2605686e+00   5.5002150e-02   4.2800947e-01   1.2394569e-01   1.3295649e+00
   2.0000000e+00   1.2076748e-01   4.8068920e-01  -1.2484520e+00  -4.3927167e-01   2.7929486e-01   2.3179548e-01
   2.0000000e+00  -7.5213743e-01   1.3570221e+00   2.0259626e+00   1.3391222e+00   5.5255161e-02   4.1204065e-01
   2.0000000e+00  -1.0067998e+00  -1.4390458e+00   5.8050036e-01  -1.7123459e+00  -1.4265881e+00   4.7505089e-03
   1.0000000e+00  -3.7598239e-01   7.1418665e-02   5.7892181e-01  -2.8756932e-02   8.7273206e-01  -2.4554434e-01
   2.0000000e+00  -6.3631472e-01   7.3328303e-01   7.3638446e-01  -1.6440395e+00   9.7087369e-01  -4.8276753e-01
   2.0000000e+00   2.0122446e-01   4.8145764e-01   1.7226778e+00  -1.6636367e+00  -6.7625828e-01   1.4301504e-01
   2.0000000e+00   2.2957547e-02   1.8125667e-01  -4.5545074e-01   1.3786834e+00  -8.8748161e-02  -4.7419668e-02
   2.0000000e+00  -1.0533018e+00   1.5615707e-01  -8.7749489e-01   8.6125368e-01   1.2324880e+00   1.0322653e+00
   2.0000000e+00  -1.2256990e+00  -1.2943593e+00   2.8973214e-01   4.5334081e-01  -1.2595635e+00  -2.0598893e-01
   2.0000000e+00   3.6705336e-01   1.1495872e+00   1.2502650e+00   3.2049400e-01  -6.4156500e-01   8.0300079e-02
   2.0000000e+00   8.4386017e-01   1.1948449e+00  -8.8471301e-03   2.3400381e-01  -5.4917522e-01   7.7288164e-01
   1.0000000e+00   1.7469108e-01   7.3624905e-01   1.6575696e-01  -7.5251098e-01  -4.9945345e-01   5.1101205e-01
   2.0000000e+00   8.3399862e-02  -1.1764378e+00   2.9292584e-01  -1.5471788e+00  -9.7091148e-01  -1.1912384e+00
   2.0000000e+00   4.6043611e-01  -3.3343219e-01   9.8085907e-01   4.7480779e-01   1.7082115e+00   1.5400104e+00
   1.0000000e+00  -2.6680454e+00   2.0378204e-01   5.4998841e-01   2.3458655e-01  -2.7455114e-01   1.1257533e+00
   2.0000000e+00  -8.7670748e-01   2.6749794e-01  -4.9321780e-01   4.4726914e-02  -1.8637871e+00   1.5006623e+00
   2.0000000e+00   2.4007861e+00  -5.5729817e-01  -5.9132201e-01   2.0913715e-01  -1.2466833e+00   4.9627651e-01
   2.0000000e+00  -9.7635891e-01   2.6517300e-01  -8.7352249e-01  -3.4381119e-01   6.6211023e-01  -8.9046211e-01
   2.0000000e+00  -4.1375481e-01   2.6280488e+00  -8.3032626e-01  -1.6691181e-01  -1.3944850e+00  -7.7946002e-01
   2.0000000e+00   1.7774666e+00   1.1597984e+00   1.1528632e+00   1.1791557e+00  -1.0577420e+00   9.7093780e-01
   1.0000000e+00  -4.5957461e-01  -6.6315358e-01   1.6507690e-01   1.1329988e+00   6.0777072e-01   1.3606474e+00
   2.0000000e+00  -5.0693165e-01   7.9369276e-01  -1.1793397e+00  -6.8501405e-01   2.9993417e-05  -2.3217809e-01
   2.0000000e+00   1.8290150e+00   1.3590956e+00  -7.2023994e-01   8.4964633e-01  -4.4422381e-01   1.0362750e-01
   2.0000000e+00  -8.5175925e-01  -4.4155363e-01   1.8126973e+00   1.6535150e+00  -1.1040050e+00  -9.4674983e-02
   2.0000000e+00   1.0093955e+00  -1.1779440e+00   1.6183890e+00   1.3639264e+00   1.0809528e+00   1.3606474e+00
   1.0000000e+00   5.4144738e-01   9.3398781e-01   1.3240678e-01  -3.8851433e-01   1.4335183e+00   9.0237688e-01
   2.0000000e+00  -1.9638212e+00   4.5592433e-01  -1.5492242e+00  -4.0856853e-01   1.4133047e+00   1.0677062e+00
   2.0000000e+00   8.0966510e-02   8.4401475e-01   3.3573367e-01   2.4608576e+00  -2.1266554e+00  -1.4436901e+00
   2.0000000e+00   2.8129560e-02  -3.7628637e-01   1.5159772e+00   2.6836026e-01   1.0315492e+00  -7.7791180e-01
   2.0000000e+00  -5.2097610e-01  -3.4333568e-01  -5.7018804e-01   7.8998935e-01  -2.1353524e-01   1.1984815e+00
   2.0000000e+00   1.6322671e+00   9.0650458e-01   1.4969224e+00   2.4737937e-02  -2.5051524e+00  -4.9961062e-01
   1.0000000e+00  -1.3528024e+00   2.1639184e-01   4.6916986e-01   1.8087012e-01  -4.5531752e-01   4.3388614e-02
   2.0000000e+00   3.3435318e-02   6.3443332e-02  -2.0329433e-01  -2.0612346e-01  -1.5836038e+00  -6.2738094e-01
   2.0000000e+00   5.2251418e-01  -1.0397784e-02   1.1537081e+00   4.2756940e-01   7.4495806e-01   1.2916190e+00
   1.0000000e+00   1.4351896e+00  -3.8759888e-01   5.0746466e-02  -1.9010697e+00  -5.3734447e-01  -2.5868464e+00
   2.0000000e+00  -5.6956688e-02   1.8916156e+00  -1.3315744e-01  -3.5919849e-01  -8.4163440e-01  -1.0682909e+00
   2.0000000e+00  -7.8668031e-01   1.2858176e+00  -3.0476947e-01   1.0180903e-02  -1.1532640e+00  -2.7673772e-01
   2.0000000e+00  -2.5886972e-01  -1.4008407e+00  -6.5672972e-01   1.7361066e+00   2.6631729e-01   9.5452365e-02
   1.0000000e+00  -9.0395418e-01   9.8733741e-01   1.1622196e-01   2.4139143e-01   1.1104967e+00   5.5163577e-01
   2.0000000e+00  -8.7416031e-01  -1.9577299e+00  -4.9330790e-01  -4.5020144e-01  -4.2138504e-01   8.5618832e-01
   2.0000000e+00   4.9639850e-01   4.2760488e-01  -6.5581087e-02   1.3065404e-01   1.0701885e+00   1.5117428e+00
   2.0000000e+00   6.6697881e-01   6.5947393e-01   1.0103460e+00   8.2919567e-01   3.1304774e-01  -7.7064045e-01
   2.0000000e+00   8.7322591e-01  -1.0110879e+00  -3.4844157e-01   7.3052421e-01   3.7656930e-01   6.7172869e-01
   2.0000000e+00  -5.0790793e-02   1.2074383e+00   4.8028414e-01   1.7811120e-01  -9.2517337e-01   1.3251489e+00
   2.0000000e+00  -1.1912400e+00  -1.9273242e+00   9.7919506e-02  -2.2362365e-01   9.8267060e-01  -3.4004518e-01
   2.0000000e+00  -1.3281789e+00   9.7596283e-01   1.2862299e-01   1.3980189e+00   2.1834840e+00  -1.7183054e-01
   2.0000000e+00   4.3946362e-01   1.4421751e+00  -5.6295768e-01   3.6656160e-01   7.5617119e-02  -3.6995770e-01
   2.0000000e+00   9.5093818e-01   1.3805187e+00   4.3820719e-01  -1.2198573e+00  -5.6789782e-01   1.0998598e+00
   2.0000000e+00  -5.8433839e-01   2.0912288e+00   1.4584640e+00  -1.1864952e+00  -1.2710026e+00   2.3972073e-02
   2.0000000e+00   5.5757226e-01   1.5743740e+00  -3.1869227e-01  -1.9799615e-01   4.9893852e-02  -1.2252545e+00
   2.0000000e+00   1.7036154e+00   2.7494406e+00   1.1450578e-01   1.5964604e+00   5.3641658e-01  -1.2752319e+00
   2.0000000e+00   2.7153228e-01   1.4067768e+00   2.5047223e-01   1.1477210e+00   2.6706811e-01   5.7836737e-01
   2.0000000e+00   2.5017689e-01   8.0718439e-01   5.7802819e-01   1.4012525e-01  -1.9628063e+00  -2.5858053e-01
   2.0000000e+00  -2.2493105e+00   3.9849697e-01  -5.7646637e-01  -2.1827139e+00  -2.8937871e-02  -2.4057723e-01
   2.0000000e+00   3.6546563e-01   1.3268550e+00   1.4401304e+00   7.6601952e-01  -4.5918425e-01   1.0868972e+00
   2.0000000e+00  -1.2666619e+00   2.0216173e-01  -1.8409928e+00  -3.8396989e-01  -5.4644575e-01  -8.7543887e-01
   2.0000000e+00  -8.0024658e-01   1.3526596e+00   2.5180172e-01  -3.6003128e-01   1.2382473e-01  -3.4051185e-01
   2.0000000e+00   7.6637245e-02   2.7418786e-01   9.6989177e-01   2.5090771e-01  -7.9593425e-01   1.5325737e+00
   2.0000000e+00  -1.9835502e+00  -9.1173380e-01  -1.5418090e-01  -1.1921936e-01   1.9137396e+00   6.1880722e-01
   1.0000000e+00   5.9690747e-01  -5.2351216e-01   2.3977343e-01  -8.3796681e-01   8.2334046e-01   3.8319986e-01
   2.0000000e+00  -7.4857266e-01   1.5724087e+00   1.9267777e+00   7.7424005e-01   1.7633483e+00  -1.6725927e+00
   2.0000000e+00   1.4037359e+00  -3.1697581e-01  -1.4138599e-01  -1.7675953e+00   6.4729879e-01  -1.4453247e+00
   2.0000000e+00  -2.0089529e-02   3.9310279e-01  -2.0002431e+00   8.9028330e-01   9.2061174e-01   6.0414307e-01
   1.0000000e+00   1.0343034e+00  -2.4433416e-01   3.3838085e-01   8.9741272e-01  -1.6796474e-02   1.3555255e+00
   2.0000000e+00  -6.0191583e-02   1.3214030e+00  -1.4230949e+00  -1.8597309e+00  -5.9415912e-01  -3.6999854e-01
   2.0000000e+00   1.1760475e+00   2.4527407e-01  -4.5633001e-03   9.4785638e-01  -9.2065779e-01   5.0584148e-01
   2.0000000e+00  -3.9766411e-01   8.4476234e-01   1.4674319e+00  -1.5405148e+00  -2.1863178e-02   2.2501636e-01
   2.0000000e+00   1.2999269e+00  -5.6287777e-01  -7.8599934e-01  -9.8935000e-01   1.2786911e+00   5.7485610e-01
   2.0000000e+00  -1.2804273e+00  -1.0977820e+00   6.1472897e-01   2.0091079e+00  -7.1319769e-01  -1.1344495e+00
   2.0000000e+00   6.2042915e-02   5.4089183e-01   9.9894769e-01   4.6968484e-01  -1.2740969e+00   3.0721555e-01
   1.0000000e+00   8.5393001e-02   1.2424221e-01   7.0647539e-01  -1.4022234e-01   9.1777567e-01  -1.3723969e-01
   2.0000000e+00   1.3533122e+00  -5.4497242e-01  -1.2771849e+00   1.1446628e+00   7.2195566e-01   4.7953228e-01
   2.0000000e+00   8.0918006e-01   8.3827393e-01  -1.4717033e+00  -8.0781477e-01   5.9244201e-01  -7.3689970e-02
   2.0000000e+00  -9.6612181e-01   6.3629990e-01   8.8459901e-01   9.6756245e-01  -3.5625439e-01   8.4721571e-01
   2.0000000e+00   1.8426534e-01  -5.1896684e-01   8.5461875e-01  -2.4135349e-01  -2.0731572e+00   1.3798754e-01
   2.0000000e+00  -8.7599771e-01   1.7013160e+00   1.4377059e-01   6.7510589e-01  -1.0526556e+00  -2.8226340e-01
   2.0000000e+00   5.2288857e-01  -1.6439829e+00  -5.0909510e-01   8.6611595e-01   1.2112841e+00  -7.1766333e-01
   2.0000000e+00  -7.1039956e-01  -1.3780106e+00  -3.5353674e-01   2.1344677e+00   1.1167001e+00   1.1680759e+00
   2.0000000e+00  -2.4822361e+00   6.3021336e-01  -6.4022704e-01  -3.1677751e-01  -1.3376189e+00   4.7728764e-01
   2.0000000e+00   1.5526576e+00   5.9070129e-01  -2.2797353e+00  -4.1715158e-02   1.4394759e+00  -8.3381745e-01
   2.0000000e+00   1.0704965e+00   1.3000056e-01   1.1466625e+00   2.4599595e-01  -7.8823294e-01   1.0622182e+00
   1.0000000e+00   1.2011510e+00  -2.4554980e-01   2.1691038e-01   3.2268106e-02   8.3146856e-01   7.8718244e-01
   2.0000000e+00  -7.3470882e-01   6.7061909e-01  -4.0283999e-02   9.4392378e-01  -8.7931306e-01   8.4114605e-01
   2.0000000e+00   5.1665814e-02  -5.8909248e-01   1.9800764e+00   5.6703550e-02   5.2225157e-01   6.7531935e-01
   2.0000000e+00   4.5864496e-01  -1.7007548e-01  -2.2142527e-01  -5.7207453e-02  -2.0710484e-01   6.3627013e-02
   2.0000000e+00   6.5121090e-01  -2.3973147e+00  -1.4115831e+00   8.5171844e-01  -3.5451785e-01   6.9827195e-02
   2.0000000e+00  -4.2382277e-01   1.3444158e+00  -7.8660220e-01  -8.6773290e-01  -1.5738285e+00  -3.7533787e-01
   1.0000000e+00   1.3078046e+00   4.0042690e-01   8.4509923e-01   2.2519813e-01  -6.3498809e-01   1.0536255e-01
   2.0000000e+00  -8.6122464e-02  -8.8611747e-01   4.7297829e-01  -6.6719816e-01   1.1072244e-01   1.2228630e+00
   2.0000000e+00   5.7619652e-01   6.5408054e-01  -1.6572896e+00  -9.9650738e-01   6.2320604e-01   7.1554238e-01
   2.0000000e+00  -5.5865148e-01  -1.3568363e+00   2.4725032e+00   7.7881505e-01  -1.7793716e+00   6.3888125e-01
   2.0000000e+00  -1.6436920e-01   1.3366219e-01   1.8812525e+00  -1.1217911e+00   1.2867164e+00  -3.0153972e-01
   2.0000000e+00   1.6824404e+00  -6.1821908e-01  -8.7718752e-01   6.2828936e-01  -3.2604691e-01   7.7167817e-01
   2.0000000e+00   2.1872173e+00  -1.1809787e+00   5.7543970e-02  -3.0640910e-01   2.4032357e-01   4.3949469e-01
   2.0000000e+00  -1.1893932e+00   6.3418325e-01   8.1091386e-01  -7.3036023e-02   1.2267888e+00   1.9601302e+00
   1.0000000e+00  -9.2605488e-02  -3.4863897e-01   9.0729326e-01   1.1141879e+00  -1.0716293e+00   9.9571084e-01
   2.0000000e+00   1.4758541e-01  -1.5349790e+00   9.6120820e-01  -4.4889031e-01   4.6639614e-01   2.0480347e+00
   2.0000000e+00   1.3767632e+00  -1.2460976e+00   2.0915916e-01  -9.8534432e-01  -7.7174149e-01  -2.3869745e+00
   1.0000000e+00  -2.0265117e+00   2.0174023e-02   1.2366592e-01   1.1525610e-01  -1.4480472e+00   1.6165206e+00
   2.0000000e+00  -1.0707642e+00  -1.5288839e-01   2.7113896e+00  -5.6364873e-01  -2.1525752e-01  -9.8933699e-01
   2.0000000e+00  -3.4054899e-01   2.6642274e-01   1.7516441e+00  -1.9690555e+00  -1.9204513e+00  -3.1604980e-01
   2.0000000e+00  -4.6394180e-01   5.5221161e-01  -2.0525997e-01  -8.3813641e-01   8.3849533e-01  -1.9036406e+00
   2.0000000e+00   6.2451160e-01  -4.0384998e-01  -5.8703157e-01   1.0364120e+00   4.2998109e-01  -1.6374421e+00
   1.0000000e+00   1.3780078e+00  -4.6118363e-02   2.2878898e-01  -4.7533348e-01  -1.2165563e+00   4.4365582e-01
   2.0000000e+00   8.9673957e-02  -5.5953115e-01  -5.9068841e-01   9.4624956e-01  -6.4287798e-01   1.1490575e-01
   2.0000000e+00   4.6555328e-01   2.9369368e+00   1.1870394e+00   5.5559269e-02  -8.1492130e-01   1.7334968e+00
   2.0000000e+00   1.5431875e+00  -1.4229893e-01   1.1426482e+00   1.4017672e+00   1.3827922e+00  -6.5067057e-01
   2.0000000e+00   3.3830099e-01   1.0521879e-03   1.2275918e+00  -9.8682365e-01  -1.3653833e+00  -6.4842437e-01
   2.0000000e+00   3.2999666e-01   3.8592020e-01  -8.3891226e-01  -5.4536650e-01   1.4491734e+00  -1.0446777e+00
   2.0000000e+00   1.4253732e+00  -2.2550202e-01   6.4420333e-01  -1.6139150e+00   2.5642923e+00   2.1056665e+00
   2.0000000e+00   8.1452719e-01  -6.8747330e-01   1.2946464e+00  -5.8454835e-01  -9.9705953e-01  -8.5972403e-01
   2.0000000e+00   9.3139543e-01  -2.9347581e-01  -3.9251699e-02  -8.4232657e-01   9.7536658e-01   1.5551278e+00
   2.0000000e+00  -7.2694063e-01  -1.1637089e+00  -1.7138480e+00   3.7836427e-01  -2.3864324e-01  -1.4515177e+00
   2.0000000e+00   1.9235375e-01   5.7316061e-01   1.5348613e+00  -1.3677676e-01   1.0974802e-01   3.4649527e-01
   1.0000000e+00  -6.5478558e-01  -6.0411854e-01   7.7381940e-01   6.0458033e-01  -4.3637899e-01  -5.7050141e-03
   1.0000000e+00  -1.3232877e+00   2.5658112e-01   2.4807575e-01  -5.4559120e-03  -2.9568547e-01  -7.7480061e-01
   2.0000000e+00   3.5769440e-01  -1.7537788e+00   1.9270729e+00   2.1848198e+00  -6.4338591e-01  -1.4269450e+00
   2.0000000e+00  -8.1029256e-01  -1.2896037e+00   1.0810867e+00  -5.6804061e-01  -7.4674378e-01   1.0149908e+00
   1.0000000e+00  -9.9331502e-02  -4.4244785e-01   1.3918082e-01   7.6198785e-01   4.4667580e-01   1.6520327e+00
   2.0000000e+00  -5.2418015e-01   3.0656719e-01  -1.5877380e+00  -4.7848005e-01  -4.8773752e-01  -8.1631327e-01
   2.0000000e+00   3.8191514e-01   2.0314931e-01   1.0198908e+00   1.2596125e+00   4.2163523e-01  -6.3771212e-01
   2.0000000e+00  -4.4336011e+00  -1.0056780e+00  -2.4158768e-01  -9.4744430e-01  -4.0326609e-01   6.0770508e-01
   2.0000000e+00  -1.6344037e+00  -8.7336256e-01  -3.9122240e-02   8.7260553e-01  -9.7561938e-02  -3.5100026e+00
   2.0000000e+00   1.3509212e+00  -7.3829650e-01   1.4042451e+00   9.6455275e-03   9.1327115e-01   1.4961688e+00
   2.0000000e+00   3.1017611e-01  -9.9310970e-01   2.2905786e+00   8.5995610e-01   6.7571338e-01   1.2500933e+00
   2.0000000e+00  -1.4060831e+00  -7.9332089e-01  -4.5153190e-01  -1.1309626e+00   1.0482229e+00  -8.9690119e-01
   2.0000000e+00   1.1128544e-01  -1.3990086e+00  -1.1746538e+00  -3.3966763e-01   9.1883795e-01   1.1042274e+00
   2.0000000e+00   3.6966044e-01   5.0544623e-01   1.5297083e-01  -2.0994834e+00  -3.4742064e+00   4.3206980e-01
   2.0000000e+00   1.0723072e+00  -1.4565701e+00   2.0153012e-01  -1.0919450e+00  -1.0275112e+00  -6.5549560e-01
   2.0000000e+00  -1.2881426e-01  -8.9941984e-01  -4.1180731e-01   2.2302394e-01   1.2821248e+00  -7.1105154e-01
   2.0000000e+00  -3.1704460e-01   9.0332696e-01   5.3602090e-01   5.8374273e-01   1.0097001e+00   1.6436061e-01
   2.0000000e+00  -6.2686756e-01   1.5958133e+00   5.9568608e-01   1.0385697e+00   1.7546406e+00   1.5518317e+00
   1.0000000e+00  -8.3917035e-01  -1.8646726e-01   1.6863309e-01  -1.4513157e+00   1.1348833e+00   1.0911680e+00
   2.0000000e+00   3.4810460e-01   1.5055490e+00  -6.7033566e-01  -1.6666235e+00  -6.1844177e-01  -1.1877755e+00
   1.0000000e+00   3.7734120e-01  -2.8134522e-01   1.5714043e-01  -2.4170846e+00   2.1915648e-01   2.5724364e+00
   2.0000000e+00   3.3197989e-02  -9.3122987e-01  -9.5914363e-01   1.3201471e+00   2.9770611e-01   1.1238706e+00
   2.0000000e+00   1.0540264e-01  -6.3705736e-01  -2.0350040e+00   3.9610351e-01   2.1077373e-01   6.2663812e-01
   1.0000000e+00   1.4655471e-02  -2.0737655e-01   1.0886292e-01  -1.8687913e+00  -1.4379171e-01  -2.6749358e-01
   2.0000000e+00  -6.0198129e-02  -7.0940848e-01   1.1472882e+00  -1.1696517e+00  -1.2771758e+00   2.9969797e-01
   2.0000000e+00  -1.8563247e-01  -7.1958697e-01   2.0699143e+00   2.7327909e+00   1.7951641e-01  -1.8895017e+00
   2.0000000e+00  -1.8099559e-01  -7.3089185e-01  -8.8605879e-01  -1.9634830e-01  -1.0172718e+00   9.3310728e-01
   2.0000000e+00  -9.5326199e-01   1.0294334e+00  -1.3358115e+00   2.0066743e+00   1.6760325e+00   8.0981611e-01
   1.0000000e+00   1.3179346e+00   9.6814102e-01   1.4448095e-01  -1.0267539e+00  -1.8492656e-01  -1.6239258e+00
   1.0000000e+00   9.5274332e-01  -8.7243630e-01   4.7664162e-01   1.9408994e-01  -7.2581303e-01  -3.0088613e-01
   2.0000000e+00   2.0478592e-02  -1.1407995e+00  -1.3321270e+00  -5.1739067e-01   4.0362684e-01   1.8720893e-01
   2.0000000e+00  -1.7746012e-01   3.9503982e-01  -9.6678067e-01   2.1850477e+00  -5.6823170e-02  -7.7411332e-01
   1.0000000e+00   1.4436603e+00   3.7968558e-01   7.1332904e-03   4.6005864e-01  -1.3283725e+00  -7.4137933e-01
   1.0000000e+00  -4.9431907e-01  -1.5513044e-01   6.5773569e-01  -9.0200689e-01  -5.7539441e-01   8.5391935e-01
   2.0000000e+00  -1.2705799e+00   4.9495573e-01   1.7218281e+00   1.0379728e+00  -1.7946799e-01  -3.2472320e+00
   2.0000000e+00   4.2045372e-01   7.3051506e-01  -3.8147881e-01  -2.4078751e-01   1.2866548e+00   1.6457320e+00
   2.0000000e+00  -2.0238334e-01   1.7756807e+00  -3.5686057e-01   1.0296685e+00   7.0915669e-01   6.6951047e-01
   2.0000000e+00   8.3745291e-01  -5.6969357e-01  -1.1105267e+00  -1.5946434e+00   8.8367719e-01  -3.2305077e-01
   2.0000000e+00  -6.8221364e-01  -2.0226669e-01  -2.9702443e-02  -7.1953095e-01  -6.8880828e-01   5.6836271e-01
   1.0000000e+00   1.2656210e+00   3.3804758e-01   2.7446084e-01  -7.5468447e-01  -1.2795780e+00  -9.4597622e-01
   2.0000000e+00   4.1818740e-01  -1.3005004e+00   1.0867312e+00   6.8998172e-01   8.8477235e-01  -4.9893502e-01
   2.0000000e+00   1.2125278e+00  -1.3204680e-01  -9.3307078e-01   4.2264044e-01   1.3878366e+00   2.2654756e+00
   2.0000000e+00   1.5250949e-01   9.2195273e-01  -1.4586607e+00   8.6739323e-01   5.3665939e-01   4.2710515e-01
   2.0000000e+00  -4.9158811e-02   1.4777644e+00   1.7568237e+00   8.6783971e-01  -5.9775713e-01  -7.5176201e-01
   2.0000000e+00   3.3794415e-01  -7.3999098e-01  -5.1542397e-01   4.5576655e-01   6.1999945e-01  -2.0800633e+00
   2.0000000e+00   2.6995828e-01   1.1493480e+00  -1.8308951e+00   7.4037746e-01   2.8665545e-01   6.4760978e-01
   2.0000000e+00   1.5390039e-02   9.0670491e-01   1.4685699e+00   1.0214703e+00  -4.9820798e-01   2.1670615e-01
   2.0000000e+00   6.6935049e-01   7.1541679e-01  -1.0929628e-01   5.5840646e-01  -1.4820446e+00   2.3096954e-01
   2.0000000e+00  -1.1094903e+00  -7.7959613e-01  -1.2065708e+00  -2.1179151e-01   1.2285203e+00   1.1340230e+00
   2.0000000e+00   1.1377384e-02   2.4754378e-01  -1.2995073e-02   3.2246423e-01   8.1997235e-01   4.5713660e-01
   2.0000000e+00  -8.0306418e-02  -3.1664509e-01   1.2144308e+00   1.0787072e+00   1.0711675e+00   1.2549259e+00
   2.0000000e+00  -1.1367559e-01   2.3150683e-01  -1.6264547e+00   6.9501033e-01  -1.8465068e-01   4.3389777e-01
   2.0000000e+00  -7.7193283e-01   1.7814955e+00   4.1308738e-01  -6.7403255e-01  -4.8150619e-01   5.8819215e-01
   2.0000000e+00   5.7642474e-01  -5.1489193e-01  -2.7911589e-01  -1.9120343e+00   5.4872352e-01  -5.3366427e-01
   2.0000000e+00   1.1728187e+00   7.0529477e-01   1.6525656e+00  -6.8102330e-02  -1.4576892e+00   5.3678752e-01
   2.0000000e+00  -3.9001050e-01  -1.8990838e+00  -1.0046194e-02   6.2973386e-01  -2.8323633e-02  -1.0933219e+00
   2.0000000e+00   1.1038892e+00  -1.2825223e-01   1.1097536e+00  -2.4270561e-01   3.1899021e-01  -2.9841071e-01
   2.0000000e+00  -1.1846280e+00   6.1394544e-01  -5.0975642e-01   1.8918320e-01   5.8692969e-02  -4.4874897e-02
   2.0000000e+00   6.4749527e-01  -3.4065630e+00   8.2157299e-01  -1.5276946e+00  -4.9509921e-01  -6.2364357e-01
   2.0000000e+00   8.0897692e-01  -9.2069427e-01   8.7391546e-01  -1.2122310e+00  -1.1244253e-01  -5.2929523e-01
   2.0000000e+00  -4.2088479e-01  -1.0104654e+00   4.6342620e-01   1.5463974e+00  -5.8725285e-01   6.8514985e-01
   2.0000000e+00  -2.4784523e-02   8.8869291e-01  -9.4164130e-01  -4.6910435e-01  -3.7117011e-01   5.4306390e-01
   1.0000000e+00  -6.3455046e-01  -6.7215587e-01   5.7195055e-01  -1.2504195e+00   1.0458448e+00   2.2607936e+00
   2.0000000e+00   8.5870273e-01  -1.0038294e+00   3.5055925e-01   2.5940020e-01  -4.6423442e-01  -3.8996305e-01
   2.0000000e+00   6.3900360e-01   4.6055353e-01  -4.4526485e-01   9.7430675e-01  -8.0153708e-01  -6.3242145e-02
   2.0000000e+00  -5.1239042e-01  -1.0276089e+00   4.9728208e-01  -1.1927784e+00  -8.7962710e-01   6.6272401e-01
   2.0000000e+00  -7.4646265e-01   5.6186117e-01  -1.1257805e+00   7.0300521e-01  -2.8873308e+00   9.7272319e-01
   2.0000000e+00   4.2821497e-01  -1.7490061e-01  -1.8887112e+00   8.7302646e-01   9.9036520e-01  -9.0522439e-02
   2.0000000e+00  -4.1999441e-02  -1.1137650e+00   8.0412017e-01   1.8943535e-01  -9.9151757e-01  -5.6298051e-01
   1.0000000e+00   1.3432490e-01  -5.4596216e-01   4.8860640e-01   1.6693929e+00   5.3504639e-01  -1.7016471e-01
   2.0000000e+00  -1.0863556e+00  -9.0007345e-01   9.1413418e-01   1.3850153e+00  -7.1083293e-01   3.8629664e-01
   2.0000000e+00   6.6870208e-01   9.2434647e-01  -4.4694521e-01  -5.9851505e-01   1.5032642e+00  -7.0607418e-01
   2.0000000e+00  -1.0512063e+00   1.9806862e-01  -1.9824147e-01   1.0698703e+00  -3.8263125e-01  -3.7533996e-01
   2.0000000e+00  -1.4105761e+00  -5.2064122e-01  -2.2692195e+00   2.1789515e+00   2.4227468e+00  -7.7499815e-01
   2.0000000e+00   1.1881463e-01  -5.2066110e-01  -1.2839494e+00  -3.3090640e-01   8.1739128e-01   6.9070890e-01
   1.0000000e+00  -7.6604131e-01   1.2474344e-01   5.8348902e-01   3.4972324e-01  -5.1669422e-01  -9.5303268e-02
   2.0000000e+00   1.0748939e-01  -1.3285115e+00   6.5081877e-01  -6.5759575e-01   2.7458480e-01   5.6053347e-01
   2.0000000e+00   7.6842016e-01  -1.4890129e+00   2.7204837e+00  -1.4396649e+00  -1.2217820e+00   5.9196515e-01
   2.0000000e+00  -1.3536244e+00  -8.1603632e-01  -1.0681623e+00  -1.7041723e-02   8.5591043e-01   3.1451410e-01
   2.0000000e+00   2.5448136e-01  -4.1211105e-01  -1.8222831e+00  -2.4662284e-01  -2.2050563e-01  -2.1288720e-01
   2.0000000e+00   1.7056366e+00  -1.3377308e+00   1.0473992e+00   3.2641229e-01  -2.7844282e+00   9.1060935e-01
   1.0000000e+00   7.1200839e-01   8.9152766e-01   3.9005606e-01   1.0884441e+00  -4.9027946e-01  -9.0663528e-01
   2.0000000e+00  -1.4246473e+00  -2.6658985e-01   2.2973575e+00  -2.9707608e-01  -2.2100787e-01  -6.5231777e-01
   2.0000000e+00   8.3166968e-01   5.2385978e-01  -1.1583314e+00   9.2379648e-01  -1.4419451e+00   8.2625104e-01
   2.0000000e+00  -9.2541235e-02   8.1471458e-01   1.2809208e+00   2.5261848e-02  -8.8107106e-01  -2.4733945e-01
   2.0000000e+00   1.0154841e+00   1.3490731e+00  -1.1238234e+00   6.1981189e-01  -2.7418178e-01   5.5691339e-01
   2.0000000e+00   5.8122331e-01  -7.6370818e-01   1.4415042e+00  -1.0237774e+00  -6.7034842e-01   1.5591313e+00
   2.0000000e+00  -3.2033936e-01   9.2528518e-01  -5.9036089e-01  -3.6636723e-02  -2.5940761e+00   5.4784015e-01
   1.0000000e+00   1.3225873e+00  -2.1419255e-03   4.3230587e-01  -5.0961613e-01   5.3647043e-01   4.6601829e-01
   1.0000000e+00  -9.5729182e-01  -1.4204402e-01   9.8202143e-01   1.7046660e+00   5.6879625e-01  -1.1954871e+00
   2.0000000e+00  -5.2197897e-01  -1.4147534e+00   9.1193517e-01  -1.3273462e+00  -4.0929428e-01  -1.2833381e+00
   1.0000000e+00  -1.3876804e-01  -2.5695982e-02   3.7741875e-01  -9.9825270e-01  -1.2321705e+00  -3.0010623e-01
   1.0000000e+00   9.0135490e-01  -5.2889184e-01   5.6536069e-01  -2.4535379e-01  -9.4603933e-01   1.0050588e+00
   2.0000000e+00  -4.6633610e-01  -1.8237812e+00  -4.1830324e-01   1.9330513e-01  -3.5686986e-01  -4.7803413e-01
   2.0000000e+00  -1.0636467e+00   9.4411270e-01  -1.5450783e+00  -1.0708024e+00   1.5339267e+00   5.3614519e-02
   2.0000000e+00   7.6655217e-02   2.3449261e-01  -1.2177601e+00   4.8562805e-01   4.4066115e-01   1.6076500e+00
   2.0000000e+00   1.4058072e-01  -6.7480047e-01  -1.5175242e+00  -6.3726965e-02   4.0881979e-01   1.0420076e+00
   2.0000000e+00  -1.5241947e-01   4.6974299e-01  -8.4471914e-01  -8.8655982e-02   3.4066940e-01  -4.2525063e-01
   1.0000000e+00   2.7068796e-01  -2.0494945e-01   6.4637432e-01  -1.6272989e+00   6.5227212e-01   7.2772896e-01
   2.0000000e+00  -5.7209899e-02   1.3304333e+00  -1.3027403e+00  -1.5345294e+00   6.2874655e-02   1.6476551e-01
   2.0000000e+00   5.6842836e-01  -1.1575211e-01  -2.3142732e+00  -1.2483094e+00  -2.3487746e+00   1.1719893e-01
   2.0000000e+00  -9.9494458e-01  -1.3462633e+00  -5.0548491e-01  -3.8329286e-01  -1.5320652e-02  -6.4411622e-01
   1.0000000e+00  -2.2818160e-01  -4.8335136e-01   2.7380377e-01  -8.6337649e-01  -5.4254394e-01  -1.3159811e+00
   2.0000000e+00  -8.0161027e-01   8.1785851e-01  -4.4366814e-02   1.6171842e-01  -2.3399369e+00  -2.4723298e-01
   2.0000000e+00   3.8398530e-01  -2.9966759e-01  -1.0976852e+00   5.4612637e-01  -3.0087850e-01  -1.8512478e-01
   1.0000000e+00   1.2586805e+00   3.7167411e-01   6.0053038e-01  -4.3385572e-01   8.4787761e-01   1.9981794e-01
   1.0000000e+00   1.3060425e+00   2.5959875e-01   2.4240670e-01  -1.4335232e+00   5.6694569e-01   2.4501610e+00
   2.0000000e+00  -1.9712767e-01  -1.1035062e+00   1.7101694e-01   1.6902561e+00  -1.4857221e-01  -5.0105599e-01
   2.0000000e+00  -5.1763694e-02  -3.5087400e-01  -1.0829946e+00   1.4697505e+00   8.7364254e-01  -7.0037460e-01
   2.0000000e+00   1.7117359e+00  -9.6175966e-01   1.3984140e+00   7.4671004e-01  -5.8682918e-01  -2.3087520e-01
   2.0000000e+00  -1.0084828e+00   9.8053303e-02  -9.5196601e-01  -2.2580271e+00  -3.5958324e-01   5.8407213e-01
   2.0000000e+00   7.1030270e-01   1.7703296e+00   7.4866530e-01  -2.7531633e-01   1.1589767e-01  -5.5059888e-01
   2.0000000e+00  -7.1328927e-01   1.3305856e+00  -7.6204229e-01   4.2129251e-01   1.9547190e+00   4.7904902e-01
   2.0000000e+00   8.1517624e-01  -4.2802675e-01  -5.9852826e-01   3.2995121e-01  -1.0702392e+00  -8.3807608e-01
   2.0000000e+00  -1.7789784e+00   1.7195505e+00   9.2525948e-01  -2.8497124e-01   1.5222143e+00  -1.8475859e+00
   2.0000000e+00  -1.5305293e+00   1.8304249e+00   4.1153680e-01  -8.7682270e-01   2.2117299e+00   6.3297147e-01
   2.0000000e+00  -4.6635594e-01  -2.9308945e-01  -2.0642763e+00   9.6635412e-01   1.1090440e+00  -8.5192302e-02
   2.0000000e+00   9.6198520e-01   2.6280442e-01  -7.6562446e-01   1.5839513e-01   4.6506247e-01  -1.5748048e+00
   2.0000000e+00  -6.3507039e-01   1.1701663e+00   1.6391637e+00  -7.4314055e-01  -7.2235295e-01  -1.4137066e+00
   2.0000000e+00  -1.2359288e+00  -3.3254680e-01  -5.2959298e-01   5.9619028e-01  -7.1389310e-01  -1.0701118e+00
   2.0000000e+00   2.2290779e-01   8.0162408e-01   1.4277933e+00   2.0786566e-01   5.0456783e-01   1.1303831e-01
   2.0000000e+00   1.3311421e+00  -1.1184384e+00   9.2091761e-01   2.0314798e+00   6.7775371e-01  -8.9430630e-01
   2.0000000e+00   2.4992378e+00  -6.3241514e-01  -3.8190625e-01   1.4999244e+00   1.4495894e+00  -1.3055882e+00
   2.0000000e+00  -1.1004986e+00   7.9818856e-02  -1.9882590e-01  -7.0669460e-01   1.7131009e+00   3.7336834e-01
   2.0000000e+00  -1.1920395e+00   1.3578058e-01   1.6164694e+00   1.0683020e+00  -5.5585671e-01  -1.0342835e+00
   1.0000000e+00   1.0511281e-01  -3.2960259e-01   6.5889745e-01   4.9364371e-01   1.0481798e+00  -7.9804537e-01
   1.0000000e+00   9.1325572e-01  -4.0375318e-01   8.0870351e-01  -1.3426192e+00  -1.4133034e+00  -7.2383730e-01
   2.0000000e+00   4.7738098e-01   6.8015869e-01   1.3075835e+00   4.5554401e-02   1.4578246e-01   1.6094179e+00
   2.0000000e+00  -1.8546215e+00   1.0919120e+00   2.5923730e-01  -5.1300054e-01  -6.7771100e-01   8.3341422e-01
   2.0000000e+00   8.8691682e-01  -1.7853216e+00  -4.6316078e-01  -6.3949080e-01  -4.4940650e-01   2.8343532e-01
   1.0000000e+00  -6.7147332e-01   5.1449547e-01   5.8270545e-01   7.5445363e-01  -9.3448834e-01  -9.8478466e-01
   2.0000000e+00   3.1002349e-01  -3.6275784e-01   1.2682636e+00  -1.0427274e+00   8.9513015e-01  -1.7494393e+00
   2.0000000e+00   1.1661965e+00   6.1068305e-01  -3.4492496e-01  -9.3245320e-01   2.0685559e+00  -3.5402920e-01
   2.0000000e+00   1.7165182e-01  -3.8700682e-01  -2.3928424e-01  -3.7574948e-01  -2.4890384e-01   4.7557317e-01
   2.0000000e+00  -3.9903067e-01   3.5755000e-01  -1.0768234e+00  -1.5889670e-01  -1.1316142e-01   6.7167993e-01
   1.0000000e+00  -2.2249871e-02  -3.4578893e-03   8.2692803e-04  -1.0981791e+00   1.5729105e+00   5.6292385e-01
   2.0000000e+00  -4.9449488e-01   6.9618197e-01   1.1414273e+00   7.8494046e-01  -1.1257471e+00  -8.7489549e-01
   2.0000000e+00   1.0930661e+00   9.4930043e-01  -2.2179457e-01  -1.4779287e+00   2.1221056e-01   1.2310004e+00
   2.0000000e+00   4.1841084e-01   5.3391041e-01  -6.7576108e-01  -1.2778615e-02  -1.2091535e+00   1.0396201e+00
   2.0000000e+00   2.0350493e-01   8.1109035e-01   1.2002316e+00  -1.9840953e+00   3.1790872e-01  -1.3254392e-02
   2.0000000e+00   1.0418304e+00   7.1099096e-01  -6.7074615e-01  -1.6730057e+00  -2.7487365e-01   3.3406382e-01
   2.0000000e+00  -1.2606944e+00  -1.5977139e+00  -4.3172239e-02  -9.0209274e-01  -7.8650330e-01   7.3994093e-01
   2.0000000e+00   1.7986008e+00  -1.6454972e+00   1.5828609e-02   2.2159702e+00  -9.9806475e-01  -5.0440420e-01
   2.0000000e+00  -4.4043118e-01   1.8831326e+00  -9.9499802e-01  -1.7039094e+00   1.9403717e-01  -7.5059149e-01
   2.0000000e+00  -6.7705751e-01  -7.4244120e-02   1.2447989e+00  -1.3799439e-01   3.9902335e-01  -2.6244243e-01
   2.0000000e+00  -5.8493150e-01  -6.4143413e-01   2.8684408e+00   2.2404644e+00   1.8580776e+00  -9.5220186e-01
   2.0000000e+00  -1.2722655e+00  -1.3219741e+00   6.2543054e-01   2.0453508e+00  -8.4936769e-01  -8.9686086e-01
   1.0000000e+00   1.3629587e+00  -1.9284442e-01   3.4055992e-01  -1.5765305e-01  -3.1695735e-01   1.2526291e+00
   2.0000000e+00   9.0150316e-01   1.6554303e+00   3.7100744e-01   1.0433702e+00   6.7997802e-02   3.8118438e-01
   2.0000000e+00  -5.0498886e-01  -1.9909083e+00   4.8265424e-02  -3.4900337e-01  -1.3692944e+00   9.1846607e-01
   2.0000000e+00   7.3268944e-01  -4.7283650e-01   1.7733681e+00  -1.0898239e-01   1.4350972e+00   6.6692835e-01
   2.0000000e+00   2.9982122e-01   1.0698707e+00   6.1852539e-01  -4.6966781e-01   9.8599866e-02   5.5493691e-01
   2.0000000e+00  -1.7527578e-01  -1.0940485e-01  -2.2713501e-01   5.0748676e-01   4.3341191e-01  -7.5905827e-01
   2.0000000e+00  -1.6151377e+00  -3.3922273e-02  -9.6586040e-01  -2.9825195e-01   2.1291847e-01   7.4584694e-01
   2.0000000e+00   4.6545096e-01   2.3301129e-01  -1.6076567e-01  -1.7479319e-01   4.7092618e-02   1.0882333e+00
   2.0000000e+00   1.6356796e+00   5.7781656e-01  -9.9799832e-01   1.5351700e+00   2.2311733e+00  -5.1595003e-01
   2.0000000e+00  -1.2801405e+00   6.5493551e-01  -3.6887739e-01   2.0817332e+00   5.5306294e-01   2.0841731e+00
   2.0000000e+00   4.9338255e-01   1.5813104e+00   9.0881451e-01  -3.4413732e-01  -6.8696192e-01   2.7631612e-01
   2.0000000e+00  -3.1209084e-01  -6.8661202e-02  -7.2345632e-01   9.6534378e-01  -2.0551353e-01  -3.8566555e-01
   1.0000000e+00  -8.6571433e-01  -5.2752432e-04   8.2151999e-01  -3.2690638e-03   1.1859805e+00  -5.8393858e-01
   2.0000000e+00  -8.7027683e-02  -4.6552376e-01  -1.9510080e-02   1.4689331e+00   3.3614438e-01  -1.0098880e-01
   2.0000000e+00   9.2054079e-01   1.3257562e+00  -4.9480608e-02  -1.7743138e+00  -7.4314323e-01   1.6809422e+00
   2.0000000e+00   1.1683052e-01   1.4028333e-01  -7.3411423e-01   9.2956310e-02  -1.6204081e+00  -7.9768218e-01
   2.0000000e+00  -1.0075578e+00   2.2957751e-01  -3.1474681e-01   9.6198403e-01  -4.7878049e-01   2.0394416e-01
   1.0000000e+00  -3.8534865e-01  -2.7566522e-01   2.4009758e-01  -3.3709538e-01   7.9569616e-01   1.3827263e+00
   2.0000000e+00  -6.5807442e-02   1.2615928e+00  -1.8160547e+00   1.1295732e-01   1.4370344e-01  -2.9722839e-01
   2.0000000e+00   2.4987354e-01  -2.6936191e-02  -9.4082393e-01   3.1843783e-01   6.7381336e-01  -9.3452223e-01
   2.0000000e+00  -4.2372250e-01  -3.4602405e-02  -9.6012849e-01  -1.5445251e+00  -1.1393490e+00   7.1025864e-01
   2.0000000e+00   1.2004825e+00   8.7695912e-01   1.0096624e+00  -1.8101695e+00   1.7116982e+00  -1.5830662e-01
   2.0000000e+00  -2.3517288e-01   7.0219492e-01  -5.0072957e-01   5.8378713e-01   1.1042250e+00  -9.5038750e-01
   1.0000000e+00   1.5397422e+00  -8.4490488e-03   3.9535996e-01  -1.3978595e+00   6.2815435e-01   3.6822628e-02
   2.0000000e+00   1.8917771e+00   1.1422993e+00   6.6202012e-01  -1.8912867e-01   5.2057633e-01  -1.0538669e-01
   1.0000000e+00  -5.1583586e-01   1.8884716e-01   6.3085597e-01   4.7515845e-03   9.5597311e-02  -1.6941501e+00
   2.0000000e+00   8.7536953e-01   2.8027347e-02  -6.0791263e-02   1.4806530e+00   2.5318295e-01  -5.6434292e-01
   2.0000000e+00   1.1384688e+00  -5.8014677e-01  -1.0227419e+00  -3.7672211e-01  -3.5295833e-01  -9.4105111e-01
   2.0000000e+00  -1.9065364e+00  -1.2717520e+00  -2.7955543e+00   1.5338245e+00   2.0670394e-01   1.4412354e+00
   2.0000000e+00  -1.0245680e+00   6.9838872e-01   8.3642755e-01   8.0840590e-01   8.1088774e-01   1.6956896e-01
   2.0000000e+00   3.5276649e+00   2.0290081e+00  -8.5879298e-01  -5.5920492e-01  -2.0194814e-01  -2.2977804e-01
   1.0000000e+00   4.9985271e-01  -1.3439246e-01   3.2602210e-01   1.5779122e+00  -3.1811980e-01   5.5114216e-01
   2.0000000e+00  -2.7191374e-01  -1.5698214e+00   7.3200268e-01   2.3089759e-01   1.2927044e-01   1.6591148e+00
   2.0000000e+00  -4.7297883e-01   1.7078841e+00  -2.8399135e-01  -9.6793033e-01  -1.3592956e+00   9.2964681e-01
   2.0000000e+00  -1.8064231e+00  -1.5705926e-01  -1.2490797e-01   5.6420168e-01   9.5716491e-01   1.3253611e+00
   2.0000000e+00  -1.8169306e+00  -1.0921734e+00   3.5109273e-01  -5.5296166e-01   1.1644122e+00  -2.5532761e-01
   2.0000000e+00   2.5143622e-01   1.9047408e+00  -1.7865625e+00   2.5353194e-02  -1.7080029e-01   1.3507576e-01
   1.0000000e+00   7.5478912e-01   8.6349769e-02   6.0821920e-01   2.6925270e-01   1.4439376e+00   2.0052974e+00
   1.0000000e+00   3.9672236e-01  -2.3163487e-01   7.5357519e-01  -1.1648202e+00   4.5408716e-01   6.7654675e-01
   2.0000000e+00   1.2038861e-01   2.1713617e+00   5.5194512e-02  -7.2638600e-01   2.9603323e-01  -9.2766939e-01
   2.0000000e+00   6.1368553e-01   2.0229443e+00  -1.2994116e+00   6.1643491e-01   5.8266744e-01   1.0969066e+00
   2.0000000e+00   4.0891170e-01  -5.6777276e-01  -7.5474788e-01   1.5740624e+00   8.4971658e-01   9.2943496e-02
   2.0000000e+00  -1.9818180e+00   1.3992579e+00   2.0680211e-01   1.3721554e+00   3.9543593e-01   4.5771899e-01
   2.0000000e+00   2.6999376e-01   2.6075463e-01  -7.0067583e-01  -4.2139449e-01   1.4016519e+00   3.0105934e-01
   2.0000000e+00   9.9794646e-01  -8.4262236e-01  -6.8562580e-01   1.7430331e+00  -9.2174458e-01   1.9541809e+00
   2.0000000e+00  -1.3308856e-01   2.5912785e+00   3.5396260e-01  -1.1509029e+00   1.0493894e-02  -1.3457805e+00
   2.0000000e+00  -2.7168644e-02   1.0282438e+00   2.8575047e-01   2.7586706e-01  -4.8414656e-01  -2.6235014e-01
   2.0000000e+00  -2.5241910e+00  -1.9294946e+00   3.6617513e-01   2.5310262e-01   1.1961404e+00  -2.5322116e-01
   2.0000000e+00  -1.1576393e-01   5.3095938e-01  -1.7172710e+00  -1.1942112e+00   1.8866159e-01  -2.8119212e-01
   2.0000000e+00  -4.6153587e-01   4.6510183e-01   9.7486576e-01  -9.2815586e-01   9.9938146e-01  -2.4855209e-01
   2.0000000e+00   1.7882029e+00   1.2369320e+00   1.8168592e+00   1.0398237e+00  -4.8330445e-01   4.9394180e-01
   2.0000000e+00  -1.1550085e+00   6.2633464e-01   1.2041402e+00  -4.9487215e-01  -1.9906234e+00  -1.8410863e+00
   1.0000000e+00   2.0270858e+00   7.7356492e-01   5.1867121e-01  -1.3145464e-01   7.2808286e-01   1.3714291e-01
   2.0000000e+00  -3.9281392e-01  -4.4628875e-01  -6.7331864e-01   1.3345243e-01  -1.1225919e+00  -1.1432556e+00
   2.0000000e+00   4.1238087e-01   2.4001305e+00  -6.1429905e-01  -1.8592330e+00   6.4917313e-01   7.3806192e-01
   1.0000000e+00   5.3309830e-01   4.2946067e-01   4.4951046e-01   3.3296291e-01   1.1820768e+00  -2.5935097e-01
   2.0000000e+00  -9.4256015e-01   4.9716879e-01  -1.4325195e+00  -1.1940981e+00   1.3566910e-01  -5.7527659e-01
   2.0000000e+00   1.0665305e+00   9.6731895e-01   1.2607913e+00   2.1359658e+00  -3.5818247e-01   2.1690172e+00
   1.0000000e+00   8.5737750e-02  -2.2717074e-01   3.6867635e-02  -1.4603327e+00   5.8246164e-01   1.8163800e+00
   2.0000000e+00   7.3278332e-01  -1.9212248e-01  -3.6496580e-01  -1.8550279e-02  -9.7578075e-01   1.7043669e-01
   2.0000000e+00   1.0730636e+00  -1.3098663e+00   1.0895022e+00   7.6015012e-01  -1.6111328e+00   2.1289268e-01
   1.0000000e+00   1.2821984e+00  -7.9897412e-01   5.7725353e-01  -5.5110935e-01  -7.0730826e-03   6.4602769e-01
   2.0000000e+00   1.3589238e+00  -4.6860780e-02   1.1517788e+00   9.3916562e-01  -1.2498349e+00  -2.2198447e-02
   1.0000000e+00   9.5299600e-01  -2.8914794e-02   1.1798552e-01   2.0621548e+00   4.7666267e-01   8.8643823e-01
   2.0000000e+00  -4.7398851e-01   1.7538895e+00   1.3072227e+00   2.0778721e+00  -5.4424854e-01   9.6295203e-01
   1.0000000e+00  -1.4919384e+00  -5.8497113e-01   4.7302007e-01   1.4795900e+00  -6.0486500e-01   7.1735726e-02
   2.0000000e+00  -1.6136754e+00   5.9059889e-01  -2.5046408e-01  -4.4263649e-01   1.2760046e+00   4.2391011e-01
   2.0000000e+00  -1.2984919e+00  -4.2382220e-01  -1.0651835e+00   5.4611437e-03  -8.9849890e-01   7.9598662e-02
   2.0000000e+00   6.8622073e-01  -1.6447378e-01   6.8815434e-01   5.0020089e-01   1.9745540e+00  -5.4491670e-01
   2.0000000e+00  -1.0823192e+00  -1.6350095e+00  -4.0610989e-01   1.4941318e-01  -6.8946439e-01  -2.5920341e-01
   2.0000000e+00   1.6975018e-01  -3.2402098e-01  -4.2646480e-01   1.3865902e+00  -1.8096339e+00  -9.5862083e-01
   2.0000000e+00  -1.0447460e+00  -1.0434626e+00  -4.7218947e-01  -2.1954943e+00   1.5333709e-01   5.8712042e-01
   2.0000000e+00   1.1171602e+00  -4.7483635e-01  -1.0575183e+00   4.9293805e-01   9.8830058e-01  -2.3142953e-01
   1.0000000e+00  -5.1644393e-01  -9.2006641e-01   1.6075725e-02   5.6075805e-01  -2.4660960e-01  -1.8701192e-01
   2.0000000e+00   1.3784374e-01  -1.3401999e+00   5.5706636e-01   8.2899124e-01  -2.0461597e+00  -1.3106302e-01
   1.0000000e+00  -1.7588965e-01   8.6248462e-01   3.7136769e-01   3.9387704e-01   1.5505372e+00  -2.3752444e+00
   2.0000000e+00  -3.7124106e-02  -6.0358379e-01   1.0643100e+00  -1.0725426e+00   3.2865780e-01   9.5556051e-01
   2.0000000e+00   5.4648554e-02   1.1870640e+00  -2.4260691e+00  -1.4470268e+00   6.4572853e-01  -9.3579722e-01
   1.0000000e+00   4.6658869e-01  -8.7592213e-01   3.8443830e-01   1.9521185e+00  -5.5552322e-02   1.6067921e+00
   2.0000000e+00  -1.9413536e+00   1.3386966e+00   1.0967640e+00  -6.2291951e-01   1.3842000e+00   4.4250155e-01
   2.0000000e+00  -6.1078839e-01   1.0855815e+00  -1.2812198e+00   9.0468422e-01   8.4635505e-02   4.3566916e-01
   1.0000000e+00  -1.8171909e+00   3.2593674e-01   6.8085467e-03  -6.5282576e-01  -7.8167353e-03   1.0983886e+00
   2.0000000e+00  -9.8105493e-01   8.2158855e-01   8.9203399e-01  -4.1488292e-01   4.0452844e-01  -7.8989208e-01
   2.0000000e+00   3.9081406e-01  -5.4029062e-01  -2.1835261e+00   2.0152776e-02   4.9785070e-01  -2.9358871e-01
   1.0000000e+00  -1.3616686e+00   4.1406431e-01   6.1698594e-01  -3.0960892e-01  -5.7797176e-04  -2.1336706e+00
   2.0000000e+00   1.8302612e+00  -2.0031323e+00   5.5491567e-01   1.0870967e-01   6.6532421e-01   1.2795769e+00
   2.0000000e+00  -7.5229821e-01   9.0715845e-01   1.3649750e+00   2.7667411e-01   8.7302662e-02  -2.6129258e-01
   2.0000000e+00  -1.1057038e+00  -1.5507502e+00  -3.8126859e-01  -7.4468152e-01   4.1285149e-01   4.8855865e-01
   2.0000000e+00  -1.9788572e-01   2.4717155e-01   9.9890924e-01   1.5654809e-01   1.5960344e+00   1.2584538e+00
   2.0000000e+00   3.6845989e-01   1.1782849e+00  -1.0815226e+00  -1.7517797e-01  -7.5541894e-01  -3.4260070e-01
   2.0000000e+00  -2.9403896e-01   4.2900080e-02   9.7046092e-01   2.3128394e+00  -1.8227773e+00   8.0305820e-01
   1.0000000e+00  -9.6759283e-01  -7.1187884e-01   3.6352417e-01   1.7153954e+00  -3.2336521e-01   7.5105918e-01
   2.0000000e+00   9.9566625e-01  -4.4209652e-01  -1.2051142e+00  -4.9047116e-01  -1.5478239e+00   1.2114286e-01
   2.0000000e+00   1.1087756e+00  -3.1838839e-01  -1.7705236e-01  -6.9921715e-01   1.1120238e+00  -1.7097685e+00
   2.0000000e+00   1.1691171e+00   1.1802122e-01  -5.3231843e-01  -2.1056596e+00   8.8357002e-02  -3.1500861e-01
   2.0000000e+00  -1.1626629e+00  -5.7353451e-02  -2.2638793e-01   6.1773786e-01  -1.1162322e+00   6.3123022e-01
   2.0000000e+00   2.0274544e-01  -9.5390160e-01   7.1773459e-01   1.4718200e+00  -2.7577974e-01   1.3074478e-01
   2.0000000e+00  -3.0669155e-01  -2.6538629e+00  -9.0414985e-01  -7.9969136e-01   1.3273090e+00  -3.4203136e-01
   2.0000000e+00   5.0231727e-01   3.8137546e-01   1.5184727e+00  -5.8867594e-01   2.5674358e-01   7.8118848e-01
   2.0000000e+00  -2.2693516e-01  -2.5128503e+00   6.9968681e-01   5.8868752e-01   6.6318687e-01   7.1769609e-01
   2.0000000e+00   5.2878109e-01  -2.6038824e-01  -6.5039392e-01  -3.2694605e-01   7.2906162e-02   3.7825502e-01
   2.0000000e+00  -4.0344391e-01  -6.5826656e-01   2.1190135e+00   1.6504778e+00  -7.6100950e-01   1.3632246e+00
   2.0000000e+00  -1.2347099e+00  -2.2354227e+00   9.9633203e-01   5.1417560e-01   1.5614029e+00   1.4133578e+00
   2.0000000e+00  -7.4329213e-02  -3.6441646e-01  -6.9196582e-02   1.6468579e+00   9.2540234e-01   9.5067820e-01
   2.0000000e+00  -9.2457646e-01  -3.7360131e-01   1.7056215e+00  -2.0422244e+00  -2.7979280e-01   5.0587577e-01
   2.0000000e+00   1.4852475e+00   1.0384720e+00   6.3651204e-03   5.7756358e-01   1.2319967e-02  -4.2884029e-01
   1.0000000e+00  -2.5662401e-01  -7.5420495e-01   3.0519374e-01   1.1299313e+00  -8.2903303e-01   1.4781756e+00
   2.0000000e+00  -1.3508088e+00   1.2239516e+00  -9.2504743e-01  -4.8424236e-01  -1.9289778e+00  -6.2767292e-01
   2.0000000e+00  -2.6905763e+00  -7.0881887e-01  -2.1409592e-01  -2.2574562e-01   7.0606029e-02  -9.4545014e-01
   2.0000000e+00   2.6176063e-01  -6.3652375e-01   1.1549893e+00   4.2542374e-01  -6.8028718e-01   2.3545224e+00
   1.0000000e+00   1.1985391e+00   3.8486282e-01   1.8401269e-01  -1.0587178e+00   1.0513906e+00  -8.6842882e-02
   2.0000000e+00  -1.7043316e-02  -3.1326521e-01   1.7378677e+00   1.2584597e+00   9.0345924e-01  -2.5165505e-01
   2.0000000e+00  -5.2682101e-01  -1.0908899e+00  -8.0694803e-01   4.1774278e-01  -6.9549588e-01  -6.8938209e-01
   1.0000000e+00  -1.0761485e+00   3.0278414e-01   5.7722767e-01   4.1874041e-01   8.7112948e-01   8.6015836e-02
   2.0000000e+00  -1.1553125e+00  -1.9259072e+00   1.8318665e-01   1.5546028e+00   7.0742829e-01  -1.3665763e+00
   1.0000000e+00   1.1002734e+00  -1.7535234e-01   6.1161935e-01  -6.4448219e-01  -1.9647300e-01   8.5752673e-02
   2.0000000e+00  -7.0047975e-01  -1.3297663e+00  -3.4470328e-02  -7.4341332e-01   4.0116384e-01  -7.3882668e-02
   2.0000000e+00  -5.2399367e-01   1.3799994e-01  -1.0697632e-01  -2.4526127e-01   1.5087186e-01  -3.0336247e-01
   2.0000000e+00   1.4139241e+00  -9.6025158e-01  -9.4293607e-02   6.4424204e-01  -1.4134884e+00  -4.2724308e-01
   2.0000000e+00  -1.0622711e+00  -1.5393592e+00  -2.1516382e+00   1.2075322e-01  -3.4915974e-01   5.4570189e-02
   2.0000000e+00   3.5113670e-01   1.3776290e-01   2.2681888e+00   1.2419007e+00   2.0562011e-01   2.8573139e-01
   2.0000000e+00   1.3526362e+00  -1.2865745e+00   1.2808279e+00   1.4381497e+00  -9.8778464e-01  -1.2792356e+00
   2.0000000e+00  -9.0183394e-01  -1.0674047e+00   1.7643725e-01  -4.9904059e-01   1.8962079e-01   7.4389990e-02
   2.0000000e+00  -5.1164466e-02   7.5307051e-01   2.2677337e+00  -1.1608205e-01  -5.0745564e-01   1.3090051e+00
   2.0000000e+00  -1.2751440e+00   9.7901271e-01   1.1055053e+00  -8.3229069e-01  -7.5785415e-01   1.2129936e+00
   2.0000000e+00  -3.9015435e-01   1.0711548e-01   3.5024152e-01  -5.5284405e-02  -2.1337211e+00   2.3915638e-01
   2.0000000e+00   5.7255632e-01  -4.7197654e-01  -8.1405251e-01  -8.2543920e-02  -6.4269439e-01   1.9093265e+00
   2.0000000e+00   9.9368642e-01   1.0810814e+00  -8.4354674e-01  -6.4158610e-01  -5.9792108e-01   9.9914128e-01
   2.0000000e+00   1.3531244e+00  -7.2367773e-01   8.6605119e-01  -1.4047395e+00   1.1559557e-01  -1.0160775e+00
   2.0000000e+00   6.0221518e-01   8.2350804e-01  -5.4577168e-01   1.1239390e-01   2.0691508e+00   1.0034678e+00
   2.0000000e+00  -2.0918116e+00  -2.5458927e+00  -5.3507370e-01  -3.1197823e-01  -4.5374671e-01  -9.6765754e-01
   2.0000000e+00  -7.7586310e-01  -1.5678924e+00  -1.0932802e-01  -1.8191103e-01   1.8360742e+00   1.6635896e+00
   2.0000000e+00   1.1962443e-01  -1.0296268e+00  -2.2368327e-01   6.7565044e-01   6.7674278e-01   4.4037888e-03
   2.0000000e+00   2.5148450e-01   1.2560726e+00   4.8458668e-01   3.7484108e-01   1.2864432e+00  -1.3445514e+00
   2.0000000e+00  -1.0270813e+00  -1.5309214e+00  -4.4253485e-01  -1.1138305e+00  -3.9727775e-01  -2.3495451e-01
   2.0000000e+00   4.7737347e-02   1.1017715e+00  -1.5914583e-01   1.8083604e+00   1.6157421e+00   6.8945221e-01
   2.0000000e+00  -1.5015169e+00  -1.8648956e+00   4.4870209e-01  -1.8132389e+00   7.2292137e-01   1.2599480e+00
   1.0000000e+00   5.5270640e-01  -1.3363851e-01   5.2959765e-01  -6.8354671e-01  -5.2405324e-01   1.5933121e-01
