   2.0000000e+00   5.8082027e-01   4.1736426e-01  -1.0987198e-01  -1.1086478e+00   1.3714046e+00  -1.7458816e+00
   2.0000000e+00  -2.7539143e-01   2.3062410e-01  -2.9984194e-01   1.5198683e+00   1.0895495e+00  -5.4273155e-01
   2.0000000e+00  -2.8910535e-01   1.3185608e-02  -4.0511525e-01  -1.2329503e-01  -1.8224754e-01  -2.0749471e+00
   1.0000000e+00   4.2382558e-01  -2.1649110e-01  -9.2917909e-01   1.7855526e-01  -5.2808950e-01  -9.1325389e-01
   2.0000000e+00  -1.0030645e+00   1.4153282e+00  -1.1744671e+00  -9.5966461e-01   1.3490287e+00   1.7767328e+00
   2.0000000e+00  -2.3503848e-01   2.8156233e+00   8.0613827e-01   2.7723863e-01   8.6314223e-01   2.4651752e-01
   2.0000000e+00  -2.5386223e-01  -8.8736183e-01   1.2236412e+00   2.4596720e+00   1.5152112e+00   4.9750854e-01
   2.0000000e+00  -2.6974993e-01   2.6328355e-01  -2.7774741e-01   1.0953696e+00   1.3113943e+00   8.0078606e-01
   2.0000000e+00   9.1879948e-01  -1.0932019e+00   6.9830261e-01   1.3002957e-01  -3.1839316e-01   1.2035232e+00
   2.0000000e+00   1.6079479e-01   1.1882807e+00  -1.6396655e-02   1.3412371e+00   4.1503142e-01   3.7245317e-01
   2.0000000e+00  -1.7366728e+00   1.5805694e+00   1.8532612e+00   2.1379931e+00   5.3453950e-01  -1.8368413e+00
   2.0000000e+00   5.4211916e-02  -4.2138323e-01   9.2952691e-01   2.2063585e+00  -1.3573372e+00  -1.9252092e+00
   2.0000000e+00  -1.7702269e+00  -7.3000226e-01   7.4871175e-01  -1.6787411e-01  -1.1306763e+00   9.7657769e-01
   2.0000000e+00  -1.1967250e-01  -1.8670073e+00  -2.2755999e+00   1.2823863e+00   6.4691400e-01   5.6380432e-01
   2.0000000e+00   9.8204231e-02  -7.7789855e-01   1.7792867e+00   7.6523675e-01   4.2424669e-01   7.5624435e-01
   2.0000000e+00   1.2289821e+00   1.7329246e+00  -6.1860543e-04  -4.8992464e-01   5.8770137e-01  -4.3518868e-01
   2.0000000e+00   1.4404677e-01   2.7035715e+00  -2.5096540e-01  -1.3807793e+00   3.0048373e-01  -4.3315508e-01
   2.0000000e+00  -9.6387259e-01  -5.4903104e-01   9.6556099e-01  -9.1624672e-01   5.6845958e-01  -1.2367643e+00
   2.0000000e+00   6.0809288e-01  -1.3907390e+00  -1.8432471e-01   4.4353945e-01  -1.5092949e+00  -1.8559600e+00
   2.0000000e+00   3.1158393e-01   1.2615295e+00   4.1736235e-01  -6.8995536e-01   6.4201028e-01  -2.9824737e-03
   1.0000000e+00  -1.2859415e+00   4.4645809e-01   3.0272816e-01   6.4446475e-01  -1.0111312e+00  -1.2181416e+00
   1.0000000e+00   2.2589385e-01  -3.4092618e-01   7.2573578e-01   8.7299009e-02  -3.0012913e-01  -5.1330859e-01
   1.0000000e+00   1.7347160e+00   7.2491567e-01  -1.6736828e+00   6.4969048e-01   4.3557101e-01   1.4281587e+00
   2.0000000e+00   2.9490464e-02   1.5933326e+00   1.8761664e-01  -9.7815421e-01   9.5099932e-01   6.1203078e-01
   2.0000000e+00   1.4854766e+00  -1.1744602e+00   5.9130207e-01   6.3809351e-01   1.2106768e+00   9.2328845e-01
   2.0000000e+00   3.8507163e-01   1.1884849e+00   7.2658243e-01  -9.7780521e-01   7.8048842e-03   4.2896396e-01
   2.0000000e+00  -1.2505356e+00   1.3017019e+00   1.4208230e+00  -4.0796061e-01   1.3611511e+00  -1.3934462e-01
   2.0000000e+00  -3.7695829e-01  -1.5507576e+00   5.6184179e-01  -5.7892264e-01   1.5191966e+00  -4.1139655e-01
   1.0000000e+00  -9.2691087e-01   1.3384934e-02   1.3419593e+00   3.9035488e-01   5.6661423e-02  -2.3204606e-01
   1.0000000e+00  -9.2125995e-01  -8.4904234e-02  -1.9685938e+00   6.6218475e-01  -9.6314608e-01  -1.0053086e+00
   2.0000000e+00   2.8705104e-01   2.5032027e-01  -7.7181149e-01   1.5660528e+00  -8.8437942e-01   7.2987342e-01
   1.0000000e+00   1.2300751e+00  -2.9677563e-01  -6.2535481e-01   5.6321233e-01   2.4519744e-01  -1.2618880e+00
   2.0000000e+00  -4.6261398e-01   2.3689826e-01   1.2423910e+00   1.3492581e+00   7.2890828e-02  -4.9193448e-01
   2.0000000e+00  -1.3581480e-01   4.6046977e-01  -5.5565341e-01   9.3530463e-01   7.5787098e-01   4.6546531e-01
   2.0000000e+00   2.7356367e-02  -3.0042298e-01  -1.6632564e+00  -5.2648579e-01  -1.0591879e+00   6.9122069e-01
   2.0000000e+00  -2.4592799e-01  -1.1675560e+00  -7.5395863e-01  -5.9805986e-01  -2.7905995e-01   3.3522106e-01
   2.0000000e+00   1.4936395e-01   1.3059628e+00   7.5654477e-01   1.1454986e+00  -5.4992224e-01   1.0335499e+00
   2.0000000e+00   1.0517651e+00   6.8410583e-02   6.8069058e-01  -3.3658480e-01  -1.2799464e+00   8.6475662e-01
   2.0000000e+00  -1.3639452e+00   2.1542028e+00   9.8057304e-02   2.1195331e-01  -1.0967882e+00  -1.6954005e+00
   2.0000000e+00  -5.2774120e-01   8.8800005e-01  -2.7687456e-01   7.9011902e-01   1.1723511e+00   2.6774405e-01
   2.0000000e+00   4.5722666e-01  -2.2752259e-01  -4.9144074e-02   1.4494119e+00   1.7512790e-01   9.1074052e-01
   2.0000000e+00   2.3856164e+00   9.1520477e-02   6.0824588e-01  -5.3115311e-01  -4.0716680e-01   2.3568634e-01
   1.0000000e+00  -2.3783669e-01   1.9836264e-01  -8.2159322e-01   5.3975908e-01   9.7645740e-01  -1.6192990e+00
   2.0000000e+00  -1.8795460e-01   2.8446790e+00  -5.2074309e-01  -1.7515217e-01   4.2115440e-01  -6.0431592e-01
   2.0000000e+00  -4.5902127e-01   1.9576821e-01   4.1612205e-01  -1.1709337e+00  -3.8658863e-01  -1.6973888e-01
   2.0000000e+00  -1.8228593e-01  -1.7397524e-01   2.2096795e+00  -5.4007410e-01  -1.8221165e+00  -2.7558431e-01
   2.0000000e+00  -7.7367408e-01  -1.5921615e+00   4.0668629e-03  -1.0426446e-01  -4.6685051e-01   7.0558020e-01
   2.0000000e+00  -2.7798053e-01  -1.3746479e+00   1.5133849e+00  -3.0475870e-01  -1.0136209e+00  -8.6207701e-01
   2.0000000e+00   5.0635568e-01   1.4390951e+00  -5.4633008e-01  -9.0456223e-01  -7.1764308e-01   4.6761231e-01
   1.0000000e+00  -3.0729967e-01  -6.1773303e-01  -8.9359507e-01   4.6748206e-01   8.8151060e-01  -1.0932090e+00
   2.0000000e+00   7.3507126e-01   6.6102282e-01   7.5871941e-01  -1.0358776e-01   4.3705079e-02  -1.0081571e+00
   2.0000000e+00  -2.0565389e+00   4.3827055e-01  -1.2441091e+00  -3.1584102e-01  -1.3296289e+00  -6.0745501e-01
   1.0000000e+00  -1.1467264e+00  -2.1659497e-01  -3.0678812e-02   3.7393518e-01  -1.9826467e+00   2.2988005e-01
   2.0000000e+00   8.2362443e-01  -8.0085789e-01   3.8508545e-01  -1.3678585e+00  -1.6360718e-01   1.0998737e+00
   2.0000000e+00   1.5554221e-01  -2.5294080e-02  -6.3035065e-01  -2.7477732e-01   1.0577952e+00   3.3747565e-01
   2.0000000e+00   1.8956906e+00  -2.6786023e-01  -1.1359810e+00  -6.7061279e-01   1.4569511e+00  -6.6298018e-01
   2.0000000e+00  -2.3532561e+00   1.2326400e+00  -2.3025412e+00  -1.7651864e+00  -5.3786094e-01   9.9178860e-01
   1.0000000e+00  -2.1628357e-02  -2.2614663e-01   4.7566550e-01   4.0591102e-01   1.5801652e+00  -3.6108007e-02
   2.0000000e+00  -8.8012455e-01  -6.7488517e-01   4.7356453e-01  -1.7840379e+00   5.6199037e-01  -1.4231654e-01
   1.0000000e+00   4.4309713e-01  -3.7285366e-01  -6.1161150e-01   7.1924979e-01   6.6873634e-01  -2.1700849e-01
   2.0000000e+00   2.4160142e-01  -3.6340934e-01  -1.2494633e+00  -1.5692497e+00  -6.0386688e-01  -6.2213908e-01
   2.0000000e+00   2.1756754e-01   1.1434480e-01   2.5175990e-01  -5.5929368e-01   1.2091936e+00  -7.3712139e-01
   2.0000000e+00  -3.2429134e-01   4.0471840e-01   1.3803061e+00  -1.3063853e+00   9.5622338e-01   2.4765212e-01
   2.0000000e+00  -8.7633834e-02   5.9412514e-01   5.8760052e-01  -4.6023764e-02  -1.4693490e+00  -2.2393253e+00
   2.0000000e+00  -6.6567871e-01  -7.1992197e-01  -2.1967455e-01  -6.9604555e-01  -1.1927775e-01   4.9144853e-02
   2.0000000e+00  -9.9727728e-01  -1.5636176e+00   7.1812965e-01  -9.2613007e-01  -1.8734217e+00   4.7200101e-01
   2.0000000e+00   6.6234530e-01  -9.6096474e-01  -5.8264816e-01  -1.4230787e+00   2.2687902e-01  -4.7802945e-01
   2.0000000e+00   1.4101283e+00   7.0709255e-01  -9.7372758e-01   7.1501566e-01   8.3521581e-01   5.3875722e-01
   2.0000000e+00   8.1053553e-01   1.1517263e+00  -6.7603033e-01  -1.8174238e+00   5.2740929e-01  -1.6489805e-02
   2.0000000e+00   1.3522313e+00   3.1596339e-01  -1.4651133e+00  -8.2995316e-01   9.1007787e-01   2.1194481e-01
   2.0000000e+00  -1.8162717e+00  -1.7093470e+00  -7.7847442e-01  -8.4832627e-01   1.1331716e+00  -1.7949140e+00
   2.0000000e+00   7.2280486e-01   1.3051294e+00  -5.7143615e-01  -1.1249787e+00   8.9461785e-01   1.2144618e-01
   2.0000000e+00   1.0900239e-01  -1.4403986e+00  -1.6281369e+00   3.7732296e-01   5.9365452e-01  -1.6375719e+00
   1.0000000e+00  -5.4641736e-01   1.5533607e-01   1.0119331e+00   1.2758782e-01  -2.3826435e+00   6.7641099e-01
   2.0000000e+00  -1.3396522e+00   4.5191361e-02   1.2081662e+00  -3.7946628e-02  -1.6852623e-01   6.0601116e-01
   2.0000000e+00   3.2531029e-01  -1.7025550e-01   1.4441833e-01  -1.6790515e+00   1.3954521e-01  -4.5484766e-01
   2.0000000e+00   3.2061012e-02  -1.6434527e+00   7.3347314e-01  -3.6178690e-01   1.5809596e+00  -1.0705170e+00
   2.0000000e+00  -7.1737134e-01  -1.5465025e-02  -2.2604989e-01   1.6296468e+00  -2.2560185e+00  -7.1992658e-02
   1.0000000e+00   1.5305032e+00  -5.7837222e-01   6.0103892e-01   5.7390649e-02   4.3069009e-01  -5.7559569e-01
   2.0000000e+00   3.0350912e-01   1.0450137e+00  -2.5645567e+00   1.4617341e+00   5.6380313e-01  -5.6213668e-01
   2.0000000e+00  -4.1979850e-01  -2.4348613e+00  -2.6224945e-01   9.9669700e-02   1.3272232e+00  -2.2367794e-01
   2.0000000e+00   1.9434223e+00  -1.0829541e+00   9.3978382e-01  -9.2379508e-01   1.3949363e+00  -5.1745399e-02
   1.0000000e+00   9.4493737e-01   1.1448325e-01   2.3255357e-01   1.1496592e-01  -1.0517551e+00   4.7456031e-01
   2.0000000e+00   4.0115764e-01  -2.4448818e+00   1.3015300e+00   5.8084879e-01   7.1345734e-02   9.7803770e-01
   2.0000000e+00   4.7713291e-01   1.5813145e-01  -8.2157510e-01  -2.1125112e+00  -3.8423261e-01   5.8907662e-01
   2.0000000e+00  -2.1161044e+00   1.0631850e-01  -1.4467701e+00   1.9045129e-01   1.1817317e+00   2.7723790e+00
   1.0000000e+00  -8.2405711e-03   9.2041632e-01  -2.0102893e-01   7.3505306e-02  -8.0530953e-01  -1.5564123e-01
   1.0000000e+00  -1.7735467e-01   3.4585342e-01  -1.0326080e+00   8.6474562e-01  -1.4969795e+00   6.8338770e-01
   2.0000000e+00   2.6566384e-01  -6.0762854e-01   7.9061858e-01  -5.5868974e-01   7.8472040e-01   1.3016656e+00
   2.0000000e+00  -2.2718627e-01  -9.5525772e-01   1.1255479e+00  -2.0855474e-02  -1.4525799e+00   1.5462674e+00
   2.0000000e+00   1.0812600e+00  -2.1068989e-01   7.2653680e-01  -1.4086355e+00   1.7481302e+00  -2.3976976e-01
   2.0000000e+00  -5.8390755e-02  -1.0821659e+00   1.1279253e+00   1.3269550e+00  -1.9962783e-01  -3.7954345e-01
   2.0000000e+00   1.3692266e+00   9.8189097e-01   2.3091329e-01  -4.5091869e-01  -4.8594440e-01   4.8391765e-01
   2.0000000e+00  -4.8676434e-01   1.5588495e+00  -3.4462596e-01  -1.6750103e+00  -3.3241134e-01  -4.2627435e-01
   2.0000000e+00   3.2195008e-01   9.4641813e-01  -6.4315536e-01  -9.6180498e-01  -1.2198236e+00   1.9084446e+00
   2.0000000e+00   6.7853662e-01  -2.1884704e+00   6.7441083e-01  -5.5031760e-01   5.3043320e-01   2.2374280e-01
   1.0000000e+00  -1.0740892e+00   4.8726920e-01  -3.8371507e-01   4.8557000e-01   1.1726286e+00  -1.5661237e+00
   2.0000000e+00  -2.2212360e+00   7.3198694e-01  -6.9859994e-01   7.1852333e-01   7.9340269e-01  -1.7985722e-01
   2.0000000e+00  -5.0728446e-01   1.5277135e-01   6.5178018e-01   2.2883595e+00   4.9879642e-01  -1.3816378e+00
   2.0000000e+00   1.9503400e+00  -2.2794724e-01  -2.8233028e-01  -2.1299645e+00  -1.1279969e-01  -5.8921711e-01
   2.0000000e+00  -4.1703913e-01   6.8739349e-01  -8.6153196e-01   7.5236833e-01   8.9395876e-02  -4.1031505e-01
   2.0000000e+00  -6.7989927e-01  -6.5428921e-01  -5.0460877e-01   2.0709033e+00   2.0097976e+00  -1.2217287e+00
   2.0000000e+00  -1.3940728e+00   5.9829044e-02   7.4955921e-01   1.5283334e+00  -2.4527697e-02  -1.3357988e+00
   2.0000000e+00  -5.3655639e-01  -2.8979530e-01  -3.3616023e-01  -2.9081617e-01  -1.6140252e+00   4.3741819e-01
   2.0000000e+00   3.0917058e-01   1.9049243e+00  -1.4720310e+00   6.8464002e-01  -1.0823909e+00   5.5367165e-01
   2.0000000e+00  -1.1442019e+00   6.6604165e-01   5.9997567e-01  -9.9420406e-01   2.0416293e+00  -5.8263686e-01
   2.0000000e+00  -1.6662706e+00   1.3176441e+00  -2.0898212e+00   8.4720197e-01   1.3082584e+00  -8.5696821e-01
   1.0000000e+00   6.1143995e-01  -6.4423389e-01  -6.1259441e-02   5.4564824e-02  -2.6728151e-01   1.7310063e+00
   2.0000000e+00  -2.4535818e+00   1.2241932e+00   1.1077449e+00  -5.5737284e-01  -4.0823733e-01   1.5825693e+00
   2.0000000e+00  -1.2317538e+00  -8.6366926e-01   1.0212924e+00  -9.8708690e-02   8.7312947e-01  -4.5776818e-01
   2.0000000e+00   2.0332503e+00   1.3799895e+00   9.0450225e-01   8.7995630e-01   1.0307409e+00  -5.2127466e-01
   2.0000000e+00   1.1485017e+00   1.2183626e+00  -2.3797109e+00  -8.4649903e-01  -1.5101918e-01   1.1059451e+00
   2.0000000e+00  -1.1878246e+00   9.6020613e-01  -4.5497358e-01   7.1163012e-01  -7.6624060e-01   5.4208189e-01
   1.0000000e+00   3.5930400e-01   7.3154773e-01   1.1641923e+00   5.9971392e-01   8.6950269e-01  -1.7690312e+00
   2.0000000e+00   5.1915067e-01   6.8868336e-01  -5.0053423e-02  -6.5417317e-01  -1.9583470e-01  -8.7126175e-01
   2.0000000e+00  -7.3286500e-01  -1.9350239e+00   1.8266143e+00  -3.1439207e-01   5.3906028e-01  -2.8145563e+00
   2.0000000e+00   3.2209054e-01  -4.2513615e-01  -4.0476154e-01   1.3067008e+00   7.2212521e-01  -3.0729680e-01
   2.0000000e+00   2.0358617e+00  -6.9324555e-01  -3.6145598e-01   2.0699316e-01   5.0773118e-01  -7.5106816e-01
   2.0000000e+00   1.3320387e+00  -2.2234560e+00  -9.3372471e-01   7.5514670e-01  -1.0882185e+00  -3.9055563e-01
   1.0000000e+00  -3.9411958e-01  -2.3697048e-01   6.8903418e-02   3.6133100e-02  -8.3632226e-01  -1.0420487e+00
   2.0000000e+00  -2.7953615e-01   1.0530762e+00   5.3921079e-02   1.7343887e+00  -1.6139510e+00  -9.8393877e-01
   2.0000000e+00   9.3247457e-02  -4.1282665e-01   1.3964467e-01  -2.5326693e+00   3.5241654e-01   3.2050991e-01
   2.0000000e+00  -7.9399238e-01   8.0238982e-02  -1.0232382e+00  -1.6544911e+00  -7.9659117e-01  -1.0102549e+00
   2.0000000e+00  -4.5981932e-01   6.5947690e-01   1.3011309e+00  -1.1132753e+00   3.9515044e-01  -1.4571320e+00
   2.0000000e+00   9.1447621e-01  -1.0425528e+00  -8.8927133e-02  -1.1525424e+00  -2.9572003e-02   3.4375291e-01
   2.0000000e+00  -4.6841845e-01  -1.0892605e+00  -2.5485082e+00  -1.2580232e+00   7.1180580e-01   1.3645730e+00
   2.0000000e+00   1.9321582e+00  -1.7711114e+00  -7.4807338e-01  -1.1275030e+00  -1.8377230e-01  -2.5752579e-01
   1.0000000e+00   1.3995959e+00   8.9825730e-01   1.9124686e+00   5.3766306e-02  -3.3950228e-01  -8.0644825e-01
   2.0000000e+00   1.1125729e+00   9.9218856e-01  -2.1895503e-01  -1.8159192e+00   1.9027390e+00  -3.9766940e-01
   2.0000000e+00   1.9179712e-01  -5.5139323e-01  -2.0480773e-02  -2.7710923e+00   1.3046124e-01  -9.2234799e-01
   2.0000000e+00   4.8724529e-01  -1.0931413e+00   1.7125428e-02  -1.5552703e+00   1.2513878e-01   7.1206690e-02
   2.0000000e+00   2.0026778e-01   3.9464809e-02  -1.4715189e+00  -8.1317161e-03  -1.8281552e-01   1.9037801e+00
   2.0000000e+00   5.7360200e-01   1.3999422e+00  -1.2295286e+00  -1.2922158e-01   7.8869583e-01  -5.6083988e-02
   1.0000000e+00  -6.1303611e-01   9.5417356e-01  -1.2505706e+00   1.9665885e-01   4.3060189e-01  -1.6360852e+00
   1.0000000e+00  -1.2668860e+00  -6.8645192e-01   1.2323431e+00   5.0435867e-01  -1.0550205e+00  -1.7893111e+00
   2.0000000e+00   4.0100067e-01  -1.2145376e+00   1.3227619e-01   1.8427585e+00  -1.2717157e+00   2.1002174e-01
   2.0000000e+00  -1.8218294e-02  -1.2752700e+00   7.5578436e-02   7.1609187e-01  -4.7298312e-02  -8.7819321e-02
   2.0000000e+00   2.5701381e-01  -5.4405033e-01   1.0839779e+00  -7.3806671e-01  -1.6193191e+00  -1.5897621e+00
   2.0000000e+00   7.4696309e-01  -1.9494273e+00  -5.5237534e-01   1.4228502e+00  -1.3961186e+00  -2.9748375e+00
   2.0000000e+00  -1.2747833e+00  -1.8986059e-01   1.9031562e-02  -4.9589102e-02   4.9710760e-01  -4.0226017e-01
   2.0000000e+00  -2.4784018e-01   8.8782618e-01   4.2622789e-01   5.3964892e-01   2.8113925e-01  -1.9053142e-01
   2.0000000e+00  -4.7295667e-01  -8.2296837e-01   1.2355914e+00  -3.2649449e-01  -2.2382065e-01  -6.0114567e-01
   2.0000000e+00   6.7445556e-01   5.7066370e-01  -5.1388268e-01  -4.2365134e-01   4.8377085e-01  -2.5319397e+00
   1.0000000e+00   2.1672794e-01  -8.9474446e-01  -2.1157195e+00   1.4505011e-02   1.1520247e-01   5.9953986e-01
   2.0000000e+00   1.1055894e+00   7.4362039e-01   1.1578583e-01  -9.4113782e-01   1.7334667e+00  -3.0158033e-02
   2.0000000e+00   1.3232317e+00   1.3321336e-01  -2.2261029e+00  -2.5914083e-01  -3.1909068e-01  -5.9155864e-01
   2.0000000e+00  -2.2783242e-01  -1.2143079e+00  -1.4732021e+00   9.4380503e-02  -5.0392871e-01  -6.1714212e-01
   2.0000000e+00   2.4830032e-01  -1.1438548e+00  -2.1587433e+00  -2.3586143e+00   7.3630521e-01  -1.1348975e+00
   2.0000000e+00  -6.0191756e-01   1.7236912e+00   7.2307877e-01   4.5479874e-01  -1.3981681e-01  -1.2533900e+00
   2.0000000e+00   1.8662968e-01  -4.5893498e-01   2.2195487e+00  -1.7387004e+00   9.1731545e-01   8.4618691e-01
   2.0000000e+00  -2.3552048e-01  -1.7985247e-01  -3.7177729e-01  -1.2662003e+00   1.6353981e-01   9.3938702e-01
   1.0000000e+00   6.7606434e-01  -7.1552174e-01   4.7191324e-01   4.6250704e-01   8.7587996e-01  -1.2788236e+00
   2.0000000e+00   1.0730070e+00   1.6457414e+00  -1.5346819e+00  -1.3099723e+00  -1.4978234e-01  -1.1454309e-01
   2.0000000e+00  -1.5471987e+00  -1.9220487e-01  -1.0739539e-02  -2.6956337e-01   1.1896742e+00   4.6223617e-01
   2.0000000e+00   6.6384997e-01  -1.2216791e+00   4.2973965e-01   1.1466903e+00  -1.6602747e+00  -1.1055879e+00
   1.0000000e+00  -6.8563331e-01  -3.4611471e-01   2.2176664e+00   1.3480257e-02  -2.3575024e-01   2.2520084e-01
   2.0000000e+00  -1.7259880e+00   2.0820598e+00  -1.2743479e-01  -1.2310597e+00   1.2790918e+00  -3.7977018e-01
   1.0000000e+00  -1.6639590e-01   1.0824162e-02   3.1273285e-01   8.7366455e-01  -9.4863671e-02  -4.5897017e-02
   1.0000000e+00  -5.5179162e-01  -1.4602181e-01  -1.3953965e+00   6.2934733e-01  -1.7583928e+00   4.9394716e-01
   1.0000000e+00  -3.8908226e-01   5.1542931e-01  -1.5307567e-01   4.1721975e-01   1.1852901e+00   2.6404656e-01
   2.0000000e+00   2.8134424e-01   1.4683207e+00  -9.4816378e-01   1.5437921e+00   3.7493440e-01   1.5641250e-01
   2.0000000e+00  -1.6852280e+00  -7.9876715e-01  -7.1587178e-01  -1.5860535e+00   5.2557734e-01  -2.0986521e+00
   1.0000000e+00  -4.7546644e-01  -1.0593150e-01  -9.6877500e-01   7.1364295e-01  -6.9890840e-01   4.2422055e-02
   2.0000000e+00  -7.3881765e-02  -6.0988998e-01  -6.1181637e-01  -6.6264527e-01  -1.7832055e+00  -1.2788854e+00
   2.0000000e+00   4.0781438e-01  -1.0600213e-01   9.0024375e-01  -1.6906513e+00  -3.0801010e-02   9.1132427e-01
   1.0000000e+00  -2.0452117e-01  -7.4299583e-01  -1.2258284e+00   2.1183035e-01  -2.9361225e-01   4.9525853e-01
   1.0000000e+00   6.7128268e-01   6.0644935e-01   2.9710536e-01   6.8086863e-01   1.1313577e+00  -2.9656068e-01
   2.0000000e+00  -2.4324177e+00   4.8840857e-01   5.5948461e-01  -2.1967437e-01   3.3723407e-01  -2.3780535e-01
   2.0000000e+00  -1.4396759e+00  -7.2633251e-01  -1.2378951e+00  -1.3289284e+00   9.3104924e-03  -8.2738448e-01
   2.0000000e+00   1.2383854e+00  -2.2108252e+00  -3.7287568e-01   1.9821741e+00   2.4103808e-01   1.2349462e+00
   2.0000000e+00  -1.3028392e+00  -6.9641081e-02  -7.4618259e-01  -5.2164797e-01  -2.0284045e-01  -9.9623991e-02
   2.0000000e+00  -2.6294297e-01  -1.2868093e+00   1.1981812e+00  -2.2648475e-01  -6.3852636e-01  -7.0691121e-02
   2.0000000e+00  -4.7502190e-01  -4.9557924e-02   7.5973046e-01  -2.7936122e-01   9.5272582e-01   1.6504841e+00
   2.0000000e+00  -6.4375899e-02  -8.0612832e-01   1.4834314e+00   9.1590128e-01   4.8320009e-02  -1.1028402e-01
   2.0000000e+00   1.5066928e+00   2.3923847e+00  -1.0334987e-01  -1.1688034e-01  -1.2491691e+00   2.3318346e+00
   2.0000000e+00   5.1104815e-01   1.4409933e+00  -6.5067107e-01  -8.5298725e-01  -3.3773934e-01   1.0370735e+00
   2.0000000e+00   7.0059604e-01   1.1513797e+00   2.9075524e+00   5.1256752e-01  -3.0084669e-01  -5.9394985e-01
   1.0000000e+00  -1.6432004e+00   3.1263915e-02  -3.6518100e-01   1.8170973e-02   3.4987407e-01   2.3909595e-01
   2.0000000e+00  -2.7145445e+00   2.7081790e-01   1.5817914e+00  -1.8681460e-01   7.7439090e-02  -6.2672824e-01
   1.0000000e+00   4.1621521e-01  -7.9894384e-03  -5.2879914e-01   7.4553820e-01  -6.7748682e-01  -7.3182137e-01
   2.0000000e+00   1.9693492e+00   2.2481601e-02  -3.1178596e-01   1.2761691e+00  -3.4225855e-02  -4.9915729e-01
   2.0000000e+00   1.7186769e+00   5.1191716e-01  -8.7365412e-01  -1.1919270e+00   6.8432550e-01   8.5971659e-03
   2.0000000e+00  -3.3164506e-02  -1.6699362e+00   4.4713709e-01   2.5713036e+00   1.3839507e-01  -2.8086240e-01
   2.0000000e+00  -7.6630962e-01   1.1320126e+00   1.2333796e+00  -1.3027883e+00   2.1613584e-01   7.6375968e-01
   2.0000000e+00  -9.7793017e-01  -6.4780178e-01  -5.6924810e-01  -2.6998553e-01   4.9455620e-01   7.4469789e-01
   2.0000000e+00  -8.1202362e-02  -6.1164810e-01  -4.6319522e-01  -5.2850388e-01  -3.1933211e-01   1.1463180e+00
   2.0000000e+00  -5.5452530e-01   3.5823161e-01   1.8643527e+00   1.5231249e+00  -8.6829291e-01  -2.3530909e-01
   1.0000000e+00  -4.9959421e-01   4.2003162e-01  -7.8797048e-01   6.9024241e-01   4.9575058e-01  -6.6852320e-01
   1.0000000e+00   6.8898254e-01  -3.5775564e-01   1.4086056e+00   6.8903839e-01  -1.0567017e-01   1.5213085e-01
   2.0000000e+00  -3.0999196e-01   2.1715155e+00  -5.6783290e-01   9.8905339e-02  -6.6499422e-01   4.9950754e-01
   2.0000000e+00  -1.5471400e-01   3.7900641e-01  -7.7524621e-02  -1.1995455e+00  -1.2716854e+00   5.0303386e-02
   2.0000000e+00   1.5742558e-01   3.9065151e-01  -1.8856018e+00  -4.9232914e-01   9.2684788e-01  -1.7112150e-02
   2.0000000e+00  -1.2917245e+00   1.5901193e+00  -9.0230968e-03  -3.8527054e-02  -7.0612580e-01   9.2743569e-02
   2.0000000e+00  -3.1929115e-01   9.7588704e-01   5.4912889e-01  -2.1496634e-01  -3.0480327e-01   2.9213703e-02
   2.0000000e+00   5.2072809e-01   1.5871669e-01  -4.8103331e-01   1.3513754e+00   1.1118581e+00   7.9979400e-01
   2.0000000e+00   8.1864795e-01  -4.8935351e-01   8.3587966e-01  -1.6586089e-01  -3.4069226e-01  -1.7382088e-01
   2.0000000e+00   7.7809325e-01   4.6356910e-01   6.9060853e-01   1.8193498e+00   1.5634650e+00  -1.1701141e-01
   1.0000000e+00  -5.4676263e-01   4.6696672e-01   8.4852649e-01   6.5362361e-01  -6.3843937e-01  -8.0413921e-01
   2.0000000e+00  -3.8089524e-01  -1.5017754e+00  -2.3320210e-01   1.6208062e-01   1.8419925e+00  -3.7891331e-01
   2.0000000e+00   1.0209194e+00  -9.6808595e-01   6.7431551e-01   1.0302144e+00   8.0976746e-01   1.1714384e+00
   1.0000000e+00   1.1962726e+00  -9.7390864e-01   8.2862155e-02   6.3386614e-03   4.0620039e-01  -1.7070919e+00
   2.0000000e+00   1.8630366e+00  -6.6047374e-01   5.8781655e-01   1.1954281e+00   2.9049996e-01  -1.1249645e+00
   2.0000000e+00   2.3919833e-01  -1.1899115e+00   3.8748375e-01   3.7384330e-01   5.1476511e-01   1.7349829e+00
   1.0000000e+00  -3.0450158e-02  -9.2292816e-03  -1.0172056e+00   7.3850789e-01  -6.4231752e-01  -3.4841791e+00
   1.0000000e+00  -8.0599614e-01   3.4055125e-01  -1.1896395e-02   1.9975705e-01   7.0423480e-01   7.0076274e-01
   2.0000000e+00   1.2911774e+00   1.1272655e+00  -7.3006074e-02  -1.2892100e+00  -5.9423717e-01  -1.3486548e+00
   1.0000000e+00  -9.7171339e-01  -1.6078948e-01   7.9123368e-01   6.6937266e-01   8.2217283e-01  -2.3114255e-01
   2.0000000e+00  -7.9807425e-01   2.1793375e-01  -4.9955491e-02  -5.8121649e-01   8.3025550e-02   1.6531503e-01
   2.0000000e+00   4.1111575e-01  -1.7597719e+00   1.0010540e+00  -1.5026293e+00  -1.3787141e+00  -9.5177413e-01
   1.0000000e+00   6.3717512e-02  -3.8671054e-01   1.8286480e+00   1.3165155e-01   8.0291560e-01  -5.8519266e-01
   2.0000000e+00   4.6880889e-01  -1.6119533e-01   1.6619807e+00   2.7511851e+00   9.5337151e-01   8.5075993e-01
   2.0000000e+00  -3.3706539e-01  -8.6087032e-01   1.0312606e+00  -4.4649460e-01   4.9799726e-01   4.4652922e-01
   2.0000000e+00   1.5009903e+00   2.5124922e-01   4.4927435e-01   1.2621457e+00   5.3269300e-01  -1.2528062e+00
   2.0000000e+00  -8.7544366e-01  -1.0049841e+00   1.7832052e+00   5.8813453e-01   8.3310845e-01  -5.0461155e-01
   2.0000000e+00  -1.5106152e-01   1.3976776e-01   5.5795342e-01   1.4450861e+00  -2.7399652e-01  -7.2089670e-01
   2.0000000e+00  -8.9002596e-01   1.0741189e+00   1.4175716e+00   6.0049450e-01  -2.2940657e-03  -1.1130701e-01
   2.0000000e+00  -6.9346590e-01  -1.4183059e+00  -1.4552371e+00  -2.1039787e-01   3.4746753e-01   2.6751815e-01
   1.0000000e+00  -1.4661761e+00  -4.7983569e-01   1.8489011e-01   4.2842938e-02   1.1834740e+00   2.4041227e-01
   2.0000000e+00   1.8628225e+00   4.7232356e-01   1.9850117e+00  -7.3182432e-01   1.2341258e+00   4.5701423e-01
   2.0000000e+00   1.3100642e+00   1.8948178e+00  -4.3109750e-01  -9.6780542e-01  -2.8479936e-02   6.9892852e-01
   2.0000000e+00  -8.1364065e-01   6.9975350e-01  -1.1251768e+00   9.5741334e-01   7.3069391e-01  -2.4578985e-01
   2.0000000e+00   2.7759950e-01  -9.2358285e-02  -5.7235208e-02  -5.7526116e-01  -1.1534561e+00  -1.3219957e+00
   2.0000000e+00   5.2537525e-01  -4.9843478e-01  -2.2353915e-01  -1.4731803e+00   6.5360463e-01  -2.7219738e-01
   2.0000000e+00   1.1876014e+00  -8.3029985e-01  -6.9745217e-02  -3.9089697e-01  -5.5792111e-01   6.2850628e-01
   2.0000000e+00  -4.6766703e-01  -9.2602404e-01  -1.3519651e-01  -6.1118691e-01  -3.8291257e-02   2.8032238e-01
   2.0000000e+00   1.5986843e+00  -1.0562471e+00  -1.5098457e+00  -1.1499632e+00   7.9646197e-01  -6.2733852e-01
   2.0000000e+00  -6.0524848e-01   2.4968020e-01   2.1044359e+00  -1.5626198e-01   5.2134715e-03  -5.8623813e-01
   2.0000000e+00   8.7009470e-02   9.7797748e-01  -9.0507277e-01  -1.2282229e-01  -1.1148119e+00  -2.3121270e+00
   2.0000000e+00   3.9593847e-01   1.0340755e+00   2.5980639e+00  -7.1624850e-01  -1.4341714e+00   1.0028401e+00
   2.0000000e+00   5.8186949e-01  -3.5491794e-01   4.9669849e-01  -1.0554777e+00  -9.6371963e-01  -1.0375124e+00
   1.0000000e+00   4.7310064e-01   6.7043738e-01   2.3932827e+00   2.7252946e-01   1.6410438e-01   2.5666566e-01
   2.0000000e+00  -5.7715351e-01   8.5232260e-01   7.4760668e-01   6.9310357e-01   2.2688896e-01   7.1576628e-01
   1.0000000e+00   4.2576433e-01  -3.9235790e-01   3.8916946e-01   2.4138389e-01  -6.1618401e-01   1.7450588e-01
   1.0000000e+00   5.5397365e-01   4.6272593e-01  -1.8725514e+00   1.0208582e-01   8.9690585e-01   1.2406157e+00
   2.0000000e+00   1.1471090e+00  -7.7890665e-02   8.4447553e-01  -5.7690627e-03  -5.6044498e-01   8.0189911e-01
   1.0000000e+00   1.3912324e-01   6.7609795e-01  -1.3110622e+00   5.1421327e-01   5.2619830e-01  -1.7476785e+00
   2.0000000e+00   5.3993380e-01   2.5983183e-01   5.2474255e-01  -1.7397122e+00   1.6997874e+00   3.3592056e-01
   2.0000000e+00  -8.7905294e-02   8.0831281e-01  -1.1895146e-01   1.1954634e+00  -1.0607814e+00   1.3025571e+00
   1.0000000e+00   1.1918593e-01  -4.3939818e-01   2.7681781e-01   9.7836258e-02   1.4303977e+00   1.0902913e+00
   1.0000000e+00  -6.5201758e-01   9.1388342e-02   6.4117238e-01   8.6768293e-02   2.8308532e-01   5.2012609e-01
   1.0000000e+00   1.7026264e-01  -9.1932576e-01  -1.1928075e+00   2.5217228e-01   2.9322940e-01  -1.3702468e+00
   2.0000000e+00   5.0959600e-01   6.3978136e-01   1.6095048e+00  -4.2400395e-02   1.7681399e+00   6.4546082e-01
   2.0000000e+00  -4.7570272e-01   3.5152036e-01  -7.8809849e-01  -6.9914652e-01   1.0075742e-01  -1.3222028e+00
   2.0000000e+00  -4.9234525e-01  -1.6542899e+00   1.0409245e-01   1.6103051e+00  -1.0730962e+00  -1.2698993e-01
   2.0000000e+00  -1.1900430e+00   2.0747913e+00   3.3689549e-01   1.4622870e+00   7.5005379e-01   2.2642940e+00
   2.0000000e+00  -2.1212937e-01  -1.3196480e+00   1.3480516e+00   9.2893860e-01   1.9099633e+00  -2.5453143e-01
   2.0000000e+00  -4.5046254e-02   1.5388861e-01  -4.6523349e-01  -1.3112352e+00   1.0729228e+00  -7.2168098e-01
   2.0000000e+00   8.3084634e-01   9.4933500e-01   2.0164041e+00  -2.8553620e-01   1.7767812e-01  -4.7803798e-01
   2.0000000e+00   1.3178654e+00  -1.5348126e+00   3.2664674e-01   7.3782329e-02  -1.3204843e-01   8.4353189e-01
   2.0000000e+00  -1.6256337e+00  -1.9014904e+00   7.7606471e-01  -5.1310699e-01  -4.9514010e-01   2.0844623e-01
   2.0000000e+00  -6.1971310e-01  -1.5901937e-01  -1.3085650e+00  -3.2115337e-02   1.0827770e+00  -3.1205823e-01
   2.0000000e+00  -6.0417541e-01  -7.3701183e-01  -1.1409092e+00  -9.9949481e-01   3.0220456e-01  -7.9560206e-01
   1.0000000e+00   9.2293363e-01  -8.0961041e-01  -1.3160989e+00   9.4338145e-02  -7.1970363e-02  -7.3352961e-01
   2.0000000e+00  -7.9527975e-01   6.8517966e-01  -7.8608182e-01   2.0066037e+00  -5.7028423e-01  -2.3058460e+00
   2.0000000e+00  -7.2867763e-01  -3.4577819e-02  -3.2783485e-01  -4.8789785e-01  -1.8870436e-01   4.2971230e-01
   2.0000000e+00  -1.3762341e-01  -8.0417774e-02   1.5218047e+00  -3.9201814e-01   3.8402019e-01  -2.1802108e-01
   2.0000000e+00  -3.0537813e-01  -2.1285641e-01   5.5610686e-01  -2.0677261e-01   1.0507990e+00   4.5551415e-01
   2.0000000e+00   1.7091909e+00   2.4084416e-01   1.3551038e+00  -1.1144821e+00   8.4099115e-01  -8.7473466e-01
   2.0000000e+00   1.2831251e+00   4.4345229e+00  -5.7506836e-01  -7.9505965e-01   2.3051046e-01  -9.7895743e-01
   2.0000000e+00   1.6723258e+00   3.2097837e-02   2.3040402e+00   2.3991604e+00  -8.6335209e-01  -4.5043311e-01
   2.0000000e+00   8.1710917e-01   1.1345963e+00   1.4269588e+00   2.0931221e+00   7.3034312e-01  -1.2561945e+00
   2.0000000e+00  -2.5226161e+00  -5.7956967e-01  -1.3043942e+00   6.4399298e-01   9.6697012e-01   1.2045267e+00
   2.0000000e+00  -9.4018712e-01   9.4274404e-01   3.8144401e-01   2.4143358e+00   2.6480299e-01   1.0620058e+00
   2.0000000e+00   1.0846888e+00   1.6455354e-01   7.3367107e-01  -7.8866754e-01   1.1039661e+00  -1.2770345e+00
   2.0000000e+00   4.9196946e-02  -2.8301903e-01  -9.7627859e-02   2.2811579e+00   1.0007748e+00   1.8710644e+00
   2.0000000e+00   1.4616832e+00  -4.2967389e-01   3.6384229e-01  -1.1572530e-02   1.3191639e+00  -1.3455764e+00
   2.0000000e+00  -2.2674637e+00   4.8171329e-01   4.0427647e-01   1.9372252e+00   2.6060120e-01   1.2791433e-01
   1.0000000e+00   6.2854140e-01  -5.8399717e-02   5.8230910e-01   1.3495402e-01  -3.8143021e-01   7.0555921e-01
   2.0000000e+00  -2.6820179e-02   9.2605155e-01   1.1185370e+00   8.3932999e-01  -5.5501391e-01   1.5369458e-01
   1.0000000e+00   8.6397238e-01  -2.9343466e-01   3.7504852e-01   2.4244728e-01  -4.6052404e-01   4.5907126e-01
   1.0000000e+00   2.6911592e-01  -1.1951242e-01  -1.7558902e-01   3.4716483e-01   4.0287761e-01  -1.5268490e+00
   2.0000000e+00   4.6096408e-01  -1.0917012e+00   3.0217185e-01   6.0949055e-01   1.2178725e+00   2.4013163e+00
   2.0000000e+00  -3.0798499e+00   1.3170609e+00   8.2890335e-01  -7.7611350e-01  -1.9572162e-02  -5.0762338e-01
   2.0000000e+00   3.4663154e-01  -2.0165812e+00   9.0527900e-01  -3.6280954e-01   3.5442034e-01   2.0982314e+00
   2.0000000e+00  -9.2485542e-01  -2.3378396e+00   7.7891128e-01   8.1395926e-01  -1.3498864e+00   1.7682328e-01
   2.0000000e+00   1.0663707e+00  -1.1052557e+00   1.7003499e+00  -3.2509503e-01  -5.4810139e-01   4.5135123e-01
   2.0000000e+00   2.9898548e+00  -4.4024064e-01  -2.0078035e-03   1.1829859e+00   2.8388073e-01   5.4807657e-01
   1.0000000e+00  -5.7884614e-01  -9.1987985e-01  -7.0529135e-02   2.8813734e-01  -1.0574791e+00   1.2012432e+00
   2.0000000e+00  -1.2761545e-01   1.5979429e+00  -1.6357211e-02   1.4981071e-01  -4.4235077e-01  -1.7847398e+00
   2.0000000e+00   6.8234822e-01   1.4041066e+00  -1.7643834e-01  -9.8229314e-01   1.2932196e+00  -4.6912263e-01
   2.0000000e+00  -2.0511196e-01  -3.6199615e-01  -1.8608814e+00  -3.8991998e-02   6.4379062e-01   4.7712207e-01
   2.0000000e+00   1.6426773e+00  -5.0363765e-01  -3.5011359e-01   1.2298153e+00  -8.0474528e-01  -2.8161554e-01
   2.0000000e+00  -5.3129263e-02   1.8969219e-01   1.4324071e+00   1.1308545e+00   1.3243162e-01   3.1592160e-01
   2.0000000e+00  -1.3248088e+00   8.6370497e-01   3.3514444e-01  -9.1045517e-01   2.7489670e-02  -2.0741857e+00
   2.0000000e+00  -3.6323943e-01  -4.4722624e-01   8.6452756e-01   1.2512843e+00  -2.5520737e-02   3.0575098e-01
   2.0000000e+00   1.1951484e+00   5.9655477e-01  -7.4138340e-01  -1.2698489e-02   4.1857976e-02  -6.4349546e-01
   1.0000000e+00  -2.2463878e-01  -7.3874188e-01  -7.3478071e-01   6.0849456e-01  -8.7885700e-01  -2.6813745e-02
   2.0000000e+00  -5.3287921e-01   3.7836506e-01  -4.0320472e-01  -1.1718000e+00  -1.9339673e+00   9.5694408e-01
   1.0000000e+00  -4.2029425e-01   4.8446895e-01  -4.6445454e-01   4.5687189e-01   1.0116453e+00  -8.5149270e-01
   1.0000000e+00   1.0693751e+00   1.3879206e-01  -1.8519126e-01   1.8277562e-01   6.7233434e-01   8.0845238e-01
   2.0000000e+00   3.8275481e-01  -3.4305330e-01  -1.7744393e-01  -8.2035910e-01  -1.1321617e+00  -9.9062542e-01
   2.0000000e+00  -6.2071728e-01   4.5109349e-01  -6.1417737e-01   2.5160734e+00  -7.0463501e-02   1.4586116e+00
   2.0000000e+00  -9.3808632e-01  -3.0714469e-01  -1.0323131e+00  -1.1398213e+00  -1.2605532e-01  -2.1470300e+00
   1.0000000e+00  -1.6908866e+00  -3.3718394e-01   1.2786395e+00   7.7520932e-01   1.3400298e+00  -5.0915757e-02
   2.0000000e+00   1.4663733e+00  -1.0045689e+00   9.6929427e-01  -1.4614339e+00  -7.2441038e-02   1.7156011e-01
   2.0000000e+00   5.4241917e-01  -1.0089763e+00  -1.4685185e+00  -7.8263057e-01   1.6209428e+00   3.6272508e-01
   2.0000000e+00  -1.6924085e+00  -7.8929199e-01   6.4930577e-01  -9.1840769e-01  -7.4907471e-01  -9.1891480e-01
   2.0000000e+00  -6.4591350e-01  -7.7423253e-01   1.5266513e+00   1.2602655e+00   1.0180556e+00  -1.8012137e+00
   2.0000000e+00   3.4028086e-01   1.3183783e-01   5.5694906e-01  -4.0067927e-01  -1.9831175e+00   4.5264064e-01
   2.0000000e+00   2.7560498e-01  -2.2333132e-01   5.5699999e-01   1.5116344e+00  -1.1014092e+00  -7.6045449e-02
   2.0000000e+00  -8.0191572e-01   1.9827296e+00   1.8094828e+00  -1.6563193e-01  -4.0696849e-01  -4.9681406e-01
   2.0000000e+00  -5.6685646e-01  -1.6995492e+00  -2.0905974e-02  -4.6958315e-01   1.4390577e+00  -3.7024426e-01
   1.0000000e+00   3.7901602e-01   4.8931279e-01   5.1889141e-01   1.4312346e-01   1.5053981e+00   1.2912971e+00
   2.0000000e+00  -1.1121144e+00   5.7709813e-02  -1.2985756e+00   1.0918394e+00  -2.5246328e-01  -1.2472845e+00
   2.0000000e+00  -3.5818635e-01   4.8982371e-01   1.0471706e+00  -7.9709080e-01  -9.2538447e-01  -7.1318825e-01
   2.0000000e+00  -1.7965389e+00   3.6070208e-01   4.3661575e-01  -8.7965863e-01   7.4702560e-01   1.2984497e+00
   2.0000000e+00  -3.7878214e-01   5.4677481e-01  -1.5292245e+00   1.0012413e+00   1.9936666e+00  -1.9781113e-01
   1.0000000e+00   8.0302988e-01  -3.3250434e-01   7.6142282e-01   5.4070780e-01  -5.4877280e-01   2.6795314e-01
   1.0000000e+00   2.8658248e-01   5.1125962e-01   2.0546950e-01   5.0617156e-01   4.6363858e-01  -5.3720439e-01
   1.0000000e+00  -4.5612904e-01  -2.9559025e-01   9.0897377e-01   8.4551097e-01  -1.1417427e+00   1.0690925e+00
   2.0000000e+00  -4.8685957e-01   1.1321617e+00  -5.8054742e-01   5.7107360e-01   2.2863594e+00  -3.6746123e-01
   2.0000000e+00  -4.7111247e-01   1.0904760e+00  -3.7741586e-01  -3.4345137e-01  -8.8205548e-01   1.3484944e+00
   2.0000000e+00   7.5886708e-01  -3.7817794e-01   1.3672398e+00   1.1139436e+00  -6.1618513e-01  -8.5959832e-01
   1.0000000e+00  -1.2097320e+00  -7.6607508e-02  -1.6022874e+00   7.8104705e-01   9.3053357e-01   1.5476176e+00
   2.0000000e+00  -2.0138183e+00   1.3044283e+00  -9.4617335e-01   1.2689691e+00  -6.1197815e-01   5.2751356e-01
   2.0000000e+00   2.4661010e-01   9.2420931e-02  -4.3709292e-01   1.2522107e+00   9.9234474e-01   3.7234159e-01
   2.0000000e+00  -6.4678442e-01  -4.5812151e-01  -6.2984889e-01  -1.1286933e+00  -2.0353156e+00  -6.0938180e-01
   2.0000000e+00   8.5072885e-01  -1.8455267e+00  -2.3356550e-02  -1.6785483e+00   1.9636744e+00  -7.8374741e-01
   2.0000000e+00  -6.7559390e-01   6.3782540e-01  -3.6064138e-03  -1.3967805e+00  -4.3784329e-01   2.0694965e-01
   1.0000000e+00   4.3147475e-01   3.3654142e-02   4.2721541e-01   1.9563436e-01   2.1281168e+00  -1.6880424e-02
   2.0000000e+00  -3.0512646e-01   1.6974991e+00   3.4247383e-01  -4.1283337e-01  -6.3721835e-01  -1.1538509e-02
   2.0000000e+00   2.0367679e+00  -1.3707777e+00   7.5506567e-01   2.0760808e-01  -5.1098320e-01  -1.4166737e+00
   2.0000000e+00  -1.5605247e+00  -9.6224687e-03   1.8168189e-01  -2.3338108e-02   4.3887061e-01   1.1087077e+00
   2.0000000e+00  -1.6836320e+00   2.1000764e+00   2.1468828e-01  -4.6873873e-01   7.8829133e-02  -5.6726267e-01
   2.0000000e+00  -7.9803984e-01  -2.9504911e+00  -9.6446327e-01  -1.5401682e+00  -7.0761243e-01   1.0396882e+00
   2.0000000e+00  -4.2264117e-01  -5.2007904e-01  -4.1497742e-01  -2.0376105e-01   9.2857378e-01  -4.0811827e-01
   2.0000000e+00  -2.3643730e-01   1.2847598e+00  -5.6461694e-01  -2.3138067e-01  -5.2725571e-01   5.4994574e-01
   2.0000000e+00  -1.3679468e+00   1.1507482e+00  -2.9891938e-01  -7.3363359e-01  -3.9616955e-01  -1.5549785e+00
   2.0000000e+00   2.5643248e-01   9.5608927e-01   3.9403087e-01  -1.0235193e+00   9.8424571e-01  -5.2599584e-01
   2.0000000e+00  -3.3707848e-01  -1.4780026e-01  -1.0427283e+00   1.8631909e+00   1.3915762e+00  -3.8823385e-01
   2.0000000e+00   1.3607969e+00  -5.3984746e-02  -2.0145564e+00  -1.8625777e+00   2.7549631e-01   2.3041482e-01
   1.0000000e+00   5.9370690e-02   4.2371696e-01  -1.7239145e+00   2.7216431e-03  -7.8043170e-01   1.3665306e+00
   1.0000000e+00  -1.0272901e+00   9.2183058e-01  -8.4619960e-02   1.0724826e-01  -2.3173664e-01   3.9421035e-01
   2.0000000e+00   2.3050406e-01  -2.7301965e-01   8.5440609e-01  -6.0762103e-01   1.3737751e+00   4.2356372e-01
   2.0000000e+00  -6.2906807e-01   5.1037589e-01   2.4792273e+00  -1.8594936e-01   8.4659919e-02   5.6952046e-01
   1.0000000e+00  -1.3426312e-01  -9.2691313e-01  -1.9516711e-01   1.5063428e-01   1.1627493e+00   2.2458237e-01
   2.0000000e+00   9.4417517e-01   1.5549696e+00  -5.3764224e-01   5.0036850e-01   2.1484831e+00   1.6727436e+00
   2.0000000e+00  -2.8909419e-01  -1.6355574e+00   1.4650131e+00  -1.3538389e-01  -7.2529489e-01   1.3038870e+00
   2.0000000e+00   3.8969132e-01   4.1684541e-01   1.1549521e+00  -1.4177162e+00   3.9696701e-02  -1.5182822e-01
   2.0000000e+00  -5.0328903e-01  -5.6147184e-01   7.7879505e-01   1.0257679e+00  -1.7107560e-01   3.4956995e-01
   2.0000000e+00   1.1429168e+00  -1.2418330e+00   1.1175719e+00   2.7775770e-01  -6.5757729e-01  -8.2938700e-01
   2.0000000e+00  -7.4438472e-01  -1.0049122e+00   7.5417409e-01   1.9575267e+00  -9.3853761e-01  -1.2869255e+00
   2.0000000e+00   3.4265599e-01   1.6284302e+00  -1.5517738e+00   2.2859282e-01  -5.2399469e-01  -9.3924485e-01
   2.0000000e+00   9.4393936e-02   1.6427676e+00  -4.9112953e-02   1.3173462e-01   1.9799351e+00  -4.9000976e-01
   2.0000000e+00   5.0421924e-01   3.0857534e-01   3.3657284e-01   1.8646564e+00  -9.5203995e-02  -5.3944385e-01
   2.0000000e+00  -5.4422552e-01  -5.0716888e-01  -1.2659651e+00   1.2220375e+00   1.1497939e+00   9.1825835e-02
   2.0000000e+00   6.5424160e-01   8.5390567e-01   4.8671970e-01   1.4640513e+00  -4.1783120e-01   1.9874282e+00
   2.0000000e+00  -8.0751948e-01  -7.1123069e-01   4.6088949e-01  -6.4453877e-01   1.0057389e+00  -1.2960985e-01
   2.0000000e+00  -7.8661413e-01  -1.1857160e+00   1.0532780e+00   7.1219163e-01  -1.1433943e+00  -1.3470107e+00
   2.0000000e+00   1.0639574e+00  -7.1976521e-01   9.8067268e-01   1.3806248e+00   2.2826406e-02  -6.1540506e-01
   2.0000000e+00   2.3823579e-01  -1.0393570e-01  -2.4272646e+00  -1.0775204e+00   3.0786855e-02   3.5552079e-01
   2.0000000e+00  -3.4002333e-01   1.0633655e+00  -2.1117567e-01   3.7977485e-01  -2.2060385e+00  -2.5052138e+00
   2.0000000e+00  -8.7576099e-01   9.0879039e-01  -1.4815448e+00  -3.5807273e-01  -1.4646840e-01  -2.5626495e+00
   2.0000000e+00  -1.9540523e+00  -6.3960823e-01  -2.8252096e-01  -3.7366310e-01  -1.6111620e+00  -1.4994082e+00
   2.0000000e+00   1.3412320e-02   1.2254900e+00  -1.8139948e-02  -1.2363101e+00   2.9638846e-01  -2.3917297e-01
   2.0000000e+00  -1.9399638e+00  -8.2009687e-01  -5.9328972e-01  -5.0541277e-01   1.2181691e-01  -7.7993564e-01
   2.0000000e+00  -8.1429192e-01   1.2643723e+00   9.6105446e-01  -1.3631337e+00  -1.0638135e+00  -7.5057282e-02
   2.0000000e+00  -1.0518271e+00   5.3709944e-02   5.0975946e-01   1.2273527e+00  -5.9585204e-02   1.1477270e+00
   2.0000000e+00   7.7122924e-01   5.1305659e-01   1.5603585e+00  -2.5247881e+00  -5.2454269e-01  -1.0917405e-01
   1.0000000e+00   1.7632048e-01   9.0166302e-01  -1.2133974e-01   1.8017683e-01  -6.6191230e-01  -1.3417979e+00
   2.0000000e+00   1.5345655e+00  -7.7098270e-01   3.3290127e-01  -5.9590964e-01  -5.1350971e-01   3.1562719e-01
   2.0000000e+00   2.1895924e-01  -1.4568358e+00  -1.1654865e+00  -7.5954317e-01  -8.5647818e-01   1.1582624e+00
   1.0000000e+00  -2.4339239e-01   4.8395641e-01  -3.3115137e-01   7.9612265e-01  -1.1822599e+00  -6.1411238e-02
   2.0000000e+00   5.8624502e-01   7.3765297e-01   6.8672853e-01  -6.7797208e-01  -1.6941226e-01   5.7626787e-02
   2.0000000e+00  -1.4011036e+00   2.5662925e-01   3.2126105e-02  -2.4204783e-01   1.8161422e-01   9.1548004e-01
   2.0000000e+00  -6.2293250e-01   4.4153585e-01   1.4992986e+00  -4.8098552e-01  -1.1943716e+00   4.3035511e-01
   2.0000000e+00   2.0553016e-01   1.6576903e-01   1.0234738e+00   1.6131451e+00   1.1037147e+00   1.9096738e+00
   1.0000000e+00   1.4073552e+00  -1.1902667e-01   8.3471365e-01   7.8224972e-01   2.0877041e+00  -9.5990278e-01
   2.0000000e+00   1.1265566e+00  -9.4744009e-01   7.8889100e-01   1.7687065e+00  -8.3736212e-01   1.1204441e-01
   2.0000000e+00  -8.8081231e-01   1.5669086e+00   1.5261614e+00  -2.0438956e-01   1.6516094e-01   7.8364246e-01
   2.0000000e+00  -1.1985467e+00   5.4829157e-01   6.0097499e-01  -4.8810380e-01  -6.6555956e-01  -1.3431431e+00
   2.0000000e+00  -1.7851371e+00   9.5814369e-01  -1.5475301e-02  -8.8271523e-01  -5.0397435e-01   4.0614233e-01
   2.0000000e+00   5.2879179e-01  -5.6671121e-01  -3.9433924e-01  -3.4509291e-01   8.8248631e-01  -3.0378975e-01
   1.0000000e+00   1.8804720e-01  -8.2249500e-01  -2.6520698e-01   5.5962878e-01  -1.2505739e+00  -3.5441217e-01
   2.0000000e+00  -6.8082443e-02  -1.0796644e+00  -6.4032435e-01   2.7398425e-02  -9.3597717e-01  -4.4422318e-01
   2.0000000e+00   4.3209553e-01   4.3842026e-01  -2.2773103e+00  -3.7381885e-01   6.0230714e-01  -1.6479735e-02
   2.0000000e+00   1.0686608e+00   3.0219406e-01  -7.2043382e-01   1.6458749e+00  -7.3418576e-01   2.6370956e-02
   2.0000000e+00   1.2453766e+00  -8.0586864e-01   7.2352815e-01  -8.2185868e-02  -6.7574063e-01   1.3050741e+00
   2.0000000e+00   2.4059964e-01  -2.5297211e+00  -1.4100047e-01  -1.1530959e+00  -8.9255661e-01  -1.9924742e+00
   2.0000000e+00   8.4739185e-01   1.0434050e+00  -1.2099400e+00  -2.2016577e+00   2.0426496e-01  -9.8718672e-01
   2.0000000e+00  -4.1473830e-02  -7.4920305e-02   2.6176401e+00   1.6115690e+00  -8.9551396e-01  -1.7238145e-01
   2.0000000e+00  -1.9942103e+00  -7.2183249e-01   4.9970521e-01   5.1227775e-01  -2.2686766e-01  -4.4262187e-01
   2.0000000e+00   1.0407066e+00   1.3247020e+00  -7.8472695e-01  -7.7939977e-01  -4.1406901e-02  -3.2993157e-01
   2.0000000e+00  -4.7717779e-01  -1.1969180e-01  -5.3890847e-01   1.5221318e+00  -5.1675227e-01   3.1515334e-01
   2.0000000e+00   1.6824401e+00  -1.5163999e+00  -3.3803111e-01   1.0702671e-01  -5.0783999e-01   2.6935256e+00
   2.0000000e+00  -8.3588337e-02   1.4496579e-01  -1.9896418e-01   1.0916977e+00   9.3211369e-02   1.2920105e+00
   2.0000000e+00  -9.8270481e-01   1.3367595e+00   6.4463847e-01  -5.9851100e-01  -1.2241388e+00   3.4961661e+00
   2.0000000e+00  -5.3273506e-01  -1.6933009e+00   6.4939077e-01   1.5926830e+00  -5.8955454e-01  -9.7657027e-01
   2.0000000e+00   4.8671601e-01  -2.0401346e+00   4.3414969e-01   4.0994284e-01   7.6089775e-01  -7.6588572e-01
   2.0000000e+00   5.6054288e-01  -3.6723949e-01   1.6837261e+00  -9.4548767e-01  -2.2068680e-01   1.2225437e+00
   1.0000000e+00  -2.9925182e-01  -4.5409055e-01   5.9723128e-01   5.6215271e-01   1.2835314e+00   8.4146566e-01
   2.0000000e+00   4.7180400e-01  -3.5431577e-01  -3.6566536e-01  -9.7929990e-01   1.1718915e+00   7.8495382e-01
   2.0000000e+00   6.3612843e-01  -9.9198101e-02  -2.4730840e+00   1.2896743e+00   9.8317241e-01   8.9686920e-02
   2.0000000e+00  -9.4249640e-01  -7.2725271e-01   7.9614853e-01  -1.4847037e+00  -1.3277236e+00  -1.5890921e-01
   1.0000000e+00   1.6057527e+00   8.9257776e-01   1.2553473e+00   1.6106272e-01  -2.1927415e-01  -5.2290482e-01
   1.0000000e+00  -6.2370757e-01   1.8558090e-01   2.4588659e-01   2.8943419e-01  -8.7320019e-01  -6.3216744e-01
   1.0000000e+00  -8.7700823e-01  -3.8552186e-01   3.2808009e-01   7.0650488e-02  -8.1210429e-01   3.6860295e-01
   2.0000000e+00  -2.0974274e-02   5.8144604e-01  -2.6438872e-01  -1.5693873e-01   1.0054373e+00   1.0274441e+00
   2.0000000e+00   1.5501100e+00  -2.2601811e+00  -4.2440212e-01   7.9341296e-01  -1.5484185e-01  -1.1484858e-02
   2.0000000e+00   3.4995991e-01   2.1319713e+00  -1.1397602e+00  -6.9719318e-01  -1.1057289e+00  -2.1249651e-01
   2.0000000e+00  -4.6486497e-01   1.4775907e+00  -2.5640169e-01   3.6561783e-01   1.4771807e+00  -2.7282830e-01
   2.0000000e+00  -1.3072910e+00   6.7761326e-01  -1.4708449e-01  -1.8813476e+00  -1.5882679e+00  -5.9652831e-01
   2.0000000e+00  -1.2304790e+00  -1.9265456e+00  -1.7672970e+00   1.4151749e-01   1.4661145e+00   6.4314398e-01
   2.0000000e+00   6.9657836e-01  -7.8526393e-01   1.3295854e+00  -9.2043037e-01  -6.3547406e-01  -1.0974744e+00
   2.0000000e+00   8.2980348e-01  -1.0156753e+00  -7.3413223e-01  -1.5771804e+00   5.0391934e-01  -1.9003433e+00
   2.0000000e+00  -2.5220834e-02  -4.8838849e-01   1.7214048e+00  -1.1064369e+00  -2.3898270e-01  -1.7252463e+00
   2.0000000e+00  -2.7699216e-01   2.4923726e-01   1.4068047e+00  -6.3043969e-01  -1.7340259e-01  -8.0833036e-01
   2.0000000e+00  -5.3047093e-01   1.2534721e+00   1.2642702e+00  -5.8301451e-01  -2.8375709e-01  -1.4700681e-01
   2.0000000e+00   1.8628356e-01  -1.6998122e-03  -1.5214511e+00  -2.9893401e-01  -1.3881839e+00   1.8091028e-01
   2.0000000e+00  -1.1449222e-01  -1.0228962e+00   6.4478596e-01  -4.5363445e-02   7.9598478e-02   9.7019391e-01
   1.0000000e+00   7.6493145e-02   5.4235764e-02   6.0813435e-01   7.9469140e-01   7.2758384e-02  -2.3633763e-01
   1.0000000e+00   9.8728993e-01  -2.0551122e-01  -5.5108682e-01   4.9523810e-01   6.8668747e-01  -1.6440422e+00
   2.0000000e+00   7.8837465e-01   2.9481617e-02   3.0426190e-02  -1.3036666e+00  -2.0791530e-01   2.7353582e-02
   2.0000000e+00  -1.1504450e+00   2.7065736e-01   2.1577769e+00  -3.7203662e-01   1.7203127e+00   3.2089317e-01
   2.0000000e+00  -4.6301135e-03  -1.0437529e+00  -9.0693284e-01  -8.9798274e-01  -3.1838543e-01   2.2166340e+00
   2.0000000e+00   5.5166241e-01  -1.2140626e+00   9.7764865e-01   2.2592662e+00  -5.5434766e-01  -3.5165048e-01
   1.0000000e+00   1.7651879e-01  -6.1214566e-01   4.9446288e-01   5.2769093e-01   1.5033697e+00  -1.1060946e+00
   2.0000000e+00  -1.6068886e+00  -1.4725049e-01  -8.2416605e-01  -1.0691370e+00   1.3243577e+00  -1.6499258e+00
   2.0000000e+00  -6.4991121e-03   7.4647417e-01  -1.1583231e+00  -7.1960132e-01   4.9541513e-01  -1.9700720e+00
   2.0000000e+00  -2.0147441e+00   5.0491768e-01   1.1497938e+00   5.2107724e-01  -6.7644516e-01   1.0779409e+00
   2.0000000e+00  -1.3912120e-01  -2.2724223e-02   1.2330915e+00  -6.7786504e-01   1.8592753e-01   8.1800338e-01
   2.0000000e+00  -5.8971239e-01   4.3601380e-01   7.9838924e-02  -7.5227636e-01   4.0580565e-01  -6.0850681e-01
   2.0000000e+00  -1.0764711e+00  -6.9566525e-01   1.8376291e+00   7.4696758e-01  -8.4551472e-02   9.3630806e-01
   2.0000000e+00   7.1818204e-01   2.7801291e-01  -5.6592270e-01  -6.3613097e-01   6.1995318e-01  -2.8277974e-01
   1.0000000e+00   2.8710237e-02   1.8473297e-01  -2.6587448e+00   8.3450710e-02   4.9587212e-01   1.0168318e+00
   2.0000000e+00   1.5573384e+00  -1.2934606e+00  -3.5736059e-02  -1.0228677e+00   6.6705907e-01  -9.2893424e-01
   1.0000000e+00   1.1323093e-01  -2.3500255e-01   2.2961319e-01   3.5995696e-01  -9.5285613e-01   6.5155794e-01
   2.0000000e+00   1.1034812e+00  -9.4298097e-01  -4.0379915e-01  -2.6416587e+00  -2.2363398e+00  -2.0468124e-01
   2.0000000e+00  -4.0204252e-01   1.2603109e+00  -6.0903217e-01   7.8027587e-01   1.6119593e-01  -2.9839590e-01
   1.0000000e+00   8.8032055e-01   3.4545692e-01  -3.2579158e-01   9.2214936e-01  -3.0088022e-01   1.5166480e+00
   2.0000000e+00  -7.7839472e-01   1.8814137e+00  -3.7144518e-01   1.4790874e+00  -6.6937364e-01  -1.0906861e+00
   2.0000000e+00  -3.5953677e+00  -1.5692520e-01   8.0198159e-01  -4.8800035e-01   5.5208651e-01  -5.8998045e-02
   2.0000000e+00  -8.4584941e-01   1.2297137e+00  -1.5714174e+00   4.6025340e-01  -1.3809430e-01  -1.5161947e+00
   2.0000000e+00   7.9885589e-01   5.0733616e-01   5.8058967e-02  -7.3719920e-01  -1.1275985e+00   3.4431692e-01
   2.0000000e+00   2.1507601e+00   1.2584277e+00   6.9295022e-01   5.7313857e-01  -2.3746279e-01   4.4343207e-01
   2.0000000e+00  -2.3893781e-01  -7.9188979e-01   3.4754514e-01  -9.4002242e-01   3.4751556e-02  -5.1675604e-01
   2.0000000e+00  -1.3816987e+00   1.9893608e+00  -6.4840643e-01   1.1983976e+00  -1.9196784e-01  -4.1262166e-01
   1.0000000e+00  -2.9448429e-01   2.5615887e-02   1.6921190e+00   4.0947888e-01   1.3889762e+00   1.4152745e+00
   2.0000000e+00  -1.1887738e+00   5.2522918e-02   1.9846185e+00  -2.3605554e-01  -1.1373343e+00   5.4128715e-01
   2.0000000e+00   3.2597763e-01   1.3248736e+00  -7.5290378e-01   1.8559741e-01  -1.0819984e+00  -8.2676817e-01
   1.0000000e+00   9.0757874e-01  -8.0217088e-01  -8.5944201e-01   2.7454859e-01  -2.8057267e-01   7.9959684e-01
   2.0000000e+00   1.1820419e+00  -1.7117665e+00   2.2714958e+00   7.0110266e-01   2.6953060e-01  -1.6460791e-01
   2.0000000e+00  -5.6761736e-01   1.2177805e+00   2.2364023e-01  -3.6829050e-01  -1.7719487e-01   2.3889394e+00
   1.0000000e+00  -5.5129339e-01   4.8990308e-01  -7.5917452e-01   4.1120094e-01   1.0472550e+00   1.2662639e+00
   2.0000000e+00  -6.4027706e-01   1.0174990e+00  -3.1855958e-01   6.3031644e-03   2.3195857e+00   4.9290149e-02
   2.0000000e+00   1.5536511e+00  -1.4950972e+00   2.3071288e-01  -2.2140327e-01   2.5660818e-01   1.1571155e+00
   1.0000000e+00  -4.5607822e-01  -8.8536208e-02  -3.9170526e-01   2.1729873e-01  -1.9970211e-02  -7.0102783e-01
   2.0000000e+00  -1.7806787e-01   5.8635314e-01  -7.1386797e-01  -9.2010791e-01   3.8315470e-01   5.3265651e-01
   2.0000000e+00   1.1139547e+00  -1.0696542e+00   5.9617264e-01   9.2232599e-01   1.6432816e+00   2.4284386e+00
   2.0000000e+00  -8.6199403e-01   1.7616222e-01  -2.5403575e-01  -1.0274675e+00  -1.5210223e-01  -2.2235252e+00
   2.0000000e+00  -1.3866589e-01  -1.7363133e+00   5.8695812e-02   8.3235363e-02   8.6438667e-01   1.3244706e+00
   2.0000000e+00  -1.3032539e+00  -5.0954448e-01   1.2780697e-01  -3.8246476e-01  -3.0056253e-01  -6.1167723e-01
   1.0000000e+00   2.6650206e-02  -3.7114489e-01   1.9554657e-01   8.8390398e-02  -1.7021949e-01  -6.0026626e-01
   2.0000000e+00  -3.4564097e-02  -8.3256175e-03   6.5658594e-01   2.8788507e+00   5.9642573e-01  -5.5794592e-02
   2.0000000e+00  -1.5805956e+00   8.9191006e-01  -5.8804739e-01  -9.1502291e-01  -4.6828768e-01   5.1875558e-01
   1.0000000e+00  -1.3047671e+00   6.3144522e-01   1.3582846e-01   7.0817367e-01   2.8925582e-01   3.7656927e-01
   1.0000000e+00  -1.7250053e+00  -2.4707080e-01   7.7107398e-01   6.4696049e-02  -1.9355149e-01   8.6071368e-01
   2.0000000e+00  -4.9182002e-01   1.1272604e+00  -5.7638510e-01  -3.0917632e+00   2.7185204e+00   1.1535608e+00
   2.0000000e+00   1.8915074e-01   1.1616338e+00   7.6547106e-01  -1.0138818e-01   1.6817628e-01  -1.5558952e+00
   2.0000000e+00  -6.7512300e-01  -4.4988377e-01   6.9911137e-01  -1.0399654e+00  -2.8558058e+00   1.0093162e+00
   1.0000000e+00   2.1219881e-01  -4.1826870e-05  -1.7507081e+00   2.5876698e-01   3.4151984e-01   6.6473745e-01
   2.0000000e+00   2.0654556e-01   1.0147146e-01   6.0680973e-01  -6.4496565e-02  -2.2663983e+00  -1.1784866e+00
   1.0000000e+00   7.1916350e-02  -1.9320559e-01   1.6890458e+00   7.3498475e-01   3.9456099e-01   1.4038505e+00
   1.0000000e+00   3.0466084e-02  -4.5487969e-01  -7.9247686e-01   7.5517112e-01   5.9929333e-02  -1.3458393e+00
   1.0000000e+00  -1.6185998e-01   6.9437199e-01   7.7560597e-01   3.1346096e-01  -7.5948318e-01  -4.1535240e-01
   2.0000000e+00   1.3076490e+00  -5.6350051e-01  -9.9259444e-01  -9.6778407e-01  -4.7133041e-02   5.8316481e-01
   2.0000000e+00  -8.0660801e-01   1.0862576e+00   1.9430491e+00  -1.7628325e+00   1.4484678e+00   3.6986797e-01
   1.0000000e+00  -6.7252697e-01   1.1895670e-01  -1.4374422e+00   1.0486535e-01   4.2606936e-01  -1.5177640e+00
   1.0000000e+00  -1.9883538e-02  -9.1428269e-02   4.0154690e-01   9.6896098e-02  -3.9593584e-01  -8.2604288e-01
   2.0000000e+00  -1.5716544e+00  -1.5601676e+00  -4.7585647e-01   1.2598190e+00  -1.2074778e+00  -1.9006630e+00
   2.0000000e+00   2.5994146e-01  -4.0321574e-01   3.8729288e-01  -7.9849865e-01   4.5087154e-01  -6.1449526e-01
   2.0000000e+00  -8.4240679e-01   8.7714532e-01  -1.7439978e+00  -1.9773105e+00  -2.3141479e-01  -1.9299097e+00
   2.0000000e+00  -1.5662943e+00   3.2497187e-01  -2.4298112e-01  -6.6348406e-01   5.9270080e-01   3.6723192e-01
   2.0000000e+00   8.7053096e-01  -8.9367663e-01  -9.0875052e-01  -1.0457293e+00  -2.2510948e+00  -3.7576858e-01
   1.0000000e+00  -9.1240974e-01   9.1564898e-01  -8.1004270e-01   1.2692080e-01   1.2508275e+00   1.1429118e+00
   2.0000000e+00   2.3537578e+00   4.1462033e-01   1.3948986e+00  -7.4902159e-01   1.2618304e-01  -1.0978514e+00
   2.0000000e+00  -5.9288716e-01   1.8815011e-01   1.3960629e+00   9.8620297e-01   4.4573396e-01  -2.9286612e-01
   2.0000000e+00  -1.0256087e+00   3.3456937e-01  -4.6817824e-02   1.3645662e+00   2.2315115e-01  -1.0430716e+00
   2.0000000e+00   5.8080460e-01  -6.7906401e-01  -9.5430561e-01  -2.1040804e-01   4.3441632e-02   1.7246935e+00
   2.0000000e+00   5.4909835e-01  -9.9652491e-01   1.7222253e+00  -5.4307631e-02  -8.6450249e-01   1.0387802e+00
   2.0000000e+00   9.8369248e-01  -1.7594069e+00   2.9924802e-01  -2.3927251e-01   1.3195835e-01   1.0228179e+00
   2.0000000e+00   1.5269811e+00  -1.0410229e+00   6.3868473e-01   7.1662550e-01   4.9829878e-02  -6.4690793e-01
   2.0000000e+00   1.1885248e+00   1.7284437e+00   6.6784771e-02   3.2402860e-01   1.2703474e+00   2.4952415e-01
   2.0000000e+00   5.5475486e-01  -1.0964690e+00  -1.2495993e+00   3.0320609e-01  -5.0001641e-01   1.1302613e+00
   1.0000000e+00  -2.4128145e-01  -6.3442646e-01   2.0754989e-01   4.7019222e-01  -2.9605923e-01   4.2216086e-01
   2.0000000e+00   4.5549753e-01  -5.7739236e-01   1.5355959e-01  -3.9491346e-01   5.0159187e-01   3.9202937e-01
   2.0000000e+00   1.3355526e-01   3.4871761e-01  -6.0965689e-01  -8.9128519e-01   8.2325628e-01   1.7653429e+00
   1.0000000e+00  -3.8799391e-01   6.4304488e-01  -1.8979153e-01   7.3392173e-01  -9.5181146e-01  -5.5539058e-01
   1.0000000e+00   1.4040615e+00  -2.2035204e-01  -5.6122712e-01   9.3877466e-01   9.8576966e-01   1.1847941e+00
   2.0000000e+00  -1.4622734e+00   1.0588951e+00  -1.1282175e-01   7.9615856e-01  -5.5525867e-01   1.8529099e+00
   2.0000000e+00   5.5525939e-02  -1.5221520e+00  -9.1979458e-01   2.4262688e+00   8.8692873e-01  -4.9624267e-02
   2.0000000e+00   5.2373938e-02  -4.0353632e-03  -1.0666262e+00  -1.8136399e+00   1.0804431e+00   2.0944507e+00
   1.0000000e+00   1.4334612e+00   1.7238289e-02  -7.2639231e-01   1.0121195e-01  -9.0152099e-01  -1.4691070e+00
   2.0000000e+00  -8.9962006e-01  -7.4844610e-01   5.4057794e-01   1.4602843e+00  -1.2683964e+00   2.7163396e-01
   1.0000000e+00   1.1655227e-01   1.8016828e-01  -5.3189800e-01   6.1244713e-01  -1.8878338e-02   1.7752333e+00
   2.0000000e+00   6.7540404e-02  -6.0248727e-01   1.3264890e-01   1.9445229e+00  -5.1552500e-01  -2.9734466e-01
   2.0000000e+00   1.1212718e-01   9.6804082e-01   8.4240768e-01  -1.1096678e+00  -4.9257869e-01   4.4407996e-01
   2.0000000e+00  -1.1738321e+00   9.6914036e-01  -6.6283893e-01  -5.1553818e-01   1.7074311e+00  -1.2486864e+00
   2.0000000e+00  -1.1672882e+00   9.0512113e-01  -1.4059898e+00  -1.1471547e-01  -2.6201736e-01  -1.6458364e+00
   2.0000000e+00   1.0292528e-02   2.3090970e-01  -2.2069535e+00  -1.2424686e+00  -4.6295202e-01  -1.3001127e-02
