   2.0000000e+00   1.2577650e+00  -6.5473677e-03  -1.0658878e-01  -1.1006728e+00  -1.5198764e+00  -3.5294595e-01
   2.0000000e+00   8.3312983e-01   2.1280161e-01   1.7417374e+00  -1.6651757e-01  -1.5322730e-01  -1.1757286e+00
   2.0000000e+00   8.6973379e-01   1.4407514e+00  -9.5662425e-01   2.2628163e-01   6.8926460e-01   6.8130230e-01
   2.0000000e+00   4.3677427e-01   4.4410437e-01   8.0937332e-01   1.7746985e+00  -1.2787832e+00   1.7659296e+00
   1.0000000e+00  -9.1480274e-01  -7.5363386e-01   1.9613586e-01   2.9472991e-01   5.2396111e-01   1.0928181e+00
   2.0000000e+00   5.5783709e-01  -6.6385613e-01  -3.0502622e-01  -3.0106356e-02  -2.3285815e-03   5.8382247e-01
   2.0000000e+00  -9.3529143e-01  -8.8516830e-01  -8.2826326e-01  -1.2100537e+00  -1.0804595e+00   5.2500526e-01
   1.0000000e+00   1.2266669e+00   2.6808805e-02   2.0159333e+00   6.4046799e-01   6.3355102e-01   5.2848267e-01
   2.0000000e+00   1.7385853e+00  -1.1590406e+00   1.1466852e+00  -2.4321344e-01  -6.1239363e-01   1.1616401e+00
   2.0000000e+00  -1.6787541e+00   4.1525968e-01   6.6911480e-01   8.5752306e-01  -7.2074498e-01   1.2154492e-01
   2.0000000e+00   3.1497489e-01  -7.0519364e-01  -5.7386726e-01  -9.2702757e-01  -8.1717061e-01  -3.7862980e-01
   2.0000000e+00  -1.1665366e+00   5.7644014e-01  -7.3895596e-01  -2.6804295e-01   8.7148136e-01   2.3334833e-01
   2.0000000e+00   9.0577453e-01   1.9475122e+00  -8.2496959e-01   3.8858569e-01   1.0040664e+00  -4.1926502e-01
   2.0000000e+00  -3.6058352e-01   2.0511797e-01   1.1990148e-01   1.0139481e+00   1.5847944e+00   1.1407420e+00
   2.0000000e+00  -2.0324655e+00  -1.7856828e+00  -3.3739775e-01  -8.0605847e-01  -1.5447870e-01  -1.7770692e-01
   2.0000000e+00  -9.3442853e-01   1.1387566e+00   7.4503609e-01  -3.3329733e-02   6.3954905e-02   8.7156751e-01
   2.0000000e+00   5.4964980e-01   8.5306915e-01  -1.7899284e+00   1.9286151e+00   1.0310434e+00   8.2674191e-02
   2.0000000e+00  -1.5592758e-01  -8.0556490e-01  -8.0597258e-01   1.7554472e+00  -5.1466920e-01   1.7598236e+00
   2.0000000e+00   6.4678524e-01  -3.5253009e-01   1.4800002e-01   1.0293428e+00  -8.3600526e-01   6.9287834e-01
   2.0000000e+00   7.0079767e-01   1.1011697e+00  -5.8281769e-01   2.8470855e-01   4.9285238e-01   1.3638110e+00
   2.0000000e+00  -2.1497750e-01  -1.4623482e+00  -2.8737671e-01   8.5275982e-01   5.3408198e-01   2.4824666e+00
   2.0000000e+00   2.0212871e+00   1.5209157e+00   1.8095594e+00   8.1550063e-01   1.8665171e+00  -1.4957711e+00
   2.0000000e+00  -6.2194162e-01   4.0543303e-01   1.8702438e+00   5.0380053e-01  -5.0016946e-01   9.2916463e-01
   1.0000000e+00  -3.9428242e-01  -9.9848740e-02   2.2461849e-01  -5.5941123e-01   7.9418307e-01  -1.0233723e+00
   2.0000000e+00  -1.1594299e+00   4.9288120e-01  -1.6577930e+00   1.1090033e+00   8.7196638e-01  -7.1414963e-01
   2.0000000e+00   4.5191698e-01   1.1765942e+00   8.4317201e-01  -2.1576054e-01   1.7507798e+00   9.7967326e-01
   2.0000000e+00  -3.0557186e-01  -1.0244847e+00  -2.0827392e+00  -7.4679629e-01   5.1630019e-01   9.5870174e-01
   2.0000000e+00   4.7459514e-01  -4.9548713e-01   7.3919864e-01   1.3563742e+00  -2.2430801e-02   1.0435337e+00
   2.0000000e+00  -2.3484658e+00  -1.6390570e+00  -1.2191808e+00  -4.9939790e-02   1.6834599e+00  -9.5220036e-01
   1.0000000e+00   2.3129489e-01  -1.7695811e-01   1.3894846e+00  -3.5777294e-01   3.2914086e-01   1.3398552e+00
   2.0000000e+00   7.9323190e-01   8.2945905e-02  -6.7384836e-01  -1.1908391e+00  -6.5720132e-01   6.2318955e-01
   2.0000000e+00  -2.5932507e-01  -6.9896440e-01   3.8917709e-02  -1.0743940e+00   9.5872985e-01  -1.6294938e+00
   2.0000000e+00   1.0026407e+00   1.2709038e+00   5.2916075e-01  -4.7732550e-01  -1.7528755e+00  -3.1071291e-01
   2.0000000e+00  -5.3966853e-01  -4.6168195e-01  -2.3161847e-02   1.8588441e+00  -3.6509188e-01  -5.1704205e-01
   2.0000000e+00  -2.4890159e+00   7.9733421e-01   1.4923661e+00   1.8089619e+00  -1.1864938e+00   9.5422653e-01
   2.0000000e+00  -3.4923519e-01   1.4838531e+00   7.1868942e-01  -4.4946622e-01  -1.9267525e-01   6.4758044e-01
   2.0000000e+00  -3.2358403e-01  -1.5136872e+00  -2.7529320e-01   1.1069242e-02   4.0022085e-01  -1.2829570e+00
   2.0000000e+00  -5.2913400e-01   1.3832666e+00  -1.3592910e-02  -8.5469733e-01  -7.2164771e-01  -8.6646098e-01
   2.0000000e+00   1.9179748e+00   8.6200042e-01  -9.0198754e-01  -2.6400382e-01  -3.5921234e-01   1.6174703e+00
   2.0000000e+00  -1.3364673e-01  -1.3958550e+00  -1.8683039e-01  -8.5619551e-01   1.9052817e+00  -7.4854185e-01
   2.0000000e+00  -2.1592445e+00  -6.6779726e-01   2.2796081e+00  -1.4055005e+00   4.5891772e-01   1.5113022e+00
   2.0000000e+00   2.3418355e-01  -5.4686053e-02   2.5023823e+00   1.4685964e+00  -6.2256262e-01  -1.3616871e+00
   2.0000000e+00  -6.9249899e-02   9.5843471e-01  -3.0963644e+00   7.3271427e-01  -6.3003474e-01   4.2729157e-01
   2.0000000e+00   1.9874623e+00   3.7828084e-01   2.2637809e-01  -7.4734811e-01  -1.4951859e-01  -2.8687266e-01
   2.0000000e+00  -5.2986645e-01   3.3185746e-01   2.0984707e+00  -2.0388109e+00   1.3527064e+00   6.6431491e-01
   2.0000000e+00   1.2896045e+00  -4.8939824e-01   6.9448500e-01  -1.1409867e+00  -4.0641491e-02   2.3308223e+00
   2.0000000e+00   2.1168587e-01   1.5477061e+00   3.5927289e-01  -1.1588348e+00  -1.1962855e-01  -2.9008510e-01
   2.0000000e+00   3.4372471e-01  -9.9735753e-01  -1.1465223e+00   3.4246297e-01  -6.1902987e-01  -1.2434617e+00
   2.0000000e+00   1.3850683e+00   1.7584593e+00   6.1289903e-01   7.9269451e-01   1.2249063e-01  -4.1724621e-01
   2.0000000e+00   2.2195872e-01  -3.6389955e-01  -2.3336696e-01   1.2429547e+00  -1.5779570e+00   1.3346838e+00
   2.0000000e+00   4.4206793e-01   1.9108076e+00  -1.6157952e+00   4.9213527e-01   8.7444924e-01   1.4735662e+00
   2.0000000e+00   1.5495428e-01   6.4437078e-01   4.5222749e-01   1.4029687e-02  -9.2272502e-02  -1.9599754e-02
   2.0000000e+00   2.1710433e-01  -4.2145738e-01  -1.5885260e+00  -1.3862003e+00  -3.5064071e-01  -2.9388444e-01
   2.0000000e+00   1.2748200e+00  -1.6698599e-01   7.7979346e-01   5.0531708e-01  -1.0637484e+00  -3.1163094e-03
   2.0000000e+00  -1.0512189e+00   7.1149017e-01   1.0944246e+00  -2.2603646e+00   7.8384504e-01  -3.4297810e-01
   2.0000000e+00  -1.1550805e+00  -2.2144219e-01   2.1396870e-01  -1.4901786e+00   1.0513375e+00   2.7199778e-01
   2.0000000e+00  -8.9870509e-01  -1.8885253e+00   1.4160618e-01  -7.2495849e-01  -8.4464508e-01  -6.6620571e-01
   2.0000000e+00   2.8574969e+00  -4.3417401e-01   6.8787119e-01  -4.2421819e-01   3.3344496e-01   2.6001363e-01
   2.0000000e+00  -8.9225143e-02   4.2935417e-01   9.2563566e-01  -6.0710698e-01  -3.1310778e-01  -1.0571009e+00
   2.0000000e+00  -5.8281279e-03  -8.4846294e-02  -4.7828619e-01   7.2634307e-01  -8.5303935e-01   1.4224848e-01
   1.0000000e+00  -1.6138810e+00   2.6989163e-01  -1.0413592e+00   2.5464808e-01   3.4639636e-01   1.4128423e+00
   2.0000000e+00   9.1705823e-01  -1.3126728e+00  -1.0142264e+00  -5.1741384e-02   5.8213029e-01  -1.1988602e-01
   1.0000000e+00  -4.0910347e-01   2.0822880e-01  -1.7959015e-01  -5.7952132e-01   2.5732527e-01   1.1963338e+00
   2.0000000e+00  -3.5202931e-01  -8.8560053e-01  -1.8566713e+00   7.7081958e-02  -2.7485793e+00  -1.8998229e-01
   1.0000000e+00  -1.3281016e-01  -6.3921828e-01   8.6495931e-01  -6.1163211e-01   2.5270473e-01   3.5521102e-01
   2.0000000e+00   1.7138596e-01   2.8254184e-01  -5.1072611e-02   9.5361231e-01  -5.1196965e-01  -3.6272523e-01
   2.0000000e+00  -9.1146820e-02   1.3752364e-01  -2.5930327e-01   1.0458819e+00   1.2742460e+00  -9.1888386e-01
   1.0000000e+00   5.2518595e-01  -7.3771260e-01   1.4060448e+00   1.7459072e-01   1.0690332e-01   1.6910123e-01
   2.0000000e+00  -1.2138171e+00   6.7533447e-01   5.9847164e-02  -7.5189650e-02  -8.6969868e-02  -1.6946520e+00
   1.0000000e+00  -1.2791252e-01   1.4626127e-01   1.9536053e+00   6.6376551e-02   3.4079042e-02   4.4568458e-01
   2.0000000e+00  -3.3250266e-01  -8.6678475e-01  -9.8229825e-01  -1.5961370e+00  -1.5417050e+00   2.1686952e+00
   2.0000000e+00   1.8596231e+00   7.8229340e-01   1.0193341e+00   9.9046624e-01  -4.2481948e-01  -9.0672272e-01
   2.0000000e+00   3.5009313e-01  -1.7353598e+00  -2.6656257e+00  -9.1998928e-01  -7.7605615e-01  -1.2490364e-01
   2.0000000e+00  -4.2284707e-01   2.9588164e-02  -2.5272840e+00  -2.8461504e-01   1.1686294e+00   1.7027199e-01
   1.0000000e+00   3.4899050e-01  -2.6604338e-01  -6.0664982e-01  -5.1234059e-01   9.4247654e-01  -1.6958945e+00
   2.0000000e+00  -7.3514456e-01   6.6921215e-01   1.2067183e+00  -3.0999094e-01  -9.1229613e-01   2.3998741e+00
   2.0000000e+00   8.4376591e-01   2.1279378e+00   9.6561475e-01   7.0440752e-01  -7.1097920e-01   8.7225739e-01
   2.0000000e+00   8.1176544e-01   1.2040855e+00  -2.6422435e-01  -1.5308276e-01  -4.0165365e-02  -4.7602105e-01
   2.0000000e+00   8.9730765e-01  -3.7900053e-01  -4.1311819e-01   4.5841775e-01   1.3073839e+00  -1.1477710e+00
   2.0000000e+00  -5.6640651e-01  -1.0967455e+00  -7.6417490e-01   1.0367218e+00  -1.2423929e+00  -5.7119410e-01
   2.0000000e+00  -3.6307891e-01  -9.2758957e-01  -1.1803620e+00  -1.4484550e+00   1.9006147e+00   5.0114523e-01
   2.0000000e+00   6.9386573e-01  -8.3158476e-01   5.1587923e-02   4.4514307e-01  -9.4115586e-01  -1.8660345e+00
   2.0000000e+00  -2.0001963e-01  -4.0953743e-01  -5.4297063e-01  -6.4454969e-01  -5.0157978e-01   4.7806531e-01
   2.0000000e+00  -4.1399605e-01   2.1696564e+00  -8.6788585e-01   1.5929529e-01   6.8721437e-01  -1.8627914e+00
   2.0000000e+00  -1.4518916e+00   1.4079501e+00  -1.8586338e-01   4.2535051e-02  -1.5123962e+00   1.2903934e+00
   2.0000000e+00   1.0851617e+00   1.6796813e+00  -3.8402812e-01  -5.7521348e-01  -1.7467079e+00   2.7822154e-01
   2.0000000e+00   3.2027104e-01   1.2601128e+00  -7.1351055e-01  -1.8901995e-01   9.9054646e-01   7.1595711e-01
   2.0000000e+00  -2.1521255e-01  -5.4206013e-01   1.6733812e-02  -4.3175004e-01   1.1312264e+00  -1.4996130e+00
   2.0000000e+00   1.1686289e+00   8.4648004e-01  -2.0048268e+00  -1.0838831e+00   1.1862986e+00   6.0347009e-01
   2.0000000e+00   5.4722940e-01   1.1140405e+00  -6.3529739e-01  -2.8260814e-01  -2.5794901e+00   1.0672300e+00
   1.0000000e+00  -3.9052941e-01  -7.2031194e-01  -1.8047471e+00   1.1908472e+00   5.1083440e-01  -1.5038426e+00
   2.0000000e+00  -1.5997605e+00   3.1391399e-01   4.1569644e-01  -1.6804778e+00  -1.2785095e+00   1.6206943e-01
   2.0000000e+00   1.0493408e+00  -2.5824400e-02  -2.4502933e-01   9.2013863e-01  -1.9175367e-02  -6.9245245e-01
   2.0000000e+00   1.2458614e+00  -2.2045226e+00  -8.5912086e-01   1.0640770e-01  -1.8480173e+00  -4.1989914e-01
   2.0000000e+00   1.6030632e-01  -2.6680124e-01  -3.8481076e-01   1.2329937e-02  -1.1336459e+00   1.3303545e+00
   2.0000000e+00   1.1381970e+00   2.5182227e-01   1.3381531e-01  -4.1212112e-01   1.1866826e+00   6.7769536e-02
   2.0000000e+00   2.1959313e-01   1.6781983e-01   9.9413680e-01   1.1320254e+00  -4.1252017e-01   3.8260663e-01
   2.0000000e+00   3.0394964e-01   1.1479045e+00  -1.1158715e+00   4.5156118e-01   1.1010269e+00   5.4558128e-01
   2.0000000e+00   1.2736945e-01  -1.1950737e+00   4.4325393e-01  -4.2527777e-01  -8.2945797e-01   4.0807219e-01
   2.0000000e+00  -4.8769156e-01  -9.4640944e-01   8.9634181e-01   5.3252352e-01  -2.0696205e+00   1.3667755e+00
   2.0000000e+00  -1.1233124e-01  -1.5696981e+00  -5.4121772e-01  -1.4842567e-02  -2.1962682e+00  -7.8906932e-01
   2.0000000e+00   6.5863937e-01  -8.0895118e-01   1.0111374e+00  -3.9878880e-02   1.1913931e+00   7.6440862e-01
   2.0000000e+00  -1.7742160e+00  -5.6055319e-01   2.7495298e-01   8.9557287e-01   9.9406274e-01  -1.1012397e+00
   2.0000000e+00  -4.1365658e-01   1.6209542e+00  -1.2045039e+00   4.1223251e-01  -4.1332297e-01  -2.6089735e-01
   1.0000000e+00   1.6213858e+00  -6.6348305e-01  -1.8674922e-01  -8.3843486e-01   3.1959021e-01   1.8334886e-01
   2.0000000e+00   4.4038158e-01   1.5328668e+00  -5.0205970e-02   8.4314555e-02  -6.3981300e-01  -1.6498748e+00
   2.0000000e+00   1.6970530e+00   9.5566421e-01   5.7394498e-01  -1.2927476e+00  -1.2939980e+00  -5.6906705e-01
   1.0000000e+00  -1.7058080e+00  -9.4495794e-02  -8.6914271e-01  -7.6221830e-01   9.5272340e-01  -6.7837782e-01
   2.0000000e+00  -1.4069348e+00  -1.3634609e+00  -1.1218086e-01   1.0058973e+00  -1.7911025e+00  -1.4109345e+00
   2.0000000e+00  -7.0589619e-03   1.0567419e+00  -7.4539694e-01  -7.5790236e-01  -7.3099571e-01  -1.9604266e+00
   2.0000000e+00   5.8390910e-02  -1.4759537e-01  -9.6025173e-01   1.4727812e+00  -2.4802778e-01   1.2724036e+00
   2.0000000e+00   1.3714374e+00  -1.6084306e+00   2.5818971e-01  -2.3205782e-01   1.8679935e-01   1.3590349e-01
   2.0000000e+00   1.3525209e+00   1.7006931e-01   1.1919311e-01   8.4130128e-01  -1.6204668e+00   1.0759319e+00
   2.0000000e+00  -6.4648974e-01   6.4728103e-02   9.1786548e-01  -1.3810102e-01   1.9489645e+00   1.0200250e+00
   2.0000000e+00   6.1687992e-01  -7.8273309e-01   1.4366366e+00   7.8979224e-01  -5.2631585e-02  -1.4626924e-01
   2.0000000e+00   9.2562876e-01  -1.4287139e+00   5.3772761e-01   2.3676845e-01  -3.8890999e-01  -9.5451132e-02
   2.0000000e+00   8.3542187e-01  -6.9450172e-01  -6.6459581e-01  -3.7172536e-01  -1.7407700e+00  -8.5048272e-02
   2.0000000e+00   6.1102996e-02   1.7898624e+00  -4.3676586e-01  -1.4697756e+00  -1.7490016e+00  -2.5547954e+00
   1.0000000e+00   1.2692395e+00   6.4107243e-01  -1.2695423e-01  -2.1117850e-01   1.0500279e-02  -1.8309247e+00
   2.0000000e+00  -7.6145638e-01   6.3810727e-02  -1.7081132e+00  -2.9395269e+00  -7.1716977e-02   2.5881663e-01
   2.0000000e+00   6.1302475e-01   8.0733242e-01  -1.7363762e+00  -7.5923061e-01   6.3777796e-01  -9.7712989e-01
   2.0000000e+00   2.0583802e+00  -7.2548074e-02  -2.0459601e+00  -4.3945186e-01  -9.7933114e-01   8.8631708e-01
   2.0000000e+00  -7.7956395e-01  -4.9491523e-01   1.0004381e+00  -4.3118169e-01  -1.3183347e+00   3.3516009e-01
   2.0000000e+00  -5.8174705e-01  -5.6333230e-01  -1.6702313e+00   1.2480806e+00  -8.9680639e-01  -3.8927631e-01
   1.0000000e+00   3.3211949e-01  -3.5407038e-01  -4.0845623e-01   6.9768836e-01   7.9918378e-02   8.1213683e-02
   2.0000000e+00   5.4565887e-02  -1.8161437e+00   1.1430764e+00   3.4834482e-01  -1.1215388e+00   2.7077656e-02
   2.0000000e+00   4.9130886e-02  -7.2664324e-02   2.7377637e-01   2.4078845e-01  -9.5349450e-01  -1.9144008e+00
   2.0000000e+00  -2.7017454e-01   7.3862520e-01   4.7013548e-01  -2.4190434e+00  -1.1636059e+00   1.0652585e+00
   2.0000000e+00   3.9508868e-01   1.7197623e+00   9.9598460e-01   1.3304360e+00   4.6172273e-01   3.5026616e-01
   2.0000000e+00  -9.6697392e-01   2.1648856e+00   5.6829762e-02  -2.6349172e-01  -7.1689530e-01  -7.0032712e-01
   2.0000000e+00  -1.2630766e-01  -1.2532891e-02  -9.0811022e-01  -4.1452505e-01  -3.9293432e-01  -6.6788183e-03
   1.0000000e+00  -1.4237941e-02  -7.0902550e-01  -1.2841399e+00  -6.3818099e-01   1.1038256e-01   5.2927412e-01
   2.0000000e+00  -1.1162377e+00  -3.6766974e-01   9.9668034e-02   1.1830751e+00   3.1270946e+00   4.5226976e-02
   2.0000000e+00  -7.7061905e-01   8.2785733e-01   4.1642403e-01  -3.3536651e-01  -4.5802689e-01   5.1974054e-01
   2.0000000e+00   9.7857018e-01  -1.5905056e+00   7.2593736e-01   1.1224444e+00   9.6310169e-01  -3.0521512e-01
   2.0000000e+00   2.5054717e+00  -9.3706439e-01  -9.7458110e-01   3.1038563e-01   1.6386351e+00   5.2983306e-01
   2.0000000e+00  -2.0257102e-01   1.0707834e-01  -1.3052373e+00   4.2807685e-01  -1.0591585e+00  -7.6128358e-01
   1.0000000e+00   7.9861894e-01  -4.7724557e-03  -7.7974807e-01  -6.0642325e-02   2.2623138e-01  -9.0922861e-01
   1.0000000e+00   4.4246952e-01   2.8237611e-01  -1.7318229e-01  -5.9456987e-01   3.3321844e-01  -1.0718250e+00
   2.0000000e+00  -1.6138961e+00  -3.6687509e-01   9.1559624e-01   2.6913983e-01   1.0189487e+00  -4.2283995e-01
   2.0000000e+00   4.4036472e-01  -1.4807752e+00  -2.8662400e+00  -3.9959157e-01  -1.8078980e-01   4.6499749e-01
   2.0000000e+00  -2.8992507e-01   2.5524164e-01   8.7727216e-01   3.2557706e-01   1.7534346e+00   5.9426008e-01
   2.0000000e+00   1.1526672e+00   3.4596164e-01   1.7391737e+00   7.7554812e-01  -1.1245738e+00   6.9255507e-01
   2.0000000e+00  -7.8685947e-01   5.6367038e-02  -1.6382082e+00   4.9653999e-01  -9.5289964e-03   6.8049169e-01
   2.0000000e+00   1.4539893e+00   1.0419929e+00  -2.4501736e-01  -1.2827538e-01  -8.5737184e-01  -1.7572415e+00
   2.0000000e+00   1.3121477e+00   1.0738753e+00  -2.4047659e+00  -9.5878824e-01   5.9547098e-01  -1.1411304e-01
   2.0000000e+00   1.2601192e+00   1.0115884e+00   1.0693829e+00  -1.2777524e-01   9.5994458e-01  -1.0762019e+00
   2.0000000e+00  -4.0685663e-01   1.0794307e-01  -1.1676935e+00   2.0030455e+00  -5.1114746e-01  -5.0412249e-01
   1.0000000e+00   1.1256299e+00  -5.6925333e-02   7.0580379e-01   1.3145657e-01   2.1965148e-01   3.2820631e-01
   2.0000000e+00   1.5066223e-01  -8.3242801e-01  -1.1018947e-01  -1.2821501e+00  -2.7771315e-01  -1.3256902e+00
   2.0000000e+00   1.2934655e+00  -4.6894206e-01   1.4438312e-01  -3.0319867e-01  -7.3703603e-01  -1.6731278e-01
   2.0000000e+00  -2.9802886e-01   6.1475845e-01  -7.6857960e-01   1.1744590e+00   8.1311999e-01  -1.9852565e-01
   2.0000000e+00   1.4027408e+00  -1.2135990e+00   8.3121688e-01   2.5019076e+00  -3.4136106e-01   1.0038707e+00
   2.0000000e+00   1.1525178e-01   3.1326186e-01  -4.9687287e-02  -2.0105702e-01   2.0957924e+00   3.2526591e-01
   2.0000000e+00   1.2400341e+00  -1.5871565e-01   9.8698087e-02  -6.1955286e-01   1.3228770e+00  -6.2823117e-01
   2.0000000e+00  -1.7518772e+00   2.7644923e-01  -4.9646768e-01   1.2956454e-01  -1.0527969e+00   2.5796803e-01
   1.0000000e+00  -6.2034975e-01   6.2370822e-01  -9.1126377e-01  -4.6259476e-01   6.6028831e-01  -2.1994657e+00
   2.0000000e+00  -4.8884300e-01  -1.7393921e+00  -4.1506359e-01   1.6530616e-01  -1.1767928e+00  -3.0012735e-01
   2.0000000e+00  -4.6350738e-02  -1.9457049e-01   3.3170165e-01  -4.2161040e-01   1.1028777e+00   6.1305062e-01
   2.0000000e+00  -9.0923387e-01  -2.7000282e-01   5.1220953e-01  -1.3066522e+00  -1.4981760e+00   2.7627838e-01
   2.0000000e+00  -5.9775782e-01  -6.5083769e-02   5.6425549e-01   1.4569443e-01  -2.2262934e-01  -2.5784268e+00
   2.0000000e+00   1.9775980e+00   1.0582501e+00  -8.0844384e-01  -1.0938639e-01   9.6552243e-01   5.9403464e-01
   2.0000000e+00   2.4261979e-01   6.7774078e-01   6.9211115e-01  -1.7182381e+00  -5.2733133e-01   6.0469516e-01
   2.0000000e+00   1.5290459e-01  -8.5195897e-01  -1.7837756e+00  -2.3236888e-01  -2.0933909e-01   2.7169483e-01
   2.0000000e+00  -9.2837389e-01   6.1889146e-02   6.8742459e-02   1.0421922e+00  -5.3707522e-02  -9.8844666e-01
   2.0000000e+00   3.4012793e-01  -6.6766528e-01  -1.5876041e+00  -1.2823069e+00   1.7086513e+00   5.6152114e-01
   2.0000000e+00  -1.5208633e+00  -1.6546477e-01  -1.1861951e+00   2.6965568e-01  -1.8181336e-01  -1.2317602e+00
   2.0000000e+00  -8.2740182e-01   8.1448798e-01   5.0105548e-01   5.9690458e-01  -9.9599597e-02  -1.1057699e+00
   2.0000000e+00  -6.9050479e-01   4.3450932e-01   7.4889431e-01   9.3410765e-01  -1.2428322e+00  -6.1979243e-01
   2.0000000e+00  -6.1964952e-01  -1.0863393e+00   6.2705873e-01   1.4680867e+00   5.1207318e-01  -2.5378260e-01
   2.0000000e+00  -1.8622316e-01  -2.1672383e+00  -1.7057348e+00   5.4915685e-01   1.0700802e+00  -4.2332295e-01
   2.0000000e+00  -2.9190646e-01   7.6809313e-01   1.6723957e+00  -3.1851774e-01   9.9735778e-01  -4.4247526e-01
   2.0000000e+00  -4.9337864e-01  -3.3909393e-02  -8.3642837e-02   6.6189911e-01   1.5804664e+00  -1.1214270e+00
   2.0000000e+00  -1.7071776e-01   2.1840590e+00   1.7258805e+00   8.2863713e-01   5.7988662e-02   1.0694683e+00
   2.0000000e+00  -1.5881360e+00  -2.0248495e+00  -2.5486500e-01   5.1406056e-01  -3.3892674e-01  -2.3206188e-01
   1.0000000e+00   8.4548990e-01   1.2308847e-01   5.2129731e-01  -8.4225586e-01   5.8616342e-01   1.0135098e+00
   2.0000000e+00   4.1120140e-01  -1.3180520e+00   1.0519321e+00  -1.9032902e-01   2.9479963e+00  -2.1591210e+00
   1.0000000e+00  -4.6480532e-01  -3.0786931e-01   7.2223752e-01   1.4671863e-01   5.8653537e-04   1.2471226e-02
   2.0000000e+00   7.8636049e-01   8.2182885e-01  -1.2347961e+00   2.4446069e-01   5.7804829e-01  -4.0201674e-01
   1.0000000e+00   1.8338991e+00   7.3568752e-01   2.6738529e-01   2.3494129e-01   9.1561054e-02   1.8140957e+00
   2.0000000e+00  -1.4036435e+00   1.5055381e+00   1.2569350e+00  -1.5596985e+00   1.2226243e+00   4.2909394e-01
   2.0000000e+00  -1.6136153e-01  -1.6621634e-01   1.2901649e+00   2.6993784e-01   1.0335912e+00   5.7762082e-01
   2.0000000e+00   1.4881027e-01   1.0670396e-02   1.8828782e-02  -7.1495350e-01  -5.0528908e-01   6.1268484e-01
   2.0000000e+00   1.0836972e+00   7.2940925e-01   9.0362964e-01   7.4084553e-01   8.4151215e-01   1.4730460e+00
   2.0000000e+00  -3.6436161e-01   1.4150300e+00   1.1505554e+00  -4.3136631e-02   1.9728693e-01  -2.1173740e-01
   2.0000000e+00   1.3104271e+00   8.8870135e-01  -1.2508414e+00  -2.6745333e+00   5.0134954e-01   1.4893891e+00
   2.0000000e+00   8.9448186e-01   2.0601664e+00   8.6332249e-01  -2.5325886e-01   1.1099040e-01   7.8918927e-01
   2.0000000e+00  -2.4228458e-01  -9.1007834e-01   1.4670535e+00  -1.1301002e+00  -1.4163344e+00   1.4682813e-01
   2.0000000e+00  -8.0309629e-01   2.9499366e-01   3.1913619e-02  -6.2959876e-01   1.5945674e+00  -5.8260453e-02
   2.0000000e+00  -1.1812949e-01   1.2076294e+00   1.5918169e+00   9.9311318e-01  -1.2629969e-01   8.3033933e-01
   2.0000000e+00  -3.5943994e-01   1.4977032e+00   3.5278323e-01   6.6837778e-01  -1.0810930e+00   1.2116041e+00
   2.0000000e+00   4.7023462e-01   1.2808309e+00   1.2590416e+00   7.0127583e-01  -3.0479122e+00   9.6386676e-01
   2.0000000e+00  -4.9599072e-01  -5.9752885e-01  -1.0440231e+00   4.2376847e-01  -9.3456166e-01   4.3083080e-01
   2.0000000e+00  -6.6935974e-01  -1.1592179e+00   6.5530583e-01   6.7127354e-02  -1.7954180e+00   4.2394832e-01
   1.0000000e+00   1.6417243e+00   3.6063443e-01   7.8626911e-01   6.2611171e-01   4.5394011e-01  -7.2797555e-01
   1.0000000e+00   1.7554343e+00  -3.1520497e-02   1.2110830e+00  -1.3967369e+00   2.0175630e-01   1.5482554e+00
   1.0000000e+00   1.9024350e+00   7.6616665e-02   1.0300378e+00  -9.7813679e-01   1.5545695e-01  -6.4177820e-01
   2.0000000e+00   4.1179179e-01  -7.6527115e-01  -7.9688313e-01  -8.0666303e-01  -1.2475763e+00   3.0232460e-01
   2.0000000e+00   1.4716300e-01   1.7438438e+00   3.8790106e-01   1.3689787e+00   2.2626518e-01  -5.3907264e-01
   2.0000000e+00   3.3173287e-02   2.6809541e-01  -7.4524145e-01  -1.8103156e-01   1.3725217e+00  -2.6194390e+00
   2.0000000e+00  -1.1804635e+00   4.8314158e-01  -4.5348351e-02  -9.6554578e-01  -8.3504790e-01   5.0283191e-01
   2.0000000e+00  -9.2985151e-01  -1.0928650e+00  -1.3268056e+00   6.8210605e-02   7.3833584e-01  -1.5960032e+00
   2.0000000e+00  -4.7511657e-01  -6.6583917e-01  -5.8282029e-01  -1.0669096e+00  -1.0566831e+00   5.4806015e-01
   1.0000000e+00   7.8957201e-01   6.9272484e-01  -2.8411102e-01  -2.0973864e-01   1.2422743e-02   3.1977135e-01
   1.0000000e+00  -3.4968976e-01   9.7202506e-02   1.0662171e+00   8.2454190e-01   3.2305784e-01  -1.7129958e+00
   2.0000000e+00   4.6104815e-01   1.8679295e+00   1.6040007e+00  -5.0881278e-01  -1.8851050e+00   2.4375884e-01
   2.0000000e+00   1.0310536e-01  -4.2349909e-01  -1.4022862e+00  -1.2063715e+00   2.0449128e+00   1.3178179e+00
   2.0000000e+00  -4.3188734e-01  -9.9014294e-01  -7.8585049e-01  -1.4150574e-01   7.2285514e-01  -7.8402470e-01
   2.0000000e+00   9.6585665e-01  -1.0572292e+00   4.3831603e-01  -4.0658372e-01  -3.6345108e-01  -1.0493456e+00
   2.0000000e+00   1.1141871e+00  -4.8301184e-01   3.7122161e-01  -9.6459968e-01   1.9851352e+00  -1.7550757e+00
   2.0000000e+00   2.7114775e-02  -7.8496218e-01  -2.4359023e+00  -1.4744807e+00   7.9326146e-01  -5.1284086e-01
   1.0000000e+00  -7.0160458e-01  -4.5745945e-01  -1.9346423e-03  -1.8477783e+00   2.8078168e-01   1.9512500e-01
   2.0000000e+00   2.2410397e-02  -1.3754501e+00   5.9161976e-01   3.9804658e-01  -7.7543433e-03   1.0860233e+00
   2.0000000e+00  -7.5402133e-01   1.8825580e+00  -1.8797431e-01   1.2845344e+00   3.9958048e-01  -7.5695749e-01
   2.0000000e+00  -2.5359523e+00   2.9578563e-02   1.0426365e+00  -1.1973860e+00  -2.0768747e+00   1.9209887e-01
   2.0000000e+00  -1.3047025e+00  -1.2695699e+00   3.8399188e-01   3.6132143e-01  -8.5228837e-01  -3.4774398e-02
   2.0000000e+00  -2.4772132e+00  -1.1644376e+00   2.2807932e-01  -3.6032350e-01   9.4098724e-01  -2.9892347e-02
   2.0000000e+00   9.1317131e-01   4.4421346e-01  -5.5616857e-01   2.4180157e-01  -1.4417712e+00  -1.2261067e+00
   2.0000000e+00  -9.1571002e-01   7.0974862e-01  -2.3448481e-01   5.3688394e-01  -6.6777843e-01  -4.0582036e-01
   1.0000000e+00  -1.0321358e+00  -3.0964520e-01  -2.9997003e-01   1.2122914e+00   6.4885290e-01  -9.3679970e-02
   2.0000000e+00  -2.1707630e+00   2.0472242e+00   1.9320020e-01   1.4916727e+00  -9.6660527e-01  -2.1698671e-01
   1.0000000e+00  -3.8160973e-01   5.4090848e-01   1.3299757e+00  -3.5662537e-01   1.1309940e-01  -3.2663078e-01
   1.0000000e+00  -2.6780973e-01   3.7844863e-01   8.7293459e-03  -1.0187795e+00   7.6151619e-01   8.7425755e-01
   2.0000000e+00   1.4402258e+00   5.6116252e-01   2.1329749e-02  -1.5663858e+00   1.8893106e+00  -1.5203634e-01
   2.0000000e+00  -1.9880503e-01   1.3407824e+00   7.8279451e-01   2.2060289e-01  -6.2818320e-01   2.2747697e-01
   2.0000000e+00   2.9786282e-01  -9.3158018e-01  -7.0659988e-01  -1.3433188e+00   1.7652843e+00   9.0925798e-01
   2.0000000e+00  -2.0136484e+00   2.7939040e-02   8.3091347e-01   1.0355223e+00   3.8627069e-01  -6.3287264e-01
   1.0000000e+00   7.8273268e-01   5.2282941e-01   2.7616209e-01  -6.0113794e-03   4.7917152e-02   1.5985325e-02
   2.0000000e+00  -7.9481402e-01   1.3258722e+00   2.4123903e-01  -1.3422346e-01  -1.4180126e+00   1.6336698e+00
   2.0000000e+00   2.8875092e-01  -1.0545069e+00   9.6624430e-02  -1.1495056e+00  -5.9052692e-01  -1.5380584e+00
   2.0000000e+00   1.2413272e-01   1.0825992e+00   1.8645426e+00   2.6083668e-01   7.8998630e-02   1.8817123e-01
   2.0000000e+00   9.1338086e-01  -2.4955584e+00  -9.2764349e-01   1.7671600e-01  -8.6074076e-03   1.0337327e+00
   2.0000000e+00  -2.3736244e-01   9.1561278e-02  -2.3653463e+00   6.6360582e-01  -1.4196987e+00   2.0647696e-01
   2.0000000e+00   4.0017922e-01  -5.8206553e-01  -6.1742322e-01   5.7540293e-01  -2.7098241e-01  -2.1603886e-02
   2.0000000e+00  -1.7669661e+00  -1.0219941e+00  -2.2713114e-01   1.1107068e+00   9.3295741e-01   9.7916536e-01
   2.0000000e+00   4.8567766e-01   4.3099191e-01   1.0943940e+00  -6.6249331e-01  -5.9014955e-01   9.2167594e-01
   2.0000000e+00  -7.5944558e-01  -8.1405699e-01  -1.8306479e+00   1.0904159e+00  -4.5484513e-01  -9.2186310e-01
   2.0000000e+00   2.2423685e+00   6.7783914e-01   4.9649192e-01   6.2647478e-01   2.6847775e-01  -1.1363305e+00
   2.0000000e+00   7.0032093e-01   1.7952415e+00   1.9466253e+00  -1.4824103e-01   1.3968515e+00   1.9696389e-01
   2.0000000e+00  -1.1792774e-01   1.7531620e+00   2.8149028e-01   5.1071988e-01  -8.5399739e-01  -8.2659716e-01
   2.0000000e+00  -6.5815644e-01   8.1885849e-01  -7.6930677e-01   6.2462580e-01  -1.3525658e+00  -1.0017833e-01
   2.0000000e+00  -1.1164183e+00   2.7603746e-01  -1.3233672e-01   1.3197813e+00  -1.5480216e+00  -2.4229298e+00
   2.0000000e+00  -1.1671691e+00  -1.5935547e-01  -2.1045733e+00  -1.0332462e-01  -2.6861823e-01   1.1221174e+00
   2.0000000e+00   4.6531503e-02   8.6889239e-01   3.7891194e-01  -1.1145212e+00  -4.7227697e-01   9.4360060e-01
   2.0000000e+00   4.3448981e-01  -1.1535006e+00   6.8207820e-01  -4.6088714e-01   2.1609655e+00   5.1324859e-01
   2.0000000e+00  -1.7498184e+00   1.1210551e-01   1.2702720e+00   6.1986397e-03  -2.6668463e+00  -8.5856754e-01
   2.0000000e+00  -1.2242409e+00   1.1826619e+00   5.7699154e-01   2.6025921e-01   6.4050092e-01   5.3471721e-01
   2.0000000e+00   1.0541835e+00   5.3587714e-01   7.0265008e-01   5.7142752e-01  -8.8863772e-02   5.0304320e-01
   2.0000000e+00   2.2480720e+00   2.2417382e-01   1.1339576e+00  -1.4662711e+00   1.2681933e+00   1.3782146e+00
   2.0000000e+00  -8.9460155e-01  -5.9015489e-01   4.2948219e-01  -7.5143453e-02   9.0317797e-01  -4.3896875e-01
   2.0000000e+00   6.9961131e-01  -8.2907651e-01  -1.6368079e+00  -7.3143621e-01  -3.8446298e-01   3.7495908e-01
   2.0000000e+00  -4.4133792e-01   1.8142691e+00  -1.4139677e+00  -4.9941025e-01   2.6140629e+00   1.6756560e+00
   2.0000000e+00  -5.5643709e-01  -5.7142800e-01  -2.7562782e-01   4.9985914e-01   1.0267767e+00  -1.5289822e-01
   1.0000000e+00   6.2721659e-01   6.4219017e-01   2.9632687e-01   1.0690192e-01   7.5092818e-01   1.2620281e+00
   2.0000000e+00  -3.1275998e-01  -9.6990909e-02   2.7505594e-01  -6.4695411e-01  -2.3360730e-01  -9.3656281e-01
   2.0000000e+00   9.7760539e-01  -9.1254271e-01  -9.8898935e-01   4.4082687e-01  -1.9471938e+00  -5.5017139e-01
   2.0000000e+00  -1.4398594e+00   2.0885202e+00  -3.8659160e-02   7.3483207e-01  -6.0071912e-01  -9.0051822e-01
   2.0000000e+00   1.6208489e+00  -1.2002942e+00  -4.6226220e-01  -1.7109996e-01  -2.2587916e+00  -2.5133799e-01
   2.0000000e+00   2.9456975e-01   1.1908377e-01   1.1098618e+00   6.0037833e-01   1.1915427e+00  -1.4520358e+00
   2.0000000e+00  -7.3823963e-01   7.2690737e-01  -1.3224294e+00  -1.5960762e+00  -3.7650165e-01  -1.3928935e+00
   2.0000000e+00   9.1544809e-01  -1.6473857e+00   1.2980772e-04  -2.6620177e-01  -1.0597907e+00  -1.4449623e+00
   2.0000000e+00  -2.1461042e-01   1.0633313e+00  -1.1809074e+00   7.1623481e-01  -5.1552994e-01   1.9047187e+00
   2.0000000e+00  -1.0012760e+00  -1.9855518e+00  -2.1809222e-01  -1.6813944e+00  -1.2886727e+00   8.0887427e-01
   2.0000000e+00  -8.9775975e-01  -3.6255537e-01   1.3104287e+00  -1.0316820e+00  -2.0742929e+00   8.6219419e-02
   2.0000000e+00   1.8207873e+00  -9.2088417e-01   2.1820794e+00  -3.2572555e-01  -1.8722297e+00   2.0834852e+00
   2.0000000e+00  -2.6451793e-01   9.2451040e-01  -3.9546140e-01   9.3837038e-01  -9.0951410e-01  -1.0388430e+00
   2.0000000e+00  -1.2761556e+00  -1.1770301e+00   4.8191336e-01  -1.1426581e+00  -8.2474406e-01   1.5058157e+00
   2.0000000e+00   3.1978549e-01  -2.1829115e+00  -5.4362103e-01   7.4110432e-01   2.0082166e-01  -4.0989139e-01
   2.0000000e+00  -2.0696722e+00  -4.5768487e-01  -8.5414376e-01  -6.4786041e-01  -7.2469855e-02  -1.2214234e+00
   2.0000000e+00  -2.7720321e-01   1.6331576e+00  -5.9456968e-01  -7.1990290e-01   1.6591902e+00   4.2886260e-01
   2.0000000e+00  -1.5333936e+00  -1.3087172e+00   5.7465999e-01  -9.2422235e-01  -1.7445834e-01   2.3451276e+00
   2.0000000e+00  -2.4864921e+00  -2.0010201e+00   1.1055406e+00   2.4159108e+00  -2.0654663e+00   3.8875042e-01
   2.0000000e+00   4.6031765e-01   6.0872885e-01   1.0512434e+00  -2.2151953e+00  -8.4291441e-01   6.8220629e-01
   2.0000000e+00   2.8645700e-01   4.0651301e-01  -4.4510566e-01   7.1463427e-01  -4.3609594e-01  -1.6977731e+00
   2.0000000e+00   1.7322154e-01  -7.9318004e-01  -1.2914949e+00   6.3354116e-01   6.5886105e-01   3.1486512e-01
   2.0000000e+00  -3.6564634e-01  -1.2107479e+00  -2.3984188e+00   8.1600496e-01  -1.6809988e+00   1.1259275e+00
   2.0000000e+00  -8.2604483e-01   5.4210276e-01  -1.1732821e+00  -5.1524923e-01  -6.9840744e-01   1.3063974e+00
   2.0000000e+00  -7.6347086e-02  -5.6390936e-01   1.3671674e+00   1.4245283e+00  -1.0459921e+00  -2.4741806e+00
   1.0000000e+00   1.5831281e+00  -2.9762053e-01  -1.8475651e+00   2.7711033e-01   8.6905466e-01  -1.9628336e+00
   2.0000000e+00   8.5134648e-01   7.2297192e-01   4.4690643e-01   1.4000618e+00   1.1143028e+00  -6.9860545e-01
   2.0000000e+00  -8.2915515e-02   2.7078259e-01   7.2872879e-01   1.2605852e+00   1.3054329e+00  -6.9692577e-01
   1.0000000e+00  -7.6203969e-01  -6.8583211e-01  -3.5610619e-01  -2.7349327e-01   3.5800135e-01  -1.1559775e+00
   2.0000000e+00  -7.7432867e-01  -1.4720468e+00   1.0825534e+00   4.7098255e-01   2.4708401e-01  -5.8924696e-01
   2.0000000e+00   1.4693637e+00   3.5754288e-01   9.7251581e-01   1.6121485e+00  -3.9660561e-01   7.2933010e-01
   2.0000000e+00  -5.5536989e-01  -1.1354841e+00   5.3665979e-01   1.3789874e+00   1.2976094e-01  -1.2405205e+00
   2.0000000e+00   6.1895352e-01   1.3915621e-02   9.3749009e-01   8.5528792e-01  -1.0044456e+00   1.3897827e+00
   2.0000000e+00  -2.7690555e-01   7.3767013e-01  -9.3150855e-01   6.9650411e-01  -1.0623658e-01   4.2742980e-01
   2.0000000e+00  -6.5661477e-01   1.2178664e+00   1.4326228e+00   8.8117143e-01  -8.0372137e-01  -2.1206778e-01
   2.0000000e+00  -9.4049541e-01  -1.7370175e+00  -3.1660449e-01   7.2498580e-01   1.7038331e+00   9.4632571e-01
   2.0000000e+00   1.8054244e+00  -4.7763439e-01  -1.7825088e-01   7.4848420e-01   2.3067174e+00  -9.2054487e-01
   2.0000000e+00  -2.8315159e-01  -5.9391687e-01   9.2265129e-01   1.7807083e+00  -2.7883324e-01  -2.5966359e-01
   2.0000000e+00  -1.3709156e+00   6.8134386e-01   2.6375069e-01   2.1778291e-02  -4.0929278e-01   5.3428212e-01
   2.0000000e+00  -1.3529023e+00  -1.2160126e+00   5.9531272e-01  -4.0537595e-01   8.3236347e-02   7.5265336e-01
   2.0000000e+00  -4.7417997e-01  -7.9339542e-01   2.3330195e-01   4.8389239e-01   7.7850481e-01   2.0852168e-01
   2.0000000e+00  -7.7964868e-02   1.1272244e+00   4.4762962e-01   7.7071724e-01   9.7568930e-01  -7.3943695e-01
   2.0000000e+00   4.3686557e-02   4.5393857e-01  -1.5820455e+00  -1.2567758e+00  -8.9168303e-01  -2.3002563e+00
   2.0000000e+00  -1.5688036e-01  -4.9122968e-01  -1.1470256e+00  -1.7066406e+00  -7.5104977e-01   1.8515246e+00
   2.0000000e+00   1.0423625e+00   3.6682861e-01  -2.2224888e+00  -1.1668554e-01  -1.4014406e+00   5.5725654e-01
   2.0000000e+00   4.8980271e-01  -3.0162661e-01   2.4681758e-01   8.6927181e-02  -1.0459309e-02   2.2106014e-02
   2.0000000e+00  -4.5959800e-01  -4.5715282e-01   1.5795125e-01   1.5782599e+00  -9.7764713e-01   1.1435896e+00
   2.0000000e+00   8.2249400e-01   4.1444830e-01   1.1087208e-01   1.1805305e+00  -2.4224107e-01   3.8644924e-01
   2.0000000e+00  -6.3879712e-01   6.1359606e-01  -1.6572508e+00   1.4063904e+00  -1.7095197e-01  -4.4205766e-02
   2.0000000e+00   8.1877377e-03   1.0727893e+00  -2.1189618e-01  -8.9509165e-02   2.1833608e+00  -2.6866656e+00
   2.0000000e+00  -5.2947902e-02  -1.1742284e+00   5.3084762e-01   2.9537674e+00   1.2322538e+00   1.6770717e+00
   2.0000000e+00   8.7781439e-02  -1.4264857e+00   2.8726465e+00  -3.9727479e-01  -9.2399157e-01   3.2100690e+00
   1.0000000e+00  -1.5429817e+00  -5.4878385e-01  -3.1551207e-01   4.1859757e-01   4.0378930e-01  -1.3991256e+00
   2.0000000e+00   1.9813355e+00   3.8497576e-01  -2.0901872e-01   7.7751103e-01   1.0367004e+00   8.5078529e-01
   2.0000000e+00  -1.0567708e+00   1.6012325e+00   1.0001265e+00   7.1767753e-01  -3.5610168e-01  -1.0195150e+00
   2.0000000e+00   1.6572566e+00  -4.8740531e-01   6.8880667e-01   3.1830042e-02  -2.5042533e-01   8.5171526e-01
   2.0000000e+00  -6.8588021e-01   2.3168400e-01  -6.8853400e-01  -6.2582524e-01  -4.7252897e-01   8.5315751e-01
   2.0000000e+00  -1.7355392e+00   6.2215419e-01  -6.8050076e-01  -2.9494721e-01   1.1553569e+00  -4.1710518e-01
   1.0000000e+00  -3.7249752e-01   3.8811034e-01   1.3490565e+00   1.8582152e+00   4.4871532e-01   2.8672372e-02
   2.0000000e+00  -9.9947302e-01   1.2184722e+00   4.5170686e-01  -3.6945658e-01   5.9634282e-01  -1.7025435e+00
   2.0000000e+00  -9.7547304e-01   1.3621817e+00  -1.4768165e+00   2.4135551e-01   1.2091302e+00  -1.1133528e+00
   2.0000000e+00  -8.9159480e-01   1.5962842e+00   1.9417013e-01   8.9863769e-01  -6.2453751e-01   2.9254257e-01
   1.0000000e+00   1.3895817e-01  -3.4432251e-01  -1.2344268e+00   5.9061645e-01   1.1849733e-01   4.1651367e-01
   2.0000000e+00  -8.6301560e-01  -6.3719844e-01  -1.4267797e+00   7.7859189e-01  -2.4940670e+00  -9.8246245e-01
   2.0000000e+00   3.5703173e+00  -1.0867480e+00   1.4259220e-01  -6.7765307e-01   1.3341970e+00  -2.0086275e+00
   2.0000000e+00   9.2564583e-02   3.5128763e+00  -3.7300015e-01   4.5151571e-01   7.3939814e-01   1.1080400e+00
   2.0000000e+00   1.5238867e+00   2.5200757e-01   8.6209505e-02   1.1360571e+00   1.0772717e+00  -5.4852394e-01
   2.0000000e+00  -1.0120381e+00   1.1413783e+00  -1.0881922e+00   5.8304863e-02  -5.1303266e-02  -1.1211790e-01
   2.0000000e+00  -1.6990036e+00  -1.8239513e+00  -1.0592101e+00   3.8328762e-01   1.1524901e+00  -2.1536755e-01
   2.0000000e+00  -1.3536920e+00  -9.5661125e-01   1.1030574e+00  -8.1055527e-01  -1.1123272e+00   1.2109600e+00
   2.0000000e+00   1.5052589e+00   3.2548275e-01   9.0830085e-02  -9.5036335e-02  -7.1011803e-01  -6.1443761e-01
   2.0000000e+00   1.4900286e+00   2.3422660e-01   8.1159779e-01   1.7892983e+00  -6.5360937e-01  -6.1854652e-01
   2.0000000e+00  -2.6807179e+00   6.6658171e-01   1.7386822e+00  -5.1053005e-01  -1.2843560e+00  -7.3399754e-01
   2.0000000e+00   1.0516030e+00  -3.4212722e-01  -2.2874679e-01   1.5055557e+00  -2.4677151e-01   1.8163826e-01
   2.0000000e+00   1.3333564e+00   1.2929734e+00  -2.4333752e+00  -6.4295826e-01   7.7405593e-01   8.7095985e-01
   2.0000000e+00   6.4859685e-01  -1.6602083e+00   1.2475421e+00  -1.6632914e+00  -2.0920145e-01  -1.6141798e+00
   2.0000000e+00  -5.9009615e-02   8.8553376e-01  -1.7744202e-01   1.0561079e+00   1.5564641e+00  -6.3677948e-01
   1.0000000e+00   1.0784516e+00   9.1797392e-02  -1.3121874e+00  -4.9997548e-01   7.6245532e-01  -1.1753303e+00
   1.0000000e+00  -3.3799716e-01  -4.0320098e-01  -9.5632195e-01   2.1302261e+00   2.4875141e-01   1.2010770e+00
   1.0000000e+00   1.3703932e-01  -9.4452251e-01   3.7741500e-01  -3.7771001e-01   7.3630555e-02   5.6523221e-01
   2.0000000e+00   5.7927627e-01   1.8798193e+00   4.0604467e-01  -6.8359334e-01  -8.1954527e-01  -2.3314666e-01
   2.0000000e+00   1.3064458e+00   6.2763975e-01  -2.0341636e+00   1.4022221e+00   1.9157587e+00  -2.3740905e+00
   2.0000000e+00   1.8541588e-02  -7.0971388e-01   5.6785443e-01   1.0970159e+00  -4.2053972e-01   1.1497462e+00
   2.0000000e+00   1.7542625e+00  -3.8409439e-01   1.4403091e-01  -1.1202209e-01  -3.4847358e-01  -2.4375198e+00
   2.0000000e+00   1.5103136e+00  -2.4030664e+00  -1.1699461e+00   1.8911639e+00   2.4492268e-01   1.3034452e+00
   2.0000000e+00   1.6645099e+00  -1.6835099e+00   1.9090274e-01  -9.6889688e-01   8.6721371e-01  -7.4629626e-01
   2.0000000e+00  -4.0015959e-01   1.4287154e-01  -2.4970210e-02   1.5420283e+00  -1.7765784e-01  -8.0763752e-01
   2.0000000e+00  -1.0616776e+00  -9.2617272e-01   6.9467017e-01  -1.4415144e+00  -1.2121245e+00  -1.1161095e-01
   2.0000000e+00   1.7774890e-01   1.6404922e+00  -1.0174240e+00  -7.3026583e-02   9.8064601e-01   9.6956114e-02
   1.0000000e+00   8.0143696e-01   1.0551685e-01  -1.6572040e+00   1.6909689e+00   9.7838815e-01   6.3527531e-01
   2.0000000e+00  -1.2160289e+00   1.8119389e+00  -5.1032945e-01   6.0574176e-01   1.7736844e-01  -5.0500092e-02
   2.0000000e+00  -1.2670895e-01   1.3453420e-03  -8.5362545e-01  -1.4697842e-01  -4.3226945e-01  -1.2960356e+00
   2.0000000e+00  -1.2473134e+00  -1.0802305e+00   3.1167278e-01  -1.3643488e+00   1.1542240e-01  -9.6144474e-01
   2.0000000e+00   7.4920959e-01   1.1550640e-01   2.3461535e-01  -5.7475289e-01  -4.8295023e-01   7.6197004e-01
   1.0000000e+00  -9.5931999e-01  -5.5775527e-01  -8.0681962e-01  -1.3432486e+00   8.0901082e-01  -1.8165356e-02
   2.0000000e+00  -1.9915770e+00  -5.9842417e-01  -3.0981599e-01  -1.3581582e+00  -1.8355725e-01   9.3239229e-01
   2.0000000e+00  -1.7262159e+00  -3.9760940e-01   7.2871975e-01   3.0028752e-01  -7.4004791e-02  -3.4905073e-01
   1.0000000e+00  -1.0535585e+00  -9.6389700e-02   5.6602572e-01   1.0995036e+00   2.5733695e-01   1.2663710e+00
   2.0000000e+00   6.0209152e-01   2.0499348e-01   7.8078901e-02   2.6057807e-01  -3.7183474e-01   5.5794429e-01
   2.0000000e+00  -1.9734798e-03  -1.2651704e+00   1.1469739e-01  -2.5695721e-01  -1.1101825e+00   1.1887967e-01
   2.0000000e+00   1.1127052e+00  -5.2608834e-01  -6.8732157e-01  -2.7989776e-01   9.7141798e-01   1.1203495e+00
   2.0000000e+00  -3.0429367e-01   4.8160437e-01   4.2680662e-01  -1.6535075e+00  -5.8926325e-01  -9.5135669e-01
   2.0000000e+00   8.8648805e-01   1.8667564e+00  -4.8578924e-01   3.2457118e-01   2.7243950e+00   1.2192297e+00
   2.0000000e+00  -6.2212763e-01  -2.2527063e-01   1.5842242e+00  -7.7402638e-01  -3.6946719e-01  -5.2190264e-01
   2.0000000e+00  -5.2437096e-01   9.8899526e-01   8.3313349e-01  -8.1286568e-01   1.3590745e+00   4.7782427e-01
   2.0000000e+00  -4.2388208e-01   1.2187063e+00   1.6684897e-01  -1.6827841e-01   1.2512886e-01  -3.3055223e-01
   2.0000000e+00   2.6077494e-01  -5.9558884e-01   7.8824091e-01  -3.3023487e-01   1.4247152e+00  -3.8392477e-01
   2.0000000e+00   9.5921808e-01  -9.5296702e-01   1.6164545e+00   1.2911609e+00   4.4401321e-01  -2.2875112e+00
   2.0000000e+00  -3.7010096e-01   4.5843889e-01  -1.5514060e+00   4.8966402e-01  -7.0293673e-01   8.4692654e-01
   2.0000000e+00   8.9393417e-01   7.4562458e-01   4.1288791e-01   2.6017491e-02  -8.6014005e-01   1.5044194e+00
   2.0000000e+00   4.9330922e-01  -2.6819458e-01   8.3428034e-01   1.3228235e+00  -5.8811931e-01  -2.1300826e-01
   2.0000000e+00   2.1578485e+00   3.5456576e-02  -6.1661732e-01  -8.7778078e-01   1.3785189e+00   2.1891782e+00
   1.0000000e+00   1.7670180e-02   2.1949513e-01   1.9696237e-01   6.8176189e-01   9.6704287e-01  -7.6121584e-01
   1.0000000e+00  -1.5500788e+00  -8.7840385e-01   4.7805052e-01  -1.7018131e+00   2.1871637e-01  -5.9974329e-02
   2.0000000e+00  -5.0551819e-01  -1.0033950e-03   8.4313257e-01  -1.8665346e+00  -2.1818634e-01   3.2588749e-01
   2.0000000e+00  -1.5009253e+00  -3.8441716e-01   4.9056061e-01   6.9487062e-01  -1.9394998e+00   4.0232850e-01
   2.0000000e+00  -4.2823475e-01  -2.2298825e+00   1.8624261e-01  -6.4506320e-01   1.3683873e+00   3.2776223e-01
   2.0000000e+00   2.8558161e-01  -2.8025702e-01   1.5064607e+00   1.0458596e+00  -1.0827917e+00  -3.5160369e-01
   2.0000000e+00   9.9526139e-01  -1.8633026e-01   1.2339533e+00  -6.5956403e-04  -6.3631283e-02   4.3373959e-01
   2.0000000e+00  -2.1080045e+00   8.0643436e-01   1.1286705e-01   1.4606290e+00   3.9289262e-01   3.9810385e-01
   2.0000000e+00  -3.8800467e-01   2.0218601e-01   3.6221022e-01  -1.0450307e+00  -8.9714339e-01   7.9740571e-02
   2.0000000e+00  -2.3307534e+00   4.2442537e-01  -6.5696233e-01  -6.3229695e-01  -8.8988456e-01  -6.0842927e-01
   2.0000000e+00   3.5696310e-01  -3.4892542e-01  -1.5412003e+00   3.1688493e+00  -5.6426362e-01  -7.8954930e-01
   2.0000000e+00  -7.2415847e-01   4.8718844e-01   2.6048918e-01  -1.7521191e-01  -4.8925143e-01  -6.9473688e-01
   1.0000000e+00   7.3028314e-02  -3.6901680e-02   4.9589287e-01  -4.9313527e-01   2.6003381e-01  -2.2587202e+00
   2.0000000e+00  -6.5340521e-02   8.6103144e-01   2.9620572e-01  -1.3534209e+00   9.1278489e-01  -6.8045763e-01
   2.0000000e+00   1.1609303e+00  -1.0506733e+00   7.4859563e-02  -1.4417344e-01  -1.0834645e+00   1.2708659e+00
   2.0000000e+00  -1.5424932e-01   1.1907685e-01   7.7388891e-01  -1.3937410e+00  -1.6064194e+00  -5.0256738e-01
   1.0000000e+00   4.7312404e-01   2.9498890e-01   2.5239365e+00   1.5790188e+00   6.1754576e-01  -1.3263761e-01
   2.0000000e+00   3.5200929e-01   2.2511473e+00  -5.8359754e-01   6.1273737e-01  -6.0997155e-01   1.0315017e+00
   2.0000000e+00  -2.1031661e-01   1.5291822e+00  -7.6218307e-01  -4.6615969e-02   9.7492196e-01  -7.7848894e-01
   1.0000000e+00   1.1624087e+00  -3.5424924e-01   9.9845322e-01  -1.0100910e+00   3.9002573e-01   1.1464457e-01
   2.0000000e+00   1.7859793e-01   9.5885378e-01  -8.7225720e-02  -1.0543376e+00  -1.3882131e+00  -9.9530239e-01
   2.0000000e+00   7.3786813e-01   8.1111055e-02  -1.6026108e+00  -3.0051799e-01   1.3766544e+00   1.0435327e+00
   2.0000000e+00  -2.4277781e-01  -7.7226898e-01  -1.8913295e+00   7.6313691e-01  -3.0415233e-02  -6.9178132e-01
   2.0000000e+00   1.5302444e+00   2.3342190e-01   6.9526101e-01  -4.8278486e-01  -1.3556715e+00   2.2455510e+00
   2.0000000e+00  -1.0156090e-01  -1.3652525e+00   2.8467724e-01   1.0964709e-01   2.5765316e-01  -8.9212167e-01
   1.0000000e+00  -7.7045119e-01   4.1852971e-01  -1.7522516e+00  -4.8736109e-01   5.9959468e-01   1.7065799e+00
   2.0000000e+00  -1.7827736e+00  -1.0838451e+00  -7.6159634e-01  -5.6328887e-02   1.3660256e+00  -8.7018899e-01
   1.0000000e+00   4.0548743e-01   3.9667399e-01  -1.0287337e+00   5.4915337e-01   7.2065879e-01   1.5312087e+00
   2.0000000e+00  -2.6378485e-01  -4.8818325e-01   5.3475128e-01   4.7856554e-02  -4.7436962e-01  -1.6032222e+00
   2.0000000e+00  -1.0990566e+00   4.0041090e-01  -8.1019339e-01   4.0123376e-01  -3.7399093e-01  -7.9832490e-01
   2.0000000e+00  -8.7410022e-01   1.0433121e+00  -1.1689925e+00  -6.7840344e-01  -2.3186786e+00   7.8312455e-01
   2.0000000e+00   5.0241246e-01   7.9972590e-01   4.1887667e-02   2.5106497e-01  -1.5471812e-01   9.7992611e-01
   2.0000000e+00  -2.7631718e-01  -9.4044490e-02   8.9436330e-01  -1.0798755e+00  -5.3923202e-01   7.4494703e-01
   2.0000000e+00   5.5064880e-01   2.9923470e-01   5.4603386e-01  -8.3344855e-01   1.0458338e+00   5.8699487e-01
   2.0000000e+00   2.2709309e-01   5.1125407e-01  -9.3447585e-01  -3.7561232e-01  -8.0606370e-01   1.7870792e+00
   2.0000000e+00  -2.1045801e+00  -6.9611939e-01   7.5444073e-02   2.5581841e+00  -8.5175230e-01   9.9020521e-01
   2.0000000e+00  -5.0813944e-01   1.1292276e+00   9.5865859e-02   2.2867191e+00  -1.7515398e-01   4.8087450e-01
   2.0000000e+00   1.2750287e+00  -2.4431623e+00  -6.9300389e-01   1.3081475e+00  -9.4922655e-01  -5.4306186e-01
   2.0000000e+00  -5.2008878e-01   5.8278115e-01   6.3253791e-01  -4.2560080e-01  -7.1002057e-01  -1.4221634e+00
   2.0000000e+00  -1.6211134e-01  -5.9299059e-01   9.3930216e-01  -7.4160768e-01  -8.1673154e-03  -7.6833017e-02
   1.0000000e+00  -4.3043549e-01   1.6800505e-01  -1.4906464e-01   7.0858813e-01   4.0830938e-01   1.0403136e+00
   2.0000000e+00   1.7609270e+00   5.6854692e-01   2.8689253e-01  -1.0726287e+00   1.3288817e+00  -4.7997431e-01
   2.0000000e+00   7.4720076e-01  -1.8954533e+00  -2.7471500e-01  -9.7000466e-01  -3.7690212e-01  -1.3084695e+00
   2.0000000e+00   4.6083519e-01  -1.0595756e+00  -3.2124236e-01   1.6583199e+00   3.1850459e-01  -1.1011631e+00
   2.0000000e+00   9.4462743e-01   1.0051638e-01  -1.2971392e-01  -4.1557814e-01  -2.5071188e+00   5.3878178e-01
   2.0000000e+00   6.9198090e-01   9.7343900e-01   1.7958349e+00  -1.3956560e-01  -1.5870169e+00   2.9728872e-01
   2.0000000e+00  -2.2053137e-03   8.7115380e-01   6.8974452e-01   3.9168420e-01  -2.2567025e-01  -4.3048460e-01
   2.0000000e+00  -2.9873035e-01  -8.6210672e-01  -7.6426576e-01  -1.5592996e+00   8.7611906e-01  -1.1468911e-01
   2.0000000e+00   1.1728654e+00   6.4369487e-01  -6.0588767e-01  -2.3011108e-01   1.1252028e+00  -3.5284364e-01
   1.0000000e+00   1.3474181e+00   4.8001479e-01  -1.4206786e+00  -1.2154999e+00   5.3546642e-01  -2.0383800e+00
   2.0000000e+00  -4.7222153e-01   2.0090161e-01   2.6122730e-01  -9.9620433e-01  -1.0863656e+00  -6.8894647e-01
   2.0000000e+00   9.7682481e-01   5.8954995e-01   7.8208969e-01  -9.7265075e-02   8.6249105e-01  -1.5283834e+00
   2.0000000e+00   2.0523863e-01  -5.5540827e-01   3.2504408e-01   1.3317575e+00  -1.4896201e+00  -9.6127803e-01
   1.0000000e+00   1.4518078e+00  -4.1174236e-01   1.4955183e+00   6.7120499e-01   8.7822490e-01  -9.9923636e-01
   2.0000000e+00   8.7907937e-01  -1.1916697e+00   2.2185130e+00  -1.8452475e+00  -2.6154581e-02  -4.6973409e-01
   2.0000000e+00  -9.1190999e-01  -6.8209009e-01   1.0240535e+00   6.8351519e-01  -1.1522893e+00   1.9481402e+00
   2.0000000e+00  -1.5075248e-01  -7.9299310e-01   3.9794750e-01  -2.5125829e-01   1.2727686e+00   5.0839471e-01
   1.0000000e+00  -1.0891221e+00  -5.1873726e-01   1.2936187e+00   5.0603763e-01   2.1384138e-01   4.6090814e-01
   2.0000000e+00   1.8150839e+00   3.1702967e-02   6.6148004e-01   8.0989356e-02   2.1908669e+00  -7.6279104e-01
   2.0000000e+00  -5.5256536e-01   1.8481350e+00   3.1906779e+00   4.0615854e-01  -1.5595065e+00   7.6641814e-01
   1.0000000e+00   6.1745621e-01  -4.7597326e-01  -2.7878345e+00   1.0059711e-01   5.9161937e-01  -1.3579294e+00
   1.0000000e+00  -1.2309527e+00  -2.2791406e-01  -9.6752860e-01  -8.5758162e-01   3.9861231e-01  -9.1733007e-01
   2.0000000e+00   3.3035024e-01   5.7421958e-01   1.1638690e-01   7.5334943e-01   8.7753156e-01  -1.6541652e+00
   2.0000000e+00  -1.6853554e+00   7.7085497e-01   2.8164456e+00  -2.4236394e+00  -3.9738225e-01  -2.3492316e+00
   1.0000000e+00   1.5682126e+00  -3.2900501e-01  -6.5618515e-01   6.2076697e-01   4.1427293e-01  -2.7481034e+00
   2.0000000e+00   2.3103061e-01   7.9312837e-01   3.0300355e-01  -1.2940461e+00  -1.5551355e+00  -3.2047631e-01
   2.0000000e+00   2.7720965e+00  -6.8275737e-02  -1.1335962e-01   1.5493053e+00   1.2928387e-01   8.5542826e-01
   2.0000000e+00  -2.7284599e+00  -1.2646000e+00   5.9443573e-01  -8.9375867e-01  -1.2584000e+00  -4.4917811e-01
   2.0000000e+00   1.0664034e+00   9.5325808e-01   8.8739926e-01   1.0902130e-01  -5.5253483e-01   7.7877732e-01
   2.0000000e+00   9.6382470e-01  -1.9923607e+00   6.1496139e-02  -4.8517729e-01  -5.5015495e-01  -9.4539928e-01
   2.0000000e+00  -6.1090685e-01  -6.5625179e-01  -1.1923353e+00  -1.6160117e+00  -8.1634850e-01   6.4021683e-01
   2.0000000e+00  -6.1825348e-02   6.9405492e-01  -7.1935501e-01  -1.6530773e+00  -7.7643420e-01   9.5447875e-01
   2.0000000e+00   1.6124156e+00  -1.7067395e+00  -7.6913355e-02  -2.0916875e+00   8.6699900e-01   1.6051331e-01
   2.0000000e+00  -1.2368385e+00   5.3116469e-01  -1.2813444e+00  -2.3864842e-01  -2.2853029e-01   1.0591163e+00
   2.0000000e+00  -2.1740214e-01   1.4383172e+00  -2.4055958e-01   2.2989980e+00   2.8347454e-01   1.3557311e+00
   1.0000000e+00   6.0565697e-01  -3.7958933e-01  -2.0549456e-01  -1.0012253e+00   8.2386659e-01   1.3155681e+00
   2.0000000e+00  -5.7601592e-02  -1.2242030e+00  -7.5854677e-01  -1.9332450e-02   1.6356095e-01   7.6614273e-02
   2.0000000e+00   4.4507493e-01  -1.1027292e+00  -1.4699501e+00  -1.1743764e+00   3.4432857e-02   3.4526588e-01
   1.0000000e+00   1.0933934e-01   1.2623997e-02  -2.6404182e+00   7.1458374e-02   2.9764042e-01   2.1277968e+00
   1.0000000e+00  -5.5283483e-01   5.8656502e-01  -2.3631020e-01   1.4995795e+00   9.3061573e-02   4.5095064e-02
   2.0000000e+00   5.5256687e-01   3.0495099e-01   1.1941033e+00   3.3809533e-01  -1.5459123e+00   8.6941523e-01
   2.0000000e+00   1.3099191e+00  -3.8031105e-01  -8.9787136e-01   1.0261580e+00   1.3320296e+00  -7.5235658e-02
   1.0000000e+00  -1.7972831e+00  -9.0201914e-01  -1.4402160e-01   1.2134304e+00   4.2630729e-01   9.3239674e-01
   2.0000000e+00  -1.9769388e+00   8.0337754e-01  -9.1736089e-01   1.6380269e+00   1.8252378e+00  -3.2605316e-01
   2.0000000e+00   5.5478678e-01   1.1143677e+00   2.4238730e-01  -1.6793487e+00   7.1875311e-01   2.1597158e+00
   2.0000000e+00   1.3085390e+00  -9.5131058e-01  -1.7790696e+00  -5.1036231e-02  -1.7071980e+00   4.4363728e-01
   2.0000000e+00   7.4050116e-01   4.9784720e-01  -9.4362607e-01   1.1125903e+00   8.7045306e-01  -2.6148827e-01
   1.0000000e+00  -5.1614822e-01   1.0020290e-01   1.8469338e-01   7.6234586e-03   5.3009248e-01  -9.7455789e-01
   2.0000000e+00  -4.6041858e-01  -1.4352281e+00  -2.0578252e+00   1.4509863e+00   4.5470438e-01  -7.5555128e-01
   2.0000000e+00   1.4950502e-01   5.5447379e-02  -1.2053629e+00   8.6060676e-01  -1.4358312e+00   1.0247196e+00
   2.0000000e+00  -1.2297629e-01   9.5739615e-02  -1.8060268e-02  -2.0853820e-01  -1.0574418e+00   1.2668290e+00
   2.0000000e+00   9.2752139e-01   1.1390987e+00   1.2166485e+00  -7.0811515e-01   1.0662417e+00   1.2468920e+00
   2.0000000e+00   6.9345373e-01  -1.5475826e+00   1.7075793e-01  -3.4122806e-02  -7.8539174e-02  -3.7166005e-01
   2.0000000e+00  -1.6902839e+00  -3.1789253e-01  -1.1561315e-02   3.2501580e-01  -5.2168320e-01  -5.1408173e-01
   2.0000000e+00   2.6396760e-02   9.5152650e-02  -2.2570184e-01  -2.4107374e-01  -5.4543924e-01   7.5972423e-01
   2.0000000e+00   8.0671105e-01   5.0271800e-01   6.0077067e-01   1.4598587e+00  -1.9102017e+00   4.7883474e-01
   2.0000000e+00   1.8162584e+00   4.2216418e-01   3.1783254e-01   5.2244201e-01   1.2909485e+00  -5.3720026e-01
   2.0000000e+00  -9.5927442e-01   6.0306899e-01  -2.6510693e-01   3.7967296e-01   9.8433532e-01  -1.8324968e-01
   2.0000000e+00  -6.7937803e-01   8.3381507e-01  -8.7869943e-01   7.6275091e-02  -4.5739373e-01   9.8747968e-01
   2.0000000e+00   4.2066124e-01   3.1010264e-02   5.9873294e-01   8.6499259e-02   2.5124174e+00   5.1106823e-01
   2.0000000e+00   7.0255194e-01  -2.8642542e-01   1.7088460e+00  -7.1519253e-01  -5.4540535e-01   1.5685348e-01
   2.0000000e+00   5.7594165e-01   1.2347273e+00   1.2421130e+00   2.7689532e-01  -1.8252647e+00   2.4619288e-01
   2.0000000e+00   2.0773185e+00   1.5151864e+00   1.5284216e-01  -7.0698386e-01  -2.0592080e+00  -1.7692988e-01
   2.0000000e+00  -1.8801010e+00   4.7024421e-02   2.5198796e-01   9.7035502e-01  -1.6039771e+00  -5.6108525e-02
   2.0000000e+00  -1.5905907e-01   8.2538894e-01  -1.5487840e+00   1.6728409e+00  -1.8972332e+00   2.3470138e+00
   2.0000000e+00   8.7655215e-01   1.3471205e+00   1.6111141e-02   5.4277226e-01  -5.9024514e-01   1.0574442e-01
   2.0000000e+00   1.0376858e+00  -1.1549587e+00  -6.7448368e-01  -2.0754727e-01   4.7824544e-02  -5.5797628e-01
   2.0000000e+00  -1.6226412e+00   9.5429512e-01   4.8498449e-01   1.0606843e+00   1.1189812e+00  -4.4288594e-01
   2.0000000e+00   4.2970223e-01   1.0799679e+00   9.4044346e-01   1.7534389e+00   1.8518450e-01   1.0190436e+00
   2.0000000e+00  -1.0414965e+00   6.6922625e-01   1.0731348e-01   1.5901361e+00  -8.8816331e-02   4.3425648e-01
   2.0000000e+00  -4.4515380e-01   1.4906520e+00  -1.5969936e+00  -5.9241475e-01   2.7829778e-01   6.2597700e-01
   2.0000000e+00  -7.1336535e-01   5.0535607e-01  -1.9444290e-01  -1.8556043e-01   9.6314079e-01  -1.0178070e-01
   2.0000000e+00  -7.7405383e-01   1.0666430e+00   2.0410798e-01   4.4428549e-02  -4.4078880e-01   1.4923228e+00
   2.0000000e+00   8.1292060e-01  -5.1621695e-01  -2.3286465e-01   2.4283873e-01   1.3787571e+00   1.9141296e-01
   1.0000000e+00   3.3844563e-01  -4.4009140e-01   6.6172079e-01   2.2480598e-01   7.4960949e-01   5.1568588e-02
   2.0000000e+00   1.3836683e+00  -3.6498550e-01   5.3087184e-01  -1.2862221e+00  -1.5029718e+00   5.7831130e-01
   2.0000000e+00   6.6401725e-01  -1.4107929e+00   8.0684184e-01   6.0527114e-01   5.2314560e-01   8.6645214e-01
   2.0000000e+00  -7.0221852e-01  -8.7075466e-01  -1.1576695e+00   8.4076442e-01  -5.4999021e-01  -5.3034298e-01
   2.0000000e+00  -9.5135394e-02   2.1043364e+00  -3.8781992e-02   8.0383996e-01   2.1356820e-02  -2.5189589e+00
   2.0000000e+00   2.1391624e-01   4.7191825e-01   7.9012335e-01   3.8490997e-01  -1.0677887e+00   8.1381304e-01
   2.0000000e+00   1.1450191e+00  -1.4677976e+00  -5.3172611e-01   1.2567094e-01   5.3233641e-01   1.0029613e+00
   2.0000000e+00  -1.1052934e+00  -3.7622604e-02  -2.2731243e-02  -1.2009580e-01   2.6278922e+00  -6.3329560e-01
   2.0000000e+00   4.8840195e-01   1.4868895e+00   1.1151669e+00  -2.9965289e-01   1.2463067e+00   1.6477746e+00
   2.0000000e+00  -1.4266436e+00  -9.9316794e-01   5.9129186e-01   1.1784595e+00   2.2404579e-01  -6.8509202e-01
   2.0000000e+00  -6.0285341e-01   1.3528870e-01   1.0914639e+00  -1.0900880e+00   1.2305735e+00   3.2110723e-01
   1.0000000e+00   2.2705470e-01  -2.0983834e-01  -4.9167990e-01  -8.3279776e-01   3.0769973e-01   2.8561693e-02
   2.0000000e+00   7.2397164e-01  -1.0384351e+00   1.7464950e-01   1.1179607e+00   5.6574859e-01   3.7745561e-01
   2.0000000e+00   2.3708720e+00  -1.6101242e-01   1.6687361e+00  -8.4233874e-01  -6.9910468e-01   7.1665432e-01
   2.0000000e+00  -4.4172112e-01   2.4811384e+00  -1.0721583e+00  -1.3193144e+00  -3.1765006e-01  -2.5837640e-01
   2.0000000e+00   2.9540280e-01   1.4332292e+00  -6.1643371e-01  -5.7465606e-01   8.2426469e-02  -8.9784885e-01
   1.0000000e+00  -5.0176344e-01   3.1999270e-01   6.2111789e-02   7.3887746e-02   4.7607220e-01  -3.9702436e-01
   2.0000000e+00   1.1650416e-01  -1.4099976e+00   2.8172850e-02   1.4344207e+00   4.3758106e-01  -1.2078223e+00
   2.0000000e+00  -4.6413731e-01  -3.2700501e-01   8.9610223e-01   8.9462124e-01  -5.7307280e-01   6.9077492e-01
   2.0000000e+00   1.4904858e+00   2.5009312e-01   7.0438847e-02   3.6476564e-01   1.1802762e+00   3.4999364e-01
   2.0000000e+00   8.1025056e-01   3.4396995e-01   1.5208784e+00  -8.9471602e-01   1.4368328e+00  -2.5104166e-01
