   2.0000000e+00  -4.8054938e-01  -6.6618590e-01   1.6362573e+00   3.9463357e-01  -6.3892331e-01   2.6319347e-01
   2.0000000e+00   1.1668941e+00  -6.7520086e-01   1.3675751e+00   4.8715068e-01   6.6648115e-02   3.8356504e-01
   2.0000000e+00  -7.6565516e-01   5.4973664e-01  -3.5938378e-01   7.2980870e-01  -1.6117387e-01  -5.6911512e-01
   1.0000000e+00   2.3619084e+00  -1.7210023e+00   3.6508852e-01   6.6520052e-02  -3.4514111e-01   1.2944029e-01
   2.0000000e+00  -5.7061585e-01  -5.4850054e-01  -1.2014655e+00   8.3065443e-01  -1.2587857e+00  -3.4672197e-01
   2.0000000e+00   9.0873793e-01   7.8382462e-02   1.5071227e+00  -8.6033988e-02  -1.6468254e-01   5.6409790e-01
   2.0000000e+00   2.6597151e+00  -9.9343382e-01  -1.5620500e+00  -1.4732904e+00  -1.0479795e+00  -5.8964503e-01
   2.0000000e+00  -9.9777727e-01   5.8411754e-05  -8.2270272e-02   3.6728730e-01   3.5349116e-01  -8.5853175e-01
   2.0000000e+00   1.1297842e-01  -4.8951596e-01   1.2063727e+00   2.5400415e-01   1.6672477e+00   2.4645412e+00
   2.0000000e+00   1.7136248e-01   1.3759109e+00  -6.6677619e-01   6.3675027e-01  -1.0876223e+00  -5.6440050e-01
   1.0000000e+00  -9.5266559e-01   3.4488327e-01   3.0496643e-01  -6.9827834e-01   1.0479385e+00  -1.1697394e-01
   2.0000000e+00  -1.5557506e+00   1.2331449e-01  -8.1293463e-01  -3.5543758e-01   1.4850193e-01   6.7067184e-01
   1.0000000e+00   1.2028154e-01  -3.4639847e-01   8.1033824e-01   1.0896419e-01   3.2676064e-01  -3.2268330e-01
   2.0000000e+00   2.5461538e-01  -3.6794579e-01   1.8856281e+00   4.7277557e-01   1.1470502e+00   9.4695963e-01
   2.0000000e+00  -4.7714698e-03  -5.7681343e-01  -2.1617708e-01  -1.2365324e-01  -2.9030137e-01  -1.3118747e+00
   2.0000000e+00   5.1970736e-01  -2.4750186e+00   6.3017441e-01  -3.6879361e-01   1.4351527e+00  -1.1749985e+00
   2.0000000e+00   9.6765562e-01   4.9950452e-01  -3.7770854e-01  -2.2971123e-01  -1.1743746e+00   1.7487888e-01
   2.0000000e+00   4.6372818e-01  -1.5991078e-01  -1.5117092e-01  -4.0433659e-01   9.3282293e-01   8.1041048e-01
   2.0000000e+00   6.6344267e-02   1.4807454e+00  -2.0818441e+00  -4.4782231e-01  -1.2032823e+00   4.7066468e-01
   2.0000000e+00  -3.9289349e-01  -1.0279260e+00  -1.6345295e+00   1.0404943e+00  -1.1199308e-01  -1.3870679e+00
   1.0000000e+00  -1.7922379e+00   8.8099589e-01   3.7652924e-01   5.2465797e-01   3.1567917e-01   9.2834552e-02
   2.0000000e+00   2.9576394e-02  -1.5106814e-01  -7.7161303e-01   2.1562153e+00   3.1735184e-02   1.2684382e+00
   2.0000000e+00   4.6329526e-02  -1.8721390e+00  -4.9783620e-01  -4.7511145e-01   1.5769230e+00   1.3746682e+00
   2.0000000e+00   9.1744555e-01  -8.5591997e-01   1.7885132e+00   1.4121019e+00  -7.4744508e-01  -2.3586782e-01
   1.0000000e+00   1.8164394e-01   7.5921014e-01   1.2084977e-01   2.7230533e-01   6.4210208e-01   1.2533779e-01
   2.0000000e+00   3.5448947e-01   2.2045682e+00  -1.4494411e+00   4.8815457e-01  -7.1387838e-01   2.2141909e-01
   2.0000000e+00   1.2099056e+00  -1.4937351e+00  -3.9133981e-01  -1.0039279e+00   4.0700733e-01  -6.7825275e-01
   2.0000000e+00  -7.4493986e-01  -5.8472362e-02  -9.2871854e-01  -5.5693559e-01   1.0374818e+00   6.8644991e-01
   2.0000000e+00   9.1293220e-02   9.9799490e-01   1.2912325e-01   2.0835078e+00   3.2478303e-01  -1.3766416e+00
   2.0000000e+00  -2.1260320e+00  -1.9045910e-01   1.1295397e+00  -5.5558422e-01  -2.7494709e-01  -1.0120046e+00
   2.0000000e+00  -8.3235779e-01  -1.4482515e-01  -6.5549749e-01   2.1333344e-01  -3.6848420e-01   2.1740358e-01
   2.0000000e+00  -1.0803050e+00  -3.8978728e-01  -1.5069406e+00   6.9447788e-01  -1.8524979e+00   7.5328851e-01
   2.0000000e+00   6.4057301e-01   1.2446146e+00   1.4763126e+00  -2.0160263e-01  -6.8872710e-02  -2.5129128e+00
   2.0000000e+00   5.5748546e-01   7.9562894e-01  -1.8010314e-01  -2.3993138e-01  -6.1766525e-01   1.9480276e+00
   2.0000000e+00  -4.2657281e-01   4.0171001e-01   2.2649369e+00  -1.8521285e-01   4.0818382e-01   2.0842643e-01
   2.0000000e+00   7.0612419e-01   9.4674592e-01  -5.2029910e-01  -9.6275760e-01   2.8179288e+00  -1.2079411e-01
   1.0000000e+00   1.6074743e-01   1.4346545e+00   4.8119433e-02  -1.4547021e+00  -4.5065874e-02  -6.4561868e-01
   2.0000000e+00   1.6763961e-01   1.7332563e+00  -1.6379525e+00   1.0779099e-01   2.9670416e-01   1.0608513e+00
   2.0000000e+00   3.4196809e-01  -2.3024823e-01   9.3382704e-01   4.7882625e-01   2.2050966e-01  -6.7288948e-01
   2.0000000e+00  -1.3424529e+00  -6.5454835e-01   5.1539720e-01  -2.8877526e-01  -3.2740935e-02   1.3675980e+00
   2.0000000e+00  -7.3506317e-01   4.0222710e-01  -1.7800570e+00   1.1246793e-01  -1.0473607e-01  -1.4506926e-01
   2.0000000e+00   1.0090940e+00   6.2294219e-01  -6.1032059e-01   1.4235948e+00   8.2830483e-01  -2.0073061e-02
   1.0000000e+00  -6.5301729e-02  -1.1305829e+00   3.2678240e-01   1.0064068e+00  -8.7490136e-01   2.9663557e-01
   2.0000000e+00   5.6322756e-02  -8.0425025e-01  -3.8898490e-01   2.1711376e+00  -6.4066200e-01   3.5031034e-01
   2.0000000e+00   8.0219458e-01   1.4976221e+00  -4.0185036e-01  -1.2558325e+00  -5.5465093e-02  -4.5109201e-01
   2.0000000e+00  -3.1312867e-01  -1.1012398e+00   8.0896543e-01  -3.0740635e-01  -1.0491418e+00  -2.2247705e+00
   2.0000000e+00  -9.3586120e-02   1.4110794e+00   2.4422153e-01  -1.1445220e+00   4.4068188e-01   1.6940679e+00
   2.0000000e+00  -1.3505866e+00  -7.3637882e-01  -4.5650539e-01  -7.1184049e-01  -1.6586800e+00   9.2794999e-01
   2.0000000e+00   1.3714660e-01  -1.0385002e-02  -1.3811664e+00   5.2530798e-01  -2.7455648e-01  -1.4645280e-03
   2.0000000e+00  -1.5499955e+00   2.7011210e+00  -6.3849451e-01   7.7472969e-01   7.9867186e-01  -1.3008622e+00
   2.0000000e+00   1.1299951e+00  -7.4745322e-01  -1.3071070e+00   8.3318269e-01   3.2846479e-02  -8.7276943e-01
   1.0000000e+00  -6.6191626e-01  -6.7060055e-01   1.6060916e-01   6.4197323e-01   6.8834193e-02   1.7080645e-01
   2.0000000e+00   1.0319264e+00   7.1769264e-01  -3.3071267e-01   8.5721805e-01   7.4457567e-02   1.3858530e+00
   2.0000000e+00   3.5681607e-01  -1.7051078e-01  -1.0903745e+00   3.8485230e-01  -2.7549538e-01   2.4413900e-01
   2.0000000e+00  -3.3381969e-01  -5.3851185e-01  -9.1076017e-01  -1.7673948e+00  -1.3676765e+00  -1.2722493e+00
   1.0000000e+00  -1.9452550e-01  -7.6175877e-01   5.2965229e-02   3.9672147e-01  -1.5671694e-01  -6.8132219e-01
   2.0000000e+00   9.8354138e-01  -6.2521175e-01   1.1846405e+00   1.7086489e+00  -2.5378172e-01  -7.7908984e-01
   1.0000000e+00   4.5822625e-01   2.8287808e-01   3.0122124e-01  -1.0431305e+00   1.2893652e+00   9.4816894e-01
   2.0000000e+00  -1.3913650e+00   1.2329493e+00  -4.5985862e-01   1.3917807e+00  -1.7841196e+00  -1.8062997e+00
   2.0000000e+00  -1.4988315e+00  -3.8412538e-01  -2.9892037e-02   1.1809282e+00  -6.8094030e-01  -1.4245978e-01
   2.0000000e+00   5.1639425e-01   5.5224992e-02   5.6879537e-01  -1.5531771e+00  -1.2337672e+00  -1.0074176e+00
   2.0000000e+00   8.9917261e-01  -6.9766849e-02   2.8296318e+00   7.1172388e-01   7.8292603e-01  -3.9596345e-01
   2.0000000e+00   5.9923292e-03   5.3008067e-01  -2.8789918e-02  -5.7775837e-01  -1.0613820e+00   4.2352107e-01
   1.0000000e+00   2.0792766e+00  -6.6275323e-01   4.3426479e-01  -3.2184303e-01   1.2984645e-01  -8.1154348e-02
   1.0000000e+00   2.1859688e-02   1.4871773e-01   3.3686108e-01  -9.0884591e-01  -7.4931014e-01  -8.2112901e-01
   1.0000000e+00   1.4904633e+00   3.6791190e-01   2.1112532e-01   7.8532556e-01  -3.2954152e-01  -8.7230296e-01
   2.0000000e+00   6.3075576e-01  -8.0726621e-01   6.3124140e-01   2.0313698e+00   2.5448346e+00   5.0899935e-01
   2.0000000e+00   7.4760063e-01  -1.1558789e+00   2.0669648e+00  -5.1366963e-01  -1.0182322e+00   2.3543388e-01
   2.0000000e+00  -9.7240503e-01   1.0666199e+00  -6.3495862e-01  -6.5819810e-01  -2.3018529e-01   5.2767323e-01
   2.0000000e+00   6.3338875e-01   2.0913961e-01  -1.2857239e+00   4.8311373e-01   8.1644784e-01  -5.7358371e-01
   2.0000000e+00   7.5316339e-01  -1.1189171e+00   1.2075503e+00   1.4702233e-01   9.2655206e-01  -1.3193402e+00
   2.0000000e+00  -3.2438362e-01  -9.3162966e-01   6.6352877e-01  -5.2766827e-01   1.0007743e+00  -7.9068142e-01
   2.0000000e+00  -1.6124826e+00  -9.3445371e-02  -2.9959408e-01   1.6393904e+00   3.4650213e-01   2.4983741e+00
   1.0000000e+00   4.8481481e-01   3.4328266e-02   9.0629348e-01   1.1908870e+00   5.1508895e-02   8.2167774e-02
   1.0000000e+00  -9.6037142e-01   8.6512637e-01   4.7569882e-01  -9.5957044e-02  -1.4270965e+00  -4.0494786e-01
   2.0000000e+00  -8.7598501e-01   3.0487478e-01  -1.4215923e+00   1.3738127e+00   1.2167199e-01   2.8952974e+00
   2.0000000e+00  -1.3662997e-01   3.0480256e-01  -1.0744854e+00   6.8505798e-01  -3.6943213e-02   4.4232236e-01
   2.0000000e+00   4.6913703e-02  -6.5941822e-01  -7.3760077e-02  -5.9311058e-01  -6.8465167e-01  -1.6512674e-01
   2.0000000e+00  -3.8441640e-01   7.0399849e-01  -6.3152228e-01  -1.3295519e+00   3.0605416e-01   5.1432501e-01
   2.0000000e+00   9.7377468e-01  -6.3515046e-01   1.0340987e-01  -2.6970521e-01  -1.6406690e+00  -1.0702837e+00
   1.0000000e+00  -2.1506133e+00  -9.4668603e-01   1.2595377e-01  -6.3944209e-01  -1.8099079e+00   1.3460469e-01
   2.0000000e+00   8.3252443e-01  -1.6756723e+00  -1.3357239e-01   3.6099639e-01  -1.7459970e+00  -1.2181798e+00
   2.0000000e+00  -1.5793029e+00   5.8507178e-01   3.6165421e+00   1.0113534e-01   1.4176256e+00   2.4587406e-01
   2.0000000e+00   7.2925124e-01   3.7953451e-01  -3.6699883e-01   6.1891414e-01   9.1643098e-02  -8.5242374e-01
   2.0000000e+00  -6.3551339e-01  -2.1094315e-01  -2.3745132e-01  -4.7485614e-02  -8.5800223e-01  -7.4457810e-01
   2.0000000e+00  -1.6313553e+00   3.8413501e-01   1.9128516e+00   1.1173986e+00  -1.1015672e-01  -1.9991180e+00
   2.0000000e+00  -7.3187720e-01   7.0826538e-01  -1.9352889e-02   3.4884566e-01   3.9136028e-01   8.7993589e-01
   2.0000000e+00   1.4171615e+00  -1.6400138e+00  -1.1645805e-01   1.3727258e+00  -1.2505132e+00  -4.6538218e-01
   2.0000000e+00  -2.2453642e-01  -4.1013978e-01  -3.8546122e-02  -2.4261647e+00  -1.1444792e+00   6.3385711e-01
   2.0000000e+00   9.4152758e-01   1.8464028e+00  -1.4300976e+00  -1.4503815e+00   3.8985719e-01   6.6795105e-01
   2.0000000e+00   3.6329122e-01  -1.9896245e+00   1.8640115e+00   2.0740870e-01   3.1001673e-01   3.5592076e-01
   2.0000000e+00   4.0119223e-01  -5.3139420e-01  -1.3060788e+00  -2.3113441e+00  -7.8026312e-01  -3.4958681e-01
   2.0000000e+00  -3.8327090e-01  -8.7783838e-01  -5.3195981e-02   6.7843786e-02   3.9470082e-01  -8.0302139e-01
   2.0000000e+00   3.5177295e-01   2.2901894e-01   1.3397131e+00  -4.0237832e-01  -6.8822349e-01   1.4020642e+00
   2.0000000e+00  -2.2497134e-01   1.3140339e+00   1.4616418e-01  -2.5972658e+00  -1.0065597e+00   1.3674743e+00
   2.0000000e+00  -9.1338257e-01   7.3270235e-02  -4.3019272e-01   1.0637892e+00   9.5566797e-01   5.2776696e-01
   2.0000000e+00   2.3103460e+00  -5.2804137e-01  -1.5526459e-01   1.4170708e+00  -7.6904354e-01   2.1741751e-01
   2.0000000e+00  -4.7650101e-01  -9.8532964e-01   1.3996917e-01  -2.7086791e-01   1.7733045e+00  -2.5747020e+00
   1.0000000e+00   1.6673482e+00  -4.8809187e-01   7.1260097e-01   2.0852243e-01   9.2226764e-01  -4.7444683e-01
   2.0000000e+00  -5.9432915e-01  -4.3376732e-02  -7.8986165e-01   4.7850714e-02   9.7871888e-01   1.1742646e+00
   2.0000000e+00  -2.5253675e+00  -1.9993214e+00  -9.7347739e-01   6.5152975e-01   2.1160820e+00   7.1177275e-01
   2.0000000e+00  -1.2095432e+00   1.2222094e-01  -1.9602646e-01   1.5447414e+00   2.8126401e-01  -6.9913786e-01
   2.0000000e+00  -7.8086492e-02   1.2434088e+00  -1.0372438e+00  -5.3617175e-01  -1.2221765e+00  -9.3820301e-01
   1.0000000e+00   6.2107027e-01   4.5005368e-02   4.7765754e-01  -1.6618392e-01   1.3915322e+00   1.5772918e-01
   2.0000000e+00   1.3016577e+00  -9.8107193e-01  -4.3179997e-01   1.8587059e+00  -2.3796312e+00  -3.5664370e-01
   2.0000000e+00   5.2098530e-01   6.0123025e-01  -4.9150448e-02   1.4037461e+00   6.4025826e-01   3.8328490e-01
   1.0000000e+00   3.3112734e-01  -2.5880654e-01   4.8289793e-01  -5.3383407e-02   2.0459223e-01   5.0561979e-01
   2.0000000e+00  -9.2968634e-01  -2.4368564e-01  -1.7864866e+00   1.3013860e-01  -2.3922742e-01   5.8255687e-01
   2.0000000e+00   7.6570820e-01   1.5326306e+00  -1.1078124e+00  -1.0942327e+00   1.3821521e+00  -2.9864555e-01
   2.0000000e+00  -1.3484610e+00   4.6843477e-01  -9.6416056e-01   2.5682721e+00  -3.8713382e-01   5.4165341e-01
   2.0000000e+00  -8.3687914e-01  -4.6589805e-01   1.7559109e+00  -1.8866138e-01  -1.4539037e+00  -8.9962525e-01
   2.0000000e+00   9.1205485e-01   6.2215332e-01   1.8849862e+00   5.9569996e-01   6.7893344e-01  -7.7277167e-01
   2.0000000e+00  -1.1530478e+00  -7.0542173e-01   1.0144675e+00  -6.4171177e-01   6.4935611e-02   4.0718190e-01
   2.0000000e+00   1.6214195e+00  -1.2381595e+00  -1.4884895e+00   1.2620940e+00   1.0462143e-01   1.3806869e+00
   2.0000000e+00  -1.9294806e+00   4.3318564e-01  -1.2101512e+00  -5.4169345e-02   7.7760585e-01  -1.3019078e+00
   1.0000000e+00   5.5414446e-01   1.5651933e-01   3.5786055e-01  -4.8187067e-01   6.2259494e-01   3.9839698e-01
   2.0000000e+00   4.5072712e-01   6.2849451e-01  -8.1861412e-01  -6.3532459e-03  -5.2235341e-01   5.3886341e-02
   2.0000000e+00   1.1369293e+00   3.1821144e-01  -6.0885130e-01   9.0841332e-01   4.8079477e-01  -5.1325944e-01
   2.0000000e+00   1.2482950e+00   8.7024204e-01  -2.8022991e-01  -1.4415825e+00  -1.1247077e+00   2.5548496e-01
   1.0000000e+00   7.2899062e-01   4.9399485e-01   6.9922285e-01  -6.9120515e-01  -8.2935320e-01  -6.7650519e-01
   2.0000000e+00   1.9482994e+00   1.1752846e+00   6.0367977e-01   2.1127614e-01  -4.0491362e-01   8.0890780e-01
   2.0000000e+00  -5.5811646e-01  -1.4169185e+00  -8.3823933e-01   3.3134534e-01   2.2135515e-01   3.5629050e-01
   2.0000000e+00  -1.0650473e+00  -1.8974131e+00  -2.3003353e+00  -5.2376313e-01   1.2519282e+00  -7.3298668e-01
   2.0000000e+00  -2.5485082e-01  -3.2757840e-01   2.9785559e-02   1.2024593e+00  -3.7717360e-01   1.6935273e+00
   2.0000000e+00   8.9575600e-01  -1.6762377e+00  -6.7458166e-01   2.7860461e-01  -1.0334509e+00   3.1447861e-01
   2.0000000e+00   3.2452799e-01  -1.2104845e+00  -7.7954154e-01  -1.3849019e+00  -9.4005714e-01  -6.6430383e-01
   2.0000000e+00  -3.3217693e-01   2.2251870e+00  -3.5367432e-01   2.0485362e-01   1.0293364e+00   2.1746012e-01
   2.0000000e+00  -5.0393905e-01  -2.2122902e+00   1.1515377e+00   3.8488155e-01  -1.3082726e+00   1.1117602e-01
   2.0000000e+00  -9.3357465e-01  -1.6997043e+00   9.5073181e-01   1.7462547e+00   3.8850972e-01   6.0386793e-01
   2.0000000e+00  -9.0341690e-01  -1.1312260e+00  -7.2951665e-02  -7.1442684e-02   8.5517183e-05   2.3014411e-01
   2.0000000e+00  -1.4350663e+00  -2.2585126e+00  -1.2326969e+00   1.4061929e+00   4.6718061e-02  -2.0347924e-01
   2.0000000e+00  -8.6067970e-03  -1.7060015e+00   7.3337368e-01  -9.9096147e-01  -9.4252255e-01  -9.2655847e-01
   2.0000000e+00  -1.0459274e+00  -4.1434621e-01   6.0631310e-01  -1.3404168e-01   1.6593941e+00   9.6095341e-01
   2.0000000e+00  -2.0083326e+00   4.2874144e-01  -2.2182445e+00  -1.9318713e-01  -6.1831553e-01  -4.6292819e-01
   2.0000000e+00  -2.9179581e+00  -5.4042229e-02  -8.0321016e-01  -1.6289855e-01   7.1844640e-01   1.2909825e+00
   2.0000000e+00   1.9146877e+00   1.3289435e-01   1.4584159e+00   1.3889346e+00   9.8817021e-01  -8.2543365e-01
   2.0000000e+00   3.6709439e-01   4.9252352e-01  -2.0459867e+00   1.1018085e+00  -1.1350244e+00   1.9797182e-01
   2.0000000e+00  -1.3248249e+00   1.2110864e+00   6.5006702e-01  -7.8649620e-01   3.5977202e-01   1.5588178e+00
   2.0000000e+00  -6.9158255e-01   3.8394616e-01  -1.8109285e-01  -8.4218851e-01  -4.9053726e-01  -1.5974528e-01
   1.0000000e+00   1.0481213e+00  -2.6187427e-01   4.9012108e-01   5.0684513e-01  -1.4279765e+00  -2.0885559e-01
   2.0000000e+00   1.8206391e+00  -3.5825498e-01  -6.4458203e-02  -1.0973280e-01   4.2700621e-01   1.9796268e+00
   2.0000000e+00   6.7978867e-01   2.7176780e-01  -1.4238160e+00   1.1409920e-01  -2.6619478e+00  -9.7120741e-01
   2.0000000e+00   8.4007101e-01  -1.0367603e+00  -1.2136832e+00  -6.8918476e-01   1.3206355e+00  -3.0402145e-01
   2.0000000e+00   1.1407189e+00   3.9233224e-02  -3.5444047e-01   7.8718501e-01  -1.1555623e+00  -4.0526306e-01
   2.0000000e+00  -2.2808780e-01   1.4552987e-01  -8.6330104e-01   5.7094850e-01  -1.4692003e+00   1.3431524e+00
   1.0000000e+00   7.3156178e-01  -1.9580307e-01   6.5709813e-01  -1.0125847e+00  -1.8109419e+00   6.2457838e-01
   2.0000000e+00  -1.6402550e+00   6.0861044e-01   6.0659083e-01   2.9346540e-01   4.4205498e-01   1.4354015e+00
   2.0000000e+00  -2.4897398e+00  -1.5260868e+00   3.7466421e-02   9.0887408e-01   1.6638874e+00  -1.6842975e+00
   2.0000000e+00   6.7902639e-01   6.5226315e-01  -5.4139664e-01  -2.7686572e-01  -8.4212397e-01   1.9505420e+00
   1.0000000e+00  -3.4977888e-01  -1.2312123e+00   3.8953384e-01   4.0513178e-01  -1.4055990e+00   3.8419071e-01
   2.0000000e+00   1.8098186e+00   6.1344169e-01  -3.8930891e-01  -2.4284225e+00   2.6747926e-01   8.8231762e-01
   2.0000000e+00   2.0848305e+00   5.3613584e-02  -4.1169475e-01  -1.0996036e+00   1.9403250e+00  -2.9559932e-01
   2.0000000e+00  -1.6689725e+00   7.2997280e-01   1.0044812e+00   2.0699357e-01  -1.3323778e+00   1.6347263e+00
   1.0000000e+00   4.2541684e-01   4.0093833e-01   4.1325873e-01   2.6586130e-02  -3.0945700e-02  -1.6834574e-01
   2.0000000e+00  -3.3096839e-01   9.8219948e-01   1.3036137e-01   4.3917627e-01  -5.3347332e-01   1.3345198e+00
   2.0000000e+00   7.5312015e-03  -9.4646606e-01  -1.4093638e-01   1.4246285e-01   1.3312813e-01  -8.8279799e-01
   2.0000000e+00  -5.4683163e-01  -1.1817544e+00  -1.8492126e+00   8.3359640e-01  -3.4603923e-01   1.3802671e+00
   2.0000000e+00  -6.5472950e-01  -6.5843935e-01   1.1590972e+00   9.5122472e-01  -1.2325770e+00   2.1070371e+00
   2.0000000e+00   1.2957529e+00  -3.1080407e+00  -1.0727861e+00  -1.5866993e+00   1.2611266e-01  -9.7018823e-01
   2.0000000e+00   3.0576267e-01  -1.4669980e-02  -2.1326531e+00  -1.2761230e+00  -1.5253820e-01   4.1627388e-01
   2.0000000e+00  -3.6890025e-01   2.4868783e+00   5.4572741e-01   1.3872162e+00  -2.1010936e-01   1.5917974e+00
   1.0000000e+00  -1.8784717e+00   1.4855183e-01   2.7580210e-02  -1.0235566e+00  -6.7643737e-01  -3.8450814e-01
   2.0000000e+00  -1.0778980e+00   1.7163449e+00  -1.3956533e-01  -3.3450071e-01   4.8462560e-01   1.1295660e+00
   1.0000000e+00  -1.1591438e+00  -4.6130494e-01   5.5968220e-01   1.5760125e-01  -8.5273678e-01   1.6115284e-01
   1.0000000e+00  -8.2452406e-01  -1.7869889e+00   2.3034036e-01  -6.4273445e-01   9.1814413e-01   1.4514465e-01
   2.0000000e+00  -3.9259949e-01   7.4886744e-01  -5.2549766e-01   4.2166885e-01  -8.7016247e-01   5.8743627e-01
   2.0000000e+00  -1.4229053e+00  -5.4831745e-01   2.1777539e-01  -1.8800542e+00   3.0063677e+00   1.6922578e+00
   2.0000000e+00   5.6208949e-01   1.0363288e+00  -9.2871547e-02  -1.1177890e+00   1.6797227e+00  -1.2809145e+00
   1.0000000e+00  -3.5369912e-01   4.7737403e-01   8.0579150e-01  -5.4295429e-01   1.4939795e+00  -5.1814539e-01
   1.0000000e+00   5.6975629e-01   7.1226103e-04   6.5016011e-01   5.2578391e-01  -5.3630556e-01   3.7201282e-02
   1.0000000e+00   8.2208503e-01   1.2093916e+00   5.0432930e-01   3.2698144e-01   5.0151116e-01  -5.2106802e-01
   2.0000000e+00  -2.1570026e-01  -9.6616892e-02  -7.1315384e-01   5.2364481e-01   1.0769715e+00  -5.2356690e-01
   2.0000000e+00  -1.2283258e+00  -1.1112034e+00  -1.0606986e+00  -2.2044703e-02   1.3414943e+00  -4.9320850e-01
   2.0000000e+00   1.2393079e+00   6.8190777e-01  -2.7019023e-01  -7.7048093e-01  -2.2622467e-01   1.0091952e+00
   2.0000000e+00  -7.4975050e-01   5.1488645e-01  -7.0844409e-01   1.0526867e+00  -2.6340540e+00  -1.2174921e+00
   2.0000000e+00   5.5079088e-02  -4.1926275e-01  -8.4573296e-01  -2.1527005e-01  -4.2649794e-02   1.9224468e+00
   2.0000000e+00  -1.2493084e-02   6.1858296e-01  -3.8426866e-01   1.4425819e+00  -4.5148273e-01   3.8970645e-01
   1.0000000e+00   1.1273918e+00   1.7611259e+00   1.0097220e-01  -1.0667627e+00  -6.0231759e-01   7.0454423e-03
   2.0000000e+00  -6.3752515e-01  -8.3789566e-01  -1.2615219e-01  -2.1101948e+00   1.1151578e-01   9.8546552e-01
   2.0000000e+00   1.9487967e-02   2.1269712e-03   5.3265990e-01   2.5201996e-01  -2.0150708e-03   1.8428225e+00
   2.0000000e+00  -1.5113337e+00   6.5469287e-01  -5.8123746e-02   4.7711402e-02   1.0232468e+00   1.0572467e+00
   2.0000000e+00   9.3408857e-01  -8.8057130e-01  -3.9376313e-01  -1.1650883e+00   9.1087340e-01   9.1553210e-02
   2.0000000e+00  -1.7620801e+00  -2.0110762e-01   1.1557941e+00   2.8305463e-01   4.7189644e-01  -2.4813054e+00
   1.0000000e+00  -6.3872990e-01   6.3478219e-02   2.8552968e-01   7.7427847e-01   7.4343843e-01  -6.9140776e-02
   2.0000000e+00  -9.7843041e-03   8.4068333e-01   1.0087995e+00  -7.3121436e-01  -2.9679109e-01   8.9580515e-01
   2.0000000e+00   1.6710574e+00   7.5165884e-01   1.1703409e+00  -5.2307308e-01  -7.8716640e-01  -1.5684362e+00
   1.0000000e+00   4.4087862e-01  -6.2171796e-01   1.2492896e-01   8.0002550e-01  -6.8907931e-01  -6.9801351e-01
   2.0000000e+00  -6.5293967e-01   1.1137014e+00   1.1918374e+00  -7.3425066e-01  -9.3627218e-01  -6.3909044e-01
   2.0000000e+00   9.7216873e-02   9.0039540e-02  -1.4070679e+00  -1.4519141e+00   5.6208782e-01  -3.3826713e-01
   2.0000000e+00   3.5321139e-01   1.4150033e+00  -5.4435326e-01   2.0396819e-01  -4.1450657e-01   1.7334070e+00
   2.0000000e+00   4.2935655e-01  -8.3596550e-01  -2.1278431e-01  -2.9918698e-01   8.2548649e-01   6.3216929e-01
   2.0000000e+00   2.1997016e-01  -4.2996641e-01  -9.4086089e-01  -1.2241457e-01   6.4029817e-01   1.1213551e+00
   1.0000000e+00  -5.1776849e-01   5.8240207e-01   1.1315625e-01   1.2205384e+00  -1.4794350e-01   4.8374964e-01
   2.0000000e+00   8.2458668e-01  -8.7000626e-01  -9.4488517e-01   2.0971708e+00  -8.6718466e-01   2.6436317e-01
   2.0000000e+00  -4.2382651e-04   1.2602832e-02  -1.7031240e-01   2.3316574e+00   2.1199715e+00   2.5723918e-01
   2.0000000e+00  -1.0520723e+00   7.7648577e-01  -9.7554175e-02  -9.7365262e-01   1.0338398e+00  -7.2000541e-01
   2.0000000e+00   1.4380400e+00  -6.2690500e-01   8.6415313e-01   9.8614895e-02  -6.2695188e-02   1.2664271e+00
   2.0000000e+00  -1.9494084e+00  -7.6458858e-01   8.1096157e-01  -4.7448193e-01   1.9162807e+00  -8.9787740e-01
   2.0000000e+00  -2.4558368e-01  -4.8354994e-02   8.9232946e-01   1.8424487e+00   1.0108232e+00  -4.5240614e-01
   2.0000000e+00  -4.4625274e-01   1.0668242e+00   1.4273095e+00  -1.0754780e+00  -8.0757782e-01   4.8638945e-01
   2.0000000e+00  -4.2592523e-01  -1.9427781e+00  -5.0908662e-01   2.1126348e-01  -1.6395113e+00  -1.1913353e+00
   1.0000000e+00   4.7713611e-01   8.3729680e-02   3.0759091e-01  -2.3122746e-02  -1.7405521e-01   1.9405006e-01
   2.0000000e+00  -1.3366104e+00  -7.5625080e-01  -4.8539978e-01   1.5784165e+00  -1.8360124e-01   4.3314368e-02
   1.0000000e+00   1.2503878e+00   3.8505715e-01   2.7795567e-01   1.1129868e+00  -4.1963777e-01  -4.0678427e-02
   2.0000000e+00  -3.3857127e-01  -1.1915917e+00  -1.9616294e-01   6.4845164e-01  -5.5475829e-01  -8.7684766e-01
   1.0000000e+00  -8.4212681e-01  -1.9107670e-01   9.2855590e-02  -6.1759144e-01   2.1809857e+00   2.2113753e-01
   2.0000000e+00  -6.2943358e-01   8.6796241e-02   6.1052340e-01   7.5376489e-01  -3.9541673e-01  -8.0083879e-01
   2.0000000e+00  -4.0213520e-01  -8.9978012e-02   2.1017157e-02   1.1475505e+00   6.3689490e-01  -1.5001360e+00
   2.0000000e+00   2.7404464e-01  -9.4763727e-01  -5.7962008e-01   7.9509809e-01   6.9150292e-01  -7.9901156e-01
   2.0000000e+00  -3.1635689e-01  -7.8681393e-01  -6.2935299e-01   9.2739930e-01   9.5637787e-01   1.0856490e+00
   2.0000000e+00  -1.2563004e+00  -9.4520858e-01  -2.0918063e+00  -6.9399450e-02   1.6384173e+00   5.0926259e-01
   2.0000000e+00  -8.3204521e-01  -1.2997182e+00  -1.1756303e-01  -1.4861769e+00  -7.1260307e-01  -1.8127089e+00
   2.0000000e+00   3.3511162e-01  -7.3031522e-01   1.2124666e+00  -3.2841212e-01  -8.8062008e-01  -5.5876849e-01
   2.0000000e+00  -3.4037514e-01   1.3856236e+00   1.3481200e+00  -9.7230572e-01  -1.4488976e-01  -1.5541939e+00
   1.0000000e+00  -4.2170369e-02  -3.9014208e-01   2.1271543e-01  -7.2623088e-01   9.8334003e-01   1.5233485e-01
   2.0000000e+00  -4.2371596e-01   1.6434794e+00  -1.0668657e+00  -2.5023697e-01  -7.3835996e-01   7.7122021e-01
   1.0000000e+00   2.1272093e+00  -1.2174375e+00   3.0756207e-01  -1.7898265e+00   6.1630213e-02   2.5609122e-01
   2.0000000e+00  -9.4375627e-02  -1.1174236e+00   1.3148058e+00   4.1125287e-01  -6.1529237e-01   9.3438874e-02
   2.0000000e+00  -2.4323228e-02  -1.6061013e+00  -6.8197068e-01  -9.3838710e-01   1.1319637e-02  -8.0320446e-01
   2.0000000e+00   5.7817010e-01  -6.6211632e-01   6.1186555e-01  -4.7278341e-01  -1.9915837e+00   1.1740420e+00
   2.0000000e+00   3.5689569e-01   1.5562925e-02  -1.4046314e+00  -7.1264648e-01   1.2829720e-01   1.7608760e-01
   2.0000000e+00   1.1829393e+00   8.6984669e-01  -3.5928956e-01   8.0260167e-01   1.7613733e+00  -1.9271213e+00
   2.0000000e+00  -1.1506234e+00   8.7630410e-01  -3.0870893e-01  -2.7433826e-01  -2.4976038e-01   2.9216702e-01
   1.0000000e+00   1.0118463e+00   1.7713435e+00   2.8549492e-01  -1.5030063e-01  -2.8394242e-01  -9.2539980e-01
   2.0000000e+00  -1.5222015e+00  -1.2850504e-01  -2.2903359e-02   4.7065361e-01  -1.3177393e-01   3.7646153e-01
   2.0000000e+00  -1.0140238e+00  -9.3791144e-01  -1.8975130e+00  -1.5492618e+00  -3.9927783e-01   1.8004453e+00
   2.0000000e+00   4.1046573e-01   5.1663650e-01  -2.2982680e+00   1.0702254e+00  -1.4419743e+00   7.4667870e-01
   2.0000000e+00  -8.5366426e-01  -1.1059514e-01  -4.8763317e-01  -6.6139700e-02  -7.4128115e-01   1.0080398e+00
   1.0000000e+00   1.6185076e+00  -1.3981956e+00   4.9349262e-01   7.7287248e-01   8.9103731e-01   5.9975598e-01
   2.0000000e+00  -5.1018488e-01  -2.6007663e-01   1.0118417e-01   2.0616521e+00  -8.7076899e-01  -6.0326587e-01
   2.0000000e+00  -4.3924626e-01  -5.3482190e-01   8.6486390e-01   8.7011640e-01   7.2405449e-01  -2.3198115e+00
   2.0000000e+00  -1.5748509e+00  -4.3723896e-02   1.2747098e+00  -1.1431303e+00   6.5645414e-01  -3.7495370e-01
   2.0000000e+00  -8.4931204e-01   1.4595446e+00  -1.2056482e+00   6.5348508e-01  -9.6809116e-01  -1.9201745e+00
   2.0000000e+00  -2.6022447e+00  -1.6279030e+00  -9.6970771e-01  -2.2830198e-01   3.6299021e-01   4.3792419e-01
   2.0000000e+00   1.1553797e+00  -3.5729680e-01  -4.8997128e-01  -1.6736424e-01   1.6188868e-01   5.0832584e-01
   2.0000000e+00  -8.5256574e-01  -2.4225672e-01   5.7377686e-01   1.0681068e+00   2.8331945e-01   1.0981242e+00
   2.0000000e+00   1.5090365e+00   6.5489597e-01  -1.3767026e+00   7.3068180e-01   8.2776942e-01   2.2445611e-01
   2.0000000e+00  -6.2026681e-01  -1.2293114e+00   4.3283902e-01   5.2715049e-01   9.1835190e-01   1.2915451e+00
   1.0000000e+00   1.7943071e+00   5.9896427e-01   2.6255872e-01   2.3201800e-01   8.1729096e-01   1.0639962e-02
   2.0000000e+00   9.1591979e-01  -6.7760649e-01  -7.6270098e-01   1.0341719e+00   7.0598987e-02   2.9662527e-01
   2.0000000e+00  -4.6620495e-02   6.8875891e-01  -4.1398604e-01   2.4624028e-01  -1.0177407e+00  -1.2708665e-02
   2.0000000e+00  -5.1438143e-01   3.0724529e-01  -1.1245433e+00   1.3331715e+00   1.1612375e+00  -6.5183729e-01
   2.0000000e+00   1.2017311e+00   2.2360467e-01  -1.0915742e+00  -8.8138827e-01   7.4779111e-01  -1.0028285e+00
   1.0000000e+00  -7.7467394e-01   1.9723819e+00   6.8370416e-02  -8.8276958e-01   7.8231903e-01   1.0984462e-01
   2.0000000e+00   1.8315049e+00   1.2970220e+00   2.8548895e-01  -2.7520847e+00   8.9198087e-01   5.6699205e-01
   1.0000000e+00   7.4607257e-01  -3.1617774e-01   3.8673122e-01   6.4224158e-01  -1.6148231e+00  -7.4540444e-01
   2.0000000e+00   9.3370917e-01  -1.5572307e+00   5.3143654e-01   1.8772279e+00   4.9133062e-01  -9.0091735e-01
   2.0000000e+00   8.4934605e-01   1.0601754e+00  -5.9898759e-01   2.4057632e-01  -1.1389696e+00   9.1566238e-01
   2.0000000e+00  -5.7060041e-02   1.7462637e+00   6.1991021e-01  -1.6369321e+00  -2.9092125e-02   1.1101153e+00
   1.0000000e+00   1.0947395e+00  -5.5798125e-01   5.9224208e-03  -3.9697085e-01   1.3122332e+00  -4.7975218e-01
   2.0000000e+00   2.1101397e+00   2.5796355e-01  -6.5370103e-01   1.4645779e+00  -1.1565624e+00  -2.1417167e+00
   2.0000000e+00  -2.8129270e-01  -1.3878627e-01   1.6668856e+00  -3.4799741e-01   9.7484225e-01   4.3752148e-01
   2.0000000e+00   4.2748579e-01   8.8288743e-01  -1.2879914e+00   1.5560349e-01   1.0860375e+00  -7.9636007e-02
   2.0000000e+00   1.8197550e+00   7.4540717e-01   1.0649426e+00   1.0519853e+00   6.7317085e-01  -9.8717394e-01
   2.0000000e+00   1.9577477e-01  -9.1831281e-01   1.3400496e+00   1.0993547e+00  -1.4415686e+00   1.3688182e+00
   2.0000000e+00  -1.1952973e-01  -1.0611037e+00   8.7795084e-01   2.9624505e+00   2.5614116e-01  -1.8164026e-01
   2.0000000e+00  -5.9124063e-01  -7.9221788e-01  -1.5841776e+00   1.0195407e+00  -7.6601089e-01  -1.3617710e+00
   2.0000000e+00   5.6094813e-01  -3.0510087e-01  -5.0113081e-01   1.1337921e-01   1.8627949e-01  -1.0582405e+00
   1.0000000e+00   1.1836355e+00  -9.7892314e-01   1.5732689e-01   7.2573705e-01   1.1399438e+00   2.9158612e-01
   2.0000000e+00  -1.8673890e+00  -1.0844076e+00  -7.6813430e-01  -4.3831329e-01  -2.7655998e-01  -9.0632821e-01
   2.0000000e+00   2.6692246e+00   2.0083673e+00   1.2048622e+00  -5.6817324e-01  -1.2831960e+00   7.9347953e-01
   2.0000000e+00  -1.5245235e-01  -9.6852795e-01   6.4715281e-01  -9.7153188e-02   6.3963981e-01  -1.0842764e+00
   2.0000000e+00   5.6946234e-01   1.8258741e+00   1.3440307e+00   1.8620790e-01  -6.2066562e-01  -2.3339313e-01
   2.0000000e+00   8.0622116e-01   7.2509578e-01   4.1912074e-01  -9.4421577e-01   1.6344379e-02  -3.1205374e+00
   2.0000000e+00  -1.0764208e-01  -4.8799270e-01   6.5305993e-01  -4.1790232e-01  -8.9183209e-02  -1.6737817e+00
   2.0000000e+00  -4.4272355e-01   1.0010858e+00  -3.3320059e-01   1.5732898e+00  -8.8495143e-01   6.2855139e-03
   2.0000000e+00   1.3297143e+00  -9.1163349e-01  -1.0433907e+00  -3.2102130e-01  -2.9562894e-01   6.7885350e-01
   2.0000000e+00  -5.0109309e-02   1.7444203e-01   8.8382620e-01   5.9144583e-01   1.1617829e+00  -1.2393275e+00
   2.0000000e+00  -5.1882886e-01   1.2455432e+00  -1.1501601e+00  -1.2067903e+00  -1.2990248e+00   6.7746174e-02
   2.0000000e+00   6.0023430e-02  -1.2737565e+00  -8.4634817e-01   6.2599558e-01   1.5529801e+00  -1.1419953e+00
   2.0000000e+00   5.2963419e-01   7.9260000e-01  -4.3490373e-01   4.2796608e-01  -6.5423171e-01   4.1420263e-02
   2.0000000e+00  -1.4330973e-01   2.5491212e-01   1.6745247e+00   6.8816302e-01  -4.1990775e-01   8.2562519e-01
   1.0000000e+00   8.5958794e-01  -5.7516799e-01   3.2020963e-01   2.6026167e-01   1.0924020e+00  -7.5128950e-01
   1.0000000e+00  -8.5614743e-01   5.1141241e-01   2.5900218e-01  -5.6447885e-01   6.6681894e-03   5.9178966e-01
   2.0000000e+00   3.5056385e-01   3.8147581e-01  -1.3234136e+00  -2.2941607e+00  -2.5686667e+00   2.9322750e-02
   1.0000000e+00  -5.8898040e-01  -1.2908493e+00   2.6178051e-01   6.4909545e-01   3.5350000e-01  -3.6374043e-01
   2.0000000e+00  -9.5392903e-01  -1.0038847e+00  -1.4482172e+00   1.0049483e+00   5.1722624e-01   1.7011361e+00
   2.0000000e+00   5.0026499e-01   7.5279325e-02  -2.2983661e-01  -5.0269909e-01   8.1492395e-01   1.1252626e+00
   2.0000000e+00  -1.6839767e-01  -1.3421237e+00  -7.3739747e-01   6.3784750e-02   7.4205969e-01   1.7402040e-01
   2.0000000e+00   1.2519207e+00   1.1314382e+00  -5.5773672e-01  -3.3106786e-01   8.4279494e-01  -4.0838165e-01
   2.0000000e+00  -7.3342479e-01   5.4326431e-01   1.0547088e-01  -7.2639729e-01   4.3321683e-01  -2.3869491e+00
   2.0000000e+00   1.1655360e+00  -1.7794723e-01  -4.2081215e-01   6.7388741e-01   1.6561529e+00   8.8366209e-01
   2.0000000e+00  -6.7681447e-01   7.1523059e-02  -1.3807123e+00   2.0397081e-01   2.4733472e-01  -2.3514390e+00
   2.0000000e+00   1.1440178e+00   2.5555031e-02  -5.2079553e-01   7.9937689e-01  -9.0361651e-01  -1.2026383e-01
   2.0000000e+00  -2.2947906e+00   7.3607785e-01  -1.4892346e+00   4.0725152e-01   2.1753543e-01   1.7464656e-01
   2.0000000e+00   6.4375812e-01   9.7846962e-01  -2.2492313e+00  -6.1386532e-01   1.2093579e+00  -1.0050744e+00
   2.0000000e+00   9.5308797e-01   2.3649959e-01  -1.9427134e-01  -5.6152359e-01   7.7463065e-01   2.0482511e-01
   2.0000000e+00  -1.6703450e-02   1.3499360e-01  -4.9527361e-01   9.8669191e-02   9.1663090e-02  -6.6054760e-01
   2.0000000e+00   4.5934590e-01  -8.1967155e-01  -3.6380298e-01   1.5116304e+00  -4.3254160e-01   3.4575942e-01
   2.0000000e+00  -2.1601948e-01   8.7297451e-01   8.3460272e-01  -7.3160659e-01   4.6777565e-01   2.3908113e+00
   2.0000000e+00   3.1022720e-02   5.4315146e-01   5.3062234e-01  -5.1914078e-01  -1.0390726e+00   1.0090334e+00
   2.0000000e+00   4.9912529e-01  -9.8167477e-01  -1.2648372e-01   1.9506718e-01   1.5308598e+00  -1.0771495e-01
   2.0000000e+00   3.0566989e-01   1.2991069e+00  -1.0937723e+00   7.3094086e-01   2.0834663e+00  -3.1959277e-01
   1.0000000e+00   1.5049110e+00   1.8095414e+00   2.9980241e-01   5.2328036e-01  -6.4645720e-01   5.4431080e-01
   2.0000000e+00  -6.1373211e-01   1.1295258e+00  -2.0746038e+00  -1.2629468e+00  -2.5760370e-01  -6.7827696e-01
   2.0000000e+00  -1.2544937e-01   1.3824488e+00   3.6636300e-01   7.5110572e-02   7.2504427e-01  -1.8160161e+00
   2.0000000e+00  -2.3613390e-01   1.4325034e+00  -6.4353913e-02  -8.5669422e-02   4.1053452e-01  -4.9728426e-02
   2.0000000e+00  -8.9170864e-01  -2.3419975e-01   1.1590701e+00  -9.1028785e-01  -2.0881935e+00   4.6414710e-01
   1.0000000e+00  -7.2009417e-01  -2.3668454e+00   8.8666135e-01  -1.5584156e+00  -1.7788875e+00  -1.0125258e-01
   2.0000000e+00  -1.2581231e+00  -7.7899800e-01   2.6959524e-01  -1.7896682e-01   2.0482908e-01   1.9537262e+00
   2.0000000e+00  -4.2810937e-01   6.1039364e-01  -1.4559518e-01  -5.7250832e-01  -1.9428854e-01   5.8672478e-01
   2.0000000e+00   1.0873098e+00  -3.5463967e-01  -1.6865883e+00   1.0866855e-01   2.4465740e-01  -5.5514506e-01
   2.0000000e+00  -1.0756531e+00   3.3527830e-01  -3.5450757e-01   9.5136572e-01   4.1512907e-01   1.3445427e+00
   2.0000000e+00   2.4980424e-01   9.0676041e-01  -2.8750141e-01  -6.7863989e-02   1.2366185e+00   5.0395344e-01
   1.0000000e+00  -5.9346238e-01  -1.6516653e+00   5.4769663e-01   1.6362629e-01  -8.1924809e-01  -3.8653683e-01
   2.0000000e+00   4.5479793e-01  -1.8018150e+00   1.5075048e+00   2.0022879e-01   2.0111544e+00   4.5958259e-01
   2.0000000e+00   4.3698859e-01   4.2104904e-01   7.4985440e-01  -1.4701515e+00  -9.2818332e-01   9.9074444e-01
   1.0000000e+00  -1.5500555e+00   2.0272812e-01   4.5812945e-01  -1.6918580e+00   1.9765638e+00   6.1524649e-01
   2.0000000e+00  -2.7253288e-01   1.6927960e+00  -1.6282291e+00   1.0403816e+00  -1.5818750e-01  -3.3680926e-02
   2.0000000e+00   1.3109266e+00  -6.6216932e-01   9.5746090e-01  -7.8696831e-01  -6.7857144e-01   3.5732905e-01
   2.0000000e+00   2.0158900e-01   8.1912167e-01  -1.7457438e+00   2.4750263e-01   3.4111562e-01  -6.6198406e-01
   2.0000000e+00   9.7648573e-01   5.2613500e-02  -4.4946668e-01   4.3348222e-01   5.7718253e-01   7.0554621e-01
   2.0000000e+00   3.8333631e-01   9.2317142e-01   9.1781946e-01   3.5001850e-01  -3.8324639e-01   1.2445079e+00
   1.0000000e+00   2.2906116e-01   8.8226353e-02   2.8447782e-01  -3.2518962e-01   6.2071898e-01  -8.5420329e-01
   2.0000000e+00   1.5004632e+00   1.0228391e+00  -5.7744542e-01  -8.3585107e-01  -1.1825103e-01   1.0128799e-01
   2.0000000e+00   1.1520404e+00   1.3081075e+00   1.1220451e+00  -4.4514601e-02   2.9290356e-01  -1.2068046e+00
   2.0000000e+00   5.3873773e-01   1.4411009e+00   7.1870447e-02   1.9586676e-01  -4.3354669e-01  -1.3938926e+00
   2.0000000e+00  -1.4625858e+00  -5.9521219e-01  -5.3962553e-01  -3.7499393e-01   5.2650314e-01   1.7562315e+00
   2.0000000e+00  -4.1196409e-01  -1.9560127e+00  -6.4560649e-01   3.1904004e-01   2.2644087e-01   2.2747104e-01
   2.0000000e+00  -3.0655487e+00   4.8762860e-01  -3.9260764e-01  -9.0237575e-01  -7.7291548e-01   8.0192913e-02
   2.0000000e+00   2.8308835e-01  -1.5018423e+00   9.2672201e-01   1.0291714e+00   6.4863737e-01   1.9066910e+00
   2.0000000e+00  -3.3121021e-01   1.7019395e+00   1.1721514e+00   1.4857098e+00  -3.8562822e-01  -1.4807866e-01
   2.0000000e+00   1.7884153e-01  -6.9155102e-01  -1.7318297e+00   1.1071719e-01   9.5608271e-01  -7.1436126e-01
   2.0000000e+00  -1.8389782e+00   6.0286018e-01  -2.5782002e-01   1.1810832e+00  -2.2407138e-01   1.5777201e-01
   2.0000000e+00   1.3134641e+00  -1.4758723e+00  -8.0201187e-01  -5.5282879e-01  -7.3503460e-01   2.0343481e+00
   2.0000000e+00  -1.1050140e+00  -1.7075621e+00  -4.2177357e-01  -1.3206688e-01  -3.9773654e-01  -3.0192864e-01
   2.0000000e+00   1.8294785e+00   3.9603758e-01  -1.9349064e+00  -6.7873052e-01   1.7972872e+00   5.3405686e-01
   1.0000000e+00   2.8863765e-01  -5.1557578e-01   1.9005308e-01  -8.0621071e-01   1.6987053e+00   8.2550943e-01
   2.0000000e+00   7.3684026e-01   3.1207832e-03   1.3287712e-01   1.8511741e-01   5.5528305e-01  -1.2704402e+00
   2.0000000e+00  -3.4578962e-01  -1.9032044e+00  -1.5273323e+00  -1.0910772e+00   6.4779950e-01  -7.8337844e-01
   2.0000000e+00   1.3547725e+00   2.8249417e-01   8.8699145e-01  -1.3293037e+00  -4.4144120e-02  -1.4157956e+00
   1.0000000e+00  -2.0070275e+00   1.3018356e+00   8.8979920e-01   1.1795819e+00  -4.6084606e-01   3.2083219e-01
   2.0000000e+00  -1.4094706e+00  -5.0066419e-01  -8.5020799e-02  -1.2519969e+00   9.7122974e-01   8.5426553e-02
   2.0000000e+00  -1.0287536e+00  -2.0164207e-01  -5.1441662e-01  -6.4978124e-02   5.6221930e-01  -8.7074863e-01
   2.0000000e+00   2.4369724e+00  -1.1929798e+00  -8.9839264e-01  -5.9623305e-01   7.6697920e-01  -3.9713763e-01
   1.0000000e+00   1.5857269e+00  -1.4531781e+00   4.9799826e-01   1.2918506e+00  -8.5688329e-01  -8.4584903e-01
   2.0000000e+00   3.6992686e-01  -9.0444944e-01   8.5393195e-01   1.9114005e-01   8.2951737e-01   8.8467830e-01
   1.0000000e+00  -1.8235654e+00   7.1508577e-01   2.5516041e-01   1.3113830e+00  -1.3531324e+00   8.3135333e-01
   1.0000000e+00  -2.2750816e-01  -3.9353424e-01   3.5757090e-01  -8.8696868e-01  -3.5710246e-01  -6.6514346e-01
   2.0000000e+00   8.2199827e-01   6.4157773e-01  -3.3751594e-01  -5.3633496e-01  -1.1889580e+00  -7.7758991e-01
   2.0000000e+00  -7.5038670e-01   1.5430855e+00   4.9374231e-01  -1.1456329e+00   2.4108080e+00  -1.1916960e+00
   2.0000000e+00   1.3941883e-01   3.2845257e-01  -1.3275858e+00  -2.8451932e-01   5.6333962e-01   6.0825146e-01
   2.0000000e+00   1.5521966e+00   1.8984180e+00  -1.4296457e-01  -1.7086571e+00   1.8426703e+00   4.3056301e-01
   2.0000000e+00  -1.3495637e+00  -1.2361694e-01  -1.2226779e-01  -2.2239227e-01  -1.1729910e+00   9.7755928e-04
   2.0000000e+00   7.9397223e-01   8.0937815e-01  -9.3216048e-01  -1.2229799e+00   1.6246396e+00   5.6425084e-01
   2.0000000e+00  -6.6441379e-01   1.3311870e-01  -1.2925549e+00   3.1670432e-01  -1.8041085e+00   5.0310830e-01
   2.0000000e+00   3.5698641e-01  -6.8053098e-01  -1.1095701e+00  -1.0188916e-01  -4.4135481e-01   6.4760967e-01
   2.0000000e+00  -5.4377873e-02  -2.0043816e+00  -3.4988522e-01   1.6975011e+00   2.8461252e+00  -1.0569506e+00
   2.0000000e+00   6.0094179e-01  -3.2783621e+00  -1.3643893e+00   2.0840755e-01  -1.0196742e+00   1.8229308e-01
   1.0000000e+00   1.1358143e+00  -3.0310581e-01   5.0639483e-01   1.0430679e+00  -1.4993951e+00   1.5907518e-01
   2.0000000e+00  -3.3159262e-01  -9.0925183e-01   6.5461020e-01   9.2613371e-01  -7.2756472e-01  -8.5999520e-01
   2.0000000e+00  -1.1449698e+00  -9.0489019e-01  -1.0508346e+00  -1.2601020e+00  -2.9634119e-01   8.2568537e-01
   2.0000000e+00  -1.3687979e+00  -7.6664273e-01  -2.6987250e-01   9.6261258e-01   1.2987402e-01  -1.8142157e-01
   2.0000000e+00  -2.2834742e-01   2.3642194e-01  -2.7785299e-01  -1.1710059e+00   1.4757503e-01  -3.4666682e-01
   2.0000000e+00   1.1217401e+00  -1.4915843e+00   2.9769969e-01   3.4434267e-01   3.4656334e-01   1.8600821e+00
   2.0000000e+00   1.3902057e-01   6.3484543e-01   5.5927436e-01   3.5393036e-01  -1.0615952e+00  -1.0067827e+00
   2.0000000e+00  -1.0679244e-01  -2.8554069e-01  -2.7666259e-01  -3.8172853e-01   1.5589504e+00   1.6102771e+00
   2.0000000e+00  -4.7637718e-01  -8.8168625e-01  -1.3190228e-01   7.9755592e-01   1.4347588e-01   1.4009808e+00
   2.0000000e+00   7.3539984e-01  -5.0564729e-01  -4.0437308e-01   1.0981626e+00   4.7731426e-01   1.7701707e+00
   2.0000000e+00   7.2127108e-01  -2.2258611e+00  -1.7484163e+00  -4.8165760e-01  -1.3873195e+00  -9.1524163e-01
   2.0000000e+00   3.4707644e-01  -6.0296318e-01   1.0150354e+00   9.5084256e-02   1.0305152e+00   1.0209440e+00
   2.0000000e+00  -1.3085207e+00  -5.9829354e-01   1.3255337e+00  -1.4972685e+00   8.9590700e-01   7.5778934e-01
   2.0000000e+00   3.1624404e-01   1.1591952e-02   9.9650576e-01   1.1580970e+00  -1.4681192e+00  -5.7810465e-01
   1.0000000e+00  -3.1770585e-01   4.8243017e-02   3.9758151e-01  -1.7488142e+00   3.5108454e-01  -6.6797541e-01
   2.0000000e+00   9.8089710e-01   1.0718428e+00  -8.4141719e-01  -5.8807360e-01  -5.1345349e-01   1.0666988e+00
   2.0000000e+00  -3.4891391e-01  -9.8628288e-01   5.3390064e-01  -1.4120598e+00   1.1647811e+00  -1.1645062e+00
   2.0000000e+00   1.8799514e-01   2.1185016e+00  -1.8584250e-01   3.6611590e-01  -1.4867731e+00   1.5014902e+00
   2.0000000e+00  -4.9331219e-01  -5.4802321e-01  -6.4387604e-01  -1.0300834e+00  -4.9124593e-01  -2.4383153e+00
   2.0000000e+00  -9.8000806e-01  -6.7624063e-01  -1.7820536e-01   8.4804184e-01  -3.3332759e-01   8.4483058e-01
   2.0000000e+00  -1.0377888e+00  -2.0550172e+00  -1.3605653e+00   8.7828506e-01  -5.4549951e-01  -7.8121374e-01
   2.0000000e+00  -2.3061156e-01   1.0499214e+00   5.3752991e-01  -1.4448243e+00  -1.6365115e+00  -1.7596471e+00
   2.0000000e+00  -8.0107134e-01   1.4742439e+00  -1.1954304e-01   7.4182877e-01  -9.5423293e-02   1.3470044e+00
   2.0000000e+00   1.7020036e+00   8.7315981e-02  -2.1609068e+00  -4.0638358e-01   1.2124744e+00  -1.4207439e+00
   2.0000000e+00   9.8139364e-01   8.0383785e-02   1.2891084e+00   2.1873076e+00  -7.3221666e-01  -1.0287058e+00
   1.0000000e+00   9.0395324e-01   5.8382196e-01   3.7747066e-01   3.0233261e-01   1.1731648e+00   4.2728729e-01
   2.0000000e+00   1.0803316e+00  -1.6150478e-01   3.6726267e-01  -1.1740835e+00  -3.3056711e-01   1.7048332e+00
   2.0000000e+00  -1.3017722e+00   9.1257184e-01   6.6961117e-01  -2.4086016e-01   5.9975866e-01   1.2678408e+00
   2.0000000e+00  -9.1835998e-02  -2.6784997e-01  -1.9943705e+00   1.7570380e-01   6.9670923e-01  -7.9651806e-01
   2.0000000e+00   4.5420532e-01   1.9369397e+00   6.5658956e-01   1.9073846e+00  -2.1706596e+00   1.8460465e+00
   2.0000000e+00  -2.7533237e+00  -1.3418578e+00  -1.5524082e+00   1.9020410e+00  -8.9640978e-03  -6.8559215e-01
   1.0000000e+00   1.5973439e-02  -5.0312388e-01   7.1291147e-01   3.4050954e-01   3.9897411e-01  -1.4907885e-01
   2.0000000e+00   6.9106445e-01  -7.8507416e-02  -1.6438001e+00  -1.5872854e-01   1.2445397e+00   1.3292658e+00
   2.0000000e+00   1.0844398e+00   1.7847698e+00  -3.5675448e-01   2.4824157e-01   1.0375779e+00   1.1242553e+00
   1.0000000e+00  -1.0267270e+00  -6.5647459e-01   4.0687116e-01   1.8091765e+00   3.8252911e-01   1.2497704e-04
   2.0000000e+00  -1.4533368e+00   1.2385140e-01  -2.4533693e-01   4.3345316e-01  -2.6719091e-01  -8.7612556e-01
   2.0000000e+00  -1.1944421e+00  -1.3334368e+00  -6.6522496e-01   4.1273645e-01   4.2701347e-01  -1.6779997e-01
   2.0000000e+00  -1.1610806e+00   1.6883252e+00   5.6667414e-01  -5.2187208e-01   3.0095895e-01  -1.0978133e+00
   2.0000000e+00   2.9329363e-01   7.6959897e-01  -6.5546198e-01   6.9259241e-02   1.2634400e-01  -4.1472524e-01
   2.0000000e+00  -4.0182065e-01   5.0930360e-01   1.2034465e+00   1.9148852e+00  -8.0987206e-01  -8.4039567e-01
   2.0000000e+00   2.7828745e-01  -6.4331673e-01   1.5510358e+00   3.0568493e-01  -1.2142888e-01   4.5453131e-01
   1.0000000e+00  -4.8006414e-01  -1.6984999e-01   5.9027730e-01  -6.9635028e-01  -2.2453732e+00  -1.3031374e-01
   2.0000000e+00  -4.8669005e-01   1.5219253e-01  -4.2313960e-01  -1.5378695e-02  -3.7283135e-01  -1.7570750e+00
   2.0000000e+00   6.6194738e-01   7.8555238e-01  -1.1857442e+00   2.0955150e-01   8.5602394e-01  -9.4067706e-01
   1.0000000e+00   1.6586301e+00  -3.3612226e-01   3.3436598e-01   6.2801898e-01  -1.7100996e+00  -1.7619405e-01
   2.0000000e+00   1.6729135e+00   2.9415587e-01  -4.0589899e-01   1.6520240e-01  -1.9529946e+00   2.7686479e-02
   2.0000000e+00   6.1465084e-01  -4.4395016e-01  -1.2213350e+00  -1.0324293e+00  -1.5852141e-01   9.9712496e-01
   2.0000000e+00   9.0035253e-01  -9.9766539e-01   1.5704061e+00  -1.5700613e+00   8.1177753e-01  -1.4343821e+00
   2.0000000e+00   1.2354526e-01   4.4841153e-01   1.2397941e+00   1.7910099e+00  -1.6889143e+00  -3.1518941e-01
   2.0000000e+00   8.8678700e-01   2.2875557e-01  -4.4989935e-01  -6.3296211e-01  -1.4106743e-01   1.1723715e+00
   2.0000000e+00   2.2005664e-01   1.6968717e-01  -8.0801601e-01   1.1357520e+00  -5.6751341e-01  -1.0182699e+00
   2.0000000e+00  -1.4168041e+00   1.1898160e+00  -9.4730663e-01   1.6515786e-01  -8.2549941e-02  -2.0972374e+00
   2.0000000e+00  -1.1165947e+00  -1.5062951e+00  -5.5271504e-01  -5.9658825e-01   9.2332130e-02   2.8216723e-01
   2.0000000e+00   7.1996973e-01  -1.7647586e+00  -6.0445990e-01  -1.1138401e+00  -1.0246093e-01  -1.0609071e+00
   2.0000000e+00   1.2681662e+00  -2.7665810e-02   1.4026611e+00   9.7682955e-01   1.7082759e+00  -7.5949444e-01
   2.0000000e+00  -6.5497955e-01   9.1540504e-01  -9.4747785e-01   1.3313959e+00   2.6192465e+00   2.0943861e-01
   2.0000000e+00  -5.4370571e-01   6.5792264e-02  -9.4984385e-01   1.2618693e+00   3.6646761e-01  -3.8213361e-01
   2.0000000e+00  -1.0912586e+00   1.9432881e+00  -1.2791061e+00   9.0711732e-01  -8.6562822e-01   1.8487575e-01
   1.0000000e+00   1.6634847e-01   4.0877578e-01   6.5404483e-01  -7.0024983e-01  -6.5281030e-01  -2.0526456e-01
   2.0000000e+00   8.5306852e-01  -2.6154024e-02   8.0502472e-01   2.5129315e-01  -6.9481223e-01   1.4012833e+00
   2.0000000e+00  -4.8961959e-01   1.6738103e-02   1.4190825e+00   1.1321668e+00   1.1692703e+00  -1.2494348e+00
   2.0000000e+00  -2.4685933e+00   1.5241934e+00  -2.1595802e-02   2.1861214e-01  -2.8767314e-01  -2.5677729e-01
   2.0000000e+00   4.6401230e-01   1.0727058e+00   2.3063916e-01  -1.3335453e+00   1.1247124e+00  -1.0680010e+00
   2.0000000e+00  -7.6448795e-01   5.7396681e-01  -2.0939710e+00  -6.1947191e-01  -1.4854192e+00  -1.3494353e+00
   2.0000000e+00   4.5212569e-01  -8.3809176e-01  -7.1122315e-01  -9.0011117e-01   5.8801173e-01   6.6437434e-01
   2.0000000e+00  -6.1480418e-01  -1.8706116e+00  -8.9836315e-01   1.0253008e+00  -1.5482345e+00   2.6310598e-01
   2.0000000e+00  -2.8345380e-01   3.5163868e-01  -1.1467810e+00  -1.3180438e+00   6.9880500e-01  -4.7921528e-03
   2.0000000e+00   2.8242322e-02  -1.3545512e+00   1.6899326e+00   4.6669166e-01  -1.4129183e-01   5.6701053e-01
   2.0000000e+00   6.0739144e-01  -5.5769014e-01   1.0995392e+00   1.0716118e+00  -5.0096756e-01  -1.2679323e+00
   2.0000000e+00  -7.1571699e-01   4.1480650e-01  -1.4317099e+00  -1.2607002e+00   2.4924804e-01   1.3567611e+00
   1.0000000e+00   6.3350562e-01  -2.9238700e-02   4.3985871e-02  -3.0186740e-02   1.2597643e-01  -6.8868887e-01
   2.0000000e+00   1.5291704e+00  -3.9483194e-01  -2.5854413e-01   1.0429814e+00   7.7464008e-01  -5.3850752e-02
   2.0000000e+00   1.4191031e+00  -1.0517115e-01  -4.3414512e-01   1.0733760e+00   2.2586714e-01  -2.0928540e+00
   2.0000000e+00  -3.9095788e-01   4.1481621e-01  -4.8039992e-01  -1.6111019e-01  -1.1744685e+00  -1.2938754e+00
   1.0000000e+00   4.2749756e-01   1.1144114e+00   5.1777467e-01   1.0595345e+00   1.8617957e+00   5.2081280e-01
   1.0000000e+00  -4.8298097e-01   1.5813077e+00   8.1000078e-02  -4.6587161e-02  -2.3034903e+00  -3.5611665e-01
   2.0000000e+00  -2.5115614e-01   4.8396660e-02   6.1710324e-01  -1.7660542e-02  -1.6246087e+00  -1.2437080e+00
   2.0000000e+00  -6.2639800e-01   1.8717704e-01  -9.5096346e-02  -3.5335783e-01   1.7211456e-01  -1.0520209e-01
   1.0000000e+00   2.5551031e+00  -1.2964867e+00   3.9382097e-01  -5.3834365e-01   5.9228607e-01  -1.2531337e-01
   2.0000000e+00   2.4108833e-01   4.3134688e-01   2.7419467e+00  -2.2201473e-02  -3.3378855e-02  -8.1141056e-01
   1.0000000e+00   7.7619981e-01  -6.3196810e-01   4.0591709e-01   8.7675907e-01  -1.0443149e+00   9.2410566e-02
   2.0000000e+00   1.0250189e-01  -1.1170425e+00  -1.7717159e-01  -1.9281433e+00  -6.6299616e-01   2.0627936e-01
   1.0000000e+00   1.8723496e+00  -8.8613394e-01   6.7816432e-01   1.2114773e+00  -1.8305669e-01   3.4029803e-01
   2.0000000e+00  -1.8230832e+00   2.7349037e-01   7.7047736e-01   8.8946082e-01  -1.0498261e-01  -9.1994325e-01
   2.0000000e+00   7.1204496e-01  -1.6402920e+00  -7.5802037e-02  -1.8596528e+00   1.7563491e+00   2.0313456e+00
   1.0000000e+00   1.1459339e+00  -3.2347791e-01   5.4296167e-01  -1.5807281e+00   1.0781683e-01  -2.7921018e-01
   2.0000000e+00  -2.0018762e+00   1.1978747e+00  -9.6867597e-01   1.1983737e+00  -2.7519549e-01  -9.8269571e-01
   2.0000000e+00  -3.7067755e-01   9.2926286e-01   1.4742757e-02   1.0425663e+00  -2.3537943e-01  -1.6711340e+00
   2.0000000e+00   6.2207695e-03   4.1014740e-02  -2.0941472e-02  -7.8636184e-02   1.1092659e+00   1.2090648e+00
   1.0000000e+00   1.1816646e+00  -2.0710151e+00   7.5014483e-01  -3.0666359e-01   8.9292626e-02   5.8856904e-01
   2.0000000e+00  -3.0666040e-02   8.0501180e-01  -1.3890122e+00   2.7816864e-01  -1.3620346e+00  -5.4512315e-01
   2.0000000e+00   1.0369921e+00   1.4334214e-01   1.6291250e+00   1.0384923e+00   1.0298178e+00   3.2238249e-01
   1.0000000e+00  -1.2650516e+00   4.8282647e-01   2.9048110e-02   2.0016235e-02  -1.4694505e-01   8.7353073e-01
   2.0000000e+00   5.2054771e-01   6.6904917e-01  -5.9988504e-02  -7.2052394e-01   2.3636616e-02   6.1031518e-01
   2.0000000e+00   1.3140922e+00   1.1054136e+00  -1.4278059e+00   7.6618316e-01  -2.2990011e-01  -2.5330486e+00
   2.0000000e+00  -4.5590674e-01  -5.8628282e-01   1.3830959e+00  -6.6533832e-01   1.4948312e+00  -2.4245308e-01
   1.0000000e+00   6.7797818e-01   1.1577501e+00   6.2459440e-01  -4.8448735e-01  -1.1543879e+00  -4.1135563e-01
   2.0000000e+00  -8.3276425e-01   9.8207468e-01   1.1804418e+00   9.2749759e-01  -5.0873826e-02   6.4464049e-01
   1.0000000e+00  -2.3809196e-01  -9.3638137e-01   1.5931028e-01   5.4780637e-01  -1.8543763e+00   2.3435653e-01
   2.0000000e+00   3.7283806e-01  -2.9424445e+00   1.9387904e-01  -1.3930274e+00  -1.4391962e+00   1.8879881e+00
   1.0000000e+00   7.8337319e-01  -8.6907870e-01   1.4314353e-01   1.1263814e+00  -1.9604781e+00   9.3220169e-01
   2.0000000e+00  -1.3545693e+00  -7.5237566e-01   1.9884125e+00  -1.6306920e+00  -1.5388241e+00  -1.0551349e-01
   2.0000000e+00  -3.4478500e-02  -5.0620334e-02   9.3868023e-01   4.1973585e-02   5.1944577e-01  -1.3162075e+00
   2.0000000e+00  -9.1241982e-01   4.9682065e-01   5.8011044e-01   1.8162628e+00  -1.4330470e-02   1.3434067e+00
   2.0000000e+00   1.3398707e-01  -5.0198994e-01  -2.0438218e-02  -5.4382670e-01  -1.0550151e+00  -9.8488796e-01
   2.0000000e+00   3.3841559e-01  -5.2189010e-01   1.1232400e-01   1.0752560e+00  -8.5082927e-01   1.3445485e+00
   2.0000000e+00  -1.3244689e+00  -9.6488415e-01  -7.0433220e-01   5.7024645e-01  -1.0631362e+00   8.9725723e-01
   2.0000000e+00   1.0645380e+00  -2.8236458e+00   1.3777923e+00  -3.2473839e-01   1.9386430e+00   8.9574363e-01
   2.0000000e+00  -3.6405230e-01   1.3887699e+00  -4.1423481e-01  -1.6689127e-01  -2.0759153e-01  -6.9172249e-01
   2.0000000e+00  -4.9828263e-01   6.6281583e-01   1.4664732e+00  -5.8696604e-01   4.4698286e-01   1.0850490e+00
   2.0000000e+00   1.2274233e+00   6.8282625e-02   1.1283896e+00  -8.4049846e-01  -1.3686683e+00  -1.3356819e+00
   1.0000000e+00   1.4637868e+00   4.9731274e-01   4.8833073e-01  -6.6608271e-01  -6.7464961e-01  -3.2184485e-01
   2.0000000e+00  -1.3448748e+00   1.4081020e+00   9.2655933e-01   1.4101440e+00   2.1508208e+00  -1.7054735e+00
   2.0000000e+00   3.9657534e-01  -1.5910353e+00  -5.2228183e-02   6.2172278e-01   1.3364283e+00  -4.3337552e-01
   2.0000000e+00   1.0917277e-02   9.0782468e-02  -2.3651207e-01   2.0113023e-01  -2.5989010e-01  -1.8356704e+00
   1.0000000e+00   1.0233045e+00   9.9933618e-01   2.4084459e-01   1.0556540e+00   7.0233526e-01   3.2231709e-01
   2.0000000e+00  -5.8463678e-02  -7.4885007e-01  -6.8583070e-01  -2.0520951e+00  -5.8383654e-01   1.5427129e+00
   2.0000000e+00  -8.6073183e-01   1.9918128e-01   1.1062820e+00  -2.2299017e-01   4.5245766e-01   5.4318398e-01
   2.0000000e+00  -8.8754683e-01   4.4129535e-01   2.1025735e+00  -6.4103119e-01  -2.9951237e-01  -5.6321227e-01
   1.0000000e+00  -1.0826148e-01   1.1936138e+00   5.5213649e-02  -2.8371920e-01  -2.0514323e+00  -9.2466012e-01
   2.0000000e+00   4.0849334e-01  -6.5805918e-01  -1.0626479e+00  -1.6625055e+00  -1.0332914e+00   5.4620719e-01
   2.0000000e+00   5.3313308e-01  -3.3337756e-01  -7.4826811e-01  -5.5889727e-01   3.3741711e-01   8.3308900e-01
   1.0000000e+00   1.4308082e+00  -5.6854364e-01   1.6644310e-01  -3.2974576e-01   1.0315193e+00  -4.1595973e-01
   2.0000000e+00  -1.0558245e+00   1.0266873e+00  -2.8743418e-01   2.6984232e-02   1.7401207e+00   2.2737708e+00
   2.0000000e+00  -7.8815618e-01   7.2030423e-02  -1.2181270e+00  -1.7979383e-01  -1.2375156e+00  -5.4112650e-01
   2.0000000e+00   8.2252365e-01   5.3914860e-01   1.2628650e+00  -1.0003913e-01  -5.2228114e-01  -1.8892029e+00
   2.0000000e+00  -7.9849477e-01   4.1177863e-01   1.5179049e+00   5.0513137e-02  -1.4477518e-01   5.2878034e-01
   2.0000000e+00  -2.1461869e+00  -3.9264395e-01   9.3069823e-01   4.0531786e-01  -2.0053945e-02  -4.6299623e-01
   2.0000000e+00  -4.6315322e-01  -4.0543943e-01  -6.2830636e-01  -6.9955965e-01  -1.4652821e-01   9.0079392e-01
   2.0000000e+00  -7.1803583e-01   1.2025351e+00   2.5197918e-01   5.4228940e-01  -1.0658028e+00  -1.0969900e+00
   2.0000000e+00   9.8527928e-01  -1.6375936e+00  -8.8819380e-02  -2.9859688e-01  -1.5906282e-01   1.4731278e+00
   2.0000000e+00  -2.0321250e+00  -8.1048727e-01  -1.0336330e+00  -6.0144213e-01   1.5846205e-01   2.4682221e-01
   2.0000000e+00  -1.9443321e+00   3.8692598e-01  -5.4491058e-01   4.8639006e-02   5.4339258e-01   4.8370563e-01
   2.0000000e+00  -1.0179750e-01   1.1083817e+00   1.2548536e+00  -2.9134386e-01   1.0928491e+00  -1.0375410e+00
   2.0000000e+00  -4.4937279e-01   2.6489726e+00  -1.6267035e-01   8.9054912e-01  -3.8150016e-02   4.8058586e-01
   2.0000000e+00   1.7514405e-01   4.2265414e-02   9.3868916e-01   1.3092009e+00   2.7738651e-02   1.5148519e+00
   2.0000000e+00   2.3165382e-01  -3.9522682e-01  -1.4071187e+00   2.4783367e+00   3.9104959e-01  -2.7628235e-01
   2.0000000e+00   3.0163321e-01   5.0375904e-02  -3.1293350e-01  -3.9980022e-01   1.9352586e-01  -1.7324208e-01
   2.0000000e+00   7.5552776e-02  -9.6063360e-01  -2.7334017e-01   4.5871827e-01  -6.1679472e-01   1.2206649e+00
   1.0000000e+00   7.6927908e-01   7.4931085e-01   4.4838209e-01  -2.0238947e-01   1.2904214e+00  -2.9092546e-01
   2.0000000e+00   9.4498540e-02  -9.4367856e-01   1.4599942e-01  -3.9487806e-01   1.4707298e+00   1.1286304e+00
   2.0000000e+00  -2.8012719e-01   1.1823614e+00   8.5872182e-01   1.0732346e-01   9.3437468e-01  -1.6750610e+00
   2.0000000e+00   1.0915527e+00  -8.3051049e-01  -1.6151030e+00  -1.2131294e+00  -1.6246525e+00   9.3783837e-01
   2.0000000e+00   7.1349232e-01  -2.0823474e+00  -5.9927619e-01  -1.8405411e+00   1.0846548e+00  -6.5238266e-01
   1.0000000e+00  -1.9636021e-01  -7.7319431e-01   7.3336571e-01   1.1707083e+00  -9.1465672e-01   2.3982214e-01
   2.0000000e+00  -1.0988712e+00  -1.2112848e+00   8.3207563e-01  -1.8120663e+00  -2.1768654e+00   1.2480595e+00
   2.0000000e+00  -1.5338978e+00   1.3353251e+00  -5.1769149e-01   9.0184594e-01   2.2366374e-01  -1.1401860e+00
   2.0000000e+00   1.5485972e+00   1.4279067e+00   6.4551069e-01  -1.2748734e+00   6.4231125e-02  -1.0287145e+00
   2.0000000e+00  -8.0015823e-01  -4.3215582e-01  -2.7145867e-02  -9.7528758e-01  -6.1034002e-01  -3.5299263e+00
   1.0000000e+00  -1.1381267e+00   4.7955610e-01   4.0500051e-01  -6.0096431e-02  -1.1186907e+00  -6.5289802e-02
   2.0000000e+00   1.0684190e-01  -2.5035719e-01  -2.7318710e-01  -7.5766316e-01  -2.2599406e+00   4.3538515e-01
