   1.0000000e+00   5.7160483e-01   7.3801332e-01   6.4800163e-01  -3.9470468e-01  -2.1424947e-01   1.1301327e+00
   2.0000000e+00   1.5262462e+00   1.2307364e-01   1.5805361e+00   1.6782351e-01  -3.5136606e-01   8.2304067e-01
   2.0000000e+00   1.0755831e+00   2.1880591e+00  -3.9036272e-01   1.0285043e+00  -6.8712251e-01   1.3272880e+00
   2.0000000e+00  -7.1349517e-01   9.9085429e-01  -2.1816642e+00   1.4004485e+00  -1.1444453e-01   5.1047692e-01
   1.0000000e+00   3.5805865e-01   2.7933278e-01  -4.1166391e-01  -7.0114748e-01  -1.6546552e+00   4.2582021e-01
   2.0000000e+00   9.8732046e-01  -2.9431453e-01  -1.5313008e+00   1.0923232e+00  -1.5007497e+00   8.5948344e-01
   2.0000000e+00   1.1149319e+00  -1.5606346e+00   1.8185816e+00   1.0979007e+00   4.4689812e-01   9.8081681e-01
   1.0000000e+00   5.9546222e-01  -1.2786760e+00   1.1886065e+00   2.2963953e-01  -1.1570598e+00  -8.5353436e-01
   2.0000000e+00   1.3679519e+00  -1.9004380e-01   1.6022909e+00  -1.9982599e+00  -2.7284217e-01  -9.1277856e-01
   2.0000000e+00  -1.6083156e+00   1.8090682e+00  -1.4812467e+00  -7.5218968e-01  -1.2018007e+00   8.2415598e-01
   2.0000000e+00   1.0692654e-01   1.2059009e+00   5.7561703e-01   1.3343072e+00  -1.0207941e+00   5.9697242e-01
   2.0000000e+00  -5.1272409e-01   2.0383729e-01  -5.0188510e-01   3.4884248e-01  -4.6133798e-01  -4.6221692e-01
   2.0000000e+00  -7.5705897e-01  -1.6769419e-01  -8.7201924e-01   6.4286876e-01   1.5107084e-01   2.6331486e-01
   2.0000000e+00  -1.1638058e+00  -1.0005629e+00   3.9231315e-01   5.9320880e-01  -1.1003049e+00  -1.5542208e+00
   2.0000000e+00  -1.1718992e+00  -1.2479623e+00  -5.6570011e-01  -7.7220464e-02   3.7377580e-01  -1.8558608e-01
   2.0000000e+00  -7.8761953e-01  -1.5039688e+00   1.8986365e-01   6.7129960e-01  -6.7366617e-01   1.2033984e+00
   2.0000000e+00   1.5350957e+00   6.5457065e-01  -3.7750933e-01  -1.3581578e+00   4.4976477e-01   1.2258269e+00
   2.0000000e+00  -2.2518760e-01   8.1095516e-02   3.1703971e-01   5.9189349e-01   2.9032511e-01  -2.5546569e-01
   2.0000000e+00  -7.1135480e-02   4.1169978e-01  -1.6176983e+00  -4.2419651e-01  -5.6698879e-01   2.1517208e-01
   2.0000000e+00  -1.4999239e+00  -1.5756092e-01  -1.3397466e+00   5.0315798e-01   8.6318454e-01   5.7949072e-01
   2.0000000e+00  -1.0977456e+00  -8.1468114e-01  -4.4405900e-01  -4.5923567e-01   1.5707361e+00  -2.5933407e-01
   2.0000000e+00  -1.7019448e+00   1.6619205e+00  -7.1558887e-01   2.9070502e-01   1.1025485e+00   1.6878596e-01
   1.0000000e+00   3.4146361e-01   2.9472583e-03   9.3853148e-01  -9.7513676e-02   1.9473501e+00  -3.9189035e-01
   2.0000000e+00  -3.2829039e+00  -1.6519613e-01  -9.6273836e-01   6.2892241e-01   1.2007930e-01  -1.2172369e+00
   1.0000000e+00   8.3784931e-02   2.4379551e-01  -4.2452957e-02  -2.4019655e-01   1.0052475e+00  -6.4669626e-01
   2.0000000e+00  -1.9366767e-01  -5.9024128e-01   8.0562970e-01   2.0583951e-01  -1.2261660e+00  -3.0409063e-01
   2.0000000e+00  -1.1977338e+00   1.3408707e+00  -1.9371400e+00   1.3074926e+00   9.0941619e-01  -3.0133952e-01
   1.0000000e+00   3.5521718e-01   1.8929559e+00  -1.7957148e+00   6.1543574e-01  -4.0855731e-01   4.8832143e-01
   2.0000000e+00   2.0379286e+00  -9.3367009e-02  -1.1128706e+00   6.4139585e-01  -4.4509846e-02  -1.2729019e+00
   1.0000000e+00   5.3790563e-02  -7.8421449e-01  -6.3242141e-02  -5.2977379e-01  -3.3962381e-02  -2.5473611e-01
   2.0000000e+00   8.2210057e-01   4.6510123e-01   7.6198427e-01   3.1133316e+00  -4.3544463e-01   7.4947281e-01
   1.0000000e+00   2.9376419e-01  -5.8190083e-01  -8.0106808e-01   3.1388385e-01   8.9170829e-01   2.3056342e-01
   2.0000000e+00  -1.7763733e+00   8.4580602e-01  -1.3567513e+00  -5.0725079e-01  -3.3627752e-01   7.7653797e-01
   2.0000000e+00   2.2029210e-01   2.2031009e-01  -4.9212342e-01  -1.4627335e+00   3.6505767e-01  -3.0742240e-01
   2.0000000e+00   1.5960750e+00   3.5484513e-01  -1.2926851e+00   1.2691532e+00   1.6148304e+00   9.9829273e-02
   2.0000000e+00   1.2413033e+00  -2.0137995e-01   1.7287123e+00   8.6248798e-01   1.0507633e+00   2.8121655e+00
   2.0000000e+00  -5.8891852e-01   2.6409487e+00   7.6430423e-01   6.3941349e-01   1.7294799e-01  -2.6672704e+00
   1.0000000e+00   1.8930382e-01   1.1907788e-01   3.4370065e-01   7.7607596e-02  -9.7237621e-01  -2.1117913e-01
   2.0000000e+00  -8.5124231e-01  -8.2674073e-01   5.7909182e-01  -3.9105874e-01   2.3239189e-01   6.5264404e-01
   1.0000000e+00   3.8730844e-01  -1.5113819e+00  -3.4953343e-01   2.3272721e-01  -3.1098262e-01   1.1056604e+00
   2.0000000e+00   1.2341291e-01   1.2556347e+00   1.5482937e+00  -1.4646795e+00   5.2749607e-01   1.5263634e+00
   2.0000000e+00  -5.9299773e-01  -3.0000774e-01  -1.0294557e+00   7.9718681e-01   2.1178464e-01  -1.8183448e-02
   2.0000000e+00   2.6370195e-01  -9.9407777e-01  -9.6833469e-01   1.0095234e+00  -4.6891218e-01   6.9272180e-02
   2.0000000e+00  -1.1121861e+00  -1.4640271e-01  -8.3416733e-02   9.7966197e-01  -8.3014743e-01   4.8939685e-01
   2.0000000e+00   3.9037567e-02   1.1309948e+00  -5.0160719e-01  -1.3672569e+00   6.1365221e-01   5.9029646e-02
   1.0000000e+00   2.3071166e-01  -1.2896952e+00  -1.5056898e-01  -4.4271345e-02   1.6659298e-01   1.8402407e+00
   2.0000000e+00   3.0212361e-01  -1.5221360e+00  -9.2971863e-01   1.0368901e+00   2.9335185e-01   8.4323599e-01
   2.0000000e+00   9.9955786e-01   6.7979263e-01  -2.0974963e+00  -6.3465748e-01  -1.6259189e+00  -1.1719882e+00
   1.0000000e+00   5.6819256e-01   8.7508822e-01   8.0216289e-01   7.3449608e-01   2.2711385e-01   4.2028679e-01
   2.0000000e+00   1.1138546e+00  -2.1819043e+00   9.5177098e-01   1.0976720e+00   2.8089814e-01  -9.2283359e-01
   2.0000000e+00   1.2772060e+00  -7.5285792e-01   4.2061072e-01  -7.6993676e-01  -1.3459259e-02   5.0285313e-01
   2.0000000e+00  -1.3290735e+00  -4.4890098e-01   1.1847786e+00   1.1461935e+00  -5.1322112e-01   4.7428010e-01
   1.0000000e+00   8.2218212e-01   1.1320488e+00  -3.2694216e-01   1.4382055e-01   8.5435084e-01   2.4339291e+00
   2.0000000e+00  -4.8689309e-01   1.2651582e+00  -1.3082634e+00   1.9770612e-01  -7.4318690e-02  -8.9529181e-02
   2.0000000e+00  -3.0503203e-01  -3.2558988e-01  -1.0166128e-01  -1.1225394e+00  -7.7240433e-01  -1.5366466e-01
   1.0000000e+00   8.9421257e-01  -9.1918785e-01  -4.0989333e-01   2.0382833e-01   2.7187560e-02   1.6371043e-01
   2.0000000e+00  -1.5505671e+00  -5.6025500e-01   2.1750853e+00   9.2063670e-01   5.2805335e-01  -1.9955390e-01
   2.0000000e+00  -1.4717014e+00  -2.0302578e+00   1.9524035e+00  -6.7042017e-01   1.2065988e+00  -1.1397604e-01
   2.0000000e+00  -7.4586840e-01   1.0906212e+00  -2.0929315e-01  -1.5873877e-01   6.2563127e-01  -1.0681358e-01
   2.0000000e+00  -1.7242358e-01   1.1688144e-02  -4.9472188e-02   1.5673748e-01   4.0219571e-01  -1.3051874e+00
   2.0000000e+00   3.8222423e-01   2.1927482e-01  -1.1883406e+00  -1.1723821e+00   8.4895165e-01   7.7007486e-01
   2.0000000e+00  -9.2966483e-01   1.8325715e+00  -3.0158699e-01  -9.9314030e-01  -8.8413346e-01  -7.7579835e-01
   2.0000000e+00  -9.1876764e-01  -2.6970078e-02  -1.9913460e+00   1.6356259e+00  -8.7711477e-01   7.3938316e-02
   1.0000000e+00   9.0385035e-02  -8.5402192e-01  -1.1475907e+00   1.8402235e-01  -4.0421434e-02   1.3401490e+00
   2.0000000e+00  -3.2383421e-01   1.2114920e+00   2.1788843e-01   4.1077881e-01  -1.7742492e+00  -4.6805083e-01
   2.0000000e+00  -2.4372085e-01   1.3723449e+00  -1.7381600e-01  -2.2677915e-01  -4.8270136e-01   2.3325175e-01
   2.0000000e+00  -4.7685301e-01   1.8741512e+00   1.2464518e-01  -9.1981359e-02  -9.4275285e-01  -2.2085515e-01
   2.0000000e+00  -1.9918376e+00   1.1018972e+00   1.6562433e+00   2.8576825e-01  -9.2044583e-01  -1.6971952e+00
   2.0000000e+00  -2.9249842e-01   4.9829881e-01  -2.0761341e-01   8.1125505e-01  -7.2091005e-02  -5.7221748e-01
   2.0000000e+00   2.2562398e+00  -4.6491388e-01   1.3150908e-01  -6.2174655e-01  -3.1623308e-01   1.3268591e+00
   2.0000000e+00   4.4718975e-01  -1.0003336e-01   1.7469803e-02  -1.3102775e+00   3.8146763e-01   8.7155982e-01
   1.0000000e+00   1.1500679e-02  -1.1468045e+00  -6.5679124e-01  -8.5836556e-01  -2.5790228e-01   7.6029931e-01
   2.0000000e+00   1.4009610e+00   3.8474901e-01  -9.0411192e-01  -2.7439548e-01   5.5199955e-01   4.6535469e-01
   2.0000000e+00  -1.0854458e+00   1.0238994e+00   6.1587296e-01  -7.8052797e-01  -2.9538495e-01  -4.0724522e-01
   2.0000000e+00   4.2545676e-01   8.9085557e-01   1.9897971e+00  -1.8682788e+00  -1.5929627e+00   1.1179084e+00
   1.0000000e+00   6.3909525e-01  -1.6636118e-01   3.5021518e-01   5.3324639e-01   3.4824203e-01  -1.3345830e+00
   1.0000000e+00   3.5065334e-01   4.6563744e-01   7.6416972e-01   1.0720908e-01  -7.3248176e-01  -1.0335202e-01
   2.0000000e+00  -7.7252039e-01   1.1808396e+00   5.3944227e-01   1.8645252e-01  -2.7076485e+00  -9.7364805e-01
   2.0000000e+00   1.0653368e+00   6.5913408e-01   1.8921042e-01   9.3915772e-01   7.6597796e-01   1.4221737e+00
   2.0000000e+00  -1.9595294e+00  -7.8217924e-01  -5.5601133e-01  -1.2211292e-01  -8.8373590e-02  -4.9923993e-01
   1.0000000e+00   5.3722865e-02  -1.1876838e+00  -5.3510165e-01   5.7137953e-01   3.0510349e-01   1.3653792e+00
   1.0000000e+00   1.4312454e-01   9.4320634e-01  -1.3687154e+00   6.1823081e-01  -8.7940293e-01  -6.2213332e-01
   2.0000000e+00  -5.0692906e-01  -8.6885549e-01   1.0281249e+00  -4.0207767e-01  -3.0120410e-01   9.8848484e-01
   2.0000000e+00   1.6860374e+00   4.5081224e-02   3.9794773e-01  -1.2259961e+00   6.1762403e-01   6.5982853e-01
   1.0000000e+00   3.8850318e-01  -3.4649141e-01  -6.2054741e-01  -7.6297476e-01  -1.3721014e+00   3.0228774e-01
   2.0000000e+00  -1.1775110e-01   5.9524544e-01  -1.6334356e+00   4.8694758e-01  -2.5240178e-01   7.2886853e-01
   2.0000000e+00  -9.8401429e-01   1.5088553e+00   9.3542263e-02  -9.3407675e-01   6.8523654e-01  -4.6952085e-01
   2.0000000e+00   1.7979321e+00  -1.3273846e+00  -1.9290346e-01  -1.9989930e+00   4.3550381e-01   1.2330735e-01
   2.0000000e+00   4.2338667e-01  -2.7692433e-01   1.3409244e+00  -1.2236789e+00  -1.4874865e-01  -3.9067114e-01
   2.0000000e+00  -2.3595423e+00  -8.2086815e-01   1.6905360e+00   6.1930306e-04   1.3089272e+00   1.1947588e+00
   2.0000000e+00  -5.1892859e-01  -1.8497059e-01   1.1296005e+00  -5.3561945e-01   1.0821982e-01   1.0825175e+00
   2.0000000e+00  -1.1554114e+00  -1.1743798e+00  -6.5445627e-01  -6.9435686e-01  -3.2086285e-01   1.5874170e+00
   2.0000000e+00  -8.0281169e-01  -4.6531197e-01   4.7653998e-01   3.4475795e-02  -6.0699550e-01  -7.9779859e-01
   2.0000000e+00   1.4223787e+00   5.0051402e-01   3.8438608e-01  -8.1852430e-01  -4.4349822e-01  -2.8715867e-01
   2.0000000e+00   4.1096172e-01  -1.8389439e-01   1.2479131e+00   2.3173995e+00  -2.6791801e-01  -1.5504489e+00
   2.0000000e+00  -4.7617760e-01  -1.7192923e+00  -1.2052190e+00  -2.1445456e-01  -8.8152267e-01  -1.3227230e+00
   2.0000000e+00   1.0262260e+00   5.4096818e-01  -3.4840482e-01  -2.0965626e+00  -8.0456477e-01  -7.7574348e-01
   2.0000000e+00  -1.6340057e-01   6.5384280e-01   1.7155145e+00   5.1890984e-01   7.3411732e-01  -1.2397531e-01
   2.0000000e+00  -1.3095062e-01   1.9510578e+00   8.2942224e-01   1.3500537e-01  -3.3598324e-02   9.0805536e-01
   2.0000000e+00   2.0443229e+00   9.1316926e-01   1.8096336e-01   3.3709291e-01   1.5167169e+00   1.3136372e+00
   2.0000000e+00   1.8784206e+00  -5.9092659e-01   1.0590106e-01  -5.5825091e-01   1.0646110e+00  -1.4144031e+00
   1.0000000e+00   3.5246371e-01   1.3240917e+00  -6.4188979e-01  -7.6074999e-01  -1.0687044e-01  -1.5809899e-01
   2.0000000e+00   8.7377601e-01   1.2389130e+00   1.1112139e+00  -5.4172867e-01   7.6501880e-01  -1.5718034e+00
   1.0000000e+00   3.2742062e-02  -2.0776912e-02  -9.6312577e-01  -7.8683694e-01   1.1771577e+00  -6.5540981e-01
   1.0000000e+00   9.1799741e-01  -1.7020094e-01  -2.3042955e-01  -1.1282963e-01   2.9471641e-01   2.0968630e+00
   1.0000000e+00   9.8735729e-01  -3.2682882e-01  -5.0657112e-01  -1.2773118e-01   2.1321734e-02   1.7885730e-01
   2.0000000e+00   4.8738601e-01  -4.4697191e-01  -1.7427850e-02  -9.2681427e-01   2.4153286e+00  -6.0044205e-01
   1.0000000e+00   8.1257106e-01   1.2027881e+00  -8.8933396e-01   9.9690326e-02  -1.5695844e+00  -4.1833409e-01
   2.0000000e+00   1.0890413e+00  -2.2209163e-01   3.9950624e-01   1.7420500e+00  -4.5589444e-01   8.7617656e-02
   2.0000000e+00   1.0341536e+00   1.5913375e-01   6.6186533e-01   3.0715561e-01   1.6493043e-01  -1.3845605e+00
   2.0000000e+00  -4.1479337e-01  -1.1214787e+00   5.0557873e-01  -1.2654573e-01   5.7206423e-01   1.8187896e+00
   1.0000000e+00   6.6034221e-02   5.9231223e-02  -2.0829799e+00  -9.0073319e-01  -5.7262251e-02   4.9832185e-01
   2.0000000e+00  -3.9847173e-02   2.6120925e-01  -6.6627924e-01  -3.2609439e-01  -5.1587944e-01   1.3450765e+00
   1.0000000e+00   7.1687472e-01  -2.5592581e-01  -3.0996849e-02   5.1893344e-01  -1.8248523e+00  -1.2779841e+00
   2.0000000e+00   9.7005606e-01   5.4859531e-01  -1.0577218e-01  -6.2668760e-01  -8.5879263e-02   1.4893446e+00
   2.0000000e+00   5.6457776e-01  -2.8136800e-01   8.4966082e-01   1.4510774e+00  -1.0711572e+00  -4.8394877e-01
   2.0000000e+00   1.6434535e+00   2.2291038e-01  -6.2504662e-01  -1.2968120e+00  -1.8716121e+00   6.3787543e-01
   2.0000000e+00   2.0618617e+00   1.4727690e+00  -3.2719814e-01  -5.3630859e-01   3.3672955e-01  -9.4075936e-01
   2.0000000e+00  -4.7596111e-01  -2.1106182e+00   1.8554307e+00  -4.3174779e-01   1.2638767e-01   2.0083022e-01
   2.0000000e+00  -1.6422554e-01  -1.5793216e-01  -2.1576039e-01   1.7662507e+00   1.1233669e+00  -8.0741599e-01
   2.0000000e+00  -8.1049905e-01  -1.2518839e+00  -1.3844033e+00   3.6078759e-01   8.3438156e-01  -3.0032792e-01
   2.0000000e+00  -1.0888477e+00  -2.0239882e+00  -6.9502189e-02  -7.6288170e-01   7.5752608e-01  -1.1343439e+00
   2.0000000e+00   1.6702939e+00   2.5190725e-01  -3.2791011e-01  -8.5672250e-01  -3.3493011e-01  -2.9756552e-01
   2.0000000e+00   1.7662608e-01  -2.2599435e-01   6.1213789e-01   1.6071144e+00  -3.1790229e-01  -7.3469728e-01
   2.0000000e+00   7.0611205e-01   4.8510945e-02  -4.9855849e-01   1.3583087e+00  -7.0741272e-03  -3.1585338e-02
   1.0000000e+00   8.7985769e-02   8.1332411e-01  -6.1297610e-01  -3.7986490e-01   1.2672896e+00   1.0217298e+00
   2.0000000e+00  -1.2954533e+00  -3.8905590e-01   6.4286641e-01  -7.3679612e-01   1.0243910e-01  -1.8010100e+00
   2.0000000e+00  -2.1708106e+00   1.2908792e-01  -9.6481146e-01   5.5268892e-01  -1.4737194e-01   3.3598661e-01
   2.0000000e+00  -1.0860894e+00  -1.0483476e+00   8.5525249e-01  -1.1885768e+00  -7.7596201e-01   7.7434591e-01
   2.0000000e+00  -6.5459227e-01   1.6227610e+00   1.2481445e+00  -9.3786890e-01  -3.8111335e-01   1.1150501e+00
   2.0000000e+00  -1.0587910e+00   1.6457782e+00  -6.1845737e-01   2.2299938e-01  -2.7792310e+00   6.1256111e-01
   2.0000000e+00   1.3756810e+00  -6.0987764e-01  -5.8848021e-01  -5.1091008e-01  -1.5701719e-01  -9.0285692e-01
   2.0000000e+00  -1.7152364e-01   1.2425736e+00  -7.3669422e-02  -2.0083300e-02  -1.8321757e-01   6.8491164e-01
   1.0000000e+00   5.7334240e-03   3.5083657e-01  -2.5889748e-01   4.7452681e-01   3.6740943e-01   2.1393811e+00
   2.0000000e+00  -5.2235443e-01  -5.7892346e-01   2.2764174e+00  -9.3315901e-01   1.5880867e+00   8.5482804e-02
   1.0000000e+00   8.9907949e-01   7.1503976e-01   1.4710146e+00  -3.7573028e-01   6.4857213e-01   7.2595481e-01
   2.0000000e+00  -7.5159402e-01   6.2315581e-01  -9.2360584e-01  -4.1339733e-01  -1.1398632e-03  -5.1029283e-01
   2.0000000e+00  -1.6671876e-01  -1.5480107e-01   3.2317754e-01   2.7259506e-01   7.8926152e-01   1.4075975e-01
   2.0000000e+00  -6.0937829e-01  -1.5444922e-01   4.1248844e-01  -1.9694720e+00   1.0021751e+00  -3.4753844e-01
   2.0000000e+00   1.0605173e+00  -9.0625944e-01   3.4683437e-01  -1.2762716e+00  -6.3825936e-01  -6.9861318e-01
   1.0000000e+00   1.0613998e-01  -1.8547470e-01   1.3313915e-01   8.2143851e-01   6.1819476e-01  -8.3728370e-02
   2.0000000e+00   1.1128638e+00  -1.4745420e+00  -8.5151460e-02  -1.7049313e+00   6.1842177e-01   1.5567846e+00
   2.0000000e+00   1.1311886e+00  -5.1314975e-01   2.2140232e+00   1.8947411e+00   1.2467972e+00  -6.0626718e-01
   1.0000000e+00   1.9766966e-02  -8.4897839e-01  -8.7267363e-01   7.3340487e-01   8.1683116e-01   1.3088270e+00
   1.0000000e+00   1.0096052e-01   1.1285432e+00   1.5178322e+00   1.5222098e-02  -8.6679744e-01   1.6075635e+00
   2.0000000e+00  -2.0547959e-01   3.0125283e-01  -1.0890841e+00   1.1585636e-01   1.6049563e+00  -2.9575468e-03
   2.0000000e+00  -7.3882887e-01   2.8870187e+00   6.4327332e-02  -7.6063773e-01  -4.3708048e-01  -1.1058977e+00
   2.0000000e+00  -4.2069917e-01   1.0763461e-01   8.7632996e-01   2.8274242e-02  -1.7145383e+00   2.2113957e-01
   2.0000000e+00  -1.3837126e+00   2.5188290e+00   5.4555201e-01   2.1854881e-01  -1.3580906e+00   2.9679195e-01
   2.0000000e+00  -1.1548777e-01   1.5067962e+00  -1.4588431e+00  -2.8605039e-02   9.4979940e-01   1.2451323e+00
   2.0000000e+00   1.1800061e+00  -1.3573347e+00  -2.1806090e-01   9.4931774e-01  -5.8090674e-01  -8.2167727e-02
   2.0000000e+00   1.2082752e+00  -1.9657417e+00   1.2909160e+00   2.8261665e+00  -8.9515448e-01  -1.3412018e+00
   1.0000000e+00   5.0178224e-01  -9.4948257e-01   1.1405700e+00  -1.3116439e-01  -1.4219542e+00  -1.2673650e+00
   2.0000000e+00  -1.4169200e-01   8.3951296e-01   8.6165894e-02   5.0077717e-01   4.1619148e-01  -8.5432730e-01
   2.0000000e+00  -1.2280062e+00   1.7482349e+00  -8.0346420e-01   4.3596969e-01   1.8149190e-02  -1.3640170e-01
   1.0000000e+00   7.2402693e-01   5.1949976e-01  -5.0522814e-01   1.8846492e-02  -1.7201256e+00   9.2788884e-01
   2.0000000e+00   1.2223894e-01   1.5786179e-01   3.0514865e-01   1.7662614e+00   4.6833526e-01   2.4445779e-01
   2.0000000e+00  -3.5390576e-01   1.0885859e+00   2.5979854e+00   1.0503434e+00  -4.7478947e-01  -1.0756547e+00
   2.0000000e+00  -2.1991686e-01   4.2088543e-01  -1.0552382e+00  -3.6934444e-01   6.6604621e-01   7.1984278e-01
   1.0000000e+00   9.3648323e-02   5.9558143e-01  -4.3842832e-02  -6.0027886e-01   1.6164567e-01   5.5053764e-01
   2.0000000e+00  -2.7593574e-01   5.0257525e-01   6.2674861e-01  -1.0086970e+00   1.3264275e+00   3.4423036e-01
   2.0000000e+00   1.4530867e+00  -1.9452248e-01   9.7501805e-01   5.9244334e-01   5.7201391e-01  -1.8074533e-01
   2.0000000e+00   2.3788250e+00   9.7049881e-01  -1.6625514e-01   1.9929489e+00  -1.1561221e-01   8.2439788e-01
   1.0000000e+00   1.8206509e-01   4.3978274e-02   1.6726945e-01   9.1301020e-01   2.4668402e-01  -4.0089074e-01
   2.0000000e+00   5.3198581e-01  -1.2962438e-01   1.0624621e+00  -1.6711041e+00   1.2260050e+00   4.8100598e-01
   2.0000000e+00   1.7811485e+00   2.3356389e+00   8.7777821e-01   4.8829766e-01  -7.0771507e-03  -2.2590722e+00
   2.0000000e+00  -4.1799704e-01   2.1512690e+00  -2.5405472e+00   1.1533427e+00   3.5426757e-01   1.7275064e-01
   2.0000000e+00  -1.3892382e+00  -2.2291446e+00  -4.7965572e-01   8.2290440e-01   7.1927946e-02  -1.0424320e-01
   2.0000000e+00  -1.0498189e+00   2.0049671e-01  -9.4076503e-01  -1.0938578e+00   2.2380363e+00  -1.6541694e-02
   2.0000000e+00  -5.6436428e-01   3.4533876e-01   1.2466301e-01   3.4575586e-01  -1.0463671e+00   1.2325209e+00
   1.0000000e+00   3.9390784e-02  -1.9286434e+00  -4.0170560e-01   7.1149241e-02  -1.4561031e+00  -3.4224005e-01
   2.0000000e+00  -1.3420101e-02  -4.5870639e-01  -4.0707531e-01  -8.7354289e-01  -4.0547133e-01  -4.8770448e-03
   1.0000000e+00   2.1359272e-01   4.8421968e-01  -7.1895168e-01  -3.5581241e-01   1.3907746e+00  -2.0156289e-01
   2.0000000e+00  -4.8447822e-01   2.3116161e-01   7.5887558e-01   7.1505587e-01  -6.4133522e-01  -9.7141853e-03
   1.0000000e+00   1.0075634e-01   6.0498758e-01  -1.6438440e+00   2.5541974e-01  -1.1570505e+00  -3.1254853e-01
   2.0000000e+00  -5.9019043e-01  -1.1320134e+00   6.6567350e-01   3.9436227e-01  -1.5091698e+00   5.1614589e-01
   1.0000000e+00   5.6493973e-01   8.2620383e-01  -3.2350850e+00  -7.0351028e-01  -1.3605922e+00  -1.2138837e+00
   2.0000000e+00   1.2542806e-01  -9.8632468e-01  -5.2620243e-01  -1.0833476e+00  -6.9208265e-01  -1.5007581e+00
   1.0000000e+00   6.2192244e-01   3.3770687e-01   4.0166998e-01   2.4107057e-01   5.4486614e-01   6.7827569e-01
   2.0000000e+00  -1.8225620e+00  -1.1116994e+00  -7.6885646e-02   2.1075028e-01   7.0109342e-01  -2.5282475e-01
   1.0000000e+00   1.9854979e-01  -1.0005310e+00  -1.4377512e+00   1.7707013e-01  -8.4604138e-01  -4.8851980e-01
   2.0000000e+00   1.0573103e+00  -8.0915430e-02   2.6013662e+00  -6.3545173e-01  -3.0052091e-01  -1.2120322e+00
   2.0000000e+00  -7.5140926e-01   1.8054442e-02   1.2827904e+00  -3.2951516e-01  -7.9028854e-01   1.7401092e+00
   1.0000000e+00   5.0355274e-01   4.9898632e-01  -2.8058730e-01   4.3502332e-01  -5.8970290e-01   7.6751061e-01
   2.0000000e+00   1.2525825e+00  -1.0540881e+00  -8.3762165e-01   8.1023335e-01   1.1474091e+00  -3.5409666e-01
   2.0000000e+00   1.5493072e+00   5.5736033e-01   1.2583419e+00   5.3812525e-01  -4.2908520e-01  -1.8962875e+00
   2.0000000e+00   6.5660122e-01   5.0129619e-01  -1.5382236e-01   1.1008826e+00   4.9181641e-01   1.2330088e+00
   2.0000000e+00  -3.3919499e-01   1.6591178e-01  -1.2793693e+00   2.9720128e-01   1.1396211e-01  -1.2176960e+00
   2.0000000e+00   1.0966962e+00   7.3565164e-01   1.5418664e+00   1.3781867e+00  -9.9164041e-02   9.5252341e-01
   1.0000000e+00   1.3853196e-01   2.3067819e-01  -6.8641645e-01   4.0320078e-01   7.3044408e-01   1.8559846e+00
   2.0000000e+00   1.1217382e+00  -5.7422314e-02   6.9413020e-01   9.7088394e-02   3.4308294e-01  -1.2931551e+00
   2.0000000e+00   1.0105954e+00  -7.1860057e-01  -8.1381447e-01   8.9141631e-01   9.0267913e-01   4.8485433e-01
   1.0000000e+00   4.8355407e-01  -2.2954863e-01  -1.2924108e+00   2.7456367e-01  -1.8055882e-01  -6.7689597e-01
   2.0000000e+00  -8.7862177e-01  -4.0036937e-01  -1.0525202e+00   2.2814069e+00   8.7681297e-01   7.6788295e-01
   2.0000000e+00   2.8581855e+00   1.1749495e+00  -5.7548954e-01   3.6042744e-01   9.2919764e-01  -8.7769266e-01
   1.0000000e+00   3.3522666e-01  -2.2108451e-01   1.0813275e+00  -5.6592488e-01   1.9408209e+00   5.5754459e-01
   2.0000000e+00  -1.8991333e+00   9.4895903e-01  -1.0695682e+00  -4.0459777e-01  -3.3891904e-01   7.9326345e-01
   2.0000000e+00   1.6262854e+00   9.0267535e-01   1.2467305e+00  -1.2933790e+00  -8.1507743e-02   2.7261122e-01
   2.0000000e+00  -3.4680567e-01  -3.2857645e-01   2.4657670e-01   2.1492673e-01   1.5486686e+00  -1.6852627e-01
   2.0000000e+00  -1.8499439e+00   9.0111473e-01   2.7796688e-01  -1.6701598e-01  -3.2067748e-01  -1.3439531e+00
   2.0000000e+00   1.4098177e+00   2.3669500e-01   1.5330045e+00  -8.7918960e-01  -9.4181981e-01   1.5464185e+00
   2.0000000e+00  -9.6160129e-01  -1.5348257e+00  -1.2438343e+00  -5.9995252e-01  -1.1015779e+00   1.4996289e-02
   2.0000000e+00  -8.0374272e-01  -3.2644820e-01   6.1054701e-01   2.6319719e+00   1.2483845e+00   4.1507567e-01
   1.0000000e+00   2.6272996e-01  -4.0993906e-01   1.7988837e+00  -6.3585277e-01  -1.4083057e+00   8.4435635e-01
   2.0000000e+00  -2.2828543e+00  -7.9684687e-01   4.0613149e-01  -2.4231458e+00  -6.5955559e-01   6.0778254e-01
   2.0000000e+00  -1.8916803e+00  -5.4352465e-01   9.8978514e-01  -7.5386443e-01  -4.5922537e-01   1.2139529e-01
   2.0000000e+00   3.8948914e-04  -5.3458710e-01  -9.0693663e-01  -1.5824391e+00   1.8827908e+00  -2.2233909e-01
   2.0000000e+00   1.2083665e+00  -1.0686436e+00   1.4206633e-01   8.1432776e-01   3.0792266e-01  -7.8486790e-01
   2.0000000e+00   8.8134614e-01   1.0333934e+00   6.2934236e-01   1.4235697e+00  -1.2757329e+00  -1.9012390e-01
   2.0000000e+00   1.2919633e+00  -2.0219348e-01  -5.9372493e-02  -8.5782319e-01   6.7064421e-01   8.9834387e-01
   2.0000000e+00  -1.0023692e-01   8.8404947e-01   1.3325749e+00  -8.1273643e-01  -2.0405046e+00  -2.3451353e-01
   2.0000000e+00   1.0874267e+00   2.3761804e-01  -1.2049741e-01  -2.9450719e-01  -9.4950406e-01  -1.9869449e+00
   1.0000000e+00   3.7931065e-02   3.8537293e-03   1.6666857e+00  -1.3632519e-01   9.5988213e-01   4.2082861e-01
   2.0000000e+00  -5.9848572e-01  -4.9897566e-01  -8.1093447e-01  -7.9287229e-01  -7.2843112e-01   2.1896030e-01
   2.0000000e+00   1.4531640e+00  -8.9109326e-01   1.9810730e+00   2.4068669e-01  -2.6050925e-01   1.7858908e-01
   2.0000000e+00  -1.0168680e+00  -3.2465525e-02  -1.7804745e+00   9.0684593e-01  -1.2780432e-01  -1.0881703e+00
   2.0000000e+00   1.1690928e+00   2.0235071e+00  -3.9967517e-01  -2.7264721e-01   6.5394795e-01  -5.0676799e-01
   2.0000000e+00  -5.7650873e-01  -2.6052290e-01   4.1812654e-01   1.0569657e+00   1.0747799e+00  -1.5493173e+00
   2.0000000e+00   1.3169836e+00   7.7278909e-01   1.2344796e+00  -1.9374930e+00  -1.0839941e+00   2.8673748e-01
   2.0000000e+00  -1.6818824e+00   9.5624344e-01   1.9798547e+00   4.3828029e-01   1.5647400e+00   3.0595196e-01
   2.0000000e+00  -6.5965094e-01   6.0061105e-01  -2.6774334e-01  -2.2107869e-01  -1.0803962e+00   1.1858282e-01
   2.0000000e+00  -2.5954519e-01  -6.7249908e-01  -5.1054121e-01  -1.3078411e+00  -1.2519758e+00   3.3115566e-01
   2.0000000e+00  -6.6400160e-01  -6.0684108e-01   1.7244131e+00  -5.9480836e-01   4.1674846e-01  -3.5906788e-01
   2.0000000e+00  -4.4895050e-01  -8.9281515e-01   5.5630268e-01  -1.3529420e+00  -1.7887728e-01   1.5567761e+00
   1.0000000e+00   5.5312222e-01   1.4443344e+00   1.0979994e+00  -7.8472890e-01   1.5353123e-01  -2.1352950e+00
   2.0000000e+00  -1.7145874e-01   4.0580106e-01  -3.1882227e-01  -4.1188584e-01   8.5023481e-01   6.2325492e-01
   1.0000000e+00   9.9342375e-01   1.0515728e-01  -2.3525029e+00  -4.1775734e-02  -1.1089946e+00   3.6176577e-01
   2.0000000e+00   5.4338566e-01   2.2238439e+00   1.4995541e-01   1.6512138e+00  -4.3355504e-01  -2.5800028e-01
   1.0000000e+00   1.1056809e-02   3.0917184e-01  -2.8067809e+00   5.8167475e-02   7.5237978e-01  -2.8733661e-01
   2.0000000e+00  -3.3053198e-01   1.8675221e+00  -8.2106327e-01  -2.7019398e-02   1.4030671e-01  -7.6514002e-02
   2.0000000e+00  -5.0200084e-01   1.1533398e+00   1.8910911e+00   7.0407357e-04   1.0867210e+00  -1.4406157e-01
   2.0000000e+00  -2.4570720e-01  -7.9036751e-02  -6.3937889e-01   1.5522858e+00  -2.9247830e-01   8.3579015e-01
   2.0000000e+00  -2.0259089e+00  -1.3244206e+00   7.8534557e-02   2.8851218e+00   7.9490414e-01   1.0587979e+00
   2.0000000e+00  -1.2198953e+00   4.0765678e-01   1.3834012e-02   4.5814413e-01  -5.3412855e-01   2.6984394e-01
   2.0000000e+00  -4.9775396e-01  -1.2061992e+00   1.7894361e-01  -1.6420424e+00   4.0257071e-01   5.7381728e-01
   2.0000000e+00   1.3811063e+00  -4.2025154e-01  -1.7326982e-01   1.7978391e-02  -1.0328013e+00  -1.0732646e+00
   2.0000000e+00  -1.4879716e-01   7.9233554e-01  -1.1402790e+00   7.5514301e-01  -3.5892290e-02   3.2718332e-01
   2.0000000e+00  -1.3614007e+00  -1.0419074e+00   1.1051472e+00  -1.2481414e-01  -1.1379067e+00  -1.8351664e-01
   2.0000000e+00   1.4878741e+00   2.3152915e-01  -3.3701481e-02   9.3779270e-02  -4.9237165e-01  -7.3875130e-01
   1.0000000e+00   6.0622486e-01  -1.5156700e-01   9.4466634e-02  -2.3083640e-01  -7.1062115e-01   6.5114028e-01
   1.0000000e+00   6.8523435e-01  -4.0379487e-01  -1.4461974e+00  -4.1723205e-01  -9.8758861e-01   3.9928926e-01
   2.0000000e+00   1.0991149e+00  -4.1739461e-01   2.9922336e-01   1.0411077e+00   1.5995345e+00   1.3134482e-01
   2.0000000e+00   1.5223647e+00  -1.1658962e+00  -3.0701677e-01  -9.7423614e-01   4.4306648e-01  -1.8004819e+00
   1.0000000e+00   3.2213161e-01   6.4279433e-02   5.3014389e-01   5.3671878e-01   6.5825752e-01  -5.9254515e-01
   1.0000000e+00   3.1569581e-01  -8.9757285e-01  -8.3167808e-01   8.6964748e-01   1.7638817e+00  -1.5086689e+00
   2.0000000e+00   2.8601427e+00   1.2524537e+00  -2.7042904e-01   8.5378542e-01   1.4813889e+00  -9.1750927e-01
   2.0000000e+00  -7.8894770e-01  -7.6902303e-01  -4.6894541e-01   1.8767581e+00   8.6136936e-02   5.1753826e-01
   1.0000000e+00   7.0103730e-01  -1.0484616e-01   2.3002308e-01  -4.4291127e-01   1.3414846e+00  -1.2731487e+00
   1.0000000e+00   5.6096633e-01  -1.0243253e+00   2.0169705e+00   1.6114421e-01   1.7965889e-01   1.5199362e+00
   1.0000000e+00   3.8585874e-01   1.6723052e+00  -8.3916806e-01  -2.6451627e-01  -2.6210419e-01   2.2356090e-01
   2.0000000e+00   1.2708132e+00  -6.8521445e-01  -5.2008096e-01  -1.3205860e+00  -5.0542106e-01   4.3834607e-01
   1.0000000e+00   1.7408087e-01  -1.6551289e+00   1.2666249e+00  -6.6364619e-01   3.2191188e-01   3.8542651e-01
   1.0000000e+00   2.9755641e-01  -1.3773232e+00   1.4914355e-01   6.4537031e-01  -1.2325900e+00   2.0236838e+00
   2.0000000e+00  -1.0047720e-01  -9.8509239e-01   3.5490855e-01   7.8930644e-01  -6.2380530e-01  -7.7541151e-01
   2.0000000e+00   6.6290325e-01  -8.4047556e-02   7.7687734e-01   1.6000612e+00  -8.5528995e-01  -1.3829700e+00
   1.0000000e+00   6.0832492e-01  -1.3287508e+00   5.2336242e-01   1.3706436e-01  -1.8167419e+00   3.8157238e-02
   2.0000000e+00  -1.5125891e-01   3.0488412e-01   2.5968165e-02   3.6877930e-01   1.3570220e-01  -1.2286998e+00
   2.0000000e+00  -6.5386986e-02  -1.7713716e+00  -7.3172082e-01   4.7898930e-01   7.9137172e-02  -5.2116589e-01
   2.0000000e+00   9.2740615e-01   1.7321692e-01   7.0957043e-01  -1.2042886e+00  -6.8894120e-01  -2.3490814e+00
   2.0000000e+00  -1.0879590e+00   9.9960315e-01   1.2647130e+00   1.7320932e+00   1.6401115e+00  -1.0014562e-01
   2.0000000e+00  -3.3216722e-01   1.2314479e-03  -3.4649303e-01  -1.9762341e-01   7.4231686e-01  -2.7806254e-03
   2.0000000e+00  -8.5351552e-01   8.3294413e-01  -8.8880872e-01   3.9195850e-01  -1.0606798e+00   1.2080227e-01
   2.0000000e+00  -4.0415180e-01  -1.3639563e+00   9.9362537e-01  -1.9721216e-02   1.3062658e+00  -1.4973713e-01
   2.0000000e+00  -5.1528622e-02   5.3696945e-01  -5.0461134e-01   2.7404513e-01  -1.5829969e+00  -1.9847234e-01
   2.0000000e+00  -8.0056507e-01   1.0843831e+00  -9.6240348e-01  -2.4054165e+00  -1.1924270e+00   5.9967167e-01
   1.0000000e+00   2.1435353e-01   4.9290832e-01  -4.6915062e-01   1.0855005e-01  -6.6166933e-01   4.6344870e-01
   2.0000000e+00   2.4974882e-01   8.0755040e-01  -3.8514465e-01  -3.9427291e-01   2.7846191e+00   1.0098071e+00
   2.0000000e+00  -1.5450263e+00   6.8034712e-01   8.6307246e-01   1.6260798e-01  -3.8732259e-01  -9.5945822e-01
   2.0000000e+00  -1.4377518e+00  -3.6285020e-01   8.0957946e-01  -3.0634735e-01  -7.8795290e-01  -6.6211669e-01
   2.0000000e+00   1.2741961e+00   2.0418107e+00  -1.0107730e+00   1.6818433e-01  -1.6365832e+00   5.1189992e-01
   2.0000000e+00  -4.0571084e-01  -7.7214568e-01   1.5168206e+00   3.1100247e-01   1.2321419e-01   9.3316860e-02
   2.0000000e+00   5.7427237e-01  -4.4028587e-01   1.4549800e+00   9.9669984e-01   6.5235189e-01  -7.4318785e-01
   2.0000000e+00  -4.8203251e-01  -2.7504727e+00  -5.1262680e-01   3.0623577e-01  -1.8037985e-01   1.2745829e+00
   2.0000000e+00   1.2792280e+00   4.4477249e-01  -9.0113796e-01  -1.0190210e+00  -8.2865684e-01  -3.7306491e-03
   1.0000000e+00   1.1799583e-01   4.6885251e-01  -5.9767689e-02   7.8265281e-01  -4.0807886e-01   1.3969905e+00
   2.0000000e+00  -4.9441281e-01   6.5915907e-01   8.8075463e-01   1.0048188e+00   9.8610257e-01   1.1846965e+00
   2.0000000e+00  -1.0926594e+00   1.6763981e+00  -3.7394306e-01   3.8381989e-02  -8.2576742e-02   1.5817951e+00
   2.0000000e+00  -4.2898440e-01  -1.5086243e+00   2.6205968e-01   3.7152084e-01  -1.9701203e-01   1.3212972e-01
   2.0000000e+00   1.5133743e+00   6.7470173e-01  -3.0260347e-01   2.1705622e+00   7.0363006e-01   1.4196276e+00
   2.0000000e+00   8.6835065e-01   1.4830607e+00  -1.1275570e+00  -6.2322419e-01  -4.9689517e-02  -5.3648133e-01
   2.0000000e+00  -1.2940682e+00   2.6611453e-01   8.6612321e-02  -3.8315143e-01  -6.1625395e-01  -1.9234322e+00
   1.0000000e+00   6.2160813e-01  -3.0532989e-01   8.0611181e-01  -7.4739842e-01   1.5796221e+00  -1.8060336e-01
   2.0000000e+00  -2.0028894e+00  -1.4053507e+00  -1.6205709e+00   4.6688034e-01   3.7602077e-01  -1.5615971e+00
   1.0000000e+00   6.9411396e-01  -3.6386031e-01   1.1377629e+00  -1.6656111e-01  -1.9114705e-01   1.5853555e-01
   2.0000000e+00   2.0910464e+00  -1.1013691e+00  -9.8761721e-01   7.2737204e-01  -3.5247113e-01   6.0032245e-01
   1.0000000e+00   1.6333544e-01  -1.0413840e+00   1.1579451e+00  -8.6543644e-01  -7.7294195e-01   1.5295576e+00
   1.0000000e+00   5.7816486e-01  -6.1134881e-01  -1.9141775e+00  -4.3087817e-01   4.1061746e-01   1.0766082e+00
   1.0000000e+00   1.4755405e-01  -1.8909645e-01  -1.0308086e+00   1.9132684e-01  -3.3205865e-01  -4.8624482e-02
   2.0000000e+00   2.0117954e-01   6.1655078e-01  -1.5611094e+00   1.8669141e+00   5.7826647e-01  -1.2080127e+00
   1.0000000e+00   9.5513869e-01   4.4142488e-01  -2.2598985e-01   1.0968535e-01   2.6314016e-01  -3.3436468e-01
   2.0000000e+00  -3.6612175e-01   1.4878315e+00  -5.5169346e-01   2.4699360e-02   3.6793420e-01  -4.4088270e-02
   2.0000000e+00  -9.8202330e-01   2.5651598e-02  -1.6695691e+00  -1.4127649e-01   4.7858687e-01  -1.0208366e-01
   2.0000000e+00   1.0587103e+00   6.6622125e-01  -1.3123754e-01   2.2283135e+00  -2.0624594e+00  -2.2645565e-01
   2.0000000e+00  -1.1749881e+00  -1.0965368e+00  -9.7259123e-01   1.4331955e+00  -4.7146657e-01   4.5979103e-02
   2.0000000e+00   9.1199470e-01  -1.0216137e+00  -2.2633704e-01  -1.3309507e+00  -5.9622551e-01   2.7299524e-01
   2.0000000e+00  -9.7338290e-01   9.1061634e-02  -8.5135134e-01   5.2879311e-01   1.0358442e+00  -5.7972467e-01
   1.0000000e+00   5.0035305e-01   1.7944795e+00   6.5564289e-01  -9.5668000e-02   1.3413251e+00   6.5676267e-01
   2.0000000e+00   1.2261510e+00  -2.1372661e-01  -1.3009591e-01  -1.0625614e+00  -1.4797600e+00   5.5304930e-01
   2.0000000e+00  -3.1032813e-01   2.4595369e+00  -2.3818764e-01  -1.8849578e+00   5.3245949e-01  -5.8654177e-01
   2.0000000e+00   1.0552342e+00  -1.2831162e+00  -1.4145142e+00   1.0408373e+00   1.4850307e+00  -1.2773163e+00
   2.0000000e+00  -4.5530265e-01   1.7526416e+00  -7.4633722e-01  -1.8196202e-01   6.3138527e-01  -1.4619252e-02
   2.0000000e+00  -1.3075025e+00   1.8192701e+00   1.7094699e+00   6.5266691e-01   2.0246546e-01  -1.6050167e-01
   2.0000000e+00  -1.0673039e+00  -7.7099897e-01   3.3376448e-01  -1.0133697e-01   1.0130099e-01   1.0110079e-01
   2.0000000e+00  -1.8022279e+00  -1.3010490e+00  -9.2755219e-02  -1.1381422e+00   1.4060204e+00  -2.4234973e-01
   2.0000000e+00  -6.2942894e-01  -1.4912280e+00   3.7882448e-01   1.8018270e+00   9.2585587e-01   8.6243821e-01
   1.0000000e+00   5.3068001e-01   1.7006916e-01   8.6885674e-01   6.7617571e-02   2.7237106e-01  -8.8210168e-01
   2.0000000e+00   1.0396872e+00   2.6752014e-01  -2.7873123e+00   5.6558411e-01  -1.8964787e+00   2.0797226e+00
   1.0000000e+00   8.6038962e-03   1.4277559e+00   1.8980455e+00   8.3230253e-01   1.1107402e-01  -7.9469042e-01
   2.0000000e+00  -8.5591977e-02   8.5442312e-01   6.3003145e-01   5.6300861e-01   1.7385031e+00  -3.1775378e-01
   2.0000000e+00  -6.3734822e-01   1.0055469e+00   5.8040597e-01  -2.6218787e-01   3.3310632e-01   2.3129481e+00
   2.0000000e+00  -5.3559561e-01  -6.7435408e-01   3.1824053e-01   7.6718019e-01   4.3696125e-01   4.1660470e-01
   2.0000000e+00   9.1671449e-01   9.3164881e-01   1.2426084e-01   6.6000701e-01   3.1220992e+00  -9.8563021e-01
   2.0000000e+00  -2.6831789e+00   3.7733963e-01   8.4676068e-01  -9.0104469e-01   9.8506923e-01   3.2478308e-01
   2.0000000e+00   1.5807630e-02  -2.5130675e+00   3.5307455e-01  -1.1220429e+00  -2.1141861e+00   6.6278578e-01
   2.0000000e+00  -1.5204286e+00   2.1620468e-01   3.1940111e-01   1.2716434e-01   2.2112660e-01  -8.7984389e-02
   2.0000000e+00  -9.4256955e-01  -1.0958287e+00  -8.1442647e-01  -9.3531789e-01   6.6914318e-01   3.4655486e-01
   2.0000000e+00   1.2721143e-01  -8.1234546e-01  -6.4472080e-01   1.3868703e+00   1.5460850e+00  -1.1209762e+00
   2.0000000e+00  -3.6856934e-02  -2.2433908e+00   2.1976348e-01   5.0487809e-01  -1.1008541e+00   6.6394032e-01
   2.0000000e+00  -1.5385415e+00  -1.2732557e+00   3.3301610e-01  -1.3598178e-02   1.7458862e-01  -7.6896852e-01
   2.0000000e+00  -1.0643028e+00  -4.0516777e-01   9.2530416e-01   3.4314118e-01  -1.4965796e+00   3.5812194e-01
   2.0000000e+00   1.1001904e+00  -2.9146527e-02   8.3026664e-01   9.9244936e-01   1.2811067e+00  -3.9220122e-01
   2.0000000e+00   1.3857352e+00  -1.5510402e-01   2.3090637e+00  -1.2243792e+00  -8.9669014e-01   2.2813755e+00
   2.0000000e+00  -4.3771595e-01   1.0999601e+00  -3.2703220e-02   3.0854195e-01   8.3144738e-01   8.1500006e-01
   2.0000000e+00   5.1305096e-01   1.2499550e+00  -3.3181446e-01   1.1380141e+00   1.7594059e+00   1.2346768e+00
   1.0000000e+00   1.8249609e-01  -3.1862864e-01  -1.1869943e+00   3.9721458e-01  -7.6423794e-01   6.1073461e-01
   2.0000000e+00  -9.2123758e-01  -2.0183464e-01  -1.6813227e+00   1.0419247e+00   1.0716566e+00  -1.5692433e-01
   2.0000000e+00   1.2481091e+00   1.2246822e+00   4.8704934e-01   1.7497155e+00  -6.5380288e-01   1.4500493e+00
   2.0000000e+00  -1.0083283e+00   5.2223952e-01  -5.2373445e-01   2.7324165e-01  -1.8135553e-01  -2.5837938e-01
   2.0000000e+00  -1.4232445e+00   2.7910631e-01  -6.0591736e-01   1.2760125e-01  -2.6992169e-01  -6.4926072e-01
   2.0000000e+00   4.3925583e-01  -2.1799358e+00  -1.1780766e+00  -1.9128836e+00   1.2536823e+00   6.3113023e-01
   2.0000000e+00   2.1907470e+00  -3.8714493e-01  -1.3754481e+00  -5.0741533e-01  -1.7464700e+00   3.2149384e-01
   2.0000000e+00  -7.8060751e-01   8.3629332e-01   8.7184308e-01  -1.0379188e+00   1.1681435e+00  -6.0658403e-01
   1.0000000e+00   8.0327531e-01   1.6497367e-01  -1.1895194e+00   4.5873905e-01   4.2776546e-02   7.1653035e-01
   1.0000000e+00   4.5248714e-01  -7.7542397e-01   1.9909914e+00   2.4090098e-01   6.3863154e-01   1.0335832e+00
   2.0000000e+00  -1.9405634e+00   1.7226433e-01   6.1519048e-01  -7.2617320e-01  -1.2990609e+00   1.6689970e+00
   2.0000000e+00   2.3223827e+00   1.0319810e+00   3.6817295e-01   9.9720462e-01  -2.8802782e-01  -1.1720720e+00
   2.0000000e+00  -1.4030603e-01   4.3438983e-01   1.0903684e+00  -9.6963442e-01  -7.9685052e-01   4.4612642e-01
   2.0000000e+00  -1.3046930e+00  -1.3232758e+00  -2.6276940e-01  -2.6306021e-01  -5.5473227e-01  -1.4151761e+00
   2.0000000e+00  -1.1802658e-01  -1.2940142e+00   4.4420457e-01  -4.4536508e-01   9.0595131e-02  -3.7574075e-01
   2.0000000e+00  -1.0109377e+00   1.1368761e+00   6.2500957e-01   3.2769563e-01   2.7907885e-02  -9.1427038e-01
   2.0000000e+00  -4.7424291e-01   2.1963541e-01  -3.8838566e-01   2.5745166e-01   1.5286833e+00   6.5548012e-01
   1.0000000e+00   1.2900982e-01  -2.1733288e-02   2.1724030e-01   1.5166954e-01   3.5084603e-01  -5.4481470e-01
   2.0000000e+00   1.2556773e+00  -1.1455448e+00  -1.0009935e-01  -3.1795015e-01  -2.5631200e-01  -3.2916389e-01
   2.0000000e+00   1.4813242e+00  -1.3873268e-01  -1.8379312e+00  -7.8548000e-01   1.1317419e+00   9.0047321e-02
   1.0000000e+00   9.0323281e-01   9.2270889e-01  -8.4212072e-01   3.8911154e-01  -1.6374908e+00   1.1468336e+00
   2.0000000e+00  -1.3777963e+00   1.0424379e+00  -4.3950172e-01  -1.5186686e+00   9.2617501e-01  -3.1122930e-01
   2.0000000e+00   1.1336735e+00   1.1789822e+00  -1.8574669e+00  -1.3137285e+00  -5.3146266e-01  -1.9729031e+00
   2.0000000e+00  -1.6424167e+00  -3.9339154e-01  -1.1731692e+00   3.9102818e-01   2.3514263e+00  -1.0327063e+00
   1.0000000e+00   9.3388910e-01  -8.5694230e-01   7.5076811e-01   2.1172254e-01   1.4691686e+00  -1.8437736e+00
   2.0000000e+00   7.2347050e-01   6.1706948e-01   1.4712564e-01  -1.2322872e+00  -1.1750030e-01  -6.3187344e-01
   2.0000000e+00  -3.2026842e-01  -1.0842414e+00   1.4300081e+00  -1.7798147e+00  -1.5931322e+00  -1.1017538e+00
   2.0000000e+00  -1.5280130e+00   2.1696874e-01  -5.6274839e-01  -8.9441730e-01   1.9716015e+00  -2.7748617e-01
   2.0000000e+00   5.1249955e-01  -1.1017880e+00   1.3216846e+00   1.0401602e+00  -1.0793309e+00  -9.9752724e-01
   2.0000000e+00  -7.2528737e-01   8.5212085e-01   1.6398844e+00   1.8288129e-01   2.4042952e-01   4.1656251e-01
   2.0000000e+00  -8.2686364e-01   4.4092522e-01   1.0588288e-01   2.2120065e-01  -5.4019924e-01  -9.6898548e-01
   2.0000000e+00  -1.5474061e+00   2.5451059e+00  -9.1843172e-02   8.3685637e-01  -1.1737494e-02  -7.1427513e-01
   1.0000000e+00   7.4221241e-01  -4.5306649e-01  -1.5510008e+00  -2.9270303e-01  -1.5593193e+00   9.9605961e-01
   1.0000000e+00   4.3926360e-01  -6.3130037e-01   2.5616968e-01   7.9816315e-02  -6.1374557e-01  -7.0609340e-01
   1.0000000e+00   2.2724045e-01   4.2855628e-01  -4.3983843e-01   9.5626802e-01  -1.2510490e+00   3.6985402e-01
   2.0000000e+00  -1.1240909e+00   1.5134438e+00   6.1168173e-01  -2.7017471e+00   7.5568340e-01   3.3317898e-01
   2.0000000e+00  -1.0071094e+00   7.6155456e-01   4.0955628e-01  -5.8181741e-01   1.2912551e+00  -2.1215645e+00
   1.0000000e+00   3.3498429e-01  -2.4133697e-01  -1.4499219e+00  -1.7477860e-01  -1.0605192e+00   1.1248313e+00
   2.0000000e+00  -1.0643842e+00   1.1759600e+00  -9.4021388e-01  -1.0966486e+00  -1.1256741e+00   6.5467004e-01
   2.0000000e+00  -1.1073386e-01  -4.8455477e-01   1.1862407e-01   2.4425864e-01  -2.2500484e+00  -9.3780208e-02
   2.0000000e+00  -9.6246994e-01  -1.2538736e+00   1.2941003e+00   9.8595023e-01   1.0560463e+00   1.0797900e+00
   2.0000000e+00  -2.9299418e-01   4.3613038e-01   5.0714170e-01  -6.4105417e-01   1.5763236e-01   7.4958506e-01
   1.0000000e+00   6.2086230e-01  -3.4316107e-01  -1.5194926e+00  -3.6739458e-01   8.2840228e-01  -4.5082275e-02
   1.0000000e+00   3.2673381e-01   7.5575316e-02  -1.3321626e+00   1.8833324e-01   3.1554015e-01   5.3518368e-01
   1.0000000e+00   2.3197672e-01   8.0591014e-01  -6.2800640e-01   1.1107141e-01   1.2509166e+00  -2.3850070e+00
   2.0000000e+00   7.6155144e-01  -9.9957724e-01   2.2102644e+00   7.7917861e-01   9.4577050e-01  -3.3002428e-01
   1.0000000e+00   2.5868411e-01   2.0664252e+00  -7.7712401e-01  -4.9487691e-01   1.0943720e+00  -1.0595902e+00
   2.0000000e+00   5.1872491e-01  -8.8707449e-02  -7.4845054e-01  -1.1642400e+00   1.1815810e+00  -7.3445838e-01
   1.0000000e+00   5.9039990e-01  -6.4405282e-01   1.3362496e+00  -4.9646997e-01   6.6312448e-01  -7.9100940e-02
   2.0000000e+00   3.0350217e-01   6.9497361e-02   1.4932659e-01  -1.1033234e+00   1.8193362e+00  -3.5851538e-01
   2.0000000e+00   1.3032281e+00  -1.4590302e+00   2.8976729e-01   1.0273579e+00   2.0121419e+00   2.0291098e+00
   2.0000000e+00  -1.2986583e+00   1.7821144e-01   8.1060676e-01  -2.4772199e+00  -3.5841398e-01  -1.4844102e-01
   2.0000000e+00   1.9748019e+00   1.2076414e+00  -2.5362867e-01   3.2989249e-02   1.1971605e+00  -4.1407152e-01
   2.0000000e+00  -9.9393321e-01  -1.2524268e+00   1.4383499e+00   5.0836479e-01  -1.7330140e+00   3.5788132e-01
   2.0000000e+00  -2.9820703e-02  -5.9644203e-01   9.1415930e-01   1.4490526e+00  -1.2860811e+00  -2.1153433e-01
   2.0000000e+00  -7.3742465e-01   4.6913684e-01   4.8338242e-01   5.9047713e-01  -1.3793139e+00   4.5146101e-01
   1.0000000e+00   2.1592963e-01   5.3985063e-01   1.4297944e-01   9.4575999e-01   6.8838731e-01   2.4750062e-02
   2.0000000e+00  -8.0602354e-01  -5.4347003e-01  -7.1678511e-01   5.2320988e-02   4.3345007e-01  -3.2977657e-01
   2.0000000e+00   2.3023846e-01  -8.7351584e-01   2.0730611e+00   1.3643510e+00  -7.9761463e-01  -2.3248161e-01
   2.0000000e+00   6.0838611e-01  -1.2551422e-01  -1.0359606e+00  -1.8072696e+00   1.2167105e+00  -9.7922400e-01
   2.0000000e+00  -2.4567110e-01  -5.4777038e-01   1.5220847e+00   4.5652850e-01  -1.2915256e+00   8.7246517e-01
   2.0000000e+00  -1.6134406e-01   4.4089058e-01   4.5038388e-02   1.0935503e+00  -8.0376667e-01   1.7592235e-01
   2.0000000e+00  -3.3161138e-01  -9.8819687e-01  -1.8195695e-01   1.1498539e+00  -1.0299460e+00  -1.5936783e+00
   2.0000000e+00  -1.1005464e+00   1.5089075e+00  -3.2361870e-01  -1.2773704e+00  -1.1094262e+00   8.9775301e-01
   2.0000000e+00   4.6521020e-01  -1.7235804e-01   1.6567763e+00   1.4519228e+00   4.6876627e-02  -1.0185342e+00
   2.0000000e+00   7.1697002e-01  -1.2768757e+00   4.6653889e-02   1.6032108e+00   2.0659123e-03  -1.6973805e+00
   2.0000000e+00  -1.5679553e-01   1.9311958e+00   4.2803012e-01  -1.5376309e-02  -6.4833979e-01   1.0835879e-01
   2.0000000e+00  -5.0546048e-02   1.2147311e+00  -1.2222670e+00   8.1521228e-01   2.0936643e-01   1.2677475e+00
   2.0000000e+00   1.1575776e-01   6.0669090e-01   8.7004193e-01  -1.2341331e+00   9.9839310e-01   6.0312338e-01
   2.0000000e+00  -6.1758225e-01   7.9629345e-01   5.7048141e-01   2.1651814e-01  -1.0077748e+00   4.4495323e-01
   2.0000000e+00  -3.5858333e-01   3.9253051e-01   1.2181033e+00  -1.2335333e+00  -2.3597085e-01   3.0905688e-01
   2.0000000e+00  -1.1122675e+00   1.7420233e+00   1.4528954e+00   4.8657470e-01   2.1874440e+00  -1.6445973e+00
   2.0000000e+00  -9.5880738e-01   1.5425771e+00  -1.4379994e+00   1.2045201e+00  -1.5200222e-01  -8.7491753e-01
   2.0000000e+00   1.3161577e+00   4.7262966e-02   1.7792079e+00  -4.7873324e-02  -1.3309701e+00   1.5396337e-01
   2.0000000e+00  -1.3198376e+00   4.1013632e-01  -6.7625398e-02  -1.1556314e-01   1.5468567e+00  -3.6890193e-01
   2.0000000e+00   8.7651997e-01   1.9409530e+00   1.3888255e+00   2.1921432e+00  -5.7343321e-04   1.7580552e-01
   2.0000000e+00  -1.7660747e-01  -1.0172818e+00  -1.2109936e+00  -9.8496493e-01   1.5234134e-01  -9.5241455e-02
   2.0000000e+00   1.3785106e+00   5.0305269e-01  -1.2733606e+00  -1.5545754e+00   3.2222470e-01   1.8579942e+00
   2.0000000e+00  -1.8170955e+00  -1.2483189e-01  -5.7150424e-01   7.5832924e-01   3.1017792e-01   2.0273334e-01
   2.0000000e+00  -1.9645816e+00   1.7928700e-01  -8.1302520e-01   2.4971180e-01  -1.2262298e+00  -3.6960529e-01
   2.0000000e+00  -1.5290705e+00   1.8208269e+00   1.6226699e+00  -2.8010345e-01   4.0012222e-02  -1.2514523e+00
   1.0000000e+00   8.3911443e-02   7.0750285e-01   1.3755643e+00  -5.1765905e-01   1.1771470e+00   2.8267498e-01
   2.0000000e+00   3.1289903e-01  -5.4717529e-02  -1.8933754e+00   1.1521282e+00  -1.0605038e-02  -1.7621228e+00
   2.0000000e+00  -8.7278595e-01  -8.4049648e-01  -3.5658789e-01  -9.2831160e-01  -2.1071846e-01   1.4318749e+00
   1.0000000e+00   4.7086124e-01   2.1130218e+00   1.1868295e+00   1.8256191e-01   7.2628456e-01  -5.9831942e-01
   2.0000000e+00  -1.8545740e-03   6.7253973e-02  -3.7318911e-01   1.6020812e+00  -7.9440805e-01  -3.3713389e-01
   2.0000000e+00   8.6485195e-01  -7.6306294e-01  -1.6178571e+00   9.0499109e-01   1.0838433e-01  -7.3359611e-01
   2.0000000e+00   1.0156272e+00  -2.2101389e+00  -3.0791677e-01   9.6147504e-01  -6.8151256e-01  -1.0627314e+00
   1.0000000e+00   5.5023638e-01   7.8676583e-01  -4.3917632e-01   2.4094216e-01  -6.8381480e-01  -2.8031347e-01
   1.0000000e+00   4.9769931e-01   6.9467277e-01   7.0074617e-01  -3.1341937e-01   1.5178387e+00  -6.4871662e-02
   1.0000000e+00   5.5210469e-01   6.1165006e-01  -1.2813723e+00  -8.2047771e-01   2.6727210e-01   6.6022143e-01
   2.0000000e+00   5.7433949e-01   4.8501249e-01   1.7175843e+00   1.0185578e+00   2.2391481e-01  -8.8914568e-01
   2.0000000e+00  -3.6866278e-01   9.5396105e-01  -1.0157541e+00  -1.9487544e-01  -3.2221535e-01  -2.0519905e+00
   1.0000000e+00   2.9671825e-01   4.6315449e-01  -4.7560417e-03  -4.4355553e-01  -1.5385747e-01  -1.7525881e-01
   1.0000000e+00   1.7054971e-01  -6.2615571e-03   4.6039683e-01  -6.8378570e-01  -1.1765129e-01   4.7139991e-01
   2.0000000e+00   1.5512786e+00   2.5621616e+00  -3.3857251e-01  -6.3519099e-01  -1.7966088e-01  -6.3354810e-01
   2.0000000e+00  -3.1927059e-01  -5.3636086e-01   5.8331612e-01   1.6300347e+00  -9.1814712e-01  -2.3912842e-01
   1.0000000e+00   3.5327278e-01  -1.8194680e+00   2.9808310e-01   4.1030674e-01  -2.5378371e-01  -1.7401089e+00
   2.0000000e+00  -3.3792090e-01  -3.6356918e-01  -5.6914418e-01  -5.2860343e-01  -5.2904646e-01  -1.6416186e+00
   2.0000000e+00  -5.3142365e-01   1.0902701e+00  -4.7514123e-01   3.2984434e+00  -2.2559313e+00   5.0341827e-01
   2.0000000e+00   1.1913509e+00   1.4718906e+00   9.2487356e-01   1.1625255e+00  -9.2186170e-01   1.8729606e-01
   2.0000000e+00  -1.5458544e+00   6.0486388e-01   1.1920503e+00   7.5830603e-01  -8.4037413e-01   1.6498136e+00
   1.0000000e+00   1.4191143e-01   5.3365151e-01  -3.1965007e-01  -6.2421440e-01   1.3368442e+00   1.1248120e+00
   2.0000000e+00  -5.2553546e-01   1.5454998e+00  -9.3039327e-01   8.1743139e-01  -2.3130141e-01   1.2524951e-02
   2.0000000e+00  -1.5393142e+00   1.0984607e-01  -1.4099983e+00  -2.5528825e-01   3.4147995e-01  -8.6321324e-01
   2.0000000e+00  -3.8624554e-01   2.1015151e+00   1.5621956e-01  -7.7930894e-03  -2.9298109e-01   1.3562715e-01
   2.0000000e+00  -8.8181568e-01   5.0337778e-01  -7.6794591e-01  -1.3851494e-01  -1.7366086e-01  -1.5977861e-01
   2.0000000e+00  -4.1731546e-01   6.4103150e-01  -2.6832488e-01   1.2279333e+00  -1.5180444e+00   6.3357945e-01
   2.0000000e+00   2.5913785e+00  -5.2285356e-01  -2.5685158e+00  -1.7425369e+00  -6.0867160e-01   6.6858935e-02
   2.0000000e+00   7.2694334e-01   5.7654500e-01  -1.4887647e+00   8.8083013e-01   4.4519506e-01   1.3066367e+00
   2.0000000e+00  -1.5280108e-01  -1.3045981e-01   1.2538471e-01   6.0712604e-01   1.0233847e+00  -2.2825421e+00
   2.0000000e+00  -6.6596665e-01   8.6484232e-01  -6.1481255e-01  -3.8975563e-01  -1.6525738e+00   5.4737753e-01
   2.0000000e+00   2.9119827e-02   4.4681428e-01   8.9212700e-01  -1.0970131e+00  -1.1951092e+00  -2.1588707e-01
   2.0000000e+00  -8.7499230e-01  -4.5655580e-01   1.8569903e+00  -7.1512892e-01  -8.0494364e-01  -6.8839372e-01
   2.0000000e+00  -7.3981265e-01   1.4620286e-01   1.3303242e+00  -6.0324960e-01   1.0652264e+00   3.9463323e-01
   2.0000000e+00   1.9478454e+00  -3.3967571e-01  -5.0449535e-01  -1.8956704e-02   1.5550450e+00   8.0995073e-01
   2.0000000e+00   8.1089583e-01  -7.8637002e-01   1.1009096e+00   1.1718846e+00  -9.3252018e-02  -2.9545886e-01
   2.0000000e+00  -6.1438651e-01   1.6619261e-01   7.9169452e-02   5.5186499e-01   5.4961492e-01   1.5294558e-01
   2.0000000e+00  -1.1019267e+00  -9.7236350e-01  -3.1258272e-01  -5.0457589e-01  -1.0780548e+00   2.0362169e+00
   1.0000000e+00   8.2200309e-01   1.4176583e+00   5.8149515e-01   5.5708651e-01  -4.9941515e-01   1.8272481e+00
   1.0000000e+00   2.9241301e-01   1.5938420e+00   9.4634583e-01   6.1599085e-01   1.4933785e-01  -1.8752039e+00
   1.0000000e+00   1.2038648e-01   4.3758028e-01   5.9731573e-02  -3.5714067e-01  -6.2667558e-01  -2.9066554e-01
   1.0000000e+00   5.4279422e-01   1.9511992e+00  -3.3039484e-01  -2.0190840e-01  -9.9649280e-02   3.6248041e-01
   2.0000000e+00   2.2462114e-01  -9.1873833e-01   8.1565754e-01   9.9333579e-01  -1.5204574e+00   5.4872755e-01
   2.0000000e+00  -1.3919821e-01  -1.5950191e-01   6.3464354e-01  -4.0472315e-01  -1.2772520e+00  -3.9075077e-01
   2.0000000e+00  -4.8962353e-01   9.6446322e-01   6.5934358e-01   1.3180599e+00   1.8984029e+00  -4.8060388e-01
   2.0000000e+00  -4.6527038e-01  -1.7433353e+00  -3.2292000e-01   1.3420413e-01  -1.0801895e-01  -1.1781080e+00
   2.0000000e+00   6.0107779e-01  -4.1933111e-01   2.8830963e-01  -8.9216834e-01  -1.3437820e+00  -1.1003110e+00
   2.0000000e+00   1.7361407e+00  -6.8417088e-01  -1.1382298e+00   9.4106126e-01   7.2109288e-01  -6.1279148e-02
   2.0000000e+00   2.0988798e+00   1.0035042e+00   3.2104982e-01  -7.9811756e-01  -9.5508072e-01  -1.3045173e+00
   1.0000000e+00   5.1955822e-01  -1.4452419e+00   1.9762159e+00  -7.7340119e-01   1.7831359e-02  -6.9747987e-01
   2.0000000e+00  -2.3160427e-01  -1.2715826e+00  -4.5348742e-02   3.2435531e-01   7.1374805e-01   5.5729164e-01
   2.0000000e+00   1.2597025e+00   8.9731985e-01   3.3567763e-01  -1.0770070e+00  -9.1512730e-01  -7.2244156e-01
   2.0000000e+00  -6.3751214e-01   5.9965866e-01   3.3678946e-01  -9.4287670e-02  -4.9272813e-01  -8.5235174e-01
   2.0000000e+00   3.2328661e-01  -1.2853226e+00  -1.4080479e-01   1.0429668e+00   2.5064758e+00   2.2373023e+00
   2.0000000e+00   1.0051878e+00  -2.0867191e-01  -1.0055931e+00   7.2292123e-01  -7.6236626e-01  -1.5273546e+00
   1.0000000e+00   9.3085528e-01   8.0821222e-02   9.7303148e-01  -3.0604514e-01   5.1647389e-01  -3.4148786e-01
   2.0000000e+00  -3.2436032e-01  -1.1687789e+00   2.1418684e-02   3.2059277e-01   1.5216884e+00  -1.2407501e+00
   2.0000000e+00  -1.1579617e+00   2.0072110e+00  -1.3998340e+00   5.6035792e-01   3.8862571e-01  -3.6991117e-01
   2.0000000e+00  -1.1525921e+00   3.8968970e-01   2.8418348e-02  -3.5659530e-01   7.9480855e-01   1.7372116e+00
   2.0000000e+00   3.4608475e-01   1.0746141e+00   1.4144285e+00  -1.1789006e+00  -2.3264068e+00   3.9160112e-01
   2.0000000e+00  -2.3242752e-01   8.3722703e-01   1.0149336e+00  -1.1149530e+00   1.5096591e+00   3.9073883e-01
   2.0000000e+00  -7.5925456e-01   7.2793618e-01   7.1233031e-01   1.4583476e+00  -9.3166617e-02  -5.7388299e-01
   2.0000000e+00  -9.9078298e-01   7.1717238e-02   1.5985365e+00   9.6930523e-01   1.1449527e+00   1.0013879e+00
   2.0000000e+00   9.8707288e-01  -8.6668262e-01  -3.5942015e-01  -9.6356743e-01   4.8182199e-01   1.5443997e-01
   2.0000000e+00  -1.1477233e-01   1.2441607e+00  -1.6086799e+00   2.8664360e-01  -1.2356913e+00   1.1657754e+00
   2.0000000e+00  -4.1475076e-01  -1.6662616e+00  -2.8320433e-01  -1.4913362e+00  -7.2654637e-02   4.9070248e-01
   2.0000000e+00   1.2939454e+00   9.5557817e-01  -1.4566483e-01   9.9213331e-01  -1.4601786e+00   1.2094272e+00
   2.0000000e+00  -1.3756392e+00  -8.5515237e-01  -2.2381466e-01   9.6267259e-01  -7.9743920e-01  -1.3577836e+00
   1.0000000e+00   4.1928234e-01  -1.6507172e+00   1.1011205e-01   6.4173900e-02   3.3314822e-01   3.2572387e-01
   2.0000000e+00  -1.1315671e+00   6.5184705e-01  -1.2769099e-02  -4.4338575e-01  -5.2031236e-01  -7.2076694e-01
   1.0000000e+00   3.1361932e-01   7.7936089e-01  -6.0153195e-01  -2.7914505e-01  -9.0114372e-01  -1.0700742e+00
   1.0000000e+00   6.7298184e-01  -2.7354114e-01   9.2615650e-01   1.2250004e-01   1.6509727e-01  -1.8892670e+00
   1.0000000e+00   6.2775575e-01  -7.4590368e-01  -3.2971254e-01  -6.8894633e-01  -1.9850956e-01   1.4115842e+00
   2.0000000e+00   1.4623371e+00  -4.0343796e-02   3.1296971e-01   1.3204275e+00  -1.5281787e-01   1.9288868e+00
   2.0000000e+00  -9.9708066e-01  -1.3340334e+00   1.4542319e+00   7.6010957e-01  -1.7000225e+00  -8.5446579e-01
   2.0000000e+00   1.1229286e+00  -3.7547092e-02   8.1975809e-02   5.8393485e-01   9.2478396e-01   7.5648163e-01
   2.0000000e+00   7.7752177e-01   1.2525090e+00   3.5645486e-01  -1.0043337e+00  -1.1958998e+00   1.3743187e+00
   1.0000000e+00   7.8925010e-01   2.4890044e-01  -1.6657127e+00   5.3210441e-01   4.8245144e-02   1.2331725e+00
   2.0000000e+00  -8.1753556e-01  -1.4630804e+00   1.2547528e+00   3.2625179e-01   7.9313212e-02   1.6845346e+00
   2.0000000e+00   7.0446091e-01   8.4568555e-01   1.2562750e+00   1.0788193e+00   9.7779726e-01  -3.5025123e-01
   2.0000000e+00  -1.9756995e-01  -7.9233332e-01  -4.2461373e-01  -1.5812140e+00   3.7154915e-01   1.5535414e-01
   2.0000000e+00  -1.9449634e+00  -2.6827309e-01   8.6447908e-01  -8.2063140e-01  -1.1593861e+00  -2.0143100e+00
   2.0000000e+00   5.2086088e-01   6.3282390e-01  -8.1155445e-01   1.9789940e+00   7.0048310e-01   1.9031948e+00
   1.0000000e+00   3.4554979e-01  -8.1526790e-01  -1.4010636e+00  -4.1359943e-01   3.2596488e-01   1.2174857e+00
   2.0000000e+00  -3.9163007e-01  -1.4134887e-01   1.1916531e+00   5.1031607e-01  -1.8780289e+00   3.9054710e-01
   2.0000000e+00  -1.9198643e-01   2.0175392e-01   1.5957979e-01  -1.7714948e+00   1.2780917e+00  -1.1700384e+00
   2.0000000e+00  -1.4770372e+00  -2.2424094e-01  -5.8422168e-01  -2.1107904e+00  -1.4707934e-01   1.2971941e-01
   2.0000000e+00  -2.7764487e-02   6.3296287e-01   1.4491173e+00  -2.1825727e-01   8.6757172e-01  -4.9598080e-01
   2.0000000e+00  -6.5328745e-02   5.4027323e-01  -2.1198692e-01  -1.0565287e+00   7.2304775e-01  -3.1538685e-01
   2.0000000e+00  -1.5925382e+00   5.4642727e-01   1.1198280e-01   1.3079664e+00   1.4350958e+00  -7.9966593e-01
   2.0000000e+00   5.5432595e-01  -9.6203721e-01  -3.2751859e-01   1.0652932e+00  -1.0263603e+00  -1.3525574e+00
   2.0000000e+00  -2.1669845e-01   3.3271831e-01  -4.3736165e-01   6.4870331e-01   1.2583889e+00   3.9426849e-01
   1.0000000e+00   2.1650682e-01  -1.0432739e-02   1.9334165e+00  -5.4479799e-01  -1.4921947e+00  -9.2153323e-01
   2.0000000e+00  -4.3055387e-01   2.1115921e-01   9.2793533e-01  -7.0700102e-01  -8.7059264e-01  -2.3927955e+00
   1.0000000e+00   5.5865578e-01  -7.7376170e-01   2.8477237e-02  -3.3092965e-01  -8.8632885e-01  -1.1130363e+00
