   2.0000000e+00  -1.1075231e+00   1.2113223e+00  -8.6869643e-01  -1.1616665e+00  -1.4904901e+00  -1.1996686e+00
   2.0000000e+00  -1.9308233e-01  -1.8997761e+00   6.5749667e-01  -1.2763834e+00  -1.2236730e-01   1.8855546e+00
   2.0000000e+00  -3.8696630e-01   7.5300646e-01   7.4193960e-02  -2.0388113e+00  -2.1760527e+00   3.5370734e-01
   2.0000000e+00  -5.5255583e-01  -2.1127380e+00   3.2030035e-01   2.0569259e+00   2.0359048e-01  -1.4641007e+00
   2.0000000e+00   1.2122068e+00  -7.7111641e-02  -1.3618042e+00  -1.1392337e+00   1.0275862e+00   7.4476948e-01
   2.0000000e+00   2.1377649e+00   8.5911387e-01   7.3386326e-01  -7.4752738e-01   3.0605477e-01  -1.0714169e+00
   2.0000000e+00   1.0085589e+00   2.3660799e-01   1.2680879e-01   1.2940256e+00  -6.5994603e-01  -1.0368507e+00
   2.0000000e+00   2.6669035e-02  -5.3879124e-01  -8.6740081e-01   1.0165623e+00  -1.0102182e+00  -1.4237609e-01
   2.0000000e+00  -4.5611248e-01  -4.7650838e-01   1.0741243e+00   3.7296579e-01   2.2815965e+00  -4.4122186e-01
   2.0000000e+00   4.2524207e-01  -2.2827692e-01  -5.8556522e-01  -2.2830018e+00   7.1043381e-01  -1.0526286e+00
   2.0000000e+00   7.2401045e-01  -7.6750652e-01   8.9864692e-01   8.2982828e-01  -9.8096731e-01  -2.3013608e-01
   2.0000000e+00   1.0688182e+00  -9.1412275e-01   4.1991127e-03  -8.1666834e-01   6.8430933e-01   3.2535867e-01
   2.0000000e+00   9.5019782e-01  -1.0233372e+00   2.5257358e+00  -1.2490560e+00  -7.4119146e-01  -9.8686489e-01
   2.0000000e+00   1.4578597e+00   6.8339545e-01  -1.1883762e+00   7.1504754e-01   9.2955367e-01  -9.2002467e-01
   1.0000000e+00   1.5101861e+00  -1.8523095e-01   3.4445338e-01   3.5284504e-01  -3.9476996e-01   3.0053102e-02
   2.0000000e+00  -1.0969265e+00  -3.2988357e-01   1.7175397e-02   1.6526522e+00   9.0009753e-01   9.9913773e-02
   2.0000000e+00  -1.2907238e+00   5.0648207e-01  -2.1341335e+00   2.0550024e+00  -7.8466862e-01   3.6440368e-01
   1.0000000e+00   2.3515754e+00   1.0158324e+00  -2.1784832e+00   1.5897041e-01  -6.6376666e-01  -2.8055787e-02
   1.0000000e+00   1.2315288e-01  -1.8407475e-01  -1.5108166e-01   4.5093527e-01   7.7367088e-01  -9.9538724e-01
   2.0000000e+00  -1.1243587e+00   7.6155187e-01   1.0702189e-01   5.6511411e-01  -1.1134694e+00  -1.5299931e-01
   1.0000000e+00   4.3268225e-01  -1.1441755e+00  -2.1376689e+00   2.2090369e-01  -1.2102414e-01   1.6034127e-01
   2.0000000e+00   4.6182359e-01  -3.7142635e-01  -2.2299572e+00   5.3830199e-01  -1.6599983e+00  -1.3740135e+00
   2.0000000e+00  -3.9736556e-01  -1.9136056e+00   1.4489127e+00   3.6612550e-01   1.3354210e+00   4.1522603e-01
   2.0000000e+00  -3.0968715e-01   2.8416425e-01  -7.5306374e-01  -1.0259182e+00  -1.2559027e+00   1.1073236e+00
   2.0000000e+00  -4.0744841e-01   3.6902477e-01   4.4775567e-01   8.0888683e-01  -2.2893674e+00  -5.3254308e-01
   2.0000000e+00  -7.5002719e-01   1.0041547e+00   1.7413929e+00   8.0905912e-01  -1.0881827e+00   1.2189923e+00
   2.0000000e+00  -1.1311453e+00   4.8101101e-01  -4.9210172e-01  -8.9132926e-01   2.9543898e-01   6.8840267e-01
   2.0000000e+00  -2.4739500e-01  -3.1488348e+00  -5.0892415e-01  -1.6120234e+00   1.2585000e+00   6.9605590e-02
   2.0000000e+00  -1.5534288e+00   5.1491318e-02   6.7701762e-01  -9.2486422e-01   2.9670739e-01   1.0039724e+00
   2.0000000e+00  -2.5384165e+00   6.4380645e-01   1.9214670e-01  -1.3065974e-01   2.9129113e-01  -2.1132301e+00
   2.0000000e+00  -1.6883662e+00   4.1006923e-01  -6.9102344e-01   9.6355594e-01   1.3912692e+00   1.5069098e+00
   2.0000000e+00   1.3189927e+00   4.2746124e-01   1.7431769e+00  -5.8618019e-01   1.2558755e+00   2.6853988e-01
   2.0000000e+00   5.7748322e-01  -9.1509967e-01  -8.1486697e-01   1.4599852e+00   2.6663663e-01  -2.5724910e-01
   2.0000000e+00  -9.5181993e-01  -6.6873032e-01   1.4401715e+00  -1.6212651e+00   7.7251880e-01  -1.3805830e+00
   2.0000000e+00  -1.8367627e+00   7.0060116e-01   7.4414596e-01  -9.1662660e-01   1.1875025e+00  -1.3815499e+00
   2.0000000e+00   3.3306510e-01   8.0806663e-02  -5.7134452e-01  -7.6690535e-01  -6.9937031e-02   9.8868631e-03
   2.0000000e+00  -1.0818967e+00   1.3556621e+00  -5.0509894e-01   1.0552734e+00  -4.7689060e-02   1.9843920e-01
   1.0000000e+00   6.0029988e-01   1.8640967e+00  -1.4173603e+00   9.5487700e-01  -2.7346196e-01  -2.1038451e-01
   2.0000000e+00   2.1046765e-01  -1.2598843e+00   7.9401009e-01  -1.5771447e+00  -4.7811908e-01  -1.1334810e+00
   2.0000000e+00   1.2369887e+00  -1.0715393e-01   4.9383803e-02  -4.6477690e-01   8.4314862e-01  -1.3492768e-01
   2.0000000e+00  -4.8354506e-01  -1.5458198e+00  -2.6979190e-01  -5.3960297e-01  -8.1392147e-01   3.8740429e-01
   2.0000000e+00  -9.6310561e-01   7.3563670e-01   2.3648102e-01  -1.5629678e+00   3.6024041e-01   1.4937275e+00
   2.0000000e+00   4.9364227e-01   7.0332696e-01  -1.5146167e-01  -4.9348243e-03   1.5302514e-01  -1.4127605e+00
   2.0000000e+00  -2.7783498e-01  -1.0749206e+00   1.3916107e-01  -4.6958110e-01  -6.0616575e-01  -1.0826203e+00
   2.0000000e+00  -8.2238355e-01   8.8060111e-01  -1.8819449e+00   1.1874711e+00  -8.0005669e-01  -1.0869664e+00
   2.0000000e+00  -7.2383282e-01  -3.7973942e-01   4.9600324e-01   7.1391652e-01  -2.1294805e+00   7.0563326e-01
   2.0000000e+00  -1.3208863e+00   1.5563078e-01   1.7892393e-01  -4.1462791e-01  -6.1128682e-01  -5.2488877e-01
   2.0000000e+00  -2.5664948e-01   2.5785490e+00   1.0287296e+00   1.5717906e+00  -9.6762948e-01  -1.0170184e+00
   2.0000000e+00  -8.3417836e-01  -1.8272974e-01   5.9072210e-02   6.1276922e-01  -9.5738202e-02  -2.3584287e+00
   2.0000000e+00   1.1616891e+00  -1.3479928e-01  -3.1101987e-01  -1.0395240e+00  -9.5718244e-02   6.2804949e-01
   2.0000000e+00  -1.5170004e+00   2.3135594e-02  -7.4807922e-01   1.5633952e+00  -1.5782274e+00  -1.7538100e-01
   2.0000000e+00  -2.4349184e+00   1.6910705e+00   2.0464131e-01  -4.1407479e-01  -6.0720261e-01  -8.7768695e-01
   2.0000000e+00   2.2224395e+00   2.2810304e-01   2.7498757e-01   3.3109406e-01   9.9489907e-01  -5.6405408e-01
   2.0000000e+00  -6.3806967e-01  -2.8170134e+00   1.6998470e+00  -5.0352765e-01  -9.1422953e-01   1.1674357e+00
   2.0000000e+00   1.6614453e+00  -5.4869852e-01   1.6155576e+00   1.3173094e+00   2.1155284e+00  -1.0791662e-01
   2.0000000e+00   3.3802024e-01  -1.5663235e-01  -5.8548963e-01  -4.6627464e-01  -9.0363732e-01   2.6259170e+00
   2.0000000e+00   1.4580593e-01  -8.7905449e-01  -1.2737799e+00  -2.9475989e-01   3.0746869e-01   1.6161547e-01
   1.0000000e+00  -1.3844357e+00  -1.3717556e+00   1.0697755e+00   5.8465266e-01   6.0974217e-01  -1.1983695e+00
   2.0000000e+00  -4.4978580e-01  -7.4142146e-01   4.1989510e-01  -2.7411057e-01  -2.0239710e+00   2.7573957e+00
   2.0000000e+00  -5.6572021e-01  -1.2629614e+00   9.8070086e-01   5.3544360e-01  -1.8442006e+00   1.5032080e+00
   2.0000000e+00  -7.6900059e-01   1.0422511e+00   6.8232733e-01  -1.9979468e-01   7.6660512e-01  -1.8350423e+00
   2.0000000e+00  -9.2029881e-01   9.7909856e-01   1.4170154e+00   3.0338139e-01  -1.1706065e+00  -2.9317205e-01
   1.0000000e+00  -8.1824477e-01   9.1699275e-01  -1.6343408e-01   1.7485948e-01  -6.1845968e-01  -8.7159242e-01
   2.0000000e+00   6.1717181e-01   1.1147342e+00  -6.3810379e-01  -5.5692145e-01  -1.2703705e-01  -1.3936044e-01
   2.0000000e+00   1.1167809e+00   6.2990789e-01  -1.0574566e-01  -2.4837071e-01  -1.8766034e-01  -9.9782643e-01
   2.0000000e+00  -4.0895114e-01  -2.4283515e-01   4.4927857e-01  -1.1911639e+00   8.0189033e-01   3.3732224e-01
   2.0000000e+00  -7.7415914e-01  -1.5872698e+00   1.5310225e+00   1.4017103e+00  -1.4086620e-01   3.5634513e-01
   2.0000000e+00   1.3214755e-01   8.3919348e-01   5.1445058e-01   8.6939532e-01  -8.9189899e-01  -7.2469301e-01
   2.0000000e+00  -1.5035061e+00   9.3742450e-01  -1.3226287e-01   1.8003434e+00   6.7003468e-01   8.1928789e-01
   2.0000000e+00   1.0267890e+00   8.7535809e-01   2.4294831e-01   1.4825624e+00  -5.6881124e-01   1.9468381e+00
   1.0000000e+00  -1.2410666e-01  -6.8272967e-01  -1.0200711e+00   5.3024882e-01  -1.7960626e-01  -7.3736972e-02
   2.0000000e+00  -1.2121229e+00  -1.9832639e-01   1.8486797e+00  -1.0423396e-01   8.9146703e-01   1.2654992e-01
   2.0000000e+00  -6.5127238e-01  -6.2999600e-01  -2.7334698e-01  -4.5848483e-01  -1.2111973e+00  -9.8685640e-01
   2.0000000e+00  -1.1149837e-01   1.1427605e+00   1.5303553e+00  -3.9400084e-01   1.0676012e+00  -3.0788651e-01
   2.0000000e+00  -3.8408258e-01  -3.0281871e-01   5.8905996e-02  -6.4643432e-01   1.0904244e+00   1.2960682e+00
   2.0000000e+00  -7.1602208e-01  -1.3349410e+00   2.5558754e-01  -1.6245759e+00  -9.0449407e-01   3.5020198e-01
   1.0000000e+00  -6.6299826e-01   2.6999325e-01  -1.4433325e+00   1.2207412e-01  -2.9037728e-01  -2.0754037e-01
   1.0000000e+00   7.8055966e-01   4.0895328e-01   2.1272414e-01   4.6978438e-01   1.8276643e-01  -1.5031744e+00
   2.0000000e+00  -1.3225076e+00   2.2491287e+00  -9.9477929e-01   1.7175172e+00  -1.2753651e+00   1.4028457e+00
   2.0000000e+00  -3.1276719e-01   7.7108647e-01  -1.7231695e-01   9.9392628e-01   5.7847852e-01  -1.3298978e+00
   2.0000000e+00   1.2032816e-02   7.7081418e-01   6.1857326e-01   1.7892519e+00   1.0761017e+00  -4.5415227e-01
   2.0000000e+00  -6.7076561e-01   1.3511193e+00   1.2395611e+00  -2.7581668e-01   1.5360504e+00   1.2808951e+00
   2.0000000e+00   1.3511443e+00  -5.6802937e-01  -3.0531005e-01   7.6439397e-01  -9.7524634e-01   8.6001058e-01
   2.0000000e+00   3.9814295e-01   9.5761642e-01  -9.0992409e-01  -7.6698536e-02   1.7769537e+00   7.8131309e-01
   2.0000000e+00  -1.6059101e+00  -1.3467121e+00  -9.7068122e-01  -1.5812357e+00  -1.1800606e+00   1.4838460e+00
   2.0000000e+00  -3.3663517e-01  -1.6293228e-01  -1.3652086e+00   9.8712802e-01   2.3409980e-01   1.6856449e+00
   2.0000000e+00  -1.4338986e-01   6.9868838e-01  -7.1258709e-01  -1.0604375e+00   4.0951216e-01   4.7600378e-01
   2.0000000e+00  -1.0900154e+00  -1.4578137e+00  -4.4451196e-01   4.0325206e-01  -3.4472244e-01  -3.1070063e+00
   2.0000000e+00   1.8245961e-01  -8.1324555e-01  -1.1418451e+00  -6.5507231e-01  -1.8741334e+00   8.0585083e-01
   2.0000000e+00  -4.7794884e-01  -5.4445043e-01   1.2309257e+00   5.9362342e-01   8.2760220e-01  -1.1149062e+00
   1.0000000e+00   3.1552938e-01  -2.5834970e-01   1.3772692e+00   2.6957641e-01  -6.6114260e-01   9.9868201e-01
   2.0000000e+00   1.7787627e+00   6.9376438e-01   3.5787843e-02  -5.4198509e-01  -1.2325899e+00  -5.6157322e-01
   1.0000000e+00   1.2913287e+00  -2.7600097e+00  -1.5463933e+00   7.3569458e-01  -5.9132557e-01   2.3638393e-01
   2.0000000e+00   8.9279720e-01  -5.1878370e-01  -1.8698470e-02   6.4472979e-01  -8.3657091e-01   5.6608086e-01
   2.0000000e+00  -1.4724486e+00   1.1863786e+00   4.5302153e-02  -1.5748791e+00  -6.3877428e-01   7.7657061e-01
   2.0000000e+00  -7.4183293e-01  -9.2127062e-01   8.4527744e-01  -1.4850882e-01  -6.0048287e-01   5.2982666e-01
   1.0000000e+00   1.0364667e+00  -7.1296721e-01  -1.4186851e+00   2.1743173e-01  -2.2293280e-01   1.0974952e+00
   2.0000000e+00  -4.3015141e-01  -1.1350216e+00  -1.5714048e+00  -5.2272664e-01   1.7684788e+00   6.4478691e-01
   2.0000000e+00   1.6986463e-01  -1.1367244e-01   6.2964924e-01  -2.8016589e-01  -3.1658297e-01   3.1335039e-01
   2.0000000e+00  -6.5363203e-01   1.8211801e+00  -6.3107650e-02   1.9908824e+00  -1.5789405e+00   1.2240057e+00
   2.0000000e+00   9.0930677e-01  -8.4234336e-01   9.6506738e-01  -6.9354879e-01   1.9189172e+00  -8.7068238e-01
   1.0000000e+00   5.5401940e-01   9.0436975e-02  -6.9663892e-01   7.0795555e-01   2.1041592e-01  -1.0944594e+00
   1.0000000e+00   7.7524508e-02  -9.8867681e-01  -1.3849585e+00   3.8590951e-01   5.9662949e-01  -1.6383499e+00
   2.0000000e+00  -2.4119756e-01  -1.1813386e+00   3.6610159e-01  -6.6932444e-01  -5.9407329e-01  -9.6640330e-01
   2.0000000e+00  -2.6835145e-01  -4.9399134e-02  -2.5649766e-01   1.4373892e+00  -5.5198005e-01  -4.1050102e-01
   2.0000000e+00  -1.6300864e+00  -2.0389078e+00   9.4582492e-01   1.4646577e+00   9.6373459e-01   2.5938239e+00
   2.0000000e+00   1.6123260e+00   1.4644464e-01  -6.4332637e-01   4.5168669e-01  -1.3251121e+00   1.5651486e+00
   2.0000000e+00  -3.0648736e-01   1.0548454e-01  -1.4691704e-01  -4.4032884e-01  -1.3109396e+00   5.8227554e-01
   2.0000000e+00  -2.8841886e-01   5.7955974e-01  -9.9654252e-02  -1.6990592e-01  -1.0479690e+00  -1.9598907e-01
   2.0000000e+00  -6.9183929e-01  -1.7380936e+00   5.2966625e-01  -9.8351067e-01   1.7462838e-01   2.0440372e+00
   2.0000000e+00   7.5201122e-01   3.1408421e-02   1.6586219e+00  -9.7825465e-01  -6.3016649e-02  -3.9888212e-01
   1.0000000e+00   1.7595045e+00   1.4708944e-01  -6.2187145e-01   9.1707276e-01   1.3192606e-01   1.1290083e+00
   2.0000000e+00   4.3924452e-01   8.9041231e-01  -1.3293663e+00  -4.1810070e-01   1.0244648e+00   8.3090861e-01
   2.0000000e+00  -1.2279666e+00   1.1210207e+00  -7.7302248e-02  -4.2397625e-01   8.2918012e-03  -2.9695590e-01
   1.0000000e+00   8.2194528e-01   6.7177779e-01  -2.9920506e-01   4.3636322e-01   4.8984844e-01   3.9735223e-01
   2.0000000e+00   8.2106352e-01   1.3998261e+00   7.2216139e-01  -1.4522337e+00  -8.9022023e-01   2.9488848e-01
   1.0000000e+00  -6.9438036e-01   7.9492865e-02  -5.3979108e-01   7.7765760e-01   3.8320646e-01  -9.5035935e-01
   2.0000000e+00  -1.0129950e+00   1.0080577e+00   3.5277841e-01  -1.1296257e+00   4.9991968e-01   8.9341973e-01
   2.0000000e+00   9.9768332e-01  -1.3679523e+00   8.6449605e-01   1.2128391e+00   5.3340171e-01   2.1106458e+00
   2.0000000e+00  -1.5652473e+00  -2.8166299e-01   9.0481531e-01   9.9397492e-01   4.1309886e-01   1.5704472e+00
   2.0000000e+00   1.8631332e+00  -1.0641746e+00  -6.3135093e-01  -1.7884946e-01  -2.0785332e-01   3.8396648e-01
   2.0000000e+00  -7.9871412e-01   7.9654819e-01  -5.1442612e-01   1.4272519e+00  -1.5319751e+00   3.8621324e-01
   1.0000000e+00  -8.5025362e-01   3.9834404e-03  -2.7787879e+00   3.5201823e-01   6.3869781e-01  -1.5589029e+00
   2.0000000e+00   1.5720945e+00  -1.4981522e-02  -8.1040085e-01  -1.2260111e-03   3.2888373e-01   6.1950660e-01
   2.0000000e+00  -7.7112483e-02   1.2243312e-01  -1.5885676e-01   1.0125976e+00   1.1716999e+00   1.0652050e+00
   2.0000000e+00   3.0355491e-01  -9.5891188e-01   1.5364232e+00   1.9135456e+00   3.0859503e-01   8.7123765e-01
   2.0000000e+00   3.9666328e-01  -8.2259897e-01  -7.7040480e-01   1.4472088e+00   1.9862544e+00  -1.2956185e+00
   2.0000000e+00  -6.6290329e-03  -1.3103707e+00   6.1657441e-02   2.5502728e+00  -9.2494566e-01   3.1266948e-02
   2.0000000e+00  -2.2973029e-01   2.2191608e-01  -4.2649248e-01  -1.8896286e+00   5.4351759e-02  -9.7438204e-01
   2.0000000e+00   2.0498026e+00   1.2450242e-01  -6.7835988e-01  -1.4252235e+00  -1.2695312e+00  -1.5485944e+00
   1.0000000e+00  -1.3218594e+00  -3.6236118e-01  -2.4713887e+00   5.3856008e-01  -4.8724040e-01  -8.2820449e-02
   2.0000000e+00  -1.1755924e+00  -1.2772618e+00  -2.8604020e-01   1.6237466e+00   6.4326400e-01  -6.1104585e-01
   1.0000000e+00  -1.6926952e+00  -7.4739756e-01  -6.3168139e-01   3.1743297e-01  -3.1379100e-01   2.5880334e-01
   2.0000000e+00   8.8264544e-01   1.0482318e+00   1.5340320e+00  -1.0783368e+00  -6.0318719e-01  -7.2005165e-01
   2.0000000e+00   3.7100303e-01  -1.4833180e+00   1.1685432e-01   1.4705971e+00   1.3190467e+00   1.7041010e-01
   1.0000000e+00   1.0746512e+00  -3.5594221e-01  -9.4584522e-02   8.2766163e-01   3.7144853e-01   6.6336557e-01
   2.0000000e+00  -8.1331934e-02  -5.6482166e-01   3.5387774e-01  -3.3246974e-01  -2.8831558e-01  -1.2161874e+00
   2.0000000e+00   1.3192909e+00  -1.2324878e+00   1.7371077e+00  -7.5127211e-01   2.1727190e+00   3.2028899e-01
   1.0000000e+00  -3.8287291e-01  -1.5803646e-01  -7.7861747e-01   3.0219299e-01  -3.7334626e-01   1.1505057e+00
   2.0000000e+00   2.1796484e+00   6.9525585e-01  -9.9027320e-02  -4.5248304e-01   5.1710734e-01   7.8589911e-01
   2.0000000e+00  -6.1143910e-01  -6.9047570e-01   1.8345048e+00  -1.8067170e+00  -2.7146026e-01   7.7329761e-01
   2.0000000e+00   1.5660481e+00   4.3326152e-01   9.4084127e-02  -5.9525418e-01   3.6428611e-01  -2.9341289e+00
   2.0000000e+00  -1.4345007e+00  -3.0834594e-02   1.3669198e+00   2.1048799e+00   7.1438107e-01  -1.1589831e+00
   1.0000000e+00   3.5281358e-01   2.7683953e-01   1.0954545e+00   1.8583110e-01  -3.7518939e-01   3.3987699e-01
   2.0000000e+00   1.9093101e+00  -1.2865985e+00   8.3034003e-01   2.4829884e+00  -6.2165312e-01  -7.4419409e-01
   2.0000000e+00   2.3111071e-01  -3.1197826e-01   3.9331320e-01  -7.9296603e-01   1.4877375e+00  -2.1180027e-01
   2.0000000e+00   1.9688896e+00  -3.0058391e-01   4.1010846e-01   1.6266006e+00   1.5411828e-02   1.2511344e+00
   2.0000000e+00  -1.8363719e+00  -4.2254605e-01  -6.1642299e-01  -2.7133917e-01  -9.5695026e-01  -1.1597273e+00
   1.0000000e+00  -1.2202508e+00   3.0218490e-01  -1.8574806e-01   6.9481795e-01   6.7627750e-03   1.2359878e-01
   2.0000000e+00   1.3248039e+00  -4.1987013e-02  -7.3015875e-01  -2.9176135e+00  -9.7269196e-01  -8.6266708e-02
   1.0000000e+00  -2.6993166e-01  -6.6594733e-01  -2.3079492e-01   4.0162171e-01  -5.7298199e-01  -8.0579634e-02
   1.0000000e+00   3.7537052e-01   1.4019152e+00   1.4945941e+00   1.9035961e-01  -3.5584871e-01  -4.1525555e-01
   2.0000000e+00   9.6664803e-03  -5.0189471e-01   9.6465117e-01   2.1029849e-01   1.4551804e+00  -4.8194580e-01
   1.0000000e+00   1.6755296e+00   1.5142876e+00   9.4897290e-01   5.9909677e-01   2.1253728e-01   1.4733034e-01
   1.0000000e+00   6.8146892e-01  -4.7976289e-01  -1.5512081e-01   3.1929582e-01   3.1601766e-01   3.0852667e-01
   2.0000000e+00  -4.2001624e-02   1.1200950e+00   2.1835232e-01   9.4214939e-02   1.1655544e+00  -9.5940952e-01
   2.0000000e+00   6.9684951e-01   8.0971786e-01   3.9175006e-01  -4.0874948e-01  -2.6752380e-01   9.5292621e-01
   2.0000000e+00   4.9668040e-01   6.5996419e-01  -1.0364602e+00  -3.6108101e-01  -2.0085238e+00  -1.4003400e+00
   2.0000000e+00  -1.0928182e+00   4.0576051e-02  -3.8906125e-01  -6.0304424e-01  -8.5170408e-01  -7.2358620e-01
   2.0000000e+00  -4.5641544e-01   1.0393001e+00   7.2448720e-01  -2.5439112e-01   1.3271923e+00   1.0411732e+00
   2.0000000e+00   3.2522883e-01  -7.1844156e-01   5.0946688e-01  -2.0683018e+00   7.0980356e-01  -6.9229237e-01
   2.0000000e+00   7.9858912e-01  -6.7416855e-01   1.0093108e+00  -1.3676255e+00  -1.2592373e-01   2.9106949e-01
   2.0000000e+00   2.4594413e-01  -2.0328762e+00   2.1052084e-01  -4.2983870e-01   4.9720955e-01   1.5361499e+00
   2.0000000e+00  -1.4956065e+00  -3.4023252e-01  -6.8439815e-01  -9.5466546e-01  -3.8541142e-01   8.0201983e-01
   2.0000000e+00   3.5369406e-01  -4.6718940e-01   4.3904411e-01  -6.7146214e-01  -1.0918755e+00   2.9443672e+00
   1.0000000e+00   1.2179577e+00   6.0657948e-01  -8.9981111e-01   7.8509602e-01   1.7857359e-01   5.5579532e-01
   2.0000000e+00   5.9811066e-01  -9.4916804e-01  -1.4771017e+00   9.1538150e-01   6.1651493e-01  -1.0882278e+00
   2.0000000e+00  -1.0910056e+00   7.5834061e-01  -4.7083460e-01  -9.0415506e-01  -9.7655608e-01  -2.3808347e-01
   2.0000000e+00  -7.8929135e-01   1.8898616e+00  -1.1200424e+00   4.7514584e-01  -1.3007036e+00   1.2384301e-01
   2.0000000e+00  -2.0325991e-01  -4.6020000e-01   8.0670990e-01   1.2668621e+00  -3.8204392e-01  -2.4595094e-01
   2.0000000e+00   2.0401545e-01  -5.6440684e-01  -7.8477612e-01   3.3069370e-01  -1.9053931e+00  -4.5760407e-01
   2.0000000e+00   1.7993630e+00  -4.1256778e-01  -7.1561585e-01  -3.7906897e-01  -1.4378856e+00   1.2017307e+00
   1.0000000e+00   2.2457228e-01   7.1956388e-01  -4.7316469e-01   2.4162506e-01   1.7706156e-01  -2.9054415e-01
   2.0000000e+00   7.3226000e-01   9.7057345e-01  -1.0150445e+00  -1.1494619e+00  -1.3199801e+00   6.6989921e-01
   2.0000000e+00   4.0248342e-02   1.0576215e+00   7.8364269e-01  -3.6707428e-03  -8.1246293e-01   1.5805090e+00
   2.0000000e+00   7.6799910e-01  -2.4528854e-01  -8.2922337e-01   1.0008414e+00  -7.8517883e-01  -3.1275256e-01
   2.0000000e+00  -3.1439061e-01   8.1023379e-01   3.6214381e-01   1.4439851e+00  -2.7512052e+00   6.6626246e-01
   2.0000000e+00   2.3226660e-01   1.4960248e+00  -9.2531179e-01   2.4890995e+00  -1.2623643e+00  -1.0032151e+00
   2.0000000e+00  -1.0740727e+00  -3.7850475e-01  -1.8803409e+00  -3.8209323e-01  -2.7113685e-01  -1.8539480e+00
   2.0000000e+00   6.1677464e-01   2.4294709e-01  -1.8020369e-02   1.5913126e+00  -9.5973049e-01   4.3492794e-01
   2.0000000e+00   1.8786957e+00  -9.2086745e-01  -1.2604861e+00  -1.1894967e-01  -7.1822654e-01   5.7911681e-01
   2.0000000e+00   1.8618082e+00  -1.5979105e-01  -5.1528816e-02  -6.3203552e-01   2.3359884e-01   9.4559639e-01
   2.0000000e+00   2.4960698e+00   1.0364642e+00   4.7607744e-01  -1.3249113e+00   1.1968408e+00  -1.5066862e+00
   2.0000000e+00   1.4709804e+00  -1.1269710e+00  -5.7163875e-01  -9.3559418e-01   9.8072206e-01   2.1476666e+00
   2.0000000e+00  -1.1858882e+00  -4.8426502e-01  -1.4069553e+00   1.5209929e+00  -4.2964999e-01  -7.3399913e-01
   2.0000000e+00   8.3668580e-01   6.8956701e-01  -1.0253347e-01  -1.6283381e-01   6.5773794e-01  -9.8040876e-01
   2.0000000e+00   1.9056270e+00   3.1753762e-01   2.1332960e+00   2.4254870e-01  -1.7539519e+00  -4.3627424e-01
   1.0000000e+00  -1.1302480e+00  -5.8670801e-01   4.3669646e-01   5.5327419e-02  -3.3270580e-01  -3.2244506e-02
   1.0000000e+00   3.0512160e-01   8.1934927e-01   8.6818309e-01   4.7265800e-01  -1.1111809e-01  -7.2701180e-02
   2.0000000e+00  -1.1154755e+00  -7.3728380e-01  -5.7182186e-01  -1.0023419e+00  -2.1641993e+00   5.8316164e-01
   2.0000000e+00  -6.1961796e-01   2.2130521e+00   3.5362301e-01   8.7877010e-02  -1.2894621e+00   2.1978297e+00
   2.0000000e+00  -7.7970331e-01   8.2933495e-01  -7.0377431e-02   3.1295015e-01  -2.1320082e+00   4.0062596e-01
   2.0000000e+00   9.3031574e-01   1.0327198e+00  -1.0962580e+00   6.4659310e-01   1.0447905e+00   1.5317332e+00
   2.0000000e+00   4.2884524e-01   1.0494100e+00  -3.9302166e-02   1.6605225e+00   1.1530764e+00   1.3344031e+00
   2.0000000e+00   1.5548820e-01  -1.2730350e+00   1.8982030e-01  -1.4305229e+00   1.5832405e+00   5.7613245e-01
   2.0000000e+00  -5.0574620e-01   2.6095919e-01  -8.3442316e-01  -4.9182612e-01  -3.6490864e-01   1.3018343e+00
   1.0000000e+00   6.6081265e-01  -1.8344174e+00  -7.8646973e-01   6.8011721e-02   4.7841577e-02  -4.6103497e-01
   2.0000000e+00   1.7910641e+00  -1.5514004e+00  -1.2253849e+00  -1.1343407e+00   1.1240322e+00   4.1493547e-01
   2.0000000e+00  -6.3351967e-01  -2.9740641e-01  -1.6020291e-01  -4.7825622e-01   1.2053728e-01  -1.0779192e+00
   2.0000000e+00  -7.4807704e-01   3.8908340e-01   1.2542061e+00  -9.5755194e-01   2.0601117e+00  -1.4826858e-01
   2.0000000e+00  -9.2258131e-01  -2.0033543e+00  -8.2196124e-01   1.8456641e+00   1.6650751e-01  -2.2779800e-01
   2.0000000e+00   1.2836588e+00   1.1304526e-01  -3.6947937e-01   6.7938165e-01   1.3450208e+00   1.3858588e+00
   2.0000000e+00  -1.2951641e+00  -1.1061913e+00   6.3554786e-01  -1.2674631e+00   3.3577931e-01  -1.3051961e+00
   2.0000000e+00   1.0764509e+00   9.2591680e-01   7.4359765e-01   1.7862419e+00   6.3003855e-01   1.8636954e+00
   2.0000000e+00  -1.1264733e+00   1.3146606e+00  -1.7731061e-01   2.6578514e-02   1.3000558e+00   8.4308510e-01
   2.0000000e+00   8.1445610e-01   1.9027571e+00  -1.0922887e+00   5.1248459e-01   1.4063558e+00  -2.3251071e-01
   1.0000000e+00  -7.0612185e-01  -3.2567769e-01   8.6840189e-01   2.0625452e-01  -3.8203383e-01  -6.6517228e-01
   2.0000000e+00   5.6384088e-01   9.4185455e-02   1.7952106e-01  -1.5204766e+00   1.0887619e+00  -1.0178761e+00
   1.0000000e+00   9.9116954e-01  -2.0207660e+00   6.8765131e-02   4.4077434e-01   2.0960262e-02   1.0517966e+00
   2.0000000e+00  -1.9217989e-01   4.3484631e-01   2.8661245e-01  -1.3168508e-01  -2.5645738e-01   5.6204587e-01
   2.0000000e+00  -1.7967131e+00  -1.4450286e+00  -6.5574056e-01  -3.8491544e-01  -1.8729018e+00   8.1766254e-01
   2.0000000e+00  -6.9690099e-01  -1.9297079e+00   6.9403151e-01  -2.5856173e+00   8.3605765e-01  -9.4731907e-01
   2.0000000e+00   1.1787596e+00  -1.0947931e+00   8.9422035e-01  -1.5386007e-01   1.9110841e-01  -1.6385753e+00
   2.0000000e+00   1.0235039e-01  -8.9937326e-04  -1.1748224e-01  -9.9125044e-01   8.3023937e-01   1.4693183e+00
   2.0000000e+00  -5.3809182e-01   6.1733116e-01  -6.7474901e-01  -9.8193217e-01   6.0390433e-01   1.5217275e-01
   2.0000000e+00  -1.9163064e-01  -2.8507188e-01  -1.5468699e-01  -1.0054369e+00  -3.5801304e-01  -9.2935843e-01
   2.0000000e+00  -6.4805095e-01   1.0381471e+00  -5.1335340e-01  -2.0170876e+00  -9.0482399e-01   5.0463187e-01
   2.0000000e+00  -3.4168134e-01   1.6688183e+00  -1.4152291e+00  -1.8324672e+00   3.9587958e-01   6.6293136e-02
   2.0000000e+00  -5.0852776e-01  -1.8927774e+00   2.8661092e-01  -5.2637875e-01   1.4276940e-01   2.6391251e+00
   2.0000000e+00   2.4776384e-01  -1.7440940e+00   1.2657714e+00   3.8969854e-01   1.3430131e+00   6.7985709e-01
   2.0000000e+00  -1.3558845e+00  -1.9686790e-01   1.5114991e+00  -1.7507290e+00   2.6689440e-01  -7.3375663e-01
   2.0000000e+00  -2.0690336e+00  -5.4521231e-01   3.8062891e-01  -7.3231264e-01   4.8226941e-01   6.1330717e-01
   2.0000000e+00   1.7367971e+00   1.3802431e+00   7.1397059e-01   1.8096492e+00  -8.4673231e-01   6.0081718e-01
   2.0000000e+00   4.4387211e-01  -4.6418030e-01  -5.4603294e-01  -9.2908199e-01  -1.0657508e+00  -6.9660941e-01
   2.0000000e+00  -4.5925066e-02   2.0897062e+00   1.2267037e+00  -9.1048194e-01   2.2567116e-01  -1.9376052e+00
   1.0000000e+00  -4.1004092e-01   1.0042334e+00   1.0834304e+00   8.0906919e-01   3.7383020e-02  -7.0350118e-01
   2.0000000e+00   7.3802804e-01   7.1024549e-01   5.2808624e-01  -7.1754664e-01  -2.1855054e+00   2.6789470e-01
   2.0000000e+00  -4.8263169e-01  -1.7818211e-01   5.4294881e-01  -8.7496662e-01   7.2398973e-01  -8.7384852e-01
   2.0000000e+00   7.8504375e-01  -1.1545715e+00   5.7139198e-01  -2.5798539e+00  -1.0768187e+00  -1.4948824e-01
   2.0000000e+00   7.6185177e-01  -9.2988326e-01  -1.0771281e+00  -1.8253067e-01  -5.9340343e-02   3.3855215e-01
   2.0000000e+00  -1.9587245e-02  -1.6083538e+00  -2.1248112e-01   5.2019886e-01  -1.5657929e+00  -1.0075874e+00
   1.0000000e+00  -2.7730590e-01   4.2632565e-01   7.9641538e-01   6.7222476e-01  -5.1420476e-02  -8.7289599e-01
   2.0000000e+00  -1.7551910e+00   7.0375659e-01  -1.4999592e+00   6.0279514e-01  -8.6095389e-01  -4.9956393e-01
   2.0000000e+00   1.9711516e-01   9.2374539e-01  -8.5768642e-01  -1.9923491e-01  -6.3630223e-02  -1.6219026e+00
   1.0000000e+00  -6.1708526e-01  -2.2803597e-01  -2.0890038e-01   1.0180931e-01   8.2750777e-02  -1.1550111e+00
   2.0000000e+00   2.7800858e-02   8.3731871e-01   2.4898622e-01   2.4578765e-01  -1.1969157e+00   2.9093165e-01
   2.0000000e+00  -1.0136425e+00  -7.6335876e-02   1.4088602e-01  -1.2567558e+00   3.7676209e-01   4.7677481e-02
   2.0000000e+00  -1.2445494e-01  -6.7016693e-01   1.8647315e+00  -9.3731060e-01  -4.6872811e-02  -2.4847668e-01
   2.0000000e+00   1.2929958e+00  -4.8706156e-01  -1.5677034e-01   3.8258064e-01   1.7946046e+00   8.2204580e-01
   2.0000000e+00  -4.7241037e-01   1.1654931e-01  -1.7502051e-01  -4.6582909e-01  -8.1389923e-01   1.7012740e+00
   2.0000000e+00  -3.8460240e-01  -5.2312147e-01   1.6096763e+00  -1.8988013e-01  -2.6456955e-01   8.4429117e-01
   2.0000000e+00   1.0131109e+00  -4.4514016e-01   2.7695801e-01   1.5528636e+00  -4.8330397e-01  -9.4540654e-01
   2.0000000e+00   1.1767780e+00  -7.3405939e-01  -7.4318451e-01   2.3127867e+00  -4.5342672e-01   9.4795920e-01
   2.0000000e+00   2.1810190e-01  -1.2242590e+00   8.4815027e-01  -4.9031010e-02   1.3027967e+00  -2.6332524e-01
   2.0000000e+00   1.9103515e-01   1.1188243e+00  -6.4892049e-01  -9.1083931e-01   1.0820205e+00   8.7080236e-01
   2.0000000e+00  -2.2223767e+00   7.7556740e-01   5.8287220e-01  -1.4257762e+00  -4.9796827e-02  -1.1923536e+00
   2.0000000e+00  -1.4155571e-01   4.0249304e-01  -5.6283076e-01  -4.6721698e-01  -1.3940564e+00  -7.0786842e-02
   2.0000000e+00   2.3599502e+00  -3.3883253e-01  -1.9903464e+00   6.9952652e-01   3.8563865e-01   2.8093378e+00
   2.0000000e+00   7.5455900e-01  -2.1091044e+00   9.2994242e-02   1.8684609e+00  -7.4914250e-01  -8.5936257e-01
   2.0000000e+00   1.9987245e+00  -1.3460736e+00   1.0418158e-01  -1.3667965e+00  -2.6508151e-02   2.0471803e-01
   2.0000000e+00   1.4644835e+00  -1.7596001e+00  -7.1085046e-01  -6.2358017e-01  -6.0523001e-02  -1.3254963e+00
   2.0000000e+00  -1.9532487e-01   2.3699193e-01   4.9188864e-01  -6.7471997e-01   1.2717238e+00   5.3321269e-03
   2.0000000e+00  -1.8260765e+00  -1.6220864e-01  -2.3272090e-01   2.9885890e-01   1.0527980e+00   1.2205138e+00
   2.0000000e+00   4.8459012e-01   1.7009852e-01  -3.8855808e-01   2.8455930e-01  -1.1160062e+00  -1.1389790e+00
   2.0000000e+00   2.6419892e-01   6.3344106e-01   2.3681954e-01  -1.1051481e+00  -1.9917967e+00  -7.3727780e-01
   2.0000000e+00   1.1785236e+00   3.9738369e-01  -4.6373064e-01  -2.0656479e+00  -1.3915398e-01   9.5836596e-01
   2.0000000e+00  -2.4273107e-01   7.1997413e-01   2.8960580e-01  -1.2171164e+00  -1.2461099e+00   8.2203130e-01
   2.0000000e+00  -2.6622179e-02   1.2625442e+00  -4.4717184e-01   1.0874179e+00   4.8877032e-01  -3.4894663e-01
   2.0000000e+00   8.6593210e-01  -2.1136068e-02  -1.2394976e+00  -1.7075350e+00   7.2809978e-01  -1.2830538e+00
   2.0000000e+00  -8.3102255e-01   1.0755493e+00  -2.5856634e+00  -1.3809998e+00  -6.1150004e-01  -7.4112032e-01
   2.0000000e+00   1.2697036e+00   1.7813760e-01   2.3318606e-01   4.4775999e-01   1.1916430e+00  -4.7731310e-01
   2.0000000e+00   9.6550040e-01  -8.0388933e-01   7.5484850e-02  -1.3675943e+00  -1.8399377e-01   1.5638411e+00
   2.0000000e+00  -5.2835796e-01   1.6024570e+00   1.3563026e+00   7.8844577e-01   1.7221621e+00   7.1555033e-02
   2.0000000e+00   1.7063856e+00   1.2861224e+00   1.0247797e+00  -3.5313731e-01  -8.1445167e-02   7.3553023e-01
   2.0000000e+00   9.4526427e-01   7.2525348e-01  -1.6463032e-01   5.5701195e-01   9.1326093e-01  -1.0428810e+00
   2.0000000e+00   2.5346424e-01   1.3542870e-01   5.0143724e-01   2.0540055e+00   8.1268422e-01  -2.2509284e-01
   2.0000000e+00   6.5049275e-01  -2.5119419e+00   1.1663502e+00   4.2403992e-01   1.1146926e+00   2.0899776e+00
   2.0000000e+00   3.8476450e-01   4.0927808e-01   4.0763466e-01   3.2948014e-01   4.4330981e-01   2.3053469e+00
   1.0000000e+00  -8.2544351e-02   8.7632547e-01   2.1642891e+00   2.2552791e-01  -1.9404183e-01  -3.0457832e-01
   2.0000000e+00   7.6885299e-01  -1.7747065e-01  -6.5106173e-02  -1.4079631e+00   5.7638821e-01  -2.2230240e+00
   2.0000000e+00   6.4805641e-01   1.3690686e+00   8.4932594e-01  -4.1209935e-01  -3.0190691e-01  -1.1301896e+00
   2.0000000e+00  -2.1716648e-01   3.0244113e-01  -6.6458187e-01  -3.8181688e-01   1.7912537e+00  -1.7514127e+00
   2.0000000e+00   1.1970285e+00   7.0211177e-01  -1.1922440e-01   2.3515462e+00  -5.2412241e-01  -2.3091554e-01
   2.0000000e+00   1.3919528e+00   7.6147258e-01   1.0582668e+00   1.9900366e+00  -1.0031337e+00   9.4934245e-01
   2.0000000e+00  -6.6326297e-01  -4.0360724e-01   3.1183012e-02  -1.4419683e+00   2.7281442e-01  -1.1153093e+00
   2.0000000e+00  -1.2268315e+00   1.4570392e+00   9.9133557e-01  -1.8443481e-01  -1.2792932e+00   1.2364669e+00
   2.0000000e+00  -7.9048653e-01  -8.7668310e-01  -1.4827904e+00  -1.0333329e+00   1.1301473e+00   1.2057155e+00
   2.0000000e+00  -7.3387589e-01   5.6893059e-01   1.0231871e+00  -1.5131570e+00  -9.6578401e-01   9.1804171e-01
   2.0000000e+00  -2.0078874e+00   9.2722727e-01  -5.4183563e-01   6.8840921e-01   1.1856871e+00   9.1565162e-01
   2.0000000e+00  -1.3180863e-01   6.3896662e-01  -6.9273287e-01  -5.4386770e-01  -7.7120184e-01   8.9620760e-01
   2.0000000e+00   3.2200086e-01   8.2539074e-01  -2.1599255e+00  -8.5793662e-02  -1.2831950e+00  -6.6797278e-01
   2.0000000e+00  -5.9008039e-01  -1.2387868e-01  -8.4180925e-01   1.1870016e+00   5.2235648e-01   5.5559422e-01
   2.0000000e+00   1.6106745e+00  -9.9901425e-01   1.0050934e+00  -7.2368122e-01  -9.8587480e-01   1.0048577e+00
   1.0000000e+00  -5.5456355e-01   1.4746881e+00   1.1282921e+00   1.9841564e-01  -5.9911988e-01  -3.3229021e-01
   1.0000000e+00  -2.3141297e-01  -1.8963794e+00  -1.4283770e+00   2.4484316e-01  -9.5125571e-01   1.1173479e+00
   2.0000000e+00   7.2890732e-01  -2.9086047e-01  -7.0764792e-02  -1.2002918e+00  -9.8869732e-01  -6.4252628e-01
   2.0000000e+00   7.9059728e-01  -1.6060636e+00   9.3773022e-01  -1.2700185e+00  -1.2985199e+00   1.0736980e+00
   2.0000000e+00   9.0157075e-01  -9.9446940e-01  -4.4495642e-01  -2.8125501e-01  -5.0419212e-01   3.8660363e-01
   2.0000000e+00   2.9577734e-01   8.3514308e-01   1.4543422e+00  -2.1296847e-01   1.2090426e+00  -6.4368619e-01
   2.0000000e+00   9.4321039e-01  -9.3081184e-01   1.7849511e+00  -7.4482763e-02   5.2598291e-01  -1.1378275e+00
   2.0000000e+00  -4.9518344e-01  -5.6233205e-01  -5.1636057e-01  -5.2971964e-01   7.1059891e-01  -9.2231546e-02
   1.0000000e+00   2.0116161e+00   6.6577199e-01   1.6196301e-01   4.5528312e-01  -2.0148476e-02   8.4653328e-02
   2.0000000e+00   1.0439414e+00   6.6566095e-01   6.8652147e-01  -8.6384153e-01   2.5161835e+00   7.4169302e-01
   1.0000000e+00  -1.4174887e+00  -1.8584841e-01   1.1058832e+00   6.0977098e-01  -6.8854877e-01   4.2674177e-01
   2.0000000e+00   1.1130341e-01   3.4730743e-01  -4.0969272e-01  -4.7098914e-02   1.2451786e+00   2.0804412e+00
   2.0000000e+00   2.6950212e-01  -2.6001085e-01  -5.9984847e-01  -2.0358850e-01   3.5153452e-01   3.3760822e-01
   2.0000000e+00   5.9931537e-01  -1.9592581e+00  -6.9512286e-02  -3.5223904e-01  -1.7972306e-01   1.0403201e-01
   2.0000000e+00   2.9266557e+00  -2.2446063e-02   7.0580031e-01  -1.1787044e+00   1.3019844e+00   1.2175149e+00
   2.0000000e+00  -4.2104024e-01   1.4841396e+00  -1.4564966e+00   6.9434885e-03  -1.0754987e+00   9.3333600e-03
   1.0000000e+00  -8.9154770e-01  -4.1290750e-01   9.2353221e-01   7.3211475e-01  -5.4022408e-01   1.4406534e+00
   2.0000000e+00  -4.0225962e-01  -8.4071361e-01   7.5900938e-01  -1.2225351e+00  -2.7137647e+00   1.3491521e+00
   2.0000000e+00  -7.2682629e-01  -3.5581929e-01   6.6966865e-01  -9.3493835e-01   1.3334467e-01  -9.2509696e-01
   2.0000000e+00  -2.4015804e-01   2.6632264e-01   1.9934201e-01  -9.2519981e-01   2.7115137e-01  -1.8386895e+00
   2.0000000e+00  -3.3576589e-01  -1.3061253e+00  -1.0626891e+00  -5.8835278e-01   1.4230981e+00  -9.6471286e-03
   2.0000000e+00  -1.9608624e+00  -2.1885106e-01   1.9124007e-01   9.5096217e-01   1.2654849e+00   1.2387692e+00
   2.0000000e+00   1.9544898e+00   5.0558564e-01  -1.4728274e+00   1.3030160e+00   7.2848463e-02   2.6881540e-01
   1.0000000e+00   5.3882997e-01   1.2791433e-01  -3.4465776e-01   5.5186681e-01  -1.6381551e-01  -4.1323118e-01
   2.0000000e+00   3.7644673e-01   6.8474101e-01   1.5093483e+00  -1.5203850e+00   7.6069655e-01  -1.4874891e+00
   2.0000000e+00  -1.1629184e+00   1.1306302e+00   6.6627832e-01  -2.5336817e-01  -1.0179687e-01   7.6444570e-01
   1.0000000e+00   1.5442701e-01  -8.2002775e-01  -3.9114805e-01   6.2852860e-03   3.7086191e-01  -8.8052030e-01
   2.0000000e+00   1.0017172e+00   7.0542152e-01   1.1517396e+00   2.4392746e-01  -1.9464280e+00  -1.7633446e-01
   2.0000000e+00   2.3125209e-01   1.7640973e-01   5.4804464e-01   1.0947984e+00  -7.9243118e-01  -5.1201593e-02
   1.0000000e+00  -1.6115160e+00  -8.5979858e-01  -9.9473782e-01   2.1293607e-01   5.6689189e-01  -1.4296356e+00
   2.0000000e+00   1.3005101e+00   1.1372444e+00   1.8554838e-01  -1.8801214e-03   2.9983277e-01  -4.5882244e-01
   2.0000000e+00   1.5506001e-02  -9.6795616e-01  -1.5239864e+00  -1.1451955e+00   1.0792678e+00   8.2085309e-01
   2.0000000e+00  -9.4520665e-01   5.8804359e-01  -1.0345567e+00   3.2337019e-02  -1.4179715e+00  -1.3364658e-01
   2.0000000e+00  -1.2937985e-01   2.4187302e-01   1.3210657e+00  -1.1290345e+00  -8.4272406e-01  -1.2298014e+00
   2.0000000e+00  -2.6473228e-01   2.0158108e+00  -3.4012057e-01  -1.3534514e+00  -1.6887434e-01  -7.4102896e-01
   2.0000000e+00  -5.4394298e-01  -6.3898125e-01   9.3010265e-01  -5.4916512e-01  -1.9936347e+00   1.6157042e+00
   2.0000000e+00   4.5160621e-01   2.2589999e-01   1.5339443e-01  -1.7374896e+00   3.4620757e-01   1.5418634e+00
   2.0000000e+00  -7.6449968e-02  -1.4292857e+00   1.3634543e+00   3.6055111e-01  -1.1212804e+00  -5.5026995e-01
   2.0000000e+00  -1.4624465e-01   1.4396434e+00   1.5275752e+00   1.5708716e-01   1.3566909e+00   2.1110169e-01
   2.0000000e+00   1.0595393e+00  -7.9503189e-01   5.4151119e-02  -6.0383977e-01   3.3156308e-01  -1.0298060e+00
   2.0000000e+00   4.3207474e-01  -7.9199707e-01  -6.4577750e-01  -1.2060931e+00  -8.5924311e-01  -1.0222875e-01
   1.0000000e+00   2.1338383e-01  -5.5688396e-01  -1.4076157e+00   1.7155899e-01   8.6561375e-01  -1.0610735e+00
   2.0000000e+00  -1.8054006e+00   1.6342365e+00   6.5877522e-01   7.7615680e-01  -8.9703917e-01   2.2839231e+00
   2.0000000e+00  -6.0499572e-01   1.1520086e+00   5.0186893e-01  -1.3999065e+00  -1.2902297e+00  -5.6279302e-01
   1.0000000e+00  -1.1665041e+00   8.9661163e-01   3.0851899e-01   7.9741869e-01  -1.5166114e-01  -6.3104531e-01
   2.0000000e+00  -7.3688515e-01  -7.1749364e-02   4.4010588e-02  -2.3581986e+00   2.2715326e+00   1.7884783e-01
   2.0000000e+00   1.9821318e+00   1.5108742e+00   3.9418549e-01   1.0181829e+00   5.2447932e-01  -2.4252186e-01
   2.0000000e+00  -1.4440870e-01  -4.3468944e-01  -4.3136521e-01  -9.7472515e-01  -9.0000821e-01  -1.8826817e+00
   2.0000000e+00  -1.6372091e+00  -7.6199509e-01   1.6678664e+00   1.0008106e+00  -1.2760039e+00  -1.3929243e+00
   1.0000000e+00   8.9539787e-01  -7.2236768e-01  -1.3494940e+00   6.5853288e-02  -6.5409892e-01   7.4996765e-01
   2.0000000e+00   1.9620109e+00  -9.7948339e-02   2.7544530e-01  -5.4712513e-01   4.6022401e-01  -4.8988497e-02
   1.0000000e+00  -1.6538668e+00  -2.2188812e+00   4.0355269e-01   2.4300368e-01   1.2859056e-01  -1.4257817e-01
   1.0000000e+00   2.0769875e+00  -5.8874382e-01  -4.7882451e-01   3.2380799e-01  -9.1772423e-01  -1.9496842e+00
   2.0000000e+00  -5.0232815e-01  -2.9925090e+00  -3.5800080e-01  -1.1069038e+00  -1.1730194e+00   2.1363806e+00
   2.0000000e+00   5.2471265e-01   4.4607229e-01  -4.2914452e-01  -1.3655061e+00   1.3106783e+00   1.7479777e+00
   2.0000000e+00   7.4140625e-01  -1.7521528e-01   4.2706361e-01   2.2832985e+00  -1.4721616e+00  -7.1064821e-01
   2.0000000e+00   4.6198797e-01   5.5037472e-01   1.9868221e+00  -2.1131000e-01  -8.2724856e-01  -1.0493546e+00
   2.0000000e+00   7.3102387e-01   9.0621340e-01  -1.8869722e+00  -9.4482571e-01  -9.3271304e-02  -1.8802957e+00
   2.0000000e+00   1.5794314e+00   1.4467827e+00  -7.5027766e-01  -1.0676797e+00  -7.1731415e-01   2.0769455e+00
   2.0000000e+00  -4.2515437e-01  -3.7456852e-02  -1.2943532e+00  -3.9680320e-01  -5.1860406e-01   7.5287665e-01
   2.0000000e+00  -5.9357141e-01  -1.8752082e-01  -1.3395694e+00  -9.9997413e-01   1.4619743e+00   2.2466513e-01
   2.0000000e+00   2.3645361e+00   4.8626461e-01   3.6814931e-01  -7.5584294e-01  -1.2442078e+00   2.1287744e-01
   1.0000000e+00   3.2330970e-01   1.6404786e+00  -7.9414467e-02   8.5697162e-01  -2.2817887e-01  -9.8730123e-01
   2.0000000e+00  -3.5529958e-01  -1.3248730e+00   1.0640622e+00   1.4591259e+00  -1.9577463e+00  -1.1529232e+00
   2.0000000e+00  -6.9113983e-01  -1.2174827e+00  -1.2811435e+00  -3.9046691e-03   4.1162532e-01  -5.1277300e-01
   2.0000000e+00   1.5944704e+00  -1.2893634e+00   5.5096888e-02  -3.4360922e+00   4.4850229e-01   3.9495572e-01
   2.0000000e+00   5.0021653e-01   5.7026932e-01   1.2853404e+00  -1.1255341e-01   1.2522021e+00   6.9264745e-01
   2.0000000e+00  -1.0382019e+00  -1.5930740e+00   5.6872334e-01  -9.9615254e-02  -5.4689782e-01   9.9776099e-01
   2.0000000e+00  -3.7945957e-01  -1.3394810e+00  -1.2250000e+00   1.9530493e+00  -4.6300471e-01   6.2487182e-01
   2.0000000e+00  -8.6940665e-02   7.2457354e-01  -1.2991859e+00  -8.3264717e-01  -8.5087855e-01   3.6215244e-02
   2.0000000e+00   8.0396933e-01   3.6453295e-02  -1.9671142e+00  -6.0070765e-01  -2.2405541e-01   1.0588461e+00
   2.0000000e+00  -1.6720153e-01   1.0053569e+00  -1.0139310e+00  -4.3143506e-01  -4.2212064e-01   2.5950309e-01
   2.0000000e+00  -8.5809286e-01   1.8517481e+00  -2.6656864e+00  -4.2321812e-01  -8.0561433e-01  -2.2984500e-01
   1.0000000e+00   1.2558141e+00  -9.3904520e-01  -1.0537023e+00   4.6864983e-01  -3.3640061e-01  -2.8470816e-01
   2.0000000e+00   7.4514138e-01  -4.3385152e-01   6.1852809e-01  -2.6373995e-01  -1.4039112e-01  -8.7081586e-01
   2.0000000e+00   4.3402703e-01   1.1073249e-02   1.0323924e+00   1.5656520e-02  -1.3301889e+00   8.5573246e-01
   1.0000000e+00   9.7325461e-01   1.9121064e+00   3.8952224e-01   2.1415770e-01  -7.0498695e-01   2.0713778e-01
   2.0000000e+00   1.3882229e+00  -7.4977763e-01  -5.9195187e-02  -9.9174563e-01  -1.9736036e+00   2.9738418e+00
   2.0000000e+00  -6.1111527e-02  -1.1329545e+00   2.8197303e-01  -7.0269151e-01   2.1551436e+00   4.3110883e-01
   2.0000000e+00  -1.4137700e-01  -2.1660593e+00  -1.5974958e+00  -1.5945622e-01   8.0229395e-01   1.9605672e+00
   2.0000000e+00   4.3822225e-01   2.4581011e-01   1.4903294e+00  -7.0770848e-02  -8.2622724e-01   1.5134252e-01
   2.0000000e+00   1.2208844e+00  -9.1654912e-01   1.4284086e-01  -4.0032596e-01  -6.3817295e-01  -7.2409333e-01
   2.0000000e+00  -4.8013258e-01  -1.9390274e+00   9.7147541e-01   1.5363919e+00   1.3584237e+00   3.9855987e-01
   2.0000000e+00   5.3593844e-01   2.2844263e+00   6.2114035e-01   2.8636544e-01  -2.3149155e+00   8.1894349e-01
   2.0000000e+00   3.6943056e-01   7.5966388e-02   7.3914266e-02  -3.1831016e-01  -5.7358660e-01   1.2449579e+00
   2.0000000e+00  -5.3113874e-01  -4.1078942e-01  -8.6795038e-01   3.1545751e-01  -8.6218850e-01  -2.3588517e+00
   2.0000000e+00  -1.1991187e+00   1.2480255e-01  -5.1618843e-01   1.3107559e+00   6.6589871e-01   2.3866916e-01
   2.0000000e+00   1.1130305e+00   9.2539977e-01  -3.7879706e-01  -1.7405899e-01   1.5100755e+00   3.5890065e-01
   1.0000000e+00  -5.8369178e-01  -5.5333385e-01  -1.0811100e+00   3.1816366e-01  -7.7010502e-01   4.4671394e-02
   2.0000000e+00   7.1073127e-01   1.6682760e+00  -9.3126971e-02   1.5435878e+00   2.2488913e+00   7.4289615e-01
   2.0000000e+00  -1.4393016e+00  -2.4496732e+00   5.3230343e-01   1.4637689e+00   1.9584010e-01   2.6550832e-02
   2.0000000e+00   1.0451647e+00  -4.9152661e-01  -6.8708172e-01  -3.3159661e-01  -1.2937378e-01   1.4393950e-01
   2.0000000e+00  -7.1392687e-01   1.1794776e+00   3.6204782e-01  -9.8204935e-01   2.7425148e-01   1.2090288e-01
   2.0000000e+00   6.0327501e-01  -7.3828728e-01  -6.5080436e-01  -7.9030833e-01  -3.2956001e-01  -1.6893481e+00
   1.0000000e+00  -1.8676629e+00  -6.8768618e-01   1.7301355e+00   7.3755184e-01  -1.4404310e-01  -4.2182546e-01
   2.0000000e+00   1.6399268e+00  -4.4982332e-01  -4.6561254e-01  -1.8996167e+00   1.1542882e+00   4.6140076e-02
   2.0000000e+00  -1.3298465e+00  -4.6529394e-01   1.3757385e+00  -7.8719597e-01   2.6320454e-01   1.9978645e+00
   2.0000000e+00  -1.9735813e+00   1.4624006e+00   4.0203362e-02   1.4634168e+00  -1.7315664e-02  -5.6166992e-03
   2.0000000e+00  -1.6742917e+00  -1.3825366e+00   4.2971119e-01  -6.4330152e-01  -1.1834743e+00   1.0834211e-01
   2.0000000e+00   4.6103988e-01   1.8891474e+00   6.7324105e-01  -1.0822478e-01   1.3290404e-02  -1.1273012e+00
   2.0000000e+00   8.7739967e-02  -2.6561567e-01   1.1311221e+00  -2.4804361e+00   9.1388663e-01   1.4015694e+00
   2.0000000e+00  -1.6496790e+00   9.0309923e-01   9.8001001e-01   6.2350392e-01   1.3192490e+00   5.5862224e-01
   2.0000000e+00   1.4535919e+00   9.7897924e-01  -1.0149191e+00  -4.3442231e-01   8.0892795e-01   5.9184657e-01
   2.0000000e+00  -9.3660588e-01  -2.2658655e-01  -1.2217321e+00   7.3441210e-02  -1.5597638e+00   1.0875060e-01
   2.0000000e+00  -4.3298416e-02   3.4383138e-01  -2.9195186e-01  -2.0042220e+00  -1.7589433e+00   5.5604401e-01
   1.0000000e+00  -8.1598379e-01  -1.1008573e+00  -6.5772398e-01   3.5427698e-01  -5.8147739e-02   1.2616792e+00
   2.0000000e+00   2.7612830e-01   1.4588103e+00  -1.1061953e+00  -1.8858738e+00   1.2369415e+00   2.9951368e-01
   2.0000000e+00  -1.1410833e+00  -9.1801148e-01   2.5453344e-01  -1.5190950e+00  -1.4254679e+00  -2.6869380e-01
   2.0000000e+00   1.1530090e+00   2.8049166e-02  -7.4868555e-01   5.9422818e-01   2.3233782e+00   1.6407319e-01
   2.0000000e+00   1.1659001e+00  -2.2050657e-01  -1.2258390e-01   1.1174795e+00  -8.7917407e-01   1.2961600e-02
   2.0000000e+00   5.3484234e-01  -2.1002947e+00   1.7390404e+00  -2.5313117e-01   3.7888347e-01  -4.2105585e-01
   2.0000000e+00   1.5342791e+00  -5.0389151e-01  -6.3115874e-01   6.0673431e-01   1.2198284e+00   9.0815859e-01
   2.0000000e+00  -4.0159339e-01  -5.5444617e-01   7.4909744e-01   1.1929765e+00  -5.0832026e-02  -1.1847344e+00
   2.0000000e+00   1.9111685e-01   6.8223610e-01  -1.5563781e+00   8.2649020e-01   5.6216326e-01  -1.8774974e+00
   2.0000000e+00   1.7464298e+00  -1.6276082e-01  -3.4373046e-01  -2.1883682e-01   1.1755036e+00   2.1659832e-01
   2.0000000e+00  -1.4537439e+00  -5.7077929e-03  -2.9925792e-01  -1.2977104e+00  -1.7889604e-01   4.6768947e-01
   1.0000000e+00  -1.2732602e-01   1.5766538e+00  -1.3079808e+00   8.7833513e-02  -1.1425415e-01   1.8058864e+00
   2.0000000e+00   4.0385020e-01  -1.3519698e+00  -1.2210818e+00   1.4474396e+00   5.4996882e-01   2.3789577e+00
   2.0000000e+00   2.0606163e-01   6.3296880e-01   7.0224021e-01   1.5300156e+00   8.3925281e-01   1.5370920e-01
   1.0000000e+00   6.3843884e-02   1.1377601e+00   6.2165153e-01   1.1633675e-01  -7.8792457e-01  -2.0094590e-02
   2.0000000e+00   7.4511845e-01   2.6513264e-01  -3.3748719e-01   9.8470089e-02   7.0306381e-01  -2.0960903e+00
   1.0000000e+00   1.4322201e+00   1.6222056e+00  -2.2303148e-02   5.8083292e-01  -2.8444876e-01   4.8437655e-01
   2.0000000e+00   1.0352059e+00   5.4971698e-01   9.0678713e-01   2.8146095e-01   1.3748575e+00   1.4474469e+00
   2.0000000e+00   3.6635431e-01  -2.1342916e-01   7.4801651e-01   2.1673819e-01   1.6085956e+00   1.5591342e+00
   2.0000000e+00   1.5435233e-01  -1.7489405e-01  -1.2058038e-01  -1.1798548e+00  -1.6467957e+00  -3.0111381e-01
   2.0000000e+00   7.4843187e-01   1.3772885e-01  -6.0828249e-01  -7.7804534e-01  -1.5625916e+00   1.6695196e+00
   1.0000000e+00  -8.3860211e-01  -9.9785746e-01  -1.3192696e+00   2.1525053e-01  -1.1756336e-01   6.6087296e-01
   2.0000000e+00   8.9528308e-01   3.9690392e-01   9.0465926e-03   1.0146782e+00   1.1133738e+00   7.1578971e-03
   2.0000000e+00  -3.0800922e-01   4.8868494e-01   2.0023691e+00   5.5170054e-01  -1.4122098e+00   9.1864573e-01
   2.0000000e+00   8.9009624e-01   9.3863047e-01  -8.4208158e-01   1.8840038e+00  -9.1566367e-01  -1.5737639e+00
   2.0000000e+00  -4.1585627e-04  -2.1654764e-01   5.6793000e-01   1.0551347e+00   7.2080569e-01   8.5346967e-01
   2.0000000e+00   1.3376634e-01  -2.6642586e-01  -1.0789277e+00  -3.2691309e-01   1.2002405e+00  -1.9648309e-01
   2.0000000e+00  -2.7791471e-01   7.6046224e-01  -1.7456864e+00  -3.4051484e-01   1.1943846e+00   6.5708161e-01
   2.0000000e+00   4.4838858e-01   4.0718010e-01   1.5938801e+00  -9.1681022e-02  -4.0647103e-01   1.3620724e+00
   2.0000000e+00   3.2309243e-01  -3.9714994e-01   4.9632412e-01  -4.4360471e-01  -7.6449817e-01   8.8530131e-02
   2.0000000e+00   4.4612658e-01   8.2180613e-01  -1.0379473e+00  -1.8296752e+00  -9.0638755e-01  -1.2007126e+00
   2.0000000e+00  -4.2128647e-01  -2.2564068e+00   9.1920344e-01   2.1827187e+00   1.4757944e+00  -7.9533177e-01
   2.0000000e+00   1.0429581e+00  -1.1003941e+00  -8.5780072e-01  -7.4340329e-01   4.3457378e-02   3.3708949e-01
   2.0000000e+00   8.7650222e-01  -1.9775456e+00  -1.4963531e+00  -3.1879448e-01   4.2552033e-01  -9.1604928e-01
   2.0000000e+00  -2.0874401e+00   9.8555202e-01  -9.1180007e-01  -2.7638225e-01   4.0701927e-01  -3.4669375e-01
   2.0000000e+00   8.4130425e-02  -2.3807249e-01   1.4953205e+00   3.3143379e-01   1.3262968e+00   7.2865051e-01
   2.0000000e+00  -4.6084985e-01  -4.8276679e-02   5.4587482e-02   8.1711804e-01  -1.3723780e+00  -2.6928059e+00
   2.0000000e+00   4.9028480e-01  -8.8710645e-01   3.8277591e-01  -1.1673504e+00   1.1692099e+00   4.0704832e-01
   1.0000000e+00   6.1645579e-01  -1.0623632e-01   1.1185425e+00   1.4144793e-01  -2.4304043e-01  -1.2344820e+00
   2.0000000e+00   1.1237709e+00  -3.4597575e-01  -4.2346679e-01  -4.4254359e-01   3.8494773e-01   2.3586469e+00
   2.0000000e+00  -6.8406035e-01   3.3807542e-01  -5.3557642e-01  -8.7720812e-01  -9.6380358e-01   2.7513240e-01
   2.0000000e+00  -3.0242873e-01   1.0337119e+00  -3.1506086e-01   1.7125430e-01   1.3752208e+00  -1.4664605e+00
   1.0000000e+00  -7.2793584e-01   9.3770285e-01   1.4709746e+00   6.0753226e-01  -9.9984757e-02  -7.1565792e-02
   2.0000000e+00  -6.4092661e-01  -1.1207907e-01   1.6974696e+00   1.8067649e+00  -8.8767037e-01   2.0148377e-01
   1.0000000e+00   1.8815541e-02  -9.1275096e-01   9.3313879e-01   6.3767600e-01   2.3222629e-02  -9.0217296e-01
   2.0000000e+00  -7.9125631e-01  -2.0357731e+00  -2.4859755e+00  -8.7456073e-01  -1.4073942e+00   2.4158134e-01
   1.0000000e+00   3.2463900e-01   2.1077478e-02  -1.8461323e+00   1.8954955e-01   2.6334864e-01  -2.2185764e-02
   2.0000000e+00  -4.1450920e-02  -3.5121934e-01   1.0574264e+00  -8.6910497e-01  -8.2207866e-01  -8.3309559e-01
   1.0000000e+00   1.3583433e-01   1.1349125e+00  -5.5466278e-01   8.6743769e-02  -2.2283575e-01  -1.1293018e+00
   1.0000000e+00  -7.8098192e-01   4.3835662e-02   1.0510653e+00   1.7323940e-01  -8.0967287e-01   3.8360572e-01
   2.0000000e+00   4.1042027e-01  -1.2703313e-01  -1.0955404e+00  -2.1634595e-01   7.3111139e-01   4.8647628e-02
   2.0000000e+00   6.5584364e-01  -2.1588392e-01  -1.5840084e+00  -8.6835890e-01  -6.8381200e-01  -1.5695712e+00
   2.0000000e+00   1.7767903e+00   7.3736933e-01   8.3805563e-01   8.9378952e-01  -1.4383292e+00  -1.3819596e-01
   2.0000000e+00   7.2323789e-01   2.0384859e-01   4.4761614e-01  -7.2798262e-01   2.6632748e-01  -1.5357169e+00
   2.0000000e+00   1.9358034e-01   7.4675059e-01  -4.0792018e-01  -1.3209566e+00  -2.5494370e+00  -1.1643859e+00
   2.0000000e+00   1.1003138e+00   1.2251822e+00   4.7642687e-01   1.5382175e-01   1.3989659e+00   1.0742848e+00
   1.0000000e+00   1.4052755e+00   1.2268039e+00  -1.9040371e+00   4.3654603e-01  -3.4284348e-01  -8.2897149e-01
   2.0000000e+00  -9.4587298e-01  -2.4527045e-02   1.0077245e+00   1.5251682e+00  -2.0147977e-01   4.8453298e-01
   2.0000000e+00  -1.1298162e+00  -1.2597087e+00  -4.9503450e-01  -5.5926788e-01  -1.1301701e-01   4.8609131e-01
   2.0000000e+00  -6.5778176e-01  -6.9639177e-01   1.1767634e+00  -6.4022250e-01   1.0742101e+00   1.5229055e+00
   1.0000000e+00   2.2517809e-01   1.5636804e-01  -8.9014230e-01   2.7521511e-01   8.0616999e-01  -6.0763574e-01
   1.0000000e+00   6.5775560e-01  -9.5119702e-01   8.2147665e-01   2.5869678e-01   1.0786455e-01  -1.1078304e-01
   2.0000000e+00  -3.4400037e-01   2.7653803e-01   1.5374413e-01   1.0370793e+00  -1.6913394e+00  -1.6060986e-01
   2.0000000e+00  -1.9352684e-01   6.3898635e-01  -1.3387000e+00   1.8151313e+00  -3.8895127e-01  -9.6041113e-01
   1.0000000e+00   7.7085699e-01   1.4861664e+00  -1.6022753e+00   2.8516401e-01  -7.0367762e-01   1.1528065e+00
   2.0000000e+00   1.3391521e+00  -1.7163138e-01   5.2734615e-01   1.0949161e+00  -9.4972258e-01  -2.7447805e+00
   1.0000000e+00   8.4264568e-01   5.8783395e-01  -3.6222023e-01   5.3081361e-01   7.6081491e-01  -1.4190721e+00
   1.0000000e+00  -7.7469256e-01   7.7341925e-01   8.2838070e-01   3.9993117e-01  -5.5997642e-01   7.9057748e-01
   2.0000000e+00   9.7852069e-01   4.6025426e-01  -9.8723087e-01   1.0482535e-01  -1.4130726e+00  -1.9392942e-01
   2.0000000e+00   2.8415307e-01  -1.5469153e+00   4.0565179e-01   8.2291969e-01  -2.7877238e-02  -1.8426655e+00
   1.0000000e+00  -2.9223699e-01  -5.4113810e-01   5.4934728e-01   1.4437881e-01   2.7134070e-01  -5.4659303e-01
   2.0000000e+00   2.2297084e+00   1.6183388e-01  -8.7120134e-01   3.2036300e-01   1.4183944e+00   1.7719517e+00
   1.0000000e+00  -5.8815684e-01  -7.4083419e-01   9.0586644e-01   2.2727275e-01   3.8975842e-01   6.6063463e-01
   2.0000000e+00   2.3495806e-01   3.8430157e-01   1.8418919e-01  -1.1353399e+00   6.4285052e-01   1.0184120e+00
   2.0000000e+00   9.0679017e-02   8.8351387e-01  -1.0849515e-01  -5.6349661e-01  -1.9178991e-01  -2.7292616e-02
   2.0000000e+00   5.6916838e-01  -2.4620659e-01  -6.3158751e-01   1.0874766e+00  -3.8835750e-01  -1.7952555e+00
   2.0000000e+00  -1.4998946e+00  -5.0376706e-01   3.5907874e-01  -1.0258457e+00  -3.7892367e-01   2.5601220e-01
   2.0000000e+00   4.2626398e-01  -2.1403207e+00  -4.2735961e-02   1.1168688e+00  -1.0595528e+00   1.0961476e+00
   2.0000000e+00  -3.5247715e-02   1.9190650e+00   4.2537459e-01   9.7372434e-01  -1.5460892e+00   3.8005267e-02
   2.0000000e+00   1.2762625e+00   3.1276938e-01  -1.2353097e-01   2.7951580e+00   8.1777172e-02  -8.5462545e-01
   2.0000000e+00   3.3583651e-01  -6.2998874e-01  -1.7514604e+00   4.4226625e-01  -1.8348736e+00  -1.3979178e+00
   2.0000000e+00   2.7931894e-01  -2.6958472e-01  -1.0287367e+00  -7.9249867e-01  -1.0412147e+00  -1.0765818e+00
   2.0000000e+00   2.0339188e-01   6.7583078e-01   6.7926470e-01   9.4890396e-01   1.4069015e+00  -1.2873815e+00
   2.0000000e+00  -4.7893904e-01   4.3388983e-01   1.5791191e-01   2.3200311e+00   1.6879112e+00   6.0414364e-01
   1.0000000e+00   1.2227945e+00  -4.1306790e-02  -1.1556750e+00   6.7667622e-01  -1.0439345e-01   5.5367279e-01
   2.0000000e+00   1.4379928e+00   1.0880505e-01  -3.3731172e-01   1.0511963e+00  -1.5729229e+00  -7.4736777e-02
   2.0000000e+00   6.8300523e-01  -3.1484041e-01   3.7980606e-01  -4.2538655e-01   4.4199798e-02   1.6390108e-01
   2.0000000e+00  -5.2766387e-01   6.4538602e-01  -1.0244460e+00  -3.6604353e-01   8.7456641e-01  -3.3447236e-01
   2.0000000e+00   1.6230177e+00   9.0778847e-01   4.6487123e-01  -4.4235388e-01   3.4566800e-01  -9.0407951e-01
   1.0000000e+00  -3.3292126e+00   6.5000223e-01  -2.7182488e-01   3.4182138e-01  -9.8698814e-02   3.6191129e-01
   2.0000000e+00   7.6934568e-01   9.7369388e-01  -1.8203091e-01  -3.3674706e-02  -1.5560523e+00  -3.4137243e-01
   2.0000000e+00   9.3304717e-02  -9.9321177e-02  -5.9328945e-01   1.4124495e+00   2.4795228e-01   1.6697625e+00
   2.0000000e+00  -1.0669194e+00   2.3212350e+00   6.5137921e-02  -1.5830433e+00   6.5856882e-04  -1.0137063e+00
   1.0000000e+00  -9.0389559e-01   1.3179940e+00   1.3413821e+00   4.1318784e-01  -5.5266321e-01  -4.9493995e-01
   2.0000000e+00  -2.1123677e-01  -2.5253862e-01   7.0524717e-01  -1.3280740e+00   1.9128053e+00  -1.5559964e+00
   1.0000000e+00  -8.4918022e-01   3.5067573e-01  -9.5443053e-01   2.7663395e-01  -7.4232225e-01  -3.6313351e-02
   2.0000000e+00   1.5037606e+00  -5.3449460e-01  -9.0921996e-01   9.3134354e-01   8.9272378e-01  -6.8857913e-01
   2.0000000e+00   1.7652326e+00  -1.0883707e+00  -1.7133393e+00  -2.8713856e-01   1.6531959e-01  -3.5032447e-01
   2.0000000e+00  -1.5950509e+00   1.8373495e+00  -4.0781841e-03  -1.0749758e+00  -2.7454332e-01  -6.8866888e-01
   2.0000000e+00  -3.7408769e-01  -4.0435672e-01   4.7233640e-03  -1.0444969e+00   2.8005264e-01  -1.9258056e+00
   2.0000000e+00  -9.6335572e-01   1.7753798e+00  -4.8458349e-01  -1.6410381e+00  -6.0332579e-01  -4.3425671e-01
   2.0000000e+00   3.8110925e-01  -9.2574561e-01   6.3417964e-01   8.7715528e-01  -1.4370575e+00  -4.6992793e-01
   2.0000000e+00  -8.3200053e-01  -5.6253171e-01   5.2173241e-01   1.3450109e+00  -1.5941423e+00  -6.0676453e-01
   2.0000000e+00  -1.4648237e-02  -1.1018816e+00  -2.9090498e-01  -2.5087027e-01  -1.1990517e+00  -5.4387344e-01
   2.0000000e+00  -9.8217383e-01   1.4450556e+00  -2.8221117e-01  -6.1708375e-01   1.1554727e+00  -2.0878124e+00
   2.0000000e+00  -6.2546679e-03   2.5568043e-01  -4.1060140e-02  -3.9440555e-01   8.7968488e-01   1.4095534e+00
   2.0000000e+00  -1.4493464e+00  -8.7938906e-01  -4.9945866e-01  -9.2323451e-01  -5.3166383e-01  -2.6343305e-01
   2.0000000e+00  -9.3572147e-01   2.0882261e-01  -1.3402888e+00  -6.2644424e-01   1.5945146e-01  -1.0254148e+00
   2.0000000e+00   3.9007679e-01  -4.1535244e-01  -9.9331543e-01  -1.1935995e+00  -3.7767826e-02  -8.6730465e-01
   2.0000000e+00  -6.0605709e-01  -1.0078520e+00  -9.5120068e-02  -1.2022980e+00   4.0768949e-02   2.0014586e+00
   2.0000000e+00  -4.7150348e-02   1.9129258e-01  -3.5701080e+00  -5.3234204e-01  -2.7370067e-01  -6.9566120e-01
   1.0000000e+00   5.3012107e-01   1.9593203e-02  -1.2745768e-01   2.3891177e-01   9.3524475e-01  -7.8444149e-01
