   2.0000000e+00  -2.3609228e+00   4.7261359e-01   7.6712783e-01   1.6895483e+00  -6.4886083e-01   4.0375838e-01
   2.0000000e+00   1.3853890e+00   1.8584633e+00  -8.3283874e-01  -1.7444418e+00   8.0890920e-01  -4.3260340e-01
   2.0000000e+00   7.7254227e-02  -8.0489351e-01   2.1842935e+00  -5.3036243e-01  -1.5375315e-01   1.3079712e+00
   1.0000000e+00   6.6408830e-01   3.6564603e-01   5.6288692e-01   3.0606842e-01  -8.5583103e-01  -9.4417734e-01
   1.0000000e+00  -6.9949229e-01  -7.3456935e-01   3.8868756e-01   1.4930075e+00   6.9290046e-01  -9.0796502e-01
   2.0000000e+00   3.2875445e-01  -5.3670537e-02  -1.0328662e+00   1.2171699e+00  -2.3105892e+00  -1.5835073e+00
   2.0000000e+00   1.4206620e-01  -9.5685286e-01  -1.1626286e+00   9.4530134e-01  -8.8048158e-04  -1.2577775e+00
   2.0000000e+00  -1.5575679e+00   3.6774933e-01  -2.7365360e-02   6.7764138e-01   6.7015236e-01  -1.0519367e+00
   2.0000000e+00   7.9515110e-01   8.1347227e-01  -3.0608706e-02  -4.2557666e-01   1.2459742e+00  -1.0528494e+00
   2.0000000e+00  -1.5335875e+00  -3.9198016e-02  -2.4639764e-02  -6.8527556e-01  -1.8837067e-01   9.5350770e-01
   2.0000000e+00  -2.1270262e-01   4.6295440e-01   1.3157204e+00  -2.3154181e-01   1.1767278e+00   1.7646061e+00
   2.0000000e+00  -1.7501192e+00  -1.0601609e+00  -7.5577028e-01   2.0777473e+00  -3.1431529e-01  -7.3619888e-01
   2.0000000e+00   4.0850451e-01  -2.6316528e-01  -7.0987272e-01  -5.5996283e-02   7.6070182e-01   5.8273283e-01
   2.0000000e+00  -1.5156696e-01  -1.1435553e-02  -3.2611208e-01  -1.6275383e-01  -5.9405161e-01  -5.2433250e-01
   2.0000000e+00  -4.9967109e-01  -4.5098643e-01  -3.2400581e-01  -5.1303399e-01  -1.0346542e+00  -7.5072839e-01
   2.0000000e+00  -1.3711771e+00   1.4886131e+00  -1.1084178e+00   5.1184995e-01   1.8983637e-01  -7.2387710e-01
   2.0000000e+00   2.6860757e-01  -6.1631463e-01  -1.1322446e-01   4.5433336e-01   4.7559635e-01  -3.8884990e-01
   1.0000000e+00   6.2392578e-02   1.5582847e-01   2.9775776e-01   1.8740920e-01  -1.5554088e+00  -4.0915315e-01
   2.0000000e+00   2.3067763e-01   5.0143975e-01  -1.4397077e+00  -6.1929773e-01   3.3115705e-01  -2.1260832e-01
   2.0000000e+00   9.6242815e-01  -1.6119516e+00   5.1754043e-01  -2.1311715e-01   4.2180970e-01   5.8765265e-01
   2.0000000e+00  -6.4680187e-01   1.1711819e+00  -8.5071931e-01  -8.9452485e-01   1.7250022e-01   9.4431035e-01
   2.0000000e+00  -1.8474712e-01   1.0976263e+00  -8.8702078e-01   1.7950697e+00   3.1281901e-01   3.5420839e-01
   1.0000000e+00  -5.0219573e-01   7.8752884e-02   1.7372773e-02  -9.3769535e-01  -1.6011121e+00  -1.0258712e+00
   2.0000000e+00  -4.3899213e-01  -4.5877332e-01  -4.4596224e-02  -7.5594321e-01  -6.5054888e-01   2.1587286e-02
   2.0000000e+00   1.4099964e-01   4.0780829e-01  -7.7967032e-01  -6.0848265e-01  -8.2197007e-02  -7.8208767e-02
   2.0000000e+00  -8.7894497e-02   1.5303020e+00  -6.6140679e-01   7.0133186e-02  -4.0552377e-02  -1.0007944e-01
   2.0000000e+00  -8.2455064e-01   2.7986697e-01  -1.9873805e+00   1.1885883e+00  -8.4524586e-02  -2.6993354e-01
   2.0000000e+00  -1.4185921e-01   3.1244696e-01  -5.4116560e-01   4.4065565e-01   1.9877144e-01   2.2319425e-01
   2.0000000e+00  -6.9681435e-01   1.9646443e+00  -9.4683471e-01  -2.3506621e-01   8.3951426e-01  -1.8863535e-01
   2.0000000e+00   4.1351942e-01   1.5111206e+00  -8.5638460e-01   6.3349010e-03   2.7835053e-01   3.5908973e-01
   2.0000000e+00  -6.7009574e-01  -2.2850145e-01  -3.9502871e-01  -6.8475830e-01   5.7855191e-01  -6.5703310e-01
   1.0000000e+00  -7.2065591e-01  -8.4588982e-01   2.6601901e-01  -5.7641083e-01  -1.8485368e+00   5.0864650e-01
   2.0000000e+00  -5.4371141e-01  -9.5489945e-01  -1.5442910e-01   6.5050998e-01  -7.8372428e-01  -1.2342209e+00
   2.0000000e+00  -6.3185726e-01  -8.1393947e-01  -7.4947155e-01   6.1292826e-02   2.0819892e+00   2.9468674e-01
   2.0000000e+00   6.1553318e-02   2.5818674e-01   1.8917681e+00   1.2363120e+00   1.6462474e+00   2.4353188e+00
   2.0000000e+00   1.3955596e+00   6.9326992e-01  -9.3361739e-02   4.1490543e-01   6.0668781e-02  -1.5729634e+00
   2.0000000e+00  -1.7935867e+00   6.8900052e-01   8.0804139e-01  -8.4942168e-01  -9.2917232e-01  -6.9698067e-01
   2.0000000e+00   1.5103111e+00   1.5368260e-01   1.8359935e+00   1.8211172e-01  -1.2521963e+00  -2.0773066e+00
   2.0000000e+00   1.3721964e-01   1.7418481e+00  -1.7824184e-01   1.0266528e+00   1.7572811e-01   1.8232447e+00
   2.0000000e+00   9.9731155e-01   1.6229907e+00  -1.8500357e+00  -1.5309699e+00   6.2567862e-01  -7.5689833e-01
   1.0000000e+00   1.1989490e-01   1.1199622e+00   1.8391342e-01   4.9041128e-01  -1.0923027e+00   2.1307392e-01
   2.0000000e+00  -4.1992036e-01  -3.9836137e-01  -7.5330847e-01   6.5431848e-01   8.3571041e-01  -5.7844082e-01
   1.0000000e+00  -2.3815843e-01   1.4918527e-01   8.6656988e-01   4.8298670e-01   3.3829222e-01  -6.9859941e-01
   2.0000000e+00  -1.9921457e+00  -8.0580079e-01   1.0258647e+00   6.0571674e-01   4.6225815e-01   1.0482303e+00
   2.0000000e+00   1.2913596e+00   2.9156928e-01  -2.0218463e+00  -1.2887245e-01   1.8729868e+00   1.7368155e+00
   1.0000000e+00   7.4131204e-01  -6.7794686e-01   2.6831353e-01  -4.4096179e-01   4.9006763e-01  -8.6183939e-01
   2.0000000e+00  -3.6859146e-01  -9.8526150e-01  -1.1139527e+00   2.7310048e-01   6.3414434e-01  -8.5633985e-01
   2.0000000e+00   8.0639834e-01  -2.0160660e+00   9.4646982e-01  -1.1200496e+00   2.0517465e+00  -2.3298039e+00
   2.0000000e+00   6.1966870e-01   1.8313847e-01  -6.0434858e-01  -5.8335880e-01   2.1521179e+00   1.9405289e-01
   2.0000000e+00  -1.1858298e-01   2.7411649e-01  -9.4154943e-01  -1.4711317e-01   3.3471283e-01   7.5942356e-01
   2.0000000e+00   1.0023556e+00   9.5859267e-01  -2.0425445e-01   7.2438329e-01   4.1212685e-02  -5.1883786e-01
   2.0000000e+00  -1.7551392e+00   5.9360305e-01  -4.8699695e-02  -5.1866476e-01  -6.1135641e-01  -4.6314003e-02
   2.0000000e+00   6.7472121e-01  -1.1099371e+00  -2.9941095e-01  -1.9268331e+00   9.1513097e-01   8.5879983e-02
   1.0000000e+00   1.0887954e-01  -1.3957857e+00   6.3011922e-02  -2.2028593e-01  -2.0709810e-01  -1.3601788e-01
   2.0000000e+00  -1.3207746e+00  -2.3382470e+00   8.5734076e-01  -1.2085719e+00  -1.7898355e-01  -8.6979719e-01
   2.0000000e+00  -1.1212680e+00   1.0772226e+00  -1.7266425e+00   1.1317271e+00   1.0949702e+00   2.8051732e-01
   1.0000000e+00   6.4639030e-01  -7.7753914e-01   3.8553918e-01   2.8631055e-01  -1.8864147e+00  -8.2120349e-02
   2.0000000e+00   1.9136572e-01  -1.1637628e+00  -9.2819643e-01   1.0242637e+00   1.6685470e+00  -7.3723852e-01
   2.0000000e+00  -8.2722032e-02   1.2714992e+00  -6.2326622e-01   1.3685095e+00  -7.4577335e-01   7.2960033e-01
   2.0000000e+00   1.2552871e+00  -1.8429407e-02   9.1783509e-02  -7.8262347e-01   1.8083286e+00  -8.3315036e-01
   2.0000000e+00  -4.6063267e-01   1.1584399e-01  -3.3665615e-01  -6.9654215e-01   4.3234856e-01  -1.9252764e-02
   2.0000000e+00   2.9946315e+00  -6.1244314e-01  -2.7892546e-01  -7.3600457e-01   8.0444880e-01   6.7758406e-01
   2.0000000e+00  -7.2823309e-01  -1.5871517e+00   1.6519418e+00   2.6363530e-01   1.2301286e+00   2.2017558e+00
   2.0000000e+00   8.0337356e-01  -8.2843538e-01  -4.9217770e-01   8.9252402e-02   6.7773147e-01  -7.6457498e-01
   1.0000000e+00   3.3088075e-01  -6.6280809e-01   1.2900049e-01   6.6524392e-01  -9.6676166e-02   2.1884851e-02
   1.0000000e+00   1.6314136e-03  -6.8902324e-01   4.9867831e-01   1.4761479e-01  -3.0486824e-01  -1.8449079e+00
   2.0000000e+00   1.4501108e+00   6.1803585e-01   7.7996941e-02   3.2041724e-01  -7.5396987e-01  -2.9892150e-01
   2.0000000e+00   5.4370597e-01  -3.6966603e-01   1.3342264e+00  -3.4109109e-01   1.3312466e+00  -5.1459892e-02
   2.0000000e+00   9.2093310e-01   5.9423482e-01  -3.4072726e-01  -2.8900657e-02  -4.3109702e-01  -4.5858900e-01
   2.0000000e+00  -1.3096862e+00  -1.5833100e-01   9.7023830e-01   5.1685935e-02  -2.3066076e-01   1.0845941e+00
   1.0000000e+00   5.4654179e-01  -3.6464163e-01   3.8076658e-01   9.3166755e-01   1.9047930e-01   1.3531505e+00
   2.0000000e+00   1.5298806e+00   3.6977836e-01   5.7045953e-01   1.8796393e+00   9.4174261e-01   6.6151714e-01
   2.0000000e+00   2.4172296e-01   1.7455116e+00   1.7090535e+00  -3.7020484e-01  -1.2359302e+00   5.3937748e-01
   2.0000000e+00   1.6276551e+00   2.9318470e-01   1.8233856e+00   6.1942902e-01   9.8492936e-01   2.1041525e-01
   2.0000000e+00   1.2466239e+00  -4.4530866e-02   4.2647813e-01   1.8249091e-01   4.7783478e-01   5.7685742e-01
   2.0000000e+00  -1.2327774e-01   6.6187593e-01  -1.1518051e-01   1.2302733e+00   9.0240382e-01   1.1205034e+00
   2.0000000e+00   1.1813077e-01  -1.1930753e+00  -7.2410976e-01   3.1434211e-01   2.2048944e-01  -1.9066296e+00
   2.0000000e+00  -3.7860216e-01  -1.3503619e+00   1.1839993e+00  -6.7282166e-01   6.8293885e-01  -4.3778831e-01
   2.0000000e+00  -1.3548023e+00  -6.5198854e-01  -8.8709362e-01  -6.2274360e-01   6.6932551e-01  -1.9438806e+00
   1.0000000e+00  -8.6274586e-02   4.0624529e-01   8.6255906e-01  -4.7225693e-02   1.4533228e+00  -6.1958623e-01
   2.0000000e+00   1.4188408e+00   2.1867225e-02  -1.1527464e+00   4.8928091e-01  -2.3761095e+00  -1.1406484e+00
   2.0000000e+00  -1.8967714e+00   7.4017659e-01  -1.6200010e+00  -4.1019722e-01   5.7863536e-01  -6.5071540e-01
   2.0000000e+00  -6.7237881e-01  -7.0807649e-01  -1.0373026e+00  -1.6902236e-01   5.2692184e-01  -1.7703869e-02
   1.0000000e+00  -4.0492469e-01  -2.6847356e-01   4.7525709e-01   1.2032282e+00   2.8418131e+00   1.2283163e+00
   2.0000000e+00   4.2078746e-02  -1.5037553e-01  -7.3855217e-01   6.8662465e-01  -3.8156793e-01   1.2332123e-01
   2.0000000e+00  -3.0953593e-01  -1.3646771e+00  -1.1625075e-01  -4.9239496e-01   1.2400183e+00   4.6762884e-01
   1.0000000e+00  -5.6424686e-01   1.1811455e+00   7.8367762e-01   9.1726203e-01   6.3304738e-01  -1.3580469e+00
   2.0000000e+00  -1.9736247e+00   2.0018634e-02  -1.4138283e+00  -1.2164356e+00   9.2839721e-01   1.3000527e+00
   1.0000000e+00   3.8544766e-01  -4.6169284e-02   6.7556633e-01   7.2607720e-01  -6.1717600e-01   8.3493853e-01
   2.0000000e+00   2.1061468e+00   1.9550032e+00   1.3529522e+00   8.8338757e-01  -8.6327526e-01   1.5243244e+00
   2.0000000e+00  -2.2838120e+00   2.0666909e+00   1.7299803e+00  -3.7988778e-01   1.2040794e+00  -1.5318108e-01
   2.0000000e+00   8.8514971e-01  -6.3850699e-01  -1.2832401e+00   1.0286857e+00   2.4655958e-02   1.7810966e+00
   2.0000000e+00   1.4817252e+00  -8.7059809e-01   3.6257804e-01  -4.7104553e-01   5.7811027e-01   4.5091421e-01
   2.0000000e+00   6.7384480e-01  -3.2877508e-01  -7.9866310e-01  -1.6066103e-01   9.5819968e-01   1.1301648e-01
   2.0000000e+00   7.5581508e-01   6.7923010e-01  -1.2519566e-01  -5.6449813e-01  -6.6684863e-02  -3.7024933e-01
   2.0000000e+00  -1.3108808e+00   5.9698184e-02  -7.9561323e-01   1.1338116e-02  -1.4943679e+00   1.4711424e+00
   2.0000000e+00  -8.9036559e-01  -2.9783424e-01  -4.3891197e-01   1.4727909e+00   6.9370957e-01   8.1276033e-02
   2.0000000e+00  -9.0153832e-02   4.4253905e-02  -1.8070308e-01  -3.7860545e-01   4.0800887e-01   1.5024846e+00
   2.0000000e+00   5.9497001e-01  -1.0842195e+00   1.0154842e+00  -1.4348462e+00  -6.8827383e-01   1.2488413e+00
   2.0000000e+00   9.8680679e-01   1.1551425e+00  -5.1768942e-01   4.1487991e-01   5.3057749e-01   5.5391209e-01
   2.0000000e+00  -8.4967520e-01   5.5409092e-01  -8.9497624e-01  -9.8884945e-01   2.9779895e-01  -3.7351397e-01
   1.0000000e+00  -2.5957943e-01  -6.5232590e-01   5.3850604e-01   6.0457748e-01  -1.7296657e+00  -4.7707655e-01
   2.0000000e+00   2.0383666e+00   6.0237151e-01  -2.7359987e-01  -3.1054794e-01  -1.1015956e+00   3.0013907e-01
   2.0000000e+00   9.0103960e-01   4.0390989e-01   6.2683335e-01  -5.8244286e-01  -5.5818247e-01   1.7869315e+00
   2.0000000e+00  -1.8930550e+00  -1.0530566e+00  -2.2595910e+00  -2.5345473e-01   2.1375392e-01  -1.1208130e+00
   2.0000000e+00  -4.7230477e-02   6.9469675e-01  -7.2454043e-01   1.9129852e-01   1.7679327e-02  -9.6668805e-02
   1.0000000e+00   1.7572973e-01   1.2268862e+00   5.5270113e-01  -7.0510840e-01  -2.4602116e+00  -6.4872736e-02
   2.0000000e+00  -1.6860224e+00   8.7251540e-01   7.8934006e-01   2.2810441e-01   8.2529917e-01   1.2786938e+00
   2.0000000e+00  -8.0802615e-01   8.9737906e-01  -1.1279315e+00   6.6435781e-01  -1.6397588e+00  -1.3619495e+00
   2.0000000e+00   9.5431209e-01   3.1364413e-01  -8.7291826e-01  -1.6070820e+00  -1.3056629e+00   1.8607910e-01
   2.0000000e+00   2.6239653e-01   1.9645548e+00   9.8128023e-01   1.3181172e+00  -3.7834992e-01   2.1556122e-01
   2.0000000e+00  -4.9521119e-02  -1.1658255e+00  -7.9012148e-01  -1.0635878e+00   7.4145309e-01   7.6263008e-01
   2.0000000e+00  -1.9003572e+00   6.7240045e-01  -4.0958178e-01  -3.9774027e-01   1.7045791e+00   1.7533422e+00
   2.0000000e+00   7.5870390e-01   1.4602054e+00   3.6954631e-01   1.9926102e+00   7.0765199e-01  -4.8224176e-01
   1.0000000e+00   4.3433554e-01  -5.4494926e-01   4.9832793e-01  -2.6210248e-01  -9.5054913e-01   4.9306030e-01
   2.0000000e+00  -1.2016537e+00   1.1039665e+00   5.0745575e-01   7.3260486e-01  -2.4972733e-01  -6.0223984e-01
   1.0000000e+00   8.4246235e-01  -4.7053811e-01   1.2963756e-01   1.4544924e+00   2.3499750e-01   5.5265502e-01
   1.0000000e+00  -2.4248079e-01   8.0867397e-01   4.6184694e-01   6.7086245e-01   1.0670957e+00   2.2392153e-01
   2.0000000e+00  -1.0466128e+00  -6.1049476e-01   6.3518622e-01   9.4313943e-01  -4.9971087e-01   2.3054946e-01
   1.0000000e+00  -1.8366793e-01   3.8914760e-01   2.1718942e-01  -7.8668085e-02   1.8188617e+00   1.0556823e+00
   1.0000000e+00   3.2869994e-01  -9.3379705e-02   4.1356622e-01   2.6853487e-01  -1.6990953e-01   1.3071763e+00
   2.0000000e+00   8.6525074e-01   1.6763646e+00  -2.5265125e-01   5.7366498e-01   6.8883888e-01   1.6058616e-01
   1.0000000e+00   3.3703672e-01  -1.3389636e+00   3.5038260e-01  -3.1266927e-01   1.1831495e+00   1.7438029e-01
   2.0000000e+00   2.6897500e-01   2.0327261e+00  -2.8941417e-01  -1.2613435e+00   4.9591403e-01   8.8063011e-01
   2.0000000e+00   1.4345232e+00  -9.8747073e-01   1.1568494e-02   7.9125567e-01   1.9595859e+00   9.3390687e-01
   2.0000000e+00   2.0019365e+00   3.9909455e-01   3.8504985e-01  -1.0215112e+00  -8.7799655e-01   2.1487012e-02
   2.0000000e+00   6.6100328e-01   7.2745302e-01   9.4298700e-01   1.7158203e+00  -3.7854675e-01  -2.6758699e-01
   1.0000000e+00   1.2258134e-01   3.1701722e-01   1.1420692e-02   9.8794995e-01   1.1319604e+00   8.5890610e-01
   1.0000000e+00  -5.6743852e-01   6.4053038e-01   4.6913492e-01  -1.5790099e+00   1.9440673e+00   4.1490903e-01
   2.0000000e+00   9.0257415e-01  -4.4932875e-01  -4.9874881e-01   3.9209180e-01  -6.7431899e-01  -1.9526616e-01
   1.0000000e+00  -5.1168544e-01   2.3330042e+00   4.6071917e-01   7.8877839e-01   5.0327006e-02  -3.8885980e-01
   2.0000000e+00   8.5950734e-02  -1.3880832e+00   1.1507973e+00  -3.3077665e-01  -1.4837462e+00  -2.1276617e+00
   2.0000000e+00   3.8373351e-01   8.9162891e-01  -1.1247235e+00   8.9965780e-01   1.3827849e+00  -3.6418581e-01
   2.0000000e+00   2.1689790e+00  -1.3844590e+00   4.0513067e-01  -1.0673655e+00  -1.3066095e+00  -1.0601511e+00
   2.0000000e+00   7.8349079e-01  -1.3341621e+00  -7.8605860e-02  -1.0003781e+00  -1.4553796e+00   1.0669497e-01
   2.0000000e+00   1.3275796e+00  -4.7474767e-01  -1.0481406e+00   1.6449309e-01   1.2214273e+00   2.5060513e+00
   2.0000000e+00  -9.2141805e-01   5.8437145e-01   1.7319968e+00  -4.7256086e-01  -1.3964979e-01  -1.8771140e-01
   1.0000000e+00   1.2665335e-01   1.1233430e+00   9.8474743e-01  -6.0618440e-01  -1.9756081e-01  -1.2935044e-01
   2.0000000e+00   1.0895297e+00   2.2386454e-01  -2.3039939e-01  -6.4910683e-03   2.0161929e-01   2.3704768e+00
   2.0000000e+00  -5.6052182e-01   8.1968656e-02  -8.9663120e-01   1.9034000e+00  -5.6350226e-01  -1.1167351e+00
   1.0000000e+00   2.0380292e-01   1.1574319e+00   2.5820475e-01  -1.0158602e+00  -2.3766666e+00  -1.4090317e+00
   2.0000000e+00   3.9064017e-01  -8.4686246e-01  -4.0830705e-01  -2.1272063e-01   1.5548172e+00  -5.2931874e-01
   2.0000000e+00   4.7054123e-02   4.1183102e-01  -5.1510783e-01   4.1693301e-01  -6.1959188e-01  -1.5326320e+00
   1.0000000e+00  -2.7704454e-01  -2.1195065e+00   9.2064432e-02   1.4012325e-02  -4.6825527e-01  -1.3926126e+00
   2.0000000e+00  -4.4640427e-01  -3.9127274e-01  -1.1840405e+00   9.2155624e-01   1.4681101e+00   2.1245651e-01
   2.0000000e+00  -5.4404076e-01  -8.2580048e-01   1.2003854e+00   8.6689513e-02   8.8260375e-02   1.0483528e-01
   2.0000000e+00   3.6327401e+00   1.5921840e-02   8.0987647e-01  -1.3310147e+00  -1.2360064e+00   6.2417970e-01
   2.0000000e+00  -7.1286836e-01  -8.3944550e-01  -1.3097633e-01  -9.8277454e-01  -4.9176055e-01   1.9280180e+00
   2.0000000e+00   8.1837902e-02   2.6698376e+00  -7.3281692e-01  -8.1652156e-01   7.4171452e-01  -1.4769490e+00
   2.0000000e+00  -1.7304106e+00  -1.4513826e-01  -1.5699708e+00  -8.0216241e-01   2.5893917e-01  -1.4885961e-01
   1.0000000e+00  -6.9427876e-01  -2.0560625e+00   4.6840702e-01  -3.7159389e-01   8.0142238e-01   1.7526827e-01
   2.0000000e+00  -1.3356830e+00   1.8317571e-01   2.0875535e+00   6.9878631e-02   3.5141285e-01   1.1746571e+00
   2.0000000e+00   1.9513358e+00   3.3154973e-01   6.2786309e-01  -1.1639871e+00   4.1491917e-01  -3.5384257e-01
   2.0000000e+00   1.4580138e+00  -3.0366941e-01   6.1768515e-01   1.1650514e+00   7.2269364e-02   1.0754821e+00
   2.0000000e+00   9.8688408e-02   2.3886844e-01  -9.9239710e-02  -2.6987821e-01  -6.6314589e-01  -1.4600252e+00
   2.0000000e+00  -5.9351060e-01   1.6528029e-02  -1.5142381e-01   2.2487124e-01  -1.1197031e-01   2.0930074e+00
   2.0000000e+00  -1.2152503e+00   5.5561225e-02  -6.9786889e-01  -1.0465968e-01  -2.1052056e-01  -6.7406276e-02
   1.0000000e+00  -3.1053686e-03  -9.7540794e-01   5.0228531e-01  -5.8323953e-01   1.0994822e+00   2.0774280e+00
   2.0000000e+00  -2.3037021e-01  -2.1408934e+00  -3.0250000e-01   6.3032284e-01   1.9971708e+00  -4.6344268e-01
   2.0000000e+00  -3.5114042e-01  -5.4984915e-01  -9.9274414e-01  -4.8157499e-01  -5.7803410e-01  -3.8301124e-01
   2.0000000e+00   2.9503613e+00  -1.1744017e+00  -3.9027623e-01   1.0692660e+00  -2.2038984e+00  -1.1839843e-01
   2.0000000e+00   7.5278808e-01  -5.0895171e-01  -4.8425238e-01  -3.0138288e-01   7.6201327e-01   2.2775129e-01
   2.0000000e+00  -7.8035896e-01  -3.2549549e-01  -2.7387194e-01  -3.8076369e-01  -1.2319404e+00  -7.9763878e-01
   2.0000000e+00  -2.7821265e-01  -1.8847420e+00  -1.1150137e+00   8.3361116e-02  -6.5298457e-01  -1.9052073e+00
   1.0000000e+00   6.1090480e-01  -1.8389449e+00   4.1415964e-01  -1.9095666e+00  -8.0847617e-01  -1.7926991e+00
   1.0000000e+00   6.0282424e-01   4.5149270e-01   6.8887039e-02  -1.0600755e+00   2.9232994e-01   2.8067291e-01
   1.0000000e+00  -2.1023264e-01   5.7481197e-01   3.3449012e-01  -6.2324030e-01  -1.1135095e+00   1.7713205e+00
   2.0000000e+00   1.1229360e+00   3.0577955e-01  -7.9981779e-01   1.7729140e+00  -1.2665154e+00  -1.2669095e+00
   2.0000000e+00   1.0288531e+00   6.8823663e-01  -2.9653023e-01  -1.6767981e-01   2.0258516e+00  -2.4202922e+00
   2.0000000e+00  -7.1136236e-01   3.2136079e-01   2.0025708e+00  -6.3272503e-01  -1.3322843e+00  -1.2654218e+00
   1.0000000e+00  -4.6949741e-01   5.5490647e-01   2.7615283e-01   1.1092936e+00   1.2799227e+00   1.5827132e+00
   2.0000000e+00  -1.0217427e+00  -1.1719946e-01  -6.0692529e-01   9.9523724e-01   1.2010148e+00   1.1178490e+00
   2.0000000e+00   1.5296085e+00   1.5659973e+00  -5.0859249e-01  -1.1502701e-01   2.7798416e+00   9.8328545e-01
   2.0000000e+00  -3.7050855e-01  -2.7265472e+00  -1.4890337e-02  -7.3829412e-01  -7.2714597e-01  -2.1361624e+00
   2.0000000e+00   4.5793433e-01  -1.6408809e-01  -1.1413147e+00   1.3477094e+00  -8.5809392e-01  -5.4451659e-01
   2.0000000e+00  -1.0768285e+00   9.6468152e-01  -1.5770830e-02  -1.1834319e+00   7.2607699e-01   1.1854337e+00
   2.0000000e+00  -8.9400980e-03  -1.8111224e+00  -2.2964560e-02  -6.1918367e-01   1.4301418e+00   1.1242500e+00
   2.0000000e+00   7.4618942e-02   5.9981220e-02  -1.4268785e+00   1.0559366e+00  -1.8677080e+00  -7.0021042e-01
   2.0000000e+00   4.1843579e-01   7.5491040e-01   1.5138237e+00   9.4298083e-01   9.4943467e-01   1.0772517e+00
   1.0000000e+00  -7.6202942e-01   3.2047042e-01   4.5128586e-01  -3.9455562e-01  -1.2661654e+00   8.7249496e-01
   2.0000000e+00   1.9867794e+00  -2.2041436e-01  -1.5968071e+00  -9.2681604e-01   5.2720970e-01  -2.0477933e+00
   1.0000000e+00  -5.6554058e-01   7.7330187e-01   4.9462682e-01   1.0773574e+00   4.9874931e-01   6.1397008e-01
   2.0000000e+00   2.3260308e+00   9.0533162e-01  -1.4649922e+00  -2.7671142e-01  -1.7147709e-01   1.4430186e+00
   2.0000000e+00   1.3360880e+00  -8.7336670e-01  -8.6942516e-02  -9.1773827e-02  -9.8252757e-02   1.1975001e+00
   2.0000000e+00   3.3055662e-01  -1.5330024e+00  -1.5862684e+00   1.6008494e+00  -4.8055637e-01  -5.9934582e-01
   2.0000000e+00   9.1326514e-02   6.7923332e-01  -7.9934911e-02  -8.6179432e-01  -8.2319030e-01  -6.3489033e-01
   2.0000000e+00  -1.2655759e-01  -2.0076860e-01  -4.3815881e-02  -4.0639831e-01   7.9050286e-01   7.0471145e-02
   2.0000000e+00  -2.2075539e+00  -1.0200041e+00   3.8646652e-02  -2.2069104e-01  -1.8741242e-01   1.8643634e-01
   2.0000000e+00   8.8108265e-01   1.9325817e+00  -1.1453422e+00  -7.0319214e-03  -2.6126203e+00   4.6395972e-01
   2.0000000e+00  -6.3097529e-01   1.2208660e+00  -2.0606070e-01   1.3095886e+00  -3.9274073e-01   7.8968574e-01
   2.0000000e+00  -1.0388449e+00   4.7258932e-01   2.2004418e-01  -1.0967727e+00   4.4916363e-01   5.6584325e-01
   2.0000000e+00  -1.6847847e+00   1.0157799e+00  -1.5786633e-01   1.3592923e+00  -2.4420084e-01  -2.3144082e+00
   1.0000000e+00   4.7826974e-01  -3.6477310e-01   4.8594575e-02   8.5198126e-01  -5.7238840e-01  -2.4640642e-01
   2.0000000e+00  -1.2341607e-01  -6.2422436e-02   1.1086925e+00   1.2489053e+00  -2.5929188e-01  -3.4824746e-01
   1.0000000e+00   7.9500642e-01  -2.5989953e-01   1.4281966e-01   2.1292253e-01  -2.7355110e-01   2.2828681e-02
   1.0000000e+00  -1.6584520e-01  -1.2347829e+00   1.5833378e-01   1.3914002e+00  -1.9255864e+00  -4.2146321e-01
   2.0000000e+00   7.1076378e-01  -2.5444292e+00   8.2286836e-01   1.3122308e+00  -7.0005141e-01  -5.5419540e-02
   2.0000000e+00   1.6441918e-01  -2.0856924e+00  -7.1117279e-01   4.5854925e-02   8.1307226e-01  -1.5338379e+00
   2.0000000e+00   1.1204105e+00  -4.5082347e-01  -7.7640656e-01  -1.5641359e+00   2.9728909e-01  -9.4167848e-01
   2.0000000e+00   1.2405366e+00   1.1778497e-01  -1.0015611e+00   4.6498547e-01   6.5658701e-01   2.8797834e-01
   2.0000000e+00  -1.2940178e-01  -1.0088317e+00   2.0254741e+00   2.2588060e+00   1.2265079e+00   1.8877824e-01
   2.0000000e+00  -9.4042040e-01   1.0094915e+00   5.1435152e-01   9.7880801e-01  -3.2171970e+00   1.9761031e+00
   2.0000000e+00   3.3496808e-01  -5.8153239e-01  -2.2032785e-01   2.2181866e+00   2.0485719e-01  -2.9340697e+00
   2.0000000e+00   7.9875957e-01  -2.2826081e-01   1.3508675e+00   5.8504585e-01  -1.5184786e-01   1.0754322e+00
   2.0000000e+00   1.8430223e-01  -6.7730611e-01  -1.0811270e-01  -7.7833105e-01  -6.7831170e-01  -2.7631312e-01
   2.0000000e+00  -4.9536312e-01  -7.0908528e-01  -6.5208096e-01  -2.7858628e+00  -1.1547327e+00  -2.1579183e-01
   2.0000000e+00  -4.7464071e-01   9.6675204e-02   1.9546231e+00   1.4015196e+00  -1.7805168e-01  -6.9996563e-01
   2.0000000e+00  -8.8311356e-01  -1.0674971e+00   6.5092813e-01   3.7388431e-02   1.0964783e+00   7.6862305e-01
   2.0000000e+00   5.9521948e-01   2.0592583e-01  -9.1123328e-01   3.2324292e-01  -7.2831110e-01  -4.4745136e-01
   2.0000000e+00   6.9824579e-01  -1.3781117e+00  -5.6276819e-01  -5.9801432e-01   3.9697909e-01  -1.4079983e+00
   1.0000000e+00  -3.5125833e-02   1.5382057e+00   5.2437398e-01   4.0619080e-01   7.7479942e-01  -9.1116859e-01
   2.0000000e+00   8.9298967e-02  -1.2691657e-01  -5.2440684e-01  -6.0737052e-01  -9.7800067e-02   1.1103621e+00
   2.0000000e+00  -2.6237568e+00  -4.2338381e-01  -2.6094117e-01   1.0301336e+00  -7.0652476e-01  -2.3285692e+00
   2.0000000e+00  -3.9439426e-01   1.6553575e+00   1.4204415e+00  -1.1815644e+00   1.6989399e-01  -2.0222898e+00
   2.0000000e+00  -1.4186688e+00   6.1814726e-01   4.5331151e-01   1.3746810e+00   6.7801482e-01   7.5100312e-01
   2.0000000e+00  -5.4925596e-01  -1.4324173e-01  -2.1657594e+00  -3.0136234e-01  -1.8219194e+00  -1.8579797e+00
   2.0000000e+00  -1.4428055e+00   9.0142510e-01   9.6638057e-02  -8.1246724e-01   3.8274659e-02  -6.7943301e-01
   2.0000000e+00  -5.2235702e-01  -9.3897034e-01  -1.5781969e+00   6.0906508e-01  -9.7336942e-02   5.3140284e-02
   2.0000000e+00  -2.0561970e+00   7.8399557e-01  -1.1415866e-01  -2.0050432e+00   1.1359383e+00   1.5213980e+00
   2.0000000e+00   1.3147163e+00  -1.5663059e+00   3.6302591e-01  -1.5886165e+00   2.1044598e-02   1.4596489e+00
   2.0000000e+00   1.3373831e+00   9.2810492e-02   6.7894564e-01   1.6493835e+00   3.1924710e-01  -9.9316605e-01
   2.0000000e+00   1.5797426e-01  -1.0123287e+00  -8.3743372e-01   9.5478477e-02   1.7057361e-01   1.1323434e+00
   2.0000000e+00  -2.2836052e-01  -8.1382519e-01  -8.5426680e-02  -1.6625864e+00   9.2689052e-02   1.2193138e+00
   2.0000000e+00   3.1344265e-01   9.0933261e-01  -1.5673247e+00   1.4052484e+00  -1.0591606e+00   3.7289743e-01
   2.0000000e+00   7.6138489e-01   7.5924280e-01   3.1048180e-02   2.4928157e+00  -1.9820467e+00  -2.9389643e-01
   1.0000000e+00  -5.9575164e-01   2.2105543e+00   3.4387792e-01  -1.6056727e+00  -8.2300111e-02   2.7704864e-01
   2.0000000e+00  -7.1469881e-01  -7.3835455e-01   9.4460962e-01   2.0743331e-01  -4.7882123e-01  -4.7837651e-01
   2.0000000e+00   2.0647149e+00  -1.0468096e+00  -1.3555252e+00  -1.2598293e+00  -7.2315281e-01  -1.2607928e-01
   2.0000000e+00  -9.6825341e-02   1.3648834e+00  -1.0090766e+00  -3.1979244e-01   1.8772383e+00  -1.6735453e-02
   2.0000000e+00  -3.7856441e-01  -3.9429862e-01  -1.0186126e+00  -9.1072334e-01   1.1455975e+00  -7.6582549e-01
   2.0000000e+00  -3.1366380e+00  -1.0712089e+00  -4.7879606e-01  -1.4367645e+00  -1.7283483e+00   1.2969913e-01
   1.0000000e+00  -9.5032389e-01   2.9041109e-01   2.8577604e-01  -6.3500639e-01   8.9945962e-01   3.4173409e-01
   2.0000000e+00   3.5354039e-01  -4.0502296e-01  -7.9106264e-01  -7.8819200e-01   4.8042315e-01  -6.1119750e-01
   2.0000000e+00  -1.5251581e+00  -1.0445198e+00  -5.4180317e-03   4.3877276e-01  -8.3312483e-01  -1.1784105e+00
   2.0000000e+00  -2.2379212e-01   1.9768205e+00  -4.6956455e-01   5.2721122e-01  -1.7458493e+00   8.9301926e-01
   1.0000000e+00  -4.6605206e-03  -1.2270165e+00   3.7819969e-01  -1.3003096e+00   1.4186683e+00  -9.1111936e-01
   2.0000000e+00  -8.0543754e-01   2.8223901e-01   1.0174570e+00   9.5629386e-01   8.2915127e-02   1.2443545e+00
   1.0000000e+00  -3.7549850e-02   1.8959064e-01   4.8629727e-01   6.5628436e-01   2.0147180e-01   1.2611602e+00
   1.0000000e+00   2.7840459e-01   2.0209736e+00   7.2814957e-01   9.6106921e-01   9.2856983e-01   2.3658162e+00
   2.0000000e+00  -5.6542235e-02  -1.0144626e-01  -1.0508445e-01   1.4329975e+00   3.0670316e-01  -7.9191310e-01
   1.0000000e+00   5.7824414e-01   7.2001909e-01   6.9503444e-01  -5.8781523e-01  -6.6413937e-02  -8.3230595e-01
   2.0000000e+00   9.3516036e-01   1.8101628e+00  -1.6975931e-01   6.9868066e-01   6.1961485e-01  -8.5916905e-01
   2.0000000e+00   6.9779823e-01   4.0709747e-01  -2.5765169e-01  -2.9390462e-01  -1.5884958e+00  -1.0598726e+00
   2.0000000e+00  -2.9643363e-01  -8.8057485e-01  -1.2836557e+00  -1.3457249e+00  -2.7034237e-01  -3.6125667e-01
   2.0000000e+00  -1.6294352e+00  -7.0721794e-01  -1.1188335e-01  -1.2029126e+00  -1.1069105e+00  -1.8186830e+00
   2.0000000e+00   1.5959897e+00   3.1358539e-01  -9.1566602e-01  -1.3033437e-01  -1.9882845e+00  -1.8215829e+00
   2.0000000e+00  -5.2677252e-01   2.8245068e-01  -4.0843586e-01  -1.4623955e-01   2.6493133e-01  -8.1675976e-01
   1.0000000e+00   1.1620114e-01  -3.2751876e-01   2.7280214e-02  -1.1245271e-01   1.2524919e-02  -1.6196697e-01
   2.0000000e+00   7.5106464e-01  -3.0297537e-01  -7.6269400e-03   4.1871225e-01   1.4885926e+00  -3.9205054e-01
   2.0000000e+00   3.4403663e-01   3.5266039e-01  -7.0871295e-01   1.8002282e+00   1.1317287e+00  -1.7743419e+00
   2.0000000e+00  -1.1862783e+00   4.1431698e-01  -9.4089426e-02  -4.8236054e-01  -1.2466015e+00   1.3925094e+00
   2.0000000e+00  -1.1277948e+00   4.5795881e-01  -1.2955977e+00   5.9332237e-01  -1.3520370e+00   1.8590175e-01
   2.0000000e+00  -9.5896011e-01  -1.3228721e+00   1.0881256e+00   1.6941242e+00   1.0142746e+00   1.9041548e-01
   1.0000000e+00  -4.1088949e-01   3.5992731e-01   2.8318713e-01  -1.4487268e-02  -2.0478765e-01   1.6829115e+00
   1.0000000e+00   7.4554854e-01  -9.3963416e-02   3.1856894e-01  -8.5040390e-01   1.2472282e+00  -2.1262482e-01
   2.0000000e+00  -5.6713792e-01   1.0042259e+00  -1.1170874e+00  -6.4374792e-01  -1.9341116e+00   1.3887797e+00
   2.0000000e+00  -6.8950752e-01  -1.0994270e+00  -1.8757530e+00  -5.4218195e-02   1.4423711e-01   8.5214401e-01
   2.0000000e+00  -9.3947129e-01  -1.1296944e+00  -4.0680670e-01  -1.4458809e+00   2.9112035e-01   1.3841531e+00
   2.0000000e+00   9.7778708e-01   6.4629844e-01  -3.0790073e+00  -2.3182789e-02   1.9666343e+00   1.7913362e+00
   2.0000000e+00  -1.1718650e+00  -3.1080834e-02  -6.2943483e-01  -6.1532923e-01  -1.3886645e+00   1.3290693e+00
   1.0000000e+00  -1.6497349e-01   3.7761003e-01   2.4685660e-01  -9.0664892e-01  -9.6318809e-01  -6.3023558e-01
   1.0000000e+00  -7.0493540e-01   6.0243397e-01   9.9822898e-02  -1.4134187e+00   9.0420119e-01  -1.3337259e+00
   2.0000000e+00   6.4494299e-01   1.8025080e+00  -8.0609608e-01   1.1887249e+00   3.2034259e-01  -8.4855703e-01
   2.0000000e+00   3.8598085e-01   8.4794582e-01  -3.9586387e-01   2.8983409e-02   5.4946329e-01  -1.0022926e-01
   1.0000000e+00   5.0524184e-01  -1.4481759e+00   4.1675269e-01   9.8683751e-01   1.1087021e+00   1.0438920e+00
   2.0000000e+00  -1.0997146e+00  -1.3258630e+00   7.9171819e-01   7.0147503e-01   9.0205763e-01  -2.7333465e-01
   2.0000000e+00  -1.0188033e-01   1.7410379e+00  -1.3695874e+00  -8.0059757e-01   6.1256908e-01   1.1370693e-01
   2.0000000e+00  -3.4323279e-01   3.1127024e-02   1.4070611e+00  -7.1804094e-01  -3.4021951e-01  -1.1436785e+00
   2.0000000e+00  -5.1465685e-01   1.3036426e+00  -1.2257190e+00   9.1374523e-01   1.0589591e+00   5.1218939e-01
   2.0000000e+00   8.5763967e-01   4.8606895e-01   1.5529409e+00  -6.9604396e-01   1.0969235e+00   3.9122837e-01
   1.0000000e+00   5.7267888e-01   5.9600010e-01   4.8273152e-01  -1.0915848e+00  -7.8866710e-01   2.1264615e+00
   2.0000000e+00   1.8963193e+00   9.8713106e-01  -1.1941007e+00   6.0814850e-01  -1.0823343e+00   9.2661828e-01
   2.0000000e+00   5.7565415e-01   1.9386905e-01  -3.7543682e-01   1.6732235e+00   9.0681460e-01   1.4552997e+00
   2.0000000e+00   1.3206728e+00  -9.3256951e-01  -6.5268205e-02  -3.1611389e-01  -1.0585373e+00  -8.6477388e-01
   2.0000000e+00   1.8226477e-01  -5.6017787e-01  -3.7783173e-01  -1.4778700e+00  -2.8970470e+00  -6.3892977e-01
   2.0000000e+00   6.5356368e-01  -5.9726196e-01   9.9752034e-01  -7.4418624e-01   3.3503621e-01  -1.6444239e-01
   1.0000000e+00  -1.5660863e-02   3.7546283e-01   5.1332998e-01  -5.6254297e-01  -1.9584865e+00  -3.8106463e-01
   2.0000000e+00  -4.3091324e-02  -3.8382012e-01  -3.6936597e-01   1.5809024e+00  -9.4977716e-01   4.8314505e-01
   2.0000000e+00  -1.4694664e+00   9.3526649e-01   1.1144673e-01   1.0004297e+00   4.0999763e-01   2.3501449e-01
   2.0000000e+00   1.0253854e+00  -2.0075190e+00   7.3116705e-01  -2.0686904e+00  -2.9751891e-01   5.7162422e-01
   2.0000000e+00  -1.4483723e+00   1.4903123e+00   8.5144061e-01  -5.3715589e-01   1.6245945e+00  -7.9871249e-01
   2.0000000e+00  -1.1688408e+00   1.1658796e+00   3.6651943e-01   1.3971227e+00  -1.4265455e-01   5.4146372e-01
   2.0000000e+00   1.4747882e+00  -3.3211952e-01   5.0626688e-02  -5.9789507e-01  -3.8401066e-02   1.0340848e+00
   2.0000000e+00  -1.0292430e+00   1.7220509e+00  -2.0110909e-02  -1.1039759e+00  -3.2230692e-01   7.9548503e-01
   2.0000000e+00  -2.3813342e-01  -1.0220735e+00  -4.1478166e-01  -6.1167565e-01   4.5390952e-01   1.5786262e-01
   2.0000000e+00  -1.4191716e+00   8.5352123e-01  -1.0805312e+00  -5.7509951e-01   2.2492792e-01   8.0846893e-01
   2.0000000e+00  -2.2223617e-01   4.0900696e-01  -2.0462486e-02  -1.0598724e+00  -2.2996488e-02  -1.2797161e-01
   1.0000000e+00  -2.0271929e-01   1.5215794e+00   1.4999673e-02   2.6329838e-01  -8.2787832e-01   8.1068371e-02
   2.0000000e+00   1.7872731e-01   5.6658742e-01  -6.3496619e-01   4.0367356e-01  -4.9909978e-01  -1.4752199e-03
   2.0000000e+00  -1.0802115e+00  -4.2912088e-01  -5.8438873e-01   1.2781762e+00  -9.0251661e-01  -3.1656867e-02
   1.0000000e+00   4.2053480e-01  -8.7979859e-01   6.9983668e-02   1.3887454e+00   1.2843241e+00   2.6011976e-01
   1.0000000e+00  -2.4740219e-02   8.5006609e-01   7.0247918e-01   3.6538647e-02   3.2745143e-01  -1.4692581e+00
   2.0000000e+00   1.1669466e+00   9.5226456e-02   4.8735548e-01  -9.5174135e-01   1.2631470e+00   4.9463249e-01
   2.0000000e+00   7.6335401e-02   3.1144249e-01  -1.3284421e+00   2.8190630e-01   4.4449638e-01  -2.2835783e+00
   2.0000000e+00  -2.1160585e+00   4.6124484e-01   2.2679108e-01  -8.8275971e-01  -1.8023866e+00  -4.3959751e-01
   2.0000000e+00   1.0266700e-01  -5.4538164e-01   2.2057341e-01   2.0915810e+00   4.4377447e-02   5.5589822e-01
   1.0000000e+00  -4.4218805e-01  -2.6155388e-01   4.4805648e-01  -1.8206465e+00   1.4716692e+00  -1.2013869e+00
   2.0000000e+00   1.1001890e+00  -7.8634566e-02  -1.7526913e-01  -6.8819755e-02  -2.0090195e+00  -6.0358054e-01
   2.0000000e+00   1.6300454e+00   1.4334594e+00  -2.4411825e-01  -2.9677541e-01  -2.1458176e+00   1.6429230e-02
   2.0000000e+00  -7.9766024e-01   8.4768392e-01   1.8148033e+00   1.1494057e-01  -4.5658292e-01   1.6558899e+00
   2.0000000e+00  -9.0756697e-01  -1.0896025e+00   1.6149323e+00  -2.0875458e+00   2.3679225e+00   1.1849405e+00
   2.0000000e+00   4.5444581e-01   1.1213402e+00   2.2837303e+00   7.1751323e-01  -1.0835160e+00   8.0351288e-01
   1.0000000e+00  -3.8958451e-01  -3.9120438e-01   1.0544241e-02  -1.8368010e+00  -3.4688701e-01   3.1951964e-01
   2.0000000e+00   5.9910595e-01   6.5889740e-01  -1.0009032e+00   4.6420373e-01   4.3287933e-01   9.5237867e-01
   2.0000000e+00  -1.2146165e-01   7.2813671e-01   1.3616350e+00   9.0552096e-01   7.2230287e-01  -2.7656160e-01
   1.0000000e+00   6.0838232e-01  -2.8851030e-01   4.8254749e-02   5.6184939e-01  -8.7097986e-02   8.9202047e-01
   2.0000000e+00   1.4787974e+00  -1.7601122e+00  -1.1170764e+00   4.5049140e-01  -3.9307572e-01  -2.8229688e-01
   2.0000000e+00  -2.2989996e+00  -1.0667671e+00  -1.4519086e+00   5.6091288e-01  -6.2627641e-01   1.9106111e-02
   2.0000000e+00  -3.3610214e-01  -1.0656942e+00  -1.3251900e-01   1.2396741e+00   5.5872384e-01   1.5741244e-02
   2.0000000e+00  -1.9576849e-01   1.0630965e+00  -1.3444548e+00   4.5240919e-01  -2.3496732e-02  -2.9015223e-01
   1.0000000e+00  -4.4501248e-01  -1.3993376e-01   2.5890702e-01   1.2122039e-01  -1.4593509e+00   3.4523239e-01
   2.0000000e+00   3.1483497e-01  -7.8013758e-01  -1.4605714e+00  -8.4317532e-01  -1.2412757e+00  -2.1745216e-01
   2.0000000e+00   1.1985924e+00   1.2535499e+00   1.3858948e+00   1.3597980e-01  -8.4908937e-02   1.9373277e+00
   2.0000000e+00  -1.3235826e+00  -1.2726053e+00  -6.3885534e-02  -8.2210754e-01  -3.7844130e-01   1.5724846e+00
   2.0000000e+00   1.6034368e+00   7.8773014e-01  -7.0986430e-01   1.0541620e-01   8.8446129e-01  -1.3446397e+00
   1.0000000e+00  -5.1003552e-01   1.3694259e+00   1.9921610e-01   9.7034091e-01   1.8796766e+00  -4.9199163e-01
   2.0000000e+00   1.1964710e+00   5.3881671e-01   6.9782211e-01   1.0470067e+00  -7.9984995e-01   1.3211625e-01
   2.0000000e+00   2.9944527e-01  -6.1635926e-01  -7.9789773e-01   1.3779295e+00  -5.0503390e-01  -1.7269627e+00
   2.0000000e+00   1.8782710e+00  -1.7785719e+00  -1.1913714e+00   1.5413867e+00  -1.4904873e+00  -5.3535413e-01
   2.0000000e+00  -2.9059835e+00   1.6666188e+00  -5.0572402e-01   7.0225566e-01   9.0680665e-01  -9.8453264e-01
   2.0000000e+00   1.6795376e+00   1.8359222e+00  -5.0575088e-01   7.8234819e-01  -6.2714116e-02  -8.5200302e-01
   2.0000000e+00  -6.3310353e-01   3.1128376e-01   1.2015772e+00   2.9236090e-01   1.6680171e-01  -1.0233172e+00
   2.0000000e+00  -5.2447082e-01   2.2435552e+00  -5.1555443e-01  -6.6213745e-01  -5.5936923e-01   3.6690137e-02
   2.0000000e+00   1.6416134e-01   6.1742040e-01  -4.4192417e-01   2.8976915e+00  -6.2681019e-02  -6.0261456e-01
   2.0000000e+00  -7.8411141e-01  -9.4181458e-01  -1.6408893e+00  -5.7828915e-01   4.1824189e-01  -1.4056649e+00
   2.0000000e+00  -1.2795087e+00  -1.3087714e-01  -1.4821824e+00  -1.0931395e+00  -1.0546228e-01   1.1769033e+00
   1.0000000e+00  -8.8477257e-01  -2.2951737e-01   6.1253661e-02  -5.5871752e-01   1.7770932e+00   2.2174943e-01
   2.0000000e+00  -1.5357221e+00  -2.3008607e+00   9.3257472e-01  -8.1911534e-01   7.6962550e-01  -7.9832742e-01
   2.0000000e+00   1.0327047e+00  -7.1881622e-01  -8.0900850e-02   9.2980570e-03   7.5523082e-02   2.5311083e+00
   1.0000000e+00  -4.8087450e-01  -4.9444728e-01   3.6878816e-02  -5.6268198e-01   4.0997649e-01   1.4597644e+00
   2.0000000e+00   9.2098874e-01  -6.3044362e-01  -1.4745825e+00   1.2503093e+00  -1.4493586e+00   9.0954611e-01
   1.0000000e+00  -6.6380661e-01   1.2927674e+00   6.7293764e-01   3.0068869e-02   7.5140042e-01   7.0699857e-01
   2.0000000e+00   1.1890915e+00   1.3464662e+00  -1.0254263e+00   1.3699506e+00  -1.2279313e+00  -5.4714786e-01
   2.0000000e+00  -2.3604846e+00  -7.9577530e-01   5.0803750e-01   3.8426477e-01  -5.2180154e-01   6.5893607e-02
   2.0000000e+00   9.3379438e-01  -4.4650330e-01  -1.1239461e+00  -3.8734876e-01   8.7769402e-01  -3.5171199e-01
   1.0000000e+00  -3.6479583e-01   2.8746945e-01   6.8276048e-01   1.1802192e+00   3.0176632e-02  -3.0471786e-01
   2.0000000e+00   9.9827768e-02  -2.1357374e+00   1.4887778e+00  -4.2264369e-01  -7.0466361e-01  -3.5661357e-01
   2.0000000e+00   1.3908289e+00  -2.8408006e-01   3.2995189e-02  -1.4357795e+00   1.1378221e+00  -3.0790070e+00
   2.0000000e+00   5.8006847e-01  -1.5143223e-02  -8.5692094e-01  -1.3034889e+00  -9.3893111e-01  -6.1412337e-01
   2.0000000e+00   1.8098815e+00  -1.2975644e+00  -5.9225509e-01  -5.8955120e-01   9.2949668e-01   1.6119805e-01
   2.0000000e+00   6.6472912e-01  -2.1804858e+00  -1.1991255e-01  -2.2138514e+00   1.5418670e+00  -1.2485373e+00
   2.0000000e+00  -1.7905087e+00   6.4624943e-01   4.2327451e-01  -1.8394870e-02  -6.4487420e-01  -9.2183095e-01
   1.0000000e+00  -5.4252329e-01  -4.9226380e-02   5.9724818e-02  -4.9370350e-01   1.3881036e+00   1.7343975e+00
   2.0000000e+00  -1.3855994e+00  -1.3326261e+00   3.2775267e-01   8.5222126e-01  -1.1819313e+00  -2.1118119e-01
   1.0000000e+00   4.4564493e-01  -1.2621255e-01   3.1879420e-02   1.4812593e+00  -4.3980238e-01   2.0265682e+00
   2.0000000e+00   1.4893610e+00   1.6479807e+00  -5.4306523e-01  -1.1635040e+00  -1.5096561e-01  -1.2622948e-01
   2.0000000e+00   2.0209809e+00  -7.1433034e-01  -1.7302702e+00   5.1362496e-02  -1.9206022e-01  -1.4885873e+00
   2.0000000e+00   1.5628971e-01   1.3509289e+00  -1.5909877e+00  -2.3602105e-01  -3.2728201e-01  -1.0780484e+00
   2.0000000e+00  -1.7901131e+00   1.0870662e+00  -3.4727386e-01  -1.1994426e+00  -6.6207993e-01   6.9636788e-01
   2.0000000e+00  -2.1101887e+00   1.2663561e+00  -3.2653237e-01   6.3203326e-01  -6.8060717e-01  -5.9324132e-01
   2.0000000e+00  -1.2429583e+00   6.9969431e-01   3.0414701e-02  -1.7306892e-01  -2.4675025e-01   8.9236734e-01
   1.0000000e+00   8.2526337e-01  -6.3067301e-01   4.6422856e-01  -5.3632918e-03  -1.9319023e+00  -5.0785393e-01
   2.0000000e+00  -9.9558300e-01   2.2878086e+00  -2.1344448e-01  -7.0314611e-01  -1.3346680e-01   1.8200079e+00
   1.0000000e+00  -8.3236702e-01   2.1453105e-01   1.0331415e-01   8.6803642e-01   2.5962016e-01   2.3523382e-01
   1.0000000e+00  -4.9984842e-01   7.2776484e-01   2.2637421e-01  -1.3766559e+00   9.7010293e-01  -3.3591146e-01
   2.0000000e+00   1.9050478e+00   3.5000772e-01  -5.0423388e-01  -4.3362632e-01   3.7128278e-01   1.6372676e+00
   2.0000000e+00   4.0802598e-01   2.4079071e-01   1.6112824e+00  -3.7260584e-01   1.0237456e-01   7.0005217e-01
   2.0000000e+00   1.4553651e+00   4.4822273e-01   1.3890493e+00  -7.7871202e-01   9.7427169e-01  -1.4187676e+00
   2.0000000e+00  -8.4798628e-01   1.4780306e-01  -8.1513997e-01   6.0294177e-01  -2.0102923e-01   4.6069222e-01
   2.0000000e+00  -6.4622486e-01  -5.4373557e-01  -3.8082464e-01  -1.6891273e-01   8.5189840e-01  -9.5830220e-01
   1.0000000e+00  -8.2952496e-02   5.7397035e-01   5.0606816e-01   4.5890451e-01   9.5820981e-01  -3.8330096e-01
   2.0000000e+00   1.0942485e-01   9.9102650e-01  -2.3112401e-01  -6.1387845e-01  -1.2368845e+00   2.2470601e-01
   2.0000000e+00   1.8306958e-01  -3.2939414e-01  -1.2723948e+00  -7.6095413e-01   1.6095826e+00   1.4065632e+00
   2.0000000e+00   1.2790656e+00   5.9872224e-02   1.4107376e+00   8.8587057e-01   3.7083502e-01  -1.4383552e+00
   2.0000000e+00   5.3960029e-01  -7.2429974e-01  -6.4246868e-01   9.6088004e-01   2.5171046e-01   1.2320906e+00
   2.0000000e+00   1.9263042e+00  -1.4826841e+00   1.1528646e+00   2.0986402e-01  -1.7774378e-01  -5.0175395e-02
   2.0000000e+00   6.8155708e-01  -1.2763497e-01  -9.8526890e-01   1.6856772e+00  -1.1215681e+00   1.3031730e+00
   1.0000000e+00   1.3461254e-01   1.7715752e+00   8.7618916e-01  -6.7663091e-01   2.2592811e+00  -1.8285147e-01
   2.0000000e+00  -1.0265021e+00  -4.8735769e-01  -3.4174737e-02   4.8903789e-02  -1.3664248e+00  -2.2077363e-01
   1.0000000e+00   1.8209785e-01  -1.2915036e+00   8.6608925e-01  -6.9866609e-02   3.7845199e-01  -4.1961707e-01
   2.0000000e+00   2.0219070e-01  -7.2973118e-02   1.8007259e+00  -8.2370135e-01  -1.6279371e+00   3.2306471e-01
   2.0000000e+00   1.6954236e+00  -7.5560505e-01   5.1856410e-01   1.4832645e+00  -9.9850249e-02  -9.6222348e-02
   1.0000000e+00  -7.5086307e-01  -2.0175878e+00   6.2488570e-01   3.1783284e-01   1.8184641e-01   1.5470032e+00
   2.0000000e+00   9.8549599e-01   1.2256290e+00   1.4345551e+00  -6.6997897e-01  -1.9675118e-01  -3.5049418e-01
   2.0000000e+00   9.0542750e-01  -3.0539798e-01  -6.8166869e-01   1.2268450e+00   1.9815959e-01  -9.0995187e-01
   1.0000000e+00  -7.3998061e-01   2.4477665e-01   1.8766856e-02   2.1693704e-01  -4.9811592e-01   3.1918072e-01
   2.0000000e+00  -8.6244618e-01   1.8122589e+00   5.3206359e-01   9.1276161e-01   9.8538821e-01  -8.6510919e-01
   2.0000000e+00   1.1278830e+00   1.7892386e+00  -4.6435027e-01  -1.2884995e-02  -7.7704041e-01   9.9049569e-01
   1.0000000e+00  -5.1866264e-02  -5.2345863e-01   4.1725958e-01  -1.3931008e+00  -4.4750835e-01  -3.1783725e-01
   2.0000000e+00   2.2338856e+00   9.7816343e-01   1.1938560e+00  -2.5363213e+00  -2.4286626e-01  -1.3356591e+00
   1.0000000e+00  -6.3835344e-01   4.1516443e-01   7.4638964e-01  -2.0459703e-01  -5.6333301e-01  -1.4123631e+00
   2.0000000e+00   1.4016602e-02   9.1761712e-01  -9.1386613e-02   8.4692532e-01  -5.9130565e-01   2.3761334e-01
   2.0000000e+00   6.5166362e-01   3.3761141e-01  -6.1114141e-01  -1.2799713e-01   3.3676584e-02   8.9376094e-01
   2.0000000e+00  -2.2754361e-01  -5.1643952e-01  -1.1257393e+00   4.9398151e-02   1.8427091e-01  -1.7018003e-01
   2.0000000e+00  -5.2033169e-01  -1.2604864e+00  -1.4985040e+00   1.1936294e-01   1.8197916e-01   1.0131448e+00
   2.0000000e+00  -1.2710310e+00   1.0507051e+00   2.4154767e+00  -1.3927305e+00   5.8498628e-01   9.2467411e-01
   2.0000000e+00  -5.3849411e-01  -2.2774447e+00  -4.9338627e-01   8.2926994e-01  -1.3818015e+00  -1.7442096e+00
   2.0000000e+00  -6.2990385e-01   1.4704182e+00   1.0951031e+00   1.5433875e+00  -9.0867128e-01   8.0997521e-03
   2.0000000e+00  -1.7852572e+00  -4.1622603e-01   1.4779196e+00   4.7629500e-01   5.7837768e-01   2.6633305e-01
   2.0000000e+00  -1.5451615e+00   5.6491797e-01  -1.3087027e+00   2.9819431e-01  -5.9480756e-01  -8.4744139e-01
   2.0000000e+00  -4.2550887e-01  -3.5979549e-01  -2.2546061e+00   5.6479233e-01   8.5799765e-02   6.4818547e-01
   2.0000000e+00   1.5122398e+00  -1.1025022e+00   5.0364026e-01   4.5022578e-01   1.7571947e-01   5.7843926e-01
   2.0000000e+00   1.0480350e+00   1.0572526e+00   2.1374284e+00   6.7564405e-01   1.0403283e+00   2.9956513e+00
   2.0000000e+00  -3.6983758e-01   2.5589395e+00  -4.5503829e-01  -1.6861918e-01  -1.0649138e+00   3.5990508e-01
   2.0000000e+00  -1.6437358e-01  -1.6406710e+00   1.5507498e+00   1.9577416e+00   1.1086343e+00   5.6715533e-01
   2.0000000e+00  -1.5595997e+00   1.7684698e-01  -4.1083868e-01   9.3218483e-01  -1.3003420e+00   9.5817633e-01
   2.0000000e+00  -6.6589150e-01  -2.3321771e+00  -1.2397626e+00   7.5216510e-01   6.8212588e-01   1.5954142e+00
   2.0000000e+00  -1.0864891e+00  -2.7711260e-01  -3.9278496e-01  -1.4736264e-01  -4.6124111e-01  -2.9540507e-01
   2.0000000e+00   9.6596114e-02  -6.6762080e-01  -4.6157767e-01  -9.3894307e-01   1.7999852e-01  -1.2851640e-01
   2.0000000e+00   1.7792213e+00   1.0875227e+00   3.4839773e+00  -1.0561573e+00   5.8799385e-01  -8.6381028e-01
   2.0000000e+00  -2.1590632e+00   1.2020805e+00   1.3851394e-01  -1.0371276e+00   1.7251646e+00   3.9013505e-01
   2.0000000e+00   1.3180720e-01  -2.4720419e-01  -1.3087080e+00   7.8181983e-01   4.7536769e-01   1.6480978e+00
   2.0000000e+00   1.3093671e+00   7.0848052e-02  -1.2032801e+00   7.2380198e-01   5.2810846e-01   5.4799534e-01
   2.0000000e+00  -9.7590073e-01  -9.5898787e-01   9.9909770e-01   1.3615427e+00   5.8198606e-01  -1.6958568e+00
   1.0000000e+00   4.0573444e-01  -2.3431424e+00   5.6912633e-01   7.6619299e-01   1.6963197e+00  -3.5928437e-01
   2.0000000e+00  -3.6598559e-02   1.3239489e-01  -9.6782344e-01   7.2036614e-01  -1.0988855e-01  -4.3671644e-01
   2.0000000e+00  -5.8466442e-01   2.3009269e-01  -1.6963660e+00  -4.2046522e-01   1.3735760e+00  -1.1567650e-01
   2.0000000e+00   1.3950734e+00   5.3121239e-01   1.6899832e+00   4.2928599e-01   1.2969988e-01  -1.5572091e+00
   2.0000000e+00  -1.4687174e+00  -6.7249922e-01   2.5876053e-01  -9.7347611e-01   8.1111586e-01  -1.7242732e+00
   2.0000000e+00   7.0858401e-01   1.8115757e-01  -5.1645318e-01   1.0696255e+00  -9.0946392e-01   1.2099715e+00
   2.0000000e+00  -8.2396883e-01  -5.4656046e-02   6.1830118e-01  -4.1092462e-01  -2.0436422e-01   5.0054708e-01
   1.0000000e+00  -9.9744924e-01  -5.0790597e-01   4.9893721e-02   4.6078663e-02   5.1731483e-01   1.4764067e-01
   1.0000000e+00  -5.3909840e-01  -1.3042940e-01   2.5255128e-01  -7.2354414e-01   1.0251109e+00   8.3149734e-01
   1.0000000e+00  -2.8167224e-01  -1.7325412e+00   8.2793066e-01  -1.0362462e+00   5.8213786e-03  -7.1858520e-01
   2.0000000e+00   5.7919636e-01   1.6629125e+00  -2.6762341e-01   9.3335311e-01   3.1245756e-01   1.1277532e+00
   1.0000000e+00   5.2764124e-02   7.3761367e-01   1.3885002e-01   7.6907990e-02   2.7694797e-01  -1.1757970e+00
   1.0000000e+00  -4.6421486e-02  -2.2021188e+00   4.6701707e-01  -4.5673351e-01   1.0668984e+00   1.3559572e+00
   2.0000000e+00  -5.1496893e-02  -1.7200315e+00  -7.4002830e-02  -8.5183199e-01  -9.4705390e-01   9.7824104e-01
   2.0000000e+00   1.1847917e+00   9.4163213e-01   1.3991851e-01   1.1909891e+00   1.2541502e+00  -5.4818265e-01
   1.0000000e+00   4.4236508e-01   3.4465487e-01   8.6045162e-01   4.6127319e-01   1.2615135e+00   1.2187750e+00
   2.0000000e+00  -1.3015815e+00   4.3806513e-01  -1.7792305e-01  -1.0238564e+00  -9.3950744e-01   1.3712720e-01
   2.0000000e+00   7.7003189e-01  -2.4437469e+00  -1.5608788e+00  -1.0823503e+00  -4.4696627e-02   2.4466039e+00
   1.0000000e+00   6.7959780e-01  -6.8006215e-02   2.1514296e-01  -5.5271064e-01   1.7268087e+00   5.1124285e-01
   1.0000000e+00   5.3693292e-01   9.7720556e-01   7.5873141e-01   1.0619279e+00   1.5116848e+00   1.1520494e+00
   2.0000000e+00  -1.5190637e-02   4.4886742e-01   1.4983670e+00  -1.7738885e+00   1.7521681e+00   7.6092984e-01
   2.0000000e+00  -8.8502535e-01  -8.3446196e-01  -9.4878328e-01  -2.6747158e-01   5.1917781e-02   7.4095969e-03
   1.0000000e+00   1.7158203e-01  -3.2904821e-01   3.5891599e-01   1.0608012e+00   8.4164419e-01   4.6203535e-01
   2.0000000e+00  -6.5287734e-02   1.1641158e+00  -7.5025816e-01   6.1579135e-01   5.5114998e-01  -6.5157823e-01
   2.0000000e+00   7.7049113e-01   1.3124079e-01   8.1508587e-01   6.3612600e-01  -2.0412674e-01   9.1164069e-01
   2.0000000e+00   5.5765025e-01   5.4205511e-01  -4.7106274e-01  -1.7001067e-01   8.7800835e-01   1.7422410e+00
   2.0000000e+00  -4.5831584e-01   8.0859639e-01  -3.3508394e+00   3.9098277e-01   3.4016828e-01   1.0942800e+00
   2.0000000e+00   6.8382783e-01   1.5989922e-01  -5.7309350e-01  -1.1979205e+00   1.9353286e+00   2.6456478e+00
   2.0000000e+00  -4.0038289e-01  -9.5554670e-01  -1.3320321e-01  -1.0504899e+00   6.9311179e-01  -1.2031059e+00
   2.0000000e+00   9.8724434e-01  -2.7590624e+00   8.8757334e-01   1.1355389e+00  -1.2098396e+00   2.5199368e-01
   1.0000000e+00   6.7031171e-01   1.2300778e+00   5.2900397e-01  -9.7339508e-02  -1.4735572e-01  -4.9749967e-01
   2.0000000e+00   5.2227389e-01   1.1427581e+00   1.0787099e+00  -6.8948116e-01  -1.9465237e-02   1.3047937e-01
   2.0000000e+00  -2.7681229e-01   2.0837131e-01  -3.0781707e-01  -1.7774335e-01   8.7640251e-01   1.0724510e+00
   2.0000000e+00   2.7247135e-01   2.8074709e-01  -4.7008825e-01  -7.5516744e-01  -1.8683139e+00  -2.1719930e+00
   2.0000000e+00   6.6829546e-01   1.4000621e+00  -7.0442272e-02   1.0946995e+00  -2.2504601e-02  -3.5828102e-01
   2.0000000e+00  -7.8399097e-01   8.5562042e-01  -4.2699372e-01  -4.3265223e-01   1.5932118e+00  -5.0981342e-01
   2.0000000e+00   7.2178922e-01  -9.1026192e-01  -2.6642925e-01  -4.2378127e-01   2.1598276e+00   1.6463120e+00
   2.0000000e+00   1.1978158e-01   2.8314088e-01   1.1981522e+00  -4.9034476e-01  -1.4277522e-01   4.9215396e-01
   2.0000000e+00  -1.0809939e+00  -2.9488120e+00  -8.1990761e-01   2.5082048e+00  -3.9416723e-01  -1.1719879e+00
   2.0000000e+00   1.3758577e+00   3.9408150e-01  -4.8503743e-01   1.1973007e+00  -1.1098580e+00   7.6079938e-02
   2.0000000e+00  -4.8761302e-02   5.2663754e-02   1.4650599e+00   9.4801844e-01  -8.6194159e-01  -8.5352637e-01
   2.0000000e+00  -1.5562801e+00  -4.6878597e-01   6.8459049e-01   5.1001833e-01  -1.7872598e-01  -9.6044687e-01
   2.0000000e+00   7.3019411e-01  -3.4702127e-01  -3.8395379e-01   2.1031784e-01   6.7919414e-01  -4.3014722e-01
   2.0000000e+00   8.4478428e-01  -3.4516646e-01   1.2302549e+00   1.0906330e+00   2.1431726e-01   9.3635054e-02
   1.0000000e+00  -9.7493768e-01  -9.5700344e-02   1.4451325e-02   1.4005672e+00  -1.6453550e-01   5.0303431e-01
   2.0000000e+00  -1.7980602e+00   4.4817862e-01  -2.7663331e+00   1.8480863e+00   1.8776238e+00   2.3021373e-01
   2.0000000e+00  -1.4858246e+00   1.6752085e-01  -2.9690003e-01  -1.1913272e+00   4.5765977e-01   2.6585568e+00
   1.0000000e+00   4.7690465e-01   1.0837529e+00   5.9633797e-01   1.1250600e+00   4.4688563e-01  -8.5741070e-01
   2.0000000e+00   2.8576657e-01  -6.0324707e-01   1.6624429e+00   9.1772624e-01  -3.1239365e-01  -8.5482471e-01
   2.0000000e+00  -1.2138697e-01   7.5799132e-02   1.3927134e+00   1.7883330e+00   8.0888441e-01   1.7955725e+00
   2.0000000e+00  -9.2933678e-02   6.0660188e-01  -7.2169926e-01  -3.0537310e-03  -1.8722495e+00   1.5670728e+00
   2.0000000e+00  -1.3541439e+00  -1.3553980e+00   1.0337754e+00  -1.9105862e-01  -1.3469519e+00   5.5812757e-02
   1.0000000e+00  -6.0903438e-01   1.9115743e-01   2.6650853e-02  -5.6229070e-01   8.4483459e-01  -1.5052796e-02
   2.0000000e+00  -2.9752932e-01  -1.0234928e+00  -6.4150075e-02  -1.3553427e-01  -5.4840041e-01   1.0302567e+00
   2.0000000e+00   1.8642360e-01  -1.5711135e-02   1.9304534e+00  -7.4253653e-01  -5.1604848e-01  -1.1693850e+00
   2.0000000e+00   4.7608185e-01   3.1985194e-01  -1.3843381e+00   5.6023900e-01  -3.8485125e-01   1.7721242e+00
   1.0000000e+00  -4.9099606e-01   2.0325557e-01   3.8762374e-01  -7.3603440e-02   3.4787998e-01  -5.7138194e-01
   2.0000000e+00   1.1380613e+00   8.6082284e-01  -8.0653694e-01  -2.4395271e-01   9.6424858e-02   9.2701944e-01
   2.0000000e+00   6.7890938e-02  -1.4315168e-01  -6.6872715e-01  -4.3651743e-01   3.9218485e-02  -6.3020615e-01
   2.0000000e+00   9.4169692e-01   9.8280891e-01  -9.7269608e-01  -2.6153027e-02  -6.9327649e-01   1.4141502e-01
   2.0000000e+00   1.3677469e+00   1.5300852e+00   1.3732135e+00  -1.8919873e+00   1.2538307e+00  -2.8413246e+00
   1.0000000e+00  -1.9941817e-01   1.3951620e+00   7.3546462e-01   2.6027623e-01   1.0315364e+00  -1.5557420e+00
   2.0000000e+00  -1.7312618e+00  -9.3525860e-01  -5.2699586e-01  -1.0157843e+00  -1.0260025e+00  -1.0762940e+00
   2.0000000e+00  -5.6455512e-01   7.3730525e-01  -1.8205904e+00  -1.0811577e+00  -1.4433795e-01   5.1692588e-01
   2.0000000e+00  -3.0360881e-01   5.4057859e-01  -1.9782297e+00   1.5983234e+00   1.6953128e+00   5.8532522e-01
   2.0000000e+00  -1.3031384e+00   3.8648167e-01  -7.1572783e-02  -2.7205990e-01  -1.0489968e+00   6.6578434e-01
   2.0000000e+00   1.3969784e+00   3.6283486e-01   2.9555991e-01  -4.7514132e-02   2.6060417e-01   1.6625894e+00
   2.0000000e+00   9.3236847e-01   4.3756893e-01   3.6530639e-01   3.4637005e-01   1.1889801e+00  -1.3340519e+00
   2.0000000e+00  -9.0470880e-01  -2.3375780e-01  -5.4752672e-01  -2.1349458e+00   9.0369865e-01  -1.4291326e+00
   1.0000000e+00   3.0037035e-01  -9.9155223e-02   2.3105162e-01   3.7099223e-01  -1.9485016e-01  -1.1870142e+00
   2.0000000e+00  -2.4120319e+00  -2.2339522e-01   9.4252208e-01  -3.6379086e-01   1.1826259e+00   2.6712080e-01
   2.0000000e+00   2.0699101e-01  -1.3022134e+00   1.1579762e+00  -6.9513881e-01  -6.9899669e-01   5.8075147e-01
   2.0000000e+00   7.5281679e-01  -9.1027467e-01   1.4128222e+00   5.2021241e-01   8.3249943e-01   1.2164523e+00
   2.0000000e+00   4.6125334e-01  -1.4039057e+00  -5.5363675e-01   7.3350110e-01   1.3870338e+00  -2.6065912e-01
   2.0000000e+00   4.5932228e-01   3.1729546e-01  -9.0360218e-01  -1.1066377e+00  -4.8848656e-01  -9.3868059e-01
   2.0000000e+00  -7.8757927e-01   1.1857740e+00  -1.2214757e-01  -9.7107262e-02  -1.7724866e+00   4.8170626e-01
   2.0000000e+00  -4.2749342e-01  -8.3395092e-01  -5.4760701e-01  -9.0920365e-03  -1.1419167e+00   1.1734830e+00
   2.0000000e+00  -8.0568829e-02  -1.2131672e+00   1.2547262e+00   3.4571410e-03   1.0335959e+00  -5.6360842e-02
   2.0000000e+00   1.1097053e+00  -1.8128143e-01   6.7849416e-01  -4.6274924e-02   5.4220727e-01  -3.2342758e-01
   2.0000000e+00   4.0039383e-01  -7.8190746e-01  -1.6100917e+00  -6.7997123e-01   3.3240578e-01  -1.4055317e+00
   2.0000000e+00   4.4122748e-01   2.2292485e-01  -7.4645160e-01  -2.1818120e+00   8.6420595e-01  -5.4499794e-01
   2.0000000e+00   5.1819914e-01   1.7387898e-01  -4.7652461e-01   1.0544949e+00   6.8858369e-01   3.8591986e-01
   2.0000000e+00   1.9608560e+00   1.0062979e+00  -8.8868310e-01  -9.8190590e-01   4.6232075e-01  -2.1652844e-01
   2.0000000e+00  -1.3972836e+00   6.8810344e-01   5.2749915e-01  -1.1178048e+00   2.2194142e-01  -9.3987522e-01
   2.0000000e+00  -1.6152094e+00  -1.6958217e-01  -5.4540676e-01   1.2338919e+00  -7.9926495e-01   3.2719500e-01
   2.0000000e+00   2.6264659e-01  -6.6119814e-01   1.9330111e+00  -1.1658227e+00   1.6534653e+00  -7.4372351e-01
   2.0000000e+00  -1.4091772e+00   2.0142013e+00  -5.3295470e-01   8.0182725e-02  -6.0495466e-01   2.1022589e+00
   2.0000000e+00   1.4133408e+00   7.3223447e-01  -8.0013729e-01  -1.0641284e+00  -2.4555132e-01  -1.9379074e-01
   2.0000000e+00   2.0895314e-01   2.0630052e+00  -3.5514835e-01   8.1935292e-01  -4.8714621e-01   6.9683049e-01
   2.0000000e+00  -1.0615187e+00   9.4099325e-01  -1.0183545e+00  -5.6473949e-01   1.0101153e+00  -1.4075513e+00
   2.0000000e+00  -1.4759162e+00   4.6116037e-01   1.1456157e+00   8.5956961e-02  -2.4735267e-01   1.7021233e+00
   2.0000000e+00  -1.3825464e+00   1.1745361e-01  -9.7277272e-01  -8.4780925e-01  -5.1613493e-01  -1.2165669e+00
   2.0000000e+00  -5.7393221e-01  -1.0239518e-01  -5.7796502e-01   1.8174532e+00  -9.3520703e-01   2.9934274e-01
   2.0000000e+00  -4.6530057e-02   1.1099199e+00  -1.5202977e+00   8.0183240e-04  -1.1176497e+00   2.1920347e+00
   2.0000000e+00  -1.3321753e+00  -1.3457341e-01   3.7908506e-01   2.5859437e+00   6.4579088e-02   5.6043858e-01
   2.0000000e+00  -5.5792253e-01   6.6870238e-01  -1.6018318e+00   9.9428653e-01  -1.5708405e+00   2.5391233e-01
