   2.0000000e+00  -1.2001324e+00  -6.3549023e-02   1.4677440e+00  -8.9726460e-01   6.6732896e-01  -6.6790301e-01
   2.0000000e+00   1.0615238e-01  -8.2662493e-01   4.4302126e-01  -5.4930312e-01  -3.8930106e-01  -4.9402568e-01
   2.0000000e+00   1.9770900e+00   3.6920988e-01  -3.8245696e-01  -2.1307612e+00   8.2308663e-01   9.1251584e-01
   1.0000000e+00   2.1320982e-01  -1.1411331e+00  -5.1447302e-01  -6.3994669e-01  -5.9083718e-01   6.3901778e-01
   2.0000000e+00   4.7847375e-01   4.0200593e-01   1.0741410e+00  -3.7928266e-01  -4.7635620e-01   1.3233096e+00
   1.0000000e+00  -1.9475733e-01   2.1703274e-01  -4.0200269e-01   3.9842925e-01  -2.3477587e-01   9.7713359e-02
   1.0000000e+00   4.3539350e-01  -3.6575606e-02  -1.1244244e+00   2.0365791e-01  -9.2486321e-01   3.2546318e-01
   2.0000000e+00   5.0745158e-01  -3.5298678e-01  -1.6462979e+00  -1.4368943e+00  -5.1492943e-01   4.6888628e-01
   1.0000000e+00  -4.9828710e-01   3.5590996e-01   9.5914169e-01  -2.9705809e-01   1.7934940e+00   6.9711402e-01
   2.0000000e+00   2.4491375e+00   1.0876853e+00   1.3270334e+00   4.0244143e-01   8.0521854e-01   9.5706274e-01
   2.0000000e+00   8.6204515e-01  -1.1621588e-01   6.3998327e-01   1.5441427e+00   3.1459488e-01   4.5452881e-01
   2.0000000e+00  -1.4020107e+00   1.1044463e+00   3.5412928e-02   1.9418713e-01   2.1100527e+00   1.2165854e+00
   1.0000000e+00   5.9745935e-01  -1.9620852e+00   1.5529689e-01  -6.3764341e-02   2.1802497e+00   4.1551985e-01
   1.0000000e+00   2.3406871e-01   1.7830059e+00  -8.8428969e-01   3.6846944e-01  -2.8213923e-01   6.5443650e-01
   1.0000000e+00  -5.7762659e-01  -3.2335764e-01   2.6625823e-01  -8.2879160e-01   1.1835203e+00   3.2755801e-01
   1.0000000e+00   6.9812311e-01   6.7669621e-01  -1.2720777e+00   1.2843473e-01  -1.3399832e-01   6.1107723e-02
   2.0000000e+00   1.4858056e-01   2.2589516e+00   7.0254553e-01  -3.5788948e-01   1.3552406e+00  -4.9871032e-01
   2.0000000e+00   7.4488783e-01   4.5870094e-01  -1.3455429e+00  -7.6220765e-01   2.7607631e-01   1.3882931e+00
   2.0000000e+00  -1.1354488e+00   9.6636057e-02  -6.0159052e-01   3.3316671e-01   5.7240677e-01  -2.9299577e-01
   2.0000000e+00  -9.0649295e-01  -2.7671492e-01  -2.5681966e+00   5.3785487e-01   1.4002233e+00   1.7018609e+00
   1.0000000e+00  -1.9762496e-01  -1.2927727e-01   6.8435374e-01  -3.8322234e-01   8.9177266e-01   2.4015609e-01
   1.0000000e+00   2.6689970e-01   1.9737320e-01  -1.1309257e+00   7.1201665e-01  -2.8470796e-01   3.4866089e-01
   2.0000000e+00   1.5396499e+00   4.3569413e-01   2.1406266e+00   9.1367491e-01   1.1147206e+00   1.3370644e+00
   2.0000000e+00   4.4973274e-01  -2.1531012e-02   2.7812007e-01  -4.8914175e-01  -2.1832591e+00  -2.5797944e-01
   2.0000000e+00  -1.7010731e+00   9.8061141e-02  -1.8175045e+00   4.9361216e-01  -2.4041867e-01  -1.9491993e-01
   2.0000000e+00  -1.5966803e+00  -1.2647495e+00   8.8156202e-01  -1.4695758e+00  -3.9254320e-01   9.3110092e-01
   2.0000000e+00   1.4182998e+00  -1.0831867e+00   1.2319745e+00  -2.5142712e-01  -9.2070948e-01  -4.4170748e-01
   2.0000000e+00  -6.7690300e-01  -2.2538017e-01   3.5592036e-04   2.7945328e-01  -2.1325697e+00  -2.0964131e+00
   2.0000000e+00   2.1992287e-01   2.2115513e-01   2.5419233e+00   1.7180699e+00  -9.8347535e-01   3.0539451e-01
   2.0000000e+00   1.5575396e-01   6.0827627e-01   8.9642760e-01  -1.4484987e+00   3.4034735e-01  -1.3633148e+00
   2.0000000e+00   9.5982778e-01   9.4662607e-01  -1.8109300e-01  -7.8206245e-01   8.1716757e-02   1.7175986e+00
   2.0000000e+00   1.1761492e+00  -1.2119567e+00  -9.0681590e-01  -1.4814234e+00   8.8515854e-01   8.4258357e-01
   2.0000000e+00   5.4898270e-01   5.0175970e-01   4.0111638e-01   5.3740589e-01   1.2901864e+00  -2.5383654e-01
   2.0000000e+00   8.7513802e-01  -1.4689160e-02   7.2460634e-01   1.1710032e+00  -6.9411311e-01   9.9452605e-01
   2.0000000e+00  -5.7593818e-01   2.0998137e-01  -3.8467810e-01  -6.0714349e-01  -6.4476341e-01  -4.5496910e-01
   2.0000000e+00  -2.6844884e-02  -7.6461894e-01   1.1182252e+00   1.2220148e+00   1.4718713e+00  -1.0095570e+00
   2.0000000e+00   1.2621399e+00   1.3057356e+00   5.3635766e-01   4.8100155e-01  -1.5064337e-02  -4.2782952e-01
   1.0000000e+00   9.6885938e-01   8.0776189e-01  -3.6989380e-01   1.1333817e-01  -2.6572802e-01   3.4406990e-01
   2.0000000e+00   7.4124562e-01   3.6351678e-01   1.5767041e+00   6.4025233e-01  -5.4774253e-02  -1.3192165e+00
   2.0000000e+00   1.8829281e-01   1.9710412e+00   6.6866854e-01   6.5076564e-01   4.5835304e-01  -1.9831259e+00
   2.0000000e+00  -2.0152420e-01  -9.2921461e-01  -5.2650366e-01  -1.3593745e-01  -6.2029312e-01  -1.3276207e+00
   2.0000000e+00  -9.8815457e-01   2.0454373e+00  -7.7938984e-01  -6.9796375e-01  -8.2177786e-02  -9.1002482e-01
   2.0000000e+00  -1.5445062e+00   9.9056169e-01   2.8320160e-01  -7.8801627e-01   1.6688529e-01  -1.0967494e+00
   2.0000000e+00  -5.5721335e-01   4.4074134e-01  -3.7585554e-01  -1.9280375e+00   9.1276830e-02  -1.6741123e+00
   1.0000000e+00  -6.9354819e-01  -1.0597228e-01  -1.0619193e+00   5.3527826e-01   8.6082140e-03   2.8784039e-01
   2.0000000e+00  -1.7255916e+00   2.1034273e+00  -1.3612655e+00   1.4771513e+00  -1.0296607e-01   1.2664638e+00
   1.0000000e+00  -1.1811269e+00  -8.4513847e-02   2.5467529e-01  -5.8593557e-01  -2.4228046e+00   7.2707146e-01
   2.0000000e+00  -9.7092630e-01   5.2023887e-01  -9.8104061e-02  -1.7569212e-01   1.3521926e+00  -6.9588815e-01
   1.0000000e+00  -9.1365011e-01  -2.9794713e-01   5.7666444e-01  -1.5996616e-02  -4.5467648e-01   4.2126799e-01
   2.0000000e+00   3.4288859e-01   1.1564764e+00  -1.3181468e+00  -9.8973720e-01   1.9067834e+00  -4.5435577e-01
   2.0000000e+00  -1.0326987e+00  -1.1497076e+00  -2.0444323e-01   6.9061808e-01  -1.5151908e+00  -1.7305796e-01
   2.0000000e+00  -1.7683482e+00  -5.8403436e-01  -3.1794068e-01   1.3629228e+00   8.8721213e-01   6.9116129e-01
   2.0000000e+00   1.4025928e+00  -1.7119208e+00   1.0917609e+00  -6.3919520e-01   4.8267163e-01   9.9984954e-01
   2.0000000e+00  -1.7578113e-01  -5.4144965e-01   7.5963368e-01  -2.1201586e+00  -1.8431461e+00  -9.2544939e-01
   2.0000000e+00   4.1171378e-01   1.3086776e-01   2.8845208e-01   3.3844941e+00   4.8146821e-02   1.0942423e+00
   2.0000000e+00   6.5743872e-01   2.9370871e-01   9.6669580e-01  -1.1186771e+00   1.6658461e-01  -1.5695775e+00
   2.0000000e+00   5.3178502e-02   1.7106832e-01   5.0134639e-01  -1.8576986e+00  -1.7837508e+00  -1.4481787e+00
   2.0000000e+00  -1.2464677e+00  -4.1498535e-01   2.0112258e+00  -1.3602281e+00   2.3158623e+00   1.1333909e+00
   2.0000000e+00   3.3857757e-01   1.0707139e+00   1.6305918e+00  -4.2376998e-01  -8.0674615e-01   1.7667048e+00
   1.0000000e+00  -1.5637241e+00   1.3961314e+00   6.2585981e-01  -6.9899698e-01   1.0165185e+00   7.3301483e-02
   2.0000000e+00  -8.9727087e-01   7.6578386e-01   6.9600127e-01   9.8976261e-01  -1.4392088e+00  -8.8128537e-01
   2.0000000e+00  -4.9546020e-01   5.4036316e-01  -7.6957971e-01  -9.3841368e-01   1.9127578e+00   1.5425313e+00
   2.0000000e+00   5.8364411e-01  -2.1323171e-02   6.5203070e-01   5.1408834e-01   2.8431586e-01  -1.3818982e+00
   2.0000000e+00   1.1312639e+00   1.4822206e+00   1.9660827e+00  -5.0477457e-01  -9.3442781e-01  -9.5414169e-01
   2.0000000e+00  -9.9748945e-01  -1.2177805e+00  -1.5889376e+00   1.3371118e+00  -6.8098486e-01   7.2792405e-01
   2.0000000e+00   5.6006641e-01  -7.5669363e-01   1.2112112e+00   1.1281333e+00   1.0483369e+00   5.7050822e-02
   1.0000000e+00  -9.2964051e-01  -2.3979692e+00  -3.2075952e-01   4.5467336e-01   1.8587614e+00   7.0318409e-01
   2.0000000e+00  -4.7908919e-01   3.8581321e-01  -1.3171266e-01  -3.2660694e-01   6.0729585e-01  -2.0910525e+00
   2.0000000e+00  -3.8681368e-01   7.1180916e-01  -8.4506275e-01   1.0664649e+00  -6.8139126e-01   1.6291861e+00
   2.0000000e+00  -1.1269676e+00  -6.4978373e-01  -1.3120565e+00   9.7747298e-01  -7.9910430e-01   7.1539479e-01
   1.0000000e+00   7.3334225e-01   2.4395116e-01   8.7784620e-01   9.3131982e-01  -1.7716033e+00   1.4047827e-01
   2.0000000e+00  -8.2032692e-01  -1.6219866e-01   2.6303394e-01   1.8432731e+00   9.7105006e-01  -6.9406286e-01
   2.0000000e+00  -7.8225259e-01  -7.7889948e-01  -1.4880520e+00  -5.4352701e-01  -3.9987830e-01   1.0166020e+00
   2.0000000e+00   6.0973460e-01  -3.7334317e-01   7.2595139e-02  -7.8862634e-01  -1.1688661e+00  -7.7940161e-01
   2.0000000e+00   4.5824150e-01   8.5274143e-01  -2.3040938e-02  -9.4939370e-02  -5.3314095e-01  -8.5602131e-01
   2.0000000e+00   7.4549084e-01  -3.7145728e-01   1.9701957e-01  -4.4852742e-01  -5.3052148e-01  -1.9528971e-01
   2.0000000e+00   1.1618980e+00   5.4611278e-01  -6.3802037e-01   1.0519718e+00  -1.3459550e+00  -1.0824237e+00
   1.0000000e+00  -7.1140192e-01  -1.1524436e+00  -1.0800009e+00  -9.2234592e-01  -3.7033874e-01   3.3184893e-01
   2.0000000e+00  -4.2815832e-01  -2.6963099e-01   5.5002254e-01  -1.6632336e-02   1.0186548e+00  -1.1076643e-01
   2.0000000e+00  -1.0228766e-01   2.9636102e-01   6.2053203e-01  -1.2495830e+00  -1.7252668e-01  -6.1347867e-01
   2.0000000e+00  -2.6049788e-01   1.9226784e+00  -1.9404629e+00  -2.5294536e-01   2.3288956e-01  -1.4098824e+00
   2.0000000e+00   1.3019313e+00   1.6883008e+00  -7.9596083e-01  -1.0787805e+00  -6.2774104e-01   2.8211835e-01
   2.0000000e+00  -6.6246579e-01  -6.8898962e-01   2.3666336e+00  -5.7980907e-01   3.2044628e-02   1.2938445e-01
   2.0000000e+00   8.9281319e-01   5.8116876e-01   2.8481726e-01   1.2776538e-01  -8.8044679e-02  -1.1560578e+00
   2.0000000e+00   1.5130943e+00   4.2867319e-01   2.3978269e-01   7.5417110e-01  -8.2305156e-01  -1.8112434e-01
   2.0000000e+00  -6.4195513e-01   2.6995934e-01  -1.7123941e-01   6.8558530e-01   5.9277758e-01   1.1615717e+00
   2.0000000e+00  -1.1729814e+00   3.7612147e-01  -6.4330545e-01  -2.5728182e-01  -8.3046409e-01  -2.6023676e-03
   2.0000000e+00   1.8367201e+00  -1.9676233e+00  -5.5338205e-01  -1.4838969e+00  -6.9964067e-02   9.7972735e-01
   2.0000000e+00   6.5784255e-01   2.7650712e-01  -1.7275996e+00   6.7942658e-01  -1.0562789e+00  -8.6123550e-01
   2.0000000e+00  -1.8680623e+00   1.3811038e-01   2.4082509e-01   1.3440482e+00   9.9857024e-01  -6.7704329e-01
   2.0000000e+00   9.4568466e-02  -1.3082813e-01   1.2957040e+00   9.9146122e-01  -5.7196328e-01  -5.6813388e-01
   1.0000000e+00  -8.4177758e-01   2.4931271e-01  -5.9927465e-01  -1.1646374e-01  -8.4950619e-01   8.9085389e-01
   2.0000000e+00   1.3283839e-01  -3.0885670e-01  -1.0574701e+00   6.1994376e-02  -9.0400690e-02   1.9896289e+00
   2.0000000e+00  -1.9148379e+00  -4.5801024e-01  -1.4410032e-01   1.2374452e+00   7.2410395e-01  -1.0423590e+00
   2.0000000e+00   1.5108502e-01   8.1688770e-01  -2.2235601e+00  -3.6781150e-01   1.3735026e+00   9.6433428e-02
   2.0000000e+00   6.4321753e-01   7.5278196e-01   5.6120370e-01   1.9381686e+00  -1.4945956e-01   1.5965935e+00
   2.0000000e+00  -4.6820250e-01  -1.0168503e+00  -4.9946018e-01  -1.0348122e+00   5.9286042e-02  -9.0691418e-02
   1.0000000e+00  -8.2359443e-01   1.9983183e+00  -1.4310179e-01  -2.6987768e-01   2.1295685e-01   2.7262404e-01
   2.0000000e+00   8.8276261e-01   1.3005458e+00   2.3469124e-03  -1.1276542e+00  -2.3049538e-01   8.4306882e-01
   2.0000000e+00   1.5922999e-01   5.8733299e-01   2.4804203e-01   1.5585130e+00  -1.4195338e-01  -9.9174406e-01
   2.0000000e+00   8.6664256e-01   5.6950453e-01  -1.2435721e-01  -2.1231062e+00   9.8491796e-01   1.4199874e+00
   2.0000000e+00   2.7432138e-01   6.0041540e-01  -1.2251350e+00  -5.1163747e-01   1.4417377e-01   2.8466030e+00
   2.0000000e+00   1.0612646e+00   3.7103049e-01   6.2855788e-01  -7.9442181e-01  -3.8975788e-01  -1.0183820e+00
   2.0000000e+00  -2.0481783e-01   5.6076147e-01   9.2505628e-01  -9.5589462e-01  -1.7948883e+00  -9.6407094e-01
   2.0000000e+00  -9.0586851e-01   5.3531210e-01   2.2335563e+00  -1.3292698e-01  -1.0648458e+00  -6.1138725e-01
   2.0000000e+00  -7.6830887e-02   6.6127222e-02  -4.5590503e-01   9.3723687e-01  -6.8290865e-01  -1.4800457e-01
   2.0000000e+00   1.1602396e+00   9.1025875e-03   8.5184785e-01  -8.9661848e-01  -1.6024364e+00  -1.9940537e+00
   1.0000000e+00  -1.6186360e+00  -2.3075612e-01  -4.0998519e-01  -4.5740937e-01   2.2159629e+00   2.6635733e-02
   2.0000000e+00  -7.3701131e-01   1.0672420e+00  -7.1722110e-01   1.0775847e+00   2.8985602e-01   4.6247961e-01
   2.0000000e+00   3.3497631e-01   7.4940804e-01  -8.7865994e-01  -9.1184910e-01  -5.5474271e-01  -1.7784960e+00
   2.0000000e+00  -7.2479446e-01  -9.4222330e-01   8.5451956e-01  -6.2922127e-01  -6.5536260e-01  -1.2749933e-02
   2.0000000e+00   9.3244400e-01   1.0854028e-01   1.4640660e+00  -1.4940750e+00  -5.5837714e-02   6.1591267e-01
   2.0000000e+00   2.8157410e-01   1.8580744e+00   2.2404087e-01   1.3360285e-01  -6.3341033e-01  -1.7454541e+00
   2.0000000e+00  -7.4294479e-01  -8.9368389e-01   1.8484359e+00   8.8849015e-01   1.8358864e+00  -5.8040420e-02
   2.0000000e+00  -1.2562464e+00  -1.3182693e+00  -8.7818958e-04  -8.0906979e-01   1.5973779e+00   2.4030656e+00
   1.0000000e+00   2.9925681e-01  -2.1956981e+00  -1.6810272e+00  -5.9810050e-01  -1.7284292e-01   6.6619665e-01
   2.0000000e+00  -8.5230020e-01   1.4650812e+00  -9.9953918e-01  -3.2491556e-01   1.1521561e+00   1.2702870e+00
   2.0000000e+00  -3.4182131e-01   3.2690819e-01  -8.7489188e-01   5.7673649e-01  -1.2504944e+00  -9.0175846e-01
   1.0000000e+00   6.3917501e-01  -3.1943272e-01  -1.2925105e+00  -6.7311820e-01   3.8708410e-01   3.0239030e-01
   2.0000000e+00   3.5482119e-01  -5.1292576e-01  -1.4369157e+00   2.4142882e-01  -8.0859101e-01  -1.4405442e-01
   2.0000000e+00  -2.2196654e+00   1.7998045e+00  -1.6277207e-01   1.7440565e+00   1.4267642e+00  -4.9103240e-01
   2.0000000e+00  -4.2589024e-01   5.5623876e-01  -5.6877470e-01  -1.4404030e+00   8.4616409e-01  -1.1452294e-01
   2.0000000e+00   3.7027480e-01   2.9936737e-01  -1.2526266e+00   8.7546033e-01   1.2120924e+00  -2.0356144e-01
   1.0000000e+00  -5.5434842e-01  -1.2214474e+00  -1.1274162e+00   3.6234014e-02   4.8049536e-01   8.9729557e-01
   2.0000000e+00   3.5289109e-01  -8.6567862e-01   7.1623045e-01  -1.3416738e-01   3.1876018e-01   1.2256383e+00
   2.0000000e+00  -1.4984070e-01  -3.1162811e+00  -9.0671204e-01  -1.0425488e-01  -8.7168728e-01  -3.4269702e-01
   2.0000000e+00  -1.9303990e+00   3.1584653e-01  -6.5668594e-01  -1.1435834e+00  -1.0964535e+00   1.0409237e+00
   2.0000000e+00   8.9334471e-01   9.6743695e-01  -5.3212879e-01   1.1185636e+00  -1.2700105e+00   5.0884267e-01
   1.0000000e+00   4.7736355e-01   3.3855690e-01   1.7744080e-01   3.6270630e-01  -3.6153603e-01   2.3198458e-01
   2.0000000e+00   1.8941277e-01   2.8454119e-01   9.9692487e-01  -2.5088471e-01  -4.1104222e-03  -1.0230165e+00
   2.0000000e+00   7.9269663e-01  -4.9433305e-01  -2.1198899e+00   1.4836642e+00   2.6215070e-01  -3.6929471e-01
   2.0000000e+00  -2.0756178e+00   9.8987210e-01   6.5527437e-01   6.5306411e-01   8.4762023e-01  -6.3182550e-01
   2.0000000e+00  -1.7266571e+00   1.2221791e+00  -1.9536536e-01  -8.9280712e-01  -2.2565726e-01   8.7310497e-01
   2.0000000e+00  -5.3514027e-01  -1.4657468e-01  -2.0833289e-01  -9.1431739e-01  -3.4148316e-01   6.0942051e-01
   2.0000000e+00   2.4193738e-01   4.3750053e-01   1.8157370e-01   1.8943429e+00   9.1523626e-01  -1.4934973e+00
   2.0000000e+00   1.2440563e+00   5.8326797e-01   4.1662252e-01  -1.3820206e+00   1.5541785e+00  -1.6249360e-01
   2.0000000e+00  -7.4206742e-01  -2.1480145e-01   2.2327445e+00  -1.3444552e+00  -6.6785539e-01   9.7322945e-01
   2.0000000e+00   1.3572371e-01  -1.4201115e+00  -1.0848633e+00  -1.4671410e+00   7.7482405e-01  -6.2182159e-01
   2.0000000e+00  -9.3360531e-01   3.6113615e-01   1.3883706e+00  -1.6324816e+00  -1.3747683e+00  -9.0599991e-01
   2.0000000e+00   1.0343155e+00   2.7133132e-01  -6.4125489e-01  -1.1042051e-01   8.3725513e-02  -2.7154341e-03
   1.0000000e+00   1.6266372e-01  -4.0901773e-01  -1.1527382e+00   9.7435538e-01  -4.4629188e-01   1.2234154e-01
   2.0000000e+00  -1.9102299e+00  -1.3483117e+00  -1.3873728e+00   3.8876253e-01   3.5774711e-01  -2.5779985e-01
   2.0000000e+00  -1.1318925e+00  -5.0226505e-01   8.2400703e-01  -1.8093934e+00  -1.0204255e+00   7.8919884e-01
   2.0000000e+00   6.1323635e-01   1.4969080e+00   8.0625999e-01  -4.3135117e-01   2.3745790e-01  -5.3271094e-01
   2.0000000e+00  -1.1227231e+00   5.5665439e-01  -2.9644128e-01   8.5107510e-01   9.9719579e-01  -1.7700134e+00
   1.0000000e+00   3.6840065e-01  -8.7072925e-01  -1.0065338e+00  -2.3109271e-01  -1.3028174e+00   9.4772116e-02
   1.0000000e+00   1.9893043e+00  -1.1818892e-01   1.5840736e-01  -9.1288286e-03   4.5318921e-01   5.8417047e-01
   2.0000000e+00  -5.3777035e-01  -8.1611614e-01   5.5497968e-01   1.1980354e+00  -2.7111371e-01  -2.2084492e-01
   2.0000000e+00  -1.3944180e+00  -1.5060182e+00   1.8919595e+00  -1.0862635e-01   8.9226230e-02   2.3463222e+00
   2.0000000e+00  -4.4155611e-01  -5.4024657e-01  -8.3673246e-01  -7.9690581e-01  -1.6352925e+00  -3.7540846e-01
   2.0000000e+00  -4.0694974e-01  -1.9518193e+00  -1.2426416e+00  -2.7951870e+00   2.1593777e+00  -2.1014578e+00
   2.0000000e+00  -7.7996531e-02   1.1007378e+00  -8.6764088e-01  -1.2996949e+00   2.1370968e+00  -1.7300563e-03
   2.0000000e+00  -7.9147221e-01   7.6353308e-01   1.0431876e+00  -3.0638880e-01  -5.8438322e-01  -2.2883240e+00
   1.0000000e+00   1.2724568e+00  -5.8482326e-01  -9.3325397e-01   3.9507593e-01  -1.0976635e+00   4.7554177e-01
   2.0000000e+00   8.0626935e-01  -5.9580080e-01   2.4298157e-01  -1.9391014e+00   2.8052356e-01  -3.6443458e-01
   2.0000000e+00   5.4366623e-01  -8.7043674e-01   1.9282686e+00   1.6164244e+00   1.3006349e+00  -1.5780026e+00
   2.0000000e+00   1.6670643e+00   6.3309138e-01   4.7064217e-01   6.4326027e-01   6.3766291e-01  -2.4003742e-01
   2.0000000e+00  -4.7758611e-01  -2.7099788e-01   2.3917431e-01   1.1200365e+00  -8.2669141e-02  -1.3630171e-01
   2.0000000e+00   1.3604892e+00   2.2343115e+00   1.6729107e+00   1.1048119e+00  -2.2103089e+00  -1.6605465e+00
   2.0000000e+00   4.8125939e-01   6.8048362e-01   9.6290509e-01  -1.4733178e-01   1.1244350e+00  -1.8790579e-01
   2.0000000e+00   2.4656089e-01   5.1092348e-01  -1.0195304e+00   6.7961815e-01  -1.9773536e-01   7.7848468e-01
   2.0000000e+00  -5.9502823e-01  -1.4759023e+00  -8.4433243e-02   1.1114252e+00  -2.0647156e+00   1.5881882e-02
   2.0000000e+00  -4.3572038e-01  -2.9915070e-02   9.6229649e-01   6.6684335e-01   5.6079641e-01  -1.4686133e+00
   2.0000000e+00   2.9951665e-02  -5.3404585e-01   5.6900963e-01  -3.5170008e-01  -4.6960960e-01  -2.7352533e-02
   2.0000000e+00   4.7004441e-01  -1.4129462e+00   9.5499028e-01   1.4249775e+00   1.6207530e+00   1.7350170e+00
   1.0000000e+00  -1.1930427e+00  -5.3026300e-01  -8.5098621e-01  -4.7139210e-01   6.8101561e-01   5.0938393e-01
   2.0000000e+00  -5.9852452e-01  -1.3765739e+00  -1.3576306e+00   2.4586971e+00   1.5540308e+00  -3.7403098e-01
   1.0000000e+00  -6.6055700e-01   2.6763618e-01  -8.6776617e-01  -7.9696123e-01  -8.2105252e-01   5.3617967e-01
   1.0000000e+00   6.2004493e-01   3.0801000e-01  -3.4653863e-01   2.0077179e-01  -5.3107524e-01   5.3946054e-01
   2.0000000e+00   2.9396290e-01   1.3305838e+00  -5.2774495e-01   5.4128132e-02   2.7672133e-01  -3.9270090e-01
   2.0000000e+00   2.0045987e-01   7.5560188e-01  -3.6688219e-01  -6.9064743e-01  -7.6778189e-02  -7.2380464e-01
   2.0000000e+00  -1.9367635e-01  -9.5525548e-01  -1.0815719e+00  -3.1871415e-01   3.3448817e-01  -4.7615019e-01
   2.0000000e+00  -2.6970868e-02  -3.1074715e-01   3.7714272e-01  -1.0382632e+00  -1.7738283e+00   1.5609213e+00
   1.0000000e+00  -5.5570091e-01   4.6037997e-01   2.1598933e-01   5.7576778e-01  -1.5169442e+00   7.0710423e-01
   2.0000000e+00  -7.8519203e-01  -5.5919691e-01   1.6090716e-01  -1.1900338e-01  -1.5168740e+00  -1.0518320e+00
   2.0000000e+00  -4.5825649e-01   1.1759304e+00  -3.4675976e-01   8.1933771e-01   1.5305966e+00   1.6996969e+00
   1.0000000e+00   1.2104198e+00  -4.5136173e-01  -4.3995595e-01  -2.8043440e-01  -2.4306943e-01   1.2649255e-01
   1.0000000e+00  -8.8274585e-01   1.0790557e+00  -1.4510338e+00   2.4745492e-01   8.0747451e-01   6.3545637e-01
   2.0000000e+00  -2.1636600e+00  -1.6597532e+00  -7.1958627e-01  -1.7604453e+00   1.0290867e+00   2.6957539e+00
   2.0000000e+00   2.0847759e-01   1.2140204e+00  -1.2757284e+00   3.8428086e-01   2.5863913e-01  -1.6751048e+00
   2.0000000e+00  -6.2580910e-01   3.0579295e-02   9.3653887e-01   1.5073435e-01  -5.8158475e-01  -1.6390661e+00
   2.0000000e+00  -2.6773517e-01   2.2035847e-01   5.2578670e-01  -1.7006981e+00  -1.6441017e+00   5.3077089e-01
   2.0000000e+00   7.3413294e-02   3.5394032e-01   6.6589841e-01   1.6224051e-01   1.5229731e+00  -1.3679839e+00
   2.0000000e+00   6.5941809e-01  -9.4812822e-01  -1.3478693e+00   1.3800969e-01  -2.6180257e-01  -2.2461901e+00
   2.0000000e+00  -3.7077537e-01   7.7256922e-01  -5.4815497e-01   1.0161627e+00  -1.1936014e+00   1.1139596e+00
   2.0000000e+00   6.3422498e-02  -6.4875158e-01  -1.0674391e+00  -1.7319458e-01   6.9109893e-01  -9.1114930e-01
   2.0000000e+00   2.2016295e+00  -6.2968395e-01  -4.5850963e-01  -8.6571741e-02   5.7313766e-01  -1.3293408e+00
   2.0000000e+00   2.6367597e+00  -4.3585925e-01   1.6215062e+00   2.2243513e-01  -1.5825945e-01  -4.9383314e-02
   2.0000000e+00   7.7375628e-01  -1.4637272e-01   8.0369284e-01  -7.4365130e-01  -1.3798889e+00  -8.6620207e-01
   2.0000000e+00  -2.1238360e+00  -9.3408506e-01  -4.4605194e-01   1.8764341e+00   6.5282661e-01   1.0981773e+00
   2.0000000e+00   5.2403035e-01  -1.2703363e-01  -1.3149694e+00   1.4500688e+00  -7.7668657e-01  -9.1598581e-01
   1.0000000e+00   8.3648044e-01   2.4785181e-01  -1.0615528e+00   1.2123046e-01  -8.4811628e-01   4.7412823e-01
   2.0000000e+00   1.2046646e+00   7.9171010e-01  -2.3593321e+00  -8.1928205e-01   4.8312853e-01   1.0005710e+00
   2.0000000e+00  -1.3788888e+00  -8.3453124e-01  -9.0863598e-02   9.0204050e-01   3.2476067e+00   7.0858249e-01
   1.0000000e+00  -3.3974394e-01   2.7742786e-01  -2.3043933e-01   4.1894415e-01  -1.4528600e-02   5.8169515e-03
   2.0000000e+00  -5.8877124e-02   2.8626144e-01  -2.7419293e-02  -5.8037869e-01   3.1160179e-01   1.0227067e+00
   2.0000000e+00  -1.1647888e+00  -1.8958180e-01  -3.8283108e-01   1.2333471e+00   2.1000545e-01  -2.9605542e-01
   1.0000000e+00  -1.2455582e-01   5.4493998e-01  -7.3627184e-02  -4.6026463e-01  -1.4838418e+00   1.9987344e-01
   2.0000000e+00  -6.3165984e-01  -6.5348761e-01   1.1887463e+00   1.7371705e+00   1.3187091e+00  -3.6520804e-02
   2.0000000e+00   4.8373700e-01  -1.6416255e+00   5.1872023e-01  -2.7727627e-01   3.8768773e-02   2.0529850e+00
   2.0000000e+00  -8.3921690e-02  -2.7213542e-01  -5.6452880e-01  -1.7853599e+00   7.0635641e-02  -1.5592492e-01
   2.0000000e+00  -2.0774946e+00  -1.0174028e+00   1.3634590e-01   1.7349723e+00  -1.0438771e+00  -4.5069078e-01
   2.0000000e+00   5.8083711e-01   1.2923363e+00  -4.5730906e-01   5.5428890e-01  -1.8714819e+00  -1.4454983e+00
   2.0000000e+00  -1.5823690e+00  -1.0570967e+00   7.3261200e-01   1.7469612e+00  -2.1114620e+00   1.3795683e+00
   2.0000000e+00  -1.0039400e+00  -8.7884253e-01  -5.6330354e-01  -5.3034077e-01   1.6304774e+00  -3.5269640e-02
   2.0000000e+00   1.0574012e+00   4.3445515e-01   1.2827587e+00  -1.7148113e-01   1.9938029e+00   1.9533358e+00
   1.0000000e+00   1.5061719e+00   1.7049715e+00  -2.4729895e-01   5.4834594e-01  -5.7514199e-01   3.4822503e-01
   2.0000000e+00   9.0787576e-02   6.2665894e-01  -1.9661100e+00   1.3475607e+00  -1.2428215e+00   4.3007021e-01
   2.0000000e+00   2.0488284e-01  -3.1253766e-01   2.1014403e+00   9.6983417e-01  -3.5135299e-01   5.6505268e-02
   2.0000000e+00  -2.0796079e-01  -4.0083655e-01  -1.6910239e+00  -2.5085329e-01  -1.4858894e+00  -1.8075127e+00
   1.0000000e+00  -9.1868729e-01   1.5085997e+00   3.5020961e-01   6.5626536e-01   5.0441604e-01   5.9731657e-02
   2.0000000e+00  -8.8676122e-01  -7.6377833e-01  -7.1634909e-01   3.6195466e-01   1.4967241e+00   2.4087617e+00
   2.0000000e+00   1.7416936e+00   3.8225123e-01   7.9153357e-02   1.5280372e-01  -7.9658370e-01   1.6875384e+00
   2.0000000e+00  -5.5078619e-02   1.2302058e+00  -1.7126023e+00   1.0105982e+00   5.8117309e-01  -1.4515737e+00
   2.0000000e+00  -3.7948264e-02  -7.9325255e-01   1.0428502e+00  -1.7031487e+00  -1.6139357e+00   3.3858592e-01
   2.0000000e+00   7.9530090e-01   8.7335154e-01  -4.5046422e-01   1.2189456e+00   1.2525770e+00   1.2078094e-01
   1.0000000e+00  -1.0189654e+00   3.6032918e-01  -3.3045192e-01   5.3103261e-01   7.0372536e-01   1.3216337e-01
   2.0000000e+00  -9.8710651e-01   5.5677556e-01  -1.3072061e-01  -1.0823170e+00   8.8178733e-01  -9.7277676e-01
   2.0000000e+00  -8.0730103e-01   1.0300644e+00  -9.3166890e-01  -1.6766683e+00  -7.1704486e-02  -1.0721064e+00
   2.0000000e+00  -1.4554412e-01  -8.3460776e-01  -6.6206488e-02   3.6552593e-01  -3.4508351e-01  -6.9029207e-01
   2.0000000e+00   1.6934094e+00  -4.7356178e-01   2.8129181e-01   3.9513946e+00  -1.1510975e+00  -5.6414689e-01
   2.0000000e+00  -1.1657662e-01   7.9199993e-01  -5.8704689e-01   5.6206606e-01   8.9899631e-01  -3.8872046e-02
   2.0000000e+00  -1.0655091e+00   1.0458651e+00  -9.5784229e-01  -4.7137080e-01  -2.0539810e-01  -2.8796560e-01
   2.0000000e+00   3.1738934e-01   1.0910067e+00   1.0602339e+00   2.1879019e-05   1.0407515e+00   1.5129008e+00
   2.0000000e+00   5.2721387e-01   6.7501231e-02   5.4052187e-01   1.6065275e-01   7.9323421e-01  -8.4496416e-01
   2.0000000e+00   9.1674216e-03  -4.7503520e-01  -1.7764116e+00  -1.0127040e+00   7.3563334e-01   1.2584979e-01
   2.0000000e+00  -3.9315669e-02  -1.1425680e+00  -3.0083610e-01   1.9510368e-01  -8.9383662e-01  -2.7115667e+00
   2.0000000e+00   3.7852111e-01  -1.5283506e+00  -5.2170155e-01  -1.2198835e+00  -1.3871532e-02  -9.4335672e-01
   2.0000000e+00   4.4970364e-01  -1.5160794e+00   4.2019408e-01   1.8755865e+00  -1.1768884e+00   1.1678902e+00
   2.0000000e+00  -2.2507048e-01   3.8567223e-01  -1.0989197e-01   3.5966584e-01   2.1422668e-01  -2.7294757e-01
   2.0000000e+00  -4.7303256e-01  -3.1386153e-01  -1.8588759e-01   1.0060210e-01  -5.4861645e-01  -1.1752450e-03
   1.0000000e+00  -3.2553431e-01  -4.5020274e-01  -5.5542402e-01   7.2814298e-01  -1.0823534e+00   6.7484394e-01
   1.0000000e+00  -2.1747030e-01  -4.4011429e-01  -4.9383167e-01   8.0132037e-01  -6.0885988e-01   8.6580328e-04
   2.0000000e+00  -1.3501527e+00   7.9566226e-01   1.1291776e+00  -1.0557801e+00  -2.9795194e-01   7.8600424e-01
   1.0000000e+00  -1.0673041e+00  -1.3585571e-01  -1.8487856e-02   5.6296862e-01  -2.6709389e+00   6.9447464e-01
   2.0000000e+00  -3.9550021e-01  -6.4362546e-02  -6.1441848e-01  -5.2111004e-01   1.4463346e-01  -1.0454847e+00
   1.0000000e+00  -5.4180408e-01  -1.6247630e-01  -1.4677084e-02  -4.1315695e-01  -1.8865232e+00   3.0091295e-01
   2.0000000e+00   2.1066579e-01  -9.6902928e-01   3.0890901e+00   8.5237463e-01  -3.5368965e-01   9.1980074e-01
   1.0000000e+00   1.3883736e+00  -1.5374655e+00   1.7088233e+00   6.2817205e-01  -3.7418696e-01   1.6032457e-01
   2.0000000e+00  -4.7445904e-01   1.9881416e+00  -6.9889563e-01   1.0120041e+00   5.6900960e-01  -1.9031920e+00
   2.0000000e+00   1.1032861e+00   9.4182847e-02  -9.6927718e-02   5.4092332e-01   1.3867648e+00  -3.2966964e-01
   2.0000000e+00   1.3279069e+00   1.0987759e+00   3.2549721e-01  -1.4681556e+00  -2.1634796e-01   1.4132260e+00
   2.0000000e+00  -2.4965760e+00  -1.3289980e+00   1.3246976e+00   2.1288333e-01  -6.1005593e-01  -1.2630099e+00
   1.0000000e+00  -9.7817604e-01  -2.3348999e+00  -2.6555600e-01   1.7734051e-01   6.2077507e-01   3.1081430e-01
   2.0000000e+00  -4.6072763e-01   1.5396350e-01   7.9974267e-01   1.1579413e+00   6.4789839e-03  -3.2939326e-03
   1.0000000e+00  -5.3951907e-01  -2.4442992e-01  -9.1658008e-02   7.3168055e-01   1.0706676e+00   6.0457317e-01
   1.0000000e+00   3.1595080e-01   2.3865007e-01   5.5026411e-01   1.4535616e-01   3.2093594e-01   9.5274374e-01
   2.0000000e+00  -1.4982518e-01  -7.7408046e-01  -2.4407352e-01  -6.3482841e-02   2.2728714e+00  -1.4093227e+00
   2.0000000e+00   3.0690714e-01   1.1027829e+00   4.8083116e-01  -2.0619524e-01   1.4071282e+00  -4.1327098e-02
   2.0000000e+00   3.2174854e-01   6.6225232e-01  -1.9501433e-01   1.4592013e-02  -2.3327741e-01  -6.6593443e-01
   2.0000000e+00  -1.4237615e+00  -1.9928486e+00  -1.1885042e-01   1.0153027e+00   5.9522558e-01   1.8080739e-01
   2.0000000e+00  -1.0446473e-01  -8.1182289e-02  -5.7857194e-01  -8.3127882e-01   9.3580677e-01   1.6392395e+00
   2.0000000e+00   2.1233375e-02   1.7730709e+00  -1.3836962e+00   8.2801141e-01   5.4491407e-01  -1.2066557e+00
   2.0000000e+00  -7.1451437e-01  -4.9822278e-01  -6.9591529e-01  -1.0230424e+00   1.4574516e+00  -5.3907967e-01
   2.0000000e+00  -1.1791360e-01   3.0460479e-01   1.1952484e-01   1.0200763e+00  -1.8535741e+00  -1.1484321e+00
   2.0000000e+00  -1.3731353e+00   9.8662465e-01  -3.4706800e-01   7.5275277e-02   1.3021415e+00   1.3269592e+00
   2.0000000e+00   5.0104257e-01   9.3190492e-04  -1.9597024e-01   1.2513187e+00  -4.0173903e-01  -1.4943332e+00
   2.0000000e+00  -6.5825311e-02  -5.5982685e-02   3.1145164e-01   1.3136344e+00   5.2725414e-01   3.9463646e-01
   2.0000000e+00   2.4424796e+00   1.5701410e-01  -5.6899522e-01  -1.1823811e+00  -1.0401354e+00   2.4478051e-01
   2.0000000e+00  -8.2102146e-01  -7.3357107e-01  -3.3703205e-01  -5.8735894e-01   9.0493154e-01   9.9243517e-01
   1.0000000e+00  -1.1727687e+00  -5.4729221e-01   5.8318321e-01  -2.1339236e-01   4.1220565e-01   6.3003520e-01
   1.0000000e+00   1.3495893e+00   1.0868251e+00  -1.5845055e+00   1.7384535e-01  -7.1795440e-01   7.4265795e-01
   2.0000000e+00   1.3859147e+00   9.5119508e-01  -5.2414961e-01  -1.4434135e+00   9.2269239e-01   7.9661500e-01
   2.0000000e+00   9.9856831e-01   5.8074668e-01  -9.5799113e-01  -5.5662030e-01   1.2994390e+00   1.6311063e+00
   2.0000000e+00  -3.0903110e-01   1.0866175e+00   4.0820119e-01   7.7495660e-02   1.6097590e-01  -3.6403811e-01
   1.0000000e+00   2.2004286e+00   1.3783578e+00  -1.2765782e+00  -4.7371991e-01  -2.5697175e-01   6.9952195e-01
   1.0000000e+00  -4.8974380e-01   1.4428634e+00  -7.1420659e-01  -3.7348037e-01  -3.5350135e-01   3.7059236e-01
   2.0000000e+00   6.6941928e-01  -3.3663117e-01  -9.5185316e-01   1.0623848e+00   3.7498605e-01   3.8983802e-01
   2.0000000e+00   1.1857988e+00   1.0623102e+00  -2.2820156e-01  -1.5579216e+00  -6.7534039e-01  -9.2500626e-01
   2.0000000e+00  -1.1399814e+00  -1.1895883e-01   9.8436301e-01  -1.2550612e+00   5.8683426e-01  -6.4686861e-01
   2.0000000e+00   8.1375972e-01  -1.0736703e+00   9.5432276e-01   1.4944900e+00  -6.3344304e-01   4.1939984e-01
   2.0000000e+00   2.4818417e-01   8.6739499e-02  -1.0289526e+00   4.0044925e-01   6.2505412e-01  -5.6204855e-01
   2.0000000e+00  -2.7712358e-01   7.5315382e-01  -7.9544662e-01   1.7790080e+00  -3.1319616e-01  -1.2731658e+00
   1.0000000e+00   1.3532337e-01  -9.1095555e-01   2.0538539e-01  -6.8529502e-02   2.9717083e-01   5.1946024e-01
   2.0000000e+00  -3.3734430e-01   9.0975007e-01  -1.0788662e+00   1.1042570e+00   5.1652661e-01  -1.4516637e+00
   2.0000000e+00   1.8157438e+00  -7.5055667e-01   4.2889128e-01  -1.2939585e+00  -6.4820695e-01   1.3555184e+00
   2.0000000e+00   2.2858400e-01   2.2312315e-01   8.1627723e-01   1.3363026e-01   5.9900665e-01  -1.2391378e+00
   2.0000000e+00  -7.8957449e-01   1.1125249e-01  -2.3509939e+00  -1.6369480e+00   1.7376254e+00  -6.6886451e-01
   2.0000000e+00   1.4109259e+00  -1.9405859e+00   2.7003822e+00   9.2352735e-01  -8.2124074e-01   5.2495492e-01
   2.0000000e+00  -1.6973728e+00   9.8018205e-02  -2.9041102e-01   1.0682359e+00  -1.1285082e+00  -1.2282584e+00
   1.0000000e+00  -7.5207207e-01  -8.7740450e-02  -9.0884425e-01   2.6337711e-01  -7.3255420e-01   5.2399836e-01
   1.0000000e+00  -6.2164388e-01  -1.1228403e+00   5.5728562e-01  -4.9494072e-01   3.8088800e-01   1.9488459e-01
   2.0000000e+00   1.7371591e+00   2.5944576e-01   2.1647504e+00   8.0373796e-01  -3.6618328e-01  -5.7067739e-01
   1.0000000e+00   1.3256658e+00   1.1482443e+00  -3.6895000e-01  -4.6244351e-01   8.7358733e-01   2.3342170e-01
   2.0000000e+00  -2.0261255e-01  -2.6204799e+00   6.7632837e-01   3.1819819e-01   4.8790201e-01  -1.5444177e+00
   2.0000000e+00   9.1760278e-01  -6.8147311e-01   1.8288245e-01  -1.0967473e+00   2.8872327e-01  -7.7751612e-01
   2.0000000e+00  -7.1616380e-01   5.8138113e-01   4.3182576e-01   1.7303604e-01   1.0169746e+00  -1.3620757e+00
   2.0000000e+00  -2.4087254e+00   3.7625423e-02   9.6680636e-02   1.1793126e+00   4.6800863e-01  -1.9496562e-01
   2.0000000e+00   1.7147846e-01   1.7268751e+00  -2.3791375e-01   5.5753631e-01  -9.8716764e-01  -2.2038664e-01
   1.0000000e+00  -2.3512203e+00  -7.3433670e-01  -2.1776615e-01  -1.5653882e-01  -1.2806376e+00   7.8623793e-01
   2.0000000e+00   8.0502030e-01   6.5502676e-01  -1.3505767e+00  -1.0853137e+00   6.0137460e-01   1.4490255e+00
   2.0000000e+00   4.9155826e-01  -3.1083080e-01   1.3151686e+00  -1.0793321e+00  -8.1577755e-01  -3.0516100e-01
   2.0000000e+00   4.3125175e-01   7.7461116e-01   8.3331952e-01  -1.8351509e+00   1.5590696e+00   1.1173653e+00
   2.0000000e+00  -1.7294994e+00   5.9480222e-01  -7.7110683e-01   5.1830229e-01   4.5997802e-01  -7.8185742e-01
   2.0000000e+00  -3.9539324e-01   4.0910537e-01   1.0737177e+00  -2.7952671e-01   1.1656642e+00  -1.8816297e+00
   1.0000000e+00  -4.3534691e-01  -2.4018420e+00  -3.1215757e-01   3.1822185e-01   8.0625801e-01   4.0092631e-01
   2.0000000e+00   1.5636539e-01  -1.3341103e+00   1.0156075e+00   1.0633393e+00  -2.4525051e-02   3.8692622e-01
   2.0000000e+00   1.7160018e-02  -8.9700754e-01   3.4356694e-01  -5.9434777e-01   2.1937970e-01   2.5194461e+00
   2.0000000e+00   5.3205542e-01   7.2127130e-01  -1.4689657e+00   8.2864335e-01   2.1471055e-01   1.4834760e+00
   2.0000000e+00  -2.7984078e-01  -1.1045817e-01   6.8205939e-01  -3.3371800e-01   1.0418912e-01  -6.5260793e-01
   2.0000000e+00   1.3699623e-01   1.5396588e+00   9.5622429e-02   1.7426007e+00   1.3629095e+00  -6.1997025e-01
   2.0000000e+00   5.2486224e-01  -6.2402916e-02  -5.7068247e-01  -2.2706774e-01   7.8736646e-01  -1.4754888e+00
   2.0000000e+00   1.3439045e+00  -1.3351727e+00  -3.5023474e-01   1.2996532e+00   3.7273920e-01   2.1758497e+00
   2.0000000e+00   1.7346304e+00  -2.1148528e-01  -3.3841123e-01  -8.7148486e-02   8.4401467e-02  -3.5315570e-01
   1.0000000e+00  -5.0627425e-01  -1.4838943e+00   2.8548540e-01   1.7635011e-01   1.0635078e+00   1.1404417e-01
   2.0000000e+00   1.6707015e+00   6.5194328e-01  -3.3161355e-01   1.3168610e+00  -2.1106367e+00  -3.4814957e-01
   2.0000000e+00   3.2188878e-01  -6.6880827e-01  -4.9042020e-01  -7.3326563e-01  -1.1679921e-01  -7.8263995e-01
   2.0000000e+00  -6.0932545e-02  -2.0332659e+00   1.8162588e-01  -3.9321684e-01   8.1989436e-01  -1.0689413e+00
   2.0000000e+00  -1.5427187e+00   1.4264188e+00  -5.4728130e-02  -1.5592877e-01   2.3735309e+00   1.1142844e+00
   1.0000000e+00   1.9675081e-01  -1.0291068e+00   1.4225926e+00   5.1190331e-01  -8.8858440e-01   7.7177622e-01
   2.0000000e+00  -1.1151888e+00  -6.3490289e-02  -2.7142988e+00  -4.8311878e-02  -1.0869705e+00  -5.4508863e-01
   2.0000000e+00   1.2962943e+00  -3.5276880e-01  -4.1074964e-01  -3.9786253e-01  -2.5868296e-01  -5.5192449e-01
   1.0000000e+00  -3.2963173e-01   2.2848988e-01   2.8574472e-03   1.8490792e-01   1.1498832e+00   2.7102576e-01
   2.0000000e+00   1.3764395e+00   3.1063336e-01   1.5465897e-03  -1.6999233e+00   2.0850142e-02   1.1177361e+00
   2.0000000e+00  -9.1777554e-01  -2.5873482e-02  -7.0802307e-01  -1.6621356e+00  -4.8417452e-01   7.8602327e-01
   2.0000000e+00  -7.0119571e-01  -8.2616780e-01   1.7756750e-01  -1.2688910e+00  -4.6997507e-01   7.9624097e-01
   2.0000000e+00   9.5818483e-01   1.0422553e+00  -1.6280360e-01   1.7634967e+00   3.6311296e-01  -1.3277722e-01
   2.0000000e+00   4.6751527e-01   2.0915745e+00   1.3960415e-01   1.9515161e-01   1.9977691e+00  -2.8646530e-01
   2.0000000e+00   2.3051778e-01  -1.1144513e+00   1.0490652e+00  -1.4355992e+00  -7.6287485e-01  -1.3324735e+00
   2.0000000e+00  -8.9187741e-01   6.4867816e-01   4.5844596e-01   1.1805879e+00  -1.6464580e+00   9.2318309e-01
   2.0000000e+00   3.6496310e-01  -9.8032470e-01  -8.1724485e-01   1.0675431e+00   1.9147854e-01   1.4223761e+00
   2.0000000e+00   3.9560473e-01   1.3041650e+00   5.9198558e-01   1.5468710e-01  -7.3016871e-02  -7.5264904e-01
   2.0000000e+00  -4.7904400e-02  -1.3882667e+00  -1.4157578e+00  -6.0908639e-01   5.5837960e-01  -1.0915396e-01
   2.0000000e+00   5.6408319e-01  -7.6207159e-01   2.8122021e-01  -1.6854854e+00   1.7520573e-01   2.8668033e-01
   1.0000000e+00   1.3026568e-01   1.1332350e+00   7.4602990e-01  -1.0393430e-01  -5.4444817e-01   1.0831735e-01
   1.0000000e+00   1.5828484e+00  -9.1347231e-01  -1.2323582e-01  -5.6486388e-01   5.1368398e-01   1.6527635e-01
   2.0000000e+00   1.0038007e+00   1.1834870e-01  -1.2076993e+00   1.2869780e+00   3.6094458e-02   6.4992629e-01
   2.0000000e+00   2.9386571e-01  -1.7776467e-01  -6.7066300e-01  -1.1852458e+00  -1.3227076e+00  -3.8988425e-01
   2.0000000e+00   1.1763987e+00  -1.3071843e+00  -7.2355930e-01   3.8960250e-01   8.5038391e-01   1.2341232e+00
   2.0000000e+00   1.1306094e+00  -1.5396629e+00   1.0224022e+00   1.0856767e-02  -5.7526671e-01  -1.6914195e-01
   2.0000000e+00   8.5663121e-01   3.9654120e-01  -2.0208273e-03  -6.1846119e-01  -5.8417945e-01  -8.9203372e-01
   2.0000000e+00  -8.1522628e-02  -7.7738413e-01  -1.2612149e+00   1.2318326e+00  -5.9864831e-01  -1.0107848e+00
   1.0000000e+00   1.4867687e+00   6.3321969e-01   8.4349612e-01   3.3013415e-01  -1.8137510e+00   3.6335074e-01
   2.0000000e+00  -1.3417142e+00   2.0070946e+00   7.4076298e-01  -3.5663343e-01   2.2705727e+00   1.0122183e+00
   2.0000000e+00  -9.6626779e-01   1.7402931e+00   1.3690705e+00   4.5280462e-01   5.6041345e-01  -2.8333372e-01
   1.0000000e+00   1.9278940e+00  -6.2676584e-01   2.1746877e-01  -1.1595313e-01  -7.9161596e-02   4.4755495e-01
   2.0000000e+00  -8.5187756e-02  -4.0271941e-01  -1.7268304e-01  -8.3808483e-01   1.2250305e-02  -1.4705449e+00
   2.0000000e+00   7.4773174e-01  -8.4974673e-01   6.8199511e-01   1.3222517e+00  -2.6999058e-01   1.7038558e+00
   1.0000000e+00  -3.8990054e-01  -2.0708459e-01   7.7429093e-01   2.3617031e-01  -1.7983045e+00   2.6040995e-02
   2.0000000e+00   1.2546045e+00   9.3106433e-01  -8.8857206e-01   7.4821454e-01   4.0409855e-01  -3.7451076e-01
   2.0000000e+00   3.7620955e-01   2.2836307e-01  -7.9962318e-01  -1.2006899e+00   1.1469564e+00   1.4262737e+00
   2.0000000e+00  -1.5194880e+00  -1.3878110e+00  -8.5629544e-01  -6.0855192e-01  -4.4662455e-01  -7.9189703e-01
   2.0000000e+00   1.2789609e+00   1.3468587e+00   1.5626055e-01  -4.1655706e-01  -6.1492207e-01  -1.7395065e-01
   2.0000000e+00  -4.8371192e-01   1.4725342e+00  -1.1934828e+00  -3.4323577e-01  -4.0732063e-01  -1.1273202e+00
   2.0000000e+00  -2.8640199e-02   7.8210133e-01   3.0807084e-01  -1.2199763e+00  -6.5119821e-01   6.1124307e-01
   2.0000000e+00   8.2769463e-01   2.9967021e-01   2.1956820e-01  -3.6555950e-01   9.3468213e-01  -1.0643987e+00
   2.0000000e+00  -5.0808563e-02   7.2001123e-01   2.9636402e-01  -1.1002394e-01   5.8210477e-01   2.8538731e+00
   1.0000000e+00   1.2455922e-01   1.4424096e+00   1.2939331e+00  -3.5542936e-01   4.5238432e-01   7.9813778e-01
   2.0000000e+00   1.5294961e-01   6.6784270e-01   5.4701108e-01   3.4390061e-01   8.4033868e-01  -6.3597850e-01
   2.0000000e+00   7.4840159e-02   1.4217909e+00  -1.9281918e+00  -1.6038042e-01  -7.3985537e-01  -1.3742067e+00
   2.0000000e+00  -9.1800178e-01   8.0167464e-02   4.6516393e-01  -1.3452278e+00   7.9884935e-03   1.9057090e+00
   2.0000000e+00  -1.8815263e-01  -1.9246905e-01   5.7916574e-01  -2.1730753e+00  -7.3434851e-01   8.1364381e-01
   2.0000000e+00   9.8085228e-01  -2.6185773e-01   2.9065330e-01   4.6261497e-01   2.5936471e-01  -3.2959880e-01
   2.0000000e+00  -6.1638218e-01   3.6125291e-01   9.2872573e-01  -1.9221221e+00  -7.3238949e-02  -1.8383200e+00
   1.0000000e+00  -8.3684627e-01   2.1908760e-02   1.6477315e+00   3.2916918e-01  -2.0867340e-01   2.2594958e-01
   2.0000000e+00   2.7520380e-01   1.4502837e-01   2.0298058e-01   7.0966310e-01  -1.1743602e+00   1.0892534e+00
   2.0000000e+00  -1.5225981e+00  -3.1383092e-01  -6.9702927e-01   4.7807251e-01   1.1807717e-01   1.7094410e+00
   2.0000000e+00  -3.1162250e+00   1.5780386e-01  -1.4504695e+00  -2.0722242e+00  -5.4916571e-01   3.2700395e-02
   2.0000000e+00  -5.6343644e-01  -1.3250003e+00   4.3960912e-01  -8.1909242e-01   2.2904495e-01  -2.5850546e-01
   2.0000000e+00   2.8472041e-01  -2.2406812e-02  -1.5694636e+00  -4.3151304e-01   1.3215907e+00  -1.9028792e-01
   2.0000000e+00  -1.2974875e+00   1.4370453e-01  -9.2183537e-01   1.0803913e+00   5.1969371e-01   8.7745277e-01
   1.0000000e+00  -1.9075673e+00   6.0857540e-01  -5.6396148e-01   1.6573074e-01   8.7330685e-01   4.4938752e-02
   1.0000000e+00   2.5746945e-01   3.8661448e-01  -3.6026896e-01  -4.0102966e-01   1.9385365e-01   6.8320122e-01
   1.0000000e+00   8.5626290e-01  -1.0223690e+00  -6.7218077e-01  -2.8495452e-01  -3.5559516e-04   1.6928210e-01
   2.0000000e+00   2.3774310e+00   3.0470393e-01   3.6021277e-01   2.2595259e-01  -1.2796103e+00  -4.4385101e-01
   2.0000000e+00   8.0872327e-01   1.4072905e-02   1.5016665e+00   2.2966698e+00  -1.4484408e+00   8.4861851e-01
   2.0000000e+00  -5.6550309e-01   6.3302642e-01   9.3327499e-01  -2.0504433e+00   1.0044898e+00  -7.7594645e-01
   2.0000000e+00  -6.5901650e-01   1.4429495e-01  -1.6602363e+00   8.2429236e-01  -1.1474205e+00  -1.8985391e+00
   1.0000000e+00   1.4885805e+00   7.6151369e-01  -1.2797030e+00   1.7964990e-01  -1.4676587e+00   5.4085370e-01
   2.0000000e+00  -9.1832174e-01  -7.8826705e-01  -1.4394552e-03  -8.8471906e-01  -4.9004313e-01  -1.8072778e+00
   2.0000000e+00  -7.1401807e-01  -3.9905413e-01  -4.7126105e-04   8.7974514e-01   1.1898534e+00   5.8651370e-01
   2.0000000e+00  -6.1011261e-01   4.2304348e-01   2.3099363e+00  -4.3857595e-02   1.4907366e-01   4.7430053e-01
   1.0000000e+00  -1.2517092e+00   7.0078696e-01  -7.4688962e-01  -1.6642125e-01  -1.3770733e+00   6.6692947e-01
   1.0000000e+00  -2.8836242e+00   3.2163923e-01  -1.2381007e+00   6.7761086e-01   4.2301111e-01   6.3941849e-01
   2.0000000e+00  -4.2240750e-01   9.9869068e-01  -5.4170804e-01   1.8357643e+00  -8.8036340e-01  -9.5289566e-02
   2.0000000e+00  -2.4990012e-01  -8.2829882e-01  -7.1738417e-01   4.2480257e-02   4.2695845e-01  -1.5405760e+00
   1.0000000e+00  -1.7866801e+00  -1.0780580e+00  -1.9541357e+00  -1.5261696e-01   1.1309250e+00   3.5455243e-01
   2.0000000e+00   1.5867474e+00   8.9728678e-01  -5.6804221e-01  -2.2421343e+00  -6.9444685e-01  -4.1157059e-01
   2.0000000e+00   2.4886200e-01  -2.0164302e-01  -1.5997446e+00  -1.9887593e+00   5.7960374e-01   8.0551602e-01
   2.0000000e+00   1.9779901e-01  -1.0926600e+00   1.7767546e-01  -6.2939171e-01  -8.7952533e-01   2.1331716e+00
   2.0000000e+00   1.2201192e-01   1.4085339e+00   1.9451746e+00  -6.2696054e-01   9.6185228e-01   6.0361333e-01
   1.0000000e+00  -4.7088889e-01  -6.5254198e-01   2.8910803e-01  -5.5194266e-01  -9.4874034e-01   5.5658707e-01
   2.0000000e+00  -1.5884726e-01   1.4919155e+00  -1.5973386e+00  -1.5877939e+00   9.5272108e-01  -3.8122197e-01
   2.0000000e+00  -4.5432741e-01   1.3382846e+00  -6.6020719e-01   3.9791896e-01   1.3507300e+00   1.4989513e+00
   2.0000000e+00  -3.5392895e-01  -9.9874171e-01   1.0740870e+00   2.0804673e-01  -1.4024013e-01  -1.5804072e+00
   1.0000000e+00   3.9770820e-01   4.9542720e-01   5.9292820e-01   2.5515186e-01   1.9210700e-01   8.4779615e-02
   2.0000000e+00   1.4721545e-01   7.3413573e-01   1.2397890e+00   2.5618311e-02  -4.2279533e-02  -6.2637714e-03
   1.0000000e+00  -9.4701211e-01  -8.0554234e-01  -1.4706561e+00  -2.9928132e-01   7.3521454e-01   2.7822680e-01
   2.0000000e+00  -8.7965224e-02   2.0696038e+00   8.2254489e-01   1.3373305e+00   1.4462657e+00  -3.0226366e-01
   2.0000000e+00   1.2908136e+00   8.1579398e-01  -1.7407409e+00   4.8107438e-01   2.0061121e+00   1.0174792e+00
   1.0000000e+00  -1.5690472e-01   2.0477751e+00   9.6649680e-01   4.4748201e-03   1.5634268e+00   2.1059368e-01
   2.0000000e+00  -4.4360643e-01  -7.0116195e-01  -8.2637909e-01   4.5521150e-01   1.7909681e+00   9.4628785e-01
   2.0000000e+00  -1.6103146e+00  -3.7384094e-01  -1.0709906e-01  -8.0499367e-01  -3.6381082e-01   1.4390523e+00
   2.0000000e+00  -1.4620507e+00  -1.2884123e+00   1.1145055e+00  -6.8832873e-01  -1.0712528e+00  -1.2644518e+00
   2.0000000e+00   1.2784991e+00   6.2886542e-01   2.4874301e+00   1.3171108e+00  -3.8324308e-01  -1.2165301e+00
   1.0000000e+00  -1.6620691e+00   1.5330982e-01   1.5002956e+00   3.9388085e-01   1.3195727e-01   1.0098464e-01
   2.0000000e+00  -2.0172594e-01  -3.3197297e-01  -1.8110063e-01   9.6004764e-01  -1.7858095e+00   6.3877345e-01
   2.0000000e+00   4.0696635e-01   6.8460779e-01   2.3333709e+00   1.4964668e+00   7.3132893e-01  -1.4362824e-01
   2.0000000e+00  -3.8560385e-01  -9.7934494e-01  -1.6906667e+00   8.5238468e-01  -1.7300862e-01   1.5134228e+00
   2.0000000e+00  -1.9630423e+00   3.5949528e-02   8.5401784e-01  -2.5959664e+00  -9.7127363e-01  -6.6899726e-01
   2.0000000e+00   9.9107858e-01   1.1269325e+00   1.1351401e+00   1.3150023e-01  -7.4343646e-01  -7.9281774e-03
   2.0000000e+00  -7.2385248e-01  -6.8740879e-02  -1.3344070e+00   2.2447508e+00   5.5879702e-01   8.3570047e-01
   2.0000000e+00  -6.5805202e-01   2.4425039e-01   1.7254255e+00  -7.5658743e-01  -3.0199579e-01   9.9227512e-01
   2.0000000e+00   1.6130061e-01  -1.7821683e-01   1.5036464e+00  -5.7944453e-01  -1.4166532e-01   1.1719262e+00
   2.0000000e+00  -9.2568523e-01   5.5228616e-01  -1.0687633e+00  -2.0460220e+00  -2.5707256e-01   2.4136123e+00
   2.0000000e+00  -1.8447349e-01  -7.2562902e-01  -2.2414430e-01  -1.4943597e+00  -1.7459906e+00   1.2317324e+00
   2.0000000e+00   1.7581558e+00   1.1964305e+00  -1.2772553e-01   1.4485285e+00  -7.8613020e-01   3.5974000e-02
   2.0000000e+00  -5.8015303e-02   5.0467804e-01  -2.7926625e-01  -1.9663044e-01   1.6770073e+00  -7.1049587e-01
   2.0000000e+00  -7.4848302e-01  -1.2144267e+00  -1.0148285e+00   1.9339539e+00   1.3271397e+00   1.4738021e-01
   2.0000000e+00   8.2480383e-01   1.6024640e+00   1.0020669e-01   3.6479349e-01  -1.9846462e+00  -3.9128086e-01
   2.0000000e+00   1.1047943e+00  -1.1451495e+00   1.2614541e+00  -1.8950965e+00  -2.0060589e-02   5.0208002e-01
   2.0000000e+00   7.5786855e-01   1.8802890e-01  -2.5837803e-01  -1.1208983e+00   1.8186349e+00  -6.7112628e-01
   1.0000000e+00   7.6003869e-01  -1.3923504e-01  -1.4642110e-01  -4.1007256e-02  -1.2199131e+00   4.5528036e-01
   1.0000000e+00   3.1142264e+00   8.3777496e-01  -9.5567843e-02   2.2239875e-03   4.3757624e-01   7.6381820e-01
   2.0000000e+00   1.1670207e+00  -6.3807456e-02   2.1365639e+00  -5.4511624e-01  -6.1610123e-02   1.5549859e+00
   2.0000000e+00   1.4623111e+00   5.4778598e-01  -2.6579163e-01   6.2691697e-01  -5.7455174e-01  -2.3206181e+00
   2.0000000e+00  -7.8632197e-01   5.3124984e-01   1.8679215e+00   8.5269595e-01   5.9554995e-01   7.1651255e-01
   2.0000000e+00  -1.3805116e+00   1.1562680e+00  -3.8818452e-01  -8.6609361e-01  -2.7586152e-02  -7.3441949e-02
   2.0000000e+00  -3.0359382e-01  -4.7251727e-01   1.2306256e+00   1.1202966e+00  -1.5005987e+00  -1.0698198e+00
   1.0000000e+00  -1.1388282e+00  -1.5494822e+00  -1.6572297e-01  -2.5225191e-01  -1.0811014e+00   8.4391231e-01
   2.0000000e+00  -3.6705133e-01  -1.1914932e+00  -4.2846837e-01   2.4440471e-01  -1.1780096e+00   1.1038177e+00
   1.0000000e+00  -3.6269987e-01   4.5938252e-01  -1.5684414e+00   4.3265465e-01  -3.1025891e-02   4.0477006e-01
   2.0000000e+00   8.9408992e-01   4.8206041e-01   1.0325675e-01   5.7179963e-01   9.2307799e-01  -2.9009507e-01
   2.0000000e+00  -4.7599633e-01   1.0352820e+00   3.9060035e-01  -9.9417841e-01   1.0694202e+00  -5.0028125e-01
   1.0000000e+00  -1.2803549e-01  -5.5541434e-01   1.5629235e-01   4.0220154e-01  -2.3047674e-01   3.1215541e-01
   1.0000000e+00  -2.3920240e-01  -1.1235927e+00  -7.3969257e-01   8.3885384e-01  -1.0050826e+00   2.3797948e-01
   2.0000000e+00  -3.4805574e-01  -8.4009164e-01  -2.4191593e-01  -9.4719213e-01   2.0696403e+00   1.3023615e+00
   1.0000000e+00  -3.2643642e-02   8.7210941e-01  -3.6265415e-01  -3.1238635e-01   1.8469245e+00   2.8502185e-01
   2.0000000e+00   2.0719250e+00  -1.7832946e-01   1.0568854e+00   7.2420118e-01   5.8579030e-01  -5.2050365e-01
   2.0000000e+00   8.2899454e-01   7.5408960e-01  -5.9215121e-01  -1.0001667e+00   8.1274267e-01   1.0348459e-01
   2.0000000e+00   8.5973277e-02  -4.1288048e-01   7.4376173e-01  -3.4557320e-01   9.7149682e-01  -7.2707233e-01
   2.0000000e+00  -2.6801469e-01  -6.3005730e-01   2.9840760e-01  -8.4117671e-01   5.7327488e-01  -9.2018817e-01
   2.0000000e+00   1.0606896e+00  -2.2141741e-01  -4.4260125e-01  -2.5542046e-01  -3.1755231e-01  -6.6499558e-02
   2.0000000e+00  -2.2601733e-01   4.6571039e-01   2.0917418e-01  -1.4330525e+00   6.7462355e-01   2.1790354e+00
   2.0000000e+00   2.5553808e-01   6.5493880e-02  -1.1972513e+00  -4.9618157e-01   1.3915151e+00   1.2552049e+00
   2.0000000e+00   1.3166981e+00  -1.9007189e-01  -1.2290738e+00  -1.0240657e+00  -7.9394719e-01  -1.6348389e+00
   2.0000000e+00  -1.2450042e+00  -1.6871272e+00  -1.1128194e+00  -1.1752452e+00  -8.9904475e-01  -5.1363588e-01
   1.0000000e+00   1.4443017e+00  -1.2521511e+00   1.4871676e+00  -4.9319649e-01  -1.7596363e+00   1.9133137e-01
   1.0000000e+00  -3.2993734e-01  -2.5169971e-01   6.4493979e-01   7.9010569e-01   1.4846086e-01   4.4228714e-01
   2.0000000e+00  -1.8921338e+00   1.0732270e-02  -3.5135163e-02   1.3169756e+00   1.3755185e+00  -1.6026290e-01
   2.0000000e+00   9.4927503e-04   3.0901702e-01  -1.0642087e+00  -1.1643049e+00   1.1923336e+00   6.1135452e-01
   2.0000000e+00   1.0718357e+00   7.0060894e-01  -1.3528991e+00  -6.7533409e-02  -1.3445754e+00  -1.3099349e+00
   2.0000000e+00  -9.9576698e-02  -1.3232682e+00  -1.1213596e+00   1.1364049e+00  -7.3586439e-01   8.0438639e-01
   2.0000000e+00   1.7154408e-01   5.3168158e-01   2.5092692e+00   3.8249488e-02  -6.2175181e-01  -2.0800981e+00
   2.0000000e+00   1.5979470e+00   5.3604489e-01   2.5453732e-01   1.8160273e-01  -1.3056380e+00  -1.3588196e+00
   2.0000000e+00  -8.3412438e-01   1.4158417e+00  -2.9700829e-01   1.5514170e+00   1.1881804e+00   2.4770940e-03
   2.0000000e+00  -5.3194140e-01   8.0276148e-01  -1.7220157e-02   5.4112372e-02  -1.5865924e+00  -6.6095680e-02
   2.0000000e+00  -1.2194377e-02  -1.4830350e+00  -1.8380290e+00   1.6937563e-01   1.8366875e-01   1.4731670e+00
   2.0000000e+00   2.6725426e-01  -6.1566660e-01   2.2125995e+00  -3.6604998e-01   1.8913771e+00  -2.0285329e-02
   2.0000000e+00   6.2221165e-01  -4.3159894e-01  -1.1026038e+00   3.6327264e-01  -1.3275763e+00  -2.9761634e-01
   2.0000000e+00   4.4374883e-01  -2.0116747e-01  -3.7346895e-01   7.6644040e-01   5.8990306e-01  -1.0745563e+00
   2.0000000e+00  -3.4111226e-01  -2.8607443e+00  -1.0093903e+00  -1.7411372e+00  -1.9795861e-01   3.3710185e-01
   2.0000000e+00  -7.0109395e-01   1.6919924e+00  -1.8651887e-01   6.0552747e-02   6.6519000e-01   1.3563590e+00
   1.0000000e+00  -3.0126846e-01  -1.3494028e+00   5.1511261e-01  -2.6088961e-01  -1.0289793e+00   8.8058400e-01
   1.0000000e+00   2.2026986e+00   9.6620671e-01  -4.5529133e-01   4.8283233e-01  -2.5917580e-01   4.3925151e-01
   2.0000000e+00  -6.2527806e-01  -1.4140572e-01   2.5664415e-01  -7.0618844e-02   6.6268662e-01   1.1204888e+00
   2.0000000e+00   8.0783654e-01   1.1377243e-01   7.8726793e-01   1.1395520e+00   1.2594240e+00   1.6225744e-01
   2.0000000e+00  -3.3585976e-01  -1.8893242e+00  -1.4676798e+00  -2.1676189e+00  -1.1034538e+00  -5.2497351e-01
   2.0000000e+00   1.7879702e+00  -1.4174041e-01   9.7020500e-01   1.2601948e+00  -7.9376614e-01   5.7247342e-01
   2.0000000e+00   6.5890063e-01  -9.8909853e-01  -7.9996473e-01  -4.1937064e-01  -9.3879580e-01  -6.5986675e-01
   2.0000000e+00   6.2648489e-01  -1.1023272e+00  -3.9888773e-02   2.1482394e+00  -4.8565592e-01  -9.2205841e-01
   1.0000000e+00   1.2348122e+00   9.9329361e-01  -1.9739809e-01  -7.5813544e-01  -1.7831019e-01   2.2726149e-01
   2.0000000e+00   6.0885966e-02   4.5814217e-01   1.3747107e+00   2.1640011e-01  -1.4786727e+00  -4.2085284e-02
   2.0000000e+00   1.5838771e+00  -5.5943608e-01   8.8863878e-02   1.0277698e+00  -1.5598271e+00   1.5819991e+00
   2.0000000e+00   1.1586853e+00  -2.7251177e-01   8.0223525e-01   1.7568778e-01  -2.2050573e+00  -1.9650531e-01
   2.0000000e+00   2.1658598e-01   1.9767027e+00   1.0831160e+00   3.8158373e-01   8.3965398e-01  -5.1058538e-01
   2.0000000e+00   1.4092324e+00   1.5059271e+00   9.0065348e-01   3.1624963e-01   2.1535386e+00  -2.1083120e-01
   2.0000000e+00  -1.0246844e+00   1.7029194e+00   6.2535752e-01   6.3596090e-01  -1.6761605e+00  -1.5206147e+00
   1.0000000e+00  -7.1878026e-01   8.0363914e-01  -1.3036626e-01  -7.6808074e-01   1.7344094e-01   2.4592445e-01
   2.0000000e+00   7.4878545e-01  -7.5580014e-01   3.8717429e-01  -1.3857282e+00   8.8536124e-01  -6.4274307e-01
   2.0000000e+00   2.9869491e-01   1.2679082e+00   1.2939879e+00  -4.3665911e-01  -1.9491474e+00  -6.7846662e-01
   2.0000000e+00  -1.3583998e-01  -4.7304558e-01  -2.6199852e-01  -1.0124660e+00   5.7024860e-01   8.0261429e-01
   2.0000000e+00   1.6281807e+00  -2.8816532e-02  -9.5124458e-01  -1.0709305e+00  -9.0751385e-01  -8.7888483e-01
   2.0000000e+00   1.7688530e+00  -6.5172314e-01   1.4058332e+00   1.9085338e+00   6.3032631e-01  -1.1270305e+00
   1.0000000e+00   7.1475088e-01  -1.5078243e+00   1.3821087e-01   1.2028054e-01   6.2118924e-02   9.2468787e-01
   2.0000000e+00  -4.0933224e-02   2.0483656e-01   7.3244429e-01  -4.9302372e-01  -1.4827274e+00   1.8344545e+00
   2.0000000e+00  -2.9143798e-01  -1.7503294e+00   2.6039102e-02   1.3660857e+00   2.2295893e-01   1.1457555e+00
   2.0000000e+00   1.1747948e+00  -1.0291785e+00   1.2070407e+00  -1.6817254e+00   6.0479478e-01   1.2565661e-01
   2.0000000e+00  -7.6618332e-01   6.8675182e-01  -4.3455326e-01  -1.2012411e+00   2.9331635e-01  -1.4527146e-02
   2.0000000e+00  -8.5965612e-04   8.2752292e-01   4.6708790e-01   1.1405961e+00  -1.2668860e+00   4.7183746e-01
   1.0000000e+00  -3.4737044e-01  -1.1718092e+00   1.5466754e+00   2.4498901e-01  -2.4694511e-02   1.4589261e-01
   1.0000000e+00  -1.8250584e+00   4.0084077e-01  -1.2472102e+00   5.1833139e-01   9.0300544e-01   2.4032071e-01
   2.0000000e+00   2.1761109e+00  -8.9384080e-01  -1.1350484e+00  -1.0264054e+00   1.5365841e+00   4.6385578e-01
   2.0000000e+00  -9.8727966e-01  -7.1826043e-01   1.9379412e+00   6.9508087e-01  -6.3516755e-01  -1.6222443e+00
   2.0000000e+00   2.7213565e-01   1.7513343e-01  -7.4134738e-01   5.6552951e-01   6.8997731e-01  -6.7628653e-01
   2.0000000e+00  -9.3358087e-01  -8.3106173e-01  -1.8071740e+00   1.3202444e+00  -6.5353844e-01  -5.0878982e-01
   1.0000000e+00  -4.0307364e-01   4.1636305e-01   5.7552769e-01   9.6152642e-01  -9.2842354e-01   2.3842987e-01
   1.0000000e+00  -1.9344238e-01   8.6016692e-01  -1.4338312e+00  -5.2063622e-01  -9.8360198e-01   3.8144367e-02
   2.0000000e+00   7.6324734e-01  -9.3316679e-01   1.1377387e+00   6.5228152e-01   2.1484180e+00   1.7235509e+00
   2.0000000e+00  -6.9375984e-01   8.9972844e-01   6.1450131e-01   4.1924825e-01   8.9988227e-01  -2.3249125e-01
   1.0000000e+00   2.2141965e-01  -1.9675650e-01   1.5340743e-01   5.0743106e-01  -1.1370632e+00   1.3355608e-01
   2.0000000e+00  -1.3930886e-01   1.1818601e-01   1.3714164e+00   1.5831909e-01   4.7019296e-01   1.1289099e+00
   2.0000000e+00   1.6789299e+00   1.3503852e-01   1.9899959e+00  -9.0767419e-01  -1.5861729e-01  -2.6456607e-01
   2.0000000e+00  -7.7471775e-01   7.1888663e-01  -3.1155466e-01   3.8328875e-01   5.8424757e-01   2.0462721e+00
   2.0000000e+00   1.3071484e-01  -1.3164073e-01  -2.2060380e-02   1.4828235e+00   5.7993829e-01  -6.1159029e-01
   2.0000000e+00  -1.9941232e-02   8.4706161e-01   9.0970769e-01   3.5393599e-01  -2.3433003e+00   1.1476823e+00
   2.0000000e+00  -6.9222827e-01  -1.7481936e+00   1.8647897e+00  -1.0370133e+00  -2.9996154e-01   1.0175220e+00
   1.0000000e+00  -3.0486071e-02   1.1712141e+00  -4.4273004e-01   5.7046447e-01  -1.0310892e+00   2.0316315e-01
   1.0000000e+00  -6.9119233e-01  -1.9198852e-03   1.8651660e+00   4.3624904e-02   2.2996192e-01   8.2015248e-03
   2.0000000e+00  -1.3947086e+00  -2.5760708e-01   1.6721877e-01   7.5578141e-01   2.5389256e-01   1.5850806e+00
