   1.0000000e+00   1.6772256e+00   1.8803838e+00   2.9961175e-02   3.0030256e-01   5.4083635e-01  -7.4891442e-02
   2.0000000e+00  -4.7973499e-01   4.8481230e-01   3.5521097e-01  -1.4356353e+00  -5.0406202e-01  -3.9048522e-01
   2.0000000e+00  -2.0922729e-01  -1.6347707e+00  -1.5053142e+00  -2.0509634e+00  -1.0630251e-01  -3.4030940e-01
   1.0000000e+00   1.2107230e+00   2.4924037e-01  -6.1293312e-01   1.7581965e+00   1.4161739e-01  -5.6545212e-01
   2.0000000e+00   1.0287928e+00   6.4814933e-02  -1.2679273e+00   6.0123916e-01  -1.1782885e+00  -1.8185247e-01
   1.0000000e+00   6.0762833e-01   3.4373366e-01  -8.0692000e-01  -2.6400571e-01   5.7330078e-01   3.6739910e-01
   2.0000000e+00  -1.6105764e+00  -1.1692385e+00   1.4665535e+00  -1.9495264e-01  -9.2753375e-01  -1.6070619e-01
   1.0000000e+00  -3.7704277e-01   9.9200942e-01  -3.2318305e-02   4.0315207e-01   7.0007435e-01   1.4096609e-01
   2.0000000e+00   8.4838672e-01  -1.7603286e-01   2.1494949e-01  -5.9372358e-01   6.3081492e-01   9.2903734e-01
   2.0000000e+00   1.2042830e+00   1.2768561e+00  -3.7772156e-01  -1.7248984e+00   1.9969326e-01  -1.0703050e+00
   2.0000000e+00  -7.9079334e-01  -1.2016855e+00   9.2021312e-02  -3.4530335e-01  -2.8614161e-01  -7.5141715e-01
   2.0000000e+00  -4.7039305e-01   1.4973301e+00   1.2486552e+00   1.1102701e+00   1.0572223e+00  -1.1489692e+00
   2.0000000e+00  -4.2948198e-01  -1.2558074e-01   7.8455981e-01   7.9296840e-01  -1.0073431e-01  -9.6683483e-01
   2.0000000e+00  -1.4240033e+00   3.6657299e-01  -1.1173316e+00   1.8205983e-01   3.1186795e-01   1.3532970e+00
   1.0000000e+00  -1.1738563e-01  -1.4075889e+00  -8.5026415e-01  -1.5694782e+00   4.9172362e-01  -4.9758834e-01
   1.0000000e+00  -2.5675111e-01   7.5097372e-01  -3.4937835e-01  -4.6824577e-01   1.3393312e-01   9.2233181e-01
   2.0000000e+00  -1.0907096e+00   4.7655798e-01  -1.6143370e+00   5.3626389e-03   1.2636939e+00   6.4757601e-01
   1.0000000e+00  -1.7615276e-01  -1.2099508e+00   3.8985930e-01   8.6100309e-01   3.3497363e-01  -5.9198055e-01
   2.0000000e+00  -5.9631563e-01  -7.8600227e-01  -7.3696430e-01  -2.2407473e+00  -1.1274757e-02  -3.5082868e-01
   2.0000000e+00   2.3358391e+00  -1.1745083e+00   4.8831027e-01   5.3655286e-01  -8.6952936e-01   8.3830792e-02
   1.0000000e+00  -3.3814849e-01   1.0708209e+00  -3.8862903e-01  -3.2084665e-01   9.3221679e-01   3.3758142e-01
   2.0000000e+00   2.5330198e-01   1.4076019e+00  -2.6919580e-01  -2.3534713e-01  -9.9368872e-01  -1.5369377e+00
   2.0000000e+00   1.2615440e-01   2.0362074e+00   2.9697277e+00   5.9979660e-02  -7.5408555e-01  -2.4345440e+00
   2.0000000e+00  -5.4583878e-01  -5.4643492e-01  -1.6164191e-01   8.7246860e-01  -5.5222506e-01  -2.5354980e-01
   2.0000000e+00  -6.5863930e-01   1.0193284e+00   1.1161392e+00   3.9503343e-02   7.6794721e-01  -9.4488366e-01
   2.0000000e+00   1.5901887e+00   8.1946183e-01   1.0253315e+00   9.7166614e-01   6.9138538e-01  -1.6682499e+00
   2.0000000e+00   3.9337555e-01  -3.6347125e-01  -1.2971536e+00  -1.5606626e+00   1.6945386e+00   1.5063480e-01
   2.0000000e+00   9.0329606e-01   3.4782527e-01   8.4348352e-01  -4.0500989e-01  -2.6436721e+00   2.5468876e-01
   2.0000000e+00  -3.2705561e-01   1.2977972e+00   9.9891664e-01  -2.0776421e+00  -1.3132735e+00  -2.5864320e-01
   1.0000000e+00   7.1187997e-01  -1.6884720e-01  -1.0201202e+00   1.9448366e-01   7.8818863e-02  -9.5307739e-01
   2.0000000e+00  -1.9497365e-01  -2.5615882e-01  -8.2394347e-01   2.3909331e-01  -1.3920241e-01  -2.0228143e-01
   2.0000000e+00  -9.8157266e-02  -6.8695166e-01  -1.1292702e+00  -1.0743730e+00  -6.7825321e-01   4.4922158e-01
   1.0000000e+00  -1.1485512e+00   9.5234171e-01  -4.2995369e-01  -9.6988160e-01   7.6607475e-01  -2.8724806e-01
   2.0000000e+00   1.2095528e+00   1.9413731e-01   1.3529429e+00  -6.6011805e-01   1.0021169e+00  -7.8102199e-01
   2.0000000e+00   1.9580941e-01  -9.3293071e-01  -9.7516097e-01  -3.3054097e-01   2.0311222e+00  -9.1186462e-01
   2.0000000e+00  -2.5014765e-01  -1.6615729e+00   1.9416338e-01  -1.4696323e-01  -3.4504661e-01  -4.4531620e-01
   2.0000000e+00  -2.1995740e+00  -9.4080336e-01   8.2799838e-01   1.3928396e+00  -6.3140764e-01  -4.1579348e-01
   2.0000000e+00   5.3855856e-01  -1.9163691e-01   1.6662687e-02   1.1359336e+00  -2.1995214e-01  -1.3306883e+00
   2.0000000e+00   2.2768973e-01  -1.0809352e+00  -6.0012932e-01   3.5942449e-01   7.6868170e-01   7.8230571e-01
   2.0000000e+00   1.3137396e+00   1.0477095e+00   1.2958031e+00  -1.0159842e+00  -5.8883266e-01   2.5595373e+00
   2.0000000e+00   7.4577170e-03  -1.2866306e+00   4.9434539e-01   2.6497008e-01  -8.8087565e-01   1.0369399e+00
   2.0000000e+00   9.5629906e-01   6.3492745e-01   6.7728004e-01  -1.0980976e+00  -1.7271894e-01  -7.5660025e-01
   2.0000000e+00  -5.7123201e-01   3.1764046e-01  -3.1613371e-01  -6.6633802e-01  -1.1735668e+00   3.9927240e-01
   2.0000000e+00   1.8354947e+00  -1.0265308e+00   1.6384563e-01  -1.3094970e+00  -7.7082628e-01   2.0737559e-02
   1.0000000e+00  -1.2702776e+00   6.8456776e-01   8.5151367e-01   1.6734973e+00   6.0549173e-01   4.0663630e-02
   2.0000000e+00   6.2476923e-01  -1.1874253e-01  -1.2928130e+00   1.6184805e+00   4.6249074e-01  -1.3251898e+00
   2.0000000e+00   2.6403488e-01  -1.4885587e+00   2.4504457e+00   7.5020205e-01  -1.6606336e-01   2.6536265e-01
   2.0000000e+00  -7.0687025e-01   2.9348913e-01   1.7076294e+00  -9.8709336e-01   2.0259958e-01  -2.7758208e+00
   2.0000000e+00  -1.8883279e-01  -1.3896966e-01  -4.1191454e-01  -1.0283387e+00  -2.8632147e-01   1.2930572e-01
   2.0000000e+00  -4.0121221e-01  -1.4729859e+00  -1.6228595e+00   1.4486798e+00  -9.6713940e-01   1.5541784e-01
   2.0000000e+00  -2.2006178e-03  -1.3679563e-01   7.7698232e-01  -1.4381441e+00  -7.8905766e-01  -1.6590553e-01
   2.0000000e+00  -2.0290857e-01  -5.4377259e-01  -1.0226387e+00   6.2956375e-01   1.7717686e+00  -5.2710934e-01
   2.0000000e+00   1.5823807e-01  -9.0695126e-01  -8.1700744e-01   1.7907417e+00  -1.0337699e+00   2.4203020e+00
   2.0000000e+00  -1.7652860e-01  -7.6122236e-01   1.1015289e+00   1.3351530e+00   8.4790667e-01   6.0145401e-01
   2.0000000e+00   1.1054157e+00  -1.1445416e+00   1.0211034e+00  -7.2755945e-01  -8.0671958e-02  -1.1285948e+00
   2.0000000e+00  -6.4074228e-01   1.2007245e-01   1.0112400e+00   6.2847106e-01   1.2991563e+00  -1.2760028e-01
   2.0000000e+00  -1.0325173e+00   3.9761976e-01   1.7129049e-01  -6.5044461e-01   1.8521107e+00   2.5301230e-01
   2.0000000e+00   3.4980984e+00   1.2075342e+00  -1.7650598e+00  -4.9273556e-01  -4.6571474e-02  -2.6210593e-01
   2.0000000e+00   1.2027154e-02  -2.3861141e-02  -2.1413105e+00  -7.8475532e-01   2.9811351e-01  -4.3942685e-01
   2.0000000e+00  -2.5988550e-01   1.0087166e+00   1.1075701e+00   3.8959178e-01   9.7481067e-01   2.7530747e-01
   2.0000000e+00   1.7857485e-01   1.9354284e+00  -2.2114029e-02  -4.0426932e-01  -1.3949838e+00   9.5690579e-01
   2.0000000e+00   1.2811996e+00   4.8421352e-01   1.2766337e+00  -1.5567908e+00   5.4064044e-01   1.4143146e+00
   2.0000000e+00   7.2849886e-01   6.2060610e-02  -1.1350618e+00   4.7506983e-01  -1.7579318e-03  -7.4903578e-01
   2.0000000e+00  -2.0136793e+00   3.8346070e-01  -2.1095816e-01  -4.0596645e-01   1.5740242e+00   6.3245536e-01
   2.0000000e+00   8.2596618e-01  -6.7466597e-01   6.1566767e-01   9.5904275e-01  -4.9921007e-01   4.9106866e-01
   1.0000000e+00   1.0356031e+00  -7.4726056e-01   5.5484953e-01  -1.3045313e+00   7.0269163e-01   1.5386763e-01
   2.0000000e+00   6.1735305e-01  -7.3767989e-01   6.2800033e-01   8.6202539e-01   1.5438315e+00   5.7349179e-01
   2.0000000e+00  -2.9949416e-02   1.2983266e+00   1.7155039e+00   3.4643855e-01   9.4301203e-01  -7.9929288e-01
   2.0000000e+00   4.7846179e-01  -6.8778206e-01  -1.3163669e+00  -1.1854909e+00   1.3493163e+00   4.6242590e-02
   1.0000000e+00  -8.4168800e-01   4.7753899e-01   1.0068500e+00  -1.7622989e+00   7.0661442e-01  -2.7260500e-01
   1.0000000e+00  -1.7728408e-01   8.4579344e-01  -5.7312308e-01  -1.2873313e+00   5.5140466e-01   7.6387081e-01
   2.0000000e+00   1.2325708e+00   1.3192112e+00  -4.6623745e-01   1.7283463e+00  -4.1584836e-01   1.9157018e+00
   2.0000000e+00   6.6815308e-01   5.6935019e-01   8.1554704e-01   7.5229189e-01  -1.3473871e+00  -2.5174254e-01
   2.0000000e+00  -5.9643178e-01   2.0053243e+00  -9.8828269e-01   6.1135032e-02  -4.2091588e-01  -8.7724612e-01
   2.0000000e+00   3.7818075e-02   1.9396733e-01   3.5988003e-01  -1.4278762e+00  -2.5488010e-01   1.2904733e+00
   2.0000000e+00   2.0447774e-01  -3.7619401e-01   4.8250715e-01   4.7385547e-01  -3.5479901e-02  -1.2056647e+00
   2.0000000e+00   9.2962069e-01  -3.8139916e-01   1.8484307e+00   8.6414387e-01  -2.7870242e+00  -9.4639988e-02
   2.0000000e+00  -5.7109467e-01   5.3239883e-01  -2.3684397e-01   5.3484629e-01   1.8213535e+00   1.8732491e-01
   1.0000000e+00   1.0954201e+00  -1.0019999e+00  -1.3470101e+00   1.1593050e-01   8.0212276e-03  -1.5695416e-01
   2.0000000e+00  -9.4748338e-02  -1.5301110e+00   8.9982255e-01   1.5960336e+00   8.2466055e-01   6.1119358e-01
   2.0000000e+00   3.8559546e-01  -9.9313061e-01   1.2598991e+00  -1.4020271e+00   1.2978880e+00   3.2274622e-01
   2.0000000e+00  -1.7520245e+00   4.9692067e-01  -1.3403955e-02   1.1466997e+00   1.1132330e+00  -1.3061757e+00
   2.0000000e+00  -3.2795710e-01  -5.2625365e-01   5.2188474e-01   6.6090916e-01   8.5335264e-01   5.4984198e-01
   2.0000000e+00  -9.6121083e-01  -6.7937508e-01  -8.4595745e-01  -3.3801449e-01  -1.8662133e+00  -2.9289701e-01
   2.0000000e+00   3.1501829e-01  -7.2206229e-01  -9.1563976e-01   3.1381308e-01  -1.5707211e-01   6.4435166e-01
   1.0000000e+00   9.7398531e-01  -1.6051216e+00  -1.2697784e+00   5.1133175e-01   1.0778853e-01  -3.1845256e-01
   2.0000000e+00   7.8320635e-02   1.7003094e+00  -1.5114608e+00   8.1350323e-01  -2.9565769e-01   4.2146819e-01
   2.0000000e+00  -1.0703608e+00   4.3014680e-01   1.5503195e+00   7.5824529e-01  -1.0661188e+00   1.1073592e+00
   2.0000000e+00   7.3054792e-01   2.0002185e-01  -1.0479513e+00  -2.6024028e-01  -1.2611978e+00   3.6575056e-01
   2.0000000e+00  -3.1291665e-01  -1.0992764e-01   2.0414369e+00   3.7878071e-01   6.3411432e-01   4.8550650e-01
   2.0000000e+00   4.5246879e-01  -2.5121814e-01  -4.6235385e-01  -9.1956980e-01  -7.6731884e-01   5.2827841e-03
   2.0000000e+00   5.2524773e-01  -1.0057367e+00   1.3551672e+00  -2.4509179e-01  -1.1781973e-01  -4.7118996e-02
   2.0000000e+00   7.9888594e-01  -7.4355039e-01  -1.4442446e+00  -3.2786072e-01  -2.2617083e+00  -3.6519543e-02
   2.0000000e+00   2.7593981e-03   6.3770793e-01   3.6355880e-01  -1.2272385e-01   1.1911901e+00   4.4896989e-01
   1.0000000e+00   9.1401350e-01  -4.3441815e-01  -9.8627372e-01  -5.1183187e-01   4.5000463e-01   4.4951259e-01
   2.0000000e+00  -7.8558938e-01   1.5946817e-01   4.9835756e-01   1.6175167e+00  -1.2651530e-01  -4.8785507e-01
   1.0000000e+00  -1.6284827e+00  -2.4386223e-01   6.7686373e-01   8.7265937e-01   3.5984393e-02  -5.0183758e-02
   2.0000000e+00  -6.4946044e-01   5.2349884e-02  -5.5170843e-01   4.2932300e-01  -6.8396181e-01  -3.1315631e-01
   2.0000000e+00   6.9005133e-01   1.3694085e-01   7.7309353e-01   1.4409018e+00  -8.6848863e-02   1.4477141e-02
   2.0000000e+00  -5.0180839e-02   5.0669016e-02   1.8687938e+00  -8.9875930e-01  -6.4905592e-01  -9.4880390e-02
   2.0000000e+00  -6.8965574e-01  -8.4144871e-01   1.3691352e-01  -1.6125379e-01   1.4427782e+00  -1.4134119e-01
   2.0000000e+00   8.1534789e-01   9.4330993e-01   1.0350168e+00  -9.8060081e-02  -2.2915341e-01   7.9182645e-01
   1.0000000e+00   7.3095579e-02   4.1306011e-01   9.7822861e-01   2.1657550e-01   9.3178803e-02  -1.4388204e-01
   1.0000000e+00   3.3610250e-01   2.3442096e-02   1.2943388e+00   1.4585958e-01   1.9862612e-01   1.5657381e-01
   2.0000000e+00  -4.8243388e-01  -5.0680352e-01  -5.2235393e-01  -1.7962692e+00  -3.3275004e-03   6.7804906e-01
   1.0000000e+00  -1.1735886e+00   2.6710455e+00   7.9287121e-01   1.2369922e+00   2.0965304e-01   2.1495672e-01
   1.0000000e+00  -9.6518288e-01   2.5336096e-01   1.5612364e-01  -1.4729348e-01   4.7216749e-01   7.5097575e-01
   2.0000000e+00  -4.9260753e-01  -3.3326856e-01   1.0550767e+00   7.5836189e-01  -1.6234079e+00   9.4782064e-01
   1.0000000e+00  -7.7571397e-01  -8.2574038e-01  -1.0292361e+00  -1.6402933e-01   2.0142865e-01   1.5075672e-01
   2.0000000e+00   1.1339152e+00  -8.1620976e-01  -9.3043893e-01   7.2833812e-01   7.2427740e-01  -1.8341515e+00
   1.0000000e+00  -8.2670574e-01   2.8382800e-01   6.6057111e-02  -2.7348916e-01   3.0638158e-01   9.2150398e-01
   1.0000000e+00   6.2481599e-01   2.0897094e+00   4.2590279e-01   8.8628229e-01   5.7139092e-01   3.3185487e-01
   2.0000000e+00  -9.1196721e-01  -8.5341250e-01   7.7424919e-01   5.8855859e-01  -1.7269146e-02   1.1787666e+00
   2.0000000e+00   1.1242013e+00  -9.8909294e-02  -4.2140529e-02   8.5126968e-02  -1.6867797e+00  -7.7721818e-01
   2.0000000e+00  -9.6817346e-01   2.4520048e-02   9.4874978e-01  -6.4808263e-01  -7.4122902e-01  -7.1240371e-01
   2.0000000e+00   7.3739294e-01   7.0815071e-01   6.3823976e-01   1.3030540e+00   6.2383879e-01  -1.4341294e+00
   2.0000000e+00  -2.3576649e+00  -1.6043454e+00   1.5280302e-01   7.9227297e-01   2.3601519e-01   2.0898081e+00
   2.0000000e+00  -3.2288893e-01   1.0244014e+00   1.6151408e+00  -2.6563860e-01  -1.8100211e+00   2.6226534e+00
   2.0000000e+00  -2.0324577e+00  -5.8895083e-01  -7.4694663e-01   1.6975623e+00   1.5993457e+00   2.2320115e-01
   1.0000000e+00  -1.4782048e+00   9.3173120e-01   3.2485937e-01  -2.0690090e+00   2.6036319e-01   5.1299318e-01
   2.0000000e+00  -1.5357304e+00  -3.5304182e-01  -1.8487415e+00   1.1031104e+00   4.1100378e-01  -1.2771820e+00
   2.0000000e+00  -1.3196374e+00   3.4799753e-01  -1.0022089e+00  -1.9264953e-01  -3.1726327e-01   1.0489507e-01
   2.0000000e+00  -2.0252619e-01  -1.0489729e-01  -5.1746158e-01   6.4857055e-01   1.1623967e+00  -2.0071097e+00
   2.0000000e+00   5.7408870e-01  -1.1599513e+00   6.7775637e-01   3.6841447e-02  -9.2159786e-01   8.7267486e-01
   2.0000000e+00   1.0856356e-01   4.1880678e-01  -1.8447181e+00  -4.3422978e-01  -1.1870404e+00   8.9730655e-02
   2.0000000e+00   1.0948741e+00  -4.7691552e-01   8.6924221e-01  -4.5597038e-01  -1.6984954e+00  -1.2457803e+00
   2.0000000e+00   1.5887913e+00  -9.3299776e-01  -8.0770168e-01   2.7878076e-02  -3.3273145e-01  -4.2294417e-01
   2.0000000e+00  -2.8387327e-01   9.4219499e-01   1.5371952e+00  -1.0234183e+00  -1.6224902e+00  -1.3518949e-01
   2.0000000e+00  -2.4976706e-01  -1.0193989e+00  -6.1977526e-01   1.2258676e+00   1.9580262e+00  -2.0495016e+00
   2.0000000e+00   7.7951320e-01  -1.4256097e+00   5.2066101e-01  -5.3835893e-01   1.2788551e+00   1.0594485e+00
   2.0000000e+00  -4.4986519e-01  -3.7434356e-02  -3.2043195e-01  -8.4480068e-01  -2.5152608e+00   2.0269410e-01
   2.0000000e+00  -6.3513669e-03  -1.4624787e-01   1.0237307e+00  -5.0115003e-01  -1.5434340e+00   7.0778922e-01
   2.0000000e+00   3.7950393e-01  -3.8772674e-01   5.8513671e-01   3.1337360e-02   1.2174916e+00   2.0910995e+00
   2.0000000e+00  -1.3660874e+00  -7.7813937e-02   3.2845148e-01  -1.3130553e-01  -3.6845129e-01   2.2221155e+00
   2.0000000e+00   1.4308741e+00  -9.0102272e-01  -5.7985423e-01  -9.9145943e-01  -1.0901621e+00   2.6698440e-01
   2.0000000e+00  -1.1732398e+00   8.3252850e-01  -3.2173028e-01  -6.3398156e-01   1.4045166e+00   7.8833502e-02
   2.0000000e+00   1.1927359e+00  -8.4619638e-01   2.1653907e+00   7.9180611e-01   7.8780124e-01  -1.1476318e+00
   2.0000000e+00  -2.2121384e+00  -1.6036427e-01   1.0937399e+00  -9.5195098e-02  -6.5866776e-01   1.1095625e+00
   1.0000000e+00  -7.4116574e-01   7.4648195e-01  -1.4134324e+00   6.3646200e-01   1.4080553e-01  -9.8322510e-01
   2.0000000e+00   1.7013704e+00   1.7124854e+00  -1.2124551e+00  -9.6303228e-01  -5.2014354e-01  -1.2410271e+00
   2.0000000e+00  -9.7367767e-01   8.4612309e-02  -1.9552830e-01  -3.2543902e-01  -2.2096925e+00   1.0405645e+00
   2.0000000e+00  -1.0846577e+00   7.0391472e-02  -2.2188441e-01  -1.5113446e+00  -8.3314869e-01  -1.0879343e-01
   1.0000000e+00  -1.0802174e+00  -1.3074846e+00   1.1921790e+00  -1.7275209e+00   6.2783511e-01  -5.4363192e-01
   2.0000000e+00   4.1287181e-01   1.3379619e+00  -1.4357566e+00  -1.0451216e+00  -6.4453519e-01   1.1302167e+00
   2.0000000e+00   1.7107162e-02  -3.6148763e-01  -1.4110032e+00  -1.4126614e+00  -4.8818263e-01  -6.7821488e-01
   2.0000000e+00  -9.6110320e-01  -2.4276364e-01  -1.5625695e+00   8.4128187e-01  -2.0926368e-01  -1.4237597e+00
   1.0000000e+00  -9.1918036e-01  -7.0515218e-01  -5.7914657e-03   7.1200997e-01   1.7706472e-01   6.7436304e-01
   1.0000000e+00   1.7292121e+00   5.3736667e-01  -1.2587567e+00  -6.9855277e-01   9.0306052e-02  -3.5129837e-01
   1.0000000e+00  -5.4858364e-01  -5.6224009e-01   7.0534590e-01   1.7475398e+00   6.5493628e-01  -2.8649527e-01
   1.0000000e+00  -5.3253294e-01   9.4799383e-01  -2.3728242e-01   6.7440578e-01   2.4035345e-01  -4.2976568e-01
   2.0000000e+00  -1.0805141e-01   3.8966007e-01  -6.1286277e-01  -5.6571263e-01  -6.0146439e-01  -2.8111689e-01
   2.0000000e+00   6.5808545e-01   8.4476174e-01   6.2027608e-01   4.0090614e-01   9.6882852e-01  -8.1747806e-01
   2.0000000e+00   2.3873803e-01  -4.0602879e-01   1.0974539e+00   1.2009796e+00  -5.0636383e-01   7.1373140e-01
   1.0000000e+00  -1.5259268e+00  -4.4749147e-01  -8.7280675e-01   4.4799624e-02   1.8467625e-01   4.6690644e-01
   2.0000000e+00  -4.6563098e-01   4.8584651e-01  -1.1745476e-01   2.9007385e-01  -2.2247465e-01  -4.6230745e-01
   1.0000000e+00   4.7785936e-01   2.6972830e-01  -1.0487293e+00  -1.1778456e+00   6.7404433e-02   8.4661538e-01
   1.0000000e+00   9.8061005e-01   2.3047950e+00  -5.6061039e-01   8.4244142e-01   2.5500927e-01   9.3856470e-01
   2.0000000e+00  -1.0962500e-01  -6.6598300e-01   1.2946268e+00  -7.0530738e-01   1.1425025e+00  -1.1688258e+00
   2.0000000e+00  -1.3407191e+00   2.0426071e+00  -1.4889500e-01   2.1549651e+00  -1.2018347e+00   2.3610204e+00
   2.0000000e+00  -4.3365070e-01   6.8687358e-01   2.0607234e+00   6.5216928e-01   1.2335263e+00  -4.3042707e-01
   2.0000000e+00  -2.0710754e+00  -2.2786615e+00  -1.5652227e+00   6.6612559e-01  -1.4149374e+00   1.4409465e-01
   2.0000000e+00   9.7303251e-01  -3.6146236e-01  -1.3582469e+00  -8.9813899e-01  -1.0204681e-01   1.5315963e+00
   1.0000000e+00   6.6888824e-02  -4.2598053e-01  -1.8541674e-01   6.1877841e-01   3.4099069e-01  -1.7378166e-02
   2.0000000e+00   8.9690184e-01   3.2683691e-01   1.6218745e+00  -1.5481193e-01   4.3442216e-01   1.1426536e+00
   1.0000000e+00   1.6213925e+00  -9.1683912e-02   5.9140079e-02   1.0401625e+00   3.1375232e-01  -6.4007929e-01
   2.0000000e+00   4.0075259e-01   2.4596646e+00   2.7884282e-01   4.7928162e-01  -5.3589252e-01  -7.2811929e-01
   1.0000000e+00  -3.2915672e-01   1.2505890e+00  -1.6483525e-01   9.6151773e-02   4.9869744e-01  -5.2890716e-01
   2.0000000e+00  -4.0890968e-01   2.1872060e-01  -1.1781800e+00   7.7075173e-01   1.5070800e+00  -4.1780844e-01
   2.0000000e+00   3.5839644e-01  -7.6597503e-01   6.5218952e-01  -1.8681861e+00  -6.5448010e-01  -5.6944883e-01
   2.0000000e+00   5.2027578e-02   1.7714602e+00  -7.5439691e-01  -5.5389869e-01  -7.1876786e-02  -1.3932792e-01
   2.0000000e+00   4.0733447e-01   1.2135936e+00   5.3874202e-01  -6.4363829e-01  -2.0449063e+00  -1.2750298e-01
   2.0000000e+00  -2.6701758e-01  -2.9166895e+00  -1.9605182e-01   2.5111452e-01   2.3860565e+00   5.2381117e-01
   2.0000000e+00   9.1177590e-01   1.4987395e+00  -1.2313176e+00   6.4575788e-01  -1.9412210e-01  -1.3986451e+00
   2.0000000e+00   7.3130298e-01  -1.0994352e-01   3.6743507e-01  -5.1514985e-01   5.6801273e-01   1.9598023e+00
   2.0000000e+00  -9.5203665e-01   5.4616314e-01  -2.2417102e+00   6.8105197e-01  -3.3836549e-01  -1.4513213e+00
   2.0000000e+00  -9.0889336e-01  -8.8245198e-01   1.3895836e+00   3.2306700e-01   9.4823879e-01  -1.1545529e+00
   1.0000000e+00   1.3618849e+00  -5.0908592e-01   6.6051579e-01  -1.1128952e+00   8.7277901e-01   4.5412847e-01
   2.0000000e+00  -4.5270108e-01   6.8428971e-02  -1.2107000e+00   1.4006329e+00   3.9008524e-02  -1.0226807e+00
   2.0000000e+00  -3.9766134e-01  -5.8379905e-01   6.5093678e-01  -1.4725618e-03  -8.6921743e-01   2.7737383e-02
   2.0000000e+00   5.3765727e-01   1.0754373e+00   9.1612687e-01  -2.4589294e-01   7.9522175e-01   6.8610341e-01
   2.0000000e+00  -4.6456773e-01   1.9088779e+00   7.0435801e-01  -1.9734530e+00  -1.4466952e+00  -5.1844061e-01
   2.0000000e+00  -1.4053302e+00   1.0662697e+00   2.6699566e+00   9.0098475e-01   1.1097753e+00   1.6293945e-01
   2.0000000e+00  -1.0120536e+00   2.5228931e-01  -6.8829484e-01  -1.2121470e+00  -2.2619748e-01  -8.5173889e-01
   2.0000000e+00  -6.1357086e-01  -1.9859836e+00   5.5331894e-01   3.1150614e-01   1.2657878e+00  -4.8248715e-01
   2.0000000e+00  -1.1775099e+00  -6.3176231e-01  -9.8803439e-01   6.6412341e-01  -1.4794401e+00  -1.0424873e+00
   2.0000000e+00  -6.0069767e-01   7.3448682e-01  -5.1897633e-01  -1.1954708e+00  -2.5848054e-01   2.6773788e+00
   1.0000000e+00  -2.1306213e-01  -9.3085842e-01   7.0160135e-01   7.4518566e-01   4.6042660e-01  -8.7133498e-02
   2.0000000e+00  -4.1406602e-01  -2.3852314e-01   4.6356271e-01   2.2878578e+00   7.7333552e-01  -7.1419188e-01
   1.0000000e+00   2.3972076e-01  -1.3980280e+00   8.8867759e-01   9.7493013e-01   2.8954901e-01   1.2434396e-01
   1.0000000e+00  -8.8624042e-01  -1.7921597e-01  -3.4851333e-02   1.3660894e-01   7.6657665e-02   4.6792272e-01
   2.0000000e+00  -5.1799579e-01  -4.9049116e-02   4.3705393e-01   9.1178384e-01  -2.0447336e+00   2.8040631e-01
   2.0000000e+00  -1.0212704e+00  -1.1137866e+00   2.8114888e-01  -9.6745954e-01  -4.8047624e-01   4.3742804e-01
   2.0000000e+00   3.9686735e-01   2.8178701e-02  -6.8433163e-01  -7.9701904e-01  -1.6742276e+00   6.6119968e-02
   2.0000000e+00   2.4511828e-01   1.1011892e+00   2.0268709e+00  -4.7448111e-01  -1.7650776e+00   1.0034984e+00
   2.0000000e+00   3.7152576e-01  -6.7756726e-01  -1.5147518e+00   1.0702160e+00   4.3754291e-01   2.2041970e+00
   2.0000000e+00   7.6353222e-01   4.3626979e-01  -6.7894611e-01  -4.9896555e-01   1.3472609e+00  -1.5217680e-01
   1.0000000e+00   3.1244508e-01   2.1108754e+00   2.5465276e-01  -2.1617527e-01   9.1415931e-01   2.9201487e-01
   2.0000000e+00  -4.0736172e-01  -7.8305153e-01   1.1766057e-01  -8.8666211e-01  -7.0363126e-01   1.4766740e+00
   2.0000000e+00  -5.0914002e-01   4.8255577e-02   5.9450007e-01   1.3114072e-01   7.3717810e-01   1.1212153e+00
   2.0000000e+00   1.7776819e+00  -2.3969712e-01  -6.0627048e-01   3.4847163e-01  -1.9883395e+00   3.0378623e-02
   2.0000000e+00  -9.5237568e-01   2.2515648e-01   2.8245583e-01  -9.8830175e-01  -6.1211662e-01  -9.3820938e-01
   2.0000000e+00   1.5972000e+00   7.2857101e-01  -6.3692501e-01   7.9578668e-01  -4.7687994e-01  -5.3229325e-02
   2.0000000e+00  -1.6966662e+00  -1.1933256e+00  -5.2002712e-01  -2.1580828e-01  -1.5000324e+00  -2.9345331e-01
   2.0000000e+00   1.9911035e+00  -1.4629593e+00   7.2218564e-01  -6.2660237e-01   1.4197901e+00  -1.1032544e+00
   2.0000000e+00  -8.9143410e-01   3.0887650e+00   1.0390020e+00  -2.7798398e-01  -1.6770363e+00   1.8557158e+00
   2.0000000e+00   4.8233117e-02  -4.1172541e-01   5.5685113e-01  -1.8652619e-01  -3.3136103e-01   4.7048111e-01
   2.0000000e+00  -6.6383800e-01  -5.7362986e-01   6.8335516e-01  -1.0809740e+00  -5.6795363e-02  -1.6033699e-01
   1.0000000e+00   2.0791090e-01  -7.0509881e-01   1.3144671e+00   2.5402702e-01   7.6601878e-01   6.3999734e-01
   2.0000000e+00  -4.7787513e-01   2.4379116e-01  -1.9141453e+00   3.2326374e-01  -2.1049243e+00   1.2631681e-01
   2.0000000e+00   8.8136165e-01  -5.4867210e-01   6.7095422e-01  -4.2817023e-01  -8.4897976e-01  -9.6623681e-01
   1.0000000e+00  -2.4278728e+00   1.2861542e+00   7.0523978e-01  -1.5767833e-01   6.7106179e-01   4.7646742e-01
   2.0000000e+00   6.8415451e-02  -2.7516442e-01   1.0756537e+00  -1.4423351e+00  -1.6028841e-01  -8.5397350e-01
   2.0000000e+00  -5.3443075e-01  -3.8989063e-01   4.8771389e-01  -2.8551714e-01   1.5516807e+00   1.1127489e+00
   2.0000000e+00   3.9550983e-01  -7.2269081e-01  -2.4477730e-01   2.4795452e-01   2.6419890e-02  -1.2251438e+00
   2.0000000e+00  -1.8381671e+00   9.4585578e-02  -3.4627105e-01   9.1987916e-01  -6.7065373e-02  -2.6665516e+00
   2.0000000e+00  -1.7430514e+00   4.3193907e-01   2.0174374e-01   4.4565747e-01   1.5901477e+00  -1.6436150e+00
   2.0000000e+00  -8.4522294e-01  -8.1484389e-01   1.2506559e-01  -1.6105286e+00  -8.7871208e-01   7.7424719e-01
   1.0000000e+00  -5.4173520e-01   1.1661753e-01   1.9970256e+00   1.3808044e+00   2.9933668e-02   1.0165433e-01
   2.0000000e+00   1.7845888e-01  -9.8898626e-01   2.1026853e+00   3.5099976e-01   1.1961896e+00  -5.9010160e-01
   2.0000000e+00   3.2599519e-01   5.2102062e-01   2.0012133e+00  -1.7666089e-01   1.4389603e-01   5.6836348e-01
   1.0000000e+00   1.6353186e+00  -1.4228125e-01   8.1899838e-01  -1.6947831e+00   3.0573880e-01   8.2816743e-01
   2.0000000e+00  -1.3738317e+00  -8.1264586e-02  -4.5770981e-01  -2.0980446e-01   3.0957426e-01  -1.1271465e+00
   1.0000000e+00   3.3783010e-01   2.2050994e+00  -7.4636692e-01   1.2835508e-01   1.3560817e-01   9.7737439e-01
   2.0000000e+00   3.7099508e-01   2.5452058e-01  -5.3593572e-01  -3.1793610e-01   6.0334982e-01  -8.6451448e-01
   2.0000000e+00  -2.4820148e-01   1.4557015e+00   4.6540550e-01   4.1738369e-01  -2.4370216e-01   3.3743540e-01
   2.0000000e+00  -1.8440450e+00   5.4530680e-01   7.8535287e-01   8.0018975e-02   1.0580523e+00  -1.6439483e+00
   2.0000000e+00  -1.2709303e-01  -1.3890254e-01  -1.4362469e+00  -1.1940371e-01  -6.8960627e-02   1.4577847e+00
   1.0000000e+00  -1.9005341e+00  -8.6840505e-01  -1.7185003e+00  -4.0553957e-01   5.2275699e-02  -6.1512621e-01
   2.0000000e+00   2.8628996e-01  -3.8437964e-01  -3.2918433e-01   1.7855549e-01  -9.2248877e-02  -7.6145934e-01
   1.0000000e+00  -2.3602629e-01  -1.2507013e+00  -1.6245264e+00  -4.6723903e-01   3.0488346e-02   7.2040022e-01
   2.0000000e+00  -2.8016129e-01   1.8362975e+00   4.8087969e-01  -1.3041410e+00  -1.7605371e+00  -4.0346307e-02
   2.0000000e+00   6.3429965e-01  -9.1499757e-01  -1.8296052e+00  -5.8496225e-01  -4.8350934e-01  -1.9849962e+00
   2.0000000e+00   3.0195576e-01  -2.5729373e-02  -6.5481911e-01   3.2963705e-01  -7.5420895e-02   3.5237977e-01
   2.0000000e+00   9.7677495e-01   3.5218313e-01  -4.2063667e-01   6.9326303e-01  -1.1780369e-01   4.2090065e-01
   2.0000000e+00  -6.3748678e-01  -1.0844374e-02  -5.6341184e-01   1.3855955e+00  -1.2653767e+00  -1.6832357e-02
   2.0000000e+00  -3.7629372e-01  -8.6953556e-02  -1.1389329e+00   3.8425257e-01   8.9945840e-01   6.3667563e-01
   2.0000000e+00   5.5726936e-02   1.2330347e-01  -6.5684655e-01   4.7243748e-01  -9.0128261e-02   1.2940410e+00
   1.0000000e+00  -8.8350023e-02   1.6832272e-01  -3.4923486e-01   3.4091792e-01   2.3151048e-02   5.7337156e-01
   2.0000000e+00  -3.4541431e-01  -2.4652854e-01   1.6104052e+00  -1.2622585e-02  -5.0614112e-01   1.5203097e+00
   2.0000000e+00   1.5417598e+00  -9.7991983e-01  -4.2208428e-01   1.1873238e+00   8.1680405e-01   8.5241022e-01
   2.0000000e+00   5.8837593e-01   1.6692476e-01   4.8720070e-01  -9.2977188e-02   6.3956568e-01   1.5008511e+00
   2.0000000e+00   4.0234505e-02   1.0631476e+00  -1.0889731e+00  -4.4799810e-01  -2.1410277e-01  -7.5912974e-01
   2.0000000e+00  -6.0433982e-02  -7.9771710e-01   1.3091433e+00  -1.8121691e-01   1.1944402e+00  -5.9081225e-01
   2.0000000e+00   6.1646510e-01  -7.7287795e-01  -3.9911288e-01   2.0347526e+00  -6.6172914e-01  -9.3810827e-01
   2.0000000e+00   8.3111001e-01   6.9939440e-01   2.0242767e+00  -1.4580360e+00  -1.1416573e+00  -8.8326834e-02
   2.0000000e+00  -3.4866055e-01  -4.6957991e-01   6.3747426e-01   1.8878779e-01   6.4546292e-01  -1.2754813e+00
   1.0000000e+00  -1.5433361e+00  -6.3846989e-02  -3.4692125e-01   2.2420108e+00   3.5391451e-01  -8.5910212e-01
   2.0000000e+00  -9.0773198e-01  -2.3765016e-02  -9.5634422e-01   7.4698307e-01   1.1997355e+00  -5.4916040e-01
   2.0000000e+00  -1.4410899e+00  -1.2543780e-01   1.1938552e-01  -1.4288947e-01   2.7228439e+00   5.3415882e-01
   2.0000000e+00  -3.3010117e-01  -7.8159644e-02   1.4648541e-02   6.6610169e-02  -1.0933652e+00   2.3012344e-01
   2.0000000e+00  -7.7306787e-01  -1.9878109e+00   1.6034644e+00  -1.3819116e+00   8.5039058e-01   9.6659507e-01
   2.0000000e+00   9.0828207e-01  -2.6944557e-01  -1.5449129e+00  -9.7822732e-01   7.6705586e-01   1.4265367e+00
   1.0000000e+00   1.0964628e+00  -7.6783990e-02   1.4318034e+00   3.0878367e-01   4.8492852e-01   7.6773420e-02
   1.0000000e+00  -6.8316900e-01  -1.1453281e+00  -8.0926834e-03  -6.7111745e-01   4.1973435e-01   2.3558160e-01
   2.0000000e+00   5.7943499e-01  -2.8243471e-01   9.5075923e-01  -4.8090176e-01  -1.4630523e+00  -2.7273152e-02
   2.0000000e+00   1.1752407e+00   7.9297552e-01   1.0998388e+00   8.2087256e-01  -1.5595144e+00   2.3315778e-02
   2.0000000e+00  -3.6749800e-01   8.3968661e-01  -6.5354409e-01   6.1634894e-01  -2.0562821e+00   2.6589416e+00
   2.0000000e+00   1.3312749e+00  -7.2224579e-01  -9.1843838e-01   7.2705463e-01  -8.3246553e-01  -8.8770910e-01
   2.0000000e+00  -5.8347794e-01  -1.1393774e+00  -1.2974969e+00   6.3382347e-01  -6.8077629e-02  -1.2726969e+00
   1.0000000e+00   2.4325052e-01  -1.2283410e+00   1.3857617e+00   1.2747759e+00   6.7102484e-02   6.3874709e-02
   2.0000000e+00  -3.7664243e-01   1.3750101e-01  -2.5054838e-01   9.2994587e-01  -4.0713678e-01  -4.1979984e-01
   2.0000000e+00  -1.1109030e+00   4.1383769e-01  -2.6562590e+00  -3.6975290e-01  -1.4167565e+00  -8.2997278e-01
   2.0000000e+00   5.3745278e-01  -4.0162481e-01   2.4162121e-01   4.1592360e-01   1.1747450e+00   5.0857883e-01
   2.0000000e+00   9.1148823e-01   2.6004425e+00  -2.1069014e+00  -2.6850020e-01  -1.5552398e-01   9.7995834e-01
   2.0000000e+00   1.3528840e+00   1.9393288e+00   1.2623268e+00  -1.1512069e+00  -6.0612765e-01  -4.6753007e-01
   2.0000000e+00   1.3376744e+00  -1.9816260e+00  -8.6517185e-01  -1.7451030e+00  -1.1061077e-01  -1.5915026e+00
   2.0000000e+00  -1.2752224e+00  -9.5524811e-01  -7.6595005e-01   3.5318339e-01  -5.0854287e-01  -1.8605740e+00
   2.0000000e+00  -3.2123633e-01   1.1927247e+00  -1.9584526e-01   1.0086169e+00  -2.8187065e+00   1.5346170e-01
   1.0000000e+00   6.3078132e-01  -9.1829250e-01  -4.3634822e-01  -6.1005778e-01   5.7614567e-01  -2.3426291e-01
   2.0000000e+00   3.9999251e-01  -7.1297856e-02  -7.1611631e-02  -1.8134685e-01  -1.2001569e+00  -8.3164601e-02
   2.0000000e+00   2.6186356e-01   8.2915804e-01  -6.8671647e-01  -4.1381903e-01  -7.3427596e-01  -1.6653073e+00
   2.0000000e+00  -2.2950538e-01  -1.7582413e-01   1.6001847e+00   4.8829055e-01   1.1270871e+00   2.7079057e-01
   2.0000000e+00   1.3562954e+00   5.3550514e-01   1.2184414e-01  -1.4118095e+00  -1.7295565e+00   9.7806294e-01
   2.0000000e+00   5.2427475e-01   2.3727914e-02   5.8379349e-02  -6.7198968e-01   1.6409577e+00  -1.7323917e+00
   2.0000000e+00   1.0683917e+00   2.1117456e+00  -2.0204085e+00   2.8129050e-01   1.6041516e+00  -1.3445941e+00
   1.0000000e+00  -7.1634420e-01  -2.1843649e-01  -1.1638687e+00  -4.4311728e-01   5.3629551e-01   4.6556464e-01
   1.0000000e+00   6.5100412e-01  -5.4312907e-01  -4.4295960e-03  -1.1054290e+00   6.0455784e-01  -6.6203137e-01
   2.0000000e+00  -6.8536606e-01   1.6955807e+00  -4.0627974e-01   9.5918812e-01  -2.0668838e+00  -1.0951012e+00
   1.0000000e+00  -1.6129116e+00  -1.1453060e-01  -4.7829433e-01  -1.4654200e-01   7.3212750e-01  -2.7565773e-01
   2.0000000e+00   6.4968912e-01  -4.9043028e-01  -2.0928182e+00   5.9899900e-01  -3.2691679e-01   1.2587704e+00
   2.0000000e+00  -1.1972607e+00   1.4371858e+00  -4.3778081e-01   4.1308899e-01  -5.9207390e-01  -1.8122631e-01
   2.0000000e+00   3.8394116e-01  -2.4914603e-01   7.3527712e-01  -1.1156433e+00   1.0672128e+00   9.0925132e-01
   2.0000000e+00  -8.9121096e-01  -1.2639482e+00  -5.7922127e-01   4.6628478e-01  -7.0937126e-01   1.6217369e+00
   2.0000000e+00   8.8118629e-01   1.6513417e-01   2.0679638e+00  -1.2419512e+00   3.1922983e-01   6.5684621e-01
   1.0000000e+00  -4.9586059e-01  -6.9737942e-01  -1.8614241e-01  -2.6972981e-01   6.4399799e-02  -4.9473134e-01
   2.0000000e+00  -1.1398009e-01   1.3037328e+00   8.8603891e-02  -5.5256240e-01   7.5796882e-02   1.5796016e+00
   2.0000000e+00  -1.3457827e+00  -6.2603587e-01  -1.4155581e+00   1.7048348e+00   2.2794511e+00  -5.8284176e-01
   2.0000000e+00  -1.4052698e+00   1.5404853e+00  -1.2771074e+00  -3.4470885e-01  -1.0620289e+00  -8.1521416e-01
   2.0000000e+00   1.7596212e+00   6.5199721e-01   4.7654474e-01  -5.2859385e-01   1.5530658e+00   1.5164103e+00
   2.0000000e+00   8.2180773e-01  -2.3995980e-01   1.7617723e+00   4.6444891e-01  -1.6945484e+00  -7.5775030e-02
   2.0000000e+00  -6.1228071e-01   3.8697079e-01  -5.3794404e-02  -7.8633926e-01   5.1579491e-01   1.0010420e+00
   1.0000000e+00  -1.0092845e-01   1.7568747e+00   2.9557276e-02  -3.9884546e-01   1.7278949e-01  -9.5752640e-01
   2.0000000e+00   1.5199686e+00  -3.1487035e-01  -2.5107295e-01   8.0779526e-01  -7.2486530e-01  -5.0883284e-01
   2.0000000e+00   1.4393132e+00   1.2078032e+00   1.1693226e+00   3.6668342e-01  -2.3430906e-01   3.8607353e-01
   2.0000000e+00  -1.9349878e-01   1.1880508e+00  -5.9460983e-01   2.4029295e-01  -3.4888979e-01  -1.1576688e+00
   2.0000000e+00  -5.9623288e-02   5.7662582e-02   6.1052600e-01   7.2797980e-01  -1.2089113e+00  -2.1482341e+00
   2.0000000e+00  -3.7406191e-01   1.5146494e-01  -1.2319090e+00   1.0019404e+00   1.1701116e+00  -1.1581852e-01
   1.0000000e+00   1.6830500e-02  -1.0161507e-01  -8.0267607e-01  -4.9130955e-01   5.1368737e-01   5.3311268e-01
   1.0000000e+00   1.3207691e+00  -9.9290785e-01  -1.4180240e-02   3.8765876e-01   1.2527659e-01   5.5121941e-01
   1.0000000e+00   1.1066205e+00   6.7287101e-01  -2.2318807e-01  -1.0832535e+00   3.1709761e-01   3.5798911e-01
   2.0000000e+00  -1.9731680e+00  -1.5575028e+00   1.8369825e-01  -1.0024640e+00  -4.2799212e-01   3.7251047e-01
   2.0000000e+00   3.5658448e-02  -4.7554421e-01   1.4033876e+00  -6.1373523e-01   1.2479638e+00  -8.5198035e-02
   2.0000000e+00   1.2871419e+00  -1.5384284e+00   2.3209099e-01   4.3051050e-02   3.1542597e-01   1.4456029e+00
   2.0000000e+00   2.0529216e-01   5.0347053e-01   1.6920482e+00  -5.4426222e-01   1.5240369e+00   5.2237323e-01
   1.0000000e+00  -3.4335003e+00   5.7182050e-01  -7.7202621e-01   1.4824212e+00   9.3722406e-01  -7.0485016e-02
   2.0000000e+00  -2.3981082e+00  -1.5052672e-01   5.4638733e-02   4.7376669e-01  -9.2865184e-01   6.7474845e-01
   2.0000000e+00   4.5149367e-01   7.6250581e-01  -1.1129327e+00   8.2768291e-01   2.1075859e+00  -1.0973912e-01
   1.0000000e+00   3.6568007e-01  -2.3291588e-01  -1.6640734e-01   1.6990334e+00   8.3155206e-01   2.0166025e-01
   2.0000000e+00   1.8402977e+00  -3.4833660e-01   9.8978371e-01   6.0452618e-01  -1.3989210e-01  -1.6695756e+00
   2.0000000e+00   9.3026055e-01  -5.1879128e-01  -9.9932616e-01   2.6793838e+00   7.5589802e-01   1.1990246e+00
   2.0000000e+00   1.9982129e+00  -3.3899463e-01  -9.5592747e-01  -1.0578565e-02  -8.4450040e-01   1.1334380e+00
   2.0000000e+00   1.2813778e-02   5.3350121e-02   2.5426001e-01  -1.2199516e+00   1.1610580e+00   2.1850272e+00
   2.0000000e+00   4.1042799e-01  -2.3219051e-01   7.7979246e-01   6.8861883e-02   6.7671262e-02   1.1792276e+00
   2.0000000e+00   4.0179849e-01   3.3759424e-01  -2.2100997e+00   4.9476493e-01   5.1028146e-01  -1.1473873e+00
   2.0000000e+00   3.4566648e-01  -8.0404444e-01   8.0288815e-01  -2.9520987e-01  -4.5406533e-01   1.1826294e+00
   2.0000000e+00   1.0093278e-01   4.3457527e-01   3.6149809e-03   8.5193805e-01   9.3960060e-01  -1.5592947e+00
   2.0000000e+00  -1.5455134e+00   8.4733394e-01   1.2542349e+00   4.7457065e-01   1.4383119e+00  -1.0332217e-01
   2.0000000e+00  -1.2059652e+00  -8.8043254e-01  -7.3649158e-01   5.6078666e-01  -1.5819705e+00   1.4983339e+00
   2.0000000e+00   7.4574073e-01   2.2202777e-01  -1.1013993e+00   7.2251073e-01   7.7196282e-01   1.9310416e+00
   2.0000000e+00   7.3814589e-01  -1.0481879e+00   1.2545884e+00  -2.0840878e-01  -6.9318552e-01  -9.4935439e-01
   2.0000000e+00   8.4139977e-01  -1.9865970e-01   4.1860975e-01   1.4569621e+00   1.5403920e+00  -3.1488414e-01
   1.0000000e+00  -1.7213287e+00  -1.5204685e+00   2.7049805e-01   3.7707018e-01   2.1693016e-01  -5.8483454e-01
   2.0000000e+00   1.2422622e+00   1.2699722e+00   6.1732918e-01  -1.1953761e+00   2.2622244e-01  -1.1168438e+00
   2.0000000e+00   1.9071694e-01  -2.6676849e-01  -6.1128338e-01   9.1861253e-01  -5.7016521e-01   3.4473333e-02
   2.0000000e+00   5.2436979e-01   1.3920379e-01  -1.5578999e+00   1.2966132e+00  -1.5706246e+00  -9.4121440e-01
   2.0000000e+00   6.3807547e-03  -6.5021235e-01   1.0259132e+00  -1.2719035e+00   8.0837918e-01  -1.4844196e+00
   1.0000000e+00  -2.1413223e-01  -6.8179918e-01   6.2667643e-01   5.8178911e-01   3.8940157e-01   2.6128649e-01
   2.0000000e+00   4.2749165e-01   5.0887091e-01   8.9931870e-01   9.8996479e-01  -6.2396298e-02  -8.4822334e-01
   2.0000000e+00  -6.2904836e-01  -3.4549603e-01  -2.4459637e-02   9.6010956e-01   1.5530404e+00   9.2156671e-01
   1.0000000e+00  -4.1397117e-01  -9.7750939e-01   1.2620697e+00  -1.4561630e+00   6.3745401e-01   3.8989603e-01
   2.0000000e+00   4.2142107e-01  -5.2484381e-01   1.0598545e+00   1.5596980e+00   7.2674513e-03  -2.1981333e+00
   2.0000000e+00   7.6257615e-02  -6.9895196e-01  -3.1020823e-01   2.8532991e-01   6.3476735e-02   1.1929173e+00
   2.0000000e+00  -3.1054849e-01   7.0942310e-01  -4.5930888e-01  -4.6112412e-01   1.1084279e+00   6.0201043e-01
   2.0000000e+00   2.7563570e-01  -2.6313873e-01  -2.0137363e-01   1.1818549e+00   2.2504614e+00  -1.2247543e+00
   2.0000000e+00   1.2928764e+00  -9.0460536e-01  -5.6088388e-02  -7.1200449e-01  -1.1438209e+00   5.0366663e-01
   2.0000000e+00   7.1733177e-02  -5.8187188e-01  -8.5840818e-01  -4.3853285e-01  -5.9764252e-01   3.8229104e-01
   2.0000000e+00  -4.0267414e-01   6.9877863e-01  -1.2323307e-01   1.4629385e+00   5.2050438e-01   1.5424616e+00
   1.0000000e+00  -6.9076134e-01  -3.7012637e-02   1.3550414e+00  -4.0629261e-01   9.4915935e-02   6.9451552e-01
   1.0000000e+00   8.4739395e-02   8.9554375e-01  -2.5569465e-01   3.2318838e-01   1.1624949e-01   7.1794892e-01
   2.0000000e+00  -1.2834305e+00   6.9264750e-01  -1.7112296e+00  -5.2008802e-01  -1.2164942e+00  -1.3829272e+00
   2.0000000e+00  -1.7151894e+00  -6.7227342e-01  -5.5438269e-01  -1.0880665e-01  -6.5733661e-01  -1.1195893e-01
   1.0000000e+00  -3.5786832e-01  -1.0077029e+00   1.8392657e+00   1.5921638e-01   2.9030913e-01   5.5968793e-01
   2.0000000e+00   7.4092334e-01  -5.1297358e-02  -2.4350056e-01   3.1120313e+00   2.0318826e-01  -2.1166430e+00
   2.0000000e+00   6.4887462e-01  -1.4708802e-01   1.4966230e-01  -1.4570949e-01   1.8672855e-01   2.0427675e+00
   2.0000000e+00  -1.4658553e+00  -1.9022940e-02   1.3544289e-02   9.0583878e-01   5.1348030e-01   1.2123628e+00
   2.0000000e+00   7.8464426e-01   3.0365296e-01   1.8563235e+00  -1.6629658e+00  -7.5923747e-01   1.5540082e-01
   2.0000000e+00   2.4608031e-01  -1.7967772e+00  -1.2921941e+00   7.5863819e-01   1.6308547e+00   2.3993454e+00
   2.0000000e+00   1.4702034e+00   6.4717288e-01   1.4738908e+00  -2.6920843e-01   1.6369668e+00   9.5445756e-01
   2.0000000e+00  -1.4305718e+00  -6.7986922e-01   2.2108710e+00   1.0815953e+00   5.6719746e-01  -4.1041007e-02
   1.0000000e+00  -1.3866834e+00  -5.9855218e-01   7.1519500e-01  -2.9167867e-01   2.6489633e-01  -4.3744763e-01
   2.0000000e+00   3.2408848e-01   1.7148956e+00   8.8239298e-01   1.8466730e+00  -1.8634353e-01   1.0549902e+00
   1.0000000e+00  -9.3592099e-01   7.8614161e-01  -7.7369848e-01   6.9632045e-01   5.4373054e-01  -1.6611625e-01
   2.0000000e+00   1.0900492e+00   6.7213465e-01  -5.9778944e-01   8.2678262e-01  -9.1613072e-01  -6.1636046e-01
   2.0000000e+00  -9.3487089e-01  -1.8124272e+00  -9.2529137e-01   1.3767068e+00   1.5417543e+00   1.4370918e+00
   2.0000000e+00   7.1926151e-01  -7.8777872e-01  -5.5528527e-01  -1.9402607e-01  -1.1255531e+00   2.9291772e-02
   2.0000000e+00  -1.3321175e+00   1.4398449e+00  -9.1177150e-01  -7.9332980e-02  -1.0446128e+00   2.5989807e-02
   2.0000000e+00  -4.7330179e-01   1.0739246e+00  -4.0734563e-01   1.7968511e-01  -1.1924571e+00   1.7274952e-01
   2.0000000e+00   7.5957484e-01  -4.8879687e-01  -1.7849892e+00  -6.0279367e-01  -1.9896215e+00  -1.8652931e+00
   2.0000000e+00   7.1496083e-02  -9.6730938e-01   8.9087212e-02   4.2543777e-01  -2.0651163e-01   1.9380099e+00
   2.0000000e+00   8.9768444e-01  -7.5792553e-01  -7.5934945e-01  -7.9853274e-01   4.2578274e-01   9.6654684e-01
   2.0000000e+00   4.2153733e-01  -2.3619845e-01   8.8998121e-01   2.7128812e-01   1.0822853e+00   8.2258009e-01
   1.0000000e+00  -8.6246235e-01   5.7917947e-02   1.6646576e+00   1.1864876e+00   1.5299456e-01   5.9795060e-01
   2.0000000e+00   1.4524059e-01  -7.5508891e-01  -2.9557283e-01  -6.1169014e-01  -4.4460433e-01  -6.4741109e-01
   2.0000000e+00   2.1899870e+00   2.7833954e-01  -1.1764037e+00   3.6188203e-01  -6.3701850e-02   3.3677528e-01
   2.0000000e+00   9.8446582e-01   1.6326052e+00   2.2338932e+00   1.3083878e-01  -8.2854313e-01  -6.9316343e-01
   1.0000000e+00   5.9390113e-01   2.1056412e+00   1.5628594e+00  -1.7029893e-01   3.5231727e-01   7.5060728e-01
   2.0000000e+00   1.1749356e-01   5.8809364e-01   1.7400446e+00   2.4521309e-01  -1.4106656e+00   1.6342981e+00
   2.0000000e+00  -1.6704341e+00  -3.7531544e-01   1.2773187e-01   1.4677742e+00   2.3498369e+00  -4.1544035e-01
   2.0000000e+00   6.2148089e-01  -4.5838109e-01   1.0422757e+00  -2.7747132e+00  -4.7762436e-01  -2.5438523e-01
   2.0000000e+00  -2.6568644e+00  -2.1630231e+00   4.0611337e-01  -1.1670998e+00  -4.7201182e-01   8.5518174e-02
   1.0000000e+00  -2.6942039e-01  -4.6562563e-01  -1.9389279e+00   2.5876140e-01   3.2436913e-01   1.8647336e-01
   1.0000000e+00   1.9943864e+00   1.7429867e+00   2.9954352e-01   2.6096165e+00   6.5844680e-01   1.3865863e-01
   2.0000000e+00   1.3871680e-01  -1.1506940e-01   1.1304943e+00   3.6825668e-01   1.0056526e+00   1.0892096e+00
   1.0000000e+00  -6.2744679e-01  -1.6997293e+00   1.1045773e+00   8.8835032e-01   3.3830519e-01  -7.8113133e-01
   1.0000000e+00   7.7106057e-02   1.0011991e+00  -5.1157563e-01  -6.2000546e-01   9.3291888e-02   5.9389606e-01
   2.0000000e+00  -3.2615491e-01  -1.0223380e+00  -4.0520758e-01   7.3484086e-01   6.1124338e-01  -2.1902920e+00
   2.0000000e+00   4.4915060e-01  -1.7921019e+00   3.4548723e-01  -8.8724280e-01  -8.4474385e-01  -1.3652836e+00
   1.0000000e+00   6.5505317e-01  -1.9642565e+00  -9.9991846e-01  -1.2218710e-02   3.3695089e-01  -2.4542071e-01
   2.0000000e+00  -4.9023907e-01   1.2854354e+00  -1.4688959e+00  -2.6672703e-01  -1.1888326e+00   2.8599576e-01
   2.0000000e+00  -1.9736113e+00   5.3984899e-01   2.3684663e-01  -2.5481244e-01   9.6668330e-01  -7.0773988e-01
   1.0000000e+00   1.0034801e+00   1.0934780e+00  -6.7106934e-01  -8.9031519e-01   9.0004545e-01  -1.1385933e-01
   2.0000000e+00   1.7579625e-01   6.8903030e-01  -9.0865011e-01  -1.9831210e-01  -7.0461375e-01  -5.7198503e-01
   1.0000000e+00  -1.3496790e+00   1.2987972e+00  -7.9795644e-01   4.8500955e-01   2.4399779e-01   3.1784301e-01
   2.0000000e+00  -4.2376700e-01  -5.4902774e-02   1.9408825e+00   1.3963912e-01   7.2940863e-01  -1.0105791e+00
   2.0000000e+00  -2.5782642e-01   1.1527855e-01   7.1295713e-01  -1.3355583e+00  -2.5532512e-01   2.7499920e-01
   2.0000000e+00   1.0560924e-01   4.3136263e-01   1.1840766e-01  -5.3636142e-01  -1.9297543e-01   7.8155113e-01
   2.0000000e+00  -2.1474372e-01   8.9148664e-01  -1.8051768e+00  -1.2418577e+00  -1.0316543e+00  -2.8773697e-01
   2.0000000e+00   1.6073015e+00  -7.8175907e-01   1.7873131e-01  -7.9512680e-02  -6.8598589e-01  -1.2245155e+00
   2.0000000e+00  -5.1153327e-01  -1.3869035e+00   2.7752655e-02   7.0655392e-01  -7.3215289e-01   1.5622684e+00
   2.0000000e+00   2.8505605e-01  -2.3391102e-01   3.7374865e-01  -6.3641899e-01  -5.7542724e-01   1.7688924e+00
   1.0000000e+00  -1.6031527e+00  -2.7713721e-01   8.7369880e-01  -1.2289881e-01   8.1480596e-01  -1.4284264e-01
   2.0000000e+00  -9.8045425e-01   1.7031746e+00   5.6410976e-01  -6.3467273e-01  -2.0675629e-01  -2.3761425e-01
   2.0000000e+00  -3.8545623e-01  -2.4305502e-01   8.0793467e-01   1.0350357e-01  -5.8480932e-01  -1.4230128e+00
   1.0000000e+00   1.3736345e+00  -4.8245608e-01   1.9421428e-01   5.6371075e-01   5.9091172e-02  -3.5431914e-01
   2.0000000e+00   7.7025358e-01  -2.4729588e-02  -1.1525089e+00  -1.1409967e+00  -7.4660625e-03  -9.8444339e-02
   2.0000000e+00   2.3514522e+00   3.0388202e-01   1.6097019e+00   1.6736761e+00   1.3943656e+00   1.2197196e+00
   2.0000000e+00   1.2639341e-01  -1.4763300e-01   4.3324234e-01  -3.8333550e-01  -8.1243497e-02  -1.7962843e+00
   2.0000000e+00   9.5414674e-01   5.3996259e-01  -9.8184974e-01  -1.7779960e+00  -1.5158845e+00  -1.4332808e+00
   2.0000000e+00   2.6230306e-02   1.3930509e-02   3.0959260e-01   1.1404629e+00  -1.3741226e+00  -5.3765668e-01
   1.0000000e+00  -8.7523004e-01  -9.1141186e-01  -1.9029350e-01  -5.5434343e-01   4.2596452e-01  -8.7079270e-01
   2.0000000e+00  -8.7123673e-01   8.2140643e-01  -7.7502449e-01  -2.2171395e-01   1.1318189e+00  -7.1118779e-01
   2.0000000e+00  -4.1159374e-01   6.4846585e-01  -4.7421264e-01  -7.7574057e-01   1.2619886e+00  -2.8969255e-01
   2.0000000e+00   1.4058077e-01  -1.7730815e+00   2.7954548e+00  -5.7794071e-01  -1.3757534e+00   1.2624626e-01
   2.0000000e+00   8.2357974e-01  -6.1861380e-01   6.3888708e-01   1.1203629e+00  -4.4026192e-02   4.1024817e-01
   1.0000000e+00  -2.8424884e-01   5.2665063e-01   3.0615754e-01   4.7223693e-01   6.7245530e-01  -3.0895304e-01
   2.0000000e+00   1.6785566e+00  -2.9573481e-01  -8.8674012e-01  -3.1550811e-01   2.8763528e-01  -1.1635494e+00
   1.0000000e+00  -1.4850621e-01   6.5766997e-01  -1.7223933e+00  -3.4395885e-01   4.0303931e-01   1.9466573e-01
   2.0000000e+00   9.6671180e-02  -6.9998383e-01  -5.9268343e-01  -6.3519179e-01   6.8698657e-01   9.1974387e-01
   2.0000000e+00   9.9449434e-01   2.9196888e-01   1.0331517e+00   7.1544045e-01  -1.8756220e+00   4.2121090e-01
   2.0000000e+00   1.5579332e+00   4.8390762e-01   5.2811514e-01  -8.3544089e-01  -1.3760115e-01   5.1876013e-01
   2.0000000e+00   5.7813332e-03   9.1626587e-01  -5.2504311e-01  -1.4205167e+00  -5.0843862e-02   3.8555943e-01
   2.0000000e+00   9.5118432e-01  -8.1496405e-01  -1.4957559e-01   6.5981229e-01   3.8191307e-01  -1.3579538e+00
   2.0000000e+00  -9.4667215e-01   4.6711515e-02  -5.9766951e-01   9.7910600e-01  -4.8706316e-01  -5.2872272e-01
   2.0000000e+00   4.2994223e-01  -3.4234344e-01  -1.3712450e+00  -2.2710369e+00   5.4039790e-02  -1.7412828e+00
   2.0000000e+00   2.6364324e-02  -4.7964286e-01   5.5504104e-01  -3.4476239e-01  -3.8861508e-01  -6.7022383e-01
   2.0000000e+00  -1.7945072e+00   9.4243154e-01   1.3929977e+00  -1.7232681e+00   1.1006113e+00   1.1742540e+00
   2.0000000e+00  -7.4608431e-01   1.1557293e+00  -1.1351063e+00  -7.1800430e-01   1.2765774e+00  -4.3939880e-01
   1.0000000e+00   1.3216806e+00   6.2982237e-01  -1.1340947e+00   8.6749006e-01   7.6486175e-02   6.4320564e-01
   2.0000000e+00  -3.7246532e-01   4.8634200e-01  -8.7503549e-01  -6.0847108e-01  -9.3748819e-01  -1.7710511e-01
   1.0000000e+00   3.6600161e-01   1.3537569e+00   8.8232723e-01   4.8329270e-01   8.8429642e-02   8.4362747e-01
   2.0000000e+00  -2.5136627e-01   2.3134234e-01  -2.9225983e-01   1.4296932e+00   5.3389593e-01   1.0717152e+00
   2.0000000e+00  -1.7683418e+00   4.5069479e-01  -5.5035921e-01  -3.2811181e-01  -9.0748709e-02  -6.9504889e-01
   2.0000000e+00   1.0748035e+00   1.2445553e+00   2.2043383e-01   3.4191928e-01   1.9673106e+00  -9.4884277e-02
   2.0000000e+00   2.5790082e+00   1.5210436e+00  -6.8506018e-01   1.3638311e+00  -7.8217346e-01  -1.1607164e+00
   2.0000000e+00  -1.8779494e+00   9.7315981e-01   9.7198231e-01  -4.8996076e-01  -1.8142562e+00  -1.0731516e+00
   2.0000000e+00   1.4056493e+00  -8.4468290e-01   7.9196029e-01   4.2558620e-01   7.1535052e-01   1.1516499e+00
   2.0000000e+00  -2.0466735e+00  -2.6019686e-01  -4.6894486e-01  -1.6219521e-01  -9.3109348e-01  -3.9681416e-01
   2.0000000e+00   1.4751506e+00   5.5101714e-01  -2.6541472e-01  -9.7361901e-01  -3.2361030e-01  -2.4628234e-01
   2.0000000e+00  -4.8934119e-01   1.7136088e+00  -6.0495151e-01  -7.2806554e-01  -6.3102058e-01  -2.6586485e-01
   2.0000000e+00  -1.5961972e-02   3.7053177e-02  -1.0907045e+00  -5.3612314e-01  -5.5903343e-01  -4.3459775e-01
   2.0000000e+00   2.5435980e-01  -2.0094384e+00  -5.6075102e-01   1.5243943e+00  -8.0115507e-01  -3.1416187e-01
   2.0000000e+00  -6.5085089e-01   1.5741723e+00  -3.3005788e-01  -9.9947307e-02   4.0452690e-01   1.8222633e+00
   2.0000000e+00  -9.8826886e-01  -1.1300000e+00  -7.6164902e-01  -1.8166579e-01  -8.4331365e-01  -5.5415748e-01
   2.0000000e+00   3.3062253e-01   8.5388483e-01   1.5220937e+00   1.7590741e+00  -1.9736924e+00  -2.1082120e+00
   1.0000000e+00   1.7294809e-01   5.1753652e-01  -1.0965731e+00  -1.7578091e+00   3.7848770e-02   5.5930277e-01
   2.0000000e+00   2.5114579e-01  -3.8773132e-01   6.5029844e-01  -5.0617138e-01   9.2862035e-01   6.0202323e-01
   2.0000000e+00  -9.6764035e-01   5.0889181e-01   8.2937375e-01   5.0598614e-01  -1.0891476e+00  -1.4059709e-01
   1.0000000e+00  -1.1461151e+00  -6.6158449e-01  -1.0682827e+00  -2.2823816e-01   4.3124921e-01  -6.6244815e-02
   1.0000000e+00   5.7476367e-01  -6.7400601e-02   8.0766718e-03  -9.0633383e-02   1.6963603e-01   2.8601227e-01
   1.0000000e+00   1.7504634e-01   1.7947518e+00   6.9024569e-02   7.8402307e-01   5.9003876e-01  -3.1219737e-01
   2.0000000e+00  -7.5072483e-01   2.4260752e-01   1.8603668e-01  -9.8893445e-02  -1.3985838e+00  -6.4143226e-01
   2.0000000e+00   2.4918749e+00   3.6455556e-01   1.0335826e+00   4.6430865e-01   1.1653201e+00   2.3393587e+00
   2.0000000e+00   1.1593463e+00  -7.2296788e-01   8.1595564e-01  -1.6606218e-01   1.5844415e+00   3.5379147e-01
   2.0000000e+00   2.0393192e+00  -5.9218592e-02  -1.3715648e+00   1.6946423e+00  -4.6806793e-01  -2.2229250e-01
   2.0000000e+00   6.2677614e-01   6.3951430e-01  -6.8952662e-01   2.0650132e+00   8.0934377e-01   9.8109416e-01
   2.0000000e+00  -7.5024644e-01  -1.5146019e+00   1.0643447e+00  -4.7613372e-01  -4.0654687e-01   8.1817586e-01
   1.0000000e+00   1.1860491e-01  -3.6710797e-01   9.6064694e-01  -1.1711167e+00   6.8575475e-01  -3.0254543e-01
   2.0000000e+00   1.7938242e+00  -9.2999366e-01   3.3454350e-01   3.4292413e-01  -8.8681492e-01   1.2529053e+00
   2.0000000e+00   6.8980325e-01  -6.6580662e-01   5.3782773e-01   2.0850204e+00  -1.1957350e+00   8.0921083e-01
   1.0000000e+00   6.3207781e-01  -8.0901460e-02  -1.0974777e+00  -2.6452351e-01   1.2124563e-01   5.2276011e-01
   1.0000000e+00   1.4478425e-01  -1.0549148e+00   6.4388867e-01  -2.1636833e+00   2.8177356e-01  -1.4792243e-01
   2.0000000e+00  -6.9699531e-01  -9.2973268e-01  -6.9539191e-01   1.2589588e+00   1.4667197e+00  -1.8824221e-02
   2.0000000e+00   6.0083076e-01  -5.4071512e-01   1.1094268e+00   1.4018428e+00   9.9440748e-01   1.3794016e+00
   1.0000000e+00  -8.1978168e-01   1.8538398e+00   9.3634108e-01  -4.9003155e-01   2.8765602e-01  -2.8282001e-01
   2.0000000e+00  -2.9885200e+00  -9.6406904e-01   2.3636508e-01  -2.7546283e+00  -1.1437213e+00   4.8464636e-01
   2.0000000e+00   2.6166282e+00  -5.4751966e-01   3.2199859e-02  -2.7177262e-01   4.9995581e-01  -1.3389261e+00
   2.0000000e+00  -3.0029913e-01  -1.1322740e+00   6.1103057e-01   1.9300920e+00  -1.6971654e+00  -2.9246998e-01
   2.0000000e+00   8.8477951e-02   6.5465147e-02  -3.2600713e-02  -3.8458223e-01  -1.1404371e+00  -1.6682707e-01
   2.0000000e+00   6.1803953e-01  -9.7373559e-01  -2.5873058e-01   2.1961374e-01  -7.4131817e-02   1.1896676e-01
   1.0000000e+00  -6.9200159e-01  -6.0597053e-01   3.7841184e-01  -1.9439155e-01   5.5813268e-02   9.3114409e-01
   2.0000000e+00  -3.1487608e-01  -3.1668965e-01   2.4527262e-01  -2.9418917e-01  -1.3563288e+00   4.2037047e-01
   2.0000000e+00   1.2251070e+00  -4.6188914e-01  -8.6004625e-01  -6.5780196e-01  -1.3471982e-01   6.3555880e-01
   2.0000000e+00   3.3736530e-01  -1.4981098e+00   8.6013827e-01  -8.4437630e-02  -6.5156214e-01  -1.6454725e+00
   2.0000000e+00  -1.2719481e+00  -7.5793743e-01   9.6309839e-01   1.0722435e+00   1.0182824e+00   2.5040093e-01
   2.0000000e+00  -1.0668684e-01   3.2524390e-01  -1.8551108e-01   1.0053852e+00   6.2519620e-02  -1.2531217e+00
   2.0000000e+00  -2.5393077e+00  -1.5367766e+00  -1.1535293e+00  -7.6634838e-03  -1.6635657e+00   7.4984309e-01
   2.0000000e+00  -1.7759218e-01   4.0259195e-01   2.5693994e-01  -1.4591622e-01  -6.8497108e-01   1.5603911e+00
   2.0000000e+00   8.9530856e-01   1.2946982e-01   9.6957192e-01   7.9521109e-01  -1.4813204e+00  -4.0078490e-01
   2.0000000e+00  -2.4270023e-01  -6.1165185e-01  -7.3763610e-01   3.3247792e-01  -7.6296048e-01  -6.0822811e-01
   2.0000000e+00  -1.6607410e-01   1.8684217e+00   5.0036895e-01  -6.8569059e-01  -8.0597384e-01  -8.1379685e-01
   2.0000000e+00  -9.9072228e-01   4.8372003e-01   3.9960977e-01   1.6616327e+00  -1.2115893e+00   3.8846567e-02
   2.0000000e+00  -2.6218454e-01   1.4640761e+00   2.0731406e+00  -1.4155356e+00   7.5578157e-01  -1.3487037e+00
   2.0000000e+00  -3.4378710e-02  -2.7246122e-01   7.8207741e-01  -9.0355123e-01  -1.0595676e+00  -2.9684774e-01
   2.0000000e+00  -9.0934903e-01   2.7675010e-01   2.0646370e-01  -1.5224109e-01  -2.1747509e+00  -5.8936147e-01
   1.0000000e+00  -8.4143577e-01  -4.1366128e-01   6.0583298e-01  -1.1231684e+00   7.7846483e-01   2.8217725e-01
   2.0000000e+00   7.8559727e-01   8.4589295e-01  -1.3743354e-01   9.1740244e-01  -3.4670841e-01   1.4047553e+00
   1.0000000e+00  -1.6056144e+00  -1.7505680e-01   3.8516232e-03  -2.0644029e-01   6.1099146e-01   3.8808879e-01
   2.0000000e+00  -8.2368651e-01  -1.6993825e-01  -2.1939882e-01  -1.3363711e+00   1.4650440e+00  -4.4653614e-01
   2.0000000e+00   1.3437535e-02   3.6276447e-01  -5.6184513e-01   7.7930578e-01  -8.7351021e-01  -1.5408901e-01
   2.0000000e+00   2.8157373e-01   4.7587129e-01  -5.0346942e-01  -2.1528118e+00  -1.0506272e+00  -1.1048518e+00
   2.0000000e+00  -1.3969444e+00  -8.9943753e-01  -1.3451159e+00  -1.3326036e+00   2.1904769e-02  -1.3761374e+00
   2.0000000e+00   1.1965272e+00  -1.4886829e+00  -1.0161612e+00  -7.8381840e-01  -7.2638884e-01  -2.9556688e-01
   2.0000000e+00   7.0294098e-01   1.8143522e-01  -2.2573805e-01  -1.3721835e-01   1.9297355e+00   1.3379802e+00
   2.0000000e+00  -1.3651764e+00  -4.0447127e-01   7.1145870e-01   1.6535400e+00   3.1100324e-01   9.9160789e-01
   2.0000000e+00   1.8837615e-01  -1.1415795e+00   1.2356178e+00   4.4451814e-01  -1.6132194e+00   9.0702059e-01
   2.0000000e+00   1.5545209e-01  -1.7844830e+00   3.3237735e-01   2.3865492e+00   1.8772999e+00  -8.5027629e-01
   2.0000000e+00   2.4445024e-01   3.8021910e-01   1.5334003e+00  -1.1785460e+00   2.7437767e-01  -1.7234162e+00
   1.0000000e+00   5.5107109e-01   2.3725182e+00  -2.9865309e-01  -9.7795602e-01   7.4981885e-01  -4.6077909e-01
   2.0000000e+00  -1.0934877e+00  -2.9969090e-01  -9.3292787e-01  -1.9467598e+00  -4.1171088e-01  -5.6849004e-01
   2.0000000e+00  -1.7292553e+00  -9.7685781e-01   4.7149394e-01   2.8259921e-01  -8.3994183e-01   9.5015019e-02
   2.0000000e+00  -3.7484165e-01   1.7506613e-01   8.6333859e-01  -6.1458106e-01  -6.7600178e-02   2.8859689e-01
   1.0000000e+00   7.5901975e-01  -2.4840712e-01  -6.3889088e-02   1.9227738e+00   8.9889435e-01   1.3726809e-02
   2.0000000e+00  -6.2093239e-01  -5.1238835e-01  -2.5607116e-01   2.7130554e+00  -3.5993150e-01  -6.6141556e-01
   1.0000000e+00   2.8024312e-01   6.9242093e-01  -8.1419123e-02   1.0706584e-02   1.7932327e-01  -4.6752984e-01
   2.0000000e+00   1.2387254e+00  -5.6307576e-01  -1.9750653e+00   1.4769238e-03  -1.2747582e-01   1.7708696e-01
   2.0000000e+00   1.6189461e+00   6.9927629e-01   1.4947373e+00  -1.1113606e+00   8.9065993e-01   1.9626373e+00
   2.0000000e+00  -1.6562593e+00   3.4264598e-01  -5.2601101e-01   1.1156786e+00  -7.7322582e-01   8.5191178e-01
   2.0000000e+00   1.3035070e+00   6.3369330e-01   6.6916567e-01   5.8964632e-01  -7.2323473e-01  -9.0022850e-01
   2.0000000e+00   2.6028517e-01   3.4330227e-02   1.6008563e+00   2.4994799e-01   1.8538364e+00   7.8075623e-01
   2.0000000e+00  -1.2842394e+00   1.2742646e+00  -1.0346447e+00  -8.7999885e-01  -1.7387842e+00   5.6520569e-01
