   2.0000000e+00   1.3222455e+00  -1.5702058e+00  -1.8585713e-01  -2.3231410e+00  -4.7716059e-01   1.1323439e+00
   2.0000000e+00  -1.3737575e+00  -2.0305023e+00   2.8108045e-01   4.7979882e-01  -1.0704996e+00   5.7503776e-01
   2.0000000e+00   1.4693167e+00  -1.5885565e-01  -1.0667953e-02  -7.6699925e-01   2.5379283e-02  -4.3347603e-01
   2.0000000e+00   9.8747090e-01   4.4496603e-01  -1.7606116e-01  -2.6199448e-01  -8.0285234e-01  -5.7927474e-01
   2.0000000e+00  -2.9574261e-01  -5.5050346e-01   1.3254105e+00   3.0997362e-01  -1.3583326e+00  -1.0102124e+00
   2.0000000e+00   2.5760962e-01  -3.0740183e-01  -3.1347167e-01  -1.2216011e-01   2.2606489e-01  -6.9787594e-01
   2.0000000e+00   3.9082872e-01  -1.0049627e+00  -8.4536552e-01   1.5159136e+00  -2.0407021e-01  -9.3316585e-01
   2.0000000e+00   3.2643210e-01   2.2063796e+00  -4.4684525e-01   1.2468870e-02   9.4606969e-01  -1.2189826e+00
   1.0000000e+00   3.7071020e-01  -1.0463469e+00  -7.6971377e-01   1.1925379e-01   6.6000705e-01  -5.3463784e-01
   1.0000000e+00   8.8907227e-01   3.1236255e-01  -1.0049224e-01   4.0861499e-02   7.8941821e-01  -5.2637557e-01
   2.0000000e+00  -6.8590974e-01   1.2198346e+00   8.6253863e-02  -2.3828937e-01  -6.8082414e-01   1.2860425e+00
   2.0000000e+00  -9.4458069e-01  -6.4746356e-01   1.0234177e+00  -1.1254447e+00  -5.5732836e-01   3.9183923e-01
   2.0000000e+00   2.5570182e-01   1.4167749e+00   1.1086179e+00  -2.2395813e-01   4.5131459e-01  -3.5836055e-01
   2.0000000e+00  -7.0985254e-01   9.7172316e-01  -1.8349605e+00   1.4884511e-01   1.3854976e+00  -2.1281490e+00
   2.0000000e+00  -5.0513081e-01  -6.8767918e-01  -8.3830898e-01  -1.7169710e+00   9.4012413e-02  -8.9907624e-02
   2.0000000e+00   3.9037382e-01   1.0125738e+00  -2.4244420e+00  -4.1984058e-01   7.8136816e-01   6.5046222e-01
   2.0000000e+00  -3.3439097e-01  -1.1749525e+00  -2.2287990e-01  -4.8913667e-01  -8.0160224e-02  -1.2315015e+00
   2.0000000e+00  -9.1697499e-02   8.6565630e-01  -5.1087469e-01  -1.2457436e+00  -8.2418278e-01  -8.7398330e-01
   2.0000000e+00   8.4714443e-02  -2.2946424e-02   8.6299067e-01  -1.2764426e-02   3.2279927e-01   2.2981412e+00
   2.0000000e+00   7.1137955e-01  -2.3963859e-01  -5.8053545e-01   1.3118010e+00   2.4166207e-01   1.5050296e-01
   2.0000000e+00   1.5692007e+00   6.2971834e-02   9.8305897e-02   2.1436336e+00  -4.4558015e-01   1.1045832e+00
   2.0000000e+00   1.3143137e+00   3.5511376e-01   1.3906269e-01  -1.6413676e-01  -1.2841710e+00  -5.3041879e-01
   2.0000000e+00   2.5262009e-01  -1.4486828e+00   8.7678177e-01  -1.0722042e+00  -5.6176746e-01   1.1129626e+00
   2.0000000e+00  -2.5169309e-01   1.3012389e-01   1.3442347e+00  -5.5971640e-02   3.3804196e-01   1.3389125e+00
   2.0000000e+00  -2.4978000e+00  -1.0481087e+00   9.6899933e-01  -1.3998768e+00  -1.7302889e+00  -8.3899721e-01
   1.0000000e+00  -9.9064038e-02  -5.6696677e-01  -3.2833980e-01   1.7662957e-01  -9.2562844e-01   1.0142418e-01
   2.0000000e+00   4.2944854e-01   4.8316184e-01   6.8151715e-01  -8.2586141e-01   1.5803306e-01  -3.5324380e-01
   2.0000000e+00   2.5481099e-01  -2.9218993e+00   1.1407108e+00   1.6500473e+00  -9.7272792e-02  -1.1511065e+00
   2.0000000e+00   1.1882785e-01   3.0880181e-01  -1.1868227e+00  -8.3634195e-02   1.3195347e+00   1.2365667e+00
   2.0000000e+00  -7.4277996e-01  -1.0494127e-02   2.2920693e-01   4.2818981e-01   9.4350980e-01  -9.6673022e-01
   2.0000000e+00  -7.5703484e-01   9.0838185e-01   8.9421807e-01   7.6731626e-01  -9.2473161e-01   1.2397896e+00
   2.0000000e+00  -5.8211465e-01  -2.3304190e+00   2.9552823e-01   1.1015166e+00  -6.5387403e-01  -4.9183663e-01
   1.0000000e+00  -5.0675134e-01   5.9307498e-01  -1.0585432e+00   4.0157846e-01   1.6251823e+00   4.6143295e-01
   2.0000000e+00   1.9396175e-01  -7.6073961e-01   2.5349362e+00   9.6244030e-01  -3.4388069e-01   1.3861102e+00
   2.0000000e+00   1.1491021e+00   1.7184883e-01   1.3305915e+00  -9.5143685e-01   3.0407065e-01  -1.0288852e+00
   2.0000000e+00   1.4349110e+00   4.6523841e-01  -2.6657589e-01  -1.3755932e+00   1.3368797e+00  -7.8663920e-01
   2.0000000e+00  -4.8625646e-01   3.8152727e-01   2.2489209e-01  -5.4906399e-01   4.2433316e-01   2.9918926e-01
   2.0000000e+00   8.7462977e-01  -2.7315430e-01   1.5439814e+00   1.0072280e+00   2.2468381e-02  -7.1455957e-01
   1.0000000e+00  -3.6377855e-01  -4.7629993e-02  -6.1338906e-01   3.0307224e-01   5.7209212e-01  -6.7795701e-01
   1.0000000e+00  -4.8001111e-01  -1.0115185e+00  -4.9436634e-01   3.5205562e-01   5.6364033e-01   1.0474593e-01
   2.0000000e+00   2.4076902e+00  -8.9284287e-01   4.4213441e-01  -1.7276096e+00  -1.5045786e+00   5.3846962e-01
   1.0000000e+00  -9.1145319e-03   3.9354648e-02  -1.1231384e+00   1.6287584e-01   5.9369006e-01  -3.7999394e-01
   2.0000000e+00  -1.4369350e+00  -7.9778815e-01  -9.4296925e-01  -9.6808926e-01   1.1765327e+00  -1.3347941e+00
   1.0000000e+00  -2.1835406e-03   6.2055063e-01  -2.5079830e-02   3.4797142e-01   1.8583712e+00   1.5267392e-02
   2.0000000e+00  -8.6379014e-03  -1.0240637e+00   1.3392571e+00  -1.5702217e+00   2.9266836e-01   4.3748628e-01
   2.0000000e+00   3.5296941e-01  -1.0453081e+00   8.1322787e-01   7.9522619e-01  -5.1879296e-01   1.0608297e+00
   2.0000000e+00   2.6299903e-01  -5.3722538e-01   2.2350351e+00   9.0329213e-01  -1.2288269e+00   1.2497482e+00
   1.0000000e+00  -9.8121433e-01   6.7534384e-01  -2.5568900e-01   5.3457861e-01   2.0936465e+00   1.8217428e-01
   2.0000000e+00  -1.5230020e+00  -1.3525975e+00  -5.6139492e-01   1.5676366e+00  -1.2637508e+00   2.0833711e+00
   2.0000000e+00  -5.1127078e-01  -2.7601692e-01   7.3585181e-01   1.1780695e+00   9.9911670e-02   2.9041436e-01
   2.0000000e+00  -9.5850678e-01  -1.3157246e+00   6.4494510e-01   7.7489211e-01  -2.8040222e+00   1.2211863e+00
   2.0000000e+00  -7.6406538e-01  -1.3899747e-01   4.5700134e-01  -4.9882578e-01  -2.0811611e+00   7.4590230e-01
   2.0000000e+00   8.3795305e-01  -1.0267043e+00  -1.1997806e-01   1.3357425e+00   3.3804520e-01   4.7630130e-01
   1.0000000e+00  -2.0092812e+00   4.6026682e-01  -1.9770832e-01   2.4569583e-01  -1.6337171e+00  -5.4911160e-01
   2.0000000e+00  -1.0062154e+00   3.4914531e-01  -2.9641671e-01  -7.0373988e-02  -9.0266101e-02   1.7791316e+00
   2.0000000e+00  -2.4513496e-01   2.1072705e+00  -5.6802197e-01  -1.0938434e-01   9.2392616e-01   4.0237381e-01
   2.0000000e+00  -3.3191788e-01   9.0884598e-02  -1.5997763e+00   1.2089570e+00  -1.2212337e-01   4.4905538e-01
   2.0000000e+00  -2.5267672e+00  -7.9066389e-02  -4.0433022e-02  -7.1947468e-01   1.7824479e+00   3.7366859e-01
   1.0000000e+00   1.2040742e+00   1.4304854e-01  -1.3984852e-01   6.8756872e-01  -1.6382340e-01   1.7297802e-01
   2.0000000e+00   3.8835912e-01   3.8464509e-01  -1.8003054e+00  -1.0576319e+00  -4.6323081e-02  -3.5144164e-01
   2.0000000e+00   2.9307629e-01   2.2528523e+00  -1.2181492e+00   5.8355750e-01   1.2286256e-03   2.7979007e-01
   2.0000000e+00  -3.2977202e-01   1.9156726e+00  -2.5762809e-02  -6.4598932e-01   1.5472986e+00   4.6668229e-03
   2.0000000e+00   4.9289804e-01   1.4310861e+00  -3.8730122e-01   6.3516839e-01   2.4204507e+00  -1.1605698e+00
   2.0000000e+00  -1.2263943e+00  -8.4014230e-01  -1.3108330e+00  -4.1201424e-01  -5.8385817e-01  -3.7837377e-01
   2.0000000e+00   7.7150331e-01  -5.2225004e-01   2.0755526e-01  -3.9130021e-01  -7.9899399e-03  -6.0289529e-01
   2.0000000e+00   4.4819009e-02   8.2111865e-02   1.2744412e+00  -2.0779981e-01   1.0680883e+00  -1.0879571e+00
   2.0000000e+00   5.1273626e-01   4.7781805e-01  -7.3861474e-01   5.6770690e-01   1.1779699e+00  -1.2190611e+00
   2.0000000e+00  -1.8686417e-01   7.1179518e-02   1.3641147e+00  -1.3954457e-01   1.9467775e+00   1.4519844e+00
   2.0000000e+00  -6.1035833e-01   3.0319754e-02   7.9758215e-01  -1.8924167e+00  -1.9816658e+00  -7.6122682e-01
   2.0000000e+00   1.1581953e+00  -2.3684384e-01   3.0571873e-02  -1.6045221e+00  -1.8168033e+00   1.0520324e-01
   1.0000000e+00  -2.8952401e-01  -7.3618260e-01  -3.5510657e-02   1.3997155e-01   1.5012175e+00  -6.0570092e-01
   2.0000000e+00  -2.5825835e-01  -1.9307972e+00   5.1634753e-01  -7.9987333e-01  -1.3647345e+00  -2.3564925e+00
   2.0000000e+00   6.4381291e-02  -1.8131175e-01   1.2513662e+00   1.0919949e+00  -8.3488443e-02  -1.3511497e+00
   2.0000000e+00  -1.3994111e+00  -5.4903437e-01   1.2933248e+00   1.6104892e+00  -6.3250016e-01  -1.6616064e-01
   2.0000000e+00  -3.2732672e-01  -8.8082997e-01  -9.2894855e-01  -2.6610905e-01  -6.5573216e-02  -1.1646813e+00
   2.0000000e+00   7.3517985e-01  -6.4774199e-01  -5.1562788e-01   1.2799986e+00   4.4214424e-01   8.4589286e-01
   2.0000000e+00   1.2904330e-02  -5.0227716e-01   7.0039190e-01  -7.3057056e-01   2.1545592e+00   1.5154969e-01
   1.0000000e+00  -8.7944960e-01  -5.7973330e-01  -8.2970016e-01   8.2903348e-02   6.4091607e-01   3.7647905e-01
   1.0000000e+00   1.6535431e-01  -5.0982595e-01  -4.0624554e-02   1.2919474e-01  -9.5699911e-01   8.0070061e-01
   2.0000000e+00   1.0347877e+00  -1.8768684e-01  -2.5240429e+00   3.0085162e-01  -3.3014564e-01  -1.9368910e+00
   2.0000000e+00   8.9511242e-01   6.1024304e-01   1.6868062e+00   1.2883336e+00   1.6361377e+00   2.8925968e-01
   2.0000000e+00  -9.9903540e-01  -5.6123637e-01  -8.3506254e-02  -1.0951365e+00  -4.6664001e-01  -1.5868564e-01
   2.0000000e+00  -1.9775740e+00   8.4826854e-01   8.4497752e-01   7.6945264e-01  -7.0825053e-01   6.8908478e-01
   2.0000000e+00  -8.2269057e-03  -5.3290361e-01   6.1470688e-01   4.7783723e-01   1.4550790e-01   1.7416030e+00
   2.0000000e+00  -3.2019905e-01   2.3109082e-01   8.4721537e-01  -4.9988312e-01   1.4155470e+00  -6.6219346e-01
   2.0000000e+00  -1.2426498e+00   9.4721009e-02   1.0454620e+00   1.1122250e+00   1.6395908e-01   7.1283676e-01
   2.0000000e+00   8.3078736e-02  -1.5399437e-01  -8.7622155e-01   1.2126187e+00  -8.5064760e-02   4.3012150e-02
   2.0000000e+00  -1.2266029e+00   4.9162457e-01   5.0591066e-01  -9.5386700e-02  -6.5352485e-01  -9.7858610e-01
   2.0000000e+00   2.0916074e+00   6.7504325e-01   1.0566223e+00   1.1225524e+00   2.2571539e-01  -3.0228272e-01
   2.0000000e+00   6.9893710e-01  -2.3565389e-01   3.4309504e-01   1.2269104e+00  -3.5580002e-01  -1.4555457e+00
   2.0000000e+00  -4.8615618e-01  -1.4828501e+00  -4.6710082e-01  -3.7313724e-01  -6.0869129e-01  -1.1771343e+00
   2.0000000e+00   3.2441236e-01   1.6352645e+00  -1.9987970e+00  -8.3027959e-01   1.3676367e+00  -9.1901647e-02
   2.0000000e+00   9.3749739e-01  -6.7608800e-02   2.3073353e+00   1.7613043e+00   9.7943897e-01   1.2275180e+00
   2.0000000e+00   1.0998825e+00  -9.0554892e-01  -5.7479111e-01  -7.6457717e-02  -3.1452208e-01  -7.2852225e-01
   2.0000000e+00   1.2378586e+00   2.0566466e+00   7.9189778e-01   3.1350006e-01   2.4385126e+00  -5.1373554e-01
   2.0000000e+00  -8.5383092e-01   1.0437022e+00  -4.5350670e-01  -9.2280313e-01  -6.8519105e-01   1.2320783e-01
   2.0000000e+00  -1.7148243e-01   3.8011832e-01   1.7239678e+00   1.0740131e+00  -3.3895959e-01   6.0195065e-01
   2.0000000e+00   4.7082337e-01   3.0234983e-02  -2.6278165e+00   1.7172256e+00   1.5272468e-01  -6.0632136e-02
   1.0000000e+00  -7.8377819e-02  -6.6564677e-01   9.4914913e-02   1.2547213e-01   8.9643093e-01   3.5007337e-01
   2.0000000e+00  -1.7737520e-01   1.1561182e+00  -7.8429904e-01  -1.2079889e+00   1.8639435e+00   9.0583436e-02
   2.0000000e+00   3.1169877e-01   1.2925177e+00  -8.1272362e-01  -1.1391369e+00   1.3517582e+00  -3.7925233e-01
   2.0000000e+00  -4.1803177e-03   1.4446219e+00  -2.2887420e-01  -6.0504425e-01   4.6417817e-01  -9.2917831e-01
   2.0000000e+00  -2.9627882e-01   2.8060586e-01   6.7524346e-01  -9.0082901e-01  -6.0737911e-01   1.2783968e+00
   2.0000000e+00   1.2288962e+00  -2.5002901e-01  -1.4739989e+00   1.7770956e+00   6.4726971e-01   1.0098868e+00
   1.0000000e+00   2.0014719e+00   6.6913480e-01   9.8716306e-01   8.3100888e-01  -6.8843473e-02  -2.8554429e-01
   2.0000000e+00  -1.4465409e-02  -3.7081431e-01   9.0147236e-01  -8.2622972e-02  -1.1327631e+00  -1.4043895e+00
   2.0000000e+00  -1.1469466e+00   1.4151874e-01   1.3753775e+00   1.0248371e+00   1.5040296e-01  -1.3325022e+00
   2.0000000e+00  -1.3156317e+00   1.1487707e+00  -4.0049011e-01   1.8173784e+00   4.4454511e-01  -6.0229802e-01
   1.0000000e+00  -7.2503765e-01  -2.7614104e-01  -9.0308051e-01   6.2490696e-01  -1.7231296e+00  -2.7073391e-01
   2.0000000e+00   1.4084526e+00   8.5845786e-01   1.7104074e+00   2.2967081e+00  -7.0782851e-01   4.3017753e-01
   2.0000000e+00  -5.0918737e-01   6.1266980e-01   3.8643095e-01  -3.3086570e-01  -1.0204476e-01  -1.7073907e-01
   1.0000000e+00   2.6625983e-01   1.4906678e+00   1.0799819e+00   6.1786612e-01   5.4753677e-01  -5.5707875e-01
   2.0000000e+00  -7.3386446e-02  -1.4125377e+00   5.5410786e-01   1.1065415e+00   3.4060926e-02  -8.7937249e-01
   2.0000000e+00   7.0378577e-02  -8.5462166e-01  -4.9847170e-01  -1.9487799e+00  -1.6490086e-01   3.3982287e-01
   2.0000000e+00  -6.2187612e-01  -1.8262578e+00  -5.3179341e-01   1.3747816e+00  -1.4691333e-02  -2.3564396e-01
   1.0000000e+00   2.2243117e-01  -6.6265257e-01  -1.1039564e-01   8.3534350e-01   1.4440441e+00   2.3055938e-01
   2.0000000e+00   3.7947083e-01   2.8328225e-01   5.3893562e-01  -6.4022252e-01   1.1475005e+00   8.2223772e-04
   2.0000000e+00  -1.3948855e-01   7.1403608e-01  -1.4839689e+00  -9.2207553e-01   3.9938549e-01   2.3167272e-02
   2.0000000e+00   3.4395695e-01   7.0206944e-01   1.1934729e-01   7.2277841e-01   2.6425835e-02   7.9483584e-01
   2.0000000e+00  -1.1258334e+00   6.5385326e-01   2.0615462e+00  -8.4651183e-01   6.1610151e-02   1.5016832e-01
   2.0000000e+00   2.1442751e+00   2.0338814e+00   2.5272973e-01   9.1923250e-01  -1.2080536e+00   1.2627502e+00
   2.0000000e+00  -1.1553921e-01   4.5044589e-01   1.1922565e+00   9.1203490e-01   1.3557423e-01   1.3511117e+00
   2.0000000e+00   1.6024860e+00  -9.0992438e-01   6.1493542e-01   2.5705067e-01  -4.1476979e-01  -1.7761608e+00
   2.0000000e+00   5.2837398e-01  -6.3125672e-02  -9.7425103e-03  -1.8654622e+00   4.0914818e-01   4.9578483e-01
   2.0000000e+00  -7.7518511e-01   1.4191764e-01   3.2392942e-01  -1.3911594e-01   5.5421751e-01  -4.8503623e-01
   2.0000000e+00  -2.6465399e-01  -6.9817401e-01  -1.2979914e-01   3.7657778e-01  -3.9824574e-01   9.7935762e-01
   2.0000000e+00   6.9375618e-01  -1.5878148e+00   8.9448748e-01  -6.4042415e-01   1.3192261e+00  -1.6759965e+00
   2.0000000e+00  -6.3207831e-02   4.1542756e-01  -1.3477297e+00  -9.6376518e-01   1.6077365e-01   4.4808831e-01
   2.0000000e+00  -4.1640078e-01   1.2936745e-01   1.8714191e+00  -3.1542036e-01  -5.6276066e-01  -1.7484059e+00
   2.0000000e+00  -3.7201699e-01   7.8985239e-02   4.0943133e-01   7.2242372e-01   2.5196171e-01  -1.2847334e+00
   2.0000000e+00   1.6976592e-02  -1.9566937e+00   1.9420242e-01   6.7204830e-01   2.7432911e-01   6.1057342e-01
   2.0000000e+00  -1.1854222e-01   2.4156634e-02  -8.8618089e-01  -9.1372230e-01   3.2399885e-02  -8.1134335e-01
   1.0000000e+00  -9.5198366e-01   1.1467186e-01  -1.6932860e+00   4.8629124e-01   2.6610943e-01  -7.2266317e-01
   2.0000000e+00  -8.2305412e-01  -1.3403913e+00   1.8414225e+00   3.9731160e-01  -8.3168588e-01   1.3026764e+00
   2.0000000e+00   9.5274613e-01   1.5189147e+00  -1.6202370e-01   1.5306101e+00  -8.7811073e-01   4.0730806e-02
   1.0000000e+00  -2.4263799e+00  -2.3550476e-01  -4.9388976e-01   5.4621166e-01   1.0919085e+00  -1.2209156e-01
   2.0000000e+00   1.0361021e+00  -4.0423891e-02  -9.1336016e-01  -9.9062839e-01  -2.2488637e-01   1.2118072e+00
   2.0000000e+00   2.7157054e-01   1.7944578e+00   2.1605589e+00  -3.1284856e-02   8.4470466e-01  -3.9843646e-03
   2.0000000e+00  -1.1129276e+00   3.6315028e-01   1.5307251e+00  -1.2895377e-01   6.8047163e-01   8.0327498e-01
   2.0000000e+00  -1.1457822e+00  -3.1421767e-01   1.4873189e-01   2.7327556e-01   9.7132468e-01   1.5296241e+00
   1.0000000e+00   2.5481601e-01  -5.3342453e-01   1.2926102e+00   9.0135206e-02   2.5029363e-01  -6.7160028e-02
   1.0000000e+00   4.5479034e-01   9.1528924e-01  -1.8159863e+00   8.8727133e-01   7.7748564e-01   3.4177003e-01
   2.0000000e+00  -1.1624529e+00  -2.0563299e+00   2.1785903e+00   1.5229846e+00   4.7937091e-01  -1.3247144e+00
   1.0000000e+00  -8.2527717e-01  -8.3959091e-02  -8.5467767e-01   7.8627399e-01   2.9078006e+00   1.8693321e-01
   1.0000000e+00  -5.7395455e-01   4.7211042e-01   1.9470394e+00   1.7403629e-01   8.2429148e-01   2.5164242e-01
   2.0000000e+00  -4.2056255e-01  -2.9082624e-01  -6.3350353e-01   1.5038033e+00   9.6869299e-01  -6.5146218e-04
   2.0000000e+00   1.7607319e+00   4.1178191e-02   5.9097187e-01   1.3162886e+00   9.7737981e-01   4.6388948e-01
   1.0000000e+00   6.5633108e-01   1.3021069e+00   9.8725383e-01   7.6048770e-01  -2.8263820e-01   2.3158637e-01
   2.0000000e+00   1.5262601e+00  -8.6730461e-01   6.2721812e-01   1.8882420e+00  -8.1182281e-01   4.4655238e-01
   2.0000000e+00   8.8642325e-01   1.5493662e-01   1.1750387e+00  -7.3380375e-01  -3.1320680e-01  -8.2234964e-01
   2.0000000e+00  -1.6514983e-01   8.1847297e-01   5.0164410e-01  -1.2513644e+00   9.2632974e-01   1.2253005e+00
   2.0000000e+00   1.0647782e+00   1.0338328e+00   1.0064455e+00  -3.8617589e-02   6.7591592e-02  -4.6102055e-01
   2.0000000e+00   1.1691004e+00   3.4987089e-01   1.1135663e-01  -1.6123163e-01   3.1123509e-01  -1.0491355e+00
   1.0000000e+00  -1.9696260e+00   7.3870881e-01  -1.4282020e-01   4.8608610e-01  -1.6367002e-01   7.8342136e-01
   1.0000000e+00  -1.5827709e+00  -6.9696170e-01  -9.3597312e-01   5.0769064e-01  -1.3847437e+00   4.5050195e-01
   2.0000000e+00  -4.7847387e-01  -2.2764126e-01  -4.4282758e-01   1.7210950e+00  -1.0746260e+00   7.4823068e-01
   2.0000000e+00  -2.3329779e-01   1.7955603e+00  -1.4097222e+00   5.3828263e-01  -2.3087808e+00   9.7021730e-01
   1.0000000e+00  -5.3842081e-01   8.4821069e-01   1.1680974e-02   8.6148707e-04  -3.0647681e-01  -3.2006412e-01
   2.0000000e+00  -7.5923182e-01   1.4244549e-01   4.3959479e-01  -1.6602544e+00  -5.6094043e-01  -3.5682543e-01
   2.0000000e+00  -1.5470667e-01   7.7789641e-01  -3.7652162e-01  -4.1207500e-01   3.0675911e-01   1.7238863e+00
   2.0000000e+00   7.8521943e-01  -8.8690970e-01  -1.3030830e-01   1.0307240e+00   3.0191011e-01  -4.1318785e-01
   2.0000000e+00   3.2454784e-01  -1.0567546e+00  -1.8179393e+00  -4.6525432e-01  -3.6169442e-01   6.4370687e-03
   2.0000000e+00   2.0572433e-01   5.4033574e-01   3.3474194e-01   4.8873462e-01   4.1932587e-01  -2.0477304e+00
   2.0000000e+00   3.1344377e-01  -1.2389315e+00  -1.0910872e+00  -6.1567183e-01  -3.7114659e-01   8.4977573e-03
   2.0000000e+00  -7.4427889e-01   3.1725611e-01   9.0456644e-02  -2.4571750e-02  -4.5456375e-01  -1.7372598e+00
   2.0000000e+00  -5.2764539e-01   6.0261203e-01   1.0687690e+00  -1.2366267e+00  -3.6237442e-01   4.1436772e-02
   2.0000000e+00  -3.7239768e-01   7.3891122e-01  -6.9440633e-01  -1.2194739e+00   3.3454528e-01   6.8843439e-01
   2.0000000e+00  -2.3303008e-01  -4.7476694e-01   1.5723070e-02  -9.1368106e-01   6.1721881e-01  -3.2861874e-01
   1.0000000e+00   3.1545736e-01   2.0804576e-01   1.6808901e+00   5.4752042e-01   4.1813485e-02   6.6080255e-01
   2.0000000e+00   1.3184817e+00  -5.2979977e-01  -6.4925305e-02  -6.7608399e-01  -3.1641997e-01   1.2181381e+00
   2.0000000e+00   1.9510303e-01  -5.1113201e-01   1.2859488e+00  -1.1377205e+00   7.9402262e-01  -2.4624005e-02
   2.0000000e+00   3.3607116e-01  -3.2590207e-01  -4.2950916e-01  -1.2103751e+00  -2.0110524e+00  -8.3048480e-01
   2.0000000e+00  -1.5425427e-01  -3.8803924e-01   1.2445750e+00   1.0366177e+00  -3.2099762e-01   2.4003818e-01
   2.0000000e+00  -1.1604635e+00   1.2145084e+00  -1.0366546e+00   2.1101184e+00   1.0256993e-01   1.6109461e-01
   2.0000000e+00   1.9636712e+00  -1.0544890e+00   8.9021132e-02  -1.1552103e+00   5.1534901e-01   2.3527510e+00
   2.0000000e+00  -6.0734571e-01   4.5328139e-01   1.2159165e+00  -1.7990366e+00  -1.1313355e+00  -1.3919818e+00
   2.0000000e+00   2.1859034e-01   2.9258225e-01   1.3342685e+00   2.6952141e-01   1.2902167e+00   2.5661528e+00
   2.0000000e+00  -5.3160667e-01   5.2885368e-01  -4.6363965e-01  -8.9529744e-01  -4.9439675e-01  -5.1260045e-02
   2.0000000e+00  -4.2826340e-02   9.8156609e-01  -8.2068178e-01  -4.8671431e-01   7.1076366e-02   4.7963814e-02
   2.0000000e+00   1.9726737e-01   1.0344901e+00  -5.8142493e-01   1.3992390e+00   4.9634868e-01  -7.3904351e-01
   2.0000000e+00   2.6005165e-01   5.6068372e-01  -1.5051534e-01  -1.7455904e+00   7.5798771e-01  -3.8428505e-01
   2.0000000e+00  -4.5592437e-01  -8.2383887e-01   6.1377674e-01  -1.0682309e+00   1.6824948e+00  -2.4093731e+00
   2.0000000e+00  -5.0255352e-01   8.0164276e-01   2.0487186e-01  -6.1614411e-01   7.6896355e-02   4.5256353e-01
   2.0000000e+00  -3.7729452e-01  -4.2374250e-02  -5.5723869e-01   1.1777378e+00   4.9369502e-01   4.7580354e-01
   2.0000000e+00  -3.4197119e-01   2.1452511e+00   3.5402515e-01   5.5982277e-01  -3.6866831e-01   1.9778444e-01
   2.0000000e+00   1.0265989e+00  -2.4146696e-03  -6.5843962e-01  -8.8531541e-02   1.3223249e+00  -6.7783523e-01
   2.0000000e+00  -3.1507233e-01  -1.8515627e-01  -8.4152886e-01  -3.7675093e-01  -1.2710732e-01   3.5670367e-01
   2.0000000e+00   1.6216904e+00   3.6378091e-01  -6.0421301e-01  -8.1692301e-01  -5.1138294e-01  -1.2436609e+00
   2.0000000e+00   1.3792128e-01   9.2808969e-01  -4.2390549e-01  -8.7573066e-01   7.0186452e-01  -1.1234315e-02
   1.0000000e+00   2.8039575e+00  -2.6428156e-01   2.0200862e-01   4.7552872e-01  -1.6219307e+00  -6.4473323e-01
   2.0000000e+00   1.0276699e+00  -6.8764948e-01   5.9073976e-01  -9.5651273e-01  -1.7920449e+00   1.2992142e+00
   2.0000000e+00  -4.2456107e-01  -1.1781150e+00  -1.3661613e+00  -5.9231098e-01  -7.9899956e-02  -1.7561372e-01
   2.0000000e+00   1.7953780e-01   6.1209053e-01  -1.0263399e+00   2.0955664e+00  -9.1351367e-01   2.2092977e-01
   2.0000000e+00  -5.3169273e-01  -2.2127727e-01  -6.9312865e-01  -1.2979740e-01  -1.2129673e+00  -2.2564407e-01
   2.0000000e+00   2.2673290e+00   2.5396830e+00   1.4113211e-01  -1.2375779e+00  -7.4840492e-02  -1.5144794e+00
   2.0000000e+00   1.5937257e+00  -1.0638129e+00   7.7166057e-01  -2.0256899e+00   5.1873601e-01  -9.0735332e-01
   2.0000000e+00  -6.0857415e-01   3.6069658e-01   1.0950539e+00   1.8287936e+00   2.7962329e-01  -1.3842218e+00
   2.0000000e+00  -7.4325217e-01   1.2457718e+00   1.9085068e+00   2.5269380e+00   1.5889515e+00  -1.4612008e-01
   2.0000000e+00  -4.8525973e-01  -4.0804876e-01  -2.1419830e+00   7.1199049e-01  -9.3657774e-01  -9.6182524e-01
   2.0000000e+00   2.6932935e-02   1.3081052e+00   4.7441786e-01   1.7314669e+00  -8.3790610e-01   8.5233459e-01
   2.0000000e+00   6.6555140e-01   7.0715403e-02  -1.9650370e+00  -8.8212720e-01   9.9225096e-01  -7.3576201e-01
   1.0000000e+00   1.1590998e+00   1.2384687e+00  -1.9963972e+00   5.8064171e-01  -4.6490097e-01   1.9647240e-01
   2.0000000e+00  -1.8543945e+00   2.2291382e+00  -1.3480281e+00   2.0092933e-01   7.2758482e-01   3.8959362e-01
   2.0000000e+00  -7.0002464e-01  -1.5303462e+00  -1.3799205e+00  -3.3350883e-01   4.9764402e-01  -7.0671934e-01
   2.0000000e+00  -6.0395521e-01  -5.3827824e-01   2.2936187e-03   1.4769202e+00   1.3626193e-01  -8.1688794e-01
   2.0000000e+00   1.2666308e+00  -3.6176755e-01   6.7168430e-01  -1.4390978e+00  -4.5972175e-01  -1.2652483e+00
   2.0000000e+00   1.0419216e+00  -1.3211358e+00   6.7768319e-01  -5.9414139e-01  -1.1481931e+00   1.1487368e+00
   2.0000000e+00  -2.4878848e-01   1.2603294e+00  -7.8620626e-01  -1.2819427e+00  -5.1332719e-01   9.1297018e-01
   2.0000000e+00   1.1031204e-01  -2.5325720e-01   6.0653524e-01  -1.1212712e-01  -9.4444802e-01   1.1618173e+00
   2.0000000e+00  -2.6173371e-01   1.5847079e+00  -1.1103894e+00  -4.9810930e-01  -1.4314009e+00  -1.1532236e-01
   2.0000000e+00  -3.8536842e-01  -1.2849122e-01   5.4893012e-01   1.6260157e+00   2.4202573e-01   1.0156705e+00
   2.0000000e+00  -6.5922559e-01  -1.6179489e+00  -1.6328003e+00  -9.0661624e-01  -2.2498088e-01   5.5307354e-01
   2.0000000e+00  -1.2518274e+00  -2.5782198e-01  -1.2189084e-01  -1.1762773e+00   6.1691125e-02   1.7921195e+00
   2.0000000e+00   1.7414108e+00   6.0735492e-01   1.6727938e+00  -7.0382471e-01  -3.6347935e-01   8.0318779e-01
   2.0000000e+00   9.8403975e-02   1.4629079e+00  -1.2927019e+00   7.8364711e-01   2.5693350e-01  -1.0958584e+00
   2.0000000e+00   7.5555390e-01   7.8914052e-01   8.9636161e-01   2.8584448e-01  -6.6255186e-02   1.1964641e+00
   1.0000000e+00  -2.5518093e-01  -1.6581445e-01   4.7978707e-01   6.9678385e-01  -3.0497090e-02  -4.9374183e-01
   2.0000000e+00  -8.8452704e-01  -3.9689790e-01  -3.6407028e-01  -1.4920059e+00   5.0013558e-02  -2.1705126e-01
   2.0000000e+00  -2.4236924e-01  -1.5571344e-01  -5.5236750e-01   8.4431740e-01  -4.4207426e-01  -1.5288771e+00
   2.0000000e+00  -3.2040464e-01   2.1707755e+00   4.6382901e-01   1.2103124e+00   6.3858321e-01  -1.7115988e+00
   2.0000000e+00   6.3786979e-01   4.9573259e-02   9.2278508e-01  -5.1850246e-01  -1.2292586e+00   2.1308552e-01
   2.0000000e+00  -2.5545443e+00   6.7883571e-01   3.2340418e-01  -2.0763901e-01  -9.8587933e-01  -1.6682205e+00
   2.0000000e+00  -7.6385633e-01   1.1588928e-01  -9.4506258e-01   1.0956156e+00   2.5824320e-01  -2.0496235e+00
   2.0000000e+00  -3.7576143e-01   1.0131584e+00  -1.4410408e+00  -8.0071039e-01  -1.8633996e-02  -7.6929724e-01
   2.0000000e+00  -7.9536186e-01   1.4294305e+00  -2.2262427e-01  -1.4239520e+00   7.0438688e-01  -5.2845356e-01
   1.0000000e+00  -9.8809729e-01   1.7355997e+00  -5.5741323e-01   1.9092349e-01   1.4539537e+00   3.2291766e-01
   1.0000000e+00   2.0360910e-01  -1.0598986e+00  -2.1854877e-01   8.4590790e-01   1.1223864e+00   1.4632441e-01
   2.0000000e+00   2.0710670e-01   1.2470739e+00  -1.2596051e-01  -2.1989374e+00   5.4676252e-01   1.4124787e+00
   1.0000000e+00   9.3927406e-01  -1.0480567e+00   3.3023015e-02   3.7254473e-01  -8.3115919e-01  -1.6889477e-01
   2.0000000e+00   1.4115057e-01   1.2382142e+00  -1.0331848e+00   1.0934335e+00   3.0658683e-01   8.8728920e-01
   2.0000000e+00  -1.5863052e+00  -7.0527523e-02   4.1625825e-01   2.5577597e+00   3.8853267e-01   3.7626153e-01
   2.0000000e+00   1.9900780e+00   7.6710594e-01  -1.3966757e+00  -6.3518694e-01   7.7016503e-01  -8.3223250e-01
   2.0000000e+00  -6.5138821e-01   8.0235801e-01   2.5283843e+00   1.3385457e+00   3.2270856e-02  -1.5265499e+00
   1.0000000e+00  -4.9656654e-01   1.9011115e-01  -1.9880151e-01   9.1518299e-01   1.8157230e-01  -2.6590649e-01
   2.0000000e+00  -2.6448879e-01   8.9037982e-01  -1.0762615e+00  -1.0874325e+00  -6.1993268e-01   4.2512226e-01
   2.0000000e+00  -8.5101585e-01  -6.3672784e-01   7.9672800e-01  -7.0917946e-01  -9.0080435e-01   1.9506363e-01
   1.0000000e+00  -2.1333252e+00   1.6290212e+00   1.3286865e+00   1.2681323e-01   1.1227134e+00   6.8094821e-01
   1.0000000e+00  -1.2533232e+00   1.3660682e+00  -5.7324578e-01   4.9540494e-01  -1.0893224e+00  -3.9195071e-01
   2.0000000e+00  -1.0709535e+00   1.5615203e+00  -7.4543867e-01  -4.0818843e-01   8.9498511e-01   6.0016376e-01
   2.0000000e+00  -3.3670982e-01  -2.1341055e+00  -3.9039287e-01   1.8181675e+00  -1.8909252e-01  -6.5320989e-03
   2.0000000e+00   2.4548585e-01   1.2126717e+00   2.0769643e-01  -9.6687956e-01  -2.8999545e-01  -4.4823689e-01
   2.0000000e+00   4.2062960e-01   2.0609270e+00   5.4750745e-01  -2.1115689e+00  -6.6547480e-01  -9.1510169e-01
   1.0000000e+00  -5.1521753e-02   1.1466463e+00  -1.8790508e-01   1.5019036e-01   1.3372978e+00   6.2232950e-01
   2.0000000e+00  -8.3278067e-01  -2.6341043e-01  -7.0600141e-02  -9.9725035e-01   1.2482755e+00  -1.8891192e+00
   1.0000000e+00   9.8371036e-01  -8.0078340e-01  -3.2918275e-01   2.2492029e-01   8.3993268e-01   4.8766592e-01
   2.0000000e+00  -1.4591633e+00   1.1653645e+00  -2.5642763e-02  -3.5620540e-01   1.3431844e+00  -1.3459053e+00
   2.0000000e+00  -1.5436987e+00   2.4997403e-01   1.2342990e+00  -1.1546392e+00  -4.5371108e-02   1.4872379e+00
   2.0000000e+00   1.2783300e+00  -8.2082630e-01   6.0591463e-01  -1.2452327e+00   1.6460262e+00  -3.5921919e-01
   2.0000000e+00   7.6557579e-01  -3.5512603e-01   1.0413855e+00  -2.6173876e+00   1.2371412e+00  -8.8294070e-01
   2.0000000e+00  -9.1806055e-02  -1.0308993e+00   9.4940704e-02  -2.8047816e-01  -5.3011590e-01  -1.2544840e+00
   2.0000000e+00   1.5465999e+00   5.0376752e-01  -5.7510289e-01   1.0427730e+00   1.0039815e+00   1.1226344e+00
   2.0000000e+00   3.4751907e-01  -7.4506024e-01  -6.4049985e-01  -7.0992125e-01  -6.6105133e-01   8.7387559e-01
   2.0000000e+00  -3.9299068e-01   4.0859687e-01   4.0750229e-01   2.1024841e+00   3.3041766e-01  -1.0548115e+00
   2.0000000e+00   6.1033320e-01   2.8640522e-02  -2.8267997e-01   8.1934372e-01   3.8142393e-01  -2.2679674e+00
   1.0000000e+00  -2.9594390e-01   1.0017487e-01  -1.0910831e+00   1.1218003e-01  -1.8650128e+00   3.4467884e-01
   2.0000000e+00   4.9001904e-01   8.5176665e-01  -1.0118030e+00  -5.6145618e-01   5.5425253e-01  -2.7767954e-01
   2.0000000e+00  -1.5199562e+00  -2.9862767e-02  -1.1779777e+00   1.9625464e+00  -9.0787962e-01   3.5733868e-01
   2.0000000e+00   1.7126892e+00   2.8698273e-01   5.7159776e-02   1.6383740e+00  -1.4573990e+00   8.8086979e-01
   2.0000000e+00   5.1424189e-01  -1.1491197e+00  -1.5720452e+00   1.2730751e+00  -5.5138272e-01   1.0015968e-02
   2.0000000e+00  -4.7289366e-01   3.8965223e+00  -9.6935312e-01   3.1989292e-01  -1.0986371e+00   6.0192320e-01
   1.0000000e+00   2.0448679e+00   1.2244503e+00  -9.4699864e-01   4.5611492e-01   1.6700375e+00   5.2278102e-01
   2.0000000e+00  -3.1384157e-01  -3.1093625e-01  -2.4052492e-01  -7.2013244e-01   1.6384617e-01  -7.7881148e-01
   2.0000000e+00  -4.5449657e-01  -1.2319922e+00  -8.0689897e-01   5.0261797e-01   4.1354808e-01   1.3100620e+00
   2.0000000e+00  -2.1568119e-01   2.7988504e-01  -4.6204099e-01   3.4804698e-01   9.3167860e-01  -9.8975777e-01
   2.0000000e+00  -5.7784776e-01  -1.7460296e+00   1.9558865e+00  -1.3455966e+00  -8.7744730e-01   7.0697323e-01
   1.0000000e+00  -4.0296583e-01   1.8083952e-01   8.6912388e-01   1.7905478e-01  -9.9190971e-01   6.0057181e-01
   2.0000000e+00   9.6746422e-01   1.8917376e+00   1.5127776e+00  -8.7245201e-02   3.9124538e-01   2.9722725e-01
   2.0000000e+00  -1.2000286e+00   1.6486126e+00  -6.1733287e-01  -1.1013944e+00  -1.6400690e+00  -1.1397318e-01
   2.0000000e+00  -2.4292472e-01   3.9041981e-01   1.4920536e-01  -2.0291283e-01  -2.2232459e-01   3.2539923e-01
   2.0000000e+00   1.1598502e+00   1.0171597e+00   1.8031256e+00  -1.7199770e-01   1.0825261e+00   1.6282743e+00
   1.0000000e+00   1.5530695e-01  -1.0639665e+00  -1.0844708e+00   2.7744450e-01   1.0977068e+00   3.8098574e-01
   1.0000000e+00   1.0910222e+00   1.1200775e+00   3.4274640e-01   3.3493541e-02  -9.9714213e-02   8.9191959e-01
   2.0000000e+00   2.0423585e-02  -3.1980903e-01   2.8268410e-01   1.1018080e+00   4.7072993e-01   2.3481146e-01
   2.0000000e+00  -1.7781920e+00   1.2918574e+00   1.7027158e+00   8.1682051e-01   6.4816833e-02   2.5287531e+00
   2.0000000e+00  -3.2246751e-01  -2.2179457e-01   1.3923612e+00  -1.2848605e-01   8.5438857e-01  -3.2882107e-01
   2.0000000e+00  -1.0463159e+00   1.3531451e+00   1.6243680e-01   1.3980285e+00   1.0495179e+00   1.3923006e+00
   2.0000000e+00   6.8890505e-02  -9.9554295e-01   7.0663126e-01   6.9242336e-01  -6.8949171e-01   1.5914079e+00
   2.0000000e+00  -4.3249085e-01   8.2461800e-01  -1.1201840e+00  -8.1039266e-01  -1.1288603e+00   5.7040480e-01
   2.0000000e+00   3.8900239e-01   1.3259829e+00   1.5075728e+00  -2.5652514e+00  -4.6696322e-01   1.4560157e+00
   2.0000000e+00  -2.4010679e-02   5.3756236e-01   9.1823231e-01   1.8813968e+00  -1.9413288e+00  -6.0182823e-01
   1.0000000e+00  -2.1234229e-01   9.6088303e-02  -1.0271862e+00   7.3273571e-01   8.9226299e-01   6.6682390e-01
   2.0000000e+00   7.9420878e-01   2.7631229e-01  -2.7210621e-01   2.4830169e-01   6.5142262e-01  -1.3874029e+00
   1.0000000e+00   1.9085567e-01   6.1504668e-02  -1.0043115e+00   7.3211069e-01   2.0531102e-01   6.8085304e-01
   2.0000000e+00   1.1697784e-01   1.4516077e+00  -1.3762746e-01  -1.1747927e-01  -1.8017009e+00   3.7685368e-01
   2.0000000e+00  -2.3051264e-01   1.0143707e+00   2.8208388e-01  -1.3060954e+00  -7.9373961e-01   1.0512861e+00
   2.0000000e+00   8.5326298e-01   1.5921478e-01   2.3678330e+00   1.0037058e+00  -1.3953319e-01  -1.0422859e+00
   2.0000000e+00  -3.1627323e-01   1.1808476e-01   1.9457037e+00  -3.9289726e-01   1.3541423e+00  -7.5362006e-01
   2.0000000e+00  -9.3199830e-01  -9.9970689e-01  -4.9594535e-01   1.9142171e+00  -9.2821175e-01  -8.5730878e-01
   1.0000000e+00  -1.6549250e+00   7.1303527e-01   1.5701633e-01   5.0027410e-01  -2.3556241e-01  -7.5291975e-01
   2.0000000e+00  -9.1558382e-01   7.5769620e-02   1.1656126e+00  -1.9508165e+00   2.6170734e-01   3.8268740e-01
   2.0000000e+00   5.2640354e-01   5.8491077e-01  -1.4506509e+00  -7.5020549e-01   2.7174696e+00  -1.0847847e-01
   1.0000000e+00   7.4489473e-01   1.2850093e+00  -1.6412417e-01   3.5888404e-01  -1.2816609e+00  -2.8870177e-01
   2.0000000e+00  -2.7075737e-02  -7.5774577e-01   3.0786834e-02   8.8760333e-01  -2.1939807e-01   1.3321976e+00
   2.0000000e+00   3.3789361e-02  -2.4944431e+00   2.9847219e-01   5.3745737e-01   1.6372014e+00  -2.7664105e-02
   2.0000000e+00   1.9398624e-01  -1.8829417e-01  -2.9035138e-01  -3.0271474e-01  -2.0760371e-01   1.0488933e+00
   2.0000000e+00  -1.3641354e-01   6.8984974e-01   8.0965277e-01  -6.5545547e-01  -7.4697932e-02  -1.7316536e+00
   2.0000000e+00  -1.5728205e+00   5.2844916e-01  -1.0283110e-02  -1.0985793e+00  -9.5306254e-01   1.1469355e+00
   2.0000000e+00   2.1737316e-02   4.0782613e-01   7.4930078e-02  -2.8059252e+00   3.1587252e-02  -2.1881076e+00
   2.0000000e+00   2.8961732e-01   1.8534371e-01  -1.0130096e+00   1.2577758e+00  -2.9977979e-01   1.0886717e+00
   2.0000000e+00  -2.3351559e+00   2.0430388e-01   1.6922638e-01  -3.6858774e-01   1.7756427e+00  -1.8485257e-02
   2.0000000e+00  -5.8094620e-02  -5.2179197e-01   6.5602254e-01   5.0943693e-01   1.0605993e+00  -1.0310881e+00
   2.0000000e+00  -3.9761756e-01  -1.1831961e+00  -1.0943645e+00  -3.8910420e-02   1.1277992e-01  -1.0239143e+00
   2.0000000e+00   8.8112198e-02  -5.5659414e-01   1.3331625e+00  -3.4840605e-01   8.8075214e-01   5.5287018e-01
   2.0000000e+00  -6.0992436e-01  -1.0060569e+00  -9.0702930e-01   2.5235435e+00  -3.7350626e-01  -2.1658727e-01
   2.0000000e+00  -1.7643504e+00   1.0683637e+00   3.5158471e-01  -1.0816417e+00   1.6650865e+00  -5.1263366e-01
   2.0000000e+00   1.0353692e+00   1.1606626e+00   1.2871569e+00  -2.7907638e-01  -2.0049083e+00   3.9082559e-01
   2.0000000e+00   1.2193103e+00  -4.9500046e-01   2.9691013e-01  -6.7556933e-01  -1.6187529e+00  -4.8301352e-01
   2.0000000e+00  -7.4347792e-01  -6.8712755e-03  -8.0495715e-02  -3.6883315e-01  -5.7346856e-01   1.0507936e+00
   2.0000000e+00   2.3890126e-01  -1.0082576e+00   1.0017531e-02   4.6363825e-01  -6.9846105e-01   1.2870393e+00
   2.0000000e+00   1.5866443e-01  -6.8920047e-01  -2.2181900e-01   1.1521925e+00   4.1086905e-01   7.4138155e-01
   2.0000000e+00   1.8645521e+00  -6.6663821e-01  -2.7493786e-01  -7.6806912e-01   4.8494659e-01  -9.6662587e-01
   1.0000000e+00   1.7746975e-01  -7.2124151e-01   5.5263203e-01   1.7272373e-01  -7.5921755e-01   3.2541795e-01
   2.0000000e+00   4.7189590e-01  -3.3249002e-01  -1.0937321e+00   1.1367314e+00   1.4907769e+00  -8.2606364e-01
   2.0000000e+00  -5.4082094e-01   1.2377056e+00   3.3306870e-01  -1.1671321e+00  -1.8964399e+00  -7.7206550e-01
   2.0000000e+00   1.0112952e+00  -1.7024911e+00   7.2536902e-01  -7.6482186e-01   9.3066976e-01   9.6705114e-01
   2.0000000e+00  -3.5236432e-01   3.1988753e-01   4.8391782e-01  -3.7629551e-01   2.5577083e-01   3.1604606e-01
   2.0000000e+00  -4.8123704e-01  -6.0023569e-01  -5.4214970e-01  -2.7994814e-01  -1.2187682e+00   4.2367356e-01
   1.0000000e+00   8.6405674e-01   3.6041964e-01   1.3419810e+00   1.3838059e-01   1.0082706e-01  -2.0606334e-01
   2.0000000e+00   8.4268507e-01  -1.2674836e+00  -6.0482173e-02  -8.3517608e-01  -9.1585506e-01   1.9972927e+00
   1.0000000e+00  -7.6664378e-01   2.8006375e-02  -2.2076730e+00   5.0624335e-01   7.7669073e-01  -1.8397408e-01
   2.0000000e+00  -1.7936273e+00  -2.7675286e-01  -7.9195273e-02  -6.9539178e-01  -9.1533217e-01  -4.3827134e-02
   2.0000000e+00  -2.2854308e-01   1.1512072e+00   6.8939695e-01  -1.2747724e+00   5.3221252e-01  -8.6417250e-01
   2.0000000e+00   4.8252689e-02   1.0499606e+00   1.7681282e-01   1.8124522e+00   1.1368546e+00  -1.0146386e+00
   2.0000000e+00  -3.3780955e+00  -9.1786395e-01   6.8941791e-01  -2.4132540e-01  -9.0024386e-01  -5.9332220e-01
   2.0000000e+00  -1.1101005e+00   3.6340705e-02  -3.4683105e-01  -8.5539991e-02  -1.1327921e+00   6.6378007e-01
   1.0000000e+00  -9.3685648e-02  -8.8109159e-01  -2.1629492e-01   5.2301543e-01   2.9686616e-01  -4.0481015e-03
   2.0000000e+00   5.7839704e-01   4.8714956e-01   1.4571090e+00  -3.3611943e-01  -2.1588119e+00  -8.6195743e-01
   2.0000000e+00  -3.0051932e-01  -1.7588261e-01   1.3782900e+00  -9.6327419e-01  -3.3578419e-02   1.9882591e+00
   2.0000000e+00   2.2040037e+00  -3.8852154e-01  -1.2384256e+00  -1.0232194e+00   8.9912904e-01  -1.3290721e+00
   2.0000000e+00  -5.8042598e-01   1.8861960e-01  -1.3634414e+00   1.0554863e+00  -6.0167898e-01  -1.0948540e+00
   2.0000000e+00   1.4995745e+00  -7.1887108e-01  -2.2834059e+00  -1.2247083e+00   3.2565509e-01   1.0239814e+00
   2.0000000e+00  -1.5997968e-01  -1.1012926e+00   8.8848266e-01   8.6902066e-01  -2.4460568e-01  -1.6401825e+00
   2.0000000e+00  -8.3666723e-01   1.8417218e-01  -2.9818148e-01   5.5230315e-01   5.3975035e-01   9.7520667e-01
   2.0000000e+00   1.4853565e-01   6.5659178e-01  -1.0745832e+00  -1.3334846e+00   1.4482545e+00   1.6455246e+00
   2.0000000e+00   1.7285797e+00   1.0515394e+00  -8.7422139e-01  -1.1993484e+00   1.5541707e+00   1.5302292e-01
   2.0000000e+00  -6.8001226e-01   9.1616282e-01   3.1614134e-01   3.3786319e-01  -1.1268345e+00  -1.3201907e+00
   1.0000000e+00   2.9988449e-01  -1.4191603e+00   6.0247960e-01   5.0966030e-01  -1.6932161e+00  -5.0603356e-02
   2.0000000e+00   1.0701818e+00   2.9096504e-01   2.6715054e-01   1.0678324e+00   5.4054738e-01  -8.1109047e-01
   2.0000000e+00   8.9077861e-01  -5.5212117e-01  -8.0449203e-01   7.1503300e-01   4.1052634e-01  -8.8925412e-01
   2.0000000e+00   1.9188148e-01  -1.5396905e-02   3.9016798e-01  -4.7573284e-01  -9.9513955e-01   1.4261990e+00
   2.0000000e+00  -1.5036179e+00  -2.2501119e-01  -1.0409665e+00   5.3467839e-01   6.0243638e-01  -1.0209583e+00
   2.0000000e+00   4.3523616e-02  -2.9143130e-01  -4.9512421e-01  -2.2307464e-02   2.8981302e-01   7.4511888e-01
   1.0000000e+00  -4.7104922e-01   4.3705627e-01   1.8764332e+00   6.6188993e-01  -1.1303430e+00   4.8779435e-01
   1.0000000e+00   8.0499908e-01   1.6520565e+00   5.3435872e-02   1.4200460e-01   2.1085449e+00  -5.4394854e-02
   2.0000000e+00   7.9263917e-01  -8.7655514e-01  -6.4507089e-01   1.5770971e+00   2.7160709e-01   5.9730390e-01
   2.0000000e+00   1.5252477e-01   1.3606970e+00  -6.9031597e-01   1.0400363e+00   8.9594731e-01   8.7969355e-02
   2.0000000e+00  -1.4264320e+00  -1.1430881e+00  -1.8364035e+00  -1.1657740e+00   1.1396798e-01  -9.5730246e-02
   2.0000000e+00  -4.3023622e-01   8.6134017e-02   1.0991482e+00   1.3763793e+00   2.3252079e-01  -8.0542418e-01
   2.0000000e+00  -1.4921019e+00  -2.2159919e-02   2.7108281e-01  -6.8577548e-01   3.2072403e-01   4.2866636e-01
   2.0000000e+00  -1.0935840e+00  -4.4028588e-01  -1.0463485e+00  -1.2496639e+00  -7.7099721e-01   8.0960938e-01
   2.0000000e+00   1.6121989e+00   2.7445140e-01   5.0935480e-01  -6.9292616e-01   5.9516814e-01  -1.7693618e-02
   2.0000000e+00  -8.2863885e-01  -2.7858235e-01  -1.8926740e-01   9.6382279e-01  -5.2394655e-01   1.9650877e+00
   2.0000000e+00  -1.8039856e-01  -1.1854958e+00  -7.3068221e-01   6.5811600e-01  -4.9348293e-01  -1.6351585e+00
   2.0000000e+00   6.2125820e-01   1.4332384e+00  -3.0588229e+00  -2.0954725e-01   2.5908110e-01  -6.1251527e-01
   2.0000000e+00   2.4558053e-01  -8.6621560e-01   1.0042402e+00   1.9394902e+00   3.6084007e-02  -6.8707781e-01
   2.0000000e+00  -1.4415030e+00  -2.2452161e-01  -4.1375343e-01  -1.2770502e+00   6.6325917e-01  -4.0660654e-02
   2.0000000e+00   1.0595120e+00   8.1676343e-01  -1.6534947e+00  -2.0293632e+00  -3.4372042e-01   5.0849083e-01
   2.0000000e+00  -1.9604270e+00  -5.7317498e-01  -4.3564000e-01  -4.0342019e-01  -8.3501741e-01  -2.4428563e+00
   2.0000000e+00   5.1322102e-01  -4.6859108e-01   3.1585525e-01  -9.0715538e-01   1.9180213e-01   2.4629050e-01
   2.0000000e+00   5.3540577e-01   4.1570774e-01   1.6138306e+00  -9.3843027e-01   6.9409211e-01   2.9940999e-01
   2.0000000e+00  -2.4846414e-01  -1.8087125e-01  -1.6478142e+00  -1.0962165e-01   3.6120733e-02   2.9588054e-01
   1.0000000e+00  -1.8235336e+00  -4.0233094e-01  -1.5385488e+00   2.1753003e-01   1.7408877e+00  -4.5283605e-01
   2.0000000e+00   8.0913469e-01  -1.2360199e+00   3.5097932e-02  -1.2107620e+00  -3.8398103e-02  -1.5642531e+00
   2.0000000e+00  -1.9350293e-02  -2.2042384e-01  -1.2771465e+00   1.3634698e+00  -7.2875080e-01  -1.4606963e-02
   1.0000000e+00  -1.1183946e-01  -3.2993424e-01  -2.8456721e-01   3.0106693e-01   6.6867264e-01  -5.8354770e-01
   2.0000000e+00   1.6373808e+00   4.7717539e-01   9.9996250e-01  -6.2106875e-01   5.9547406e-01  -2.8176695e-01
   2.0000000e+00   5.3747244e-01  -1.1951755e+00   1.7779406e+00  -1.6668623e-01   9.8393980e-01   7.6043209e-01
   2.0000000e+00   2.6002256e-01  -1.9441158e-01   3.5887857e-01  -4.3119852e-01  -5.0346707e-01   1.0293004e+00
   2.0000000e+00  -1.1267554e+00   1.2283110e+00   6.1523365e-01   4.8323004e-01  -1.3050656e+00   1.1495437e+00
   2.0000000e+00  -2.7766327e-01   1.1656132e+00   4.5916800e-01  -9.4079517e-01  -1.0526414e+00   1.9423281e+00
   2.0000000e+00   1.9358771e-02  -3.3934509e-01   9.9673728e-01  -2.3889183e+00  -1.4498539e-01   2.5650594e-01
   2.0000000e+00  -5.8854382e-01  -9.2705364e-01  -8.7383997e-01  -4.4895188e-01   6.3832187e-01   2.6809434e-01
   2.0000000e+00  -9.4638604e-01   2.4026890e-01  -1.6671565e+00  -5.4333078e-01  -2.8053406e-02   2.9875597e-01
   2.0000000e+00   9.2732944e-01  -1.0657963e+00   7.1094105e-01  -1.0354206e+00   1.5523247e+00   5.9197471e-01
   2.0000000e+00  -4.6524892e-01  -7.2084162e-01   1.3167681e+00  -1.4917152e+00   4.2028900e-02   1.3800127e-01
   2.0000000e+00  -2.8709721e-02   6.5093329e-01  -2.2548228e-01   1.2469035e+00   1.8874129e+00  -4.2680439e-01
   2.0000000e+00  -9.6373137e-01  -1.4917642e+00  -6.4945133e-01  -1.0434434e+00  -1.0642288e+00   1.2877486e-01
   2.0000000e+00  -1.2742184e+00  -8.1722190e-01   1.0930975e+00  -6.5387202e-01  -1.5240877e+00  -1.3613904e+00
   2.0000000e+00  -1.5957378e+00  -6.3447233e-01  -7.1467262e-01   1.1435469e+00  -6.9828697e-01   1.4432332e+00
   2.0000000e+00   2.3725721e-01   8.3791501e-01  -3.4329145e-01  -2.1031262e+00   6.4290703e-01  -8.7320295e-01
   2.0000000e+00   3.6905449e-01  -1.1528382e+00   1.4519872e+00  -1.1073921e-01   7.3102328e-01  -9.4389136e-01
   2.0000000e+00  -1.2435044e-01  -2.7784578e-01   6.2849056e-01  -9.3249371e-01   1.0705338e+00   1.4235015e+00
   2.0000000e+00   1.0546251e+00   8.8319666e-01   3.9376522e-01  -8.2472499e-01  -2.0284822e+00   1.8785325e-01
   1.0000000e+00  -8.8149525e-01   6.2958742e-01  -6.8204738e-01   4.9017231e-01  -5.1276702e-01   7.5760763e-01
   1.0000000e+00   1.1847638e+00  -1.1796745e+00   1.6778255e+00   3.1964805e-01  -6.8990880e-01  -1.9258317e-01
   1.0000000e+00  -1.5952870e+00  -3.1932059e-01   2.2275108e-02   3.1009456e-01   1.7021866e+00  -8.8598860e-01
   2.0000000e+00  -7.0938991e-01   1.9443835e-01   2.0527012e+00   3.7920161e-01  -6.2086209e-01  -1.6119808e+00
   2.0000000e+00  -1.4921743e+00   1.1835994e+00   5.3204139e-01   8.8273531e-01  -2.6992921e-01   1.4398811e+00
   2.0000000e+00  -8.8019218e-01   1.0869847e+00   1.4365016e+00  -2.5411469e-01  -1.8179619e-01   3.2849132e-01
   1.0000000e+00   6.8375161e-01   8.6106729e-01   1.2792206e+00   2.3878059e-01  -9.6023685e-01   4.5417690e-02
   1.0000000e+00  -1.2213639e+00  -1.6004132e+00  -5.6380533e-02   4.8088108e-01   6.7877066e-01  -4.1814087e-01
   2.0000000e+00   3.3109197e+00  -1.3507370e-02  -8.6224185e-01  -1.1898714e+00  -3.0636935e-01   1.8369798e-01
   2.0000000e+00   1.5446432e+00  -2.2820267e-01   1.4023178e-01  -1.0398963e+00   9.5766379e-01  -3.6243675e-01
   2.0000000e+00   1.0067904e+00   4.3944686e-01   2.5790112e-01  -1.0305511e+00  -1.7986987e+00  -6.8274664e-02
   1.0000000e+00   7.7453952e-01  -6.9830455e-01   1.2877959e+00   8.5187247e-01   9.3715641e-01  -2.0423559e-01
   2.0000000e+00  -1.4960222e+00   6.4515352e-01  -6.5574944e-01  -1.3563131e+00   7.3276474e-02   5.7425671e-03
   2.0000000e+00  -6.0830262e-01   1.7760141e+00  -1.1950369e+00   1.3264637e+00  -1.3696426e+00   4.5275353e-01
   2.0000000e+00  -5.1253339e-01   1.8217434e+00  -1.2242079e-01  -6.3807059e-01  -8.6866281e-01   8.2258044e-03
   2.0000000e+00  -4.2770716e-01   1.8817711e-01   6.6825017e-01  -1.3625824e+00   5.0726675e-01   1.1912377e+00
   2.0000000e+00  -8.8067067e-01  -6.9627719e-01  -5.1811072e-01  -1.3277100e+00   1.0463023e+00   3.9434370e-01
   2.0000000e+00  -1.6709743e-01   1.2047368e+00   6.6394220e-01  -5.4254518e-01   8.6041190e-01   1.4293992e-01
   2.0000000e+00  -8.9383990e-01   9.9759454e-01   1.7253814e-02  -2.8238305e+00  -4.9645670e-01   1.2019947e+00
   2.0000000e+00   1.6540565e+00   8.7505042e-02  -5.5811272e-01   8.2013723e-01   6.5395430e-01  -1.2165096e+00
   2.0000000e+00  -7.1909251e-01  -8.3297629e-02  -1.2924285e+00   9.8162771e-01   2.3779317e-01   2.7556424e-01
   2.0000000e+00  -3.8917498e-01   1.7438745e+00   4.2769379e-01  -1.6783954e+00  -1.3244447e+00  -1.7447704e+00
   2.0000000e+00  -8.9034515e-03   8.8091859e-01   1.3861038e+00  -9.5869514e-01  -5.9033296e-01  -5.5774966e-01
   1.0000000e+00   8.1173018e-01  -2.2164541e-01   9.8434876e-01   1.8965912e-01   1.0439435e+00  -4.1071833e-01
   2.0000000e+00  -2.3875503e-01   4.1892770e-01   1.3601665e+00   1.7205477e+00   5.7088349e-01  -3.2909231e-01
   1.0000000e+00   1.3405587e+00   5.5212539e-01  -2.5873977e-02   4.2527161e-01  -1.8494129e-01  -1.7970451e-01
   2.0000000e+00  -5.5953277e-02  -3.9191850e-01  -3.2969427e-01  -1.5402797e+00  -1.9514357e+00   1.5386969e+00
   2.0000000e+00   9.7224318e-01  -8.7274989e-02  -1.3636229e-02   1.0552316e+00  -1.2188066e+00  -1.7733433e-01
   1.0000000e+00   9.5357275e-01  -1.8462831e+00  -2.1154089e-01   4.5941459e-01  -1.0092090e+00   8.0007541e-01
   1.0000000e+00   8.1441735e-01   3.0281336e-01  -5.0613321e-01   3.1173039e-01   1.4666243e+00   1.1919906e-01
   2.0000000e+00  -4.4218713e-01  -7.1904700e-01   1.1020593e+00  -6.6512869e-01   2.2369951e-01  -1.7357620e+00
   2.0000000e+00  -2.3856697e-01   4.8007290e-01  -6.3090311e-01   1.0676782e+00  -7.5434053e-01   4.5065001e-02
   1.0000000e+00  -4.5987563e-01  -8.0477393e-01  -2.8448142e-01   3.7231989e-01  -6.1190623e-01   7.5169039e-01
   1.0000000e+00   1.7365872e+00   1.1812598e-01   7.2706200e-01   1.5582658e-01   7.9265346e-01   5.0463814e-03
   2.0000000e+00  -2.9721544e-01  -2.3980336e-01   8.3083462e-01   9.8490106e-01  -1.5884422e+00   8.4422734e-01
   1.0000000e+00  -1.6938064e+00   6.3979585e-01  -1.8129713e+00   8.4856348e-01   1.8255536e+00   3.1117671e-02
   1.0000000e+00  -1.4945106e+00   3.0831377e-01   8.8645004e-01   3.4073912e-01   1.2111817e+00  -3.8993272e-01
   2.0000000e+00   1.2437375e+00   1.7144910e+00  -4.1204487e-01   7.5899809e-01  -6.6383488e-01   1.0200053e+00
   2.0000000e+00  -2.4905720e+00   1.1434725e-01  -1.7344323e-01   1.5485560e+00   3.4430838e-01  -1.2347242e+00
   2.0000000e+00  -2.3012938e+00  -1.7602302e-01  -3.2123563e-01   1.3556169e+00   1.7727720e-01   2.8969975e-01
   2.0000000e+00   7.0078075e-01   1.2176566e+00   6.2707026e-01  -3.0127933e-01   1.2115602e+00  -5.1140059e-01
   2.0000000e+00   9.1689040e-01  -6.0958795e-01   4.1694327e-01  -2.8933865e-01   3.1026279e-01   1.4432303e+00
   2.0000000e+00  -1.1123902e+00  -1.4267959e+00   4.1686428e-01   1.0575210e+00   2.3317919e-01   6.5418715e-01
   2.0000000e+00  -6.4475212e-02   1.9739147e-01   2.0077134e+00  -2.1697374e-01  -9.6538099e-01   3.1513701e-01
   2.0000000e+00  -7.4292074e-01   2.5749256e-01  -1.5077064e+00  -3.9086681e-01  -2.3826280e-01  -1.1297486e+00
   2.0000000e+00   5.5850456e-01   7.0525451e-03   1.4985792e-02   1.0828541e+00  -1.3300891e+00  -1.3768091e-01
   2.0000000e+00   4.7729959e-01   1.0624414e+00   8.5696228e-01   1.5776622e+00   1.4763678e+00  -4.7088806e-02
   2.0000000e+00  -1.8500198e-01  -2.1445790e+00   4.7530309e-01   3.1645082e-01  -9.0320466e-01  -2.8350348e-01
   1.0000000e+00   1.6166408e+00  -7.3180308e-01   1.3900892e+00   7.1148579e-01   9.4953116e-01   5.0797183e-01
   2.0000000e+00  -2.3217470e-01   5.3634007e-01   1.2100197e+00  -1.0717820e+00  -3.8276529e-01  -7.7476746e-01
   2.0000000e+00  -2.0959256e-01   1.0051200e+00  -2.9192777e+00   3.0691344e-01  -1.0652446e+00   9.6193764e-01
   2.0000000e+00  -8.9527543e-01  -4.6372167e-01   5.9917716e-01  -7.2930568e-01  -1.4289611e+00  -2.4479336e-01
   2.0000000e+00   2.1482803e-01  -1.1534227e-01  -2.4540544e+00  -1.8713290e+00  -1.9063104e+00  -1.8624018e-01
   2.0000000e+00   6.9054353e-01   3.1299806e-02  -1.0439072e+00  -1.5618366e-01   1.1769480e+00  -1.9994690e-01
   2.0000000e+00  -4.0324292e-01  -3.3596571e-01  -7.9979892e-01  -1.5081753e+00  -3.1447261e-01   6.1467255e-01
   2.0000000e+00   7.1349604e-02  -2.2672280e-01  -2.3698905e+00  -6.0725806e-01   4.2227608e-01  -1.2344298e+00
   2.0000000e+00  -1.2126164e+00   2.4316523e+00   5.4676948e-01   6.9224064e-01   8.5432864e-01  -1.5413313e+00
   1.0000000e+00  -2.6697505e-01  -1.0780543e+00  -1.2294571e+00   2.4037771e-01  -1.2973329e+00  -2.0031259e-01
   2.0000000e+00  -3.2624709e-01   5.4573803e-01   1.9292367e-01   9.7880000e-01   8.0401614e-01  -1.1391935e+00
   2.0000000e+00   6.3372570e-01  -1.3090150e+00   1.3820377e+00  -1.3298492e+00   4.6294117e-01  -2.6733173e-01
   2.0000000e+00  -7.9084341e-02  -2.9947213e-01   6.2596739e-01  -2.6771285e-01   3.7740781e-01   1.2279596e+00
   2.0000000e+00   2.1733279e+00  -8.7576671e-01   7.6717603e-02   5.6686743e-02   1.5705305e+00   1.2078384e+00
   2.0000000e+00  -1.5266025e-01  -1.2488896e+00   1.1391321e-02  -4.9423724e-01  -9.8552306e-02   9.2651401e-02
   1.0000000e+00   1.0817257e+00  -4.0943790e-02   4.3156249e-01   4.7040656e-01  -1.2810162e+00  -6.5621769e-01
   1.0000000e+00   1.5504911e+00   1.0996507e-01   1.4783061e+00   3.5154322e-01  -7.6258332e-01  -4.5284251e-01
   2.0000000e+00   6.5811813e-01   1.1020948e+00   2.9044768e-02  -5.8491997e-01   3.1856694e-01   1.2048790e-01
   2.0000000e+00   4.1310720e-01   5.2156665e-02   7.3652228e-01  -9.1159803e-01   8.7729502e-01  -2.5281460e+00
   1.0000000e+00  -1.1162282e+00   1.0693817e+00   9.8292679e-02   2.4794872e-01  -3.7555153e-01   5.0828824e-01
   2.0000000e+00  -1.2688683e+00  -2.8686477e-01  -7.4393304e-01  -4.5208619e-01   2.2479294e+00   5.5395007e-01
   1.0000000e+00   6.3278023e-01   1.4887247e-01   1.9229005e+00   5.0997715e-02  -2.0324538e+00  -3.9640557e-01
   2.0000000e+00  -9.7990443e-01  -1.3539231e+00  -1.2719572e+00  -1.2755491e+00   8.6722573e-01  -4.0971064e-01
   1.0000000e+00   2.3122486e-02  -7.7589964e-01  -6.2095633e-01   4.5526218e-01   5.5513018e-01   2.9224558e-01
   2.0000000e+00   2.3742401e-01   1.3083826e-01  -5.3446690e-01  -1.3655320e+00  -4.2902985e-01  -1.2076609e+00
   2.0000000e+00   1.2649932e+00  -1.7391333e-01  -7.0295050e-01  -1.6300576e+00   1.6428936e+00   4.2504634e-01
   2.0000000e+00  -1.6033459e+00  -2.2884681e+00   5.0587247e-01  -1.2072433e+00   1.2206302e-01   7.5717251e-02
   2.0000000e+00  -1.2046373e+00  -5.5908161e-01   1.5512134e-01  -7.8779161e-01   6.6039331e-01  -1.0750431e+00
   1.0000000e+00  -6.2926938e-01  -1.8523799e-01   5.8921802e-01   3.4426916e-02  -1.2988802e+00  -7.1540636e-02
   2.0000000e+00  -1.6787200e+00   8.9396561e-01   1.0661558e+00  -1.8744857e+00   2.5483958e-03  -6.2892493e-01
   1.0000000e+00  -8.6120011e-01  -1.8130089e+00   6.4924680e-01   5.7652440e-01  -1.1781076e+00   7.7099794e-01
   2.0000000e+00  -5.8012813e-01   2.3246994e+00  -1.2294649e+00   1.6676624e+00   6.6228599e-01   4.7841797e-01
   2.0000000e+00   1.3220168e+00   3.3416786e-01   4.6212315e-01  -2.1165748e-01  -4.0070012e-01  -4.6753388e-01
   2.0000000e+00   2.1222661e-01   4.8389539e-01   9.9385881e-01  -6.8867326e-01   1.9629501e-01  -6.1289247e-01
   2.0000000e+00   4.9534384e-01   2.0059922e+00   1.3866741e+00   4.5226456e-01  -7.1486964e-02  -1.1768898e+00
   2.0000000e+00   1.6065211e+00  -3.4971169e-01  -5.5158231e-01   1.0773900e-01  -3.8984271e-01   1.5784697e+00
   2.0000000e+00  -1.1180646e+00   1.4705832e-01  -3.8841189e-01  -4.1273036e-01   1.0572199e+00   9.9364418e-01
   1.0000000e+00  -2.3325604e+00   1.1168590e+00   6.0320691e-01   3.0453655e-02  -4.7252044e-01   2.1950937e-01
   2.0000000e+00  -6.4092341e-01  -3.2844720e-01   6.9909832e-01  -3.6290265e-03  -1.5713601e+00   6.5833025e-01
   1.0000000e+00  -4.7289591e-01   1.1014492e+00  -1.0041001e-01   7.7480414e-01   7.5626227e-01   6.2310351e-01
   2.0000000e+00  -1.4390614e+00  -2.9873117e-01  -1.7046965e-01   1.3415792e+00   1.8886045e+00  -1.8268770e+00
   2.0000000e+00   1.1544122e-01  -3.0302193e-01   2.9481966e-01   1.8027231e+00   3.9526472e-01  -1.1813573e+00
   2.0000000e+00   1.1081533e-01  -2.2686720e+00   5.2059088e-01   2.0447597e+00  -4.6328012e-01   2.3745582e+00
   2.0000000e+00   2.3562412e-03   1.5369014e+00   8.5798697e-01  -4.1258565e-01   4.5854106e-01   1.0443969e-01
   2.0000000e+00  -3.5409232e-01   7.1129256e-02   9.5102810e-01  -8.1655667e-01   3.5124384e-01   9.5148591e-01
   2.0000000e+00   5.9993472e-01  -9.7135529e-01   2.2873896e+00  -2.5049834e-01  -4.7912876e-01  -1.1686902e+00
   2.0000000e+00  -8.9167322e-01   1.2554181e+00  -8.6719608e-01  -1.2300752e+00  -1.1519776e+00   1.0363276e+00
   2.0000000e+00   4.0499795e-01  -2.4343238e-01   1.0475046e+00  -1.0518629e+00  -1.6813652e+00   6.7546099e-01
   2.0000000e+00  -7.0992939e-01  -3.0591599e-01  -6.7941454e-01   5.5801223e-01  -1.4100319e-01   1.4422474e+00
   2.0000000e+00   1.0950727e+00   1.8612177e+00   1.8796163e-01  -7.4952493e-01   9.4811983e-01  -5.5864536e-02
   2.0000000e+00  -1.4511997e+00  -3.5350661e-01   2.0195571e+00   1.1044609e+00   7.0107173e-01  -2.5677882e-01
   1.0000000e+00  -1.2008210e-01   1.9141480e+00   2.4580139e-01   4.0485119e-01  -2.5522648e-02  -1.1591007e-01
   2.0000000e+00   1.1876684e+00  -1.5740541e-01   1.4845682e+00   4.5766170e-02  -1.0577855e+00   1.6121598e+00
   2.0000000e+00   2.2563030e+00   1.6168707e-01   2.3341599e-01  -5.3235710e-02  -7.7000753e-02  -9.0704620e-01
   2.0000000e+00  -1.3333304e+00  -1.0848962e+00  -5.8105273e-01  -3.9886846e-01   1.0091048e+00   1.6613539e+00
   2.0000000e+00  -4.1042602e-01  -1.1635326e+00   2.4900276e-01  -1.0466089e+00  -6.5617713e-01  -8.2796182e-01
   1.0000000e+00   8.6189441e-01  -1.0280021e+00  -1.6238417e+00   7.4504714e-01  -6.1949728e-01  -5.4334870e-01
   1.0000000e+00   7.5836174e-01   1.1941800e-01   2.7101970e-01   8.1703250e-01  -1.3636504e+00  -4.0125811e-01
   2.0000000e+00  -1.4929340e+00  -6.7895648e-01  -1.7777865e-02   1.0880299e+00   6.6179246e-01   9.6437667e-01
   2.0000000e+00   2.2558638e-02  -1.1781479e+00   6.8615162e-01  -1.0332672e+00   6.8423663e-01   2.7410334e-01
   2.0000000e+00  -2.0467618e-01   6.3036712e-01  -8.3184254e-01  -1.4161032e-01   8.4129490e-01   2.6225094e-01
   2.0000000e+00   2.0504579e+00  -3.7571013e-01  -7.5455336e-01   1.8282177e+00   5.2804647e-01  -1.3817278e+00
   2.0000000e+00  -1.4222169e+00   3.9765594e-01   1.7881895e+00  -5.9352102e-01  -1.1757982e+00  -9.0503953e-02
   2.0000000e+00   1.5118602e+00  -1.6136093e+00  -3.9396778e-01   1.2863982e+00  -5.3278185e-01  -8.7184481e-02
   2.0000000e+00   5.9957038e-01   6.3656508e-01  -1.6748357e+00   1.1176509e+00   2.0807804e-01   6.5216947e-01
   2.0000000e+00  -4.4604454e-01   6.9847048e-02   3.8219802e-01  -8.1343623e-01  -1.3119743e+00   1.8327940e+00
   2.0000000e+00  -1.1696841e+00  -2.1972779e+00  -2.5785814e+00   4.6221593e-01   7.2505145e-01   2.2182903e+00
   2.0000000e+00   7.7881670e-01   7.2681692e-01  -4.6503972e-01  -5.3509728e-01  -7.8322933e-02   7.2376928e-01
   2.0000000e+00  -5.0004865e-01  -2.8564762e-01  -9.4658736e-01   3.0041443e-01  -7.1798649e-01   1.7107933e+00
