   2.0000000e+00  -1.6856194e+00  -8.2212726e-01  -9.8802171e-02  -1.4763174e+00   6.9730243e-01   4.9409603e-01
   2.0000000e+00   6.2396174e-01  -7.1416047e-01  -2.2071887e-01   5.3700084e-01   1.2121931e+00   8.1062900e-01
   2.0000000e+00  -5.0349633e-01   9.5791987e-02  -7.7479435e-01  -4.6605216e-01  -7.9045539e-02   1.0480600e+00
   2.0000000e+00   6.2674307e-01   1.0128217e+00   2.2176966e-01  -4.8848927e-01  -6.1323184e-01  -3.0474997e-01
   2.0000000e+00   3.2904579e-02  -4.7802459e-01  -1.7449811e+00   1.8932076e-01   1.1703449e+00  -1.0403758e+00
   1.0000000e+00   4.9505772e-01   1.3498230e+00   1.3792077e+00   1.9060491e+00   5.0093139e-01   3.2274267e-01
   2.0000000e+00  -2.6785130e-01  -8.5175656e-01   6.6862296e-01  -2.6299917e-01   8.8922018e-01  -2.0866763e+00
   2.0000000e+00  -1.5453729e+00   9.4183307e-01  -3.3008964e-01   8.9087028e-01  -1.0487057e+00   5.5630898e-01
   2.0000000e+00   2.6896249e-01   1.2929947e+00   1.6490864e+00  -5.2318139e-01   2.6381041e-01  -2.8480886e-01
   2.0000000e+00  -8.1467793e-01   4.8304905e-01   1.1513025e+00   1.9883022e+00   5.8264423e-01   7.4807420e-01
   2.0000000e+00  -9.7181461e-01  -3.4163080e-01  -7.3376662e-01  -1.0453121e+00  -1.0772420e+00  -1.3628384e-01
   2.0000000e+00  -2.1996744e+00   6.5854830e-01  -1.5532619e+00   2.1664362e+00  -1.3258390e-01  -6.4961551e-02
   1.0000000e+00  -2.1897620e-01  -9.4299128e-01  -4.4555204e-01  -8.0969144e-01  -6.9179017e-01   7.5390381e-01
   1.0000000e+00   4.1086080e-03  -9.6083783e-03  -2.5693768e-01   1.0637210e-02   1.1035386e+00   9.6580874e-01
   2.0000000e+00   7.1359648e-01   8.9266659e-01   4.9540480e-01  -1.1877851e+00   1.8045637e-01   9.1251974e-01
   1.0000000e+00   7.0500100e-01  -7.5903525e-02   7.4961374e-01  -1.5557810e+00   2.9328266e-01   4.6148309e-01
   2.0000000e+00   1.4849249e+00   1.4887052e-02   1.4783969e+00   5.8261554e-01  -7.3150046e-02  -1.0215532e+00
   2.0000000e+00  -1.4106857e+00  -6.3784059e-01  -1.8220914e-02  -1.0994711e+00  -3.2897490e-01  -7.5922975e-01
   2.0000000e+00   1.1658499e+00   4.4340927e-01  -6.9517910e-01  -2.0859073e+00  -1.5069871e+00  -8.3154808e-01
   2.0000000e+00   9.4428684e-01   7.4690693e-01   2.2325949e-01  -1.1846359e+00   4.4926749e-01   1.1790799e+00
   2.0000000e+00  -8.9694143e-01  -2.1465304e+00  -3.7876047e-03   3.6409854e-01  -2.1891619e-01  -7.8065327e-01
   2.0000000e+00  -1.0674126e+00  -7.3989222e-01   1.0233883e+00   8.9871272e-01  -1.5320355e-01  -6.1104138e-01
   2.0000000e+00   1.0532087e+00  -3.8526773e-01   1.0856795e+00  -1.6098039e+00   6.8097503e-02   1.2601134e+00
   1.0000000e+00  -4.8833904e-02  -1.3348219e+00   9.0930583e-01  -9.4937995e-01  -1.3243996e+00   7.6816662e-01
   2.0000000e+00   7.2723087e-01  -7.5396011e-01   9.8830258e-01   2.3185057e-01   1.9962444e+00  -3.3953452e-01
   2.0000000e+00   2.7028433e-01   1.2898776e+00  -2.7105370e-01  -2.0881322e+00   1.9564910e-01  -4.9079944e-01
   2.0000000e+00   6.5337415e-01  -1.3138920e+00  -2.5720895e+00   1.0505076e-01  -1.7156180e+00   1.2749360e+00
   2.0000000e+00  -5.8961573e-01   1.6317186e+00   2.1503637e+00   3.1559394e-01  -6.1703296e-01  -7.9878415e-01
   2.0000000e+00   5.7935064e-01  -3.8644265e-02  -9.6099337e-01   2.6978491e-02  -4.4983180e-01  -3.6560520e-01
   2.0000000e+00  -1.8648999e+00   4.2505674e-01   6.7283104e-01   2.5887613e-01   2.3408954e+00   1.2578748e+00
   2.0000000e+00  -1.0859541e+00   2.8804100e-01   1.3725421e+00   1.7181575e+00  -3.9388755e-01  -7.6433714e-01
   2.0000000e+00   1.1727788e+00   1.3321623e+00  -9.9515874e-02  -2.3983839e+00  -5.1770420e-01  -6.9145513e-01
   2.0000000e+00   1.5587740e-01   8.8560686e-01  -1.3070546e-01  -1.7250285e+00  -8.6538310e-02  -1.2414867e+00
   2.0000000e+00   1.1495411e+00  -9.9509584e-01  -1.8418909e+00  -2.2598008e+00  -8.6532638e-01   1.4549927e+00
   2.0000000e+00   2.1962538e+00   6.4370718e-01  -2.0053990e-01   8.2272991e-01  -1.6278211e+00  -2.0492091e-01
   1.0000000e+00   8.0187278e-01  -8.1691041e-01   1.4561141e+00  -9.9687013e-02   5.0844631e-01   1.3529878e-01
   2.0000000e+00   4.9406887e-01   3.4273690e-01  -5.3524627e-01  -2.1664104e-01  -5.1401202e-02  -3.8332151e-02
   1.0000000e+00   4.2001275e-03   2.0993866e+00  -1.2015233e+00   3.6755154e-01   7.6193204e-01   2.3398762e-01
   2.0000000e+00   1.6822706e-01   1.4601601e+00   5.8117443e-01   4.2613277e-01  -1.4438623e+00  -8.6031149e-02
   1.0000000e+00   4.1985093e-02  -3.2788987e-01  -1.2393623e+00  -3.1475659e-01   1.2735822e+00   6.8565378e-01
   2.0000000e+00   1.3150826e+00  -6.1018816e-01   5.9894178e-01  -9.1614590e-01   5.8974027e-02  -8.5613423e-01
   2.0000000e+00   1.3645118e-01   2.6144264e+00  -2.3428055e+00   3.3893621e-01  -9.3941734e-02  -2.0877498e+00
   2.0000000e+00  -1.4926531e+00  -2.3952967e-01  -3.6605150e-01   1.9243738e-01   6.8748229e-01   1.0291725e+00
   2.0000000e+00   7.2796176e-01  -6.3466899e-01  -5.9478631e-01   8.4875041e-01  -8.6977507e-01   7.8225492e-01
   1.0000000e+00   5.1622342e-01  -5.1085604e-01   4.2536066e-01   9.9182516e-01  -1.0670688e-01   3.0664592e-01
   2.0000000e+00  -3.3696403e-01  -2.2557955e-01  -9.3860557e-01  -2.4946872e-01  -1.3227490e+00  -1.7401944e+00
   2.0000000e+00   3.9140706e-01  -3.0026830e+00   5.6295002e-01  -1.1218569e+00   9.3390200e-01  -7.7039956e-01
   2.0000000e+00   9.0014829e-01  -7.7260787e-01   6.3021973e-01   8.8876127e-01   1.5956186e-01   4.8283075e-01
   2.0000000e+00   5.4719500e-01  -1.6011318e+00  -9.8239809e-01  -3.1171275e-01   1.7669064e+00   1.0772705e+00
   2.0000000e+00   3.8293516e-01  -2.6571578e-01  -6.9209546e-01   9.3080499e-01  -9.6024269e-01  -2.3508472e+00
   2.0000000e+00   6.5071366e-01  -2.5690422e+00   1.8859070e+00   4.9134939e-01   5.5219468e-01  -5.1807832e-01
   2.0000000e+00   2.4557499e+00  -3.7641500e-01   5.6436316e-01   8.3538272e-01  -3.5673369e-01  -7.4274662e-01
   2.0000000e+00  -2.8224750e-01  -2.8711300e-03   9.1180958e-01  -1.5450421e+00   2.0192095e-01  -7.2712743e-01
   2.0000000e+00   5.4613203e-01   1.1964363e+00  -7.0627612e-01   5.6811741e-01  -7.5804769e-01  -2.2045727e+00
   1.0000000e+00  -3.5178946e-01  -2.1962620e-01   3.1540921e-01  -9.1710818e-01   1.5975755e+00   6.8150784e-01
   2.0000000e+00  -2.1884962e+00  -8.1335033e-01  -4.0100081e-01   4.0046101e-01  -2.4347917e-01  -4.2478705e-01
   2.0000000e+00  -2.5325488e+00   8.1913587e-01  -6.1103477e-02   1.7546693e+00  -9.2998765e-01  -9.1453250e-01
   2.0000000e+00   1.7411773e-01   2.0437032e+00  -7.1619176e-01   2.5497297e-01   4.0866903e-01  -4.6154448e-01
   2.0000000e+00  -1.3575598e+00  -3.8265776e-01  -4.3733151e-01  -4.6725928e-01  -2.9623303e-01  -7.8407508e-01
   2.0000000e+00  -1.2244696e+00  -1.9294928e-01   5.5012577e-01   8.8971125e-01   1.5568203e-01   1.8719429e+00
   2.0000000e+00  -1.0934460e+00   4.6063703e-01   1.8202602e-01  -1.1079335e+00   2.0152523e+00  -7.3562268e-01
   2.0000000e+00  -1.2679001e+00  -3.9050361e-01  -1.5211612e+00  -4.2290189e-01   9.6463316e-01   1.7076997e+00
   2.0000000e+00   6.3147402e-01   2.1565373e-01   1.8361505e+00   9.9772030e-01  -1.3737694e-01   1.6850690e+00
   2.0000000e+00  -1.0307843e+00  -5.1401025e-01   5.4640957e-01   1.2662545e+00  -2.1813797e+00  -3.2545419e-01
   2.0000000e+00   7.6564254e-01   3.1593931e-01  -1.6980699e+00   2.9423870e-01  -1.0835545e+00   9.9672738e-01
   2.0000000e+00   1.1581988e+00  -1.0869419e+00  -1.6134123e+00   1.5277870e+00  -8.9528716e-01  -7.6396201e-01
   2.0000000e+00  -2.7108475e-01  -1.2480438e+00   2.0138833e+00  -1.0944911e+00  -1.1502629e+00  -1.1012535e+00
   2.0000000e+00   1.7663150e+00  -2.5831704e-01   1.6172706e+00   4.6590335e-01  -7.6148558e-01   6.0106531e-01
   2.0000000e+00   5.7624495e-01  -1.8568771e+00  -4.2339470e-01  -3.8899691e-01   6.6356987e-01   1.0485281e+00
   2.0000000e+00  -9.7145265e-02   2.1262682e-01  -8.0666090e-01   1.8648340e+00   2.8230642e-01  -1.0014125e+00
   2.0000000e+00   8.4813866e-01   1.2162399e+00   2.4114912e+00   4.3237891e-01   6.9466392e-01  -1.5277589e+00
   2.0000000e+00  -2.2631944e-02  -6.1930002e-02  -4.3255160e-01  -1.6750334e+00   3.6060596e-02  -4.6351801e-01
   2.0000000e+00   3.9892647e-01  -5.4327501e-01   1.3952193e-01   1.1682739e+00  -4.7575931e-03  -5.9308715e-01
   2.0000000e+00   8.6070410e-01  -1.4278726e+00  -2.7546962e-01  -2.5692010e-01   1.3539898e+00  -8.9212009e-01
   2.0000000e+00   1.1168520e+00   1.9461259e+00   6.5527054e-01  -1.9811471e+00  -1.9068807e-01  -6.2412216e-01
   2.0000000e+00  -5.0203685e-01  -1.0205023e+00   6.4571039e-01   8.2127560e-01  -2.4209401e+00   7.3206743e-03
   2.0000000e+00  -1.6123865e+00  -6.4672511e-01   2.8307843e-01  -5.2856887e-01  -6.5128874e-01   9.1504827e-02
   2.0000000e+00   5.9306701e-01  -4.5975404e-02  -9.1275762e-01   8.8614178e-01   5.1702624e-01  -3.8449061e-01
   2.0000000e+00  -1.9211423e-01   3.4488189e-01  -2.7517614e-01  -8.2313342e-01  -1.1630682e+00  -1.2657440e+00
   2.0000000e+00   3.2282553e-01   5.7372835e-01   6.8128997e-01  -1.5155823e-01   1.3552582e-01  -4.1911036e-01
   2.0000000e+00  -2.7760681e-01  -2.2054025e+00   3.8512810e-01  -6.3244111e-01   3.6257675e-01   2.4284415e+00
   2.0000000e+00   1.0591721e+00  -1.5070458e+00   5.5960280e-01  -4.5177990e-01  -2.3549949e-01  -4.8278146e-01
   1.0000000e+00   4.2120134e-01   1.1833516e+00   2.3233177e+00  -3.1872337e-01  -1.2261921e-02   5.0435425e-01
   2.0000000e+00  -2.2801842e-01   1.9912086e+00   1.1436126e+00   1.0900780e+00  -2.4914512e-01   1.0013404e+00
   2.0000000e+00  -5.2882882e-01   8.1505755e-01  -5.5311117e-01   1.6903761e+00  -2.7975744e-01  -6.5706962e-01
   2.0000000e+00   2.0145891e+00  -2.2414803e-02   1.5069892e+00  -5.8915615e-01   5.0685027e-01   2.8566089e-01
   2.0000000e+00   6.2248941e-01  -1.1541825e+00  -1.5377754e-01   3.9106248e-01  -1.1653510e+00   1.0182140e+00
   2.0000000e+00   1.1715619e+00  -3.6131901e-01  -9.3811815e-01   1.0631129e+00   2.9989960e-01  -1.0616949e+00
   2.0000000e+00   3.9411952e-02   2.6667949e-01   9.1180530e-01  -1.7579120e+00  -4.7176869e-01  -6.6025909e-02
   2.0000000e+00   8.4830865e-01   2.5084136e-01  -1.9837746e+00   1.3134152e+00  -1.0375620e+00   1.2030435e+00
   2.0000000e+00   3.6329659e-02  -5.7106000e-01  -8.8732573e-01   6.5009355e-01   3.3963185e-02  -6.0317755e-01
   2.0000000e+00   7.6926436e-01  -3.1051165e-01  -3.7785704e-01   1.3027336e+00  -9.4425869e-01   9.6123867e-01
   2.0000000e+00  -1.5640770e+00  -5.8229054e-01   1.1051201e-01   9.8306921e-01  -6.5830580e-01   6.3573463e-01
   2.0000000e+00   8.1633228e-01   3.6812269e-01  -4.5805158e-01  -1.3868590e+00   6.5297747e-01  -1.3491410e+00
   2.0000000e+00   2.0168302e+00   9.6297283e-01  -6.8792915e-01   2.4631914e-01   7.8911386e-01   3.2572270e-01
   2.0000000e+00  -3.6728219e+00   1.0036924e-01  -1.7147093e-01  -2.8930230e-01   4.8500178e-01   1.5480702e+00
   2.0000000e+00  -3.5612262e-01   4.9554355e-01   2.6036372e-01  -1.5805077e+00  -1.7296486e+00  -1.9878679e+00
   2.0000000e+00  -1.1176050e+00   9.3330223e-01   5.8745141e-01   1.4062729e-01  -8.1704854e-01   2.1248486e+00
   2.0000000e+00  -9.9265138e-01   1.4959304e+00  -3.6873512e-01   3.3359498e-01   9.5348880e-01   1.6300419e+00
   2.0000000e+00   4.4395957e-01  -2.1091667e+00   1.4405368e+00  -6.8822082e-01   4.6230901e-01  -9.0967648e-01
   2.0000000e+00  -7.6016604e-02  -1.9039509e+00  -8.5012160e-01  -8.5367844e-01   1.1013165e+00  -7.6396055e-01
   2.0000000e+00  -7.7837491e-01   2.5895174e-01   1.8559639e+00  -1.4988305e-01   1.4023500e+00  -8.0691584e-02
   2.0000000e+00   7.7504285e-01   1.0737116e+00  -3.1077183e-01   1.9330116e+00   1.7426305e+00  -9.7859223e-01
   2.0000000e+00  -1.1265185e+00  -3.5102774e-01  -3.0377928e-01   1.3367871e-01  -5.6954859e-01   6.9972281e-01
   2.0000000e+00  -7.2670447e-01  -1.4541671e+00  -3.0076199e-02   1.0034592e+00  -6.0671619e-01  -5.0295266e-01
   2.0000000e+00  -2.7740570e-01   6.8217595e-01  -4.4753748e-01   1.0111710e+00  -1.2058200e-01   9.7077198e-01
   2.0000000e+00   1.5578815e+00  -9.3213515e-01   3.4213509e-02   5.6418910e-01   7.3976466e-01  -6.7837126e-01
   1.0000000e+00   3.4491737e-01  -4.1944357e-02   1.0208574e+00   5.6555930e-01  -2.7884666e-01   3.9491151e-02
   2.0000000e+00   7.7761938e-01   3.0081651e+00   1.0285207e+00   7.5503945e-01   1.2852608e+00  -8.2083211e-01
   2.0000000e+00  -5.0002603e-01   4.2632103e-01   3.9974825e-01   9.0426552e-01   1.8968683e+00  -3.3525246e-02
   2.0000000e+00   1.1106803e+00   1.8210832e+00  -2.0996596e+00   9.8791547e-01   1.1784426e+00   1.2911745e-01
   1.0000000e+00  -1.8254439e-01  -8.0730497e-01   8.6961716e-01  -1.2396286e+00  -4.5397193e-01   4.7490975e-01
   2.0000000e+00  -1.3724867e+00  -1.8078440e-01  -2.8159429e+00  -2.9111838e-01  -9.2504677e-01  -1.2266399e+00
   2.0000000e+00  -3.9026703e-01   2.8988885e+00  -2.1158861e+00   4.0379606e-01  -1.0001423e+00  -5.7004029e-01
   2.0000000e+00   8.1731215e-02   1.4859139e+00  -8.2897712e-01   6.2674620e-01   1.7291223e-01  -6.1872384e-01
   2.0000000e+00   1.3628247e+00  -2.0236490e+00  -1.0432345e-02   1.8837385e+00  -1.1758162e+00  -1.6233674e-01
   2.0000000e+00   8.9006628e-01   1.8755866e-01   1.4118796e+00  -3.5131195e-01  -3.3528965e-01   1.2065835e+00
   2.0000000e+00  -6.2142353e-01  -1.6952367e-01  -3.7498091e-01  -7.2749809e-01   2.1438148e+00   2.6880550e-01
   2.0000000e+00   5.5708035e-01   6.9592361e-01   8.9294797e-01  -4.8709046e-01  -1.2170690e+00   1.3003717e+00
   2.0000000e+00  -2.1204894e-01   7.9386591e-01  -5.9882380e-02   5.1287480e-01  -9.4781654e-02  -4.3581454e-01
   2.0000000e+00   2.1102046e-01   5.5831349e-01  -1.7723540e-01   8.5258949e-01   2.2599317e-01  -6.5407914e-02
   2.0000000e+00  -1.7944313e+00   1.8210262e+00   3.6693860e-01  -1.3327456e+00  -6.5209377e-01  -5.6935895e-01
   2.0000000e+00   7.3102842e-02  -1.8061699e-01   8.9343806e-02  -1.8009843e-01  -4.0306702e-01   1.4091803e+00
   1.0000000e+00   2.6112660e-01   1.0254345e-01  -6.4388539e-02   2.3518997e-01   1.2674947e+00   1.4827734e-01
   1.0000000e+00   3.6843032e-01   1.9967027e-01  -1.6385185e+00  -1.2501399e+00   1.0476704e-01   3.9864763e-01
   2.0000000e+00   2.5050845e+00  -2.0479446e+00   2.6962121e-01  -7.8156580e-01   2.9128312e-01  -2.6673425e-01
   1.0000000e+00  -2.8041253e-01  -1.3935308e+00  -6.3804885e-01  -1.2761517e+00  -5.2202881e-01   3.9406401e-01
   2.0000000e+00  -1.6117683e+00   7.6400086e-01   2.7819684e+00  -5.1028035e-01  -6.0730986e-01  -3.0847522e+00
   2.0000000e+00   1.1753067e+00   1.1863403e+00   8.9473300e-01  -1.7918272e+00   1.2304406e+00   7.6923858e-01
   2.0000000e+00  -1.8812222e+00  -3.3052010e+00   5.1578792e-01   5.0089794e-01   8.0689861e-01   5.5589683e-01
   1.0000000e+00   3.9703780e-01  -2.5283635e+00  -2.7483471e-01   5.1931622e-01   7.4859471e-01   5.5260575e-01
   2.0000000e+00  -5.9066120e-01   1.0448386e-01  -1.9029792e-01   5.4758080e-01   5.4137866e-01  -3.2265925e-01
   2.0000000e+00  -8.6563869e-01  -9.0048400e-01  -7.1733088e-01  -7.9316846e-01  -8.0458447e-01   1.1878523e+00
   2.0000000e+00   3.6263667e-01  -2.6363810e-01   7.5373526e-01  -3.6822715e-01   8.0782112e-01  -1.7645885e+00
   2.0000000e+00   1.4779695e+00   1.2509568e+00   2.4421002e-01   7.6544391e-01  -1.0114349e+00   1.3665116e+00
   2.0000000e+00   1.1918161e-01  -6.2973138e-01  -5.3714853e-01   2.7221649e+00   8.9313823e-01  -7.3849336e-02
   1.0000000e+00   6.4621457e-01  -9.7816238e-01  -1.1491940e+00   5.1531223e-01  -2.2342245e-01   4.1488815e-01
   2.0000000e+00  -1.1929957e+00   2.2178912e+00  -5.6597477e-01   1.1817215e+00   1.9732268e+00   1.9364249e+00
   2.0000000e+00   6.4815741e-01   1.1174621e+00  -7.9096596e-01   9.3832284e-01  -8.7876877e-01  -5.6655232e-01
   2.0000000e+00  -1.3332441e+00  -7.9077616e-01  -1.8243235e+00  -1.1845747e+00   1.0253955e+00   1.3368376e-01
   2.0000000e+00   5.4125282e-01  -1.9847398e-01   1.4671444e+00   4.4615872e-01   3.0481824e+00   4.9172891e-01
   2.0000000e+00  -2.6552009e-01   1.2648496e+00   1.2118288e+00  -2.8609062e+00   1.4180234e+00  -7.3744906e-01
   2.0000000e+00  -1.1108634e+00  -5.1311541e-01   2.5159672e-01   9.7854258e-01  -3.5903391e-01  -1.5577488e+00
   2.0000000e+00  -8.6910921e-01  -1.1459664e+00   5.2368695e-01  -8.0766906e-01  -1.1677750e+00   1.3567319e+00
   2.0000000e+00   1.2641301e+00   3.7083195e-01   6.1553068e-01   8.4326921e-01   1.8951152e+00  -2.4219654e-01
   2.0000000e+00  -1.9207136e+00  -3.1301361e-01  -4.5631166e-01   1.0918521e+00   1.4106166e+00  -1.0521517e+00
   1.0000000e+00   4.8795710e-01  -5.7250557e-01  -7.9091721e-01  -2.0534364e-02  -6.4890380e-01   7.2800117e-01
   2.0000000e+00   2.4612259e-01  -2.0575192e+00  -5.2619989e-01  -1.5307714e+00  -1.1701827e+00  -8.9382655e-02
   2.0000000e+00  -2.6708556e-01  -1.3080910e-01  -1.1751208e+00   1.6438778e-02   1.0388526e+00  -5.8426586e-01
   2.0000000e+00   9.8594389e-01  -7.9002472e-01   1.1807204e+00   1.0925681e+00  -6.4355870e-01   8.9750143e-01
   2.0000000e+00   2.6142627e-01  -7.5340082e-01   1.8695099e-01   8.8814729e-01   1.1853406e+00  -7.9371704e-01
   2.0000000e+00   1.9335171e-01   4.5604042e-02  -8.5483428e-01  -2.5415010e-01   9.5542139e-01  -3.2317356e-01
   2.0000000e+00   4.6916380e-01   1.0657938e+00  -9.5389780e-01   1.0903705e+00  -9.2320296e-02  -1.7239957e+00
   2.0000000e+00   1.7326855e+00   3.1223117e-02   4.3197812e-01   4.0894377e-01   5.8569300e-01   7.5188160e-01
   2.0000000e+00  -3.6612234e-02   5.9489282e-01   9.6431362e-01  -3.7770211e-01   5.9967900e-01  -1.9856277e+00
   2.0000000e+00   4.3831582e-02   3.2100231e-01  -7.1411130e-01  -9.0512736e-01   3.2485665e-01   1.5540627e+00
   2.0000000e+00   6.8189385e-01   1.8735138e+00   5.1835615e-01   1.8295894e+00   1.3948834e-01  -1.8152563e-01
   2.0000000e+00  -1.6730261e+00  -3.7344703e-01  -1.2371650e+00   3.5166632e-01   1.0142969e+00  -9.3912364e-01
   2.0000000e+00  -2.4936644e+00   1.1457810e+00   2.7809671e+00  -5.9770425e-01   1.6639276e+00  -1.8881265e+00
   2.0000000e+00   2.1757832e+00  -4.3159396e-01   3.7645721e-01   1.0989603e+00   2.0316420e-01  -1.2376289e+00
   2.0000000e+00  -4.3412228e-01   3.0492991e-01   4.0217479e-01   1.2966169e+00  -6.4097485e-01  -4.9665019e-01
   2.0000000e+00   1.2961040e+00   5.5582554e-01   1.3292183e+00   5.4648480e-01  -2.1721922e-01  -9.5263764e-01
   2.0000000e+00   2.5274672e-01   1.1903567e+00   7.6395124e-01   9.9104233e-02  -1.8127910e+00  -2.0198914e-01
   2.0000000e+00  -1.6486171e+00  -5.2267375e-01  -1.0137087e-01   1.5137095e+00  -1.5558815e+00   5.5737684e-01
   2.0000000e+00  -3.1049138e-01  -1.3624322e-01  -1.1622514e+00   1.2286979e+00  -1.7701193e+00   1.7170282e+00
   2.0000000e+00  -1.0018320e+00   3.3534792e-01  -7.1172997e-01  -1.2607552e-01  -5.0591012e-01   9.5001346e-01
   2.0000000e+00  -9.4062186e-01   2.3511088e-01  -9.3252771e-01   6.0194210e-01  -1.3411805e+00   5.4409015e-01
   2.0000000e+00  -1.6572621e+00  -3.4263967e-01   5.4745828e-01   7.1514989e-01   1.5483202e-01   1.3092808e+00
   2.0000000e+00   7.4832218e-01  -9.0303962e-01  -7.9079333e-01  -1.3731118e+00   1.0404241e+00  -2.2999798e-02
   1.0000000e+00  -9.5373361e-02   5.2110941e-01   5.2105386e-01  -6.2403015e-01   1.5423338e+00   3.2228930e-01
   2.0000000e+00  -1.2247037e+00   3.6518944e-01   1.0583438e+00  -3.0991897e-01   3.4922889e-01   7.3845545e-03
   2.0000000e+00   1.3677998e+00  -2.1210941e-01   1.0021287e+00   1.2330157e-01   9.4768243e-01  -1.1636648e+00
   2.0000000e+00  -7.2015218e-01  -1.7231295e+00   8.2059425e-01  -1.9055464e+00   1.0318999e+00   7.3645579e-01
   2.0000000e+00  -8.8718081e-01  -4.1167864e-01  -1.2946864e-01  -7.6823083e-01  -8.3086310e-01   1.3330597e+00
   1.0000000e+00   7.3503135e-02   1.2524619e+00  -3.0653242e-01  -4.9229073e-01   1.1886769e+00   2.0431720e-01
   2.0000000e+00  -1.0656226e+00   4.6808100e-01  -6.9376846e-01   5.4740465e-01   1.9713876e-02  -1.7780951e-01
   2.0000000e+00  -1.1825679e+00   1.9313805e+00   1.2159210e-01   3.4272649e-01   1.0113711e+00   1.2912204e+00
   2.0000000e+00  -2.5026298e-01   1.6686143e+00  -8.7266640e-01   5.0192683e-01  -1.7195211e+00  -1.4031386e+00
   2.0000000e+00  -1.0467779e+00  -5.0890209e-01   5.2444437e-01  -6.0694260e-01   6.1088052e-01  -6.2927590e-01
   2.0000000e+00  -8.9340921e-01   1.2632441e+00  -6.2187770e-02   5.7292421e-01   4.5129038e-01  -1.8289551e+00
   2.0000000e+00   5.3007775e-01   6.5762218e-01   4.0469199e-01   1.5865455e+00   1.3547654e-01  -8.1142853e-01
   1.0000000e+00   2.4773472e-01  -2.8638601e-01   1.1173913e+00   5.5027062e-01  -1.6896518e+00   7.9534135e-01
   1.0000000e+00  -2.6940729e-01   8.9129473e-01   1.5762946e-01  -1.7877567e-01   8.5870437e-01   8.7471232e-01
   2.0000000e+00   5.4116914e-01  -1.2460733e+00  -1.8799347e-01   6.1676396e-01   6.4025699e-01  -9.0642550e-01
   1.0000000e+00   2.1401633e-01  -4.7886645e-01   4.8542059e-01  -7.3940872e-01  -7.4127181e-01   2.1861323e-01
   2.0000000e+00   2.2217475e-01   2.3448940e-01  -1.9638834e+00   3.6425509e-01   2.3504662e-01  -1.6127291e+00
   1.0000000e+00   2.0184634e-01  -1.3824092e+00   3.4299663e-01   3.5567415e-01  -1.6982072e+00   2.9140717e-01
   2.0000000e+00   4.5002070e-01   6.1003495e-01   1.4763456e+00  -1.7555201e+00   1.6558754e+00   2.2917420e+00
   2.0000000e+00  -1.0284529e+00  -3.7857877e-01  -1.1872957e+00   9.4000641e-01   6.1270724e-01   4.8922890e-01
   1.0000000e+00   3.3317450e-01  -6.5210998e-01  -3.8667936e-01   1.1150724e+00   1.2749013e+00   3.0512590e-01
   2.0000000e+00  -7.3583457e-01   2.1755236e-01  -1.2904535e-01  -1.1018680e+00   3.3174680e+00   5.4782387e-01
   1.0000000e+00  -6.7442363e-01   1.0024694e+00  -1.3892554e+00  -4.7417931e-01   1.1171984e-01   1.1401506e-01
   2.0000000e+00   3.8269255e-01  -5.8109995e-01  -1.9552614e-01   1.1995011e+00   3.0242576e+00  -2.1327422e-01
   2.0000000e+00   3.3743388e-01  -1.0895045e-01  -8.4359308e-01  -1.7793949e+00   2.0303531e+00  -1.0609189e-01
   2.0000000e+00  -4.1510146e-01   5.3679912e-01  -1.1305318e+00   6.0459461e-01   1.2765773e+00  -1.2609903e-01
   2.0000000e+00   4.8951875e-01   1.7858703e-01  -1.4504683e-01  -1.0598561e+00  -4.6888269e-02  -2.7011168e-01
   2.0000000e+00   3.8573938e-01   1.7260022e-01   4.2172791e-01  -3.5073697e-01   8.0141477e-02  -1.9597308e-01
   2.0000000e+00  -1.3238982e+00   7.7794931e-01  -1.3946237e+00  -1.8981985e+00   2.7805524e-01  -1.0556461e+00
   2.0000000e+00  -4.1382790e-02   1.2992058e+00  -8.1176174e-01  -7.0365287e-01  -8.1883040e-02  -1.9174987e-01
   1.0000000e+00  -9.6419893e-01  -7.7576687e-02  -4.5395114e-01   9.3434309e-01   1.0494763e+00   9.7586337e-02
   2.0000000e+00  -8.4538371e-01   8.0312485e-02   2.5592593e-01  -1.3384221e+00  -7.2050536e-01  -1.1757603e+00
   1.0000000e+00  -2.0709763e-01   1.2498965e+00  -1.3249636e+00   6.2436730e-01  -5.0826506e-01   1.0518022e-01
   2.0000000e+00   1.2176400e-01   5.7927068e-02  -7.2007811e-02  -1.2654363e+00  -7.9699834e-01  -1.1194553e+00
   2.0000000e+00  -1.0779516e+00  -9.2506366e-01  -3.0068306e-01  -1.1835966e+00   1.4237924e+00   2.4247351e-01
   2.0000000e+00  -7.7649087e-01  -5.6201721e-01   2.2957642e-01  -3.7842321e-01  -9.7956273e-01  -1.3430539e+00
   1.0000000e+00  -3.7407779e-02  -1.1803581e+00  -3.3374079e-02   8.4552785e-01   4.2997682e-01   5.7985840e-01
   2.0000000e+00   1.5564606e+00  -3.8461598e-01   2.0395158e+00   8.5557198e-01   1.1289105e+00  -5.3943283e-01
   2.0000000e+00   9.3927540e-01   2.0072470e-01   4.2308563e-01   3.6834635e-01   1.8984264e+00   8.6589660e-01
   2.0000000e+00   1.1154197e+00  -1.4935456e+00  -1.3914606e+00  -3.3352176e-01  -3.1929009e-01  -5.6402542e-01
   2.0000000e+00   2.3218822e+00   1.3777555e-01   7.3869410e-01  -9.2689179e-01  -4.7592401e-01   1.9330040e+00
   2.0000000e+00  -9.8292285e-01  -4.9483547e-01   7.7100213e-01  -1.6057709e-02  -7.0398355e-01   1.6445982e+00
   2.0000000e+00   5.5668597e-01  -1.2738892e+00  -9.5572822e-01   7.6774432e-01   6.0478071e-01   1.1618662e+00
   2.0000000e+00   2.1381350e+00   7.7207188e-01   3.7003263e-01   1.8874157e+00   4.2077722e-01  -7.4194846e-01
   2.0000000e+00  -1.7055946e-01  -4.0007380e-01   5.7658218e-01  -8.1696843e-01   4.7915559e-01  -4.3616947e-01
   2.0000000e+00  -1.0570437e+00  -9.5275561e-01   1.8242037e+00  -4.8283594e-01   1.8011433e+00  -5.2562246e-01
   2.0000000e+00   1.9627812e-01  -1.2844946e-01  -9.2012005e-01   1.1379184e+00  -1.2306414e+00  -2.2554958e-01
   2.0000000e+00   3.9857517e-01   1.6427740e+00   1.2847032e+00   8.8106303e-01   1.2785747e+00   1.2073020e+00
   2.0000000e+00   1.0685339e+00   1.2792499e+00  -1.5094706e+00   9.5595330e-01   3.7667239e-01  -5.9240228e-01
   2.0000000e+00  -1.2397672e+00  -3.6661122e-01   8.6600311e-01  -3.7219062e-01   3.9350707e-01  -6.3823698e-01
   2.0000000e+00   1.2527305e+00  -1.9883452e+00  -5.4240088e-01   1.6843285e+00  -8.4204908e-01   1.5932872e+00
   2.0000000e+00   1.4561119e+00   7.0662115e-01  -5.8198008e-01   2.3891480e+00  -1.1929944e+00  -4.3480206e-01
   2.0000000e+00   1.4519478e+00   1.1508522e+00   8.5740779e-01  -2.3025687e+00   5.6340144e-01   3.6279646e-01
   2.0000000e+00   6.0157720e-01  -9.2643072e-01  -1.7345601e+00  -1.7881400e+00  -5.3962432e-01   8.3488814e-01
   2.0000000e+00   9.9699727e-03  -1.1903103e+00   4.3912520e-01   7.8928027e-01  -7.1916798e-02  -1.1909708e+00
   1.0000000e+00   9.1363664e-01   8.3505305e-01   3.9897352e-01  -1.0748857e-01  -3.8630465e-01   3.4049954e-01
   1.0000000e+00  -3.4900226e-01  -3.2737242e-01   4.6828750e-01  -4.4540128e-01  -7.7556976e-01   1.7328342e-01
   1.0000000e+00  -9.5917897e-02  -2.0769606e-01   1.3312125e+00   9.0767667e-01  -1.7612321e-01   6.7081427e-01
   2.0000000e+00   4.6203942e-02  -1.5889299e-01  -1.5745755e+00   5.6741591e-01  -9.9786925e-01  -1.7501982e+00
   2.0000000e+00  -2.8136890e-01   5.9764407e-01  -3.5264245e-01   9.5333894e-01  -1.3735232e+00   1.1231886e+00
   2.0000000e+00   1.6477821e+00  -2.7322415e-02   1.3555388e+00   6.4328328e-01  -4.5149840e-01  -2.2808607e-01
   2.0000000e+00   2.6272864e-01  -8.8057981e-02   3.4701882e-01  -1.5843288e+00   1.1860739e+00  -1.6748287e+00
   2.0000000e+00  -5.0794916e-01  -9.5666687e-03   9.3395131e-01  -1.8859470e+00  -9.6594851e-01  -8.6435600e-02
   2.0000000e+00  -5.8652395e-01   3.6057874e-01   1.4398323e+00  -1.8484403e+00   4.2533281e-01  -4.0075352e-01
   2.0000000e+00   7.3065399e-02  -5.7380708e-01   2.5796260e-01   9.2964719e-01   3.9723960e-02  -9.5885651e-01
   2.0000000e+00   1.0504257e-01   1.0570741e+00   1.5096385e-01  -1.8520970e+00  -1.5099116e+00  -7.9625789e-01
   2.0000000e+00  -2.0613914e+00   4.3317126e-01   1.3279633e-01   5.6788511e-01   1.5512451e-02  -2.9653583e+00
   2.0000000e+00   1.3463270e+00  -3.7324280e-01   4.1909558e-01  -2.4934969e-01   1.0348740e-01   1.8829933e-01
   2.0000000e+00  -9.0634468e-01   1.5348217e+00  -8.5881420e-01  -1.8344302e-01   2.9726174e+00  -1.9989878e+00
   1.0000000e+00  -2.4339356e-01   9.9413278e-01  -2.0954449e-01   1.6680744e+00  -1.5684504e+00   6.4120080e-01
   2.0000000e+00  -1.2399535e+00   1.0667393e+00   3.0362829e-01   3.9653989e-01   7.6392067e-01   1.8785539e+00
   2.0000000e+00  -4.0694813e-01  -5.6510758e-01  -9.4421484e-01  -5.3499257e-01  -1.1885576e+00   1.2572405e+00
   2.0000000e+00   3.4520076e-02   8.7374971e-01  -1.7806912e+00  -1.7645878e-01   2.1701873e+00   9.7740237e-02
   2.0000000e+00  -9.7109328e-01  -1.7790299e+00   1.7877660e+00   3.4355343e-01  -6.3967368e-01   4.8666452e-01
   2.0000000e+00   3.6631212e-02  -4.6382712e-02  -9.1037272e-01  -8.0690352e-01   5.7264590e-01  -6.3652440e-01
   2.0000000e+00   1.0019699e+00   1.4772908e-01   9.0162926e-01   1.1868988e+00  -3.7640740e-01  -6.5750085e-01
   1.0000000e+00  -4.6587673e-01  -8.9080127e-02  -3.4762471e-02   2.7465051e-01   2.8445295e-01   3.8281856e-01
   2.0000000e+00   1.8240786e+00   1.0123382e+00   3.6941636e-01  -9.2007162e-01  -1.7858857e+00  -8.6495024e-01
   1.0000000e+00   1.5095684e-01   2.7658361e-01  -7.9533821e-01  -3.0005034e-01   5.4070339e-01   3.7871471e-01
   1.0000000e+00   3.7632205e-01   1.1893664e-01  -4.0354981e-02  -1.6337636e+00  -3.3437922e-01   4.2488312e-01
   2.0000000e+00  -2.2034549e+00  -9.6617357e-01  -5.0104024e-01  -1.6008056e+00   4.8989897e-01   1.3713063e+00
   2.0000000e+00  -2.0412111e+00  -2.7321309e-01   1.1259192e+00   8.1360276e-01  -5.7184944e-02   6.1261262e-01
   1.0000000e+00  -6.8906908e-01   1.1293888e+00   8.1089030e-02   1.1867937e-01   7.5663423e-01   1.4495089e-01
   1.0000000e+00  -3.0931660e-01  -2.1105424e+00  -8.5143973e-01  -1.4941849e-01   8.4185209e-01   6.9836203e-01
   2.0000000e+00   1.7777511e-01  -7.7464781e-01  -1.0569995e+00  -1.3635220e-01  -8.8616595e-01   1.6494132e+00
   2.0000000e+00  -1.4702514e-01  -9.0836359e-01  -9.7237394e-01  -1.2944462e+00   2.1600628e+00  -9.9848880e-01
   1.0000000e+00   3.7354838e-01   3.8503497e-01   1.4044635e-01   4.0103205e-01   8.7350916e-01   1.3869109e-01
   2.0000000e+00   1.8291263e+00  -5.9304534e-01  -2.4815094e-01   3.5681549e-01  -8.7042488e-01  -8.0191750e-01
   2.0000000e+00  -2.1491964e+00   9.6218036e-01  -3.9465312e-01   1.7181744e+00  -1.3740877e-01  -4.6552581e-01
   2.0000000e+00   2.1362843e+00   8.9863580e-02   9.9099261e-01   7.3899808e-01  -2.1597104e+00   7.8429104e-01
   2.0000000e+00   2.5387370e-01   4.7236235e-01   9.7805709e-02  -3.6800844e-01   5.5538623e-01   1.2518186e+00
   2.0000000e+00  -1.2560412e+00   5.7484279e-01   1.4895422e-01   4.1450208e-02  -8.8069475e-01   1.2251403e+00
   2.0000000e+00  -1.1993847e+00  -8.0249732e-01  -6.7904875e-01  -4.0186728e-01  -6.0817647e-01   1.3029522e+00
   2.0000000e+00  -4.0701092e-01  -4.7706229e-01  -1.1789547e+00  -1.7730257e+00   4.2438331e-01  -7.6725012e-01
   2.0000000e+00  -7.0889914e-02   8.0543283e-01  -1.8516813e+00  -1.5972791e-01  -2.3470194e-01   1.3351887e+00
   2.0000000e+00   1.0709070e-02   1.4249973e-01   1.6690523e-01   1.2511554e+00   1.6885559e+00  -2.2847794e+00
   2.0000000e+00  -9.6973177e-01   3.9211932e-01  -1.6869493e+00  -2.5751056e-01  -9.3333713e-01   1.7999368e+00
   2.0000000e+00  -1.1977216e+00   7.4758454e-01  -3.4687043e-01   7.3195108e-01  -1.4503425e+00   4.8293230e-01
   1.0000000e+00   8.2105865e-01   1.3540722e+00  -8.5648090e-01   8.5578630e-01   1.6890771e+00   4.6569505e-01
   2.0000000e+00   4.9732492e-01   1.1264299e+00   1.2652824e+00  -1.1841108e+00   1.4013164e+00  -1.2623464e-01
   2.0000000e+00  -5.5192343e-01   6.9362431e-01  -1.3959528e+00   1.9701881e+00  -8.3940448e-01  -2.8328607e-01
   2.0000000e+00  -2.0387543e-01  -1.4009379e+00  -3.2404180e-02  -1.3334208e+00   1.1284511e+00  -8.8208896e-01
   2.0000000e+00  -9.4901515e-01  -2.6489294e-01  -6.8329942e-01   1.7166441e-01   8.6138825e-01  -1.6060245e-01
   1.0000000e+00   2.3017116e-01   1.2241318e+00  -1.8030734e-01  -2.0902645e+00   1.1554204e+00   2.9350283e-01
   2.0000000e+00  -6.3475329e-01   1.5955253e+00  -1.6836978e+00  -1.3308754e+00  -1.6192674e+00  -2.4073111e-01
   1.0000000e+00  -9.4923389e-01   1.7067291e+00   2.5868045e-01   8.4300546e-01   1.0844477e+00   2.8400208e-01
   2.0000000e+00   1.5274288e+00  -4.8563884e-01   8.8570301e-01  -3.6072239e+00   1.3948203e+00   3.1253100e-01
   2.0000000e+00   4.1997265e-01  -6.1595351e-01  -3.2515583e-01  -5.0961225e-01  -1.9672426e-01  -8.0456765e-01
   1.0000000e+00  -5.4588939e-01   1.1016337e+00  -4.0955136e-01  -6.5524821e-01   3.4477451e-01   1.3307129e-01
   2.0000000e+00   6.5424021e-01  -5.2173927e-01  -2.1035410e-01   1.3646453e+00  -1.9892649e+00   3.7561648e-01
   2.0000000e+00   4.1331482e-01   9.1991255e-01   7.7292142e-01   1.0417190e+00   1.2057986e-01  -3.5960518e-01
   1.0000000e+00   6.7764677e-01  -4.1870298e-01   1.8673577e-01  -1.1543908e+00  -3.3892526e-01   1.4320007e-01
   1.0000000e+00  -3.7899124e-01   4.4772002e-01  -1.0787947e+00   6.8108984e-01  -1.7282615e+00   4.1531449e-01
   2.0000000e+00   2.4894730e+00  -2.0546627e-01   1.1122195e+00  -5.1537105e-01  -1.5748385e+00   1.2795732e+00
   1.0000000e+00   4.9819367e-01  -1.3248508e+00  -1.2205441e+00   7.6762727e-01  -6.1922087e-01   1.5038404e-01
   1.0000000e+00  -4.4540000e-01  -1.3658767e+00   1.7818302e+00  -2.1654058e-01   1.1702098e+00   5.0649998e-01
   2.0000000e+00  -1.0607594e+00  -3.4269640e-01   9.7159826e-01   1.3100647e-01   4.5403517e-01  -2.9531383e-01
   2.0000000e+00   8.7828913e-01   1.5787462e+00   1.7817593e+00  -1.5753187e-01   7.4195805e-01  -2.1135121e-01
   2.0000000e+00  -1.5263902e+00  -7.9319797e-01   9.6650458e-01  -1.2951870e+00  -1.1293115e+00  -2.4765925e-01
   2.0000000e+00  -1.8792575e+00  -6.9805865e-01   7.7476203e-01   3.5457356e-01  -1.7539130e+00  -1.1773185e-01
   2.0000000e+00   1.2025173e+00  -1.9047106e+00  -1.0842679e+00  -5.3068681e-01   5.5585494e-01   9.8330093e-01
   2.0000000e+00   1.1829818e+00  -9.6662797e-01   8.9121312e-01   3.2752023e-01  -6.8860368e-01  -4.5656122e-01
   1.0000000e+00   1.5871980e-01  -1.7705630e-01   1.9481903e+00   9.7670605e-02   8.4013131e-01   2.3032366e-01
   2.0000000e+00   2.7722155e-01   1.4799945e+00   1.1513723e+00   1.2608384e+00   2.0926281e+00   1.7368631e-01
   1.0000000e+00   2.5357946e-01  -1.0124676e+00   5.8105281e-01   1.7364546e+00   4.7492420e-01   8.7874863e-01
   1.0000000e+00   3.7569837e-01   5.4926573e-01   3.8306873e-01   2.6765066e+00   5.5548573e-01   8.5398768e-01
   2.0000000e+00  -9.7167349e-01  -2.2688318e-01   8.0252833e-01   7.0974086e-01   9.0886261e-02  -1.4966094e+00
   2.0000000e+00   3.0215817e-01   2.1392648e+00  -1.9630237e+00  -5.9222022e-01  -3.7683499e-01   2.4099407e+00
   2.0000000e+00   2.1849399e+00  -6.1299305e-01   5.7429346e-01   2.4575205e+00   1.3978370e+00   3.4693047e-01
   1.0000000e+00   6.3717526e-01   4.1176814e-01   2.2429806e-01  -5.5514283e-01   1.4702530e+00   2.0076284e-01
   2.0000000e+00  -4.0248668e-01  -1.1061177e+00   3.9031221e-02   7.2681375e-01   1.6139045e+00  -1.4375156e+00
   1.0000000e+00  -3.6349502e-02  -1.2647065e+00   5.1962929e-01   1.9824309e+00   8.3936255e-01   4.8337818e-02
   2.0000000e+00  -1.8250184e+00   9.7478089e-01   1.1000356e-01  -2.2800404e-02   1.1202328e+00  -3.4937955e-01
   2.0000000e+00   1.2713524e-01   1.2654332e+00   3.1220611e-01  -2.9803746e-01   9.5346010e-01   1.1633290e+00
   2.0000000e+00   5.0274840e-01   1.4623076e+00  -7.5496390e-02   2.1563613e+00   3.3191499e-01  -5.0083038e-01
   2.0000000e+00   1.9910041e-01   1.0277252e-01  -8.9386812e-01  -5.5318288e-02   8.0316090e-01  -1.0546728e+00
   2.0000000e+00   2.7487961e-01   7.4567494e-01  -1.9902455e-01   1.0664251e+00  -1.9260463e-01   1.0018656e+00
   2.0000000e+00  -2.7819888e-01  -1.2251990e-01   9.2923529e-01  -1.1426098e+00  -9.1732062e-01  -7.7724810e-01
   1.0000000e+00   3.3005648e-01   9.9570044e-01  -7.2176431e-01   1.4375843e+00   3.0207038e-01   9.1515787e-01
   2.0000000e+00  -8.9969129e-01   2.8233214e-01   1.3772871e+00   1.5503691e+00  -1.7576476e+00   1.0949127e+00
   1.0000000e+00  -7.6600224e-01   1.4645481e+00   1.7105376e+00   4.7949709e-01  -1.3140258e+00   4.1591286e-01
   2.0000000e+00   9.9407199e-01   1.5931440e+00   3.6609073e-01   5.7207619e-02   1.1625306e+00   9.0201402e-01
   2.0000000e+00   1.5203181e+00   2.5294180e-01   4.8398011e-01  -1.2294414e+00   1.7635848e+00  -1.0673153e+00
   2.0000000e+00   1.1749357e+00  -2.5261277e-01  -2.5705627e-01   1.1650605e+00  -2.8706713e-02  -1.7835590e+00
   2.0000000e+00   1.7382964e+00   9.4497844e-02   1.0791760e+00   8.5410246e-01   6.6894809e-01   4.4206918e-01
   2.0000000e+00   1.3564187e-01  -9.5295325e-02   1.0752512e+00  -1.8638046e-01  -5.8052993e-01  -9.8683633e-01
   2.0000000e+00  -4.1461697e-01  -1.6134660e+00  -2.2594666e+00   1.3004558e+00   3.6479714e-01  -2.8663231e-02
   2.0000000e+00   8.0648896e-01  -1.0769190e+00   6.8206859e-01   1.0038291e+00   3.3010935e-01   9.7862182e-01
   2.0000000e+00   1.4598478e+00  -3.7556611e-01   7.4279164e-01   1.3482900e-01  -1.0018230e-01   8.3375092e-01
   2.0000000e+00   1.1164491e+00   1.1666066e+00  -9.2931552e-02  -2.0593426e-01  -8.5350625e-01  -1.3808674e+00
   2.0000000e+00   7.7795079e-01   3.2421010e-01  -3.4251255e-01   2.6812195e-01  -1.3511532e+00  -6.1510047e-01
   2.0000000e+00  -1.7204344e+00  -3.0030629e-01  -9.1297510e-01  -4.7059995e-01   1.3199031e+00   8.1711587e-01
   2.0000000e+00  -1.4473406e+00  -3.0898409e-01   9.2819672e-01   7.1892177e-02  -5.2020930e-01   3.9789058e-01
   2.0000000e+00   6.9357234e-01  -1.1896885e+00   3.7728596e-01  -1.6926575e-01  -9.2383415e-01  -3.8933620e-01
   1.0000000e+00  -1.9317360e-01  -3.4575310e-01   5.6896672e-01  -5.5861683e-01  -2.1325765e-01   3.5582746e-01
   1.0000000e+00  -2.4638362e-01  -1.4675116e+00   3.8674256e-01   7.5608099e-01  -7.2722217e-01   5.5387286e-01
   2.0000000e+00  -8.7756086e-01  -5.0171065e-01   4.6250228e-01   2.3871221e-01  -1.1249444e-01   1.6582440e+00
   2.0000000e+00  -6.5596742e-02   2.0422441e+00   2.2245566e+00  -1.2428900e-01  -7.6051783e-01  -1.0725706e-01
   1.0000000e+00   3.3299206e-02   4.2712197e-01  -3.6195829e-01  -3.8637321e-01  -1.6430943e-01   6.5538683e-01
   2.0000000e+00   2.0856398e-01  -1.6131977e+00  -1.7997297e+00   8.4101680e-01   3.5485197e-01  -2.1902943e-01
   2.0000000e+00   9.4816799e-01  -7.9849330e-02   1.4665696e-01  -9.4913568e-01   1.5534752e+00   1.3329392e+00
   2.0000000e+00  -1.0433178e+00   9.1376626e-01   2.4340675e+00   1.4871506e+00   1.0668936e+00   1.8487812e-01
   2.0000000e+00  -3.4302174e-01   2.9824911e-01  -6.4314717e-01   8.8174738e-01  -1.0593188e+00  -1.0527192e-02
   2.0000000e+00   8.8496302e-01  -1.3654707e+00   8.4212322e-02   5.7061686e-01   8.3909594e-01   6.7166681e-01
   2.0000000e+00   1.6977771e-01   3.6465688e-01   4.6251660e-01   2.4920827e-01   1.1755587e+00  -9.7857457e-02
   2.0000000e+00   3.3923387e+00  -9.2191196e-01   2.6216135e+00   9.4475549e-01  -2.0003515e+00   3.5133755e-02
   1.0000000e+00   5.1309516e-01   3.6093930e-01   1.2603268e+00  -9.0096906e-01   1.2761883e+00   6.3968296e-01
   2.0000000e+00  -8.2980194e-01  -4.0100628e-01  -6.7443200e-02   5.1944710e-01  -1.1834369e+00  -2.9851401e-01
   1.0000000e+00  -4.5534381e-02   1.4383408e-01   6.4625743e-01  -8.5227851e-01   6.6861495e-01   9.4354016e-01
   2.0000000e+00   6.3254896e-01  -3.4605218e-01   3.2674894e-01  -7.8403480e-01  -3.1859898e-02  -9.6424908e-01
   1.0000000e+00  -2.0033988e-01  -1.3817372e-02   1.1064992e-02   1.3291268e+00   1.2674014e-01   2.3761875e-01
   2.0000000e+00  -1.4661663e-01   1.4812343e+00   8.1947427e-01   5.9524583e-01  -1.4887120e-01  -2.8189661e-01
   2.0000000e+00  -1.0805434e+00   5.2025185e-01  -9.4263514e-01  -2.3390201e-01  -5.4921832e-01   8.2397223e-01
   1.0000000e+00   4.6671154e-01  -2.2781249e-01   1.2819421e+00   1.7349018e-01   4.9298500e-01   7.5366643e-01
   2.0000000e+00  -7.8964474e-01   8.5461628e-01  -2.0907183e+00   4.4424562e-02  -1.5158452e+00  -4.1466681e-01
   2.0000000e+00   6.3856228e-01  -7.9524968e-01  -1.0868654e+00   7.3295217e-02   5.1302055e-01  -1.3757057e+00
   2.0000000e+00   6.0921027e-01   2.1071289e+00  -1.8092495e-01  -4.2916889e-01   1.7458184e+00  -1.3460587e+00
   2.0000000e+00   5.9335774e-01   5.6428790e-02  -6.7686233e-01   9.3301741e-05  -7.4011855e-01   1.4078786e+00
   2.0000000e+00   1.3827251e+00  -8.2269955e-02  -3.6776744e-01   1.5604907e+00  -5.4317212e-01   9.0255594e-01
   2.0000000e+00  -1.2551991e+00  -2.9761430e-01  -1.0351047e+00   4.0694157e-01   1.5340726e+00   3.7894165e-01
   1.0000000e+00   9.4871475e-01   7.9629804e-01   1.6934970e+00   1.1340736e+00  -5.0926385e-01   2.9754023e-01
   2.0000000e+00   7.7426611e-01  -2.3990427e-01  -7.5054041e-01   3.9097598e-01   4.0584227e-01  -5.0564420e-01
   1.0000000e+00   4.4283387e-02   1.2791346e+00   3.7563730e-01   8.9009163e-01  -1.1996325e+00   3.2263605e-01
   2.0000000e+00  -1.3825037e-01  -2.1825210e+00  -4.4895222e-01   9.8720510e-01   3.5561850e-01  -6.7406287e-01
   2.0000000e+00  -2.1211825e-01   2.2043367e+00   1.0165746e+00  -8.9255753e-01  -1.8234780e-01  -3.9888162e-01
   2.0000000e+00   1.7779828e+00   9.9570392e-01   1.2162992e+00   1.4314973e-01  -8.6642816e-01  -1.1728328e+00
   2.0000000e+00   9.2537249e-01   1.1934662e+00  -2.1468087e-01   1.5581395e+00   6.5150482e-01  -3.1708192e-01
   2.0000000e+00   2.5744559e-01   4.6147614e-01  -1.0190229e+00   1.2872765e+00   7.5037199e-01  -2.4859004e-01
   2.0000000e+00  -1.6429757e+00  -7.9108459e-01   2.2146610e+00  -1.5662442e+00   3.1271701e-01  -5.0356474e-01
   2.0000000e+00  -1.1330609e+00   3.0680590e-01   1.2152204e+00   4.2614526e-01   1.9113820e+00  -5.8886909e-01
   2.0000000e+00  -2.2365890e+00  -1.1298803e+00   7.5545103e-01  -1.5653061e+00   7.2780494e-01  -9.4450443e-02
   2.0000000e+00   8.8068746e-01  -1.0611553e+00   1.2803311e+00   2.5504279e-01   1.2232142e+00  -1.7562594e+00
   2.0000000e+00   4.3348208e-01  -1.2376256e+00   4.8717020e-01  -8.5215421e-01  -5.9071655e-01  -1.4476819e+00
   1.0000000e+00   3.5060844e-01  -4.8899434e-01   3.4627340e-01  -1.1845110e-01   5.7321981e-01   4.8234339e-01
   2.0000000e+00  -1.2543325e+00   2.0377687e-01   4.8190833e-02   1.0555974e+00   5.8092185e-01   7.2224468e-01
   2.0000000e+00   5.7319253e-01   5.0335207e-01  -2.7382674e-01   9.2703974e-01   6.9477234e-01   1.0414239e+00
   2.0000000e+00   2.7386039e-01   9.5885239e-01   8.9487159e-01  -2.7670527e-01  -1.8688353e+00  -1.0527591e+00
   2.0000000e+00   1.9984448e+00  -5.7992915e-01   2.5370050e-01  -6.4959885e-02  -2.7151856e-01   5.4491043e-01
   2.0000000e+00   1.4301060e+00  -1.4170695e+00  -8.8255901e-01  -9.3505771e-01  -6.9932565e-01   8.0694412e-01
   2.0000000e+00  -8.5749442e-01  -7.1729119e-01  -7.7803121e-01   2.6605160e-01  -9.7021744e-01  -5.5083453e-01
   2.0000000e+00   1.4307250e+00  -2.1607494e-01   6.7248925e-01  -1.8295507e+00  -2.8744154e-01   3.4881364e-01
   2.0000000e+00  -2.5627223e+00  -2.1839452e-01  -4.7757211e-01   2.0088647e-01   1.6174762e-01   8.9967344e-01
   2.0000000e+00  -1.0459879e+00   1.0649110e+00  -9.7865966e-01  -1.1867553e+00   6.3757834e-01  -4.6802751e-01
   2.0000000e+00  -4.1733809e-01   1.6958107e+00  -1.3523746e+00  -4.0905681e-02   9.0047489e-01  -8.6162911e-01
   2.0000000e+00   1.9701870e+00   1.4333181e+00   9.2022727e-01  -1.0345817e+00   2.7044650e-01   8.4365840e-01
   2.0000000e+00   3.8504276e-01   4.9186405e-04   2.3299059e-01   1.8913130e+00   2.2923234e+00   1.5110472e-02
   2.0000000e+00  -1.4034642e+00  -2.7714436e-01   1.5484274e+00  -1.1945823e+00   9.9912527e-02  -6.6855463e-01
   2.0000000e+00  -9.5549524e-01   6.6984938e-02   1.6439871e-01  -5.2615488e-01   6.6004430e-01   1.4793651e+00
   1.0000000e+00  -3.0953102e-01  -1.1997291e+00  -8.9310560e-01  -1.7790381e+00  -5.3607398e-01   4.0403184e-01
   2.0000000e+00   2.0907929e+00  -7.5535398e-01  -4.7433169e-01  -6.7478191e-02  -1.4846480e+00   8.5227833e-01
   2.0000000e+00  -9.6396010e-01  -4.6140489e-01  -8.1671651e-01  -1.1587350e+00   1.3220119e-01  -1.2104440e+00
   1.0000000e+00  -7.2699132e-01   9.8054906e-01   1.2929546e+00   1.2109706e+00  -7.3870043e-01   3.4114357e-01
   2.0000000e+00  -2.9252581e-01   9.9170912e-02   1.6718451e+00   1.4521031e-01   1.9804013e-01  -6.0659477e-02
   2.0000000e+00   1.2208259e+00  -1.4606309e+00  -5.6956061e-01   4.7534882e-02   1.9561092e+00   2.0652594e+00
   2.0000000e+00   2.3262895e+00   1.2389209e+00   9.1240228e-01  -1.7041862e-01   1.0631463e+00   1.1982796e-01
   2.0000000e+00  -1.1228364e+00  -3.3347028e-01   7.5779475e-01   8.6924091e-02   2.0473221e-01  -2.5925548e+00
   2.0000000e+00   7.8390140e-01  -1.0579472e+00  -6.3765194e-01   4.9959789e-01   6.6604091e-01  -1.3479460e+00
   1.0000000e+00  -1.1944903e-01   6.5669149e-02   5.3570035e-01  -7.9913731e-02   2.4063876e-01   7.0004339e-01
   2.0000000e+00   1.6919385e+00  -5.8729340e-01  -1.2152307e-01   1.1279452e+00   3.8294086e-01  -4.2478855e-01
   2.0000000e+00  -1.5472963e+00   9.6770804e-01   1.3012690e+00   1.9019742e+00   2.6667712e-01  -9.6713752e-01
   2.0000000e+00  -4.6611418e-01   2.4215258e-01   4.4200745e-01   6.3962397e-01  -7.3587740e-01   1.3040269e+00
   2.0000000e+00  -8.3151207e-01  -2.0488167e+00  -1.3739111e+00  -1.1376629e+00   5.0917652e-01   1.7817739e+00
   2.0000000e+00  -3.2775913e+00   1.5424336e-02   1.1403676e+00  -9.8740277e-01  -6.7945957e-01  -4.2823069e-02
   2.0000000e+00  -1.3867862e+00  -4.2169364e-01  -4.1410352e-01   2.3614185e+00  -1.0748073e-01  -1.0046941e+00
   2.0000000e+00  -2.1410824e-02   1.5628963e+00  -2.2804802e-01   1.6476863e+00  -2.0111894e+00  -5.1982525e-01
   2.0000000e+00  -6.5895621e-01   5.8405183e-01  -2.6704986e-01  -1.2352002e+00   1.0229185e-01  -6.3516166e-02
   2.0000000e+00   7.9114191e-01   6.0024712e-02   3.1846345e-03  -2.5984666e+00  -2.9131851e-01  -1.7329401e-02
   2.0000000e+00  -7.8289513e-01  -1.1817705e+00  -4.0184681e-01   2.1451720e-01   1.3357387e+00  -1.6644264e+00
   1.0000000e+00   7.2564078e-01  -9.3528924e-01  -4.2702076e-01  -1.6407232e+00  -3.7446850e-01   9.9659233e-02
   2.0000000e+00   1.2840569e+00  -9.0866055e-01   1.0555205e+00  -1.2570500e+00   1.9301433e+00  -1.0945672e+00
   2.0000000e+00  -2.3774916e-01  -7.9338809e-01  -3.4011266e-01   5.7169551e-01   1.5869429e+00   9.7492798e-01
   2.0000000e+00  -2.2855636e-01  -4.5293640e-01   1.3016333e+00  -7.6042060e-01   1.9063039e-01  -8.4797487e-01
   2.0000000e+00  -1.4802557e+00  -6.6124475e-01  -1.5868512e+00  -9.9357840e-02  -2.7554211e-01  -1.5799236e+00
   2.0000000e+00  -5.2006035e-01   8.4235010e-01   9.6260812e-01   1.1898067e+00   9.8649169e-01  -6.8633070e-01
   2.0000000e+00   1.2757665e+00  -2.0101972e-01  -3.2353250e+00  -4.1659089e-01   5.6792195e-01   1.3429204e-01
   2.0000000e+00   5.1979887e-02  -1.7409156e+00   5.7983178e-01   6.6591772e-02   1.7126221e-01   1.3470216e+00
   2.0000000e+00   1.5920972e+00  -9.9712744e-02  -3.6504747e-01  -1.2643013e+00  -1.1000951e+00   4.5774246e-01
   2.0000000e+00   1.7556893e+00  -3.1348619e-01   9.9542375e-02   3.7947742e-01  -5.2906890e-01   5.0112154e-01
   2.0000000e+00  -1.7810550e+00   4.3616333e-02  -2.3743475e+00   1.5717106e+00  -6.2887118e-01  -1.5660322e+00
   2.0000000e+00  -1.9498046e-01   3.8042221e-01   4.1157962e-01  -7.3601393e-01   9.8841984e-01  -1.0312484e+00
   2.0000000e+00   7.2121252e-02   3.1020394e-01  -1.4396468e+00   8.2813671e-01   6.3354643e-01  -1.6960318e+00
   2.0000000e+00  -8.5348944e-01   7.4703481e-01   7.8818227e-01  -1.2360067e+00   7.8128405e-01   5.9436914e-01
   2.0000000e+00  -7.5928574e-02   1.9395613e-01  -1.0149040e+00  -4.0063802e-01   4.9107343e-01  -4.3619952e-01
   2.0000000e+00  -9.8732473e-01   2.5841959e-02   1.4834758e+00  -1.0460417e+00   1.9676344e-01   6.2120328e-01
   2.0000000e+00   1.2071652e-01   6.4411349e-01   8.8788636e-01   1.2976341e-01  -6.5722459e-01  -1.2051703e+00
   2.0000000e+00   1.2543779e+00   3.2716602e-01  -6.4242889e-01   1.1119633e+00   1.8464380e+00   3.4856592e-01
   1.0000000e+00   8.4979753e-01   1.3562677e+00   5.2555753e-01  -3.8863025e-01   2.4296618e-01   1.5081509e-01
   2.0000000e+00   1.0737420e+00   2.7542752e-01  -1.1627413e-01   9.7049175e-01   2.1933900e+00   1.4569685e+00
   2.0000000e+00   1.1987665e+00   1.0837141e+00  -1.2523760e+00  -3.3308258e+00   4.7254209e-01  -1.7001211e-01
   1.0000000e+00   4.7981552e-01  -1.3242188e+00  -1.0953841e-01  -1.6660618e+00   2.9995247e-01   5.4354652e-01
   2.0000000e+00  -1.2729187e+00   1.1752852e-01  -9.1273731e-01  -6.6422994e-01   1.0114718e-01   3.3874241e-02
   2.0000000e+00   1.0571900e+00   1.4932814e+00   9.6305018e-02   6.0652179e-01   1.3200119e+00   2.0135191e-01
   2.0000000e+00   1.9434310e+00   1.3506451e+00   3.5862728e-01   1.0776365e+00  -1.2680137e-01   4.6406065e-01
   2.0000000e+00  -2.6150184e-01   1.2141860e+00  -5.6819020e-01  -1.8216000e+00  -6.8974958e-01  -1.1023755e+00
   1.0000000e+00  -5.1614266e-03   1.4665230e+00   1.6800336e+00   1.9012134e-01  -1.3902764e+00   4.2646803e-01
   1.0000000e+00  -1.5106713e-01  -3.5524332e-01  -2.6117343e-01  -1.8712097e+00  -1.5674370e+00   7.6570384e-01
   2.0000000e+00  -9.3935963e-01  -1.6681501e-01  -1.7968552e+00  -5.4703668e-01  -3.7087534e-01  -1.7654589e+00
   1.0000000e+00  -4.4944406e-01   1.8929145e-01   1.6356133e-01  -6.7501348e-02   5.2430051e-01   1.5793367e-01
   2.0000000e+00  -3.8395010e-01  -3.1074884e-01   1.0562650e+00  -2.2251790e+00  -8.8356551e-01   2.1292631e+00
   2.0000000e+00   1.4481281e+00   3.2631518e-02  -1.1993656e+00   1.9424597e-01   2.9935616e-02   9.0944813e-01
   2.0000000e+00   1.6563566e+00  -1.1411945e+00   4.1406942e-01   6.1255458e-01   6.0241292e-01  -1.3570222e-01
   2.0000000e+00   1.0406742e-01  -1.6785342e+00  -1.5257257e+00  -2.5685526e-01  -1.2585245e+00   1.4878021e+00
   1.0000000e+00  -3.8991743e-01   6.3399946e-01  -1.6815881e+00   1.5187080e+00   4.7775049e-01   1.5014022e-03
   2.0000000e+00  -4.1013394e-01   1.0497979e-02   6.6145850e-01  -1.8284780e-01  -1.0882926e+00  -1.3187052e+00
   2.0000000e+00   3.1507634e-01  -4.6776974e-01  -5.3837258e-01   1.3568604e+00   7.5750438e-01  -3.9889682e-01
   2.0000000e+00   8.1709246e-01  -5.8605066e-01  -4.6505176e-01   2.2394229e-01   1.3445908e+00  -9.3741929e-01
   2.0000000e+00  -1.4523982e+00   1.2784742e+00  -7.6057610e-01   1.6781265e+00  -1.1066776e-01   5.3494656e-01
   2.0000000e+00  -1.0057947e+00   6.5232753e-01   1.0191838e+00  -7.1685035e-01   8.9379874e-01   1.2657500e+00
   2.0000000e+00   3.6175147e-02   1.0930360e+00  -4.3734492e-01   7.7060229e-01  -1.1813322e+00  -8.5436447e-01
   1.0000000e+00  -4.9541283e-01  -3.2011090e-01  -4.5264163e-01  -8.3208844e-01   1.0380284e-01   4.8765324e-01
   2.0000000e+00   7.3772736e-01   5.8596015e-02  -4.7642958e-01   4.4224791e-01  -1.7972646e-01  -1.5537497e+00
   2.0000000e+00   2.7409296e-02   9.5982388e-01  -2.6853553e-01  -9.0586244e-01   8.0319061e-01  -1.0464168e+00
   2.0000000e+00   5.7883505e-01   2.1260931e+00   5.2130841e-01   2.2188299e+00   3.2165748e-01  -9.3263738e-01
   2.0000000e+00   8.2566412e-01   4.7367627e-01   2.3966078e-01  -8.6481141e-01   1.3801461e+00  -1.2942137e-01
   1.0000000e+00   7.9470194e-01   4.5952920e-01   2.2206443e-01  -6.0158301e-01  -4.2923274e-02   4.7414126e-01
   2.0000000e+00  -1.8475844e+00   4.7147828e-01  -2.1701034e+00  -3.1303076e-02   7.1190888e-01   6.7296799e-01
   1.0000000e+00   4.5286535e-01  -1.0946645e+00  -7.6342080e-01  -4.1282192e-01   2.2909750e-01   6.5082541e-01
   2.0000000e+00  -7.9000260e-01  -5.2955742e-01   1.9936180e+00  -1.2376583e+00   4.7241132e-01   1.0656570e+00
   2.0000000e+00  -1.4739868e+00   1.3578785e+00  -1.3563519e+00  -8.7995069e-01   6.3301727e-01  -4.1614268e-01
   2.0000000e+00  -9.1780794e-01  -7.2301087e-01  -9.7587066e-01   3.9119156e-01  -3.6322099e-01  -2.9455766e-01
   2.0000000e+00  -2.9779864e-01  -1.0209080e-01   3.5097246e-01   3.0523549e-01   1.3282542e-01   1.1095108e+00
   2.0000000e+00   1.9840819e+00  -1.1995856e+00   1.2225514e+00   9.8722475e-01  -2.3239920e+00  -1.1435700e+00
   2.0000000e+00  -4.2171553e-01   4.1829978e-01   3.8072562e-01   2.8259243e-01   1.7957401e+00  -2.5795781e-01
   1.0000000e+00  -9.5650744e-02   2.3930209e-01  -2.6710709e-01   1.6102210e+00   1.2653552e+00   4.1215860e-01
   2.0000000e+00   1.2810231e+00   2.6276746e-01  -2.4406946e-01   4.8574359e-01   1.1204697e-01   4.2959665e-01
   2.0000000e+00   6.3520240e-02  -1.0698252e-01   7.8953944e-02   9.7520787e-01  -9.1384390e-01  -7.6023603e-01
   2.0000000e+00   4.7159447e-01   1.3419862e+00  -1.6615500e+00  -5.8748543e-01  -8.6344122e-02  -1.4015037e+00
   2.0000000e+00   4.7816354e-01   1.2789482e+00   2.9321503e-01   3.8567702e-01   2.3190357e-02  -4.2201802e-01
   1.0000000e+00   4.2361762e-01   5.1440557e-01  -3.9864401e-01   3.6584350e-01   1.3707704e+00   2.7956762e-01
   2.0000000e+00  -2.3452504e+00  -1.2668730e+00   4.0364588e-01   1.7560474e-01  -6.4040719e-01  -7.5320249e-01
   2.0000000e+00   9.0620135e-01  -9.4929174e-01  -5.2213942e-01   1.4476304e+00  -3.5680399e-01  -3.2481966e-01
   2.0000000e+00  -7.7363704e-01  -2.3756223e-01  -2.2501678e+00   1.7300345e+00  -5.7655689e-01   2.5623592e+00
   2.0000000e+00   7.0194343e-01  -3.3418891e-01   1.7133706e+00   4.4236917e-01   1.1434729e-01  -9.0676710e-01
   2.0000000e+00  -5.2484248e-01  -6.8383750e-01  -1.0216612e+00   1.3755631e+00   2.0824473e+00  -7.6239139e-01
   2.0000000e+00   9.5500123e-01  -1.7248991e-01   2.2358734e+00   8.8864995e-01   8.7704870e-01   1.1345221e+00
   1.0000000e+00  -3.4275448e-01   1.8117916e+00  -1.8751629e+00   5.2085319e-01  -5.2127379e-01   4.1005077e-02
   2.0000000e+00  -7.4376820e-01  -5.9466442e-01  -9.6852338e-01   1.1644794e-01  -1.3234699e+00   1.3092229e+00
   2.0000000e+00  -8.3320314e-01  -1.8808643e-03   1.6252338e+00   8.1567385e-01   1.2160961e+00  -2.0919840e+00
   2.0000000e+00  -1.0096279e+00  -1.4207065e+00   5.6579571e-01   7.0183967e-01  -1.1447227e+00  -1.1141675e+00
   2.0000000e+00   1.4682302e-01   2.8647636e-01  -9.7059530e-02   1.0169018e+00  -1.9056632e+00   6.3716747e-01
   2.0000000e+00   2.0413490e+00  -2.5724677e-01   4.9751273e-01   8.8429239e-01   1.5971768e+00  -1.1024359e+00
   2.0000000e+00  -1.8610976e+00  -1.7513113e+00   9.8549738e-01  -1.4720321e+00  -2.8657785e-01  -1.0828057e+00
   2.0000000e+00   2.0066850e-01   6.5901845e-01  -5.6437944e-01  -1.3924237e+00  -1.0054499e+00  -8.5765957e-01
   1.0000000e+00  -1.6181627e-01  -2.5168543e+00  -4.9517362e-01  -4.3111752e-01   1.6175242e+00   8.9613824e-01
   2.0000000e+00  -1.0209883e+00  -1.3940262e+00   6.8902814e-01  -2.6747639e-01  -1.2392213e+00   7.3785471e-01
   2.0000000e+00   1.2632163e-01  -1.0527246e-01  -1.1128898e+00  -2.0354249e-01  -2.3075352e+00   1.6799137e-01
   2.0000000e+00  -9.5502186e-01   1.1884340e+00   6.7098755e-01  -9.4716230e-01  -1.1721797e+00   3.9541282e-01
   2.0000000e+00  -9.3258099e-01  -1.6071756e+00   1.6520851e+00  -1.4015013e+00   7.7895582e-01   1.5693397e+00
   2.0000000e+00  -6.6276750e-01  -7.0802382e-03   5.5669825e-01  -4.2175810e-01  -6.9294289e-01  -1.9741607e-01
   1.0000000e+00  -9.5036831e-01   6.8864009e-01  -1.1041303e+00   1.0605604e+00   1.7363864e+00   2.1579127e-02
   2.0000000e+00  -1.3251361e+00   2.5882033e+00   1.6852696e+00  -1.9827239e-01  -2.2952036e-01  -1.7471963e-01
   2.0000000e+00   4.2833390e-01  -5.8773380e-01  -1.5895641e+00   7.5523728e-01   2.8442798e-01  -3.9160795e-01
   1.0000000e+00   8.8200525e-02  -1.3226373e+00  -2.0550326e+00   1.4415355e-01   2.6863955e-01   4.6117884e-01
   2.0000000e+00  -1.4396172e+00   1.8023816e+00  -1.2863525e+00  -8.3058109e-01  -2.3024033e+00   2.0824712e+00
   2.0000000e+00  -1.5872262e+00  -1.5818208e+00   6.4713257e-01   1.4687684e+00  -8.5758895e-01  -3.5214278e-01
   2.0000000e+00   8.9134135e-01  -7.3791732e-01  -5.4478401e-01  -4.4571775e-01   8.0847396e-02   9.1138641e-01
   2.0000000e+00   2.2064678e-01   1.1052650e+00   1.2843608e+00   2.2052924e+00  -3.4771465e-01  -1.5132755e-01
   2.0000000e+00  -2.8977356e-01   6.5938759e-01   2.9213967e+00  -1.9840270e+00  -1.9222584e+00   1.8126069e+00
   2.0000000e+00   1.4866785e-01  -4.3741202e-01   1.3921293e+00  -3.1123930e+00   6.3800279e-01   2.8417509e+00
   2.0000000e+00   3.7414324e-01  -2.5505665e-01   1.0765001e-01   2.3773418e+00   6.3146625e-01  -7.0305185e-01
   2.0000000e+00   2.1772128e-01  -2.3287970e+00  -1.7556525e+00   7.8570216e-01  -8.4153785e-01  -3.1898013e-01
   2.0000000e+00   8.1498327e-02  -1.5748070e-01   8.5503672e-01   1.6245024e+00   8.0009825e-01  -9.3007520e-01
   2.0000000e+00  -6.0932756e-01  -2.0249468e+00  -2.0792370e+00  -4.3512394e-01  -1.9395204e+00  -7.3431226e-01
   2.0000000e+00   5.9576635e-01  -1.2805847e+00  -2.3449323e+00  -7.5757077e-01   1.4484169e+00  -1.0649891e+00
   2.0000000e+00   2.1161162e+00   4.0644576e-01  -4.9308095e-01   5.1356178e-01   1.0511854e-01  -7.6800826e-03
   2.0000000e+00  -1.2108031e+00  -6.4068917e-01   7.2825236e-01  -1.6187433e-01  -5.3136450e-01   5.0372766e-01
   2.0000000e+00  -1.4421486e+00  -1.0704570e+00   5.1111915e-01  -2.1949901e-01   1.5158247e+00  -5.2272744e-01
   2.0000000e+00   2.5758146e+00   5.7148737e-01   8.5402295e-01   1.1374816e+00   1.2607523e+00  -8.0078164e-01
   2.0000000e+00   1.0353597e+00  -3.9359694e-01   6.7449802e-01  -3.2838049e-01  -9.8522282e-01  -1.5387347e+00
   2.0000000e+00   2.2324110e-01   3.7431437e-02   1.0173282e+00  -5.8221476e-01   1.6425675e+00   1.8296172e+00
   2.0000000e+00   4.3850469e-02  -7.4922412e-01  -1.0891103e+00  -9.0435839e-02  -5.7832856e-02  -1.1211761e+00
