   2.0000000e+00   2.5899420e+00   1.1019195e+00   3.7363208e-01   7.8998200e-01  -1.8666713e-01  -1.3925520e-01
   2.0000000e+00  -1.8693503e+00   3.2330188e-01   5.4426565e-01   1.1384654e+00  -4.7482276e-02   2.4770133e-01
   2.0000000e+00   6.2824166e-01   8.8443264e-02   8.2264260e-01   2.0547060e+00  -1.1597868e+00   1.1357349e+00
   2.0000000e+00   8.5611336e-01  -1.7877098e-03  -7.6717968e-01   4.8942928e-01  -9.1865869e-01   1.8270520e+00
   2.0000000e+00  -1.6725098e+00  -3.3744356e-01  -1.1771172e+00  -1.3583611e+00  -4.5240734e-02  -3.6472876e-01
   2.0000000e+00  -8.9011670e-01   1.6679376e-01  -3.0853068e-01   7.4774918e-01  -1.0914408e+00  -9.8326528e-01
   1.0000000e+00  -7.6505908e-01   3.4930959e-01  -3.3861295e-01  -7.2211137e-01  -1.5516793e-01   5.7597450e-01
   2.0000000e+00  -4.3770685e-01  -2.0237759e+00  -1.5988426e-01   5.4250674e-02   2.4478435e-01  -4.3401158e-01
   2.0000000e+00   1.3129126e-02  -3.5078204e-01   9.3512709e-01  -2.0367454e-01  -1.3638478e+00  -6.9096841e-01
   2.0000000e+00   8.0656306e-02   3.9455378e-01  -4.4193578e-01  -8.0456405e-01   1.1148917e+00   1.7061404e+00
   1.0000000e+00  -1.5826728e+00   9.4521739e-02  -4.7661413e-01   5.3932430e-01   1.3562506e-01   7.5262483e-02
   2.0000000e+00  -7.3581049e-02  -5.3256431e-02  -2.2992150e+00   3.6019303e-01   1.3846969e+00  -7.9139175e-01
   2.0000000e+00  -8.3587023e-01  -2.3177624e+00   2.2360511e+00   1.4968468e+00  -6.4416879e-01  -4.7001683e-01
   2.0000000e+00  -3.5765824e-01   9.2832090e-01  -8.7096696e-01   6.0092895e-01   1.8709685e+00  -1.6125995e+00
   1.0000000e+00  -4.7989844e-01   2.2948400e-01  -1.3369621e+00  -1.2560712e-01   3.5186372e-01   6.8022780e-01
   2.0000000e+00  -5.2480720e-02   4.7569729e-01   2.2629597e+00   5.4158861e-01   1.0568729e+00  -1.2408825e-01
   2.0000000e+00   8.7489157e-01  -9.8382499e-01   2.5862909e-01  -8.7528810e-01   4.7401197e-01  -9.2868283e-01
   1.0000000e+00  -7.0697431e-01   5.2675493e-01  -8.3247062e-01   7.2885370e-01   3.0734802e-01   3.8946596e-01
   1.0000000e+00   8.1339518e-01   4.3573888e-01   1.5521134e+00  -1.7277245e-01   1.2018623e+00   5.3967144e-02
   1.0000000e+00  -6.1078867e-01  -7.5500688e-01  -1.4151743e+00  -8.8527997e-02   2.5545774e+00   4.7193035e-01
   2.0000000e+00  -1.2082087e+00   3.2744825e-01  -2.8390474e-01   8.0339350e-01   1.6688812e-01  -2.3240027e+00
   2.0000000e+00  -7.4557975e-02   5.6026390e-01   4.4948902e-01   8.6358608e-01  -1.3605581e+00  -1.6732548e-01
   2.0000000e+00  -2.4594892e-01   1.1858867e+00   8.1018718e-02  -6.1803270e-01   4.9162718e-01  -1.1322892e+00
   2.0000000e+00  -4.8529832e-02  -1.0020412e+00   1.6445384e+00   1.2571885e+00   7.2537376e-01   1.8103232e+00
   2.0000000e+00   1.0849328e+00  -5.6064718e-01  -1.0589661e+00  -1.7441784e+00  -1.1313761e+00  -3.0521516e-01
   2.0000000e+00  -6.9272486e-01  -1.5390560e+00   1.2613813e+00   2.4272665e-01   1.3832863e-01  -1.3471709e+00
   2.0000000e+00  -1.3020354e+00  -1.0097505e+00  -6.9061428e-01  -2.1870165e+00  -1.2562449e+00  -6.9463974e-01
   2.0000000e+00  -2.6058409e-01  -1.3089951e+00  -7.9157207e-01  -9.3430987e-01  -1.5743087e+00   6.0802319e-01
   1.0000000e+00   5.3892945e-01  -1.2419335e+00  -3.0498300e-01   6.0315002e-01   1.7112147e+00   6.9376153e-01
   1.0000000e+00   2.0115845e-02  -7.6385946e-01   1.3207829e-01  -3.0455012e-01  -7.6314212e-01   3.2158261e-02
   2.0000000e+00  -2.5454839e-01   7.3362247e-01  -1.6668751e+00   1.0526999e+00   3.9376054e-01   2.7688721e-01
   2.0000000e+00  -2.3680990e+00  -5.9213033e-01  -2.0681273e+00  -1.2013813e+00  -5.8982575e-02  -7.0604598e-01
   2.0000000e+00   2.8127609e-01   2.8250837e-01  -1.3823390e+00  -1.0788232e+00  -1.1350846e+00   5.8477496e-01
   2.0000000e+00   1.2551832e+00  -5.3908009e-01  -9.1147952e-02  -1.3334314e+00   1.0105872e+00   1.3250372e-01
   1.0000000e+00  -3.3129377e-01   9.4589220e-01   1.0244652e-01   3.0810440e-01  -2.0446418e+00   1.3740062e-01
   1.0000000e+00  -2.4178670e-01  -9.5772176e-01  -2.5071062e-01  -9.2112047e-02  -1.3310717e+00   1.3153982e-01
   1.0000000e+00   2.2284600e+00  -8.9445330e-01   9.1268096e-01  -6.2981329e-02  -9.9075569e-01   1.4826670e-01
   2.0000000e+00   1.3621375e+00  -6.5924020e-01   1.5250933e+00   6.5520604e-01   2.5417619e+00  -1.9219500e-01
   2.0000000e+00   1.7198759e+00   1.0652163e+00  -1.9548894e+00  -3.5459173e-01  -2.2450557e-01  -9.2791089e-01
   1.0000000e+00   9.7882185e-01  -7.7872474e-01  -6.6099785e-01  -2.1340412e-01  -3.1870552e-01   1.5106512e-01
   2.0000000e+00   2.6650293e-01  -5.4361145e-01  -2.9413960e-01  -5.6640539e-01  -1.7797106e+00  -2.0656593e+00
   2.0000000e+00  -4.7611866e-01   5.1484059e-01   1.0475668e+00  -6.7971643e-01   7.4959576e-01  -5.2850790e-01
   2.0000000e+00  -9.3361734e-01  -1.3662115e+00   1.0304889e+00   5.4213889e-01  -1.1541026e+00  -7.4512292e-01
   1.0000000e+00  -5.1017035e-02   4.2152845e-01  -1.6093694e-01  -7.8194151e-01  -5.6028915e-01   1.7793718e-01
   1.0000000e+00   2.2751654e-01   9.3707636e-01   1.3823251e-01   4.8013044e-01   6.6751266e-01   3.6490960e-01
   2.0000000e+00  -5.8551996e-01   1.0703044e+00   4.7833957e-01   1.3087147e+00  -2.9168591e-01  -1.6879581e+00
   2.0000000e+00  -9.0776055e-01   2.3328880e-01   1.4753706e+00  -2.8381455e-01  -8.0110025e-01  -7.8677689e-01
   2.0000000e+00   1.6301616e-01  -6.8744006e-01  -9.5152831e-02   5.1476291e-01   4.3128721e-01  -8.5483016e-01
   2.0000000e+00   2.1442422e+00  -3.8794375e-01   2.6584611e-02  -1.5430154e+00  -1.6632614e-01  -2.4075334e-01
   2.0000000e+00  -9.3183805e-02   2.0403935e-01  -1.0214739e+00  -1.5017978e+00   3.2590890e-01   1.2065223e+00
   2.0000000e+00   6.8782878e-01  -2.4942148e-01  -2.1142213e-01   1.0515561e-01  -7.8695200e-01  -3.1303557e-01
   2.0000000e+00   4.2325355e-03   9.2611223e-01  -1.7276888e+00  -1.9338664e+00   1.5737851e-01   1.6307516e-01
   2.0000000e+00   1.4426878e+00   1.6676840e+00   6.2836247e-02  -6.9749846e-01   1.2030329e+00   7.9576601e-01
   2.0000000e+00   1.3207076e+00   2.3511289e-01   7.6578359e-01   1.0061609e+00   2.3586746e-01  -5.7123977e-01
   2.0000000e+00  -3.5196162e-01   2.1137591e-01  -6.9888597e-01   1.0098754e+00   1.0894533e+00   2.2794016e+00
   2.0000000e+00  -1.5351702e+00   8.9615565e-02   1.1187457e-01   2.0555312e+00   8.1017223e-01   7.2484697e-02
   2.0000000e+00  -2.7868275e-01  -4.0944580e-01  -1.4515270e+00   1.3670650e-02  -3.3930984e-02  -2.0145699e+00
   2.0000000e+00  -1.8362169e+00  -2.5874388e-01  -1.7205345e+00   8.2603622e-01  -5.9986298e-01  -4.5795419e-01
   2.0000000e+00  -1.7064408e+00   9.2032191e-01   2.2248876e-01   3.3978134e-01  -1.3306784e+00  -1.8444218e+00
   2.0000000e+00   2.7413797e-01  -7.4414706e-01   7.4145686e-01  -8.5621856e-01  -2.9508170e-01  -1.5021081e+00
   2.0000000e+00  -9.6181249e-02   9.7691618e-02   6.0607833e-01  -2.9119127e-02  -6.8400347e-01   1.5034842e+00
   2.0000000e+00   7.4627741e-01  -1.0117035e+00   1.2481376e+00  -2.3633804e-01  -7.1274878e-01  -8.8465648e-01
   2.0000000e+00  -9.1753059e-01   1.5431312e+00  -6.7460843e-01  -3.6349589e-01  -6.0724713e-01  -1.3183917e-01
   2.0000000e+00   5.1160420e-01   1.4971836e-01   3.0471385e-01  -5.9584176e-02  -7.2893337e-01  -1.0235101e-02
   2.0000000e+00  -6.6191848e-01   7.7696094e-01   1.9677750e-01   9.2339739e-01  -5.7939556e-01  -2.9239556e-01
   2.0000000e+00  -6.2170081e-01   4.6425423e-01   7.2449884e-01   8.5707154e-02   2.8725038e-01  -1.7493755e+00
   2.0000000e+00   1.1349871e+00   4.8647775e-01  -2.0341725e-01   4.9938537e-01  -2.2948524e-01  -1.0133339e+00
   2.0000000e+00  -1.0437111e-02   3.0146823e-01  -1.0207353e+00   6.4482481e-01  -8.1552963e-01   9.2582626e-01
   2.0000000e+00  -2.8146424e-01  -1.3548841e+00  -1.5289672e+00   5.0192557e-01   1.5113674e+00  -5.7027918e-01
   2.0000000e+00  -5.5942750e-01  -3.8245329e-01   2.5355120e-01   4.6338273e-01  -9.8707960e-01   1.2893441e+00
   2.0000000e+00   5.4828895e-01   4.2488492e-01   8.2048358e-01   9.4520610e-01   7.5978840e-01   7.3948138e-01
   2.0000000e+00   1.7664261e+00   4.1584803e-01   7.8260065e-01  -6.1263665e-02  -4.0146343e-01  -3.5228002e-01
   1.0000000e+00  -2.6843650e+00   3.6596353e+00  -1.3778902e-01   6.9688401e-01   2.1841693e-01   4.3855522e-01
   1.0000000e+00  -6.0959011e-01   6.8395108e-01   1.1321340e-01   6.0714129e-01  -6.6507801e-02   3.2113934e-01
   2.0000000e+00   2.2656234e-01   4.6913286e-01  -1.0708087e+00  -1.0769673e+00   1.1396421e+00   2.0891025e+00
   2.0000000e+00   5.9948966e-01   1.0276214e+00  -8.9297003e-01   9.7562823e-01  -1.0356882e-01  -7.3135505e-01
   2.0000000e+00   3.1321573e-01   1.0200346e-02  -5.2185002e-01   2.5234088e-01   4.6305505e-01   1.7019362e+00
   2.0000000e+00  -1.0944898e+00   1.1230275e+00   3.7986671e-01   1.3967407e+00  -3.6019713e-01  -6.6505837e-01
   2.0000000e+00  -1.0000556e+00   9.6661090e-01   9.2559882e-01  -8.6154430e-01   2.6052153e-01  -1.4033964e+00
   2.0000000e+00  -1.3578428e-01   7.1111305e-01  -4.9849453e-01  -2.2249579e+00  -1.8149112e+00  -3.6678593e-01
   2.0000000e+00  -1.0982028e+00  -4.2406493e-01  -2.0726918e-01  -1.1782775e+00   1.1024920e+00  -1.3898114e+00
   1.0000000e+00   7.5945992e-01  -6.1284268e-02  -2.6341510e-01  -1.3234600e-02   1.1422842e-01   8.0962922e-01
   2.0000000e+00  -1.0789158e+00  -1.4532873e+00  -6.8620399e-02   1.3181752e+00   4.9500295e-01  -7.8555867e-01
   2.0000000e+00  -8.0968760e-01   7.6856713e-01  -1.5147364e+00   5.8680683e-01   2.4079114e+00  -5.0644441e-02
   2.0000000e+00   6.7895896e-01   5.6423237e-01  -6.7094954e-01  -1.0518271e+00   1.0152229e+00  -1.5602205e+00
   2.0000000e+00   2.6219158e-01   9.5004043e-01  -8.4806423e-01  -3.7824977e-01  -5.4525733e-01   1.5296069e+00
   2.0000000e+00  -7.5510417e-01  -7.6816729e-01  -9.5077320e-01  -4.4876017e-01  -2.0955419e+00  -6.2586708e-01
   1.0000000e+00   1.0705787e+00  -2.5646720e+00   3.3748499e-01   3.5858621e-01  -1.7348011e-01   2.6525347e-01
   2.0000000e+00   1.0344095e+00   1.4014309e+00   1.1248871e+00  -7.7912478e-01   1.2092311e-01  -7.3216813e-01
   2.0000000e+00   4.5283398e-01   2.0711872e-02   7.0880558e-01  -4.8429168e-01  -6.6267732e-01  -1.3851214e+00
   2.0000000e+00   1.3091407e-01  -2.3187139e+00   2.5247716e-01   1.5197148e+00   2.4175452e-01  -1.1405925e+00
   2.0000000e+00   4.0223602e-01   9.4480155e-02  -2.1996855e-01   1.6401325e+00  -2.6847444e-01  -3.4704992e-01
   1.0000000e+00  -4.8077659e-01  -1.1273876e+00   4.9539216e-01   8.2597945e-02  -1.2360950e+00   7.9000644e-01
   2.0000000e+00   1.4452180e+00  -7.6160338e-01  -1.0039971e+00   8.1083580e-01  -2.1129692e-01   6.8792922e-01
   2.0000000e+00  -1.1550992e+00  -6.8152175e-01  -1.1439015e+00  -7.6946074e-01   8.4502237e-02  -3.3860668e-01
   2.0000000e+00  -1.3046406e+00   1.1329519e+00  -3.3488029e-01   9.4437082e-02   6.4012397e-01  -2.0256777e-01
   2.0000000e+00  -1.0361360e+00   2.6621598e-01  -1.6166038e+00  -1.2517587e+00   3.2975623e-01  -9.5036352e-01
   2.0000000e+00  -1.1510651e+00  -1.3966779e-01  -8.6612112e-01  -3.4450805e-01  -1.1002954e+00  -6.7688503e-01
   2.0000000e+00  -6.9388746e-01  -1.3148747e+00  -1.6510248e-01  -5.3206265e-01  -2.5962831e+00  -1.4115015e-02
   2.0000000e+00   9.3546969e-01   1.0046794e+00  -1.1492264e+00  -1.4919463e-01   1.3433163e-01   1.9211297e+00
   2.0000000e+00  -1.5976800e+00  -9.4865915e-01   1.0440415e+00   1.0381381e+00  -8.5250843e-01  -1.4646603e+00
   2.0000000e+00   9.0365588e-01  -1.3724507e+00   4.1548466e-01  -2.4596909e+00  -1.9702480e-01  -2.3502322e+00
   2.0000000e+00  -4.7150986e-01   1.2398434e+00   1.2000271e-01   1.0296578e+00  -1.6644629e-01  -1.7814263e+00
   1.0000000e+00   4.6660670e-03  -3.6439633e-01  -1.1368158e+00   5.2754030e-01  -1.3530479e+00   3.8966627e-01
   2.0000000e+00   3.6588535e-01  -7.4332963e-01  -2.6430207e+00   5.7369742e-01   2.2249938e+00  -1.7516974e+00
   2.0000000e+00   9.9225607e-01  -1.5425239e+00  -1.6283842e-03   6.9740220e-01   1.3345329e+00  -1.1410526e+00
   2.0000000e+00  -1.0392024e+00  -1.0689333e+00   1.1825993e+00  -2.7238006e-01  -2.5004407e-01   1.3018796e+00
   2.0000000e+00   7.0392454e-02  -1.5940242e+00   4.9217999e-01  -7.2904832e-01   3.7737176e-01  -2.0713659e+00
   2.0000000e+00  -1.9150571e-02   4.1715101e-01   2.5836178e-01  -9.4419990e-01   6.5287267e-01   1.2927039e+00
   2.0000000e+00   7.1458021e-01  -1.3118387e+00   6.1298935e-02   2.3258134e+00   4.8369848e-01  -1.5490052e+00
   1.0000000e+00   1.1045286e-01  -3.1828242e-01  -1.3578847e+00   2.8017429e-01   1.8692383e-02   6.9672586e-01
   2.0000000e+00   2.0831913e-01  -5.4613336e-02  -1.8360265e+00   1.4252557e+00  -1.8471404e+00  -9.4517637e-01
   2.0000000e+00   2.4876543e-01   9.9633462e-01   8.1242946e-01   1.4358058e-01   9.5238468e-01  -1.2404252e+00
   2.0000000e+00  -9.1602964e-01  -1.0493712e+00   1.2266046e-01  -2.0503910e-01  -1.1037348e+00  -1.6480492e+00
   2.0000000e+00  -3.9297727e-01   4.1519054e-01   9.0614102e-01   1.1861880e+00   8.0752119e-01  -1.1407058e+00
   2.0000000e+00   1.5373758e-01  -3.8737677e-01   4.8418759e-01  -1.6065566e-01   9.6335565e-01  -3.1940305e-01
   2.0000000e+00  -1.1044867e+00  -1.3809322e+00   2.5131027e+00   8.3081780e-02   2.3002219e-01  -1.0592836e+00
   2.0000000e+00  -4.7190926e-01  -5.3295730e-01   2.5427902e-01   1.8344919e+00   8.7143619e-02  -3.0945503e-01
   2.0000000e+00  -8.3418515e-01  -7.2442834e-01  -5.6360420e-01   1.3375580e+00  -6.5781646e-01  -5.0015808e-01
   1.0000000e+00   1.2915128e+00   1.3852289e+00   7.3348468e-01   5.2538739e-01   1.6947502e-01   5.9299973e-01
   2.0000000e+00  -8.7101514e-01  -2.0160142e+00  -3.2709449e-01  -1.0014953e+00   1.0160784e+00  -9.7364405e-01
   2.0000000e+00   8.8288603e-01  -2.3855961e+00   5.8088953e-01   9.3834310e-01  -2.6879221e-01  -1.5401032e-01
   1.0000000e+00   1.2462209e+00   1.3639166e+00  -1.4115554e+00  -9.7569713e-01  -1.8753000e+00   1.2687949e-01
   2.0000000e+00  -8.1167803e-01   1.2059299e+00   6.4570027e-01   1.3943764e+00   1.0647074e+00  -2.1132353e-01
   2.0000000e+00   2.4660826e-01  -7.6759315e-02   1.7685867e-01   5.5527646e-01   1.1029789e+00  -1.0803206e+00
   2.0000000e+00  -8.9962355e-01   8.3072209e-01   1.8105215e+00   1.6935575e-01   1.0601682e+00  -2.4198968e-02
   1.0000000e+00   3.4476913e-01   1.1843966e+00   8.4025623e-01  -2.6286075e-01   1.5318340e-01   9.3894050e-01
   1.0000000e+00  -2.7651960e-01  -1.1711932e+00  -1.3274875e+00  -3.1334551e-01  -2.3659802e-01   3.4172494e-01
   2.0000000e+00   9.7867208e-02  -6.2655193e-01   1.1102706e+00   8.3473604e-01   9.0267360e-01   6.2088946e-01
   2.0000000e+00  -1.0089332e-01  -9.1742938e-01   5.6106338e-01   5.5696208e-01   4.5411364e-01  -1.6207862e+00
   2.0000000e+00  -7.2193277e-01   2.5518486e-01   7.3349339e-02   7.8822629e-01  -1.2205484e+00   1.3601177e+00
   2.0000000e+00   2.2671842e+00   1.6989828e-01  -1.3847759e+00   5.8174842e-01   8.0661484e-01   1.6790243e+00
   2.0000000e+00   1.2560187e+00  -1.9958351e+00   6.7003650e-01   1.3920131e+00  -1.6896217e-02  -6.9985876e-01
   2.0000000e+00   3.2091701e-01  -2.3221738e-01  -6.1940824e-01  -1.4005540e+00  -1.3176495e+00  -3.0963814e+00
   2.0000000e+00   2.6917789e-01   2.3516689e-01  -1.4107335e+00   1.7301876e+00   2.1230406e+00   7.3332407e-01
   2.0000000e+00  -5.9389554e-01  -2.2049673e-01   1.7167890e+00  -9.2940235e-02  -1.2430357e+00  -2.2335369e-01
   2.0000000e+00   3.4589889e-02  -5.7887899e-01  -1.3925461e+00  -1.2645638e+00   9.0656742e-01  -6.5065359e-02
   2.0000000e+00  -5.7226812e-02   2.5448669e-01   7.5990721e-01  -9.2607132e-01  -6.7706842e-02   1.3321649e+00
   2.0000000e+00  -7.3667468e-01   1.6499576e+00   2.6132675e+00   1.0433026e+00  -9.7695880e-03  -1.5114933e+00
   2.0000000e+00   8.0175031e-02  -6.9681292e-01  -4.8965436e-02   9.5275119e-01  -1.2150580e+00   9.7161925e-01
   2.0000000e+00  -5.4537276e-01   7.8430118e-01   5.2952419e-01   1.3323581e+00   4.9958605e-01   9.1419903e-01
   2.0000000e+00   9.1260655e-01  -7.4343369e-01   2.5531723e-01   1.1225471e+00  -1.8748660e+00  -7.2764342e-02
   2.0000000e+00  -1.7208999e+00  -1.0857951e+00   1.0370779e+00  -2.2600633e+00  -8.5878921e-01   1.1619976e+00
   2.0000000e+00  -5.9602132e-01   1.0886757e+00   9.6778991e-02  -6.8471841e-02  -8.2556122e-01  -1.4620065e+00
   2.0000000e+00  -4.3915970e-01  -3.5643599e-01   1.7569524e+00  -7.7667225e-01  -4.3559190e-01   1.5499360e+00
   1.0000000e+00  -2.7056997e-01  -8.6491572e-01  -8.7056997e-01   9.1166730e-01   1.3317444e+00   3.7230143e-01
   2.0000000e+00   7.7657287e-01   6.2073941e-01   1.3242317e+00  -1.6767232e+00   9.5185509e-01  -4.9611724e-01
   2.0000000e+00  -4.3726296e-01  -2.2117895e-01  -1.1564184e+00   1.6958189e+00  -7.4782366e-01   1.0705892e+00
   2.0000000e+00   6.8325545e-01   1.1240787e+00  -1.6794768e+00   1.4057650e+00  -3.4012365e-01   1.4402465e+00
   2.0000000e+00   5.9873642e-01   4.6783922e-01  -8.0550011e-01   7.9423929e-01  -1.2085865e+00   1.7326973e+00
   2.0000000e+00   1.3949649e-01   5.3947393e-02  -7.2947322e-01  -3.2161550e-01   8.5312030e-01  -1.6721290e+00
   2.0000000e+00   2.4932963e+00   2.6601110e-01   3.4424794e-01   4.4860761e-01   7.0240111e-01  -7.7705936e-01
   2.0000000e+00  -1.8544883e-01   2.5337258e-01   1.9163469e-01   5.0648500e-02   6.9896416e-02   1.4910810e+00
   1.0000000e+00  -1.4729519e+00   7.6790100e-01  -4.0629884e-01  -1.7267013e-01   4.7388559e-01   4.2874442e-01
   2.0000000e+00   6.9876541e-01   1.5157987e+00  -8.4901191e-01   2.0648462e-01  -1.3264033e+00  -1.9546037e-01
   1.0000000e+00  -2.5229289e+00  -1.3143467e+00  -7.8308082e-01   5.1357482e-01  -1.6931566e+00   8.1663950e-01
   2.0000000e+00   1.4131119e+00   8.6940204e-01  -2.5731664e-01   7.2923218e-01   2.6520992e-01   2.5918103e+00
   1.0000000e+00  -6.9484343e-01  -1.2988393e+00  -6.5542468e-01   2.2599592e-01  -3.4275616e-01   4.2032373e-01
   2.0000000e+00   9.2284243e-02  -8.1339545e-01   6.3482821e-01  -1.6341841e+00   8.6642016e-01   7.6129646e-01
   2.0000000e+00  -3.4109997e-02   8.9577103e-01   4.9584016e-01  -4.6105260e-01  -2.3789503e-01  -1.9582695e+00
   2.0000000e+00   6.5995144e-01  -2.6790961e-01   1.2681012e+00   9.6515393e-01  -1.0123119e+00   4.6770294e-01
   2.0000000e+00  -8.4714560e-01   1.1364852e+00  -1.3893667e-01  -2.1980169e-01   1.5029931e+00  -5.0916669e-03
   2.0000000e+00  -2.0913035e+00  -6.4374748e-01   3.7450590e-01   1.0909064e+00   1.2193378e+00   4.2048326e-01
   1.0000000e+00  -5.4635764e-01  -7.8304561e-01   3.2027849e-01  -5.3580665e-02  -8.0899133e-01   3.9035579e-01
   2.0000000e+00  -4.8227116e-01  -7.9050911e-01   1.7390777e+00   1.9928857e-02  -5.2461831e-01  -2.9931347e-02
   1.0000000e+00   4.6947155e-01   7.4273599e-01  -2.0248016e-01   8.1781795e-02  -4.1094093e-01   7.4960282e-01
   2.0000000e+00   6.6016284e-01  -7.5578956e-01  -4.3087512e-01   1.1163346e+00  -7.9124979e-02   6.4346235e-01
   2.0000000e+00  -1.1615348e+00  -5.2763948e-02  -7.0132954e-01   1.2634393e+00   8.9025188e-01  -8.9429103e-01
   2.0000000e+00  -2.4116282e+00  -1.1249512e+00   9.6065578e-01   1.3431444e+00  -7.8355571e-01  -4.7239466e-01
   1.0000000e+00   1.7360288e+00   1.2005425e+00   1.6087267e+00   7.7497346e-01  -1.0004984e+00   2.4308521e-01
   2.0000000e+00   1.2355728e+00   1.4858176e-01   1.1835777e-02   4.6221078e-01   3.4054529e-02   1.1798259e+00
   2.0000000e+00  -1.3761278e+00  -8.0054734e-01   2.0341062e+00   7.5071492e-01  -1.8348725e-01   1.7562876e-01
   1.0000000e+00   9.1616438e-01   2.2346587e+00   1.2614185e+00   4.7076839e-01   3.4572600e-01   2.1422963e-01
   2.0000000e+00   1.9343654e+00   1.5996625e+00  -4.9749816e-01  -1.6853288e-01  -2.2937148e-01  -8.1755048e-02
   2.0000000e+00   1.1139484e+00  -9.4446365e-01  -1.2285192e+00  -3.5614967e-01  -1.0090572e+00  -4.9457681e-01
   2.0000000e+00  -9.4991608e-01  -7.6620316e-01  -9.5642531e-01  -9.9595928e-01  -2.4319670e-01  -1.4072565e+00
   1.0000000e+00  -9.0242689e-01   7.6542165e-01  -7.2830613e-01  -7.1083094e-01   4.7779972e-01   5.4361820e-01
   1.0000000e+00   1.7499879e-02   1.0989540e+00   6.8138157e-01   5.6401556e-01  -5.3765067e-01   5.2137602e-01
   2.0000000e+00   5.6379232e-01  -2.1723466e-03  -8.6158237e-01  -7.2539097e-01  -1.0135920e+00  -1.6818676e+00
   2.0000000e+00   1.1711310e+00  -1.0650951e-01  -1.2919611e+00  -2.0342112e+00  -7.5832275e-01  -1.3722209e+00
   2.0000000e+00   5.1187640e-01   3.2544208e-01   5.1359795e-01   1.8981922e+00  -1.5308178e+00  -1.4356824e+00
   2.0000000e+00  -4.8788762e-01   2.1880685e-02  -1.7599130e+00   1.0356017e+00  -2.0546622e+00  -2.7542592e+00
   2.0000000e+00   8.3405263e-02   9.5665042e-01  -4.4364487e-01   1.3733846e-01  -5.1071431e-01   2.1301676e+00
   2.0000000e+00   2.0554179e+00  -5.0175455e-01   1.0828100e+00  -5.1846627e-01  -6.9806609e-01  -2.8167730e-02
   2.0000000e+00   4.8667668e-01  -8.1112915e-01  -1.8080149e+00   3.3045052e-01   6.4233018e-02  -2.0693454e+00
   2.0000000e+00   1.0488639e+00  -1.2647560e+00  -3.1466216e-01  -4.1886801e-01   1.0618550e+00  -7.7578646e-02
   2.0000000e+00  -7.1467839e-01   1.5749523e+00   6.0104606e-01  -7.8093306e-01   5.1243767e-01   1.7205524e+00
   2.0000000e+00   4.9042845e-01  -9.2552009e-01  -7.0202355e-02  -1.3896001e+00   1.4490647e+00  -5.8492224e-01
   2.0000000e+00   2.2279164e-02   1.3332887e+00  -1.4130860e+00   1.3870097e+00  -7.5929779e-02   9.5171500e-01
   1.0000000e+00   1.9752334e-01  -4.4152837e-01  -1.8969994e+00   3.6751613e-01  -3.1460247e-01   1.3104112e-02
   2.0000000e+00  -4.0657217e-02   7.3157256e-01  -1.4450963e+00  -6.7784508e-01   1.2404203e+00   1.8830999e+00
   2.0000000e+00  -5.1495816e-02   9.9787921e-01  -9.8407727e-01  -1.9076474e+00   1.4600273e-01  -8.1013854e-02
   1.0000000e+00  -4.7298331e-01   8.3970853e-01   5.4221348e-01   2.1003086e-01   7.2114058e-01   8.9290463e-01
   2.0000000e+00  -4.6885539e-01   5.7692336e-01  -5.1269066e-01  -1.3700359e+00  -4.2227078e-01  -1.8463963e-01
   2.0000000e+00  -4.3566036e-01   1.4088261e+00  -1.0639809e+00   4.7847320e-01  -1.2723827e-02   1.0393555e+00
   2.0000000e+00  -1.1614375e+00  -1.0692149e+00  -9.5529193e-01   3.5138963e-01  -8.1362202e-02  -7.1793973e-01
   2.0000000e+00  -1.2856298e-01  -9.9565350e-01   9.8074412e-01   1.1423740e+00   1.6382452e+00   1.1458929e+00
   2.0000000e+00   7.6345587e-02   2.2696966e-01  -9.0538006e-01   1.0614726e+00   7.8585593e-02  -1.1703821e+00
   1.0000000e+00   1.0204814e+00  -1.6879371e+00  -7.2983679e-02  -6.6788940e-02  -2.4001142e-01   3.9306448e-01
   2.0000000e+00   1.3759855e+00   1.8076303e-01   5.4638507e-01   3.7547286e-01  -2.3538684e+00  -1.1702589e+00
   2.0000000e+00   2.0005270e-01  -1.6387402e+00   3.2536098e-01  -2.7688062e-01   4.1957068e-01   1.6083621e+00
   2.0000000e+00   2.3429482e-01   1.7994012e+00   4.8483090e-01   1.2049013e-01   1.6266555e-01  -2.3541556e+00
   2.0000000e+00   3.1366289e-01   2.7835926e-01   8.5527840e-02   2.0135837e-01   7.6098376e-01   1.8418740e+00
   2.0000000e+00   4.1936936e-01   8.6538640e-01   3.5159652e-01   2.6260778e-01  -2.9431835e-01  -1.4788163e+00
   2.0000000e+00  -5.3396505e-01  -5.7272350e-01  -2.6964105e-01   1.3028020e+00   4.6935033e-01  -9.0541069e-01
   1.0000000e+00   4.0932817e-01   1.0791138e+00  -2.8445131e-01   4.0961262e-01   3.8485590e-01   1.4352391e-01
   2.0000000e+00  -4.8846233e-01  -1.9176760e+00   8.6773057e-01   1.0381988e+00  -9.8066448e-01  -3.7394484e-01
   2.0000000e+00   1.9600461e-01   1.4303909e+00   1.3555811e-02  -9.9455997e-01  -3.4176097e-01   2.2464173e-01
   2.0000000e+00  -7.6095034e-02  -1.3416285e+00  -1.0482452e+00   2.0678328e-01   8.6967485e-01  -4.4191252e-01
   2.0000000e+00  -2.6224500e-02   2.4407240e+00  -5.0036027e-01   5.5588395e-01  -6.8851629e-01  -1.6191191e-02
   2.0000000e+00  -1.6700123e+00  -1.0503973e+00  -6.2431988e-01   1.7324309e+00  -1.0027476e-01   9.8664966e-01
   2.0000000e+00  -1.0525347e+00   7.0360133e-01   5.4227321e-01   2.8955502e-02   4.5765663e-01  -9.6628499e-02
   2.0000000e+00  -1.7037331e+00   1.3261754e+00   5.4981354e-02  -1.1338415e+00   1.3941929e+00  -8.6537245e-01
   2.0000000e+00  -2.8674712e-01   6.6162473e-01   1.0300584e+00   1.3621169e+00   9.7388706e-01  -4.3829072e-02
   2.0000000e+00  -7.9515892e-01  -1.3292120e-01   1.7001501e-01  -5.1523999e-01   3.6622235e-01  -1.6059857e+00
   2.0000000e+00   1.2430038e+00   1.6311882e+00  -1.4427327e+00  -1.5999431e-01   1.1937267e+00   1.1448044e+00
   2.0000000e+00   1.6739550e+00   1.6486766e+00  -7.2689725e-02  -2.0190070e+00   5.1811079e-01  -3.3895767e-01
   2.0000000e+00  -1.4431450e+00  -2.8626242e-01  -3.1132137e-01   6.1119832e-01  -1.2578858e+00  -7.9967209e-01
   2.0000000e+00   4.4195806e-01   6.2660550e-01  -5.9747896e-01   2.9329975e+00   7.1235058e-01   8.7216553e-01
   1.0000000e+00  -1.5641033e+00   8.1725361e-01  -4.8243703e-01  -5.4488473e-01   7.0152152e-01   3.2878531e-02
   1.0000000e+00   1.7488641e-01  -9.1550838e-01  -8.1746909e-01   1.7387209e-01  -2.5610140e-01   3.6583407e-01
   1.0000000e+00  -7.1169644e-01   6.1976689e-02   9.0341650e-01  -1.0583704e-01   1.7762224e+00   3.5063404e-02
   2.0000000e+00   3.7052178e-01   1.6329896e+00  -1.0444386e+00   3.8012626e-01   3.2116897e-01  -1.1610645e-01
   2.0000000e+00  -3.4770858e-01  -4.6239853e-01  -1.2386821e+00   7.1186572e-01  -1.2808928e+00  -3.1537712e-01
   2.0000000e+00   7.7481477e-01   1.4736335e-01  -8.8195381e-01   1.1827491e-01  -5.3287158e-01   1.2236824e+00
   1.0000000e+00  -1.2536871e+00  -5.8039177e-01  -6.3380860e-01  -5.8776841e-02  -1.1221967e+00   4.9097321e-01
   2.0000000e+00   4.9832493e-01   2.1774362e+00   5.5316228e-01   9.3223093e-01   1.2736050e+00  -1.3842690e-01
   2.0000000e+00   2.7984759e-02  -4.3653869e-01  -2.0613440e+00   7.9160691e-01   1.3686858e-01   1.0010304e+00
   2.0000000e+00   3.4626584e-01   3.0998052e-01  -5.9219398e-02  -1.6308684e+00   2.4315917e-02   5.8014543e-01
   2.0000000e+00   1.4750957e+00   1.5539356e+00  -7.6839439e-01  -5.2033719e-01  -2.9182789e-01  -1.5257887e+00
   2.0000000e+00  -3.0786836e-02   7.2665936e-01  -9.9107995e-01   3.6719852e-01  -2.2587993e+00   1.1622295e+00
   2.0000000e+00  -2.3087123e+00   4.6064725e-01  -1.0574695e+00  -1.9561495e+00   7.9042253e-01   9.7713973e-01
   2.0000000e+00  -2.1540170e+00   6.5200482e-01  -1.6201587e+00   4.6113081e-01   7.8436847e-01  -3.7459156e-01
   2.0000000e+00   2.8951691e-01   4.6341365e-01  -1.7217791e-01  -2.7323570e-01  -1.8579103e+00  -6.6704903e-01
   2.0000000e+00   3.1484656e-01   2.2532818e-01  -1.0028956e+00   8.3912835e-01   5.9176655e-01  -2.3381370e-01
   1.0000000e+00  -6.9457004e-01  -7.0251925e-02  -1.7393303e+00   4.9567618e-01   1.8213008e-01   4.7377595e-01
   2.0000000e+00   4.5044054e-01  -5.6463930e-01   1.2352438e-01   4.8934140e-01   1.1104822e+00   1.6793782e+00
   2.0000000e+00   1.5101664e+00   1.0452207e+00  -6.0731863e-01   1.6389582e-01   1.2455198e+00  -1.0548924e-01
   1.0000000e+00   7.4264552e-01  -3.8569711e-01  -1.9616698e+00   7.0814128e-01  -1.0452334e+00   4.8128292e-02
   1.0000000e+00   5.9231682e-01   1.3438621e-01  -6.6680476e-01   5.3772356e-01   1.7931011e+00   5.3899244e-01
   2.0000000e+00   3.8116204e-01  -1.4677006e+00   2.1992126e+00  -1.0795797e+00   1.0168723e+00  -4.2296188e-02
   2.0000000e+00   5.6513264e-01   7.6997569e-01  -4.7630177e-01   3.3322354e+00  -4.9333584e-01  -1.5734440e+00
   2.0000000e+00   1.1933542e+00   4.4232274e-01  -2.7596147e+00   1.1553096e+00   1.7157283e+00  -3.2748336e-01
   2.0000000e+00   1.0869590e+00  -2.7780090e+00   9.1387663e-02  -4.4644266e-01   2.0955334e-01  -2.0588826e-02
   1.0000000e+00  -1.2987296e+00  -1.4194182e+00   2.9389781e-01   3.2964247e-01   4.2639514e-01   6.5966651e-02
   2.0000000e+00   2.3377965e-01  -1.3698571e-01  -1.0876319e+00   1.0495485e+00   7.6305078e-01   1.4733327e+00
   2.0000000e+00   6.5390109e-01   3.5678662e-01   1.1429372e+00   7.0961677e-01   1.2968471e-01   1.2716703e+00
   2.0000000e+00   4.6206858e-02   6.5735750e-01  -2.7275974e-01   8.3578154e-01   3.5738778e-01  -1.5139984e+00
   2.0000000e+00  -7.0856389e-02  -1.3802054e+00  -3.9775440e-01  -8.7226053e-01   7.6842951e-02  -1.3360510e-01
   2.0000000e+00   8.9461487e-01   2.9474711e-02  -2.0992081e-01  -2.5239570e+00   2.4700654e-01   4.9610261e-01
   2.0000000e+00  -1.0204597e+00   1.3062120e+00   8.2466493e-02  -1.0579338e+00  -7.9162846e-01   1.3385488e+00
   2.0000000e+00   3.0413383e-01  -2.0212412e+00  -2.3654676e-01   2.4437200e+00  -1.5829946e-01  -8.0894085e-01
   2.0000000e+00   9.4409066e-01  -2.9593446e+00   4.4587432e-01  -1.0629187e+00   6.8573977e-01   1.3878525e+00
   2.0000000e+00   8.3305585e-01   2.0162724e+00  -1.1847378e+00   2.6033933e-01  -4.0470618e+00  -8.5228298e-01
   1.0000000e+00  -7.6594745e-02   8.8489689e-01  -2.9527849e-01  -2.9064944e-01  -3.2130344e-01   5.6598717e-03
   2.0000000e+00  -5.0268729e-01  -1.1237860e+00  -8.2205934e-01   1.5864507e+00  -1.5499256e+00   1.0292372e+00
   2.0000000e+00   3.8475941e-01   6.8925701e-01  -4.2830500e-01  -6.2669872e-01   1.2158740e+00   1.2155732e+00
   1.0000000e+00   5.2942154e-01  -8.3777037e-02   8.9646367e-01  -2.4921906e-01   1.9126337e-01   3.7779160e-01
   2.0000000e+00   2.5712139e-01   1.0226954e+00   2.2799371e-02  -8.3649747e-01   1.0600557e+00   6.6303876e-01
   2.0000000e+00   2.4342745e-01  -5.9159170e-02  -1.2155010e+00   7.2463837e-01   5.4427151e-01  -9.7039751e-01
   1.0000000e+00  -4.6285637e-01   7.5007038e-01  -1.2197733e+00   7.8855260e-02  -1.5151877e+00   4.0662733e-01
   2.0000000e+00   5.5189814e-01  -1.9032735e-01   1.4817949e+00   1.0010016e-01   3.0832566e-01   1.3401435e+00
   2.0000000e+00  -1.2426605e+00  -2.4226165e-01   2.2412275e-01  -1.4387125e+00  -3.3388197e-01   1.5032219e-01
   2.0000000e+00   1.4156129e+00   1.0456685e+00   2.0421172e+00  -3.6655257e-02   1.0230720e+00  -1.2091983e+00
   2.0000000e+00  -3.1236235e-01  -1.0537207e+00  -1.8026710e-01  -1.7041693e+00   6.7463062e-01   1.6950110e+00
   2.0000000e+00  -5.8029396e-01  -1.1780648e+00   1.3263892e+00  -5.4072317e-01   3.4005082e-01   1.8335547e+00
   1.0000000e+00   3.7063303e-02   4.3989781e-01  -5.2842066e-01  -7.3908374e-01   9.9539783e-01   5.0531175e-01
   2.0000000e+00  -4.5820366e-01   3.6773119e-01   8.7368510e-01   1.2502316e+00   3.2210973e-01  -1.1878798e+00
   2.0000000e+00   1.7528559e-01  -1.4598913e+00  -3.7911855e-02   9.6056192e-01   7.0078938e-01  -6.8529380e-01
   2.0000000e+00   8.4256175e-01  -1.5435339e+00  -1.0005193e+00  -8.8116135e-01   1.7101447e+00   7.5602241e-01
   2.0000000e+00   8.8715462e-01  -3.4799018e-01  -6.4037570e-01  -9.7905268e-01  -5.7397795e-01  -1.6051938e+00
   2.0000000e+00   4.1231085e-01   4.2164425e-01   1.9462057e+00   1.3130612e+00  -2.8885267e-01   1.4739086e-01
   2.0000000e+00  -1.9129115e+00  -1.4149124e-01  -2.4138804e+00  -1.5256142e+00   1.8821706e-01   4.2040323e-01
   2.0000000e+00  -1.5768522e+00  -7.9245703e-01   4.3379887e-01   1.4702993e+00  -1.5877105e-01  -1.8784422e-01
   2.0000000e+00  -1.0950285e-01  -1.1388001e-01  -9.8823199e-01  -7.9996651e-01  -2.1954596e+00   6.0842725e-01
   2.0000000e+00  -1.0189327e+00   1.4191194e+00   4.9911369e-01   1.0620545e+00  -6.4289038e-01  -8.6900252e-01
   2.0000000e+00   4.5241711e-01  -2.3883750e-02  -1.3661321e+00   8.2738149e-02   5.5955813e-03   2.6234881e+00
   2.0000000e+00   3.2821577e-01  -1.8284321e-01   9.2250142e-01   1.9158319e+00  -8.2367546e-01   1.2222792e+00
   2.0000000e+00   1.8538521e+00   4.5398289e-01   1.9876700e-01   1.0724502e+00   1.0697750e+00   2.0228043e+00
   2.0000000e+00  -1.5020992e+00  -1.0085818e+00   9.8717491e-01  -5.8944746e-01   5.3275350e-01  -1.3075586e+00
   2.0000000e+00  -2.6044999e+00  -6.1137184e-01   1.0131433e+00   2.0994280e+00   1.9496524e+00   1.0554551e-01
   2.0000000e+00   9.4161273e-01   1.0275275e-01  -2.2348003e+00   5.2613978e-01  -9.0416576e-01   1.1989289e+00
   1.0000000e+00   7.8247512e-01  -4.0270699e-01  -9.8588848e-02   1.9829362e-01  -1.6270532e+00   3.5927494e-02
   2.0000000e+00   1.2486014e+00  -7.9991294e-01   1.1036859e-01   4.2299722e-01   6.7660706e-01  -3.0147419e-01
   2.0000000e+00  -1.1635525e+00   9.3176574e-01   6.6497524e-01   7.7325789e-02   8.4694873e-01   1.0901845e+00
   2.0000000e+00   6.8360508e-01   1.5120547e-01  -6.1726376e-01  -1.1434091e+00   2.6814826e-01  -1.2869466e+00
   2.0000000e+00   1.0025486e-01   3.9864184e-01   9.2743252e-01  -2.5347886e-01   8.1900135e-01  -1.9560636e+00
   1.0000000e+00   1.8942562e+00   1.8175729e+00  -3.4872309e-01   4.1378742e-01   1.3477193e+00   1.8858541e-01
   2.0000000e+00  -1.3485641e-02  -1.3850358e+00  -6.1558320e-01   1.3388929e+00  -1.5390694e+00   1.3975660e+00
   2.0000000e+00   3.3938362e-01  -5.2295751e-01  -1.3063669e+00   1.2025471e+00  -1.7993992e+00   9.5419725e-01
   2.0000000e+00   1.7899188e-01  -1.1133219e+00  -4.8357243e-01   2.5386723e-02  -3.7097956e-01   1.2965994e+00
   1.0000000e+00   3.8307367e-01   7.0373694e-01   4.8178485e-01  -2.8546223e-01   9.1449975e-01   2.2898170e-01
   2.0000000e+00  -4.0812878e-01   6.6254965e-01   6.3759417e-01   8.9350229e-01   1.0061607e+00  -1.7470940e+00
   2.0000000e+00  -2.0922267e-01   7.3791524e-01  -6.2858519e-02  -1.6798919e+00  -7.1155400e-01   3.4402610e-01
   2.0000000e+00   1.3423687e-02  -6.3976638e-01   4.3050912e-02   3.0913947e-02   4.0796269e-01   1.4421197e+00
   2.0000000e+00  -7.5285477e-01   3.6523575e-01   8.1620131e-01   1.0221652e+00   1.2069753e+00   2.9579340e-01
   2.0000000e+00   1.5522235e+00   2.9351149e-01   6.9380967e-01   1.1937249e-01   1.5620326e+00  -8.2978240e-01
   2.0000000e+00   6.5107141e-01  -2.3604372e-01   1.0953714e-01  -1.0177723e+00  -1.8453335e-01   4.0607978e-01
   2.0000000e+00   1.2488058e+00   7.5417883e-01   1.4831872e+00   1.1633830e+00  -6.3188094e-01  -1.1116928e+00
   2.0000000e+00   2.7335317e-01   8.6347534e-03  -1.1708713e+00  -4.3381529e-01  -6.3441535e-01  -2.8619737e-01
   2.0000000e+00  -9.0820024e-01  -1.5810109e+00   9.4564683e-01  -1.5401004e+00   2.1440354e-01  -1.2515502e+00
   2.0000000e+00  -3.5441626e-01  -5.1905122e-01   1.7598966e+00  -3.5906081e-02  -3.6346918e-01   1.2154023e+00
   2.0000000e+00  -2.3485080e+00  -6.6474374e-03   5.3888713e-01  -1.9058198e-01  -1.3705128e+00  -1.7519631e-01
   2.0000000e+00   5.1223195e-01  -5.9036867e-01   2.0214738e+00   2.4897001e-02   7.6605442e-01  -6.3405682e-01
   2.0000000e+00   2.7532101e-01   5.2125211e-01   4.1637501e-01  -6.9346619e-01   1.1763970e-01   9.5156276e-01
   2.0000000e+00   9.8528528e-01  -1.3381041e+00   1.0595850e+00   6.5917218e-01  -1.1641942e+00  -1.1364158e+00
   2.0000000e+00  -1.0106430e-01   3.7084893e-01  -2.2793171e+00   9.4810873e-02  -1.3052306e-01  -1.2862875e+00
   2.0000000e+00  -8.2184802e-01   9.4945720e-01  -4.4450631e-02   9.7206335e-01  -1.3768111e+00  -1.4236637e-01
   1.0000000e+00  -3.8669343e-01  -1.8214610e+00   7.0186331e-01   7.1321688e-01  -9.3894798e-02   4.1146673e-01
   2.0000000e+00  -2.6696148e-01  -2.3497884e-01  -1.4363688e+00   8.6171031e-01  -6.1260505e-01  -1.8450003e+00
   1.0000000e+00   1.1190911e+00   3.7671293e-01  -7.6118855e-01  -6.4096031e-01  -4.3589714e-01   5.3232038e-01
   2.0000000e+00   7.8865755e-01  -5.5186892e-01  -5.3141424e-01  -1.8160151e+00   8.2554510e-01   2.9051365e-01
   2.0000000e+00   9.1675259e-02   7.0293891e-02   8.8502570e-01  -1.2053701e+00   5.0950930e-01  -4.9213568e-01
   2.0000000e+00   2.5312908e+00  -1.9271706e-01  -2.1624245e+00  -4.7571593e-01  -1.5186032e-01  -4.8206513e-01
   2.0000000e+00   6.9247633e-02  -2.7386361e+00   3.2501633e-01  -1.2219039e+00  -1.8006006e+00   2.0751285e-01
   1.0000000e+00   4.8888995e-02  -7.3397078e-01   2.0076360e-01   1.5235590e-01  -6.8349830e-01   9.1132864e-02
   1.0000000e+00   9.3502788e-01   2.8068747e-01   1.7133254e-02  -4.8817921e-01   2.5423576e-01   1.4934338e-01
   1.0000000e+00  -1.8385320e+00  -7.7996534e-01  -1.3736012e-01   8.2664231e-01  -8.0779381e-01   6.3847562e-02
   2.0000000e+00  -1.0089719e+00   1.9238444e+00   1.8533638e-01  -7.7934940e-01  -1.4025659e+00  -1.4699366e+00
   2.0000000e+00   1.3907769e+00   4.0777995e-01  -5.6742165e-01   1.8204151e+00   1.4455597e-01   1.8401490e+00
   2.0000000e+00   2.4352517e+00   4.4945506e-01   1.6845649e+00  -1.8380458e-01  -8.4109455e-01  -9.0702847e-02
   2.0000000e+00   1.8265682e+00   1.1799588e+00  -1.0313555e+00   1.3214143e+00   3.1155194e-01   5.4510900e-01
   2.0000000e+00  -2.1113454e-01   7.0307475e-01  -3.1132605e-01  -1.0348004e-01  -1.6391411e+00  -5.8386358e-01
   2.0000000e+00  -5.0412759e-01   1.1135442e+00  -2.3641379e+00  -2.4897735e-01  -1.3074861e-01   1.0822016e-01
   2.0000000e+00  -1.2976335e+00  -3.3757384e-01   2.9264058e-01  -1.6272138e+00   5.4520593e-01  -7.2512405e-01
   2.0000000e+00   1.0227244e+00   1.2607903e+00   1.1665020e+00   1.8456495e-01  -6.6612818e-01  -4.1704471e-01
   1.0000000e+00  -3.5668935e-01  -1.0362403e+00   6.5129176e-02   2.8264298e-01   6.8405405e-01   5.0152667e-01
   2.0000000e+00   5.2732783e-01   5.2852733e-01   9.3601795e-01  -2.8427984e-01  -1.3320689e+00   1.9528540e+00
   1.0000000e+00   1.9175219e+00   1.7998808e+00   3.0516765e-01  -3.3033713e-01   6.3869594e-01   9.2831679e-01
   2.0000000e+00   4.0221287e-01  -1.9375741e+00  -1.3892087e-01  -1.9148203e-01   8.1379180e-01  -4.6632338e-01
   2.0000000e+00  -1.0911885e-02   9.9051626e-01  -9.9695196e-01   4.6332917e-02  -3.5512256e-01   1.4442905e+00
   2.0000000e+00  -1.1986279e-01   4.2677744e-01   3.9022101e-01   6.0723691e-01   2.9312930e-01  -1.5078214e+00
   2.0000000e+00  -1.7689767e-02  -2.0326195e+00  -2.8766976e-01   5.3918831e-02   2.3502602e+00  -1.3247294e+00
   2.0000000e+00  -6.9252499e-01  -8.4065280e-01  -1.9412600e-01   1.3522647e+00  -1.2315360e+00  -9.5201991e-02
   2.0000000e+00  -1.1514598e+00   1.4779142e+00   2.2720781e-01  -1.1526238e+00   1.6752554e-01   3.2889867e-01
   2.0000000e+00   9.4140256e-01  -7.6201519e-01   6.9778399e-01  -1.1814123e+00   3.2959832e-03   3.8189636e-01
   1.0000000e+00   3.3101882e-01   1.4393688e+00  -3.3264115e-01  -1.3627859e-01  -8.3148298e-01   3.9768093e-01
   2.0000000e+00  -1.2804436e-01  -9.1802512e-01  -9.0869294e-01   2.4752283e-03   8.0080563e-01  -8.6264071e-01
   2.0000000e+00  -1.3677419e-01   4.0199255e-01   1.3726154e+00   1.6238466e+00   1.0645556e-01  -9.3068723e-01
   2.0000000e+00  -5.9733391e-01   5.8091649e-01  -7.0462105e-01  -7.3717696e-01  -9.3169450e-01   1.0636514e+00
   1.0000000e+00  -5.2939020e-01   9.7333173e-01   6.1542011e-01   1.0235857e-01   1.6604598e-01   2.5426515e-01
   2.0000000e+00  -3.6817159e-01  -1.4167908e+00   2.5653420e+00   6.5107377e-02   7.7286929e-02   1.2242432e+00
   1.0000000e+00  -6.1511588e-01   6.7456270e-02   9.2350279e-01  -6.5709771e-01   5.1572894e-01   1.1877650e-01
   2.0000000e+00   1.8872685e+00  -2.4885352e+00  -7.1850616e-01   6.9837283e-02  -1.4950405e-01  -9.4916202e-01
   2.0000000e+00   1.0084876e+00  -9.8862870e-01  -3.8732272e-01  -9.4855959e-01   8.6690573e-01  -1.0625362e+00
   2.0000000e+00  -1.9366355e-01  -2.2243065e+00  -2.6172283e-02  -7.5810912e-01   1.4056934e+00  -1.7359082e+00
   2.0000000e+00  -7.1247467e-01  -2.1474837e-01   1.3422524e+00   5.4740049e-02  -2.1799339e+00  -9.0001238e-01
   2.0000000e+00   6.1221196e-01   1.5194256e+00   1.6913887e+00   9.4172464e-01   6.7973574e-01  -1.0525677e+00
   2.0000000e+00   9.4507627e-01   8.7664051e-01  -1.5916108e-01   9.9108601e-01  -1.7426669e-01   9.3736709e-01
   2.0000000e+00  -3.1974074e-02   4.2445868e-01   1.3568891e-01   1.3396992e-01   2.8832576e-01   1.4667538e+00
   2.0000000e+00  -1.6938599e+00  -1.4216311e-01   3.4399553e-01   1.6009445e+00   1.2965416e+00  -6.9014790e-01
   1.0000000e+00   4.9057945e-01  -9.1511784e-02  -9.7968152e-01  -2.1141827e-01   7.9721229e-01   4.7777608e-01
   1.0000000e+00  -1.3621164e-01  -3.7788572e-02   1.0454599e+00   3.7101562e-01   1.0193503e+00   6.9705471e-01
   2.0000000e+00  -2.9793669e-01  -1.4155771e-01  -7.5427942e-01   1.1551048e+00   1.7403531e+00   4.6650028e-01
   2.0000000e+00  -1.1695397e+00  -1.5315810e+00   9.0809808e-01   8.7670924e-01   1.0286286e+00  -3.3699699e-01
   2.0000000e+00   1.0316681e+00  -3.2665176e-01   1.0486958e+00   1.2627205e+00  -4.4907571e-01  -6.9088521e-01
   2.0000000e+00  -3.1085180e-01  -2.2887486e-01   1.1339224e+00   2.9777192e-02   1.4610077e-01  -6.8575363e-01
   2.0000000e+00   1.1381166e+00  -7.5812941e-03  -1.2801571e+00   1.5158411e+00   1.4857661e+00  -2.8680154e-01
   2.0000000e+00  -5.7122093e-01   2.9718840e-01  -8.2160221e-01  -2.0092254e+00  -1.1306122e+00  -1.1789117e-01
   2.0000000e+00   4.0966042e-01  -6.4861886e-01  -1.9045248e+00  -1.1139740e-01   9.6050169e-01   6.7519129e-01
   2.0000000e+00  -6.5433036e-01  -1.6653627e-01  -8.3391770e-01  -2.6086028e-01   3.9342662e-01  -9.3022069e-02
   1.0000000e+00  -2.3428307e-01   9.3370404e-01  -8.7639977e-01  -8.1230739e-02   1.8965509e+00   2.9651786e-01
   1.0000000e+00  -3.5733865e-01   2.2483960e+00  -1.4985845e-01  -6.2800703e-01  -3.1434825e-01   8.1218436e-02
   2.0000000e+00  -2.4786023e-01   2.8012342e-01   1.6355423e-01  -7.8022305e-01   3.7701345e-01  -1.6006720e+00
   2.0000000e+00   3.2959339e-01  -5.5502988e-01  -1.6173025e+00  -1.1141351e+00   1.4702297e+00  -4.9409332e-03
   2.0000000e+00  -1.1188417e-01   9.8481367e-01   1.8173157e+00   2.3529291e-01   1.5066292e+00  -4.3109822e-01
   1.0000000e+00  -4.9034914e-02  -1.5018436e+00  -6.8020634e-01  -5.2005991e-01  -8.5995811e-01   4.4655191e-01
   2.0000000e+00   5.1216458e-01  -5.9073066e-01   1.0981391e+00   4.5329700e-01  -1.5047017e+00  -1.2515448e-01
   2.0000000e+00  -1.8023701e+00  -3.5993912e-01  -5.2783480e-01   1.4130160e+00  -3.0250519e-01  -4.2231014e-01
   1.0000000e+00  -1.3604056e-01   4.7173731e-01  -7.9674202e-01  -1.3672729e-01   7.3507968e-01   4.1237225e-01
   1.0000000e+00   1.9108076e-01  -1.4516125e+00   1.8881044e-01   8.6286485e-01  -2.7379615e-01   2.8427162e-01
   2.0000000e+00   2.0308204e-01  -1.3267188e+00  -2.6959239e-01   1.0497853e+00  -2.4918637e-01   1.5929515e+00
   2.0000000e+00   2.4804075e+00  -7.1729019e-02   1.0572179e+00  -1.5062972e+00  -1.1745239e+00   6.0220300e-01
   2.0000000e+00   1.6376641e-01  -1.6247222e+00   6.2713454e-02   3.7497961e-01  -1.1893243e+00  -9.8409029e-01
   2.0000000e+00  -5.1115314e-01   6.2565290e-01   1.1253395e+00  -2.8029851e-01  -8.0338392e-01  -1.5104811e+00
   2.0000000e+00  -1.2681572e+00  -6.9839167e-01  -4.7291899e-01   1.9391163e+00  -2.1908093e+00  -8.3561275e-02
   1.0000000e+00  -9.8933560e-02   1.1078853e+00   3.4748166e-01  -2.6467044e-01  -8.3301865e-02   7.1260006e-01
   2.0000000e+00   1.8630406e-01  -5.5316185e-01  -1.4999399e-01   4.1185008e-01   4.8689094e-01  -8.7242589e-01
   2.0000000e+00  -1.5638503e+00   6.6054964e-01  -1.0297524e+00   9.2372445e-02   2.2081928e+00  -1.4068062e-01
   2.0000000e+00  -8.4823577e-01   1.4808271e-01   1.4766915e-01   1.4447658e+00  -4.5048865e-01   1.5163198e+00
   2.0000000e+00  -9.7959833e-01  -1.6512583e-01  -1.0201821e+00   1.3140715e+00  -1.4120663e+00  -1.1062045e+00
   2.0000000e+00  -1.5065263e+00  -1.3277932e+00   1.1305803e-02  -7.1237312e-01  -2.4146831e-02  -1.5538839e+00
   1.0000000e+00  -4.0325393e-01   7.6022148e-01   1.3831128e-01   3.1539972e-01   6.9524560e-01   9.3210573e-01
   2.0000000e+00  -6.6354696e-02   9.3817262e-01   2.6405821e-01   1.4494493e+00   3.2394726e-01  -1.6869840e+00
   2.0000000e+00   4.4357629e-01  -2.0457349e-01  -3.4040869e-01  -1.0246863e+00   7.1641754e-01  -2.0231816e+00
   2.0000000e+00  -4.4154397e-01   9.7950561e-02   1.3279015e+00  -1.3105500e+00   7.0162908e-01  -2.7027875e-01
   2.0000000e+00   8.0586226e-01   1.0806034e-01  -9.5163343e-01  -1.1758371e+00  -3.7904725e-01  -1.1776726e+00
   2.0000000e+00  -9.5098132e-01  -1.4262722e+00   1.3554155e+00   5.7294999e-01   3.6893133e-01  -3.5664493e-01
   2.0000000e+00  -5.2959985e-01  -3.0648074e-01  -6.3781395e-01  -1.1318218e+00  -5.1160775e-01   1.4528906e+00
   2.0000000e+00   3.1102613e-01   1.8530411e+00   6.9056021e-01   1.7231643e+00   1.2485981e-01  -1.9039258e+00
   1.0000000e+00   2.5512240e-01  -2.5457379e-01  -5.1079880e-02   5.8405554e-01  -7.2265488e-02   3.3591476e-01
   2.0000000e+00   1.1691149e+00   8.3195524e-01  -1.8840874e+00   2.1111641e+00  -3.9742913e-01   6.5331178e-01
   2.0000000e+00   6.1534727e-01  -2.5244779e-01  -5.0651896e-01  -1.1828717e+00  -1.4346845e+00   1.9470943e+00
   2.0000000e+00  -9.7290600e-01  -1.9432982e+00  -1.6928844e+00  -4.5280807e-01  -3.9138116e-01   1.1269559e+00
   2.0000000e+00   1.4228430e+00  -1.2440469e+00   9.2488755e-01   5.0723880e-01  -9.2825394e-01   1.0582132e+00
   2.0000000e+00  -4.9781691e-01   1.2343160e+00  -9.9784394e-01   1.8515403e+00  -3.7327619e-01  -2.5867674e-01
   1.0000000e+00   3.7908887e-01  -4.1380973e-01  -8.6183654e-01  -4.1669375e-01   1.3177155e-01   8.0452290e-01
   2.0000000e+00  -3.9714858e-01  -5.5393946e-01  -8.2548069e-01  -4.9611111e-01   5.4971196e-01   1.0580924e+00
   2.0000000e+00  -3.7228179e-02  -1.5490673e+00  -1.5137785e+00   8.0607552e-01  -5.8917587e-01  -1.2081319e+00
   1.0000000e+00   8.7205234e-01  -7.2926303e-01  -3.1550430e-01  -2.7260416e-03   1.4439863e+00   2.5963499e-01
   2.0000000e+00  -1.4697642e-01   1.3268198e-01   1.2304941e+00  -1.4661395e-01  -1.1100242e+00  -1.2401355e+00
   1.0000000e+00   1.2592296e+00   1.5950262e+00   1.4588212e+00  -9.0692032e-01   1.9358474e-01   1.1009094e-01
   2.0000000e+00   1.8140195e-01  -4.4184767e-01   4.1861605e-01  -5.5077575e-01   3.9942814e-01   1.6285614e+00
   2.0000000e+00   6.7019547e-01   1.2189503e+00  -3.9872758e-01   5.4327027e-01   6.9544249e-01   9.2287809e-01
   2.0000000e+00  -2.8838366e-01   2.2215565e-01   4.9332468e-01  -2.8294988e-01  -1.5777878e+00  -1.4049672e+00
   1.0000000e+00  -8.8576249e-01   1.0722919e-01   7.4068165e-01   2.8720039e-01  -1.0835768e+00   4.1625607e-01
   2.0000000e+00  -7.5277326e-01   1.3607704e-01   9.2660988e-01   1.1355692e+00   4.2929909e-01  -3.2480761e-01
   2.0000000e+00  -7.3134685e-01   5.5868267e-01   1.0511428e+00   9.9837588e-01   5.1095636e-01   2.8309812e-01
   2.0000000e+00  -3.0516821e-01  -1.2230555e+00   8.3614968e-01  -6.8732526e-01   1.6530742e+00  -1.4926552e+00
   2.0000000e+00   5.0942429e-01  -9.8942866e-01  -1.7387899e+00   4.2380269e-01  -2.5483774e-01   1.1209619e+00
   2.0000000e+00  -6.4591876e-01   6.2938852e-01  -6.5444855e-01  -7.2975541e-01  -3.0209434e-01  -6.4976106e-01
   2.0000000e+00  -7.4357067e-01  -2.3159709e+00   1.7040637e+00  -1.0854157e-02  -4.1519470e-01   1.8565352e+00
   1.0000000e+00   9.3636147e-01   1.1570362e+00  -1.3465929e+00   1.7777180e-02   7.1979341e-02   2.2792811e-01
   1.0000000e+00  -4.7938252e-01  -2.3138999e-01  -1.1281153e+00   1.5688350e-02   7.1978805e-01   5.2694624e-01
   2.0000000e+00  -1.0962492e+00  -4.7778902e-01  -1.1439916e+00   1.1758147e+00  -6.2892449e-01  -9.4487591e-01
   1.0000000e+00  -2.4452802e-01   7.5551925e-02   2.4619984e-01  -2.7276292e-01   2.2615092e+00   5.2698663e-01
   2.0000000e+00  -5.1400728e-01   5.0618730e-01  -6.0933537e-01   1.6770919e+00  -3.1856132e-02   1.6740535e-01
   2.0000000e+00   1.2716315e-01   1.7199425e+00   2.7939442e-01  -6.9442668e-01  -8.5965978e-02  -1.1082006e+00
   2.0000000e+00   4.7579654e-01  -4.9329572e-02  -1.3262552e+00   1.9598129e+00   8.6289930e-02   8.6503414e-02
   2.0000000e+00   3.1469168e-01   2.2758629e-01   2.0542589e-01  -1.7064945e-01   5.2712968e-01  -3.2325662e-01
   2.0000000e+00   1.0508080e+00   1.1662910e+00   1.1161764e+00   2.0166710e-01   1.3917774e-01  -1.4804864e+00
   2.0000000e+00   5.4345515e-01   4.5360345e-01   2.4473706e+00  -5.7529740e-01   5.5143122e-01  -1.6439799e+00
   2.0000000e+00  -7.5053924e-01   4.0962663e-01  -7.5395891e-02  -9.1024152e-01  -1.9658372e+00   4.5776578e-01
   2.0000000e+00   9.6581244e-01   2.9476594e-01  -6.1494139e-01   5.2655304e-01   4.9990403e-02  -7.6309740e-01
   2.0000000e+00  -2.4982553e-01  -2.9095362e-01  -2.6667966e-01  -1.8075899e+00  -7.9897202e-01  -5.4420570e-01
   2.0000000e+00   6.6084563e-01  -3.6918263e-01   2.1841943e+00   2.1515270e-01   1.8653241e-03  -5.7050872e-01
   2.0000000e+00  -2.6693436e+00  -9.5634326e-01  -2.1005735e+00  -1.2132167e-02  -5.0621093e-01   1.1045058e+00
   2.0000000e+00  -8.2280810e-01  -1.8692049e-01  -2.0756291e+00  -1.6844274e+00  -7.2055514e-01  -4.8512802e-03
   2.0000000e+00  -2.4748503e-01   8.6066813e-01  -1.1323276e+00   8.0471226e-01  -1.0080553e-01  -7.4377633e-01
   1.0000000e+00  -1.4129541e+00  -4.5913686e-01  -7.0969819e-01  -2.3504249e-01   5.8335007e-02   7.1120156e-01
   1.0000000e+00   1.2293748e+00  -1.2358954e+00   3.9973101e-01   7.2730312e-01  -9.7177866e-01   3.9809645e-01
   2.0000000e+00   1.7181914e+00  -1.6416728e-01  -3.3928305e-01  -7.5748101e-01   5.7511341e-01  -7.9744009e-01
   2.0000000e+00   2.8290723e-01   6.0435231e-01  -1.1117859e+00   3.5650630e-01   4.8763281e-01   1.7184218e+00
   2.0000000e+00  -1.2026675e+00   1.3165620e+00   8.9104786e-01  -7.2211776e-01  -1.1471831e+00  -2.6240687e-01
   2.0000000e+00  -5.7416454e-01  -6.6713494e-01   1.0387840e+00  -1.9429695e+00  -4.9263982e-01  -2.7698813e+00
   2.0000000e+00   2.2563518e+00  -1.9083298e+00   1.9028080e+00  -9.1285239e-01   2.1457335e+00  -2.1753366e+00
   2.0000000e+00  -1.9931283e-01   1.4208111e+00   1.6447602e+00  -8.5691552e-01   4.0397057e-01   8.9097748e-01
   2.0000000e+00   1.5661012e+00  -2.8442499e-01  -7.4583198e-01   2.5009716e+00  -2.0491759e-01   2.1941907e+00
   2.0000000e+00  -1.4441362e+00  -5.4929940e-01   6.2919325e-01  -1.0517658e+00   1.5629245e+00  -1.5738521e+00
   1.0000000e+00   1.3867755e+00   1.5151522e-01   9.0243198e-02   2.2818472e-01   5.0172668e-01   2.5874254e-01
   2.0000000e+00  -3.0122384e-03   3.6908093e-01   7.4083924e-01   7.8731054e-01  -1.3289353e+00  -3.8463494e-01
   2.0000000e+00  -1.0361221e-01  -6.5225797e-01   1.4459401e+00  -1.0720128e+00  -1.3875594e+00   4.4903722e-01
   1.0000000e+00   1.0811382e+00   2.9190061e-01   5.3086975e-01   8.6881916e-01   2.0355354e+00   9.8986850e-02
   2.0000000e+00   4.8083159e-01  -9.9038165e-01  -6.8981808e-01  -9.4909987e-01   2.3376117e-01   2.3715782e+00
   2.0000000e+00  -3.9215362e-01  -2.9184201e+00   2.1346413e+00  -2.1692788e-02  -3.1672113e-01   1.7422737e-01
   2.0000000e+00  -7.7954210e-01   1.5057752e+00   9.7890409e-01  -9.0023007e-01  -7.8263532e-01   1.5782438e+00
   2.0000000e+00   1.2856527e-01   4.6155414e-01  -1.3703787e+00  -1.8102385e-02   1.5497975e+00  -3.4346136e-01
   2.0000000e+00   1.0007018e+00  -7.2985019e-01  -8.1244054e-01  -4.6267753e-01  -1.4882075e-01  -2.2793858e-01
   2.0000000e+00   6.0420764e-01   1.8657632e+00  -2.7263070e-03  -3.4321625e-01  -8.3463931e-01  -1.7009020e-01
   1.0000000e+00  -1.8303332e+00   1.4496431e+00  -6.9894212e-01   1.2690711e-01  -1.2823332e-01   4.7541726e-01
   2.0000000e+00  -1.6380798e+00   1.4647959e+00  -1.2233111e-01  -1.3995742e+00   8.1126345e-01   1.0556790e-01
   2.0000000e+00   1.7108756e+00  -3.1556164e-01  -7.0985650e-01   1.3123851e-01   6.2773379e-02   1.6442959e+00
   2.0000000e+00   3.9514135e-01  -2.5040568e-01   1.5621763e+00   1.9667254e-01  -1.1506539e-01  -1.3741971e-01
   2.0000000e+00  -1.0325188e+00   7.9968831e-01  -8.4361795e-01   1.4966669e+00   1.0759854e+00   1.1312397e+00
   1.0000000e+00   1.2130351e+00   5.7171605e-01   3.1675375e-01   4.7479732e-01   2.6279176e-01   8.6292940e-02
   2.0000000e+00   1.6221101e+00  -1.1903067e+00  -4.5878974e-01   1.6078748e+00   9.2719832e-01   1.7081586e-02
   2.0000000e+00  -1.3148707e+00  -1.7910415e+00  -8.3532424e-01  -1.3358874e+00  -5.8021326e-01  -4.6333737e-01
   1.0000000e+00   1.7907275e+00   2.0518958e+00   6.6965200e-01   1.1746707e-01   4.0769475e-01   6.6436477e-01
   1.0000000e+00  -3.4484434e-01  -8.1576670e-01   9.3421947e-01  -7.4367282e-02   1.5278348e-01   6.2122805e-01
   1.0000000e+00   2.5139617e-01  -8.5542744e-01   6.2449088e-01   8.8264729e-01  -8.8210057e-01   3.9953285e-01
   2.0000000e+00  -1.1328148e+00   5.5074851e-01   7.6258997e-01  -5.6580988e-01  -2.4624149e-01  -1.3214591e+00
   2.0000000e+00   8.5778685e-01   1.8344116e+00   2.0928737e+00   1.8770232e-01  -2.1809629e-01  -1.5268769e+00
   1.0000000e+00  -9.6008781e-01   1.2261445e+00  -3.3319297e-01  -3.7638707e-01  -3.6191190e-01   1.6534233e-01
   2.0000000e+00   2.7669886e-01   4.6633170e-01  -1.2969019e+00  -8.1169771e-01  -5.5809436e-01   1.1712320e+00
   2.0000000e+00   3.6578799e-02  -1.9997085e+00  -1.0450915e+00   1.2617520e+00   3.3026254e-01  -4.1144369e-01
   1.0000000e+00   1.1196322e+00   7.2104648e-01   1.4715489e+00   1.7763771e-01   9.3921916e-01   2.9330989e-02
   2.0000000e+00   4.1101575e-01  -7.5231476e-01  -2.0349883e+00  -7.4469111e-01  -3.3120022e-01  -7.9250143e-02
   2.0000000e+00  -2.4710393e-01  -4.8561487e-01   1.6438462e+00  -9.0526950e-01   1.2516742e-01  -9.5453826e-01
   2.0000000e+00  -7.1284077e-01  -4.1100525e-01  -1.3623933e+00  -5.9209614e-01  -1.4099393e-01  -6.1496636e-01
   2.0000000e+00   1.9943592e-01  -6.7878957e-01   1.2224207e+00  -1.5078068e+00   5.2444740e-01   1.3740622e+00
   2.0000000e+00  -9.3749994e-01  -6.5565635e-01   6.5430799e-01  -4.1550330e-01   2.1334377e+00   9.3268673e-01
   2.0000000e+00  -5.6449413e-01  -1.4165082e+00  -1.2541569e+00   1.2263338e-01  -1.0467360e+00   2.3795381e+00
   2.0000000e+00   3.7406765e-01   5.2835567e-02   6.9026109e-01  -2.9692491e-01  -5.2561149e-01  -3.8074992e-01
   2.0000000e+00  -4.1130188e-01  -6.3326252e-01  -8.4380215e-01   1.3451341e+00  -3.4141322e-01  -6.3491721e-01
   2.0000000e+00  -1.2334547e+00   2.9715954e-01  -5.0240606e-01   2.7419460e-01   1.4783544e+00  -1.0720384e+00
   2.0000000e+00  -4.2031354e-01  -1.8153608e+00   9.6578395e-01   5.1694888e-01   4.5377248e-01  -8.6665218e-01
   1.0000000e+00  -1.4455174e+00   2.0633037e-01  -6.2565104e-01  -5.9360455e-01  -8.9595981e-01   2.2197886e-01
   2.0000000e+00   1.4965247e+00   5.3049415e-01  -1.8988120e-01  -5.8614666e-01   5.8952965e-01   2.3400149e+00
   2.0000000e+00   5.8539948e-03   6.5303212e-01   6.4357638e-01  -1.5542949e-01   5.9379242e-01  -7.3259044e-01
   2.0000000e+00  -7.8382584e-01  -1.2813082e+00   2.1504754e-01  -9.7253568e-01   2.5420553e-02   5.5708995e-01
   2.0000000e+00   1.4841730e+00  -4.8521326e-01  -7.0793555e-01  -5.2901638e-01   1.9607667e-01  -1.3645372e+00
   1.0000000e+00  -2.7898081e-01  -2.7831783e+00   5.7704364e-01   7.7636916e-01  -4.8270808e-01   2.5696438e-03
   2.0000000e+00  -7.4563068e-01  -4.9011133e-01   6.5776896e-03  -4.8371973e-01  -5.0424628e-01  -8.4008680e-01
   2.0000000e+00  -1.6259172e+00   1.7527477e+00  -3.9714482e-01  -1.3721818e+00  -1.5049709e-01  -1.0360520e+00
   2.0000000e+00  -9.6821911e-01   2.6938093e-01  -1.3111989e+00  -9.5554769e-01   1.1710082e+00  -2.0473170e+00
   2.0000000e+00   1.0980956e+00   6.0729543e-01  -4.5183800e-01   1.2578218e-01   7.9626315e-01  -8.7496260e-01
   2.0000000e+00   7.0898990e-01  -2.0711840e+00  -1.6307685e+00   3.4442759e-01  -3.9696349e-01   1.6165127e+00
   1.0000000e+00   6.8785053e-01  -7.7759789e-01   4.4918241e-01  -6.2653082e-01  -1.2905882e-01   6.3555252e-01
   2.0000000e+00   3.4667609e-01  -9.9956654e-01   4.9226324e-01   4.5383860e-02   2.7187820e-01  -1.3614241e+00
   2.0000000e+00   2.9628724e-01  -4.3159261e-01   2.4477560e-01   3.5087696e-01   1.1215598e+00  -6.5941639e-02
   2.0000000e+00  -3.8846573e-01  -1.5799193e+00   7.6284458e-01   3.7260642e-01   2.1682033e+00  -4.6756806e-01
   2.0000000e+00  -7.1433783e-01  -8.7963857e-02  -1.0622639e+00  -1.3137907e+00  -1.2361514e+00  -1.2378073e+00
   2.0000000e+00  -1.0389296e-01  -4.6093477e-01  -2.5019551e-01   1.4801736e+00  -1.5809275e+00   1.9359559e-01
   2.0000000e+00   1.7252815e-01   4.6468040e-01   1.0848640e+00   2.3147323e-02   7.1033012e-01  -1.5038904e+00
   2.0000000e+00  -8.6438458e-01  -2.3141900e+00   4.7892090e-01  -6.2293010e-01   3.4443511e-01   1.1731156e+00
   2.0000000e+00   8.0199383e-01   5.9176094e-01  -2.2166433e-01   1.0158607e-01   1.4328033e+00  -8.3603748e-01
   2.0000000e+00   5.3493500e-01  -4.1468581e-01   5.5135587e-01  -1.1867833e+00  -1.8139334e+00  -9.0355474e-01
   1.0000000e+00   2.1048351e-01   1.6251781e+00   1.8947120e+00   5.7030074e-01  -6.3013512e-01   3.2459547e-01
   2.0000000e+00   2.6443841e+00   3.2391065e-01  -5.8545787e-01  -6.6358111e-01  -3.2489560e-02  -9.3259638e-01
   2.0000000e+00   2.5529390e+00   9.7450113e-02  -1.9086984e+00   2.4329120e-01   1.7382007e-01  -2.0363689e-01
