   2.0000000e+00  -8.3135120e-01  -2.2915646e-01  -4.3985497e-01   2.0862235e+00  -8.1660543e-01   9.4013930e-01
   2.0000000e+00   8.9091936e-01  -1.5624932e+00  -4.8804258e-01  -6.1731953e-02   5.1492558e-01  -3.0161395e-02
   2.0000000e+00  -8.3836787e-01   4.9650237e-01  -1.9137565e+00  -8.5869419e-01   1.4930417e+00  -9.2631304e-01
   2.0000000e+00   8.5900516e-01  -6.9419355e-01  -3.4693850e-02  -2.0967743e-02   4.3494565e-01   3.0497005e-01
   2.0000000e+00  -7.1137267e-01   6.7351738e-01   9.5502481e-01  -3.2937319e-01   7.9033784e-01   6.0065620e-01
   2.0000000e+00  -4.7016794e-01  -6.2121963e-01  -1.0016951e+00  -2.9166377e-01   7.2261079e-01  -9.1427551e-01
   2.0000000e+00  -2.0830244e+00  -8.2315739e-01   1.3570155e+00  -8.2469737e-01  -1.1478362e+00   1.0183784e+00
   2.0000000e+00   1.7810423e+00   6.4108106e-01  -9.9952388e-01  -1.1227993e+00   1.8269211e-01  -6.3754250e-01
   2.0000000e+00  -1.8923793e+00   2.8512279e-01  -7.4558320e-01   9.2941131e-01   2.9870206e-01  -1.3767713e+00
   1.0000000e+00  -3.8762028e-02  -8.1508510e-01   1.1037802e-01   4.6577582e-02   9.6646397e-02  -1.0095641e+00
   1.0000000e+00  -4.3587120e-01  -6.7654249e-02   9.0625567e-02   2.1536497e-01  -1.3229336e+00  -8.2377290e-01
   2.0000000e+00   6.5099734e-01  -8.4124193e-01   8.1134893e-01   2.0107973e+00   5.7837612e-01   1.3531629e+00
   2.0000000e+00  -1.2381864e+00   8.1743340e-02   1.5901496e+00  -8.6594706e-01   1.5796588e+00  -8.3118533e-01
   2.0000000e+00  -3.3055165e-02  -6.4859528e-01  -2.3617486e-01  -3.0791875e-01  -1.1271134e-01   1.1917775e+00
   2.0000000e+00   1.4588589e+00   1.4141955e+00   1.0695836e+00  -2.9019389e-01  -2.2470964e+00   4.1548341e-01
   2.0000000e+00   2.4263250e-01   9.4864188e-01  -1.5189320e-01  -4.3049708e-01   1.2532088e+00  -1.0073484e+00
   2.0000000e+00   2.6449955e-01  -1.1779901e-01  -2.0625002e-01   4.7307742e-01  -1.2657091e+00   1.9085162e-03
   2.0000000e+00  -7.5278658e-02  -1.3258494e+00  -8.2412693e-01   1.3747368e+00   3.4673598e-01   1.8699044e+00
   2.0000000e+00  -1.3656637e+00   2.1394065e-01  -1.7995652e-01   1.8399699e-01  -1.1913229e+00  -2.5040152e-01
   2.0000000e+00  -1.5257364e+00  -5.6985450e-03  -1.4108656e+00  -6.2623540e-01  -3.1047250e+00  -2.7082770e-01
   2.0000000e+00   1.5289853e-01  -4.0062960e-01  -4.9279899e-01  -1.4831160e+00   2.1947436e-01  -5.7600743e-02
   1.0000000e+00   1.1795869e+00  -2.1803807e+00   8.7993724e-01  -1.7715429e-01  -1.0344157e+00   2.3044573e-02
   2.0000000e+00   1.6096750e+00  -2.8681805e-01   1.7699985e-01   1.2121904e+00   2.6457092e-01   1.5694655e+00
   2.0000000e+00  -6.9167093e-01  -4.9681220e-01  -6.9551770e-01   6.3320224e-01  -9.4161671e-01   7.9428268e-01
   2.0000000e+00   1.1766318e-01   8.9908503e-01   8.6682570e-01   6.4041247e-01   1.7347646e-01   1.0245831e-01
   2.0000000e+00  -2.0754470e-01   2.8750646e-01   2.6045611e-01  -1.6461629e+00  -1.0034501e+00   9.3857520e-01
   2.0000000e+00  -2.0232812e-01   8.7082713e-01  -8.1225402e-01   1.2874756e+00  -2.5406931e-01   4.1443940e-01
   2.0000000e+00   8.1045095e-01   1.9843537e-01   7.8048213e-01   1.0195650e+00   1.4063454e+00  -1.0964541e+00
   2.0000000e+00   1.7439571e+00   1.1249396e+00  -2.3343851e-01  -1.6020931e-01  -3.6531078e-01   7.4348947e-01
   2.0000000e+00   1.5271767e+00   2.1565928e-01   3.1198610e-01   1.2140126e+00  -1.4162236e+00   6.7738169e-01
   2.0000000e+00  -9.5345177e-02   1.2457381e-02  -1.6662813e+00  -8.5024623e-03  -4.0027691e-01  -1.0258903e+00
   2.0000000e+00  -4.7298771e-02  -4.2176292e-01  -1.1465927e+00  -1.3274243e+00  -4.3478434e-01  -1.3187586e+00
   2.0000000e+00   3.4250486e-02  -3.6105832e-01  -9.9624298e-01  -3.1717377e-01  -2.7892899e-01  -8.9020788e-01
   2.0000000e+00  -6.0435146e-01  -1.5867633e+00  -1.8047471e+00  -8.0028114e-01   4.3039709e-02   3.8920798e-01
   2.0000000e+00   4.1821856e-01  -1.8456588e+00   2.1265371e+00   4.6572710e-01  -1.1328819e-01   4.5169669e-02
   2.0000000e+00   1.0253061e+00   6.1989620e-01   1.7447052e+00  -1.4910897e+00   3.3016428e-01   2.1957605e+00
   2.0000000e+00  -5.6577206e-01  -3.1087280e-02   1.8253301e+00  -2.2537746e-01  -1.3041591e-01  -5.2639924e-01
   1.0000000e+00  -1.2991969e+00   6.9764082e-01   7.1323142e-01  -2.6750553e-01   1.2060682e+00  -8.8433031e-02
   2.0000000e+00  -5.1285511e-01   3.1298841e-01   1.2480471e+00  -8.8224270e-01  -4.6642289e-01  -4.6610065e-02
   2.0000000e+00   2.0589532e-01  -2.2141423e-01  -1.2505812e+00   4.1568787e-01   6.7171532e-01  -7.8455243e-01
   1.0000000e+00   4.6676294e-01   1.5466997e+00   4.8738305e-01  -2.5523898e-01   1.1537142e+00  -1.3715494e+00
   2.0000000e+00  -1.3595092e+00   4.2444895e-01   1.7843329e+00   1.1521701e+00   4.3619214e-02  -8.8694888e-01
   2.0000000e+00  -1.6309991e+00  -1.6319027e+00   2.8557694e-01  -1.2182869e+00  -8.8528136e-01   7.4927998e-01
   2.0000000e+00   6.6437293e-01  -1.8250544e+00  -2.8950862e-01   9.1864933e-01  -2.3975980e-01  -2.0970861e-02
   2.0000000e+00   3.6813351e-01  -1.0320781e+00  -1.7003383e-01   3.5204506e-02   1.2872004e+00   9.3542643e-01
   2.0000000e+00  -3.2149736e-02  -4.4901609e-01  -1.2810397e+00  -3.9147868e-02   3.7315279e-01  -3.1531908e-02
   2.0000000e+00   1.9114467e+00   5.8067183e-01  -1.8210707e+00   4.7827417e-01  -1.3205287e-01  -1.2638495e-01
   2.0000000e+00   1.3505125e+00   9.6092485e-01   1.2668728e+00  -1.1605556e+00   9.0777161e-01   4.0642136e-01
   2.0000000e+00  -6.8778812e-01   1.1248038e-01  -1.2353730e+00   6.2708188e-01  -4.9436813e-01  -7.8270844e-01
   2.0000000e+00   9.5452969e-01   3.4338620e-01  -1.2978444e+00  -3.4691996e-01  -8.0367357e-01  -3.9095149e-01
   2.0000000e+00   4.7152314e-01   3.8491108e-01  -1.9431503e-01   1.2816580e+00  -1.0604850e+00   4.2983882e-01
   1.0000000e+00  -8.7135072e-01   3.1733443e-01   6.0025160e-02  -2.6188950e-01   8.3987496e-01   1.8232964e-01
   2.0000000e+00   1.6270426e+00   1.9418748e+00   2.0538423e+00   1.4032680e+00   8.5254396e-01  -1.5936661e+00
   2.0000000e+00  -2.5865811e-02   1.2596666e+00  -1.4451255e+00   1.5194719e+00   1.5175572e-01  -4.5150697e-01
   2.0000000e+00  -5.1332089e-01   5.3184149e-01  -2.6978472e-01  -9.2662452e-02  -8.4174388e-01  -1.4945818e+00
   2.0000000e+00   5.9646588e-01   3.3173639e-01  -5.9032518e-01  -6.2901099e-01  -2.9818968e-02   6.5949387e-01
   2.0000000e+00  -3.1733646e-03  -7.3415999e-01   1.0006532e+00   7.1709075e-01  -1.3248607e+00  -8.4844372e-01
   2.0000000e+00  -2.8451371e-01   8.8596741e-01  -3.9005663e-01   6.0891007e-01  -1.4166225e-01  -8.9974821e-02
   2.0000000e+00  -3.2292152e-01  -9.8174255e-01  -2.4736439e-01   1.1107298e+00   1.2848776e+00  -6.0729995e-01
   2.0000000e+00  -9.1397759e-01   9.9890738e-01   1.1871183e+00   1.4921379e+00  -9.6368280e-01   6.5941276e-01
   1.0000000e+00   1.0165957e+00   1.7907946e+00   2.4332186e-01   3.0901132e-01  -8.6885850e-01  -1.2627079e+00
   2.0000000e+00  -9.7206054e-01   1.6062051e-01   8.2393605e-01  -1.4743141e+00  -1.1230175e-01  -4.8780185e-01
   2.0000000e+00  -1.1030062e+00  -7.2289013e-01  -3.7353795e-01   7.5638085e-01   8.3625862e-01  -8.4681325e-01
   2.0000000e+00   1.7013762e-01  -3.2773926e-01   1.3319926e+00   2.4127055e+00   1.4570836e+00   2.6328890e-01
   2.0000000e+00   1.3814678e+00   1.2857048e+00  -8.6286580e-01   4.9975274e-02   2.1988266e+00  -5.4031265e-01
   2.0000000e+00  -1.1988146e-01  -1.4571230e+00  -4.7435380e-01   4.1435063e-01  -3.3726311e-01   2.2616840e+00
   2.0000000e+00   2.2336384e+00  -1.9789933e+00  -1.2853546e+00   1.7705378e+00   1.4611819e+00  -5.3076903e-01
   2.0000000e+00   1.1581123e-02  -1.0522786e-01  -8.5007390e-01   2.0007001e+00  -1.8136962e+00   1.1532007e+00
   1.0000000e+00  -1.3962798e+00  -1.7886056e-01   7.9304423e-01   1.8039103e-01  -3.0489725e-01   6.0820550e-01
   1.0000000e+00  -9.0156967e-01  -6.1114477e-01   2.7679630e-01  -5.8383706e-01  -1.1703440e+00  -7.6187377e-03
   2.0000000e+00   5.0891313e-01   1.1463973e-01  -3.7644205e-01  -2.5098181e-01   2.4392324e+00   7.9685250e-01
   2.0000000e+00   1.0340256e+00   1.3766764e+00   7.7090381e-01  -1.1490414e+00  -1.1999041e+00  -5.3898607e-02
   2.0000000e+00  -2.6430986e-02  -1.1360015e-01   1.1841582e+00   2.8559331e+00  -8.9731799e-01   1.6294899e+00
   2.0000000e+00   1.2249834e+00  -1.3417712e+00   9.4719707e-01   9.0731052e-01   2.5981980e-02   1.7775031e-01
   2.0000000e+00  -3.5751891e-02  -1.2212786e+00   1.8289110e+00  -8.0112658e-01   3.6128969e-01  -1.1379584e+00
   2.0000000e+00  -6.1332605e-01  -4.8135887e-01  -9.4602042e-01  -9.8284526e-01   1.6147036e+00   7.6411817e-01
   2.0000000e+00  -4.7720657e-01  -1.2729419e-01  -1.7030130e+00   1.6523394e-01  -1.3454713e+00  -4.1238816e-02
   2.0000000e+00  -5.1028933e-01  -1.0003900e-01  -2.8947505e-01   1.7875031e-01  -7.8504783e-01  -5.9269994e-01
   1.0000000e+00   5.9435689e-01   9.5607511e-01   1.6963209e-01  -6.6704094e-01   8.2255105e-01  -3.8638726e-01
   2.0000000e+00   1.7192824e+00  -7.0964167e-01  -9.7001234e-01   4.6489180e-01  -1.5707946e+00   1.8580914e+00
   2.0000000e+00  -1.6953332e+00  -8.0740029e-01  -7.1847315e-01   4.8789292e-02  -1.2696988e+00  -2.2756907e-01
   2.0000000e+00   9.0193325e-01  -1.1845480e+00  -2.3299466e-01  -8.4037928e-01  -1.6441856e-01   2.3393833e-01
   2.0000000e+00   1.3999260e+00  -9.1794027e-01   9.9745272e-01  -4.0438846e-01   4.2521436e-01  -5.6546122e-01
   2.0000000e+00  -1.7546395e-01  -1.8925061e+00  -2.8135853e-01   8.2801623e-01   2.2703365e-01  -1.8315271e+00
   2.0000000e+00   7.8697733e-01  -3.9045385e-01  -1.5167982e-01   4.4880266e-02  -1.2745988e+00  -9.0890637e-01
   2.0000000e+00   2.7610569e-01   2.5156626e-01  -1.9915340e-01  -3.4387444e-01  -1.6747886e+00   5.8426324e-01
   2.0000000e+00   6.6017497e-01  -3.4951817e-01  -1.4627719e+00   5.3332376e-02   1.3779465e+00  -3.7397473e-01
   2.0000000e+00   2.0408633e+00  -3.5987536e-01  -1.8975525e-01   7.6015844e-03  -1.7442663e-01   4.3176664e-01
   2.0000000e+00   7.3422290e-01   2.3794658e-01   1.4640560e+00   3.4758036e-01  -1.5417842e+00   3.6381778e-01
   1.0000000e+00  -3.6335692e-02   6.2009608e-01   1.0339831e-02   1.5353064e-01   5.1775849e-01   1.2741315e+00
   1.0000000e+00  -2.5017612e-01  -9.4845103e-01   1.7569108e-01  -1.1956730e-01   5.4052493e-01  -8.8266125e-01
   2.0000000e+00   1.0160471e+00  -4.6012451e-01   1.3893546e+00   3.3308521e-01  -6.8838118e-02  -9.5011376e-03
   2.0000000e+00  -2.7051144e-01  -1.5646235e+00  -1.5783564e+00  -9.4588586e-01   1.8968527e+00   2.0170209e-02
   2.0000000e+00  -1.1374029e+00  -1.6344945e+00  -1.6298310e-01  -1.4877970e+00   9.2219441e-01   3.5136166e-01
   2.0000000e+00   1.5675539e-01   5.2287083e-01  -9.9012541e-01   1.7271416e-01   7.8536950e-01   8.0430328e-03
   2.0000000e+00   2.2247868e-01   2.1175971e-01   1.1184341e+00  -1.2266270e+00  -1.1360119e+00  -3.4259071e-01
   2.0000000e+00  -9.6880488e-01  -1.8027836e+00   1.8895655e-01  -1.4392074e+00  -1.2363357e+00   2.1906544e+00
   2.0000000e+00  -1.9440764e+00   4.6928919e-01   1.1168938e+00   5.1514278e-01   1.2064011e+00   1.9809376e-01
   2.0000000e+00  -2.2530377e+00  -5.3764866e-01  -4.5207591e-01   4.8383914e-01  -5.7308404e-01  -4.7288931e-01
   2.0000000e+00  -3.1209555e-01   4.4011227e-01  -1.7511224e+00  -8.7502720e-02   1.2100212e+00  -1.1077125e+00
   2.0000000e+00   6.0408635e-01  -1.9951476e+00   1.7389232e-01   1.3339198e+00   1.1234993e+00  -2.4645673e-01
   2.0000000e+00  -2.2624107e-01   1.4529785e+00   3.2198169e-01   1.3469916e+00   4.0682376e-01   1.2970046e-01
   2.0000000e+00   7.2716953e-01  -1.5593333e-01   1.3004165e+00   1.1115746e+00   4.1908892e-01   1.6678613e+00
   2.0000000e+00   4.3100876e-01   2.6817700e-01   1.7398012e+00  -3.2620409e-01   4.5393023e-01  -2.8877097e+00
   1.0000000e+00  -3.7076684e-01  -1.7416599e-01   1.4994198e-01  -3.2701619e-01   5.0588512e-01  -9.4895350e-01
   2.0000000e+00  -9.4825650e-01  -4.3691043e-01   9.9271492e-01  -2.3501320e-01   3.9294406e-03  -3.3704436e-01
   2.0000000e+00  -1.1476513e+00  -6.4401683e-01  -4.2709977e-01  -1.2519518e+00  -1.7863447e+00   9.4148440e-01
   2.0000000e+00   2.0275563e+00  -3.8071205e-01   3.0888342e+00  -5.6382542e-01  -1.4183853e-02  -4.8299754e-01
   2.0000000e+00  -6.9937484e-01  -6.5395920e-01   1.2181124e-01  -2.6815477e+00  -9.4234472e-01   1.3241771e-01
   2.0000000e+00  -1.8154373e-02  -1.1410073e+00   3.3326267e-01   2.2079942e+00  -2.4071047e-01   8.7196916e-01
   2.0000000e+00  -9.1033214e-01  -4.2720750e-01   2.3655836e+00  -1.1314458e+00   1.0945667e+00   1.9639698e-01
   1.0000000e+00   2.7775737e-01  -4.5089713e-01   5.1676999e-01   5.7197490e-02  -6.5690913e-01  -8.6362718e-01
   2.0000000e+00   2.8282132e-01   1.3744452e+00   6.7584771e-01  -1.1839643e+00   1.9889127e+00  -8.3014075e-01
   1.0000000e+00   2.4442203e-01   2.3250851e-01   4.9632446e-01  -6.2361854e-01  -4.1120106e-01  -1.5312818e-01
   2.0000000e+00  -3.2877641e-01  -4.9425460e-01  -1.3556304e+00   1.0167842e-01  -4.1300755e-01   5.7882730e-03
   2.0000000e+00  -1.8031629e+00  -2.0424714e+00   7.2353526e-01  -7.6410031e-01   1.0165584e+00  -1.5260546e+00
   2.0000000e+00  -4.9105982e-01   5.6781845e-02  -2.3847508e-01   1.4776532e+00  -2.0849019e+00   1.7462527e-01
   2.0000000e+00  -1.7890109e-01  -3.8748866e-01   1.8840226e+00   8.1942019e-01   5.4718728e-01   2.5010881e-01
   2.0000000e+00  -5.7844664e-01  -1.1287998e-01   8.6102032e-01   1.2828054e+00  -1.2991299e-01   2.5959915e-01
   2.0000000e+00  -8.0432543e-01   1.4178539e+00   8.6703433e-01  -5.0478005e-01   1.3893092e-01   8.9861656e-01
   2.0000000e+00  -6.9056496e-01  -1.0208261e+00  -9.2264526e-02   6.1292009e-01  -2.3936969e+00  -5.7359497e-01
   2.0000000e+00  -1.3894953e+00   6.1293184e-01  -7.6581672e-01  -1.9856100e+00  -4.7645596e-01  -4.3298283e-01
   2.0000000e+00  -6.4916368e-01  -5.2066653e-01  -2.2613320e-01   7.5347763e-01   1.7712143e+00   1.6844199e+00
   2.0000000e+00  -8.4717262e-01  -1.0566802e-01   1.6961530e+00  -8.3798768e-01  -5.3390756e-01  -1.2524098e+00
   1.0000000e+00   4.2322441e-01  -8.4592886e-01   1.3865193e-01   3.2901299e-01   1.7350553e+00  -3.3445305e-01
   2.0000000e+00   6.5020859e-02  -6.2284985e-01   1.2286045e+00   3.0836444e-01  -5.8109128e-01   1.2062126e+00
   2.0000000e+00   5.2790225e-01   2.1506095e-01  -1.4569121e+00  -7.4481443e-01   6.5682971e-01   1.0848642e+00
   2.0000000e+00  -1.4961333e+00   5.6264098e-01   5.6600426e-01   1.3406106e+00  -4.5685470e-01  -4.4604512e-01
   2.0000000e+00   1.1355456e-01   9.7413641e-01  -1.0517019e+00  -2.2909628e+00  -7.1518492e-02   1.2348628e-01
   1.0000000e+00  -3.0572334e-01   1.4651687e+00   7.7499225e-01  -4.2082721e-01  -6.6641542e-02  -7.5976783e-01
   2.0000000e+00  -3.2709642e-01   4.7062815e-01   1.1787528e+00  -3.5693814e-01   1.9221115e-01  -1.6065023e-01
   2.0000000e+00  -1.4385757e+00   4.2562452e-01  -3.2051131e-01   1.8860754e+00   7.3952740e-01   1.2091797e+00
   1.0000000e+00   1.3770175e+00   1.2111713e+00   4.6461262e-02  -4.8053552e-01   2.3390547e-01   2.5659066e-01
   2.0000000e+00   5.7531667e-01  -3.6839405e-01   8.3075211e-01   1.2526861e+00   2.0954803e+00  -1.4626850e+00
   1.0000000e+00  -1.1557379e+00   2.5840291e+00   3.0000367e-01   2.8920676e-01  -2.2791011e-01   9.5822547e-01
   1.0000000e+00  -2.9553623e-01  -1.2490086e+00   3.2012129e-01  -9.5343520e-02  -3.6133267e-01  -8.5194743e-01
   2.0000000e+00  -5.4505946e-02  -7.2002152e-01  -1.1072993e+00  -7.9770428e-01   9.1471412e-01   5.2471559e-01
   2.0000000e+00  -1.7719862e+00  -1.0645416e+00   2.8996387e-01   1.1871277e+00   3.7847413e-01   8.8166892e-01
   2.0000000e+00   1.5628675e+00   5.9809043e-01  -2.2476961e-02   5.6197280e-01  -1.1660237e+00   6.3548518e-01
   2.0000000e+00  -1.3285107e+00   2.5052264e-02  -1.1799342e+00   9.0709326e-01   4.2610697e-01  -6.6690001e-01
   2.0000000e+00   7.3142286e-01  -2.0838668e+00  -4.9340438e-01   1.9727083e-01  -1.4745666e+00  -5.9652033e-01
   2.0000000e+00  -3.0328437e+00   1.8854955e-03   3.2767087e-01  -1.1630969e+00  -1.1481048e+00   8.0304497e-01
   2.0000000e+00   1.3261132e-01  -7.0640766e-01   9.4611749e-01   1.1844473e+00   5.8122293e-01  -9.4340678e-01
   2.0000000e+00   9.8940809e-01   5.7744588e-01  -7.7941858e-03  -8.9365103e-01   1.2879556e+00  -2.6013934e-02
   1.0000000e+00   3.9636357e-01   7.0465270e-01   7.7698371e-02  -4.2826825e-01  -6.7065956e-02   1.0069209e+00
   2.0000000e+00   1.1177486e+00  -6.0190303e-01   1.9200992e-01   1.8104569e+00  -1.9969001e-01   3.0841881e-01
   2.0000000e+00   3.5582283e-01  -8.4618621e-01  -7.6013272e-01  -1.3033020e+00  -7.1014939e-01   1.2045317e+00
   2.0000000e+00   1.1752940e+00   1.6067000e+00  -5.9678266e-01   2.5685510e-01   4.4155956e-01  -5.4670713e-01
   2.0000000e+00  -2.6111036e+00   1.0721897e+00   1.3281511e-01  -5.7502996e-01  -2.3185764e-01   8.7508449e-01
   2.0000000e+00  -1.0680169e+00  -4.4057670e-01  -1.2576180e+00   1.3942436e+00  -1.0591776e+00  -9.9572673e-01
   2.0000000e+00   1.7083139e-01   7.7223187e-01   1.3989740e+00  -7.7127406e-01  -6.1906235e-01   1.0996242e+00
   2.0000000e+00  -6.0604984e-01  -5.0819012e-01   7.7812325e-01   1.5178694e+00   5.5634733e-01   1.3530982e+00
   2.0000000e+00   5.5436484e-01  -1.5679641e+00  -6.8138877e-01  -9.6870936e-02   9.6861709e-01  -1.1861467e+00
   2.0000000e+00  -8.9033922e-01  -6.6779704e-01   7.2264951e-01  -1.1838082e+00   1.2850751e+00  -3.8918807e-01
   2.0000000e+00  -8.6686329e-01  -7.6956102e-01   1.7411269e-01  -1.1677719e+00   8.6020339e-01  -2.0853095e+00
   2.0000000e+00   1.9207217e+00   1.2763059e+00   1.6668205e+00  -7.4662611e-01  -6.9606701e-02  -7.6655100e-01
   2.0000000e+00   3.5665593e-01   6.5918214e-01  -7.2740265e-01   2.7986457e-01  -8.6374714e-01  -7.2490693e-01
   2.0000000e+00   2.0426168e-01   5.8417604e-02   1.0563638e+00   1.1253967e+00   1.9873270e-01  -9.1398399e-01
   2.0000000e+00  -4.2184112e-01  -1.0376825e+00  -2.7086713e-01   9.8604842e-01   2.7249945e-03   6.4391519e-01
   2.0000000e+00   9.1493471e-01  -1.5252034e+00  -6.2562338e-01   1.8618882e-01   2.4419782e-01  -9.2736098e-02
   2.0000000e+00   1.9405357e+00  -1.8344728e-01   1.2224639e+00   1.9343719e-01   8.7791950e-01  -4.3179528e-01
   2.0000000e+00  -4.6273045e-01  -5.2605282e-01   1.3504454e+00  -6.2452784e-01   7.2881061e-01  -1.2159589e+00
   2.0000000e+00   4.2363002e-01   1.7127989e+00  -2.9639314e-01  -3.7352666e-01   1.3318480e-01   5.3510729e-01
   2.0000000e+00  -3.3541824e-01   1.2392185e+00   7.0021099e-01   1.8831497e+00  -3.4362242e-01   8.0093278e-01
   2.0000000e+00  -5.8124913e-02   1.0647803e+00  -7.0706136e-01  -2.5158820e-01  -1.0416344e+00   7.9409458e-02
   1.0000000e+00  -5.4048581e-02   1.0649561e+00   7.6829101e-01   4.5517967e-01   1.3648984e-01  -3.4568180e-01
   2.0000000e+00  -2.1188691e+00  -1.7913964e-01   1.4958307e-01   3.4811545e-01   2.1976337e+00   1.6138050e+00
   2.0000000e+00  -5.7675313e-01  -3.8059563e-01   9.4647820e-01  -1.1714853e+00  -1.4027845e-01   1.6345174e+00
   2.0000000e+00  -6.5270894e-01  -9.9776629e-01  -8.5424031e-01   2.4775477e-01  -9.4004355e-01   2.8834535e-01
   1.0000000e+00   5.3641568e-01  -2.4609832e+00   3.0698347e-01   1.0599810e-01   1.5029854e+00  -1.4781912e+00
   1.0000000e+00   2.0315053e-01  -6.4408611e-01   1.5246758e-01  -7.4157445e-01  -7.1128675e-01   1.1436947e+00
   2.0000000e+00  -7.9204126e-01  -4.7165434e-01  -2.3816459e-01   8.3939090e-01  -5.5069829e-01  -4.8094205e-01
   2.0000000e+00  -2.7443896e+00   1.3614628e+00   3.5800981e-01  -1.5018905e-01  -6.0080229e-01  -1.5048607e+00
   1.0000000e+00   9.6164055e-02  -1.3392989e+00   3.5705371e-01  -4.4658491e-01   1.5171724e+00  -9.5738645e-01
   2.0000000e+00   1.3469128e+00   1.0718686e+00  -5.4747232e-01  -4.4120962e-02  -1.3589076e-01   8.7369795e-01
   2.0000000e+00   1.4649288e+00  -6.8645536e-02  -1.2679559e+00   7.5419543e-01   1.7685969e+00   4.7275368e-01
   1.0000000e+00  -2.1052659e-01  -6.6120727e-01   5.1329101e-01  -4.8123472e-01  -1.2427227e+00  -3.8530506e-02
   2.0000000e+00   6.1882700e-01  -1.0573230e+00  -1.1850467e+00   1.4502372e+00   6.2383108e-01   7.4180222e-02
   2.0000000e+00   1.2567113e+00   3.7006391e-01   9.8907330e-01  -6.2692772e-01   8.9544413e-01  -7.1319085e-01
   2.0000000e+00   5.7259832e-01  -1.2935684e+00   2.3934705e+00  -3.5493674e-02   2.0269814e-01   7.2354040e-01
   2.0000000e+00   1.5557700e+00   1.9670649e+00   8.4551963e-01  -1.4245943e+00   5.7938402e-01  -3.8993717e-01
   2.0000000e+00   1.6486070e+00  -4.1007852e-01  -1.4892008e-01  -1.4499347e-01   4.4897062e-01  -7.3517835e-02
   2.0000000e+00   1.0803428e+00   7.2904414e-02  -1.0820983e+00   1.6375477e+00   1.3676020e+00   5.6331219e-01
   1.0000000e+00  -8.4090388e-01  -8.3609855e-01   9.2539377e-02   9.5706284e-01  -1.5056071e+00  -1.1984785e+00
   2.0000000e+00   3.5813905e-01  -7.8420133e-01  -5.7201954e-01   8.9660079e-01   8.9796545e-01   1.0209484e+00
   2.0000000e+00   1.4599093e-01   4.8854549e-01  -6.3673382e-01   4.4208539e-01  -7.7634972e-01  -4.5222171e-01
   1.0000000e+00  -1.2522859e+00  -1.0655380e+00   7.2940928e-03   1.0148367e-01  -1.3275049e+00   1.6651502e+00
   2.0000000e+00   1.0604589e-01   2.3534930e+00   7.6634974e-01   1.5022248e+00  -3.8562235e-02   2.5183529e-01
   1.0000000e+00   1.0453935e+00  -8.6249123e-01   9.4297270e-01   3.2381824e-01   5.9673491e-01  -1.2344517e+00
   1.0000000e+00  -1.9509529e-01  -2.3733475e-01   7.9162502e-01   5.4376801e-01   1.6217741e+00  -8.0901084e-02
   2.0000000e+00   6.6652888e-01   2.8561407e-01  -1.3156263e+00  -5.1409485e-01  -1.3059367e+00   6.1641295e-01
   2.0000000e+00   7.1444712e-01   2.5524775e-01  -1.7106499e+00  -5.3653041e-01   2.0735721e+00   3.7415249e-01
   2.0000000e+00   8.9936441e-01  -8.8418387e-01  -4.6570938e-01  -4.4219923e-01   1.6086007e+00  -2.7174582e+00
   1.0000000e+00  -7.7230556e-01  -4.0295737e-01   3.0314997e-02  -2.3339429e-01   6.6914711e-01  -3.6447859e-01
   2.0000000e+00  -5.1457096e-01   1.8123548e+00  -2.2220970e+00   1.6650261e-01   7.1851352e-01  -8.6807592e-01
   2.0000000e+00  -8.2464651e-02  -1.2035153e+00  -1.8300362e+00  -1.3172440e+00   2.1207859e+00  -4.6880718e-01
   2.0000000e+00  -1.0035013e+00  -1.9356580e+00  -3.7363819e-01  -1.5813256e-01   3.2332580e-01  -1.4503611e+00
   2.0000000e+00  -1.0527342e+00  -1.2228604e+00  -1.4650645e+00   9.8022460e-02   1.5167709e+00  -8.1704778e-02
   1.0000000e+00  -2.2589247e-01   8.3640521e-01   7.4130589e-01  -5.8189200e-01  -1.4752389e+00   4.9110169e-01
   2.0000000e+00   1.3613599e+00   2.0847171e+00  -1.4711931e+00  -2.5622596e-02   1.0158861e+00  -7.9530657e-01
   1.0000000e+00  -5.7141771e-01  -5.7519915e-01   4.9167699e-01   3.3888176e-01   1.1013244e+00  -4.1011335e-01
   2.0000000e+00  -3.7016310e-01   2.1310834e+00  -2.0123728e-01  -6.3194796e-01  -8.2934895e-03   1.8023363e+00
   1.0000000e+00   2.9168264e-01  -3.0060791e-01   1.6367321e-01   8.9829797e-02  -6.1177776e-01  -1.7549889e+00
   2.0000000e+00   9.6846902e-02   1.0245218e+00  -1.5110626e+00   1.8689929e-01   3.4351319e-01  -3.2392455e-01
   2.0000000e+00  -2.7641194e-01   1.0955292e+00   1.1864397e+00   1.4954398e+00  -6.0577973e-01  -4.5164916e-01
   2.0000000e+00  -1.2212638e-01   1.0682411e-02  -5.5793070e-01  -1.8700413e-01   9.4852676e-01   3.0464760e-01
   2.0000000e+00  -1.2651604e+00   8.3482075e-02   1.2832202e+00  -1.3222472e+00   5.2137285e-02  -4.8990228e-01
   2.0000000e+00  -3.7713780e-02  -3.2589691e-01  -1.4896506e+00   6.4707118e-01  -1.0807352e+00  -2.5145203e-01
   2.0000000e+00  -1.1660873e+00  -1.0519354e+00   1.3024397e+00  -1.4611468e+00  -1.2273280e+00   2.0598935e+00
   2.0000000e+00  -3.0158729e-01   2.1679931e+00  -3.4256560e+00  -9.6492087e-01  -9.8886865e-02  -1.2046798e-01
   2.0000000e+00  -1.3375583e+00  -1.0798873e+00  -1.7140372e+00   4.8015472e-01  -1.1170041e+00   1.3689557e+00
   2.0000000e+00   1.8054883e+00  -7.7497133e-02  -1.2868827e+00   1.6316899e+00  -1.0926841e+00  -1.8847735e-01
   1.0000000e+00  -9.4396535e-01   1.6812780e+00   4.1038734e-01   3.2644029e-01   2.1663150e-01  -1.0827008e+00
   2.0000000e+00   1.1627032e-01   2.3460654e-02   1.1620383e+00  -1.6962895e-01   9.2945829e-01  -1.4845517e+00
   2.0000000e+00   6.6440231e-01  -1.0676429e+00  -9.0466638e-01  -1.8878786e-01   1.0703992e-01   1.5556551e-01
   2.0000000e+00   9.8588522e-01   2.1560646e-01  -2.3797750e+00   1.3035063e+00   1.5383767e+00  -9.3479044e-01
   2.0000000e+00   1.8924862e+00  -2.1375907e-01  -3.1018928e-01   1.3724808e+00   6.8057630e-02  -5.1365611e-01
   2.0000000e+00   5.8000525e-01   4.1431341e-01   9.2553816e-01   4.4401026e-01   1.2337353e+00  -6.9236700e-01
   2.0000000e+00   1.0042511e+00  -5.1669374e-01   3.4876548e-01  -1.0391073e+00   1.0668483e+00  -2.8964996e-01
   2.0000000e+00   2.7578295e+00   2.9190170e-01   2.2600148e+00   2.5804331e+00   1.0279845e+00  -1.6031950e+00
   2.0000000e+00  -1.3455480e+00   5.0832608e-02  -1.0217374e+00  -1.0040200e-01   1.1923749e+00   9.9815993e-02
   2.0000000e+00   1.4581611e+00  -2.9599632e-01   7.9354146e-02   1.0527584e+00   5.5988045e-01  -4.7858105e-01
   2.0000000e+00  -2.3652519e-01  -1.2460803e+00  -1.9671278e-01   1.5043225e+00  -1.0798584e-01  -1.1877545e-01
   1.0000000e+00  -4.1374058e-01  -1.0299284e+00   8.5206244e-01   2.9073164e-01  -2.6873512e-01  -1.1066153e+00
   2.0000000e+00  -1.1364367e+00  -2.3448135e+00  -6.2205021e-01   1.4212332e+00   8.2676484e-01   1.0741892e+00
   2.0000000e+00   1.6944482e-01   1.1840735e+00  -1.2127863e+00   8.8285769e-01  -1.1311599e+00  -6.3456996e-01
   2.0000000e+00   9.2996091e-02   3.4405794e-01   2.0724437e+00   8.0301107e-01   2.7684153e-01   6.8798456e-01
   2.0000000e+00   1.2498722e-01   1.1764861e+00  -1.2931712e-01  -1.0565309e+00   1.3514624e+00  -4.7304699e-01
   2.0000000e+00   1.0927586e+00  -2.9398115e-02  -5.3441559e-01   8.4902573e-01   1.8138235e-01  -7.3840777e-01
   2.0000000e+00   3.1492929e-01  -2.7362286e+00  -9.3642666e-01   8.2719874e-01   1.2127502e-01  -6.9941689e-02
   2.0000000e+00   5.1074217e-01  -1.0678715e-01   3.4119834e-01   1.0135730e+00  -1.2389786e+00   1.7450985e+00
   2.0000000e+00   9.2594391e-01   2.7751451e-01   1.2356711e+00   6.5129285e-01   7.3655188e-01  -4.7338175e-01
   2.0000000e+00   1.4677006e+00   4.8008414e-02   1.7894954e+00   4.5039657e-01  -5.0278838e-01   1.4638104e+00
   2.0000000e+00  -1.1629947e+00   2.3253331e+00   1.1511685e+00  -1.4597247e+00   1.7326099e-01  -6.2004009e-02
   2.0000000e+00   6.7345475e-01  -1.0812006e+00   9.1730289e-01   2.0664154e+00  -9.5098003e-01   1.3150288e-01
   2.0000000e+00   1.8599917e-01  -1.2341666e-01   1.0161340e-01   1.7270622e+00  -1.2558056e+00  -5.0183281e-01
   2.0000000e+00   4.2564066e-01   6.6575695e-01   2.9805406e+00  -2.7650201e-02   1.1991567e+00  -7.8981848e-01
   2.0000000e+00  -6.9753912e-01  -1.5169672e+00   4.5978797e-01   1.8005480e+00  -5.9840773e-01  -3.6505305e-01
   2.0000000e+00   7.9618924e-01   1.2552246e+00   1.5114785e+00   1.8848028e+00   3.2371728e-01   4.8494637e-01
   2.0000000e+00  -1.4278153e+00   1.0744709e+00   2.8547731e-01  -1.1969893e+00  -1.3531054e-01  -1.2040172e+00
   2.0000000e+00  -1.5081996e+00   1.1573256e+00   1.7865454e+00   6.4513893e-01  -1.6364779e-01  -7.5517119e-01
   2.0000000e+00  -9.6971141e-01  -7.2386804e-02  -2.3834169e-02   1.6757854e-01   8.0611934e-02  -6.5218292e-03
   2.0000000e+00  -1.5999299e-01  -1.1397715e+00   1.6625293e-01  -1.1951325e+00   9.1573902e-02   1.3039912e+00
   2.0000000e+00  -2.4113395e-01   6.0251623e-01  -1.1014876e+00  -1.1857826e+00   1.1094786e+00  -5.3347784e-01
   2.0000000e+00  -1.2876845e+00  -1.7420086e+00   2.5482855e+00  -1.7061196e+00  -1.2610909e+00   1.1734442e+00
   2.0000000e+00   1.1543009e+00  -2.8748716e-01  -5.7625751e-01  -1.8370922e+00   4.6334785e-02  -2.0060814e+00
   2.0000000e+00  -1.6738891e-01   6.2127369e-01   4.6022214e-01   1.5298389e+00   9.7334971e-01   9.6131107e-01
   2.0000000e+00   4.4458882e-01  -9.5757929e-02  -7.8720967e-01   1.5249011e+00   8.8792491e-02  -1.9297856e+00
   2.0000000e+00  -9.9360840e-01   1.8234207e+00   1.7516625e+00  -2.4726221e+00  -5.7010390e-01  -4.4439608e-01
   1.0000000e+00  -4.3486842e-02   1.6937961e-01   4.9196555e-01   6.2881975e-01  -2.8905600e-01  -4.6704410e-01
   2.0000000e+00  -2.9865795e-01   1.1349659e-02  -1.8552832e+00   4.8975986e-01   9.7314423e-03  -3.5384534e-01
   2.0000000e+00   1.3982853e+00   5.2378985e-01   1.2133793e+00   5.2254270e-01   3.9791587e-01   1.1201026e+00
   2.0000000e+00   1.1884552e+00   4.2400538e-01  -1.3715748e+00   8.4226532e-01   1.2226161e+00   6.3324128e-01
   2.0000000e+00   6.1016861e-01  -1.4968853e+00   7.8956287e-01   1.0494942e+00  -4.0221785e-01   9.7195201e-01
   2.0000000e+00   1.5900529e+00  -1.4256771e+00   3.6025235e-01  -1.0313418e+00   5.9994905e-02  -7.9790903e-01
   2.0000000e+00   8.5294398e-03   7.1370949e-01   5.0751449e-01   1.0834078e+00   4.6578835e-01   6.3407612e-01
   1.0000000e+00  -2.5946052e-01   2.0249648e+00   3.0335338e-01   9.4764356e-01  -1.1724064e+00  -1.7297975e+00
   1.0000000e+00  -1.4544556e+00   1.2827544e+00   5.7213676e-02   5.1438435e-01  -1.2696901e+00   1.7322358e+00
   2.0000000e+00  -6.5860966e-01  -9.6478856e-01   9.5791585e-01   1.8006172e+00  -1.3408449e+00   2.8607350e-01
   2.0000000e+00   2.4337877e-01  -7.0061375e-01  -6.5688014e-01  -1.3435854e+00   5.8593759e-02   1.5066247e+00
   1.0000000e+00   1.0971028e+00   9.3365078e-01   2.5661628e-01   9.6983919e-02   1.4869564e+00   5.5461860e-02
   1.0000000e+00   1.5829664e+00   1.3436281e+00   2.8988863e-01   3.2758995e-01  -2.8669161e-01  -1.0535879e+00
   2.0000000e+00  -6.3025207e-01  -9.0363204e-01  -3.0047044e-01   6.2486254e-01   2.0241308e+00  -6.2003045e-01
   2.0000000e+00   1.3524638e+00  -1.0681312e+00  -2.0043916e+00  -1.7388033e+00   4.5920841e-01  -9.1912439e-01
   2.0000000e+00   1.4464551e+00   5.1708234e-01  -7.2047418e-01  -1.9671153e+00  -9.2743280e-01  -4.5465484e-02
   2.0000000e+00   6.6254944e-01  -2.0623563e+00  -4.8005690e-02   3.8045087e-01   1.2337660e+00   2.1431197e-01
   2.0000000e+00   7.8900643e-01   1.1461757e+00   1.3303392e+00   4.1860130e-01   2.2029597e-01  -1.4083562e+00
   2.0000000e+00   9.0088712e-02   9.3717830e-01  -1.9286245e+00   1.3685315e-01   9.0353936e-01   1.0175111e+00
   2.0000000e+00   1.9266362e+00  -2.3672816e-01   6.2600304e-01  -3.7804492e-01   1.4074562e+00   9.5675891e-01
   2.0000000e+00  -1.3131166e+00   8.1810715e-01  -2.7075448e-01   5.6637106e-01  -6.1773700e-01   3.7828292e+00
   1.0000000e+00  -5.1861031e-02   1.0846278e+00   1.6202762e-02  -7.3023381e-01  -1.9992501e+00   2.2923720e-01
   2.0000000e+00  -2.4220496e-01  -9.1389164e-01  -9.0280468e-01   1.3999278e+00   1.4776165e+00   3.3836010e-01
   2.0000000e+00   5.3545422e-01   1.6384830e+00   5.6138293e-01  -2.0184215e+00  -7.0012470e-01  -3.5776281e-01
   2.0000000e+00  -9.2457940e-02   1.4239439e+00   1.8145152e-01   1.0795366e+00   4.9837150e-01   1.7210579e+00
   2.0000000e+00  -8.1346362e-01   1.2822580e+00   1.2156706e+00  -1.7277870e-01   2.3038848e-01   1.0710391e+00
   2.0000000e+00  -1.0612864e+00  -1.0173764e+00   1.8943234e+00   1.2960921e+00   1.0115366e+00  -6.8547802e-01
   1.0000000e+00  -8.7663882e-02   9.8801123e-01   4.6626938e-01  -2.1027720e-01  -5.3577280e-01  -8.6918265e-01
   2.0000000e+00   8.8252659e-02  -3.5151114e-01  -9.6393056e-01   1.5007859e+00  -1.7727969e+00   9.2965453e-01
   2.0000000e+00   7.6973322e-01   1.7659346e+00  -9.1474100e-02   8.2331591e-01  -3.5874544e-01  -2.1346098e+00
   1.0000000e+00   1.4179310e+00  -3.1874975e-01   2.7208314e-01   6.8649379e-01   1.6301144e+00   1.6056429e+00
   2.0000000e+00  -7.3212551e-01   3.7793385e-01  -8.6181867e-01   7.0513499e-01  -1.0389368e-01   5.8028603e-01
   2.0000000e+00  -2.6121173e-01  -6.7098575e-01  -6.7098017e-01   1.6443459e+00  -1.6955031e+00  -1.4035129e+00
   2.0000000e+00   8.9765808e-02   5.5196416e-01  -1.0297264e+00   1.0423694e+00   2.3120913e+00   8.0450252e-01
   2.0000000e+00  -2.3801611e-01   3.1535278e-01  -1.0268474e+00   9.2941191e-01   8.3343978e-02   7.4737023e-01
   2.0000000e+00  -8.6155378e-01   1.0236201e+00   1.7461986e+00  -3.1906976e-01  -1.8327241e+00   1.8956442e+00
   2.0000000e+00  -3.3586262e-02   6.8294716e-01  -6.1902446e-01  -1.5150996e+00  -4.0818010e-01   8.8861695e-01
   2.0000000e+00   2.1308499e-01  -1.0078021e+00   2.1168485e+00   1.6543540e-01  -6.3721073e-01   2.7566169e-01
   2.0000000e+00  -1.2204519e-01  -1.0500704e+00   9.1673817e-01   7.9901540e-01  -4.7595161e-01   4.1085607e-01
   1.0000000e+00  -1.2280058e+00   7.5815497e-01   6.0685162e-01   5.0050981e-01   4.1343775e-03   1.8857827e+00
   1.0000000e+00  -5.8244309e-01   1.8474590e+00   2.3364525e-01   1.3231206e-01  -7.5385777e-01   3.1931692e-01
   2.0000000e+00   7.1142676e-01   3.4725176e-01   1.9130469e+00   1.5155280e+00  -3.9624487e-01   3.3902835e-01
   2.0000000e+00   1.5126179e+00   8.0884344e-01   1.3496438e+00   1.0006008e+00  -6.8837045e-01  -3.0546258e-01
   2.0000000e+00  -5.5703558e-02   5.0335436e-01  -4.6478503e-02  -6.8617718e-01   2.1988571e-01  -6.2372861e-01
   2.0000000e+00   2.3111917e-01  -3.2586464e-02   9.8105646e-01   4.4381959e-01   1.0065860e+00  -6.1444423e-01
   1.0000000e+00   5.9924631e-01  -1.2844889e+00   4.0192229e-01   2.8881895e-01  -7.0712559e-01   6.6846680e-01
   1.0000000e+00  -1.7761556e+00   1.4352772e+00   1.1638731e-01   8.9045001e-01   1.0508757e+00   8.0557931e-01
   2.0000000e+00  -2.9458382e-01   4.5933559e-01   5.5244555e-01  -1.1706643e+00   1.3183538e+00  -1.1763162e+00
   2.0000000e+00   8.6840957e-01   1.8849640e-01   1.6433807e-01   1.0879713e+00   1.2284416e+00  -7.6818919e-01
   2.0000000e+00   5.9214914e-02  -4.9547567e-01  -1.0200494e+00  -3.1177055e-01   5.3978654e-01  -1.2776298e+00
   2.0000000e+00   4.7503834e-01   1.6324330e+00  -1.1831386e+00   8.3493781e-02  -1.3896850e-02   2.0989531e-01
   2.0000000e+00   7.4246834e-02  -1.0428584e+00  -8.1019102e-01   6.9485715e-01   9.1447632e-01  -2.3330589e+00
   2.0000000e+00   4.6423034e-01   4.1428690e-01   1.9237992e+00  -7.8054854e-01   1.9103639e-01  -2.6719717e+00
   2.0000000e+00   1.1427530e+00   2.4316436e-01  -2.6339765e-01   5.8996360e-02  -1.0626923e+00   7.7925934e-02
   2.0000000e+00   2.0972515e-01   1.6578569e-01  -6.3981702e-01  -2.0480414e-01   2.3741093e+00   2.0805371e-01
   2.0000000e+00   1.7653995e-01   5.3374601e-01  -1.0887794e+00  -8.2663117e-01   6.2689890e-01  -7.7776031e-01
   2.0000000e+00  -1.7063546e-01  -8.6823461e-01  -1.2430273e-01  -1.2510504e-01  -4.1539628e-01   1.4173835e+00
   2.0000000e+00  -6.6237208e-01   1.5467152e-01  -5.0145391e-01  -6.1424338e-01  -8.4162995e-01   1.7074954e-01
   2.0000000e+00  -1.5701627e+00   2.6694901e-02   9.8676033e-01  -2.7587626e-01   1.8086166e+00  -9.7632856e-01
   2.0000000e+00  -4.6996044e-01  -1.3766913e+00  -1.4384537e+00   1.3379958e+00   1.8182637e-01  -3.8073283e-01
   1.0000000e+00   7.5970680e-01  -1.9630626e-01   1.3704832e-01   5.7551002e-01   8.2976460e-02  -1.6224545e+00
   2.0000000e+00  -3.7753676e-01  -8.0774943e-01  -8.5889336e-01  -8.1332421e-01  -9.0756038e-02   3.9342009e-01
   1.0000000e+00   8.8743715e-01   2.0661573e-02   3.7890488e-02   1.9032571e-01  -7.0233746e-01   5.6472658e-01
   1.0000000e+00  -1.6401660e+00   6.2397715e-01   5.1305629e-01   6.3485350e-01  -9.7389472e-01   8.7347167e-01
   2.0000000e+00   1.6087107e+00  -7.8201572e-01  -1.5874786e+00  -2.1803258e+00  -1.5622652e-01  -1.3899476e+00
   2.0000000e+00  -7.2254979e-01   6.2088246e-01   1.9490623e+00   2.5997632e+00   4.5184946e-01   4.8823156e-01
   2.0000000e+00   1.2919606e+00  -1.6955031e+00  -3.9293638e-01  -3.7412350e-01  -1.0853887e+00  -9.9058758e-01
   1.0000000e+00   2.3885518e-01   1.0822169e-01   3.8498379e-01  -3.8923842e-01   7.5587132e-01   3.5078910e-02
   2.0000000e+00   5.1351025e-01  -1.2209853e+00   8.3254214e-01  -7.8383367e-01   1.0119593e+00  -6.7792211e-01
   2.0000000e+00  -7.0385747e-01   1.4492483e+00  -3.4133012e-01  -1.4291900e+00  -7.0745313e-02   9.6521873e-01
   2.0000000e+00  -1.0946970e+00  -9.8025699e-01   3.4308730e-01  -9.8419511e-01  -1.0775815e+00   1.1504015e+00
   2.0000000e+00  -2.3899413e-01  -5.8379303e-01  -5.4049063e-02  -1.4773057e+00   6.5888917e-01  -7.4723995e-01
   2.0000000e+00   1.4954516e+00   1.6416396e+00  -3.0262925e-01  -2.3013392e-01  -1.2681616e+00  -1.7246145e+00
   2.0000000e+00   5.0429047e-01  -6.1197058e-01  -1.0463070e+00   3.4825963e-01   2.3622445e-01  -7.9108874e-01
   2.0000000e+00  -4.0063044e-01  -3.4337935e-01   1.9167683e+00   1.2766357e-01  -1.2108225e+00  -2.0367872e+00
   2.0000000e+00   1.0467211e-01  -9.1938953e-01  -1.6313174e+00  -1.3055788e-01  -1.0267774e+00   4.2265492e-02
   2.0000000e+00  -8.2499675e-01   1.9968472e+00   2.2984517e+00  -5.4089195e-01   1.2659251e+00   1.2741715e+00
   2.0000000e+00   3.0107552e-01  -1.1479989e+00  -2.4091934e-01   6.0299620e-01  -2.4238035e+00   3.8148922e-01
   2.0000000e+00  -2.7923090e-01   1.2494855e-01  -1.3350389e-01  -1.5061973e+00  -7.7609891e-01  -1.4503978e+00
   2.0000000e+00  -6.0544827e-02   7.1009387e-01   1.6061360e+00  -1.5489332e+00   1.5950856e+00   6.0770977e-01
   2.0000000e+00  -4.9183256e-01  -6.5573557e-01  -1.1297655e+00  -8.7499944e-01   1.9484923e-01  -3.2665841e-02
   2.0000000e+00  -9.0367762e-02  -3.0578529e-01  -2.9357569e-01  -1.5036594e+00  -3.2128907e-01   1.0537422e+00
   2.0000000e+00   7.7124425e-02   5.0355157e-01  -1.0906900e+00   2.8565692e-01  -3.5126066e-01   6.9668492e-01
   2.0000000e+00   5.2437658e-01   1.5127913e+00   1.0040977e+00  -7.5537519e-01  -1.3715595e+00  -1.6007684e+00
   2.0000000e+00  -6.5252710e-01  -9.9833931e-02  -1.1671640e+00   4.6407807e-01  -7.6811297e-01  -5.8785431e-01
   2.0000000e+00   3.8419970e-01   5.0587880e-01  -2.8572000e-01   2.0158001e-01  -1.3286052e+00  -2.0509278e-01
   2.0000000e+00  -1.7084324e+00   1.1081036e+00  -1.6357981e+00  -9.0680622e-01  -2.7289371e-01   3.0024433e-01
   1.0000000e+00   3.4139822e-01   1.5284355e+00   3.0331001e-02  -3.2346837e-01  -1.5612040e+00  -5.1533340e-01
   1.0000000e+00   2.7574708e-02   1.4303668e+00   4.1002634e-01   3.7371679e-01   6.4674617e-01   9.6723046e-01
   1.0000000e+00   4.0706765e-01  -1.0643331e+00   4.1518544e-01  -6.7361454e-01  -5.2800220e-01   1.3760449e-01
   2.0000000e+00   1.7106971e-01   1.8032455e+00  -1.6316946e-01  -7.5607826e-01  -1.6531995e+00  -1.3891053e-01
   2.0000000e+00  -5.5344457e-01  -2.3696576e+00   1.5467943e+00   8.6970135e-01  -2.6243958e-01  -3.5907243e-01
   2.0000000e+00  -1.9846728e+00   3.0357055e-01   5.8190407e-01   1.1213799e+00   6.3747372e-01  -9.5500800e-01
   2.0000000e+00   3.4634177e-01  -4.9232271e-01   2.0208441e+00  -2.8812166e-01   4.0799755e-01   6.6912468e-01
   2.0000000e+00   1.1352398e+00   7.9918979e-01  -1.7321386e+00   9.5279341e-01   1.3102051e+00  -1.0301378e+00
   2.0000000e+00  -2.8302978e+00   1.3140168e+00   7.5076175e-01  -1.1881336e+00   5.2172616e-01   1.0703892e+00
   2.0000000e+00  -8.3323034e-01   4.3478923e-02  -1.4750251e+00  -3.2174317e-01  -2.9593851e+00  -1.1747120e-01
   2.0000000e+00   7.8256125e-01  -1.7046743e-03  -2.7975289e-01  -9.2396480e-01   2.0936621e-01  -6.0098357e-01
   2.0000000e+00  -9.7920936e-01  -1.8740676e+00  -1.4773418e+00   8.2047666e-01   2.1086133e-01  -2.1316156e-01
   2.0000000e+00   1.7393751e+00   9.2562284e-01  -5.0793730e-01  -3.8438428e-01  -1.7664703e+00   5.4103061e-01
   2.0000000e+00  -1.2576377e+00   2.8200951e+00  -3.8598906e-01   9.6619485e-01   3.8470774e-01   1.5402316e+00
   2.0000000e+00   2.4010969e-01   1.2017517e+00   1.6364484e+00  -6.5397864e-01  -7.1362613e-01  -1.0693808e+00
   2.0000000e+00   1.3062450e+00   1.7732833e-01  -1.3784032e+00  -5.9960407e-01  -7.1887622e-01   9.7443611e-01
   2.0000000e+00   2.0127742e-01  -2.4456186e+00  -2.2490062e+00  -3.0317358e-01  -1.9870983e+00   7.7365175e-01
   2.0000000e+00  -5.3213631e-01  -1.8139016e+00  -1.2315192e-01   1.6611499e+00  -1.0938486e+00  -6.1965257e-01
   2.0000000e+00   4.9164767e-02  -9.1252830e-01   2.0437158e+00   1.0075539e+00   1.4028641e-01   3.3042491e-02
   2.0000000e+00  -1.3156162e+00  -1.6048313e+00  -4.3748341e-01   9.1235275e-01   1.2507097e+00   3.4045703e-01
   2.0000000e+00  -1.0396421e+00   9.6142915e-01   5.1899991e-01   1.0205195e+00  -8.6163934e-01  -9.0911198e-01
   2.0000000e+00   6.1971338e-01   4.9252752e-02  -1.7817474e+00  -8.0125200e-01  -4.5135944e-01  -2.1217983e+00
   1.0000000e+00   9.4319002e-01  -7.1855894e-01   3.5725184e-01   8.3930005e-01  -3.6973528e-01   1.2882699e+00
   2.0000000e+00   1.9287130e+00  -1.0060323e+00   4.9050103e-01  -2.6493756e+00   9.2254872e-01   2.1032577e-01
   2.0000000e+00  -1.0680416e+00   1.4485223e+00  -1.8357720e+00  -5.7749863e-01   7.4229288e-01  -5.0920264e-01
   1.0000000e+00  -1.6372397e-01  -9.4969095e-01   8.9802610e-01   1.9341663e-01  -9.2995537e-01   1.4435867e+00
   1.0000000e+00  -5.1826609e-01  -2.7208908e-01   5.7423470e-01  -2.4961198e-02  -1.3079171e+00   5.5542261e-01
   2.0000000e+00   9.8281439e-01   2.5742895e+00   4.7804878e-01   1.4757059e+00  -1.3227344e-01  -8.0286300e-01
   2.0000000e+00   6.1777655e-01  -1.3989350e+00   3.6374887e-01  -1.0831133e+00   5.6489520e-01   2.0779334e+00
   2.0000000e+00   8.2738950e-01  -2.5943898e-01   2.3616742e+00   2.1280783e+00   8.8557815e-01   6.2132946e-01
   2.0000000e+00  -2.7626656e-01  -3.3446688e-01   1.4533079e+00   1.0673680e-01  -6.9747819e-01   1.9984710e-01
   2.0000000e+00  -5.5366626e-01   1.4895949e+00   1.1389721e+00  -7.2394555e-01  -1.2765535e+00   9.8920816e-01
   1.0000000e+00  -6.6645655e-01   6.5996986e-01   1.2271939e-01  -4.9441064e-01  -5.4432527e-01  -1.1037072e+00
   2.0000000e+00  -5.0334889e-01  -3.7592570e-01   9.4438660e-01   9.3238989e-01   5.4899131e-02   1.5257720e+00
   1.0000000e+00  -4.4602164e-01  -1.0509480e+00   6.1917831e-01   3.6944660e-02   1.2983307e+00  -2.8499550e-01
   2.0000000e+00   1.1121887e+00   2.1341872e-01  -7.6263056e-02  -8.3680947e-01  -2.2195352e-01   1.1068967e+00
   2.0000000e+00   3.2399781e-01   2.3571129e-01  -4.0897568e-01  -9.7436447e-01   4.8985816e-01  -4.5412957e-02
   2.0000000e+00   1.2711373e+00  -4.7261628e-01  -1.6540617e+00  -1.0657311e+00  -4.2591399e-01  -2.6308444e+00
   1.0000000e+00   5.7237913e-01  -6.8037659e-01   2.8541333e-01   2.8740330e-01  -2.6951977e-01   2.2766553e-01
   2.0000000e+00  -1.2767210e+00  -1.6688057e-01  -2.8626936e-01   1.0514977e+00  -7.8725134e-01  -2.0011865e-02
   2.0000000e+00  -7.7793747e-01  -1.6822948e+00   8.2364582e-01   1.6109061e+00   1.0784926e+00  -7.2119678e-02
   2.0000000e+00  -1.3026523e+00   6.8712803e-01  -2.2306369e+00  -6.0963522e-01  -7.9341298e-01   6.0050670e-01
   2.0000000e+00   7.5810756e-01  -4.0819997e-01   1.0332333e+00   2.1794206e+00   8.9665849e-01   1.8017360e+00
   2.0000000e+00   8.7822592e-01   1.3896760e+00  -8.2133111e-01   1.3199217e+00  -9.4226188e-01  -9.3613993e-02
   2.0000000e+00   4.4062208e-01   8.1339388e-01   1.2468394e+00   1.3460514e+00   1.2333610e+00  -1.2447331e+00
   2.0000000e+00   3.2715026e-01  -1.3870573e-01   1.6111583e-01   1.4146861e+00   2.4910224e-01  -1.2861411e-01
   2.0000000e+00   3.9924956e-01   5.5360594e-01  -4.1527891e-01  -1.0486244e+00   5.8426783e-01  -8.9456448e-01
   2.0000000e+00  -1.3828706e+00  -4.2487890e-01  -3.0794069e-01   2.4383536e-01  -7.7778475e-01  -3.7821895e-01
   2.0000000e+00   5.7287896e-01   9.7549780e-01   5.1041066e-02   1.2261277e+00   3.1652046e-01   4.6276295e-01
   2.0000000e+00  -3.6654762e-01  -3.8168375e-01  -7.3343812e-02   1.4346469e+00   2.1558120e+00  -1.4601076e+00
   2.0000000e+00   6.5610847e-01   4.0208549e-01  -2.2187208e-01  -1.8863239e+00  -4.7574003e-01  -3.8828290e-01
   2.0000000e+00   1.8568201e+00  -3.2205914e-01   7.7736812e-01  -6.7236192e-01   2.0500640e-01   3.8014924e-01
   2.0000000e+00  -8.0286398e-01   8.7075456e-01  -7.2267637e-01  -2.5620932e-01   4.2747022e-02   4.0331572e-01
   1.0000000e+00   4.5698222e-01  -1.3894593e+00   4.3333306e-01   2.1208388e-01  -4.0274672e-02   6.6354456e-01
   2.0000000e+00   2.5467730e+00   4.6382091e-01   1.4419283e+00  -6.9569410e-01  -8.8032441e-01  -1.3559801e-01
   2.0000000e+00  -1.3927909e-01  -5.4214059e-01  -8.0737369e-01  -2.0549034e-01  -1.0450030e+00   5.0210042e-02
   2.0000000e+00   5.0948486e-01  -5.5920368e-01  -5.7097835e-01   1.0262188e+00   1.8439665e+00   1.5154229e-02
   2.0000000e+00   5.5165756e-01  -1.0577844e+00  -5.6396388e-01   1.9655035e+00  -7.5519780e-02  -9.1884314e-01
   2.0000000e+00  -5.3415617e-01   1.7645306e+00   1.1353826e+00   9.8362749e-01  -9.8047009e-01  -1.3195167e+00
   2.0000000e+00  -2.2480968e-01   1.6792762e+00  -6.0336210e-01   2.1694510e-01  -5.2557183e-01  -7.1388266e-01
   1.0000000e+00   7.8163949e-01   7.6033720e-01   3.0297929e-01   3.3129936e-02  -4.0348645e-02   1.2381196e-01
   1.0000000e+00   4.8339835e-01   5.9184685e-01   2.8664255e-01   6.7019900e-01   1.6586191e-01   5.4853130e-01
   2.0000000e+00   8.7890334e-01  -6.5789710e-01  -1.8335075e+00   1.5913897e+00  -5.3370172e-01  -1.8513210e+00
   2.0000000e+00  -6.6113870e-01   1.4578393e+00   4.1719765e-01  -1.3462786e+00  -5.1465536e-01  -8.2096976e-01
   2.0000000e+00  -2.1026272e+00   3.2666343e-01   1.7694201e-01  -3.6156079e-01   5.1130150e-01  -1.8089308e+00
   2.0000000e+00  -7.3741555e-01   2.4299550e-01  -1.9701952e+00   4.0761963e-02  -1.3173086e+00   2.3869277e+00
   2.0000000e+00  -9.9254746e-01  -1.1495139e-01  -3.8362100e-01   1.0315295e+00   1.5461281e+00   1.6068267e+00
   2.0000000e+00  -3.6695277e-01  -1.1583725e-02  -1.1403797e+00  -1.6286011e+00  -6.8519111e-01  -7.9714713e-01
   2.0000000e+00   4.5379726e-01   1.7561139e-01   9.3384415e-01  -4.6346766e-01  -8.0299828e-02   1.2198484e+00
   1.0000000e+00   4.8324939e-01  -8.4581026e-02   1.1397447e-01  -9.3559327e-02  -9.4287561e-01   2.3043178e+00
   2.0000000e+00   5.1954347e-02   1.8733286e+00  -8.5038579e-01  -1.0788257e+00   1.1567307e+00   5.7247870e-01
   2.0000000e+00   2.3952822e-01  -5.3134927e-01  -5.1809755e-02  -4.4222115e-01   3.2232519e-01  -2.2880269e+00
   2.0000000e+00  -1.3934950e+00   1.0917763e+00  -1.2088499e+00   7.1733194e-01  -5.6666116e-01  -1.2022284e+00
   1.0000000e+00  -4.0143746e-01   1.4860039e+00   4.1261627e-01   8.0481802e-01  -1.1206167e+00   3.2887739e-01
   2.0000000e+00  -1.1540406e-01  -7.0566913e-01   2.7421015e-01   1.0630524e+00   1.5338122e+00   8.9070559e-01
   2.0000000e+00   1.1132196e+00  -2.7623390e-01   3.3537711e+00   2.2490760e-01  -5.0718293e-01   4.2050021e-01
   2.0000000e+00   7.0355943e-01   6.3004976e-01  -4.8959062e-01   1.9485557e-01   1.5075416e+00   3.1489370e-01
   2.0000000e+00   2.6978910e-01  -1.9147622e-01  -4.4285127e-01  -7.2222929e-01   5.5035011e-01  -6.2150807e-01
   2.0000000e+00  -4.3104104e-01  -9.3163698e-01  -5.4556337e-01   1.8497110e-01  -2.6562557e-01  -1.6001581e+00
   2.0000000e+00  -2.1526863e+00  -7.8870159e-01   1.4011837e+00  -8.4624900e-01  -2.5565846e-01  -1.3276548e+00
   2.0000000e+00   1.2455722e+00  -1.5045473e+00   3.7119779e-01  -9.6047717e-01  -1.1366982e-01   1.3075300e+00
   2.0000000e+00   3.0054557e-01  -5.1501276e-01  -6.2049105e-01   7.8048366e-01  -2.8595379e-01   4.9965502e-01
   1.0000000e+00   1.0819778e+00  -2.2770565e+00   2.4052311e-01   6.0698023e-01   3.7990001e-01   9.8612497e-01
   2.0000000e+00  -1.9068695e-01  -2.2470434e+00   1.5877046e+00  -1.9483270e+00  -3.5391320e-01  -1.5802324e+00
   2.0000000e+00  -1.4140065e+00   3.7479052e-01   1.1818425e-01  -1.4150575e+00   8.2477753e-01  -7.8894687e-02
   2.0000000e+00   9.7863463e-02   1.1867912e+00  -1.1240114e+00   5.2191968e-01  -1.1764543e+00   2.1100081e-01
   2.0000000e+00   9.1204994e-01   2.9741201e-01  -7.0310075e-01  -6.8967961e-01   3.9664955e-01  -1.2386273e+00
   2.0000000e+00  -8.9055982e-01   1.1992125e+00   1.2712617e+00   1.2798883e+00  -2.3283712e+00  -7.7509436e-02
   2.0000000e+00   1.1744501e+00  -2.2001723e-01  -1.6814589e-01   3.0492675e-01  -7.8548949e-01   1.5901091e+00
   2.0000000e+00  -2.5859809e+00  -1.7507420e-01   1.7271331e+00   1.4090927e+00  -3.1920801e-01   4.1932752e-01
   2.0000000e+00  -6.0908038e-01   3.2416208e+00   4.2835209e-01   1.1719968e+00   1.4122460e+00   4.1864390e-01
   2.0000000e+00  -7.9826583e-01   1.4287603e-01  -3.0866734e+00  -1.6736203e-01   7.6591626e-02   1.3874001e+00
   2.0000000e+00   3.1856925e-01  -1.0644802e+00  -6.5083002e-01   4.3263105e-01   2.9548438e-01  -1.4813680e+00
   2.0000000e+00   1.5109659e+00   4.1176749e-01   6.9203766e-01  -9.2745608e-01  -9.8361196e-02   5.2485778e-01
   2.0000000e+00   1.3120670e+00   1.2404254e-01  -9.7039196e-01  -9.9149634e-02  -8.4795448e-01   5.7876832e-02
   2.0000000e+00   8.7039406e-01   5.8977136e-01  -8.3178656e-01   1.6127154e-01  -9.2946022e-01   1.5057404e-02
   2.0000000e+00   9.5531699e-01   1.2670076e+00  -4.5739968e-01  -2.7043707e-02  -9.4826888e-01  -1.3844422e-01
   2.0000000e+00   5.4479605e-01  -9.1333640e-01  -8.1441542e-01  -2.2167092e-01   4.0811848e-01  -1.6236551e-01
   2.0000000e+00   1.0950364e+00  -5.3589132e-01   1.1397514e+00  -7.9591243e-02   1.3056228e+00  -1.1123972e+00
   1.0000000e+00   1.8307456e+00   1.4016818e+00   3.2348263e-01   4.6962557e-01   5.8400298e-01  -1.7464847e-01
   2.0000000e+00  -1.7765147e+00  -4.6997501e-01  -7.3506691e-01  -4.3521368e-01  -6.8916178e-01  -1.5808562e+00
   2.0000000e+00  -6.1679536e-01  -2.7047166e-01  -1.0532300e+00   1.3829681e-01   6.4896875e-01  -3.2967822e-01
   2.0000000e+00  -2.9902329e-01   1.0216264e+00  -9.7295977e-01  -7.7037420e-01   7.8817660e-01  -1.7981199e+00
   2.0000000e+00  -8.3653922e-01   9.9084709e-01   5.2430678e-01   1.1480747e+00   1.9350667e+00   1.0060707e+00
   2.0000000e+00  -7.5637299e-01   1.8501139e+00   3.7089013e-01  -1.3247485e+00  -6.7641069e-01   1.1659534e+00
   2.0000000e+00  -9.7035493e-02  -2.0709503e-01  -1.8391918e-01  -1.4892400e-01  -1.2376929e+00   1.7107916e+00
   2.0000000e+00  -1.5950876e+00   5.4677307e-01  -7.9441860e-01  -6.4012704e-01   4.8341893e-01   2.6936300e-01
   2.0000000e+00   2.0035572e-01  -6.4374460e-02  -7.9623679e-02  -6.7282500e-01  -1.2813396e-01   9.4129621e-02
   2.0000000e+00  -9.6261997e-01   3.3964813e-01  -7.8726954e-02   6.9965423e-01   1.1851236e+00   8.5762363e-01
   2.0000000e+00   6.1142437e-01  -5.7123774e-01  -6.8777352e-01   1.2225427e+00  -7.7574842e-01  -1.5863603e+00
   1.0000000e+00   2.6484899e-01   3.8186369e-01   7.3090125e-02  -2.4269388e-01  -5.5308696e-01  -6.3353967e-01
   2.0000000e+00  -4.3910880e-01  -2.3949474e-01  -1.3892887e+00   1.6321455e+00   1.4778528e+00   1.4372550e+00
   2.0000000e+00  -7.1350085e-01  -3.5694999e-01  -4.4846200e-01   1.9513393e-01   3.0366528e-01  -5.0836088e-01
   2.0000000e+00  -4.6946203e-01  -2.0525315e+00   1.6842504e+00  -8.4314092e-01  -4.3895109e-02  -9.1616509e-01
   2.0000000e+00   5.4682820e-01   4.7254784e-01  -3.1392034e-02   1.4205678e+00  -3.2960525e-01   1.0889138e+00
   2.0000000e+00  -1.9823877e-01  -1.1864122e-01  -1.5306899e+00   1.0035614e+00   7.6847460e-01  -1.0546375e+00
   2.0000000e+00  -1.1538174e+00  -7.2098258e-02  -4.9500822e-01   1.4658372e+00  -2.2188645e+00   1.4389727e+00
   2.0000000e+00  -3.5918967e-01  -3.4893468e-01   8.0390005e-01  -1.8275568e+00   5.6819461e-01  -7.0396109e-02
   1.0000000e+00  -7.2491929e-01   2.4465056e-01   7.9644675e-01  -2.9643575e-01  -3.1392997e-01   9.7190672e-01
   2.0000000e+00   1.1422472e-01  -1.1211830e-01   6.6420072e-01   9.9584522e-01   1.5342519e+00  -3.0851438e-01
   2.0000000e+00   8.3467485e-02   4.5782948e-01  -6.2565370e-02   1.7371781e-01  -9.8267025e-01  -5.7480331e-01
   2.0000000e+00   2.5324536e+00  -2.7102810e+00   1.4759391e+00  -9.1663721e-01   2.1640359e-01  -6.5772676e-01
   1.0000000e+00   1.7539541e-01   2.3936232e-01   3.8493815e-01   7.6163225e-01  -7.7239479e-01  -1.4881155e+00
   2.0000000e+00   5.9597248e-01   6.2986857e-01  -7.0254814e-01   1.6117113e+00  -8.4199801e-01   3.0093722e-01
   2.0000000e+00   5.0528258e-01   2.3366339e-01  -5.7806168e-01  -1.9901734e-01  -1.1616682e+00  -3.5415831e-01
   1.0000000e+00  -9.0959500e-01  -4.2987790e-01   1.4416156e-01  -2.7070545e-01   1.0335017e+00   1.7202860e+00
   2.0000000e+00  -8.4386907e-02   2.9062319e+00  -1.2264843e+00  -1.5270319e-01   1.8339937e+00   7.0311052e-01
   2.0000000e+00  -1.4225095e+00  -1.4300591e+00   2.2180741e-01   1.3461777e+00   7.4652896e-01   4.9531192e-01
   2.0000000e+00   2.2996924e-01  -3.5157831e-01  -7.9487441e-01  -1.1448509e+00  -1.8023454e-01   7.3882462e-01
   2.0000000e+00   5.4079578e-01  -7.0886120e-01   2.5873995e+00   5.9866909e-01  -1.5863498e+00  -8.0056302e-01
   2.0000000e+00   3.4863249e-01  -3.2619666e-01  -8.0968467e-01  -4.1947081e-02   1.3912313e+00  -1.0082623e+00
   1.0000000e+00   4.5843661e-01   7.5821686e-01   7.4957633e-02  -5.9442650e-01  -1.0863533e+00   4.5023306e-01
   2.0000000e+00   1.3337474e+00  -1.2861632e-01  -6.6648736e-01  -4.4343423e-01  -1.9257464e-01   8.7321643e-01
   2.0000000e+00   1.3734158e+00  -1.2172038e+00   1.0456005e+00   1.1202363e+00  -2.1912804e+00  -4.5905157e-01
   2.0000000e+00   1.9971596e-01   6.3122455e-01   2.1187592e+00   1.3095161e+00  -8.8861235e-01   5.2627198e-01
   2.0000000e+00  -9.8643863e-02  -1.0776945e+00  -1.0823334e+00   8.0812528e-01  -7.0870095e-01  -1.4613351e+00
   2.0000000e+00  -2.6746903e-01  -5.8811220e-01  -5.7980230e-02  -1.1315154e+00   1.0083024e+00   2.8874442e-01
   2.0000000e+00  -1.7854277e-01   5.6984472e-01  -1.3150297e+00  -1.2728633e+00   9.7748906e-01   1.2438665e-01
   2.0000000e+00  -3.2894821e-01   1.0321746e+00  -5.6324912e-02   1.9830334e+00  -5.1890301e-01   2.7739849e-01
   2.0000000e+00   2.7116177e+00   4.8938551e-01   2.0580650e-01  -3.5439115e-01   9.2156684e-02   5.6006723e-03
   1.0000000e+00  -2.5761799e-01  -1.6168979e+00   6.1802903e-01   6.9518048e-01   4.2310133e-03  -1.0120595e-02
   2.0000000e+00   6.4782461e-01   8.9854635e-01   2.0212958e+00  -1.4190983e+00   1.0253992e+00   2.2577122e-01
   1.0000000e+00  -5.0339693e-01  -3.1576587e-01   1.0224773e-01  -2.4289278e-01  -6.7440066e-01  -1.0266295e+00
   2.0000000e+00  -6.6741474e-02  -8.8376014e-01   7.8021197e-01   6.5385452e-01   1.1484982e+00  -1.6069734e+00
   2.0000000e+00  -1.4239767e+00   8.1456152e-02   5.9310928e-01   9.0467433e-01  -2.2772987e-01   2.7835706e-01
   2.0000000e+00   5.7860938e-01   2.4179682e-01   1.4667792e+00  -2.2478177e+00   1.6621119e+00  -3.6069219e-01
   2.0000000e+00  -5.9761096e-02   1.8719670e+00  -1.6960231e+00  -2.3951682e-01   2.7317816e-01   5.8836492e-01
   2.0000000e+00  -8.4881995e-03   1.1284489e+00   2.1348696e+00  -1.1335075e-01  -1.6064507e-01   1.1017774e-01
   2.0000000e+00  -1.9257884e+00   5.9619628e-02  -1.2872766e+00   1.8887825e+00   7.0532442e-01   9.5734818e-01
   2.0000000e+00  -1.3410361e+00   1.1242882e-01   7.6779686e-01  -7.0882928e-01   2.6806863e-01   7.4350693e-01
   2.0000000e+00  -2.5911781e+00  -1.5787510e-01   5.7468692e-01  -7.5197224e-01  -9.9362012e-02   2.0120650e-01
   2.0000000e+00   1.0079504e+00   1.0859625e+00  -6.4894662e-02   9.3813344e-02   2.2995262e-01   3.6759231e-01
   2.0000000e+00   2.9928212e+00  -2.5425047e-01   4.9611705e-01   2.0971663e-01   2.0904826e+00   2.2375052e+00
   2.0000000e+00  -3.1510364e-01   1.2763957e+00  -9.2432567e-02  -4.6975419e-01   2.5369617e-01  -2.0253607e+00
   2.0000000e+00   1.7220263e+00   1.0511031e+00  -6.4292803e-01   5.9302896e-01  -2.4580864e+00   5.0818553e-01
   2.0000000e+00  -5.2874623e-01  -1.3440584e-01  -8.8889367e-01   7.0109634e-01  -6.7963800e-01   1.3711307e+00
   2.0000000e+00  -1.1827651e+00   8.8758383e-01  -1.1016177e+00  -3.8410652e-01   5.5979878e-02  -1.3364297e+00
   2.0000000e+00  -5.9853110e-01   3.3648362e-01  -1.1071360e+00   7.0504978e-01   6.4227019e-01  -7.3026610e-01
   2.0000000e+00   8.9560411e-01  -1.1020440e-01  -1.3983995e+00  -5.7009023e-01  -2.4245775e-01  -5.7662262e-01
   2.0000000e+00   1.3477869e+00   1.4988525e+00  -4.1979614e-01  -5.1262638e-01  -3.1229617e-02   9.8043258e-02
   1.0000000e+00   1.1825220e-01  -1.0393275e+00   7.2088250e-01   1.1648136e-01   1.1035545e+00   7.3982943e-01
   2.0000000e+00  -1.1492208e-01   1.2576123e-01  -8.0526861e-01  -1.2622858e+00  -9.0222646e-01   4.3958655e-01
   2.0000000e+00   6.6311331e-01   1.3646066e+00  -4.6010937e-02   7.9676565e-01  -3.2583633e-01   3.1607922e-01
   2.0000000e+00  -3.2333638e-02  -5.5897732e-02  -1.2024093e+00   1.8034163e-01  -1.4148570e-01  -8.3848238e-02
