   2.0000000e+00   8.5116244e-01   4.0063447e-01  -5.2733328e-02  -5.6070902e-01   4.2623903e-01   5.8429969e-01
   2.0000000e+00  -1.0663118e-01   1.1098486e+00   3.6342066e-01   2.1153385e+00   1.5962253e+00  -5.4724611e-01
   1.0000000e+00   7.5668657e-01  -8.5056414e-01   1.2421225e+00   6.2822155e-01   1.8957923e-01  -2.7757617e-01
   2.0000000e+00   9.6655544e-01   3.9643402e-01  -1.2640417e+00  -1.5867629e+00   2.0494554e+00  -6.6997464e-01
   1.0000000e+00   1.8074016e-01  -1.1320176e+00   8.8621138e-01   2.7613690e-01   6.7857504e-01   5.1325797e-01
   2.0000000e+00   5.6426652e-01   2.0253656e+00   1.3523724e+00   4.6107098e-01   1.7418510e+00   1.0739359e+00
   2.0000000e+00   7.3836321e-01  -3.0704207e-01   3.5426597e-01  -3.7929986e-01  -7.5480846e-01   1.0131764e+00
   2.0000000e+00  -8.7323892e-01   8.5435066e-01   5.2272899e-01  -2.1479871e-01   1.9160882e-01  -3.8620490e-01
   2.0000000e+00   1.2965152e+00   3.1034388e-01   2.8339705e-01  -1.0065635e+00   1.2843156e+00  -1.0352257e+00
   2.0000000e+00  -1.0367612e+00   4.0129527e-01  -1.6711278e+00   1.0157680e+00   1.4407896e+00  -4.9965131e-02
   1.0000000e+00   1.9407603e+00   4.2998702e-01   1.0162986e+00   1.7079729e-01  -9.4417435e-01  -4.1161716e-01
   2.0000000e+00   1.3325808e+00   1.4520812e+00  -5.4122894e-01   2.2634694e+00  -1.0387565e+00   3.7975688e-01
   2.0000000e+00  -3.5880448e-01   1.9281984e-01  -1.7233607e+00  -1.4188657e-01   1.0010502e+00  -1.4398441e+00
   2.0000000e+00   1.4118999e-01   6.4998219e-01   5.1836545e-01   1.3631556e+00   2.5832715e-01  -1.7750570e+00
   2.0000000e+00  -2.0649317e-01   1.3488076e-01   4.9607178e-01  -3.3253271e-01   7.9559703e-01  -7.7831500e-01
   1.0000000e+00  -3.6583407e-01  -2.5188983e-01   1.0499383e+00   5.9838615e-01   3.6360440e-01  -6.3010824e-01
   2.0000000e+00   7.7212634e-02  -8.6867991e-03  -7.6748114e-02  -5.4725167e-01  -1.1177638e+00   6.1880872e-02
   2.0000000e+00   1.1296620e+00   6.3725248e-01   1.1349393e+00   1.4949330e+00   2.3795992e-01  -5.1124080e-01
   1.0000000e+00   1.4265794e+00   1.0538982e+00  -9.7370172e-01   3.1155603e-01   3.2136626e-01   9.0831321e-01
   2.0000000e+00   1.0485945e+00   1.9478232e+00  -1.2784037e+00   1.7451450e-01   1.2276730e+00   7.0963466e-01
   2.0000000e+00  -9.5550519e-01  -1.6183046e+00  -1.2928111e+00   1.0822999e+00   1.6177477e+00  -2.0297529e-01
   2.0000000e+00   1.1107628e+00  -6.0317875e-02  -2.3483205e-01   2.3774101e+00   8.7912629e-01   7.8729183e-01
   2.0000000e+00   6.4704445e-01   2.3359378e+00   1.6940171e-01   1.1701311e+00  -3.1459477e-01   1.8162618e+00
   1.0000000e+00   6.8920084e-01  -2.7157333e-01  -1.2138549e+00   5.8194655e-01  -7.3226593e-01   3.6534711e-02
   2.0000000e+00   8.2443838e-01  -6.2704683e-01  -1.0297386e-01  -7.8228101e-01   6.5710952e-01   4.4321386e-01
   2.0000000e+00  -1.5039754e+00   5.9896313e-01   7.5353647e-01   2.3381123e+00  -4.3477762e-01  -1.6473913e+00
   2.0000000e+00   4.5263427e-01  -1.7042773e+00  -4.7497454e-01   4.1971356e-01  -1.4080504e+00  -3.2602248e-01
   2.0000000e+00   4.3818556e-01   5.5795656e-01   1.2425498e+00  -7.9830849e-01   1.0287910e-01  -2.0827356e+00
   2.0000000e+00   6.6742170e-01   1.9625649e-01  -1.4774347e-01  -4.6461334e-01   4.4952558e-02  -1.3654270e-01
   2.0000000e+00  -1.8720828e+00  -3.9371011e-02  -1.8399269e-01  -9.0104155e-01   3.2974078e-01   1.5299769e-01
   2.0000000e+00   8.0733412e-01  -5.0986497e-01   5.2857376e-01  -1.4261626e+00   1.2951439e+00   5.4121111e-01
   2.0000000e+00   1.0069105e+00  -1.2737924e+00  -4.5230433e-01  -1.1173534e-01   2.3034569e-01  -4.1582357e-01
   2.0000000e+00   4.3012005e-01  -1.1778105e+00   1.9922510e+00  -2.1628190e-01  -9.3991925e-01  -1.8683702e-01
   2.0000000e+00  -5.0759643e-01   6.8405546e-01  -8.0320575e-02  -9.7175017e-01   8.7004799e-01   4.4758487e-01
   2.0000000e+00  -6.9248613e-01   1.5604159e-05  -3.9447916e-01  -9.0943820e-01  -1.4760558e+00  -1.4356288e+00
   1.0000000e+00   7.1013581e-01   8.3215099e-01   3.5038215e-01   7.4882147e-01  -3.0036534e-01   1.1417459e+00
   2.0000000e+00  -1.0525118e+00   3.2594593e-01  -1.1682664e-01  -1.5919156e+00   6.2472576e-01  -8.5531971e-01
   2.0000000e+00  -1.5135551e-01   2.0071964e+00   1.3570341e+00   1.1488932e+00  -2.1750912e+00   5.0889724e-01
   2.0000000e+00  -1.9032822e+00   1.4106768e+00  -1.1164887e+00  -7.9082531e-02   4.1619344e-01  -1.3690999e+00
   2.0000000e+00  -7.0803518e-01  -6.5942252e-01   4.6302787e-02  -1.9351470e-01   8.5331854e-01  -4.5087215e-01
   2.0000000e+00   7.8360714e-01  -9.2187587e-01   8.9569588e-01   1.0350917e+00   9.0604597e-01   7.0777114e-01
   1.0000000e+00   5.6728930e-01   8.7653335e-01  -8.4825443e-01   6.6737692e-01   6.6321342e-01  -3.7747529e-01
   2.0000000e+00  -2.3048067e+00  -1.3849513e-01   1.4635003e-01  -4.4973924e-01  -1.8432185e+00  -2.8397302e+00
   2.0000000e+00  -9.9138842e-01   9.4803326e-01   9.1134056e-01  -1.3425999e+00  -5.5239769e-02   1.1927318e+00
   2.0000000e+00  -1.1018736e+00  -1.4824797e-01   4.6551764e-01   9.0468484e-01  -1.1660660e+00   1.7443806e+00
   2.0000000e+00  -2.8513792e-01   1.1539388e+00   1.0151223e-01   3.4157588e-01   1.2945811e+00   5.4607031e-01
   1.0000000e+00  -1.4716074e-01   8.5387925e-02   8.6638308e-02   6.2835633e-01   1.3130560e-02   4.3766026e-02
   2.0000000e+00  -1.6998549e+00   6.6728442e-01   4.1538524e-01  -7.1999014e-02   1.6208454e+00   2.8079101e-03
   1.0000000e+00   5.9748044e-01  -1.1548075e+00  -2.8318526e-02   3.7800937e-01  -3.6682035e-01   3.1907782e-01
   1.0000000e+00   9.6065636e-02  -5.0375251e-01   6.1380432e-01   1.0021170e-01  -7.6510267e-01  -4.9779268e-01
   1.0000000e+00   1.5830662e+00  -1.4422088e-01   1.5400329e+00   6.0127453e-01   5.7764943e-01   1.4331433e+00
   2.0000000e+00   8.5490382e-01   1.4913444e-01  -7.1641480e-01  -9.7861213e-02  -8.4442346e-01  -2.9040355e-01
   2.0000000e+00   5.1567851e-01   1.5036541e-01  -9.0532265e-01  -4.8505284e-01  -7.9335835e-01   1.0370923e-01
   2.0000000e+00   2.0316892e+00  -9.8279499e-02  -4.0345418e-01   1.6822376e+00  -6.3567460e-01  -1.2424836e+00
   2.0000000e+00   3.3742413e-01  -1.3024612e+00   1.5148179e+00  -3.0778816e-01   1.8053646e-01   1.3851860e-01
   2.0000000e+00   7.0818957e-01   7.0881612e-01  -1.8229746e+00  -1.1778304e-01  -2.2049706e-01  -1.0934729e+00
   2.0000000e+00   7.9804417e-02  -1.3155311e+00   1.7370238e+00  -5.2557602e-01   1.0388130e+00   1.8128734e+00
   2.0000000e+00  -7.1108959e-01  -7.6230987e-01   5.4739758e-01   1.0842383e+00   1.1588577e+00  -1.8667407e+00
   2.0000000e+00  -4.6384178e-01   3.1623080e-01  -1.7600415e-02   1.0943535e+00  -3.4916497e-02   1.2244833e+00
   1.0000000e+00  -1.6096218e+00  -1.7112353e-01  -2.5783885e-01   3.2335167e-01   5.5049893e-01   6.9681613e-01
   2.0000000e+00  -5.1699997e-01   1.2376375e+00   2.0631550e+00  -4.4714622e-01   5.7435309e-01   4.4662294e-01
   2.0000000e+00  -7.3767609e-01   1.0625172e+00   1.5840984e+00   3.5099042e-01  -9.9176688e-01   5.0721056e-01
   1.0000000e+00   1.1366012e+00   1.1321356e+00  -1.1505041e+00   1.5747303e-01   3.3747588e-01   2.0614842e-01
   2.0000000e+00   7.8124472e-01  -1.5315052e+00  -4.1082076e-01  -2.9216565e-01  -1.0903955e-01   1.1600365e-01
   2.0000000e+00   8.1862350e-01  -3.6762770e-01  -2.3201467e-01  -7.9326710e-01   1.2362264e+00   6.4664976e-01
   2.0000000e+00   1.4581492e-01   4.6474788e-01  -6.4911914e-01  -4.1407454e-02  -1.3618061e+00   9.9381522e-01
   2.0000000e+00   1.5175544e+00   2.4739584e+00   2.0135474e+00  -3.6833122e-01   5.6583762e-01  -5.9980963e-01
   1.0000000e+00   1.6044446e-01  -3.9683242e-01  -4.0204309e-01   1.7588814e-01  -7.7473189e-01   9.5664959e-01
   2.0000000e+00   9.6184914e-01   1.8491427e-01   1.1216038e+00   1.8448084e+00   1.6079416e+00  -9.1316599e-01
   2.0000000e+00  -7.3523084e-01   4.9899805e-02   2.9168823e+00  -1.0671419e+00   5.7649023e-01  -1.5135344e+00
   2.0000000e+00   1.5690632e+00  -5.3655283e-01  -1.4952493e+00  -4.5607723e-01  -1.5289673e+00   1.4107141e+00
   2.0000000e+00  -1.5429323e-01  -3.7396427e-01   7.9024677e-01   5.2953975e-02   1.1426463e+00  -5.8015453e-01
   2.0000000e+00  -1.9492276e-01   5.7843259e-01  -6.2274542e-01  -6.7464013e-01  -2.9003239e-01  -1.5721129e+00
   2.0000000e+00   8.8704393e-01  -9.4431932e-01  -5.5393978e-01  -2.2316188e-01  -3.4655294e-01  -1.8276900e+00
   2.0000000e+00  -2.0813406e+00   5.5935055e-01   9.2098315e-01  -4.4372065e-01   1.2114760e+00  -1.3096350e-02
   2.0000000e+00  -8.0694435e-01   9.8512241e-01  -1.0203059e+00  -4.6523231e-01  -2.2640121e-02  -9.5621093e-01
   2.0000000e+00   1.3252692e+00  -6.3232549e-02   1.0162049e+00  -1.6235520e+00   9.3603476e-01   1.2590182e+00
   1.0000000e+00   8.9371201e-01   1.7730832e+00  -8.4524471e-01   2.3116767e-01   6.5787980e-01   1.3725402e-01
   2.0000000e+00   1.2819964e+00  -2.4204905e-01   1.4424867e+00  -6.5078409e-01  -1.0489740e+00  -7.1671074e-01
   1.0000000e+00   2.2729547e-01   7.5993405e-01  -1.0218769e+00   4.9991155e-01   2.9685748e-01   3.0778424e-01
   2.0000000e+00   5.6245398e-01  -6.4838538e-01   4.6612628e-01   9.2416996e-01  -7.8364751e-01   4.8378580e-01
   2.0000000e+00   1.7098471e+00  -1.9649004e+00  -7.9911119e-01  -2.1183347e+00  -1.2277658e+00  -8.3802943e-01
   2.0000000e+00   7.9653739e-03  -1.0459139e-01   1.0890139e+00  -7.7490361e-01   2.6871593e+00  -2.5911943e-01
   2.0000000e+00  -1.5345714e-01  -1.4270853e+00  -9.6352688e-02   1.0003071e+00  -4.9659079e-01   1.2992444e-01
   2.0000000e+00   4.8554671e-01   1.9601999e+00   2.1124934e-01   9.9231107e-01  -1.1409162e+00   2.1494535e+00
   2.0000000e+00  -3.2822636e-01  -1.1395364e+00   4.9874499e-01   8.3827682e-01   2.0523306e+00   1.2704544e+00
   2.0000000e+00  -8.0205477e-01  -1.7078788e+00   1.0254545e+00  -1.5452961e+00  -1.4988820e+00   1.1933711e+00
   2.0000000e+00   4.9226953e-01  -5.3516512e-03   1.3180042e-01   1.7124059e+00   7.2211882e-02  -1.9551204e+00
   2.0000000e+00  -2.0315328e+00  -1.0265680e+00  -8.4045740e-01  -1.5022558e+00   5.8932095e-01   6.0345231e-01
   1.0000000e+00   1.3191476e+00   5.6811923e-01  -2.4274608e-01   1.2949530e-01   2.4704287e-01   4.6011425e-01
   2.0000000e+00   2.0680377e+00   6.2070294e-02  -2.2434542e+00  -1.0552128e+00  -9.3087248e-01  -8.2236944e-01
   2.0000000e+00   1.8560170e-01   2.4634873e+00   6.6978123e-03   1.0167527e+00  -1.8086719e+00  -8.1367862e-01
   2.0000000e+00  -1.6095619e+00  -7.2170732e-01  -1.7031381e+00  -6.2670856e-01   8.7793707e-01  -2.5224345e-01
   2.0000000e+00   3.2049191e-01   9.3326506e-01  -4.7592977e-01  -7.8573716e-01  -7.4117188e-01  -1.1012418e+00
   1.0000000e+00   3.2168200e-01   8.1593604e-01  -3.9899256e-01   8.4082478e-01   1.0678280e-01  -7.2506133e-01
   1.0000000e+00   4.8599405e-03  -8.3400624e-01   2.6186046e-01   2.7392919e-01   4.9208403e-01  -3.1878475e-01
   2.0000000e+00  -1.6160616e+00  -6.5024779e-01   1.9534307e-01  -3.3893070e-01   1.3739666e+00   2.1534038e+00
   2.0000000e+00  -1.7589230e-01  -9.3520956e-01  -1.3870029e+00  -1.0845506e+00   7.0793644e-01  -7.0873169e-01
   2.0000000e+00   9.3794202e-01   6.8013046e-02   9.0158279e-01   1.2767192e+00  -7.5743566e-01   1.2464476e+00
   2.0000000e+00   2.0433934e-01  -5.3237420e-01  -9.8133308e-01  -1.6674069e+00   1.4716113e-01   1.2346828e-01
   2.0000000e+00  -2.5609447e+00  -8.7891957e-01   9.8056949e-01  -1.6613431e+00  -4.2348314e-01   9.2722053e-02
   2.0000000e+00   4.3431196e-01  -2.5162596e-03  -8.5457845e-02  -6.6930817e-02   6.4978792e-01  -1.4563720e-01
   2.0000000e+00  -1.7216587e-01  -3.6822644e-01   5.6454346e-01  -1.3046592e+00  -6.2900965e-01  -1.5316149e+00
   2.0000000e+00   6.8837887e-01   3.5380449e-01  -1.1678062e+00  -5.8393504e-01  -1.3913867e-01  -1.2330461e+00
   2.0000000e+00  -8.7779909e-01  -7.6496959e-01  -1.2761930e+00   4.4308305e-01   1.1491187e+00   3.8331712e-01
   2.0000000e+00   4.0153940e-01  -6.7564406e-01   1.2938168e+00  -6.5739251e-01   7.5439531e-01  -1.6362356e-01
   2.0000000e+00   1.2699255e+00   2.3826179e-01   1.3680478e+00  -4.6445448e-01   3.0937492e-01  -7.5617171e-02
   2.0000000e+00   7.5127542e-01  -1.9696533e-01   4.1527507e-01   5.8587634e-01   1.2860574e+00  -7.7658472e-01
   2.0000000e+00   1.3987743e+00   7.3717701e-02   1.6701167e+00  -9.6834348e-01  -1.1439546e+00  -2.6540370e-01
   2.0000000e+00  -2.5511713e+00  -1.3526090e+00  -2.6769755e-01  -5.0264789e-01   7.0505563e-01   3.4857527e-01
   2.0000000e+00   2.3566701e+00  -7.1750273e-02  -1.0189680e+00   1.7099730e-01  -2.2835551e+00   1.2844511e+00
   2.0000000e+00   1.3255694e+00  -1.3729562e+00   7.8218223e-01  -1.3295303e-01  -1.3595552e+00  -1.1082045e+00
   2.0000000e+00   9.2918705e-01   2.3610719e+00   1.7692320e-01  -8.0077277e-01   8.8876508e-01  -1.8448386e-01
   2.0000000e+00   2.5565023e-01   1.8984394e+00  -7.7167879e-03  -9.8197982e-02   1.0581046e+00   5.2138969e-01
   2.0000000e+00   6.8559655e-01  -8.9645370e-01   2.0515372e+00   1.2935672e+00   8.1222117e-01   1.4673280e+00
   2.0000000e+00  -4.7783957e-02   3.4542285e-02   5.6851879e-01   2.9958616e-01   1.1791927e+00   1.1371359e+00
   2.0000000e+00   6.6257401e-01   8.1751044e-01   7.3201411e-01  -3.0637717e-01  -7.1523581e-01   6.8207048e-01
   2.0000000e+00   8.5014245e-01  -5.3023236e-01  -9.6037042e-01  -1.3479957e+00   3.2681128e-01  -4.2761494e-02
   2.0000000e+00  -1.8854422e+00  -2.7687122e-01   1.9695188e-01  -7.3979433e-01  -4.0523480e-02   9.0471994e-01
   1.0000000e+00   2.9655590e-01  -5.0547523e-01   1.6208930e+00   4.1075225e-01  -9.7052278e-02  -4.1912935e-01
   2.0000000e+00   3.0379467e-01  -2.1878630e-01   9.7584001e-01  -1.2085925e+00  -8.5010309e-01  -2.2431434e+00
   2.0000000e+00   1.2139157e-01  -2.3136591e-01   1.3062195e+00  -1.0975647e+00  -1.7158081e-02  -1.2178214e+00
   2.0000000e+00  -1.9859285e-01  -1.0851477e+00   5.8543211e-01  -8.6720993e-01   5.6067874e-01  -6.2080003e-01
   2.0000000e+00   4.2077876e-01   1.4412320e-01  -1.4576891e+00   9.6074373e-01   7.8441659e-01   1.3715480e-01
   1.0000000e+00  -5.2083557e-01   5.8094742e-01   7.8055137e-01   7.6146070e-01   4.6822566e-01  -4.8927307e-01
   1.0000000e+00   6.8515148e-01  -1.2450277e+00  -4.5517998e-01   6.2869943e-01   3.0703698e-01   4.0300160e-01
   2.0000000e+00  -1.0903981e+00   3.7269678e-01  -6.6827767e-02   4.5371014e-01  -1.1620807e+00  -3.3284948e+00
   1.0000000e+00   1.1030265e+00   1.1434153e+00  -1.7176505e-01   7.7139891e-01  -1.8532162e-01   1.1927203e+00
   2.0000000e+00  -1.5987552e+00   9.3792613e-01   5.4073016e-01  -1.9396813e+00   3.1022865e-01   1.2502768e+00
   2.0000000e+00   6.6130380e-01  -1.0052464e+00  -4.5477992e-01   1.3401955e+00  -1.1983554e+00   1.5786294e+00
   2.0000000e+00  -3.2177108e-02   4.6886902e-01   1.0190201e+00  -5.8736521e-01   9.7588589e-01   5.3663632e-02
   2.0000000e+00  -2.2378658e+00   1.7328307e-01  -2.0284674e-01  -4.4111846e-01  -1.4225996e+00   5.2487205e-01
   2.0000000e+00  -1.0538024e+00  -2.4954956e-01  -9.9066610e-01   7.0352811e-01   7.5399165e-01  -7.9211107e-01
   2.0000000e+00   1.0746011e+00   1.5680179e-02  -7.4266429e-01  -1.3727747e-01  -2.4528961e-01  -1.3650063e+00
   2.0000000e+00  -2.6278309e+00  -1.2585443e+00   8.6422606e-01  -1.2181903e+00  -1.1755244e+00  -1.5779551e+00
   2.0000000e+00   2.8537154e-01  -8.1699857e-01   1.3156859e+00  -2.3280277e-01   8.6102391e-01   3.7930896e-01
   2.0000000e+00  -1.0181334e+00   8.5816457e-01   2.2246909e-01  -7.4720494e-02  -1.6853958e+00  -7.3251607e-01
   2.0000000e+00   1.2495693e+00  -1.3636517e+00  -1.1370061e-01   1.6159686e+00   8.2352838e-01  -1.8212577e+00
   2.0000000e+00   7.3950940e-01  -2.2880809e+00   3.9096635e-01  -2.4293530e-01  -4.4795408e-01   1.3007746e+00
   2.0000000e+00  -1.5919990e+00  -3.3840940e-01   6.2200492e-01  -1.6493334e-01  -1.0945336e+00   4.4869675e-01
   2.0000000e+00   1.1726634e+00  -6.4239545e-01  -2.0672828e+00  -1.9426673e+00   3.4972609e-01  -1.2446805e+00
   2.0000000e+00   3.9936817e-01   3.9675616e-01  -7.5174262e-01  -7.3319562e-02  -4.7126346e-01  -9.8389242e-01
   1.0000000e+00   1.7465903e+00  -1.4455875e+00  -8.7771518e-01   2.1502668e-01  -4.6689156e-01  -6.3666318e-01
   2.0000000e+00  -1.4613170e+00  -1.2005005e+00  -7.3369226e-01  -1.2751551e+00   4.2617121e-01  -1.2522422e+00
   1.0000000e+00   4.6842205e-01  -1.2839552e-01   1.4092030e-01   6.1259762e-01  -7.6623449e-01  -1.0039958e-01
   2.0000000e+00   1.4447021e-01  -5.2976292e-01  -1.5302209e+00  -2.8446417e-01  -1.4100580e+00   6.8136032e-01
   2.0000000e+00   3.7950748e-01  -1.4288966e+00  -7.6634854e-01   1.1801821e+00   5.8815991e-01   1.4309547e+00
   2.0000000e+00   8.9147281e-01  -2.7633349e+00   1.3361718e+00  -3.5526638e-01  -1.4390731e+00  -2.8438663e-01
   2.0000000e+00   4.8106464e-01  -2.3843792e+00   1.9944181e-01   2.3320996e-01  -1.0321785e+00  -3.5228724e-01
   2.0000000e+00  -3.2646168e-01   1.9958731e-01  -8.9628016e-01  -5.4483443e-01   4.3209036e-01   1.3445408e-03
   1.0000000e+00   2.0379601e-02   1.8883711e+00   2.9532414e-01   1.7998148e-01   5.0959150e-01  -3.8306713e-01
   2.0000000e+00  -1.9612976e+00   5.8202540e-01   1.6675086e+00  -1.8226034e+00   1.0903114e+00   1.0763209e+00
   2.0000000e+00  -5.3289009e-01  -6.5749913e-01  -2.1501926e+00  -1.1093280e+00   9.9574846e-01   3.9561950e-01
   2.0000000e+00   7.8714791e-01   1.0290215e+00   4.1634811e-01  -8.1428847e-01  -8.2290523e-01   1.8723469e+00
   2.0000000e+00  -1.2034133e+00   1.6692787e-03   2.3006735e-01  -2.1953768e+00  -5.4632161e-01  -3.3691855e-01
   2.0000000e+00  -3.5914657e-01  -5.6916774e-01   1.5674168e+00   3.5941749e-01  -1.1589187e+00  -2.1850539e+00
   2.0000000e+00   1.1089888e+00   1.9693818e-01   5.6844769e-01  -6.6117969e-01  -2.3966173e+00  -5.9498118e-01
   1.0000000e+00   7.3059809e-01   1.2188676e-01   1.1067273e+00   5.6516610e-01   6.5768166e-01   3.4976300e-01
   2.0000000e+00   2.0702188e-01   1.1823195e+00   7.5319659e-01  -9.8054063e-01  -1.6510099e+00  -5.4442255e-01
   2.0000000e+00   1.1387478e+00  -3.2962315e-01   5.7930716e-01  -9.2238012e-01  -2.8039823e-01   7.1873352e-01
   1.0000000e+00  -8.0194920e-01   1.1200248e+00  -7.7199583e-01   1.2399512e-01  -7.8906172e-01  -5.6034095e-01
   2.0000000e+00   2.6932693e+00  -2.7236583e+00   6.8905045e-01   1.8969766e-01   1.0386603e+00  -5.1028728e-01
   2.0000000e+00  -1.7979807e+00  -6.4836474e-01   2.4672149e-01   1.5095294e+00  -3.1330266e-01  -2.6780385e-02
   2.0000000e+00   7.1136990e-01   9.0851027e-02  -1.2822241e-02   8.5897309e-01   5.6139869e-01   3.9280790e-01
   2.0000000e+00   4.5413406e-01   7.3704247e-01   2.4211112e+00   1.7003842e+00  -1.4686770e-01  -4.2019740e-02
   1.0000000e+00  -5.6176612e-01  -3.7777708e-01   4.6672873e-01   5.2642589e-01   6.4308692e-01   9.6657666e-02
   1.0000000e+00  -7.2575038e-01  -1.1517040e+00  -3.7401456e-01   1.1513192e-01   3.2121584e-01   9.1148906e-01
   1.0000000e+00  -8.8197865e-01  -5.6574239e-01   9.4886959e-01   1.4356359e-01   3.5723829e-01   1.4236718e-01
   2.0000000e+00  -4.6083863e-01  -9.4064145e-01   3.5695064e-01  -2.9656962e-01  -1.8631361e+00   1.9203980e-01
   2.0000000e+00  -9.6546569e-01   3.8252979e-01  -6.6427624e-01  -1.2392024e-01   1.3830571e-02   4.3097074e-02
   1.0000000e+00  -2.2061969e-01  -1.8248183e+00  -5.8460000e-01   5.9146008e-01   1.1294102e-01  -1.1675610e+00
   2.0000000e+00  -8.5935590e-01   2.8655617e-01   6.5514344e-02   2.1417833e+00   1.6800197e-01   2.2577421e+00
   1.0000000e+00   2.3573306e-02   5.6491134e-01   3.1030551e-01   8.4350180e-01   1.6385632e-01  -3.7933541e-01
   2.0000000e+00   2.2703531e+00  -9.5999899e-01   1.0123729e+00   3.1707027e-01  -1.5050182e+00   1.5023179e-01
   2.0000000e+00   2.7095082e+00  -1.7058436e-01   2.2512438e-01   1.3281587e-01   1.1886804e+00  -4.2474602e-01
   2.0000000e+00  -1.8029641e+00   1.4292391e+00   8.0535717e-01  -3.2227370e-01  -1.1535579e+00  -1.3234623e+00
   1.0000000e+00  -1.3328463e-01   5.7225096e-01  -1.2537012e-02   4.4064530e-01   5.3469369e-01  -7.7325994e-01
   1.0000000e+00   1.0781347e+00  -5.8923609e-02   1.0177287e+00   5.2661596e-01  -1.1378187e-01  -6.2870513e-01
   1.0000000e+00   4.9572178e-01   7.1390131e-01   4.7159839e-01   6.1348217e-01  -2.5625054e-01   9.3802577e-01
   2.0000000e+00  -4.1815261e-01  -9.8946190e-01  -5.2480445e-01   1.7295561e+00  -2.0825626e+00  -3.4999031e-01
   2.0000000e+00  -9.0501679e-01  -1.4016433e+00   5.7018087e-01  -5.9131104e-01  -1.4122871e+00   7.3062870e-02
   1.0000000e+00  -1.3582440e-02   4.7204588e-01  -1.9498022e-01   2.0117702e-01   2.4792743e-01  -1.6213964e+00
   1.0000000e+00  -8.1737135e-01  -4.8652351e-01   2.1237178e-01   4.6508954e-01  -4.9056005e-01   1.0440684e+00
   2.0000000e+00   6.5884321e-01   8.3653359e-01   9.2784520e-01  -6.0906223e-01  -2.2669211e+00  -1.0479479e+00
   2.0000000e+00  -9.0144022e-01  -6.8492521e-01   1.2362967e-01  -8.3869220e-01   9.1432604e-01  -3.9895426e-01
   2.0000000e+00  -1.4619984e+00  -7.6206420e-01   6.9656555e-01  -1.9920531e-02  -5.4112260e-02  -2.1598102e-02
   2.0000000e+00  -1.2947073e-01   5.4415992e-01   9.7671296e-01  -3.1699924e-02  -1.1292081e+00  -8.5620010e-02
   2.0000000e+00  -9.5991260e-02  -4.5236114e-02  -1.0115351e+00   8.2093518e-01   1.3237917e+00   2.0007058e+00
   1.0000000e+00   8.3829150e-01   8.9027260e-01   9.6664984e-01   2.2207462e-01  -8.9810009e-01   4.2390296e-01
   1.0000000e+00   2.5292748e+00   6.0596909e-01   3.3497491e-01   3.0606511e-01   8.9444469e-01  -2.5130204e+00
   2.0000000e+00   2.0815628e+00  -4.7945606e-01  -1.5383068e+00   1.6132821e+00  -9.2059656e-01   2.7625170e-01
   2.0000000e+00  -9.9154849e-01   1.2949240e+00  -2.2666778e+00  -4.1221508e-01   4.1940309e-01  -1.4649989e-01
   2.0000000e+00   1.3999074e+00  -1.5956670e-01   1.6503824e+00  -2.8800553e-01  -3.4385749e-01  -3.4322476e-01
   2.0000000e+00   1.4856814e-01   1.7116356e-01   1.2084871e+00  -8.9562737e-01  -2.9187125e-01   9.9396178e-01
   1.0000000e+00  -4.3098077e-01   7.0030755e-01   1.8967866e+00   4.2698889e-01   1.8090816e-01  -7.4897775e-01
   1.0000000e+00   6.9499764e-01   3.9305141e-01   1.9981807e-01   3.0361252e-01  -5.0777141e-01  -4.1988650e-01
   2.0000000e+00   2.7048401e-01   1.1002383e+00  -4.4272691e-01  -1.4510118e+00   1.7962114e+00  -9.7209062e-01
   1.0000000e+00   2.9127469e-01  -1.0546451e+00  -9.0924962e-01   4.3187383e-01   2.5992708e-01   2.7657392e-01
   2.0000000e+00   1.4883641e+00  -8.6769637e-01   8.0239989e-01  -7.0722975e-01   8.4703539e-02   8.4401745e-01
   2.0000000e+00   2.7931190e-01   4.8806529e-01   1.7975774e-01  -3.0178780e-01   4.4598586e-01   4.5875915e-01
   1.0000000e+00   1.5558268e+00   4.5232331e-01  -1.1844095e-01   6.3288947e-01  -2.1066797e-01  -7.4145849e-01
   2.0000000e+00  -6.6457702e-01   1.0636463e+00  -5.3383380e-01  -2.0652071e-02   1.5174274e+00  -8.7991009e-01
   1.0000000e+00  -4.5485931e-01  -9.1472368e-01  -2.0940838e-01   2.4967911e-01   3.4523305e-01   1.2431740e+00
   2.0000000e+00   3.7367123e-01  -2.5138944e-01   5.4208180e-01   7.1688115e-01   1.7713397e+00   7.5081936e-01
   2.0000000e+00   7.4747555e-02  -5.3297491e-01   5.3291032e-01   1.1386068e+00   4.1158763e-01   1.7830176e+00
   2.0000000e+00  -3.8386984e-03  -1.4395705e+00   7.7761016e-01  -1.2181700e-01  -8.8029737e-01   6.9764663e-01
   1.0000000e+00  -2.4131930e-01   3.5965072e-01   5.3721286e-01   4.5775049e-01   1.8216170e-01   2.2946748e+00
   2.0000000e+00  -7.0677930e-02  -6.8993340e-01  -2.1972156e+00   2.2835522e-01   4.1431080e-01  -1.8881539e+00
   2.0000000e+00   9.3160450e-01  -5.2503061e-01   9.0283281e-01  -3.0864655e-01  -6.2689451e-01   5.4744440e-01
   2.0000000e+00   1.9328879e+00   5.0502047e-01  -8.1189903e-01  -7.3767324e-01   3.0689229e+00   4.4352023e-01
   1.0000000e+00  -2.4647250e-01   2.2599489e-01  -1.8696807e+00   5.8833275e-01  -1.4990808e-01   9.0565288e-01
   2.0000000e+00   6.1004456e-02  -1.2217619e+00   1.0119035e+00   1.3653787e+00  -4.0774205e-01   3.5159663e-01
   2.0000000e+00  -9.0508429e-01  -1.4472351e+00  -7.1401341e-01  -5.7108792e-01   1.4367364e+00   3.5972245e-01
   2.0000000e+00  -8.0025888e-01   7.8223842e-01  -1.2362408e+00   6.1672844e-01  -1.0164631e+00  -5.4518394e-01
   2.0000000e+00   1.0324902e+00   9.2853287e-01   3.6503691e-01  -5.5568762e-02  -4.1447377e-01  -2.3448281e+00
   2.0000000e+00  -1.0046624e-02   7.7192779e-01  -4.3132156e-01   2.0248503e+00   3.8111454e-01   2.5403863e-01
   2.0000000e+00   8.6458597e-01   2.0376552e+00  -2.7295863e-01   3.8569995e-02   1.2375687e+00  -1.0490951e+00
   2.0000000e+00   3.2744071e-01   6.5559997e-01  -4.5221867e-02  -1.4639747e+00   2.3695104e-01   8.5535920e-01
   1.0000000e+00  -7.0764727e-01   1.4568427e+00   1.2403568e+00   2.8603544e-03   9.7732757e-01  -7.5171373e-01
   2.0000000e+00   4.4369580e-01  -9.0189926e-01   1.2907777e+00   2.2443665e-01  -1.9848441e+00  -7.5947801e-01
   2.0000000e+00  -6.5918046e-01   6.4617177e-01   1.8675467e+00  -1.2064714e+00   4.9992805e-01  -2.1429949e-01
   2.0000000e+00   1.7890638e-01   2.1719985e-01   5.6851157e-01  -6.4667292e-01  -3.7656436e-01  -7.5162762e-01
   1.0000000e+00   9.2282539e-01  -1.7950279e+00  -7.2549401e-01   2.9264748e-01   2.3949495e-01  -1.8568710e+00
   2.0000000e+00   7.3657359e-01  -2.1985338e+00   5.1710011e-01   7.9413937e-01  -1.7552358e+00   3.7947059e-01
   2.0000000e+00   5.2891208e-01   3.8825900e-01  -1.3455156e+00  -6.9006379e-01   9.0518180e-01  -6.0277448e-01
   2.0000000e+00   9.4447567e-01  -4.0508515e-01   7.4704645e-01  -1.2767764e+00   4.6281173e-01  -2.8279083e-01
   2.0000000e+00   7.2609725e-02   2.9224700e-01   1.7994331e-01   1.6624362e+00  -1.3196626e+00   1.4272287e+00
   2.0000000e+00  -6.4741999e-01  -7.8122495e-01   1.3070770e+00  -1.7747374e+00   1.7387813e+00  -8.7439393e-01
   2.0000000e+00   1.0497950e-01  -1.1924872e+00  -2.3060255e-03   6.9636496e-01  -7.3436931e-01   7.1575853e-01
   2.0000000e+00   5.5525696e-01   7.5348373e-02  -6.9242717e-01   1.0681173e+00  -1.6259812e-01  -1.7284453e-03
   2.0000000e+00   7.5104062e-01  -1.3151456e+00   4.2469909e-01   3.1384227e+00   8.6172905e-01   1.9401414e+00
   1.0000000e+00   4.8962512e-01  -4.4788740e-01   8.4213018e-02   5.3020288e-02   7.8414536e-01  -1.3176575e+00
   1.0000000e+00   1.3631755e+00  -4.5516347e-01  -3.7952829e-01   1.1463259e-01   1.7585705e-01  -2.0123234e+00
   1.0000000e+00   6.0259620e-01   4.4650612e-02   9.0356349e-02   1.2307002e-01   4.9070136e-01  -9.1091380e-02
   2.0000000e+00   4.8673193e-01   3.6470654e-01  -2.6161345e-01  -1.7854167e+00  -1.4247476e-01  -2.1644848e-01
   2.0000000e+00   2.9767431e-02   2.9083043e-01   1.3327190e+00   1.4648163e-01  -1.1332901e+00   3.9602485e-01
   2.0000000e+00   7.0344787e-01  -4.3643945e-01   3.6818363e-01  -1.7987632e-01  -5.1408268e-01   1.0112628e+00
   2.0000000e+00   3.6185666e-01   5.5668855e-02  -1.6205432e-01  -8.9340062e-04  -1.1038655e+00   4.9456996e-01
   2.0000000e+00   5.4126688e-01  -5.4241911e-01   1.4168383e+00  -2.0557544e-01   1.4543560e+00   9.4141677e-01
   2.0000000e+00  -2.2209584e-04  -3.9228854e-01  -1.0693968e-01  -4.9094870e-01   1.6203825e-01   9.4694939e-01
   2.0000000e+00   1.4132749e+00   6.0419179e-01   6.5682499e-01  -4.6723858e-01   1.8370000e+00  -3.6831202e-01
   1.0000000e+00   7.6578417e-01  -7.7469946e-01  -1.3311657e-01   7.0828853e-01   3.6713358e-01   1.1995626e+00
   2.0000000e+00   2.6494510e-01   7.2133791e-01  -7.7568970e-01   1.5570791e+00   3.4528724e-01  -2.2200483e-01
   2.0000000e+00   3.7211464e-02  -7.1844932e-01  -2.1367931e+00   1.9922412e+00   8.3599601e-01  -2.0378609e-01
   2.0000000e+00  -2.8360267e-01  -9.6404282e-01   1.2651270e-01  -1.2944038e+00   9.9151084e-01  -7.5452646e-01
   2.0000000e+00   5.4943996e-01  -2.7847322e+00   1.5263297e-01  -1.1673447e+00  -6.2495889e-01   3.3522404e-01
   2.0000000e+00   4.6890672e-01  -5.3512860e-01   9.5666024e-01  -8.8758694e-01   1.6691225e-02  -2.0563624e-01
   2.0000000e+00   6.5701032e-01   8.3831522e-01   3.8561182e-02  -7.6007969e-03  -8.8481714e-01   2.6357776e-01
   1.0000000e+00   6.5278850e-01   3.1263460e-01  -1.8910198e-01   8.8632840e-03  -3.6023954e-01  -9.1293392e-01
   2.0000000e+00  -1.3374289e-01   9.2450519e-02  -7.4913612e-02   1.1491678e+00   2.7807534e-01  -3.6481287e-01
   2.0000000e+00  -7.3596314e-01  -1.0555535e+00   8.0537219e-01   7.1924715e-01   1.2543948e+00   1.3263951e+00
   2.0000000e+00   5.2642237e-02   2.0283485e+00   2.3059455e-01  -3.2775962e-01   2.3320680e-01   1.4389842e-01
   2.0000000e+00  -9.8753907e-01  -8.6676448e-01  -8.5880912e-01  -4.0041673e-01   2.3568746e-02  -1.2081040e+00
   2.0000000e+00   1.9571619e+00   1.3046899e+00  -1.1113454e+00  -3.8830992e-02   9.3975289e-01   4.0008127e-01
   2.0000000e+00   6.5857140e-01  -1.6047211e+00  -2.2327690e-01  -6.7910160e-01   7.4866724e-01  -2.1243282e+00
   2.0000000e+00   1.1451656e+00   1.0537430e+00   2.7698602e-01  -1.1191904e-01  -5.4745897e-01   7.8272994e-01
   2.0000000e+00  -3.4417563e+00   8.9768699e-01  -1.4796197e-01  -5.0522035e-01  -5.1034921e-01  -2.3414700e-01
   1.0000000e+00   9.8784054e-01  -7.1777616e-02   2.9984843e-01   8.2281767e-01   1.5440513e-01  -3.5782226e-01
   2.0000000e+00  -7.3821684e-01   3.1219263e-01   1.1073477e+00  -1.4194936e-01   4.6731943e-01  -9.7178275e-01
   2.0000000e+00  -9.3805570e-01   8.1745913e-01  -1.5223078e-01  -1.3066861e+00  -1.4416514e-01  -1.3105189e+00
   2.0000000e+00   2.1143695e-04  -2.2381979e-01   8.4288375e-01  -2.8925453e-01   7.3004204e-01  -1.0515891e+00
   1.0000000e+00  -4.9720351e-01  -1.2387224e-01   5.9529786e-01   4.7899359e-01   1.2134826e-01   8.4900716e-01
   2.0000000e+00   4.7984706e-01  -2.7612098e-01  -1.1599774e+00   1.1356762e+00   2.1676646e-01  -3.7095849e-01
   2.0000000e+00   9.1269570e-01   7.4198031e-01  -1.0804695e+00  -1.0848694e+00   3.5691666e-01  -4.5156575e-01
   1.0000000e+00   5.3879667e-03  -9.0669477e-01  -1.0931561e+00   2.4469574e-01   3.3269482e-01   5.9348885e-01
   1.0000000e+00  -5.2674226e-02   9.5214458e-01   7.3908123e-01   2.1530570e-01  -6.1597454e-01  -3.6602894e-01
   2.0000000e+00   9.7431824e-01   8.6802661e-01   1.5471526e+00  -6.4619984e-04   1.7976375e+00   1.5792477e-01
   2.0000000e+00   1.8752445e+00  -8.7064784e-01   9.9198855e-01  -1.1780071e+00   1.8904545e+00   2.7035835e-02
   1.0000000e+00  -9.8117957e-01   7.7564133e-01  -2.6552563e-01   5.6080338e-01   2.7992930e-01   5.7462670e-01
   1.0000000e+00   1.9339439e+00   7.7626460e-02   5.1390694e-01   4.8265378e-02  -1.6854138e-01   2.9397072e-01
   1.0000000e+00  -3.7936308e-01  -3.8720437e-01  -2.1844573e-01   6.9880606e-01  -4.0221755e-01   3.8952289e-02
   1.0000000e+00   6.0093110e-01  -1.8298233e+00   1.6300131e+00   6.1416607e-01  -5.4060349e-01  -3.5026251e-01
   2.0000000e+00  -6.8653743e-01  -6.9577143e-02   1.3429527e+00   1.2259823e+00  -2.2489669e-02   6.2143202e-01
   2.0000000e+00  -2.0994754e-01  -6.9396068e-01   3.5954456e-01  -1.9723260e+00   6.6255543e-01  -1.2603157e+00
   1.0000000e+00  -5.5385533e-01  -1.2153107e+00  -1.5769291e-01   8.7966440e-01   1.3598881e-01  -1.5837350e-01
   1.0000000e+00   3.3944422e-01  -1.4319296e+00   1.3848231e-01   6.6855150e-01   2.6420194e-01  -9.4727970e-02
   2.0000000e+00   1.2085534e+00   6.9061979e-01  -5.6603743e-01   1.0495527e+00   1.5460879e+00  -2.6075723e-01
   2.0000000e+00   5.7522592e-01  -6.8229024e-01  -1.0499523e-01  -3.8878508e-01  -9.8668630e-01   8.0714224e-01
   2.0000000e+00  -3.3703077e-01   1.4827653e+00  -1.4642756e+00  -4.7650046e-01   2.2796105e+00  -6.3485951e-01
   2.0000000e+00  -2.6011154e-01  -4.9430681e-01  -5.5154692e-02  -6.3800353e-02  -4.2560459e-01   5.9450829e-01
   1.0000000e+00   1.0294378e-01   1.1651792e+00   8.5735138e-01   3.1043147e-01   4.7714485e-01  -3.3179016e-01
   2.0000000e+00   1.4385732e+00  -6.7537776e-01   3.1390503e-01   1.2665763e+00   1.3283407e+00  -6.3336861e-01
   1.0000000e+00  -7.4720470e-01  -1.3903335e-01  -1.3362912e+00   5.6256661e-01  -7.5440792e-01  -4.1638042e-01
   2.0000000e+00  -1.2422034e+00  -1.0507279e+00   5.0456631e-03  -1.0579097e+00  -6.0079779e-01  -8.6017656e-01
   1.0000000e+00  -2.1615950e-01   1.7182430e-01   7.8746981e-01   7.8708751e-02  -3.3968185e-01  -4.3496339e-03
   2.0000000e+00  -4.1147969e-01   1.4661511e-01   1.4044341e+00  -4.1219008e-01  -5.6435992e-01   9.0099167e-01
   2.0000000e+00   6.2132021e-03  -8.2266570e-02  -4.8506741e-02   1.4275729e+00  -1.6857679e+00  -6.3762359e-01
   2.0000000e+00   6.0783989e-01   1.0315946e+00   3.9080126e-02  -7.4394622e-01  -9.2249621e-01   6.7349567e-01
   2.0000000e+00  -6.6188216e-02  -5.9130240e-02   6.7474226e-01  -9.7587496e-01   4.7381615e-01   7.5728099e-02
   2.0000000e+00  -1.0084252e+00   6.9842176e-01   1.1784182e+00  -1.4215133e+00   1.0581318e+00  -2.0669214e+00
   1.0000000e+00   9.1190372e-01   1.0467346e+00  -1.3457845e+00   2.0496892e-01   2.4442478e-01  -1.0753380e-01
   2.0000000e+00  -9.7099915e-01  -1.3034767e+00  -2.4723898e-01  -8.0292880e-02  -7.1254844e-01  -8.5487776e-01
   2.0000000e+00   6.4454212e-01   1.2990784e+00  -1.1877892e+00  -6.8740876e-01   7.4379961e-02  -1.2263553e+00
   2.0000000e+00  -1.5825274e+00  -3.3741629e-01  -1.4746447e-01   1.0483505e+00   8.8588465e-01  -1.3147227e+00
   1.0000000e+00  -9.0158973e-01   1.2203831e+00  -6.2039818e-01   4.6718160e-01   7.3614586e-02  -1.4102353e+00
   1.0000000e+00   8.7554657e-01   5.0211314e-02  -1.1672140e+00   4.7339236e-01   5.2819552e-01   1.9229525e+00
   1.0000000e+00  -9.1829995e-01   9.5557301e-01   1.1956746e-01   6.7349856e-01  -2.3649218e-02  -5.7224220e-01
   2.0000000e+00  -2.1325430e+00  -1.1852951e+00  -1.8364728e+00  -1.9779321e+00   3.9387656e-01   2.9472084e-01
   2.0000000e+00   7.2831933e-01  -2.4850136e-01   2.1521734e-01   3.4209515e-01   1.8328264e+00  -7.6554517e-01
   2.0000000e+00  -1.7609331e+00  -4.2191274e-01   8.6596635e-01  -1.9386259e+00  -9.4127430e-02   6.1548171e-01
   2.0000000e+00   9.7067629e-01   1.3808287e+00  -1.4999009e+00  -7.0446628e-01   1.2798857e-01   1.3392149e+00
   1.0000000e+00   9.7370347e-01  -6.6623114e-01  -3.0433288e-01   1.3929514e-01  -3.0907114e-01  -2.4102939e-01
   2.0000000e+00  -1.0381651e+00   9.5514196e-01  -5.1227524e-01  -1.7919277e+00  -1.4113130e+00   1.5314693e+00
   2.0000000e+00  -4.8747406e-01  -1.3217243e-01  -1.0869527e+00   1.2622165e+00   1.0007514e+00  -3.7041355e-01
   1.0000000e+00  -9.7633552e-02  -1.4568888e-01  -1.7876992e-01   4.4595931e-01  -1.2927283e-01  -8.3546704e-01
   2.0000000e+00   3.2119943e-01   3.0139409e-01   1.2364924e+00  -7.0731093e-01  -5.9208717e-01  -2.3100838e-01
   2.0000000e+00  -1.2484513e+00  -6.0521556e-02  -7.2200248e-01  -5.5539143e-01  -2.8268405e+00   2.5488608e-01
   2.0000000e+00   2.0192526e-01  -4.3342189e-01   1.6172996e+00  -7.4007640e-01   1.4268936e-01  -3.8346882e-01
   2.0000000e+00  -1.5223875e+00   1.0883633e-01  -9.9572448e-01  -6.4879465e-01   8.1710705e-01  -1.6131048e-02
   2.0000000e+00   2.2503024e+00  -2.9956803e-01   9.1007355e-01   1.7808219e+00  -9.8185842e-01   1.1481070e+00
   2.0000000e+00   1.1010447e+00  -3.3895652e-01   6.6255117e-01  -2.7226042e-01  -2.8908647e-01  -1.7953777e+00
   2.0000000e+00  -5.9121661e-01  -6.0429997e-01   1.3640548e+00   1.0503055e+00   1.6303717e+00   1.0353312e+00
   2.0000000e+00   1.2611446e+00   1.8349914e-02  -1.1051152e+00   3.1906472e-01   1.3026639e+00  -2.6972282e-01
   2.0000000e+00  -5.5010217e-01   2.4216125e+00  -2.6521672e-02   1.8498260e+00  -6.2203590e-01   8.0010197e-01
   2.0000000e+00  -1.0996851e-01   2.2902571e+00  -1.3545981e+00   9.4425372e-01   1.2141425e+00   6.3132954e-01
   2.0000000e+00  -3.3582329e-01  -2.0586598e+00  -2.1139881e+00  -6.2435803e-01   3.1389140e-01   3.3956464e-01
   1.0000000e+00   1.3986282e+00   2.1687988e+00  -1.3753896e-01   1.3229980e-01   1.3493693e-01   5.3711298e-01
   2.0000000e+00  -8.3978523e-02  -6.5083948e-01  -4.4196908e-02  -3.7747480e-02  -8.8823878e-01  -1.8790626e-01
   2.0000000e+00   1.2498622e+00  -1.1820008e+00  -5.0429933e-02   6.8965943e-01   1.3387206e+00   4.8542523e-01
   2.0000000e+00  -2.3892257e+00   1.2192299e+00   1.6139461e+00   1.1353453e+00  -5.9452203e-02   1.1153481e+00
   2.0000000e+00  -8.9502345e-01   5.8949374e-02   1.6364412e+00   8.9093661e-01   9.5289494e-01   7.2099092e-01
   1.0000000e+00   4.8277089e-01   1.2458521e+00   2.1075058e-03   1.0401315e-01  -5.8491897e-01  -2.2902605e-02
   2.0000000e+00   5.4076684e-01  -5.0366288e-01  -1.9564843e+00  -9.2905133e-01   9.9242144e-01  -5.8358039e-01
   2.0000000e+00  -1.9506819e+00   2.3871979e-01  -2.5697969e-01   5.0078477e-01   2.0680210e+00  -1.4910211e+00
   2.0000000e+00  -8.5316881e-01  -3.2883716e-02  -1.6816007e+00   8.4483138e-01  -1.4421766e+00  -1.0597236e+00
   2.0000000e+00   1.6968608e-01   2.0256892e-01   6.9240998e-01   8.1220585e-01  -1.8005211e+00  -6.7399184e-01
   2.0000000e+00   6.4038473e-01   1.1139645e+00   2.7891320e-01  -4.0308446e-01   1.6515824e-01  -3.7214484e-01
   2.0000000e+00   6.6559325e-01   1.5778268e-01  -2.5601543e+00   1.1195173e-02  -1.7375989e+00   1.0555110e+00
   1.0000000e+00   1.4043777e+00  -9.6737700e-01   6.1610046e-01   5.2332421e-01   7.8567826e-01  -2.7880304e-01
   2.0000000e+00   5.2669116e-01   9.1119425e-01  -2.3693878e-01  -1.4823885e+00   3.6832832e-01  -1.8898159e-01
   1.0000000e+00   3.6714871e-02  -8.5062735e-01   1.0113337e+00   4.8807364e-01   5.2330213e-01  -1.3714945e-01
   2.0000000e+00  -3.2339105e-01  -7.3757085e-01   4.9577340e-01   6.4477613e-01   1.1082768e+00  -8.3563762e-01
   2.0000000e+00  -8.1589557e-01   4.6748082e-01   1.6079010e+00   1.3062129e+00  -7.0229816e-01   4.6261262e-01
   2.0000000e+00   5.4579634e-01   7.3023377e-01  -2.2790303e-01  -1.7846498e+00  -7.7467659e-01  -7.5934217e-01
   1.0000000e+00   5.5140301e-01   2.5576397e-01  -5.0381425e-01   7.8335047e-01   3.6390339e-02   3.7708429e-01
   2.0000000e+00  -3.0932908e-02  -3.0875907e-01  -7.4557515e-01  -1.7739751e+00  -5.3621011e-01  -4.8568586e-01
   2.0000000e+00   9.9555190e-01  -6.2241478e-01  -1.3824991e+00  -1.3679236e+00   1.5759930e-02  -2.0966916e-01
   2.0000000e+00  -6.1019765e-01   8.5131415e-01   8.3062546e-01  -6.7810091e-01   5.4947343e-01  -1.2721046e-01
   2.0000000e+00   6.9562872e-01  -1.1578663e-01   3.7556775e-01  -5.6660232e-01   7.7238661e-01  -4.4933482e-01
   2.0000000e+00   1.0872991e+00   6.1336381e-01   7.1555666e-01  -7.0250285e-01  -1.1791591e+00   6.7518454e-01
   2.0000000e+00   8.9860521e-01   1.5594504e+00  -6.5991453e-02  -5.5261296e-01  -5.3041331e-01   2.8549880e-01
   1.0000000e+00  -2.3923974e-02  -1.1806596e+00   1.9094350e-01   3.9985214e-01  -8.8389567e-01   8.6504583e-01
   1.0000000e+00   2.4990391e-01   9.6227586e-01   1.4306284e+00   8.4027065e-01  -3.9017751e-02  -1.2194560e-01
   2.0000000e+00  -1.2030438e+00  -1.5672521e+00  -1.4162913e+00   1.9414659e-01  -1.0837661e+00   5.8615593e-01
   2.0000000e+00   1.4564065e-01   3.5409095e-01   9.0887176e-01   2.2986354e-01  -1.7036875e+00  -9.5518427e-02
   2.0000000e+00  -1.0148657e+00   1.5669805e+00   6.9328315e-01  -1.7319838e+00  -7.5973278e-01   4.0081541e-01
   2.0000000e+00   5.4989562e-01   1.5483314e+00   2.1361226e+00  -5.5827961e-01  -4.9773094e-01  -1.8481681e-01
   2.0000000e+00  -7.2843659e-01  -1.6606219e+00   1.9996334e+00  -6.9786137e-01  -1.0943006e+00   9.5123281e-01
   2.0000000e+00   1.8004602e-01   9.5195380e-01   1.2497622e+00  -1.1313967e+00   7.0579263e-01   9.0393954e-01
   2.0000000e+00   1.4201694e+00   1.1043269e+00   1.8528046e+00  -1.2288793e+00  -1.5448584e+00   1.4149066e+00
   2.0000000e+00   1.5179601e+00  -2.1029577e+00  -6.3710036e-01   8.8699818e-02   1.9139563e+00   8.1445453e-01
   2.0000000e+00   2.0710342e+00   3.0544967e-01   7.1556400e-01  -3.3367462e-01  -4.4974152e-01   3.3507807e-01
   2.0000000e+00  -2.4546940e+00  -2.5668215e+00   6.1667568e-01   9.5748651e-01   1.4580547e+00  -1.2067960e-01
   1.0000000e+00  -1.6735928e-01   1.8303148e+00   5.4671117e-03   9.0470971e-01   2.4771998e-01  -6.8015895e-01
   2.0000000e+00  -7.8499068e-01   1.1098259e+00   4.4555182e-01   1.2476078e+00  -3.2417873e-01   3.5349431e-01
   1.0000000e+00  -1.3031779e+00  -1.1588523e+00  -2.5813869e-01   6.0113335e-02   2.7896133e-01   1.0708978e+00
   1.0000000e+00  -3.9125219e-01   1.5948825e+00  -8.9056590e-01   4.7738993e-01  -6.1009098e-01   1.5099811e+00
   2.0000000e+00   1.9894260e-01   6.8327934e-01   3.9022418e-01  -6.0182054e-01   1.4757186e+00   1.6778149e+00
   2.0000000e+00  -1.4146547e+00  -1.0413069e+00  -5.5969589e-01   3.8398200e-01  -1.9433224e+00  -3.3113434e-01
   1.0000000e+00   1.7663635e+00   2.0948666e-01   1.5376811e+00   2.3103738e-02   4.3427271e-01  -5.2038477e-01
   2.0000000e+00   3.4576794e-01   1.5586051e+00   4.8046821e-01   3.2532267e-01   2.1998761e+00  -3.5895184e-01
   1.0000000e+00   3.0197102e+00  -8.9124321e-01  -1.3784305e-01   1.0953875e-01   1.5501681e-01  -9.6130150e-01
   2.0000000e+00   1.0415906e+00   3.5357411e-01   6.6511253e-01   1.7543120e-01   1.4988234e+00  -1.9113686e-01
   2.0000000e+00   1.2233201e+00  -1.2183272e+00   8.8258660e-01  -6.4931682e-01  -3.1990011e-01  -1.0247424e+00
   2.0000000e+00  -2.1155006e+00   6.2897243e-01  -9.5749427e-01  -4.3730158e-02   7.4064592e-01  -2.6097140e-01
   2.0000000e+00   1.5736617e+00   1.9894147e+00   1.0081685e-01  -4.8825023e-01  -5.7357390e-01   7.0018494e-01
   2.0000000e+00  -2.1989783e+00   3.7778811e-01  -2.1635960e-01  -1.3008589e+00  -1.6222329e+00  -7.7990078e-01
   2.0000000e+00  -2.8817558e-01   4.8331580e-01   1.1596388e+00  -5.7412150e-01  -4.6041744e-02   1.7172489e+00
   2.0000000e+00  -3.1894583e-01  -7.8270336e-01  -1.4282117e-01   1.1364732e+00   6.6230648e-01  -2.6254123e-02
   2.0000000e+00  -4.8862179e-01  -5.7455256e-01   3.2266165e-02  -7.0563175e-02   1.2464878e+00   1.1571474e+00
   1.0000000e+00  -5.8117883e-02   5.0586620e-01  -4.4177892e-01   3.0943741e-01  -3.6032040e-01   1.1407026e+00
   2.0000000e+00   5.1567915e-02  -4.9515566e-01   3.8120985e-01   1.0552501e+00  -8.4658246e-01   1.3509977e+00
   2.0000000e+00   9.4191347e-01   5.9278557e-01  -2.3492289e-01   9.3649207e-01  -6.2345275e-01   3.5364790e-01
   2.0000000e+00   8.0027938e-01  -4.8061107e-01   1.4465265e+00  -7.9996543e-01  -5.2525092e-01  -7.0309486e-01
   2.0000000e+00  -5.8713383e-02  -1.4948514e+00   2.1928467e+00   8.5555072e-01  -9.9431177e-01  -2.5967283e-01
   2.0000000e+00   6.4218391e-01   9.5888615e-01   6.4088111e-01   3.9732049e-01   2.9935555e+00   3.4341530e-01
   2.0000000e+00  -1.1247516e-01   1.1690390e-01   1.1040604e+00  -1.1279541e+00   1.9047017e+00  -3.5033720e-01
   2.0000000e+00   1.0571076e-01   1.9514389e+00   1.3714227e+00  -1.3261961e+00   3.7502180e-01   6.6936635e-02
   2.0000000e+00   1.6601450e+00   1.8175856e+00  -3.3495558e-01  -6.8252713e-01  -1.1572442e+00  -4.2769954e-02
   2.0000000e+00  -2.1171123e+00   1.4428604e+00   2.5132788e-01   1.0159703e+00  -6.1132731e-01  -1.4635636e+00
   2.0000000e+00  -3.3381000e-01  -5.7919673e-01  -1.1790347e-01   2.0526185e+00   5.7271928e-01   5.5755535e-01
   2.0000000e+00  -1.0449277e+00   5.8815772e-01  -8.5547025e-01  -3.1427718e-01   1.1355205e+00  -2.3533884e-01
   1.0000000e+00  -2.4083104e-01  -1.2885063e+00   1.8816564e-01   7.5723914e-01  -2.8398636e-01  -3.1775035e-02
   1.0000000e+00   2.3099298e-01   2.4051244e-01  -1.2004522e-01   1.7436283e-01  -3.4015407e-01   2.5856826e-03
   2.0000000e+00  -1.9808635e-01  -1.7031107e+00  -1.2442286e+00   1.7594058e-01   1.2362995e+00   3.8995684e-01
   2.0000000e+00  -5.0240460e-01  -8.1585699e-01   8.0663999e-01   1.7351980e-01   1.0706588e+00  -8.5469202e-01
   2.0000000e+00  -1.3162840e-01   4.9107196e-01  -1.1574632e+00   1.2901507e+00  -1.3006706e+00  -8.6149624e-01
   2.0000000e+00  -6.9233281e-01   1.0734089e+00  -8.8182053e-01  -5.0968894e-01  -7.7600970e-01   7.1604584e-01
   2.0000000e+00  -4.3439970e-01   6.1061462e-01   5.9554948e-01  -5.1040094e-01   1.1289729e-01   1.9056230e+00
   2.0000000e+00   1.2876487e+00  -2.4355323e-01  -1.3084230e+00  -4.9310145e-01   1.0599806e+00   1.7407773e+00
   2.0000000e+00  -5.7691254e-01  -1.8209774e+00   8.4856537e-01  -4.3620821e-01  -1.1901452e-01  -5.5845493e-01
   2.0000000e+00   1.3937490e-01   2.0832399e+00  -2.9229708e-01  -7.7989346e-02   4.6976211e-01   6.3433963e-01
   2.0000000e+00   5.0384660e-01  -4.5807677e-01   1.7172672e+00  -8.6487589e-01  -7.1238093e-01   1.2243146e+00
   2.0000000e+00  -1.0358741e+00  -4.9892532e-01   6.9380248e-01   1.5020104e+00  -1.3998677e+00  -1.7145728e-01
   2.0000000e+00   2.4346956e-01   1.8900879e+00  -9.1788808e-01   1.3321247e-01  -1.0455047e+00  -5.1522518e-01
   1.0000000e+00   1.2940103e+00  -9.8152855e-01   4.8856113e-01   2.3543461e-01  -4.3048122e-01   3.0507927e-01
   1.0000000e+00   2.9830707e-01  -7.9347292e-01  -3.6814491e-02   3.6204060e-01   3.0136023e-01  -1.1783259e-01
   2.0000000e+00   5.9699693e-01   2.4032281e-01   3.2056946e-01  -6.1030843e-01   3.1626055e-01   1.2044317e+00
   2.0000000e+00  -1.5283124e+00  -7.1962291e-01  -3.2110595e-01  -9.0438054e-01  -1.2336675e+00   1.4827160e+00
   1.0000000e+00  -1.5455554e+00  -1.2258216e+00  -3.5359406e-01   1.9899893e-01   7.1136574e-01   2.4536492e-01
   2.0000000e+00  -2.6006423e-02   1.8291758e+00   4.7189474e-01  -1.5370076e+00   7.4325281e-01   5.1387759e-01
   2.0000000e+00  -2.0379989e-02  -3.0867399e+00  -3.5598589e-03   3.9819701e-01  -1.5958875e+00  -6.6994592e-01
   2.0000000e+00   9.4286413e-01  -7.0658288e-01  -8.1672538e-01  -3.4426703e-01   1.2703872e+00   1.6522514e-01
   2.0000000e+00  -1.2838819e+00  -1.5009705e+00  -1.0904154e+00  -3.2089740e-02  -2.4324969e+00  -7.1164236e-01
   2.0000000e+00  -5.3066229e-01   2.8630354e-01  -3.9859280e-01  -8.0987574e-01   2.0396503e-01   1.6185060e+00
   2.0000000e+00  -2.4621193e-01  -3.3445827e-01   1.4636119e-01   5.2570257e-01  -1.0020465e+00   6.1925784e-01
   2.0000000e+00   8.2086356e-01   4.5234339e-01  -1.2475390e+00   6.6975661e-01   7.7839154e-01   4.0366838e-01
   2.0000000e+00   2.5949758e+00  -3.1863088e-01   2.1833595e-01  -4.8106028e-01   1.1355786e+00  -3.4306162e-01
   2.0000000e+00  -5.6053248e-01  -1.0290186e+00  -8.6808459e-01   1.6992373e+00   1.7518622e+00   3.8137440e-01
   1.0000000e+00   1.3022985e+00  -3.2284749e-01  -4.0665357e-01   3.4491402e-01   8.8635920e-01  -5.0580360e-01
   2.0000000e+00  -8.3904155e-01  -8.4080055e-02   8.5478915e-01  -1.0028394e+00  -1.6367283e-01  -4.4246693e-02
   2.0000000e+00   1.6253750e+00   2.9055957e-01  -1.8311856e-01  -2.3023411e-01  -4.0669752e-01   6.8590342e-01
   2.0000000e+00   4.7297967e-03   1.1709365e-01  -2.5544313e+00  -7.5127279e-01   4.0524670e-01   1.0236796e+00
   2.0000000e+00  -1.6658837e+00  -1.0915369e+00  -5.9646932e-01   1.4335680e+00  -5.7019588e-01   3.2483518e-02
   2.0000000e+00   1.7920316e+00   1.5387082e+00   6.7270468e-01  -1.9911292e+00  -9.7693037e-01  -1.3384235e-01
   2.0000000e+00  -1.0156210e+00   9.4205129e-01  -1.9831144e-01  -1.1827473e+00   2.9423104e-02   2.6113011e-02
   2.0000000e+00  -9.5865244e-01   1.4537456e+00  -1.8000291e+00   1.5987803e+00  -3.3230568e-02  -9.0283744e-01
   1.0000000e+00   1.7063661e-01   2.9252797e-01   4.8705986e-01   9.3385250e-01   1.7903630e-01   4.5455031e-01
   2.0000000e+00   3.4122869e-01   7.8402150e-01  -1.4831666e-02   1.0751901e+00   2.3383465e-01   1.9259779e-01
   2.0000000e+00  -2.1137942e-01  -6.5724258e-01   9.1068321e-01   1.6176458e+00  -6.9722653e-01  -9.2087730e-01
   2.0000000e+00   5.5465049e-01  -2.4912247e-01  -3.4692244e-01  -3.2692456e-02   4.4595857e-01  -4.7604706e-01
   2.0000000e+00  -2.2801736e-01  -2.4048460e-01   8.2155070e-01  -2.3918010e+00  -7.9573790e-01  -9.5862514e-01
   2.0000000e+00  -5.5549019e-01   2.9969135e-01  -2.9164146e-01  -1.1252806e+00  -9.2011782e-02  -2.9320912e+00
   2.0000000e+00   5.0112775e-02  -4.2470839e-01  -3.0316034e-01  -5.8267744e-01   5.5106506e-01   2.3513877e-01
   1.0000000e+00   6.1383324e-01  -1.1960999e+00   2.1881541e-01   8.6022899e-01  -3.8506187e-01  -1.9398932e+00
   1.0000000e+00   7.1723200e-02   5.3353301e-01   2.9902808e-02   4.2917286e-01   6.5841869e-01  -4.0203694e+00
   2.0000000e+00   1.5824195e+00   1.0773810e+00   1.7827095e-01  -6.4010834e-01  -5.4373525e-01   1.0209435e+00
   1.0000000e+00  -1.5376502e+00   1.6019803e-01  -1.1591510e+00   5.0694102e-01  -7.9353670e-01  -1.0091570e+00
   1.0000000e+00   8.9442374e-01  -1.1360615e+00   1.2267085e+00   4.3480312e-01  -2.0418355e-01  -4.5558765e-01
   2.0000000e+00   1.2169816e+00  -7.3588627e-01   1.5057492e+00   5.3277367e-01  -1.0096715e+00  -1.2246212e+00
   2.0000000e+00  -5.3476090e-01   6.3301381e-01   1.0469577e-01   1.2334291e+00  -1.0045376e+00   1.8758209e-01
   2.0000000e+00   1.7783660e-01   2.7285210e-01  -1.9236021e-01  -4.9576481e-01  -4.6904699e-01   1.7099226e+00
   2.0000000e+00  -2.8079860e-01  -9.1697422e-01   1.5325149e+00   7.9374646e-02   2.2718627e+00  -1.8380142e-01
   2.0000000e+00  -2.5917779e+00   4.5729319e-02   1.0360178e+00  -1.2098955e+00   1.3611302e-02  -7.5369433e-01
   1.0000000e+00   7.9788377e-01  -9.6651468e-01  -1.0007576e+00   4.4764599e-01  -5.6444396e-01   3.1034478e-01
   2.0000000e+00  -1.8414285e+00   6.0700702e-02  -1.8978059e-01   1.3280874e+00  -3.8978317e-01  -2.0902262e+00
   1.0000000e+00  -4.0530776e-01  -1.1323288e+00   4.0713787e-01   5.1320738e-02  -9.2009160e-01   5.0677746e-02
   2.0000000e+00   4.1686119e-02   6.0054790e-01   9.5346187e-01   1.7671431e+00   5.9965726e-01  -9.5605768e-01
   2.0000000e+00   2.4590783e+00  -1.4646064e-02  -1.5294430e+00  -1.8685395e-01  -9.2264603e-01  -1.9165813e+00
   2.0000000e+00   5.7764871e-01   5.6039392e-01  -1.3345185e+00   1.2051250e-01   1.3774939e+00   4.4892902e-01
   2.0000000e+00   1.3400068e+00   1.0949019e+00  -8.6738579e-01   1.5433054e+00   3.1906483e+00   1.4872492e+00
   2.0000000e+00  -1.0512184e+00  -7.6508035e-02   3.5844823e-01   8.8504362e-01   1.1278246e+00  -3.8706276e-01
   2.0000000e+00   4.7884981e-01  -2.1153104e-01  -2.8255985e-01  -1.9544132e-01   5.2154415e-01  -3.8392018e-01
   1.0000000e+00  -3.9987660e-01   3.8388584e-01  -1.1514280e+00   2.4291083e-01  -5.7792792e-01   9.1297636e-01
   2.0000000e+00  -1.8161645e-01   4.2883753e-01   1.0083021e+00  -5.6497355e-01  -4.1692974e-01   4.9216794e-01
   2.0000000e+00   1.0053671e+00  -1.5930421e-01   9.3347166e-01  -1.2194065e+00  -1.2124835e+00  -5.4373238e-01
   2.0000000e+00  -3.8453860e-01   3.7802255e-01  -3.1546153e-01  -7.2977987e-01   2.3360382e+00  -4.6679803e-01
   2.0000000e+00  -1.8128988e+00  -5.9261189e-02   1.1681537e+00   1.0635751e-01   1.1848041e+00   5.9151928e-01
   1.0000000e+00  -1.5686497e+00   6.3025494e-01   2.2340212e-01   6.8297494e-01  -2.4505461e-01   2.7710465e-01
   1.0000000e+00   4.4772694e-01   4.0724830e-01   1.2252558e-01   4.2333431e-01  -3.6971738e-01   5.8601451e-01
   2.0000000e+00  -1.4113651e+00  -2.6660106e-01  -6.0031897e-01  -1.4877581e+00   2.8259360e+00   2.4022768e-01
   2.0000000e+00  -8.3315304e-01  -1.2785729e+00   5.8376323e-01  -7.2640622e-01   3.7489811e-01  -6.0227881e-02
   2.0000000e+00  -1.1249414e+00  -7.4432477e-01  -7.2885862e-02   1.7101337e+00  -1.2784054e-01  -8.3649278e-01
   2.0000000e+00  -1.1192921e+00  -3.3878564e-01  -9.2023413e-01   1.7943904e+00   1.6619715e+00  -1.8081923e+00
   2.0000000e+00   7.5484764e-01  -1.6940399e+00   4.2339073e-01  -8.7795360e-01  -1.9880700e-01  -6.9644836e-01
   2.0000000e+00   6.7342808e-01  -8.8810210e-01   1.2822867e+00   5.9102743e-01   1.3281485e+00   1.0110581e+00
   1.0000000e+00  -3.3528363e-01  -7.2032095e-01  -5.0109544e-01   4.3474338e-01  -5.0875099e-01   5.4232443e-01
   2.0000000e+00  -1.2641391e+00   1.3342081e+00   2.8545096e-01   1.0656648e+00   4.5278842e-01  -1.2714604e-01
   1.0000000e+00  -7.4508443e-01   1.3704749e+00  -1.2945438e+00   2.4546949e-01  -1.6422904e-01   7.8873866e-01
   1.0000000e+00  -4.7937716e-01   4.4117724e-01   9.3675667e-01   1.0637261e-01   8.9979095e-01  -2.6919052e-01
   1.0000000e+00  -6.3155992e-01   9.8839737e-01  -3.6798663e-01   2.2849634e-01  -2.5498164e-01  -2.2133084e-01
   2.0000000e+00  -1.2961253e+00  -2.1306849e+00   5.7732833e-01  -3.1311901e+00   8.9826981e-01   7.7882297e-01
   1.0000000e+00  -1.0346899e+00   4.9005183e-01   8.5509172e-02   2.2670204e-01  -1.7147930e-01  -1.2543961e+00
   2.0000000e+00  -8.9600378e-01   7.1395135e-01   1.4141476e+00  -1.4642596e-01   1.7917087e+00  -9.4664162e-01
   2.0000000e+00   4.0472109e-01   1.7542644e-01   1.2008406e-01  -1.3536288e-01   1.5319697e+00   1.2802446e+00
   2.0000000e+00   6.1518543e-01  -3.4400269e-01  -9.0377159e-01   9.4786851e-01   3.6036005e-01  -3.5454792e-01
   2.0000000e+00   7.7963377e-02  -4.0773851e-01  -1.2568957e+00  -1.3056668e+00   4.5965288e-01   8.3261983e-01
   2.0000000e+00  -1.0438346e+00  -2.3182761e-01   2.1012140e-01   1.5380788e+00  -9.3337891e-01   1.4896631e+00
   2.0000000e+00   1.2948938e-01   8.6421441e-01  -3.3743649e-01  -1.1298581e+00  -7.8022642e-01   2.4539416e-01
   2.0000000e+00   1.1391014e+00  -5.9309269e-01   1.8817333e+00  -5.7468774e-02   5.1271403e-01  -8.5164818e-02
   2.0000000e+00  -4.1539215e-01   1.2480874e+00  -8.9861299e-01   9.0924380e-01  -9.7752598e-01  -1.4736126e+00
   2.0000000e+00   1.7098175e+00  -8.6536071e-01   1.3035932e+00   9.3905934e-01   5.9000243e-01  -1.4270968e+00
   2.0000000e+00  -1.6060976e+00   6.0298942e-01  -4.8813161e-01  -8.3785332e-01   2.4427150e+00  -1.2423160e+00
   2.0000000e+00  -6.1865552e-01  -1.4677155e-01   6.7671437e-02  -4.2629780e-01  -1.6038075e+00  -2.0629035e+00
   1.0000000e+00  -5.9189442e-01  -8.2397478e-01   1.4979786e+00   8.7743383e-01  -4.5663836e-01   1.2037591e+00
   1.0000000e+00  -8.0611454e-01  -3.3469243e-01   7.3840494e-01   7.4561627e-01  -4.0457455e-01  -2.4638390e-01
   1.0000000e+00  -9.1510810e-01   3.4643379e-01   1.6568863e-01   4.3518319e-01  -2.4274247e-01  -1.8865631e-02
   2.0000000e+00   4.1753423e-01  -1.2739276e-02  -1.2895237e+00  -1.5330997e-01   8.5250006e-01   7.1919378e-01
   1.0000000e+00  -7.4061413e-01  -5.1785744e-01  -7.5932576e-01   1.0525089e-01   6.0644624e-01   3.2525058e-01
   2.0000000e+00  -1.2404269e-01  -3.3497868e-01   6.1124931e-01  -1.0908402e+00  -5.9940508e-01   6.1957552e-01
   2.0000000e+00   4.6906682e-01   2.5886235e-01  -3.9695290e-01  -5.1288365e-02  -1.1226806e+00   6.5174072e-01
   2.0000000e+00  -8.7957169e-01  -2.5569319e-01  -1.4498969e+00  -2.1358865e+00  -1.3615273e+00  -2.5017562e-01
   2.0000000e+00  -2.3506540e+00   2.6386870e-01   3.9910485e-01   1.5526898e+00   4.3109164e-01   5.5033398e-01
   2.0000000e+00  -1.1879260e-01  -7.6338614e-01  -5.6901714e-01  -7.9344804e-02  -9.7539054e-01   2.8407218e-02
   2.0000000e+00  -4.4535515e-02  -1.5779721e-01   3.2894634e-01  -8.6489491e-01   3.4351276e-01  -1.0608766e+00
   2.0000000e+00   3.5735559e-01  -1.1620131e+00   4.2744034e-01   1.2338964e+00  -8.3633452e-01   6.2188031e-01
   2.0000000e+00  -6.1124024e-01   2.2875948e+00   1.7687720e+00  -5.6448113e-01   8.8669575e-01  -2.0647877e+00
   2.0000000e+00   1.5210309e-02  -1.6364612e+00   8.6276247e-01  -1.0899980e+00  -2.7162998e-01  -1.8714795e+00
   1.0000000e+00   2.8678465e-01   2.7290584e-01  -9.4566775e-02   6.5906405e-01   1.5073165e-01   6.1693544e-01
   1.0000000e+00   3.6461744e-01  -6.8756327e-01   2.8699567e-01   3.3162387e-01  -7.6846771e-01   7.5517233e-01
   1.0000000e+00  -1.5618564e+00  -1.0766725e-01   2.7389023e-01   2.5892778e-01   9.4687227e-01  -3.7105882e-01
   2.0000000e+00   7.6499241e-02   3.5024981e-01  -1.5656321e+00  -1.6906475e+00   1.5455381e+00   1.5832446e+00
   1.0000000e+00  -1.5980182e-01   7.8448558e-01  -1.7687551e-01   9.6984563e-01   2.4264061e-01  -2.2559230e-01
   2.0000000e+00  -4.8987158e-01  -4.6826801e-01  -6.5094876e-01  -3.4840351e-01  -4.7708189e-01  -4.8740723e-01
   2.0000000e+00   8.5556119e-01   9.1058348e-01  -1.8535646e-01  -2.8590131e-01  -4.7964950e-01   2.1199458e-02
   2.0000000e+00  -2.2802855e+00   3.4206129e-02   1.4067323e-01   1.3432489e+00  -1.4330621e+00   2.4783223e-01
   1.0000000e+00   4.1858136e-01   4.3769728e-01  -1.1675586e-01   5.0657357e-01   5.1975577e-01  -5.5201931e-01
   2.0000000e+00  -1.0302170e+00  -4.2745913e-01   6.5103900e-01  -1.3846973e-01   1.4929092e+00   5.8449545e-01
   2.0000000e+00  -1.5636165e+00  -2.5212574e-01   8.8046168e-01  -4.1503310e-01  -1.7692681e+00   1.3575053e+00
   2.0000000e+00  -1.3467915e+00  -1.3341355e-01   1.1337730e-01   1.9035434e-01   1.7500204e+00   5.7359916e-01
