   2.0000000e+00  -2.6092094e-01   3.6926639e-01   6.3884671e-01  -2.5151692e-01  -2.7927061e-01  -1.4657523e-01
   2.0000000e+00  -1.1440009e+00   9.7577921e-01   1.8685002e-01  -4.0036481e-01   1.8527563e+00  -4.3823548e-01
   2.0000000e+00  -8.6589401e-01   8.3155139e-01  -1.1329883e+00  -3.5467042e-01  -1.6870172e+00  -1.1551038e+00
   1.0000000e+00   3.1403048e-02  -6.7619918e-02  -1.4088929e+00   5.1953279e-01   8.2307415e-02   7.0920636e-01
   1.0000000e+00  -5.5712489e-01   1.4067567e-01  -5.7151372e-01   7.4216607e-01   6.1629716e-01  -1.2261110e-01
   1.0000000e+00   9.0077878e-01  -1.6284258e+00  -6.7392726e-01   2.1971207e-01  -1.5308161e-01  -1.6222896e-01
   2.0000000e+00   8.3755126e-01   6.7715030e-01   4.3198318e-01  -2.2464061e-01   1.7282914e-01   8.1338234e-02
   2.0000000e+00   5.0255583e-01  -3.7079216e-01   1.2018354e+00  -3.5105038e-01  -1.5731289e-02  -2.4228296e+00
   2.0000000e+00   1.1610074e+00   5.5568794e-01  -1.4748986e-01   2.3692088e-02  -1.0613873e+00  -1.0595156e+00
   1.0000000e+00   1.8778000e+00  -1.0651819e+00   9.9530320e-02   3.1468509e-01  -8.8449556e-01   1.4624564e-01
   2.0000000e+00   6.5019745e-03   2.9872545e-01   1.6713588e+00   1.0511871e+00   2.5001457e-01  -1.0645858e+00
   2.0000000e+00  -1.0817558e+00  -4.5898931e-01   6.3455456e-01   9.7434877e-01   8.7077733e-01  -1.4572343e+00
   1.0000000e+00   3.5824446e-01   5.9791326e-02  -7.4235770e-02   4.8905147e-01  -9.1502348e-03   5.5329746e-01
   1.0000000e+00  -2.8807398e-01  -1.3566546e+00  -8.9191868e-01   7.1032203e-01  -4.4886060e-01   1.9393714e+00
   2.0000000e+00   1.7104751e+00  -2.4152377e+00  -8.7157774e-01   2.0027714e+00  -6.4199177e-01  -1.3318017e+00
   2.0000000e+00   1.0205022e+00  -1.1418323e-01   1.0503137e+00  -1.0542443e+00   3.3379754e-01  -2.4798103e-01
   2.0000000e+00   9.8138978e-03   8.0834146e-01   1.1768572e-01   6.2562518e-01   8.0912793e-01  -1.6252467e-01
   1.0000000e+00  -1.7340718e-01   2.3445669e-02  -7.3609406e-02   2.7231955e-02   6.3673896e-01   1.6828828e+00
   2.0000000e+00   1.3504884e+00  -1.4136762e+00  -1.2982940e-01  -3.9570257e-01   6.4244035e-01   1.7344504e+00
   2.0000000e+00   9.9197460e-02   8.7645123e-01  -2.7477651e-01   6.2824841e-01  -8.3256547e-01   4.8424794e-01
   1.0000000e+00   1.3882928e+00  -1.5358038e+00  -1.1388619e+00   1.6219776e-01   1.9439225e-02   2.6271153e-01
   2.0000000e+00  -1.4055377e+00   5.5683416e-01   1.6829019e+00  -4.8061417e-01   4.2320989e-01   6.9141675e-01
   2.0000000e+00  -4.6641871e-01   2.0623801e-01  -7.1998620e-01   2.7651266e+00   4.8081305e-01  -8.5121087e-01
   1.0000000e+00  -1.0444284e+00   1.1022737e-01  -5.7517661e-01   4.4550867e-01   4.4473997e-01  -1.0262357e+00
   2.0000000e+00  -2.3883230e-01  -7.5487121e-01   6.6238783e-01  -7.1417845e-01   5.7876513e-01   8.2926541e-02
   2.0000000e+00   7.9019419e-01  -9.5828789e-01  -1.7110749e+00  -1.2030386e+00  -1.1672007e+00   5.3465064e-01
   2.0000000e+00   6.1495563e-01  -1.9915963e+00   5.4130680e-01  -1.6747249e+00  -1.2436854e-01   1.3346590e+00
   2.0000000e+00  -1.6230182e-01   2.2456599e-03   2.6769659e-01  -7.4942386e-02   1.7224052e-01  -5.5541689e-01
   2.0000000e+00   4.9272759e-02  -1.8631402e-01   2.1961312e-01  -4.4992717e-01   6.3748695e-01   6.6219536e-01
   2.0000000e+00   1.1808013e+00   1.1179421e+00  -8.4036669e-02  -1.6648634e+00   8.3306829e-01   6.6222683e-01
   2.0000000e+00  -1.9194776e-01   7.6215742e-01  -1.7418604e-01  -2.5703677e-01   1.3478588e+00   6.9890507e-02
   1.0000000e+00  -4.9720871e-01  -7.9859894e-01  -1.9649366e+00   1.8890023e-02   8.9099056e-01  -1.4090488e+00
   2.0000000e+00   7.5220343e-01  -8.5068220e-01   2.5065588e-01  -2.6471512e-01  -7.2784834e-01  -1.4365655e-01
   2.0000000e+00   6.7111545e-02   6.9868882e-01   8.8440919e-01  -3.4842270e-01  -6.2316458e-01   2.4862562e+00
   2.0000000e+00   7.7281934e-01  -1.9003143e-01   2.4845866e+00   6.8997257e-01   1.6121604e+00   6.2098436e-01
   2.0000000e+00  -1.3816768e+00  -5.2326458e-01   4.2574417e-01   7.7957666e-01  -1.0610513e+00  -1.2347733e+00
   2.0000000e+00   9.3165574e-01  -8.1874191e-01   1.1246514e+00   1.0098088e+00   5.9707868e-01  -3.2582136e-02
   2.0000000e+00   1.7013774e+00   1.8753018e+00  -8.6179338e-01  -2.2026708e-01  -3.1881200e-01  -7.7124756e-01
   2.0000000e+00  -1.3722139e+00   8.3311327e-02  -1.0252787e+00   1.6659295e+00   6.8107468e-01   4.4152741e-01
   2.0000000e+00   1.6514548e+00   1.4635664e+00   1.8485968e-01   2.3772712e+00   1.0760605e+00  -1.5094800e+00
   2.0000000e+00   4.1417294e-01  -7.4118309e-01   3.5406082e-01   1.0930926e+00  -3.4253351e-01  -5.1921607e-01
   2.0000000e+00  -1.6159633e-01   2.5705944e-01  -1.5649467e+00   8.7937983e-01  -7.4200737e-01  -6.3695068e-01
   2.0000000e+00   3.2705507e-01  -1.7325593e+00  -1.2801502e+00  -4.3558903e-01  -1.0368117e+00   6.9542384e-01
   2.0000000e+00   5.0176871e-01  -2.4306817e-02   5.6924610e-01   1.1263766e+00  -1.6604073e+00  -2.8731916e-01
   2.0000000e+00   6.3459527e-01   3.9596269e-01  -5.1093911e-01   2.4339544e+00  -3.1439154e+00  -1.5000340e+00
   2.0000000e+00   8.0485804e-01  -2.5135925e-01   1.6096485e-01   2.0029260e-01   1.6519782e+00  -3.2004373e-02
   2.0000000e+00   1.5557529e-01  -4.0886079e-01  -9.3377592e-01  -8.1035387e-02  -2.4806040e-01  -1.7744395e+00
   2.0000000e+00  -1.1457126e-01  -3.5002968e-01   1.9783037e-02  -2.0639582e+00   3.3512566e-01  -9.1437600e-02
   1.0000000e+00  -5.7284034e-01   4.4261824e-01  -2.0153216e+00   4.5676789e-01  -6.9387511e-01   1.1420170e+00
   2.0000000e+00   1.6382048e+00   3.8730125e-01  -5.5127208e-01  -1.1786120e-01  -3.3399450e-01  -1.1443260e+00
   1.0000000e+00  -1.5348057e+00  -1.7441336e+00  -4.3492668e-01   2.8053340e-01   1.6203344e-02  -1.0446272e+00
   2.0000000e+00  -5.8806550e-02  -1.9349898e+00   9.3872873e-01  -2.9764391e-01   8.9409668e-01  -7.9865670e-01
   2.0000000e+00   8.8277345e-01  -2.6908974e+00   6.5138074e-01   9.3497709e-01  -1.0294237e+00   5.8934979e-01
   2.0000000e+00   3.4100305e-01   2.9432074e-01  -4.4257955e-01  -5.7214043e-01  -2.6075790e-01   9.5408210e-01
   2.0000000e+00  -2.0460799e-01   3.4671072e+00   5.9713504e-01   3.5177036e+00  -2.2636315e-02   9.6478052e-01
   2.0000000e+00  -3.4563483e-01  -1.6858883e+00   1.3784969e+00  -1.8074395e-01  -1.6025365e-01  -2.1964227e+00
   1.0000000e+00   9.2802028e-01   6.8240199e-01  -4.4769910e-01   7.3935161e-01   1.0214880e-01   2.4770196e-01
   2.0000000e+00   4.4602403e-01  -6.7289227e-01   4.7648266e-02   1.6600911e+00  -3.1648373e-01  -1.3442258e+00
   2.0000000e+00  -4.4605923e-01  -1.2101313e+00   1.9530619e-01  -2.8560218e-01   8.6050927e-01  -3.7340285e-01
   2.0000000e+00   4.4045460e-01  -2.1290052e-01   1.0463296e-01   1.0593652e+00   3.5931748e-01  -2.8598850e-01
   2.0000000e+00  -8.2431143e-01   1.0151412e-01   6.8990076e-01   9.6527215e-01   7.0157895e-01   2.0312347e+00
   2.0000000e+00  -1.3243931e+00  -8.6709685e-01   5.7674903e-02  -6.2437419e-02   2.0183254e-01   2.3202531e-01
   2.0000000e+00  -1.0535472e-01   9.5454496e-01   4.8758187e-01   8.6503902e-01  -1.9056665e+00  -6.2158648e-02
   1.0000000e+00   1.0600950e+00   2.8908309e-01  -8.8280992e-01   4.6529780e-01   5.6599328e-01  -3.1722826e-01
   2.0000000e+00  -6.9883914e-02  -1.0242530e+00  -8.1365147e-01   1.7985751e+00  -3.9044876e-01  -5.0841734e-01
   2.0000000e+00   4.9473642e-01  -1.8821201e+00   3.7924828e-01  -1.3680154e+00  -3.2619735e-01  -1.5695210e+00
   2.0000000e+00  -1.0170949e+00   1.1516146e+00  -1.6139325e-01  -7.0673169e-01   4.3520495e-01  -1.1010081e-01
   2.0000000e+00  -6.9847285e-01  -1.4031457e+00  -1.8262626e-01   5.1631704e-01  -1.9608564e+00   6.7050115e-02
   2.0000000e+00  -3.7204069e-01   1.1045255e+00  -2.6955295e-01   1.7137454e-01  -1.3566341e+00   1.8040119e-01
   1.0000000e+00   9.1359654e-01  -1.1972823e+00   1.4507749e-01   9.1107378e-01   1.1330627e-01   8.0631734e-01
   2.0000000e+00  -1.6972534e+00  -2.5365476e+00   1.2449022e+00   1.0407151e+00   2.7307820e-01   1.5773325e+00
   2.0000000e+00  -1.6037787e+00   9.3644983e-01  -4.6719263e-01   3.8846140e-01   9.9696510e-01   5.1728369e-01
   1.0000000e+00   5.1403463e-01   1.4437690e+00  -1.4067918e+00   7.1090639e-01  -4.8428791e-01  -4.1129136e-01
   2.0000000e+00   7.8158719e-01  -8.6202619e-01   1.3896988e+00   6.1903011e-01   9.2056037e-01   1.7696615e+00
   2.0000000e+00  -5.9069926e-01  -4.3638845e-01   8.8461868e-01   1.6887533e+00   1.1374509e-01  -6.4590923e-01
   1.0000000e+00  -1.3438626e+00  -8.6983915e-01   1.7368162e+00   5.8819350e-01   1.1714561e-01   3.1003690e-01
   2.0000000e+00  -7.7230381e-01  -4.9555332e-01  -5.3038430e-02   2.0687798e+00  -8.0724839e-01  -1.4856129e+00
   2.0000000e+00   1.0907358e+00  -6.4501197e-01  -1.8302448e+00  -7.8016572e-01   1.1602472e+00   9.5554005e-01
   2.0000000e+00  -3.9421626e-01   5.3235122e-03   3.6411105e-03   1.6629854e+00  -1.5717534e+00   9.5386098e-01
   2.0000000e+00  -1.8714207e+00   9.8492356e-01   1.1863124e+00  -3.5695995e-01  -1.8533329e+00  -5.8629411e-01
   2.0000000e+00  -3.7725032e-01   5.2882109e-01  -5.7562518e-01  -3.5243963e-01   1.7886205e+00   2.9705244e-02
   2.0000000e+00  -6.8235407e-01   8.0947409e-02  -3.8110286e-01  -7.2948776e-01   3.8613884e-01  -2.1500869e-01
   2.0000000e+00  -7.9387051e-01  -4.8938160e-01   2.0397362e+00   2.4900795e+00   8.9686942e-01  -2.7529563e-01
   1.0000000e+00   9.7348304e-01   1.7827843e+00  -3.3269250e-01   5.2479139e-01   8.0341889e-02   6.0896087e-01
   2.0000000e+00  -7.6194437e-01  -1.0471841e+00   1.1399133e-01  -8.6353697e-01   1.9675134e+00  -6.6182211e-01
   1.0000000e+00   1.4120576e+00  -8.1084513e-01  -9.8930812e-01   4.4245492e-01  -4.5481216e-01   7.1826191e-01
   2.0000000e+00  -5.2229388e-01   3.6572181e-01   1.2621795e+00   6.2434482e-01   2.5583511e+00  -1.4916756e+00
   2.0000000e+00   1.0717571e+00  -1.8707589e-01   8.3792612e-01   8.6447390e-01   1.5921078e+00  -5.0704055e-01
   2.0000000e+00  -3.7764022e-01  -8.8072113e-01   2.5021838e-01   4.5760282e-01   1.7049157e+00  -1.7278443e+00
   2.0000000e+00   1.2031409e+00  -9.4288570e-01  -8.9546881e-01  -1.1714564e+00  -2.3144051e-01   1.4850662e+00
   2.0000000e+00  -6.8598209e-02   3.2880313e-01  -1.0920345e+00  -9.6494287e-01   5.4127711e-01   7.0131182e-01
   2.0000000e+00   1.1315774e+00  -2.1546179e+00   1.1425709e+00  -6.2202828e-01   1.0184765e+00   2.8349937e-01
   2.0000000e+00  -5.6537489e-01  -3.9686952e-01  -8.1685261e-01  -2.3313015e+00   5.2206029e-01   1.1949813e+00
   2.0000000e+00   1.3066755e+00  -1.2138820e-01  -8.9540654e-01  -1.3249533e+00  -1.3677703e+00  -2.8741944e-01
   1.0000000e+00   4.9058200e-01  -1.2862252e+00   1.4001756e+00   4.4987330e-01   1.9459324e-01  -9.6341749e-01
   2.0000000e+00  -1.3085279e+00  -5.1963309e-02   7.5035711e-02   9.9032329e-01  -1.1603914e+00   9.5397823e-01
   2.0000000e+00  -5.8352183e-01  -3.4802374e-01  -1.1463845e+00  -1.8315000e+00  -1.5142799e-01   2.4519448e-01
   2.0000000e+00  -3.4445040e-01  -1.9675426e-01   2.3401322e-01  -2.7917107e-01   2.9727799e-01  -6.1115795e-01
   2.0000000e+00  -9.6020833e-01  -1.5461911e+00  -5.4098592e-01  -5.4792904e-01   1.1376455e+00  -1.8475009e-01
   2.0000000e+00   6.6937545e-01  -3.8579946e-01  -2.2150271e+00   3.1482728e+00  -2.1708823e-01   4.1899495e-01
   2.0000000e+00  -1.6075453e+00  -7.2989258e-01  -1.1851326e+00   1.1980742e+00   1.4561167e+00   1.7556880e+00
   2.0000000e+00   1.0032065e+00  -9.0536388e-01   4.4738934e-01   4.0528162e-01  -1.4829948e+00   3.1181556e-01
   1.0000000e+00  -3.2293838e-01  -5.0149245e-01   1.5093337e-01   1.8501459e-01   6.7425004e-01   1.9582053e-01
   2.0000000e+00  -9.0434963e-01   7.7288302e-01  -1.2808485e+00   1.1387651e+00   2.4873234e+00   5.3704452e-01
   2.0000000e+00  -5.6369569e-01   1.2742901e+00   3.0114725e-01   2.2172559e-01  -1.1414910e+00  -1.7730828e+00
   2.0000000e+00   5.2724951e-02  -1.8840727e+00  -1.1347201e+00  -4.6390281e-01  -4.7950308e-02   7.2827487e-01
   2.0000000e+00  -1.3470773e+00   8.7131689e-01   6.5148710e-01   1.2618587e+00  -2.0859517e-01  -2.0253747e+00
   2.0000000e+00   1.1833716e-01  -2.2002499e+00  -2.1027057e+00  -6.0216928e-01  -1.7136089e+00   1.6289352e+00
   2.0000000e+00   8.5147310e-01  -2.6544595e-01   4.5367300e-01  -3.9165661e-01  -3.3855566e-01  -6.9868824e-01
   2.0000000e+00   1.2323804e+00  -3.6675668e-01   1.2891713e+00  -5.7494346e-01  -2.1608234e-01   1.1429731e+00
   1.0000000e+00   1.0863141e+00  -6.6521165e-01  -1.3688951e-01   1.1666018e-01   9.6378754e-01  -1.3128774e+00
   1.0000000e+00   2.8636883e-01   1.2276238e+00  -7.7478868e-01   3.3818668e-01   3.8370007e-02   6.2039485e-01
   2.0000000e+00  -1.2967020e-01   7.7345385e-01   1.5117217e-01   2.0290911e-01   1.2522821e+00   9.8279966e-03
   1.0000000e+00   2.8362536e-01   1.7258620e-01   9.5098715e-01   2.5927551e-01  -9.3281232e-01  -5.9312974e-01
   2.0000000e+00  -7.8898636e-01   1.2883668e+00   3.5406767e-02  -1.2369506e+00  -1.0978193e+00  -4.2758452e-01
   2.0000000e+00   2.0532639e-01   1.5934601e+00  -7.6498778e-01  -1.0053495e+00   8.6521421e-01  -2.2074340e-01
   2.0000000e+00  -8.4202196e-01   2.3493928e+00   2.7589994e-01  -1.0632366e+00  -1.0387624e+00  -1.8168276e-01
   2.0000000e+00   1.0445884e+00  -6.6763482e-01  -5.8695226e-01  -2.1240254e+00   1.1606446e+00  -6.1627534e-01
   2.0000000e+00   1.1237472e+00   6.7267723e-01  -5.4971328e-01  -7.7859322e-01   8.3102478e-02   7.0457828e-01
   2.0000000e+00  -2.0857573e+00   5.0228683e-01   5.0349662e-01   1.6621360e+00  -1.8275226e-01  -6.5708846e-01
   2.0000000e+00   4.9691424e-01   1.0331695e+00   1.0305222e+00  -5.2957669e-01   1.0963974e+00  -5.8326997e-01
   2.0000000e+00  -3.1964652e-01   1.7022375e+00   1.1398894e+00  -1.1023588e+00  -2.7981132e+00   1.5857989e+00
   2.0000000e+00  -3.7038960e-01  -5.7726020e-01   6.4986766e-01   1.0610906e+00   1.3703766e-01  -2.3091070e+00
   2.0000000e+00  -1.4327641e+00  -6.1218488e-01  -7.4414855e-01   1.3776458e+00  -5.0298711e-01  -6.5718232e-02
   2.0000000e+00   4.4100585e-01   7.2803567e-01   2.0483696e+00   4.8473528e-02  -1.4680316e+00  -1.4388050e+00
   2.0000000e+00  -4.7342028e-01   6.7102125e-01  -5.2984802e-01   1.0350188e-01   1.8813568e+00  -6.1184677e-01
   2.0000000e+00   1.1411877e-01   1.2924899e+00   5.5068570e-01  -6.6496753e-01   4.4987567e-01  -6.4708775e-01
   2.0000000e+00   4.9949615e-01  -3.9901067e+00   2.7013290e+00  -1.0290350e+00   9.5449109e-01   1.2266709e-01
   2.0000000e+00   1.3409676e+00  -3.7462117e-01   1.0269772e-01  -1.3896968e-02  -5.2236455e-01   6.1827179e-01
   2.0000000e+00   1.2837566e+00  -1.4062344e+00  -3.2105119e-01  -1.3472725e+00  -4.3900731e-01   1.9732818e+00
   2.0000000e+00  -4.0391354e-01   5.5861897e-01  -7.9233038e-01   1.0317019e+00  -6.5363584e-01   6.0340873e-01
   2.0000000e+00   7.2077374e-01   1.6130223e-01  -2.5652064e+00  -9.0328270e-01  -1.0113665e+00   2.9545586e-01
   2.0000000e+00   1.0702768e+00   3.4900704e-01   1.0321228e-01   1.2786799e-01   1.4003624e+00  -4.6304819e-01
   2.0000000e+00   4.1903152e-01   9.4836052e-01   4.3999904e-01  -3.3863010e-01  -1.5273090e+00  -9.0134543e-01
   2.0000000e+00  -5.9291606e-01  -2.5226272e-01  -1.4166134e-01   6.6152601e-01  -7.9448064e-01   5.1292236e-01
   1.0000000e+00   7.5198672e-01  -1.3079613e+00  -4.7771943e-01   7.3488660e-01  -2.7543622e-01   1.0378507e+00
   2.0000000e+00  -2.0776234e+00  -1.6903089e+00  -6.3733793e-01  -1.6138781e+00  -1.2770517e+00  -3.2319318e-01
   2.0000000e+00  -1.4033049e+00  -1.9507748e+00   6.3154192e-02  -1.2162950e-02   9.7205054e-01  -1.8917330e-01
   2.0000000e+00  -2.0618693e-01  -4.9152251e-01   2.3280438e+00   1.0625250e+00  -1.4531040e+00   7.9276269e-01
   2.0000000e+00   7.5667960e-01   3.0430825e-01  -4.2821975e-01  -1.6088676e+00  -1.1799645e+00   2.3108244e+00
   1.0000000e+00  -1.6867161e+00   9.9564677e-02   2.1846368e-01   4.6656080e-01   8.4085854e-02  -1.2740089e-01
   2.0000000e+00  -1.3884583e+00   1.3228133e+00   1.0445191e-01   2.7597469e+00  -7.1898498e-01  -8.8372991e-01
   2.0000000e+00  -6.6457498e-02  -4.5368392e-01  -3.5723419e-01  -2.0772834e-01  -7.0133747e-02  -1.8578434e-01
   2.0000000e+00  -2.3955228e+00   1.1980571e+00  -8.6823640e-01   1.6015942e+00  -1.3989146e+00   1.5547284e-02
   2.0000000e+00  -2.8034625e-01   8.4905780e-01  -1.6279292e+00  -2.5693174e-01   4.6564834e-02   8.9613226e-01
   2.0000000e+00  -2.0395254e+00   5.8382182e-01  -2.4570302e-01  -2.0124387e-01   9.7536805e-01  -4.0480568e-01
   2.0000000e+00  -1.0004923e+00  -1.9324820e+00  -5.8455888e-01  -6.1651024e-01   1.3878477e+00   6.8931052e-01
   2.0000000e+00  -3.0861717e-02   5.1250670e-01  -1.7542482e+00   1.2959539e+00   1.6610451e+00   9.4887144e-01
   1.0000000e+00   2.9737354e-01   3.9191032e-01   7.0794976e-01   4.6269091e-01   3.3209654e-01  -9.5902471e-01
   1.0000000e+00   1.1726203e+00   2.0525411e+00   1.3039228e-01   5.6325253e-01  -2.4196607e-01  -7.8853445e-01
   1.0000000e+00   1.0737483e+00  -1.8604858e-01  -1.3613376e+00   7.5457066e-01   4.6349857e-01  -1.2372842e+00
   2.0000000e+00   1.2044086e+00   1.7360776e+00   1.9102467e-01   7.5547825e-01  -2.4521217e+00   1.7837973e+00
   1.0000000e+00   5.9108638e-01   1.0036521e-01  -1.2780350e+00   8.1816474e-01   4.3114235e-02  -2.2086976e+00
   1.0000000e+00   1.4021274e-01  -1.1082760e+00   9.2979489e-01   1.8136759e-01  -6.6052109e-01  -9.8503873e-02
   1.0000000e+00   3.6905236e-01   1.0293791e+00   4.3041391e-01   9.2662423e-02  -5.3392248e-01  -7.5900610e-01
   1.0000000e+00  -1.4550880e+00   1.9485390e-02   4.4856853e-01   3.9173697e-01   1.5491098e-01  -5.2090321e-01
   2.0000000e+00   1.5434818e+00  -1.1834082e+00   8.7884426e-01   1.2788714e+00   1.8031016e+00  -7.6232300e-01
   2.0000000e+00   4.0090778e-01  -3.0240297e-01   1.1968021e-01  -8.8075996e-01   6.9064861e-01   5.4189769e-01
   2.0000000e+00  -5.5000849e-01  -6.6596484e-01   5.3142525e-01  -5.4752545e-01  -1.5030168e+00  -4.9500212e-01
   2.0000000e+00   1.3599127e+00   4.6260521e-01  -8.2869220e-01  -1.6377391e+00  -4.2683215e-01   8.8041799e-01
   2.0000000e+00   8.1955024e-01   1.2221584e+00  -3.3051386e-01  -5.0655055e-01  -4.6112725e-01  -1.1618999e+00
   2.0000000e+00   1.7481551e+00   4.4774457e-01  -1.4674461e+00  -1.9602473e+00   1.2313791e+00   1.6627140e-02
   2.0000000e+00  -4.6303246e-01   7.4397274e-01  -9.3334075e-01  -3.7522201e+00  -8.1637188e-01  -6.8458202e-01
   2.0000000e+00  -9.5538166e-01   7.2522679e-01  -9.4906110e-01  -4.9474970e-01  -6.8374568e-01  -1.3160938e+00
   2.0000000e+00  -1.0896743e+00  -6.2602473e-01  -3.0045935e-01  -4.6900127e-01  -1.0447882e-02  -1.9949764e-01
   2.0000000e+00  -2.9482348e-01  -2.0922130e-01  -1.3100855e-01   8.1700029e-01   7.6584554e-01  -2.3797353e+00
   2.0000000e+00  -2.1086549e-01  -9.5025935e-01  -2.1863839e-01   1.6769716e+00   2.8198553e-01   1.2712935e+00
   2.0000000e+00   8.9050410e-01   1.4702883e+00   6.2567418e-01   1.1392541e+00   1.2278696e+00  -2.1717274e+00
   2.0000000e+00  -7.6162619e-01   4.6219443e-01  -4.7684751e-01  -1.5509966e+00  -5.1988930e-02  -6.6569669e-01
   2.0000000e+00  -1.9296400e+00   1.1826937e+00  -1.1897728e-01   1.2610437e+00  -1.0249649e-01   4.3620706e-01
   1.0000000e+00   7.6473928e-01  -3.3625750e-01  -3.3123419e-01   6.8488068e-01   7.0593168e-01   1.4305064e+00
   2.0000000e+00  -1.6255248e+00   1.8789372e-01   2.9550664e-01   1.5870693e+00   1.7808896e+00  -8.0831197e-01
   2.0000000e+00   4.3121080e-01  -2.5819907e+00   4.4687908e-01   3.6902587e-01   2.1647230e+00   9.0883954e-01
   2.0000000e+00  -3.9329934e-01  -5.2129632e-01   6.7084152e-02  -5.4109782e-01   1.7360631e+00   1.6436461e-01
   1.0000000e+00  -7.1823675e-01   8.3534258e-01  -6.4788038e-01   4.4412324e-01   6.6802854e-01   2.6616979e-01
   2.0000000e+00  -1.2007768e+00   1.1553763e-01  -4.7863249e-01  -4.2429665e-01  -1.7550571e+00  -1.1609897e+00
   1.0000000e+00  -6.4795412e-01  -4.9342190e-01   3.0275398e-01   5.3978991e-01  -5.5191495e-01  -2.1128609e-02
   2.0000000e+00  -1.4227663e+00  -1.1063787e+00  -3.4840473e-02  -6.3140872e-01   2.3141048e+00   4.9743812e-02
   1.0000000e+00   7.8372641e-01  -1.8089416e-01   6.4271912e-02   7.1687862e-01  -1.6407932e-01  -5.0034130e-01
   2.0000000e+00   1.3489261e+00   6.1982395e-01   4.8977136e-01  -1.6775477e+00   2.6593862e-01   3.9975208e-01
   2.0000000e+00  -1.9329530e+00   3.3206879e-01  -1.1574581e+00   1.6781268e+00   1.3329706e+00   2.3078225e-01
   1.0000000e+00   7.6960059e-01   1.2871877e+00   1.0405494e-01   6.6181884e-01   3.7215872e-01   4.2751777e-01
   2.0000000e+00  -2.1609784e-02   3.9479270e-01  -2.8478395e-01  -2.5494029e-01  -2.8034517e-02   5.0089753e-01
   2.0000000e+00   4.8848257e-01  -7.6698665e-01   6.9720345e-01  -3.6296608e-01   1.3529912e+00   2.7158433e+00
   2.0000000e+00  -7.7424512e-01  -2.2485175e-01   3.0983972e-01  -1.6912832e-01  -1.5511197e+00  -1.0737500e-01
   2.0000000e+00  -2.8926151e-02   3.3389043e-01   6.8641263e-02  -5.9013785e-01  -5.6623444e-01   1.1938423e+00
   1.0000000e+00  -7.7665866e-01  -6.4484036e-02  -1.9612029e-01   4.8402805e-01   3.8881846e-01   4.2791388e-01
   2.0000000e+00   6.1295623e-01  -4.1914370e-01   6.3624287e-01  -1.7300422e+00  -7.6100007e-02  -9.1703960e-02
   2.0000000e+00   5.8369779e-01  -4.3149178e-01   2.0063151e+00   8.9377887e-01  -2.9185710e+00  -2.8866268e-01
   2.0000000e+00  -6.9808489e-02   8.2551520e-01  -6.3979941e-01   6.7624281e-01  -2.1164668e+00   7.6759634e-01
   1.0000000e+00   1.9847347e+00  -2.0731897e+00  -8.9149229e-02   1.1803412e-01  -2.4905519e-01   1.5046326e+00
   2.0000000e+00   1.7660127e-01   4.9219763e-01   6.6168621e-01   1.3475192e+00   2.4642802e-01  -2.3696458e+00
   2.0000000e+00  -6.0529789e-01  -1.2164807e+00   1.2172911e+00   1.4638202e+00  -7.2578198e-01   3.5026641e-01
   1.0000000e+00   1.0671531e+00  -1.3462445e+00  -4.2440701e-01   4.0837221e-01   7.6017204e-01  -3.2882375e-01
   1.0000000e+00   1.0641906e+00  -5.0539337e-01   9.3356070e-01   1.0414761e-01  -1.9605352e-01  -1.9347649e+00
   2.0000000e+00  -8.2188364e-01   1.0365111e+00   1.0355869e+00  -4.4438455e-01   1.1163662e+00   1.8458346e+00
   2.0000000e+00   1.1485952e+00   9.3367701e-01  -1.0945459e-01   3.5487559e-01   1.0959023e+00   4.4453131e-01
   2.0000000e+00   2.8835099e-01   1.3228699e+00  -1.1210834e+00   3.8345045e-01  -9.3094577e-01   5.3426242e-01
   2.0000000e+00   1.3354246e+00   2.6861554e-01  -1.4574423e+00   5.6987411e-01  -1.3487151e+00  -1.9404680e+00
   2.0000000e+00  -1.0308709e+00  -6.4424317e-02  -1.2464850e+00  -2.4765510e-02  -1.0988287e-01   1.0249174e+00
   2.0000000e+00   9.8995951e-01  -1.4391169e+00   9.1799568e-01  -1.6292071e+00  -1.4445175e-01   1.3065786e+00
   2.0000000e+00   2.6501612e-01   1.8888289e+00  -1.6595208e-01  -7.4735769e-01   5.6456350e-01   1.8867043e+00
   2.0000000e+00  -8.5516179e-03   3.8400339e-01   6.3902296e-01  -3.7856608e-01   8.6075210e-01  -2.1339981e-01
   2.0000000e+00   4.5766432e-01  -4.0608391e-01  -1.0376988e+00  -5.8233567e-01  -7.2408773e-01  -2.2689374e-01
   1.0000000e+00  -2.8470091e-01   1.8069135e+00  -9.4021293e-01   6.0987831e-01  -5.1879748e-01  -2.6396154e-01
   2.0000000e+00  -1.0783360e+00   8.8125665e-01  -4.2826781e-01   1.2002659e+00  -2.2524521e+00   1.1137583e-01
   2.0000000e+00   1.3873732e-01  -1.6697181e-01  -8.7173749e-01   1.1429751e+00   1.0401268e+00   1.3603857e+00
   1.0000000e+00  -4.1641603e-01  -5.0300332e-01   6.9096940e-01   7.2986175e-01  -1.7814270e-01  -1.5032645e+00
   2.0000000e+00   6.7259760e-01  -2.2959368e+00  -6.3695923e-01   8.9062176e-01  -5.3748789e-01   4.1706687e-01
   2.0000000e+00  -1.9335068e-01   3.1237252e-01   1.3317918e-01   2.5466871e-01  -1.2977907e+00  -7.6582967e-01
   2.0000000e+00  -8.7734033e-01  -1.4467982e+00  -4.1062269e-01  -5.9543245e-01  -2.2761264e-01   8.6504940e-01
   2.0000000e+00  -9.4110436e-02  -5.8326706e-01   9.3711588e-02  -1.3789169e+00   9.6808557e-01   1.6264041e-01
   2.0000000e+00  -2.5625429e-01  -1.2153794e+00  -5.2103315e-01   2.1537395e+00   1.7290390e-02   2.1147860e+00
   2.0000000e+00  -1.4655571e-01   1.1543376e+00  -1.3946345e+00  -6.0290599e-01   4.6076330e-02  -4.3607767e-01
   2.0000000e+00  -5.9659330e-02   2.2693378e+00   2.0455729e-01   2.4701280e+00  -4.7745816e-01   1.1293358e-02
   2.0000000e+00   8.6932942e-01   2.8917565e-01   1.3196701e+00  -1.2901153e-02  -7.5664932e-01   9.9177089e-01
   2.0000000e+00  -1.4693400e+00  -1.2566526e+00  -2.1098831e-02   1.1609187e+00  -1.0515912e+00  -1.8742068e+00
   2.0000000e+00  -2.3852977e-01   5.2793928e-01   1.0665727e+00  -1.0852501e+00  -3.4011531e-01  -7.2105129e-01
   2.0000000e+00   3.9836866e-01   1.5224184e+00  -3.2492970e-01   1.6539151e-01   1.5101786e+00   1.1292558e+00
   2.0000000e+00   2.3348158e+00   9.6510764e-01  -6.3257767e-01   1.2102057e-01  -3.5467932e-01  -1.7871051e+00
   2.0000000e+00   1.0412514e+00  -5.6667489e-01   7.8064594e-01   3.6943098e-01  -1.0201774e+00   7.4777229e-04
   2.0000000e+00  -3.8731591e-01   6.0316878e-01   4.8798161e-01   1.0180373e+00   1.9604955e+00   6.9178041e-01
   2.0000000e+00   1.1866517e+00  -1.5543945e+00  -3.6374790e-01   2.7165410e+00   1.6954159e+00   1.2582242e+00
   1.0000000e+00   1.9396886e-01   4.0260598e-01  -3.4239222e-01   7.4271755e-02   1.2397972e-01  -1.4384463e-01
   1.0000000e+00  -2.9130577e-01   3.8680501e-01   5.5837305e-01   3.6590183e-01   6.8363072e-01  -6.4093452e-01
   2.0000000e+00  -8.9294589e-01   1.8130205e-01   7.7148220e-01  -5.2090890e-01  -9.0061462e-01  -1.6252204e+00
   2.0000000e+00  -1.8775771e+00   1.3777633e+00  -1.0447883e+00  -9.3737082e-02   6.0503900e-01   5.0567229e-01
   2.0000000e+00   6.2033696e-01  -1.9766159e-02  -6.0682334e-01  -8.7141032e-01  -1.1944268e+00  -6.3765838e-01
   1.0000000e+00  -1.4320447e+00  -1.3087722e+00   4.0364191e-01   5.9159560e-01  -3.0215925e-01   1.1688845e-02
   2.0000000e+00  -7.2471961e-01   1.9244835e+00   1.5507124e-01   1.1114480e+00  -1.2922103e-01  -6.9713394e-01
   2.0000000e+00   1.4358425e+00   4.0084331e-01   1.6745544e+00  -5.0351219e-01   2.9801275e-01   2.3228094e-01
   2.0000000e+00   6.3566077e-01  -2.5496431e+00   1.1349766e+00  -3.5225283e-01  -5.3870166e-01   2.6528738e-01
   2.0000000e+00   2.6506055e+00  -3.5463076e-01  -1.0377054e-01  -1.5097581e+00  -1.3834642e+00  -6.3739226e-01
   1.0000000e+00   7.4492939e-01   2.0197376e+00   2.3954358e-01   2.2197812e-01   9.7220303e-01  -1.6938824e-01
   2.0000000e+00   1.1841631e+00  -1.7634127e-02  -7.7606873e-01  -9.6457997e-01  -1.5420225e+00  -2.0592054e-01
   2.0000000e+00  -8.0031525e-01  -2.1512529e-01  -2.5622356e-01   1.3225582e+00  -2.6664950e-01   4.8913819e-01
   2.0000000e+00  -8.0003504e-01   2.5588205e+00   1.6580952e-01  -6.4766836e-01  -6.7347013e-01   7.1982185e-01
   2.0000000e+00  -3.6582712e-01   2.3360659e-02   1.2317961e+00  -1.8352524e+00  -2.7521810e-01  -6.7453898e-01
   2.0000000e+00  -1.0121708e+00  -1.6424981e+00   5.7573013e-01   7.1608538e-01  -2.1625945e+00   8.8941361e-01
   2.0000000e+00   7.3159677e-01   1.0613497e-01   4.2707709e-01  -5.1083744e-01   6.0866282e-01   1.7677375e+00
   2.0000000e+00  -1.5529448e+00   8.8829529e-01  -8.2429017e-01  -4.7064908e-01  -1.0033647e+00   1.7935316e+00
   2.0000000e+00   1.1738826e+00  -1.2580892e+00  -1.1579957e-01  -8.6243708e-01   6.1092646e-01  -1.2792691e+00
   2.0000000e+00  -8.1987301e-01  -2.8892201e-01  -4.6430964e-01  -7.5473295e-01  -2.6886840e-01  -2.0111865e+00
   2.0000000e+00  -2.7443807e-03  -2.5827147e-01  -9.5862106e-01  -9.4421957e-01  -8.1299942e-01  -1.3699528e-01
   2.0000000e+00  -2.6847297e-01  -2.2122803e+00  -5.4201932e-02  -9.5618176e-02   1.1791186e+00   7.1616918e-01
   2.0000000e+00  -8.9350683e-01  -1.3925060e-01   3.5902937e-01  -4.6474418e-01   3.0636139e-01   1.1494725e+00
   1.0000000e+00  -5.9703760e-02   2.0374320e+00  -1.7380389e+00   6.3708909e-01  -6.4746317e-01   9.1352538e-02
   1.0000000e+00   6.3127025e-01  -9.1106156e-01   6.2764445e-01   3.6784892e-02   6.4007097e-01  -4.5832338e-01
   2.0000000e+00   9.1483810e-02  -7.8971568e-01  -4.6766538e-01   1.4572682e+00  -3.9718168e-01  -1.1914590e+00
   2.0000000e+00   1.3927726e-01  -4.3825162e-01  -1.7331329e+00  -9.1444926e-01   7.5217300e-01   1.3284963e+00
   2.0000000e+00   1.2993363e-01   6.6422306e-01   1.6491345e-01   6.9249475e-01  -1.2088564e+00   1.0170209e+00
   2.0000000e+00  -5.2840100e-01  -7.0203799e-01   9.9472578e-01   1.5508732e+00   8.3201044e-01   5.2405466e-01
   2.0000000e+00  -3.7004504e-01  -2.0154575e-01  -7.3431391e-01  -9.6835191e-01   1.2307734e+00   5.1217642e-01
   2.0000000e+00  -2.2469604e+00   8.3272214e-01   5.2852090e-01  -1.9920763e+00  -7.3483193e-01   1.7314430e-01
   1.0000000e+00  -1.2512855e+00  -3.4253069e-01  -3.6936023e-01   7.6995927e-03  -5.0186720e-01  -2.3894778e-02
   1.0000000e+00   1.8898621e+00  -2.6475911e-01  -1.3601430e+00   1.1370385e-02   4.9976602e-01  -8.3537605e-01
   2.0000000e+00  -2.8385160e+00  -2.0214766e-01  -9.6249128e-03  -2.7500313e+00   6.3309830e-01  -8.4309306e-02
   2.0000000e+00   1.5899813e-01   1.0892340e+00   1.3991730e+00   6.5065774e-01   1.2824964e+00   1.6274478e-02
   2.0000000e+00  -7.7137318e-01  -1.8242158e+00  -2.2149368e+00   1.1420227e+00  -7.7829486e-01  -1.3215753e+00
   2.0000000e+00   6.7540666e-01   4.9318629e-01  -4.0962942e-01   2.4338260e-01   1.1248209e+00   1.3323772e-01
   2.0000000e+00   2.2297885e+00  -4.1239161e-01  -6.3160806e-01   7.7381513e-02  -1.2022230e+00   6.9162763e-01
   2.0000000e+00   4.6508036e-01   2.6819441e+00   9.6961701e-01   5.6027999e-02  -1.2982080e+00  -1.0669905e-02
   1.0000000e+00  -5.3316170e-02   5.9165596e-01  -1.0426396e+00   7.1951803e-01   1.8534298e-01   7.9787490e-01
   2.0000000e+00  -1.3572917e+00  -9.4384578e-01   1.0170476e+00  -8.0932632e-01   7.2540498e-01  -8.5552339e-01
   2.0000000e+00  -1.8694740e+00   3.5378460e-01   1.0174215e+00   1.1485627e+00   9.5829129e-01  -1.6041041e-01
   2.0000000e+00  -1.2718322e+00   6.9840140e-01  -9.9170325e-01  -6.8150746e-01   1.7185902e+00  -6.9378284e-01
   1.0000000e+00  -1.0626153e+00   4.6230425e-01  -6.3128326e-01   2.9175248e-01   9.4538680e-01   2.1669858e+00
   2.0000000e+00  -2.3553005e+00  -3.2725792e-01   6.6308322e-01  -1.3388649e+00  -9.4681361e-02   1.0851100e+00
   1.0000000e+00  -1.5840397e+00  -1.8622292e+00  -5.6650525e-01   6.7416070e-01   5.1466608e-03   1.4205527e+00
   2.0000000e+00   1.3245790e+00   2.2595878e-01   1.8602900e+00  -2.1195408e-01   6.2669596e-01   2.6158759e-01
   2.0000000e+00   9.6945392e-01   1.5007471e-01  -7.7285612e-01  -1.8944174e+00  -1.1327598e+00  -1.8367465e+00
   2.0000000e+00   4.1871419e-01   9.0285695e-01  -2.5965632e-01  -4.9044231e-01   9.0787777e-01   1.2145265e+00
   2.0000000e+00   5.5929406e-01  -7.8442495e-01   4.2193952e-01   1.6204887e-01  -1.1198332e+00  -3.7913951e-01
   2.0000000e+00   1.8186266e-01   1.6105610e-01   1.3470791e-01  -1.6443775e+00   1.7816658e+00  -1.9302775e-01
   1.0000000e+00   7.6864219e-01  -5.0160073e-01   3.8996229e-01   2.2934560e-01   6.2219379e-01  -3.3872338e-01
   2.0000000e+00   4.7258806e-01   1.9335378e+00  -1.0285976e+00   6.3787324e-01  -1.0605293e+00  -2.6437792e-01
   2.0000000e+00  -6.4003605e-01  -4.2146254e-01  -3.6865487e-01   1.8445860e+00   4.3734759e-01   3.5847745e-01
   2.0000000e+00  -9.3472954e-01   1.4119666e+00   8.6819442e-02  -9.1191668e-01   2.5155021e-02  -8.8573348e-01
   1.0000000e+00   9.7936978e-02   8.6194354e-01  -2.1326257e-01   1.4038049e-03  -4.7712713e-01   4.7618584e-01
   2.0000000e+00   1.0940056e+00  -6.9733713e-01   9.1266036e-03   9.2842096e-01   6.0309893e-01   3.6767502e-01
   2.0000000e+00  -8.2243079e-01   2.8655213e-01  -1.4591818e+00   2.8164752e+00   1.4033292e-01  -2.6805250e+00
   2.0000000e+00  -1.8754117e-01  -7.2192640e-01   6.4384531e-01   1.8057219e+00  -6.2421563e-01   2.5546652e-01
   2.0000000e+00  -8.0382218e-01   1.3033063e-01  -1.7844852e+00  -7.3539698e-01  -3.5900020e-01  -8.5620250e-01
   2.0000000e+00   9.3371248e-01   4.6161311e-01  -4.9282652e-01  -2.2226692e+00   1.1859989e+00   1.5463511e+00
   1.0000000e+00  -6.6934003e-01  -3.7697378e-01   2.5305346e+00   2.7341509e-01  -5.8581960e-01   4.6138025e-01
   2.0000000e+00  -5.3231664e-01  -2.9918652e+00   8.7384398e-01  -1.1968316e+00   6.3330165e-02   1.9610737e+00
   2.0000000e+00  -7.9271559e-01  -1.1628732e+00  -7.2801478e-01   6.9716410e-03   1.9135752e+00  -1.1567105e+00
   1.0000000e+00   9.1720403e-01  -5.2587827e-01   3.5980620e-01   1.7568372e-01  -7.4965814e-01  -8.2878217e-01
   2.0000000e+00   7.2834920e-01   8.9642950e-01   9.3113141e-01   1.4912867e+00  -3.9855220e-01  -1.2450416e-01
   2.0000000e+00  -1.4327013e+00   4.6891705e-01  -3.7203731e-01  -4.1324821e-01  -2.1603834e+00   3.2456017e-01
   2.0000000e+00   3.8755876e-01   7.2987584e-02   7.8958782e-01  -4.6361741e-02  -2.5333445e+00  -8.7103529e-01
   2.0000000e+00  -7.5053697e-01   6.2923357e-01  -9.2293997e-02   2.9459784e-01  -1.0933979e+00  -5.2237609e-01
   2.0000000e+00  -6.8685589e-01  -5.1078529e-01   3.8927718e-01   4.5499337e-01  -1.3325230e+00  -1.6088764e-01
   1.0000000e+00   4.1602220e-01  -1.6695315e+00  -1.7527173e-01   4.0405644e-02   2.6815000e-01  -1.2750912e-01
   2.0000000e+00   4.6176152e-02   6.3504906e-01   1.4991353e-01  -6.5736040e-01   9.7140276e-01   1.6611144e+00
   2.0000000e+00  -5.1068471e-01   9.6789063e-01   5.7139459e-01  -3.2680199e-01  -2.9891158e-01  -2.4232600e+00
   2.0000000e+00   1.1804816e+00  -6.5974043e-02  -9.6308449e-01  -5.0627891e-01   1.1758737e+00  -3.2272351e-01
   2.0000000e+00   1.7343780e+00   4.9297202e-01  -2.5107045e+00  -1.0481267e+00   5.7019535e-01   9.2435533e-01
   2.0000000e+00   1.0373820e-01   9.8765901e-02  -4.2039304e-01   1.2379723e+00  -9.4431552e-02  -1.1911135e+00
   1.0000000e+00  -1.4879247e+00  -1.1876046e+00  -8.6642781e-02   1.2057472e-03  -6.9757855e-02  -1.3848458e+00
   2.0000000e+00  -5.7740522e-01   6.5374555e-01   9.1445862e-01  -1.1975252e+00  -1.2294418e+00  -1.0058034e-02
   2.0000000e+00  -8.9994239e-01   4.8395666e-01  -9.4102368e-01   8.6571976e-01   1.4843487e+00   3.2459718e-01
   2.0000000e+00   1.1684760e+00   1.6004709e+00   2.6631541e-01  -4.9350801e-01  -5.1816976e-01  -7.8144432e-01
   2.0000000e+00   4.2238027e-01   2.4244260e+00  -2.6839147e-01  -2.4349196e+00  -1.4856694e+00   6.5137150e-01
   2.0000000e+00  -4.4993047e-01  -1.2649312e-01   2.4176617e-01  -1.1183873e-01  -1.5667482e-01   8.3105608e-01
   1.0000000e+00  -1.2698802e+00   1.4930266e+00  -6.9570527e-01   6.7393932e-01   8.6778165e-02  -1.4674838e-02
   2.0000000e+00  -5.1937669e-01  -9.4162652e-01  -3.1187745e-01  -1.7952569e+00  -4.2862306e-01   8.2820475e-01
   2.0000000e+00   4.5716543e-01   4.6891095e-01   2.0540219e+00   1.1502992e-01  -1.3712023e+00  -7.3205724e-01
   2.0000000e+00  -7.2211615e-01  -1.4858400e+00   1.6242502e+00   3.0618378e+00   6.3702768e-01   7.3241617e-01
   2.0000000e+00   7.9680756e-01   1.1590456e+00   2.3990849e-01  -3.1408744e-02  -5.4820227e-01  -1.3872877e+00
   2.0000000e+00  -5.5262183e-01   9.2725996e-01   1.1145949e+00   7.0964087e-02   1.5562064e+00   1.3930976e-01
   2.0000000e+00   7.6599413e-01   4.9691164e-01   8.0666481e-01  -1.3324099e+00   7.0556753e-01   1.2099516e+00
   2.0000000e+00   7.7977621e-02  -2.3826975e-01  -1.2127770e+00   4.5173179e-02   1.4570994e+00   7.0329658e-02
   1.0000000e+00   1.6003956e-02  -2.6763708e-01  -1.5685988e+00   1.6629364e-01  -1.9382959e-02  -1.6887082e+00
   2.0000000e+00   2.2092233e-01  -7.0075422e-01  -3.5634538e-01  -1.7056203e-02   2.8845867e+00  -2.0260823e+00
   2.0000000e+00  -9.7049596e-01  -2.1252124e-01  -6.7022474e-02   2.3830593e+00   1.1506389e+00   7.9799995e-01
   2.0000000e+00  -5.0016885e-01  -2.0671315e-01   1.4155497e+00  -2.2865236e-01  -2.5641812e+00   1.5870713e+00
   2.0000000e+00  -1.2413683e+00   2.1455692e-01   1.6847573e+00   2.0418657e-01   1.3835433e+00   8.9489088e-01
   2.0000000e+00  -2.4627037e-01  -2.6161716e-01  -9.9619678e-02  -6.1121531e-01   7.8408441e-01  -3.0779400e-03
   2.0000000e+00  -7.1121637e-01  -2.7754101e+00  -6.1434148e-01  -2.4149582e+00  -6.2597861e-01   8.2827043e-01
   2.0000000e+00   1.8169805e+00  -2.0685200e+00  -6.7857136e-01  -2.0540149e+00  -3.7374938e-01   9.4778846e-01
   2.0000000e+00   7.8460160e-01  -1.1706795e+00   1.4006126e+00   2.5528268e+00  -1.0798544e+00  -1.0405842e+00
   1.0000000e+00   9.5800775e-02  -1.8779861e+00  -2.1715482e-01   3.2213430e-01   6.4365876e-01   2.2796267e+00
   2.0000000e+00  -1.0003072e+00  -1.0882399e-01  -2.1057081e-01   1.1326677e+00  -1.6817892e+00   6.1863539e-01
   2.0000000e+00  -7.3241511e-01   2.0947405e+00  -3.6799766e-01   2.5457027e+00   1.3120082e+00   1.8827956e+00
   2.0000000e+00   1.9862522e+00   9.3763371e-02   6.5180601e-01  -5.0715783e-01   9.6478605e-01   8.2081708e-01
   1.0000000e+00   1.1910057e+00   8.3875968e-01   9.6247353e-01   5.9098724e-01   7.5107740e-01  -1.4503268e+00
   2.0000000e+00   1.7802695e+00  -6.2734082e-01   1.1618640e+00   1.6063750e-01  -1.0213057e+00   2.3145665e+00
   2.0000000e+00   8.7724035e-01  -9.5097520e-01   1.6093137e+00  -1.0913532e+00   1.6465430e+00  -1.3764360e+00
   1.0000000e+00  -6.1371754e-01  -8.2969720e-01  -9.4425950e-01   9.5120529e-01   2.6679416e-01   1.6630876e-01
   1.0000000e+00   1.6762348e+00  -7.7841621e-01  -1.9400721e-01   4.6352837e-01   4.4622713e-01  -3.1604982e-01
   1.0000000e+00  -9.0399508e-01  -6.4443776e-01   2.5534441e+00   7.2260518e-01   5.6616111e-01  -1.7230209e-01
   2.0000000e+00   2.6274517e+00   8.3574876e-03   1.6098328e+00  -9.9072943e-01   1.5510049e+00   2.7088054e-01
   2.0000000e+00  -1.8885845e-01   6.0292971e-01   9.7492834e-01  -7.7267825e-01  -6.8651052e-01   4.5710377e-01
   2.0000000e+00   3.9261373e-01  -5.9202004e-01  -8.4945400e-01   2.6889918e-02  -1.2897237e+00  -4.7032901e-01
   2.0000000e+00   2.8956382e+00  -2.1881565e-01   5.6310648e-01  -1.3814078e+00   1.7418817e-01   6.7539929e-02
   2.0000000e+00   2.3831422e+00   4.7857912e-01  -2.8246126e-01  -1.1166978e+00   3.0175791e-01  -2.1882596e+00
   2.0000000e+00  -6.8041653e-01   7.3120359e-01   3.3521057e-01  -6.3744001e-01  -6.5428251e-01   5.6085896e-01
   2.0000000e+00  -1.1101729e+00  -1.7043514e+00  -5.6993733e-01  -1.0275523e+00  -1.8627919e+00  -2.9651891e-01
   1.0000000e+00   7.7368029e-01   3.5545905e-01  -6.6234252e-01   5.7754207e-02  -2.3435123e-01   1.3115550e+00
   2.0000000e+00  -7.1638081e-01  -2.0396098e+00  -9.5726467e-01  -1.5970247e-02   7.0074687e-01  -2.0238366e+00
   2.0000000e+00  -3.7322187e-01   6.6555323e-01  -1.0855953e+00   7.3622061e-01  -1.3569679e+00  -1.1311104e+00
   1.0000000e+00  -7.8906035e-01   1.1343847e+00   1.5233304e+00   3.7604180e-01  -6.4008043e-02   9.3768218e-01
   2.0000000e+00  -6.9438338e-02  -1.7018661e+00  -7.3209192e-01   2.4842520e+00   6.1838526e-02  -1.2505725e+00
   2.0000000e+00   1.3424203e-01   1.3518895e+00   1.0745086e-01  -2.1752986e-01   1.8341402e-01   1.0623338e+00
   2.0000000e+00   6.3335565e-01   4.2817348e-01   6.5393358e-02   1.1953404e+00  -1.5229021e+00   5.4172920e-01
   2.0000000e+00  -1.8527580e+00   1.4045714e+00  -6.2168627e-02  -4.4416908e-01  -5.9695945e-01  -3.4198485e-01
   2.0000000e+00  -1.3950297e-02  -2.0510569e+00   5.9006296e-01  -7.1943833e-01  -1.2632000e+00   6.0015331e-01
   2.0000000e+00   2.9154868e-01  -3.4476343e-01   1.8233791e+00  -8.1601612e-01  -7.6097212e-02   6.6477365e-01
   2.0000000e+00  -3.7071297e-01   1.2794659e+00  -2.0898002e+00  -7.7708993e-01   4.4176289e-01  -6.7137021e-01
   2.0000000e+00  -1.1076699e+00  -5.8523605e-01  -6.7559381e-01   7.7799803e-01   1.0713823e+00  -1.3256175e+00
   2.0000000e+00  -9.6528708e-02  -1.2538868e+00  -2.2951409e+00  -7.2976474e-01  -1.3505784e+00  -1.8048736e-02
   2.0000000e+00  -4.3723982e-01  -3.3042485e-01   1.4378162e+00  -1.3195827e+00   6.4421841e-01  -1.7405213e-01
   2.0000000e+00  -2.0434001e-01   2.8773535e-01  -8.3215441e-01   1.2016614e+00  -7.3370603e-01   3.4702743e-01
   2.0000000e+00  -2.8358893e-02  -1.3865683e-02   2.0055988e-01  -1.3654036e+00   8.2416367e-01  -6.4100263e-01
   2.0000000e+00  -5.4965775e-01   1.6561304e+00  -3.8315554e-01   1.2585397e+00   2.5540479e+00  -5.0494451e-01
   2.0000000e+00  -1.2027944e+00   1.2894931e+00  -3.5266664e-01  -1.0533899e+00  -7.2904835e-01   2.1592003e+00
   2.0000000e+00   1.8424954e+00   6.1720046e-01  -9.5585308e-01  -2.7773167e-01  -1.8096745e+00  -3.2464828e-01
   1.0000000e+00   9.8646846e-01  -3.4228149e-01  -1.2201646e+00   4.1631167e-01  -2.7718070e-01   1.6968282e+00
   1.0000000e+00  -2.2418505e-01   8.0358173e-02   1.2407218e+00   8.4925434e-01   4.7804909e-01  -1.8264046e+00
   1.0000000e+00   4.8924702e-01  -1.5144192e+00   6.8427720e-01   5.1767709e-03  -8.3478795e-01   1.0525926e+00
   1.0000000e+00  -2.7553179e-01  -9.7321052e-01   1.1624306e+00   4.2223127e-01  -2.8129715e-01   7.0310850e-01
   2.0000000e+00   2.1321063e-01   3.6023218e-01  -1.3773041e+00   8.8818427e-01   2.0322383e+00  -4.6688275e-01
   2.0000000e+00  -1.6013541e+00   1.1736883e-02   6.1536091e-01  -1.5000307e-01   6.6821134e-01   1.5306603e+00
   2.0000000e+00   5.8074605e-01  -9.6821266e-01   6.2010668e-01  -3.8843327e-01  -1.0734933e+00   1.9133321e+00
   2.0000000e+00  -6.4252541e-01  -4.6916352e-02  -1.0672427e+00  -1.3291253e+00  -1.9562676e+00   3.4859974e-01
   2.0000000e+00   3.1746650e-01   4.1643126e-01  -6.7950640e-01  -1.3231650e+00   4.5732076e-01  -1.5003456e+00
   2.0000000e+00   2.9265851e-01   6.6554056e-01   3.3443958e-01  -1.4837287e+00  -5.7452686e-01   6.9666959e-01
   2.0000000e+00  -6.7116251e-01  -5.5445625e-01  -5.5839076e-01  -2.5328797e-01  -1.6364536e-01  -5.0018529e-01
   2.0000000e+00   1.2162301e-01   8.0243511e-02  -1.8633508e+00  -7.0520874e-01  -1.2299143e+00  -1.8520304e-01
   2.0000000e+00  -9.7676953e-01   1.6691659e+00  -1.0531030e+00  -1.1407200e+00  -1.7204367e+00  -1.8603603e+00
   2.0000000e+00  -4.4778962e-01  -2.2262462e+00  -1.0427617e+00  -5.8271478e-02  -2.0357563e+00   1.7460245e+00
   2.0000000e+00  -1.8826192e+00  -2.1118605e-01  -2.8772883e-01  -6.0681988e-01   1.0380978e-01   1.7379951e-01
   2.0000000e+00   4.6682077e-01  -1.1737589e+00  -1.1738448e-02   9.9189451e-01   8.1848910e-01  -2.7345154e-01
   1.0000000e+00   3.8012784e-01  -2.4103027e-01  -1.8326719e-01   2.9561130e-01  -3.6651321e-01   5.1072778e-01
   2.0000000e+00   1.3199951e-02   1.0525510e+00  -6.7569748e-01  -1.2658290e+00  -7.2964102e-01   1.1280375e+00
   2.0000000e+00   1.3000551e+00   9.5344827e-03   1.4665321e+00  -2.6888014e+00  -3.8495493e-01   3.9343086e-01
   2.0000000e+00  -7.9181583e-01  -7.1656809e-01  -1.1525218e+00  -9.2457745e-01   1.7383658e+00   2.2611946e+00
   2.0000000e+00  -6.2311129e-01   2.0151285e-01  -1.3477915e+00  -1.0632503e+00  -7.4371820e-01   1.4731614e+00
   2.0000000e+00   3.9959297e-01   1.2082124e+00   5.5175424e-01   2.0027710e-01  -1.3951895e+00  -3.0563553e-01
   2.0000000e+00  -1.0596682e+00   1.0904892e+00  -2.0220563e+00   7.5634042e-01  -7.2932425e-01  -1.4216965e+00
   2.0000000e+00  -1.1813956e+00  -1.2511426e+00   4.0363699e-01  -1.0619071e+00  -1.6755613e-01   3.8028089e-01
   2.0000000e+00   4.8097206e-01  -8.9522732e-01  -4.0623351e-02   1.7522425e+00   1.0394041e+00   1.6175760e+00
   2.0000000e+00  -1.3136852e+00   3.3797008e-01   5.0265773e-01  -3.3974238e-01   8.3408927e-01  -1.7140167e-01
   2.0000000e+00   3.9063853e-01  -4.5757076e-01   3.0663159e-01  -6.2919715e-01  -2.1136600e+00  -2.6470115e-01
   2.0000000e+00  -3.1078931e-01  -6.1716089e-01  -8.8950079e-01  -7.3097578e-01  -4.3986267e-01  -1.4322537e-01
   2.0000000e+00  -1.2374213e-01  -7.8823411e-02   1.1061196e+00  -2.2352150e+00  -1.0374350e+00   7.1180916e-01
   2.0000000e+00   1.5902677e+00  -1.0615366e+00  -9.5943236e-01  -1.2513194e+00   5.3311488e-03   1.0372999e-02
   2.0000000e+00  -1.7992617e+00   1.0714405e+00  -1.8009966e+00   4.7402171e-01  -1.8308384e+00  -5.7490467e-01
   2.0000000e+00   7.6129373e-02   2.0416486e-01  -1.6463999e-01   1.9928915e+00   3.2736262e-02  -8.6583803e-01
   1.0000000e+00   1.0498179e+00   1.3032865e+00  -7.2262177e-01   1.0599300e-01  -9.8298931e-02  -2.8181365e-01
   1.0000000e+00   7.1956004e-01   4.7184331e-01  -5.4948109e-01   2.5099965e-01  -2.1140156e-01  -1.0548063e+00
   2.0000000e+00   8.3385753e-02  -2.4820004e-01   5.8659170e-02  -1.0639159e+00   4.2290931e-02  -5.0696908e-01
   2.0000000e+00   2.2718808e+00  -1.1215660e+00   1.4759589e+00   1.1373123e+00  -6.7782257e-01  -6.0108851e-01
   2.0000000e+00  -1.2682503e+00   9.5621586e-01  -6.5428573e-01  -1.1405023e+00   2.4460971e+00   1.4634632e+00
   2.0000000e+00  -9.7391770e-01   5.3591852e-01   1.7583026e+00   3.6743801e-01   2.7351661e+00  -1.8546064e+00
   2.0000000e+00   6.6763651e-01  -8.3227762e-01   1.7042475e-01  -1.4786736e+00   1.5003278e+00  -5.3822311e-01
   2.0000000e+00  -4.7352374e-01  -2.0782776e-02  -7.5142133e-01  -1.7378284e+00  -3.9910487e-01   6.2516132e-01
   2.0000000e+00   8.5996058e-01  -4.7325531e-02  -1.4473285e+00  -2.9440139e-01  -8.5819370e-01   2.2293346e-01
   2.0000000e+00   1.6015802e+00  -7.7108191e-01   1.7704242e+00  -1.3386688e+00  -9.5730174e-01  -4.5705764e-01
   2.0000000e+00   1.3698725e+00   3.0562943e-01  -2.5338601e+00  -1.4985109e-01  -8.0556706e-01   1.9965348e-01
   2.0000000e+00  -6.0526218e-01   3.1704282e-01   1.2805402e+00   1.2571371e+00   7.0039624e-02   3.1042557e-01
   2.0000000e+00   1.6027082e-01   5.9617207e-01   1.3499181e+00   8.4034622e-01   1.0644252e+00  -1.3249333e+00
   2.0000000e+00   2.1565314e+00   1.7130446e-01   5.2406043e-01  -3.1661272e-01  -1.2265995e+00  -1.3107077e+00
   2.0000000e+00   9.0180085e-01   3.5106750e-01   8.3044778e-01  -7.5536622e-01  -1.4651673e+00  -1.6297331e+00
   2.0000000e+00  -5.7735268e-01   1.0742074e+00   6.0327718e-01  -4.3659718e-01   3.9451684e-01   6.1471690e-01
   2.0000000e+00  -1.3595377e+00   7.0427965e-01  -2.7248696e-01  -1.5028297e+00   3.1970967e-01   2.2784001e-01
   1.0000000e+00   3.6896926e-01  -5.3141014e-01  -2.6892999e-01   2.7897668e-01   3.3703299e-01   1.5096539e+00
   2.0000000e+00   1.4545166e+00   1.1491376e+00   1.2120480e+00  -8.8820803e-01  -3.7768569e-01   1.3384459e+00
   2.0000000e+00  -5.7461335e-01   6.1988460e-01   1.5866152e-02  -4.2567522e-01  -5.2981667e-01  -6.6674844e-02
   1.0000000e+00  -6.2751066e-01  -2.5095571e-01  -3.8655443e-01   7.6136332e-01   4.7179431e-01  -4.5332698e-01
   2.0000000e+00  -1.5518028e+00   1.5921290e+00   3.2092194e+00  -4.9001093e-01  -4.7000494e-01  -4.5242854e-01
   2.0000000e+00  -1.1621925e+00   1.8003725e-01   5.6288014e-01   2.3454111e+00  -1.6288754e+00  -1.7470361e-01
   2.0000000e+00   5.9570162e-01   2.8481384e-01   1.1810676e+00   1.1458646e+00   4.9917056e-01   1.7354587e+00
   2.0000000e+00   2.5462907e-01  -5.4143462e-01   1.0117703e+00  -5.6195785e-01  -1.1625173e+00  -4.4352865e-02
   2.0000000e+00   1.5474348e+00  -2.0798982e-01   1.1074786e+00   9.6535380e-01   5.1654176e-01   2.4057590e-01
   1.0000000e+00   2.7135484e-02   2.5527353e-01   4.5634938e-01   4.9487239e-01  -7.9657146e-01   1.8388641e-01
   2.0000000e+00   2.4611130e-01   1.1037621e+00  -4.7119981e-01  -1.0747556e-01   7.4655538e-01  -6.7343020e-01
   2.0000000e+00  -9.5502252e-01   1.0038850e+00   1.1676830e+00   2.3138292e+00   9.0327246e-01   3.4046320e-01
   2.0000000e+00  -5.8694005e-01   4.4105676e-01  -1.2886456e+00  -1.3210590e-01  -3.7025362e-01   1.5898889e+00
   1.0000000e+00  -8.4719968e-01  -6.9997516e-02   1.5281626e+00   5.3217683e-01  -5.7517995e-01  -3.8431946e-01
   1.0000000e+00   1.5727378e+00  -3.8058185e-01  -1.6795286e+00   4.0359779e-01  -1.6648796e-02  -6.4745809e-01
   2.0000000e+00  -6.7461878e-01   1.1597888e+00  -8.7711353e-01   1.2296647e+00  -1.1591721e+00   1.7930568e-01
   2.0000000e+00   1.4320381e-01   1.5909417e+00   8.0815400e-01   4.4775971e-02  -1.3746860e+00   1.6546040e+00
   2.0000000e+00  -1.1775291e+00  -4.2510737e-01   7.5110435e-02  -1.4999931e+00  -6.1903584e-01   7.1085940e-01
   2.0000000e+00  -2.3275866e-02  -3.2159739e-02  -1.8624604e-01  -4.4427179e-01   2.8281491e-01  -2.6859573e-01
   2.0000000e+00  -5.8487685e-01  -3.5760490e-02  -9.8418652e-02   1.1745678e+00   3.4668224e-01  -1.7933007e+00
   1.0000000e+00   1.1237616e+00   2.9763529e-01  -9.9420394e-02   8.9040553e-01  -4.5080576e-01  -9.2053233e-01
   2.0000000e+00   2.3873204e+00   2.4761450e-01  -1.2363345e+00   8.5198377e-01  -5.9106418e-01  -5.1331307e-01
   2.0000000e+00   1.3516632e+00  -6.2252553e-01   9.5860174e-01  -9.9962361e-01   2.0582499e-01  -6.3512066e-01
   2.0000000e+00  -1.1667441e-02   9.6765348e-01  -9.9227693e-01  -5.9957968e-02   5.5162090e-01  -1.4025786e+00
   2.0000000e+00  -1.8384307e+00   3.8259162e-01   6.7504622e-02   1.3683902e+00   1.5237102e+00  -6.2326933e-01
   2.0000000e+00  -1.2505944e-01   2.7810178e-01   1.2370979e+00  -6.4604449e-01   1.5332860e+00  -1.2209223e+00
   2.0000000e+00  -7.9160533e-01  -7.6914776e-01   9.3191082e-01  -1.1416669e+00  -5.6030456e-01  -9.4941519e-01
   1.0000000e+00   2.3159482e-01  -2.8297762e-01   6.8400708e-01   1.0633027e-01   9.8548639e-02   4.9637100e-01
   1.0000000e+00  -1.3900367e-01   1.0575543e-01   1.3608531e+00   2.4722818e-02   7.2123616e-01   3.7558407e-02
   2.0000000e+00   5.0263403e-01   8.3886438e-01  -1.4963638e-01  -5.9251598e-01   9.6364340e-01  -7.1494301e-01
   2.0000000e+00   3.0674993e-01   9.1291861e-01   7.8935339e-01  -1.4378674e+00   2.9939731e-01   1.8693730e+00
   2.0000000e+00   2.6118542e-01  -1.2229808e-01  -1.0888198e+00   4.4992056e-01  -1.8979334e+00  -4.3733706e-01
   2.0000000e+00   1.3847394e-01   3.4269051e-01   2.3342388e-02   4.0527923e-01  -1.8602770e+00   1.4771902e+00
   1.0000000e+00  -1.4530619e-01  -2.2944639e-01   7.8553970e-01   2.1325726e-01   2.8134080e-02  -1.3458138e+00
   1.0000000e+00  -1.3334054e+00   1.3627357e+00  -7.0982339e-01   9.0882267e-01  -4.0804027e-01  -2.8841543e-01
   1.0000000e+00   3.6337934e-01   3.7094152e-01   6.2088177e-01   1.5240344e-01  -4.2189563e-01  -8.8948479e-01
   2.0000000e+00  -1.7830856e+00  -8.5412138e-01  -1.2229243e+00  -8.9148919e-01  -1.2943553e+00   5.4135819e-01
   2.0000000e+00   1.8250904e-01  -2.6557127e-01   2.4525507e-01  -6.4555124e-01   7.8849130e-01   1.5015590e+00
   2.0000000e+00   6.7541250e-01  -1.5834877e+00   9.0414306e-01  -5.6680474e-02  -1.4676412e+00   1.1829682e+00
   2.0000000e+00  -2.8206979e-01   8.0259784e-01  -1.5545041e+00   7.2419022e-01   2.1285221e+00  -2.4818595e-01
   2.0000000e+00   9.0933223e-01   5.3297190e-01   1.4922402e+00  -1.0089361e+00   9.5842352e-01  -5.1614052e-01
   2.0000000e+00   7.1243496e-01   4.9999578e-01   1.0565747e+00  -4.1434266e-01  -5.0245464e-01   1.0899854e+00
   2.0000000e+00  -3.2664388e-01   1.6946692e+00   2.1368136e-01  -2.7472166e-01   4.2686444e-01  -2.3640489e+00
   2.0000000e+00  -5.2722679e-01   3.7663346e-01  -8.4419653e-01  -5.2726711e-02  -1.7358359e-01  -6.2352505e-01
   2.0000000e+00  -8.5056489e-01  -2.7343474e-01  -3.3271086e-01  -3.0228046e-02   8.2799604e-01  -8.6585291e-01
   2.0000000e+00   1.7865383e+00   9.2179730e-01  -1.8210945e+00  -2.1165177e-01  -7.4291623e-01   1.9330691e+00
   2.0000000e+00  -3.2900368e-01   1.8642155e+00   1.5008687e+00  -3.7933350e-01  -6.1594413e-01   1.3006691e+00
   2.0000000e+00   1.0229252e+00  -8.3026246e-01   4.0217253e-01  -1.3389828e-01   4.3960898e-01   2.0590384e+00
   1.0000000e+00   1.9663139e-01  -8.5122383e-01   3.5254195e-01   1.8608298e-01  -8.3931979e-01   5.9077501e-01
   2.0000000e+00  -1.4867257e+00  -1.1528627e+00   1.0787924e+00   8.1196666e-01   1.1956393e+00  -3.6656266e-01
   2.0000000e+00  -8.3909073e-01  -5.8305830e-01   8.2335476e-02   7.0617430e-01   1.8618266e+00  -2.4976413e-01
   1.0000000e+00   1.0861712e+00  -1.5662120e-01  -8.2884385e-01   3.6110098e-01   9.2864139e-01  -3.5700050e-01
   2.0000000e+00   6.5553143e-01   9.1071650e-02  -1.1404622e-01   1.3299665e+00  -4.6310291e-01   1.9194019e+00
   2.0000000e+00  -3.7414884e-02   4.2176817e-01  -1.9663259e+00  -5.7119859e-01   1.5518098e+00   4.0709005e-01
   2.0000000e+00   1.2282184e-01  -1.4837775e-01  -3.5608734e-01  -1.4501048e-01   9.1897970e-01   2.3354031e-01
   2.0000000e+00   1.6200227e+00   9.7908931e-01  -2.5441451e-01   5.5793617e-01  -1.4923016e+00  -1.6232821e+00
   2.0000000e+00  -6.6277555e-01  -5.0531466e-02   7.0446878e-02   1.0238705e+00  -3.8451663e-01  -3.2823819e-01
   1.0000000e+00   1.7126061e+00   2.4759774e-01  -5.4822235e-01   1.4264626e-01  -4.8955000e-01  -1.5351916e-01
   2.0000000e+00  -7.3548184e-01  -2.6283301e-02  -1.1289422e+00  -7.2650655e-01  -2.5671436e-01  -1.9937304e+00
   2.0000000e+00  -6.3161728e-01  -4.4089057e-01  -6.8713280e-01  -1.3182337e+00  -5.0427120e-01   2.3733000e+00
   2.0000000e+00   9.5071424e-01  -1.1524450e+00  -8.3540403e-01   1.1394287e+00  -1.4287390e-02   1.0020189e+00
   2.0000000e+00  -6.3526449e-01  -1.0743969e+00   3.3568851e-01  -1.1746312e-01  -7.1534567e-01  -6.1662046e-01
   1.0000000e+00  -4.6736391e-01   1.0644282e+00   9.8724433e-01   1.9895713e-01   8.4540354e-01   4.5426633e-01
   2.0000000e+00  -1.0879837e+00  -4.8609650e-01  -1.0446098e+00  -7.8144674e-01   1.0516828e+00   1.2783819e-01
   2.0000000e+00   2.6244072e-01  -7.6942284e-01  -1.7976534e-01   1.2785302e+00   6.9983952e-01  -4.9887440e-01
   1.0000000e+00   1.0911096e+00   1.3354100e+00  -3.5228113e-01   4.0527833e-01   1.6418991e-01  -2.8293813e-02
   1.0000000e+00   9.2364571e-01   4.7133562e-01  -5.9674175e-01   5.0072260e-02   7.6919927e-01  -6.8067545e-01
   2.0000000e+00  -3.2014038e-02  -2.9428673e+00   7.1540260e-01   7.5433081e-02   1.3168119e+00  -1.5514671e+00
   2.0000000e+00  -1.3397621e+00  -1.9706953e-01   2.6500159e-01   6.8919408e-01  -8.4045098e-01   7.0301645e-02
   2.0000000e+00  -1.1922260e+00  -4.8072828e-03  -3.0022214e-01   8.4173481e-01  -1.3500107e+00  -1.0023314e+00
   1.0000000e+00   6.5455766e-01  -4.1332173e-01  -1.3771925e-01   2.9069073e-01   3.3309707e-01   1.2044096e+00
   2.0000000e+00   3.4164707e-01   4.4589356e-02  -3.6210655e-01   1.0959114e+00  -9.0950880e-01   2.2176141e+00
   2.0000000e+00  -1.1262911e+00   9.3305307e-01   3.1906657e-01  -6.1865133e-01   1.6681252e-01  -1.5907911e-01
   2.0000000e+00  -2.5078007e+00  -1.3775927e-01  -1.2449129e+00  -2.0461002e+00  -5.1812341e-01  -1.9543959e+00
   2.0000000e+00   1.0723732e+00  -7.5647571e-02  -3.2123274e-01  -1.6462215e+00   9.1800771e-01  -2.9803936e-02
   2.0000000e+00   3.0506987e+00  -2.4908800e+00  -7.2953148e-01  -7.7288007e-01  -1.7095304e+00  -7.1146357e-01
   2.0000000e+00  -8.1787977e-01  -1.3847174e-01  -7.6329450e-01   1.1363972e+00  -2.9584507e-01  -1.1840141e+00
   2.0000000e+00   1.0545673e+00  -1.6853514e+00  -2.3106827e-01  -2.2858124e+00   5.2464365e-01  -1.2793138e+00
   1.0000000e+00  -3.1852013e-02   7.9099802e-01  -2.6580721e+00   4.0127098e-01   7.9246231e-02  -8.3799820e-01
   2.0000000e+00  -1.2548765e+00  -2.8640763e-01  -4.4416649e-01  -6.1111562e-01   1.0504406e+00   3.9937496e-01
   2.0000000e+00  -8.0940878e-02  -2.2667671e-01  -1.4432910e+00  -1.5482224e+00  -1.0760504e+00  -7.6545743e-01
   2.0000000e+00   1.9205024e-01  -7.5832199e-01  -2.4643400e-03   1.1384454e+00  -3.5120124e-01   3.8622695e-01
   2.0000000e+00  -5.5500648e-01   4.9966619e-01  -2.0655659e+00   1.3975085e+00   4.3105422e-01  -4.7699021e-01
   2.0000000e+00   2.8199782e-01  -1.1802553e+00   7.3045151e-01  -1.6364766e+00  -2.2021575e-01  -1.4113062e-01
   2.0000000e+00   1.9365525e+00   1.1379145e+00   4.6899384e-01   9.2185858e-01  -9.6689052e-01  -3.2538097e-01
   2.0000000e+00  -4.2118620e-01   2.6661876e+00  -6.7480238e-02   7.1784937e-01   1.4142712e+00   8.8794552e-01
   2.0000000e+00   1.5594611e-01  -8.9153272e-01   9.0270400e-02  -3.3986913e-01  -1.1696320e+00   4.0123807e-01
   2.0000000e+00   1.1138666e-01   1.0981952e+00  -5.6351989e-01  -2.4272907e-01   9.4902596e-01  -3.1952194e-01
   2.0000000e+00   4.9550773e-01   5.9178085e-02  -8.0737428e-01  -9.3651367e-01   4.7491953e-01   4.9878590e-01
   1.0000000e+00  -1.4754210e+00   1.2079061e+00  -4.8674019e-01   1.5930138e-01  -6.4716359e-01   2.9793321e-01
   2.0000000e+00   2.7353522e-01  -2.5723023e-01   2.9418960e-01   1.7341905e+00   4.9913193e-01  -1.1349143e+00
   1.0000000e+00   6.8619114e-01  -1.6097973e+00  -1.2986004e+00   2.3025894e-01  -1.5398885e-01   1.6725865e-01
   2.0000000e+00   6.0648871e-01  -7.7918093e-01   2.4048201e-01  -7.2767141e-01  -5.2173973e-01   1.8284542e+00
