   2.0000000e+00  -4.2711544e-01   5.6679946e-01   1.4697078e-01  -4.3251082e-01  -3.5758441e-01   1.9131905e+00
   2.0000000e+00  -1.0859048e+00   2.3677139e-01   1.7879595e+00   2.4418601e+00   7.3107790e-01   2.2089769e+00
   2.0000000e+00  -2.3388090e+00   1.2093020e+00   6.7832398e-01  -1.5810278e+00  -1.2824257e-02  -4.8455662e-01
   2.0000000e+00  -7.2781611e-01   1.2396905e+00   2.0593446e+00  -8.8205805e-01  -8.7995593e-01  -4.4366195e-01
   1.0000000e+00   4.7238439e-01  -9.1080991e-01  -1.2558930e+00   1.5047644e-01  -9.2813459e-01   1.2017342e+00
   2.0000000e+00   7.6091343e-01   6.8958819e-01   6.0070442e-01  -1.0403249e+00   1.1720102e-02   3.6209411e-01
   2.0000000e+00   1.0863073e+00   7.8894348e-02  -3.6442721e-01  -1.0882271e+00   1.3627138e+00  -2.7012944e-02
   2.0000000e+00  -8.6650369e-01  -8.8262326e-01   1.5587782e+00   1.7988363e+00   1.6608820e-01   9.1401832e-01
   2.0000000e+00   3.7974539e-01  -9.7188383e-01   1.2099921e+00  -6.0204102e-01   5.3827715e-02  -9.4315290e-01
   1.0000000e+00  -1.5500140e-02  -9.7602287e-01  -6.2143730e-01   4.3404038e-01   2.8933376e-01   5.9466079e-01
   2.0000000e+00  -2.1294918e+00  -4.9583511e-01  -3.1349717e-01  -5.1291954e-01   3.9419512e-01   4.4747610e-01
   1.0000000e+00   7.2394651e-01  -3.5923332e-01  -1.0649326e+00   8.0927429e-01  -7.1313211e-02   2.1277548e-01
   2.0000000e+00  -1.6173041e-01   8.9383991e-02   1.8929873e+00  -9.2627936e-01   3.9865432e-01  -3.8030882e-01
   2.0000000e+00   1.4821097e-01  -6.7554203e-01   1.0644317e+00  -4.2421789e-01   7.8939001e-01  -7.4128853e-01
   1.0000000e+00   1.1425464e+00  -8.6384353e-01   2.4994312e-01   5.8067696e-02   4.6496049e-01  -2.7417952e-02
   2.0000000e+00  -1.3800932e-02   7.1076161e-01   6.0507010e-01   1.1601360e+00   2.0258551e+00  -1.6895352e-01
   2.0000000e+00  -8.1968353e-02  -9.3542289e-01   5.9257460e-01  -1.2863065e+00  -1.0515881e+00   2.2447613e+00
   2.0000000e+00  -6.1236080e-01  -1.3720258e+00   1.2292966e+00  -1.8332172e-01   1.2325993e+00  -3.9853224e-01
   1.0000000e+00  -1.9775441e+00   5.7439972e-01  -9.6158498e-01   9.1926564e-03  -5.2090688e-02   7.8173527e-01
   2.0000000e+00   2.0833121e-01  -5.4834297e-01  -2.1559614e-01   2.1602738e-01   1.1538570e+00   1.3582604e+00
   2.0000000e+00   1.0540888e+00  -1.1096444e+00   1.0296944e+00  -2.0646925e-01   6.6178395e-01  -7.7735910e-01
   2.0000000e+00   1.1764553e+00  -2.9995556e-01   2.6389466e-01  -1.2175048e+00  -9.2372045e-01  -4.0904315e-02
   2.0000000e+00  -4.4779404e-01   1.2325136e+00  -1.0904246e+00  -8.7796350e-01   8.4535244e-01  -7.3591410e-01
   1.0000000e+00  -1.1976945e+00   1.1549813e-01  -1.0559664e+00   4.2647662e-01   3.4813303e-01  -1.5641232e+00
   2.0000000e+00   4.0251877e-01   2.9013928e-03   2.4318542e-01  -2.6883202e-01  -8.4325909e-01   8.4239982e-01
   2.0000000e+00  -1.4560850e-01   4.8837547e-01  -1.1107002e+00   5.3251260e-01   9.6358949e-01   1.0496565e+00
   2.0000000e+00   2.5581521e+00   1.2114687e+00   4.5049092e-01   2.7889415e+00  -8.4565663e-01   7.6656873e-01
   1.0000000e+00   2.3894341e-01  -4.5770731e-01   1.4167234e+00   5.0754559e-01   2.3493673e-01  -1.9695660e+00
   2.0000000e+00   9.6895020e-01   2.2597364e-01  -3.7248266e-02   4.5791907e-01  -9.6970983e-01   1.4745138e+00
   2.0000000e+00   5.0750101e-01  -1.6309442e+00  -1.0000750e+00  -2.0252198e+00   1.2110391e+00  -4.5186825e-02
   2.0000000e+00  -1.1440286e-01  -7.2619878e-01   6.5194593e-01  -4.6546945e-01  -2.3176728e+00  -1.4694460e+00
   2.0000000e+00   1.0550867e+00   7.3135596e-01   7.9200800e-01  -2.7485530e-01   1.0933491e+00  -1.3560919e-01
   2.0000000e+00   4.0754369e-02  -2.2294496e+00   4.4596036e-02  -4.1731078e-01  -3.9345993e-01   2.7528731e-01
   2.0000000e+00   3.5958851e-01   9.9475124e-02   1.3682897e-01  -1.8341504e+00  -1.0806581e+00  -1.5626507e+00
   2.0000000e+00  -1.5192656e+00  -1.4572371e+00  -8.4319680e-01   6.6245339e-01  -8.6063001e-01  -1.1160202e+00
   2.0000000e+00  -1.1290440e+00   6.2929082e-01  -5.1124180e-01   1.6005335e+00   1.4295747e+00  -1.7039546e+00
   2.0000000e+00   2.6952934e-02  -1.1876317e-01   6.8842254e-01   5.8887036e-01   1.6753807e+00   2.0936006e-01
   2.0000000e+00   2.9969237e-01  -1.9037091e+00  -4.3555771e-02  -1.8093459e+00   6.2776849e-01   1.5744523e+00
   2.0000000e+00   9.2052484e-01  -2.8365297e-01   4.3862084e-01  -1.3612033e+00   6.2672408e-01   1.5124937e+00
   2.0000000e+00   7.7631287e-01  -1.0155616e+00  -3.8385923e-01  -1.8034441e+00  -5.8905526e-01   1.7650625e+00
   1.0000000e+00  -1.6354450e+00   2.5216864e+00  -8.1406139e-01   5.3024149e-01   3.7955844e-01   2.4011019e-01
   2.0000000e+00  -1.3305699e+00  -1.7686564e+00   1.5087773e-03  -1.6072321e-01   2.4717953e+00   1.9891753e+00
   2.0000000e+00   2.2672851e+00   5.6830839e-01  -1.4178324e+00  -5.5680257e-03   1.2620425e+00  -3.9102524e-01
   2.0000000e+00   1.5757794e+00   1.3918756e+00   4.3731722e-01  -9.8480308e-01   9.2547316e-01  -2.5495034e-01
   2.0000000e+00  -8.6872094e-01  -6.4466941e-01   9.8173286e-01  -9.5808144e-01   2.7205805e-01   5.6126569e-01
   1.0000000e+00  -5.9462287e-01   5.6820049e-01  -6.4593815e-01   5.8230555e-01   1.8033480e-01   7.6759906e-01
   2.0000000e+00   4.7071896e-01   8.8903018e-01   6.1860096e-01  -7.3356889e-01  -5.5368015e-01   3.3176091e-01
   1.0000000e+00   3.6335275e-02  -1.2985713e+00  -5.9097649e-01   3.2428246e-01   1.4069132e-01   1.7249444e-01
   2.0000000e+00   1.0211081e+00   2.4462363e-01   3.7650987e-01  -1.0201596e+00  -6.5728806e-01   7.3980169e-01
   1.0000000e+00  -5.9038409e-01  -1.4904063e+00  -1.5887951e-01   4.4527622e-01   6.3745005e-02   1.7817148e+00
   2.0000000e+00  -8.0456259e-01  -7.5817501e-01  -1.6962297e+00   1.4923203e+00   2.1864883e+00   1.5169175e+00
   1.0000000e+00  -1.1753271e+00   9.3238935e-03   1.1320884e+00   1.7717994e-01   7.9634190e-01  -7.4710658e-01
   2.0000000e+00  -3.9756512e-01  -1.2213204e+00   4.7768318e-03  -5.1247751e-01   1.7007573e-01   2.6317910e+00
   2.0000000e+00   1.8132206e+00   7.2692647e-01   1.2439597e+00  -1.2679689e+00  -3.5497219e-02  -6.6251372e-01
   2.0000000e+00   6.1230385e-01   3.5182093e-01   1.3017265e+00  -1.1553600e+00   1.1856394e+00   8.4422545e-01
   1.0000000e+00  -1.0325883e-01   2.5506847e-01   1.7117184e-01   7.1078920e-02  -5.6261409e-01   1.8275595e+00
   2.0000000e+00  -2.6001084e-01   4.0137615e-01   1.3953111e+00   6.2516535e-01  -1.0934056e+00   9.3686147e-01
   1.0000000e+00  -2.3570775e-01   6.8637321e-01  -4.3617547e-01   5.3812494e-02  -5.8020258e-01   4.5271754e-01
   2.0000000e+00   9.7358189e-01  -1.0639239e+00  -7.9503498e-01   4.4869761e-01   1.0208109e+00  -6.2017781e-01
   1.0000000e+00   6.0652443e-01  -6.7272675e-01  -1.1337020e+00   8.8150383e-01   2.4997185e-02  -3.1162095e-01
   2.0000000e+00  -3.6167892e-01   8.8857676e-01  -7.8958003e-01   1.3657736e+00  -1.1482848e+00  -6.7837296e-01
   2.0000000e+00   5.2449933e-01  -6.5230923e-01  -1.5853578e+00  -5.0744899e-01   5.2264154e-01  -1.1727531e+00
   1.0000000e+00   1.3844821e+00   5.7512864e-01   1.0754302e-01   4.2061765e-01   1.2441962e-01   9.8441804e-01
   1.0000000e+00  -9.6442220e-01   3.1469226e-01  -2.9314857e-01   9.7307484e-02   7.7259901e-01   1.0287083e+00
   2.0000000e+00   1.3565222e+00   2.1882247e+00  -8.7036620e-01  -1.2549457e+00  -1.1895421e+00  -4.6785982e-01
   2.0000000e+00   8.5834902e-01  -2.9075865e-01   2.2734066e-01   6.1377155e-01  -1.1752417e+00   6.2175002e-01
   2.0000000e+00  -2.2006319e+00  -2.2434537e-01  -6.8391150e-02   1.0631480e+00   8.6820841e-01  -1.5703428e+00
   1.0000000e+00   6.2562752e-02  -5.6519857e-01   3.1341189e-01   3.9195739e-01  -2.3166264e-01   1.0934735e-02
   1.0000000e+00   8.0431076e-01  -4.8431406e-01  -3.8932791e-01   9.3004288e-01   2.6428327e-01   7.2412966e-01
   2.0000000e+00   2.0968469e+00   2.9626631e-01  -9.3402467e-01   1.0762433e+00   9.5949135e-01   6.8165439e-02
   2.0000000e+00  -1.1289533e+00  -1.2102406e+00   1.0355386e+00  -1.4168568e+00   2.1713750e+00  -2.8025375e+00
   2.0000000e+00  -3.9193274e-01   1.4897601e+00  -5.6386450e-01  -2.1257677e-01   1.1593056e+00  -2.3239618e-01
   2.0000000e+00  -3.1870288e-01  -4.7629704e-01  -9.5409528e-02  -7.0719105e-01  -9.0195862e-01  -1.9629663e+00
   2.0000000e+00   7.0518928e-01  -3.4407869e-01   2.1251792e-01   1.4110816e-01  -1.8198173e+00  -1.9982596e-01
   2.0000000e+00   1.0058276e-01   2.1387288e+00  -7.0430663e-01   1.9300047e+00   1.1264122e+00  -1.5559590e+00
   2.0000000e+00  -1.4462412e+00   1.1368794e+00  -1.5047157e-01  -1.7602894e-01  -1.2888927e+00  -3.0803602e-01
   2.0000000e+00  -1.6761665e+00   9.2832848e-01  -1.8720810e-01   1.0095848e+00   7.4270290e-01   1.7996878e+00
   2.0000000e+00   4.2949372e-02  -1.2621310e+00   1.3844529e+00  -2.2612603e+00  -6.5826818e-01  -1.6550700e+00
   2.0000000e+00   2.3012142e-01  -1.3126313e+00  -6.1143296e-01  -6.9586074e-01  -5.6174211e-02  -7.4901107e-02
   1.0000000e+00   1.1198959e+00   8.7667360e-01   6.5571451e-01   7.5525044e-02  -3.3920799e-01  -1.1190706e+00
   2.0000000e+00   4.7622260e-01   9.7475430e-01  -1.6359946e+00  -9.5651618e-01   2.0527517e-01   7.3981985e-02
   2.0000000e+00   6.8294419e-01   3.1958326e-01   4.5386396e-01  -2.8843776e-01   5.9293733e-01  -1.2245679e+00
   1.0000000e+00   1.2647794e-02  -3.1129125e-02   1.5172932e-01   1.2279736e-01   8.1390698e-01   2.3041160e-01
   2.0000000e+00   5.1306807e-03   1.0864074e+00   7.5542153e-01  -6.0753337e-01   1.3760848e+00   1.7034082e+00
   2.0000000e+00   2.2056594e-01   1.0947288e-01   1.5917665e-02  -3.1248434e-01  -2.9051730e-01  -4.3247536e-01
   2.0000000e+00  -6.4893661e-01  -1.4026406e+00  -3.3000639e-01  -1.1726111e-01  -6.2941805e-01   1.1870969e-01
   2.0000000e+00   1.0138691e+00   5.3152307e-01  -3.2781242e-01   1.7362642e+00  -4.0388884e-01  -9.8638124e-02
   2.0000000e+00   3.5545411e-01   9.6036365e-01  -2.3525526e-01  -8.4228873e-01   2.0412392e-01  -8.7023651e-01
   2.0000000e+00   1.5902925e+00   1.5427336e-01  -6.0524005e-01   2.8067458e-01   1.6338819e+00  -9.7210704e-01
   2.0000000e+00  -5.4610811e-02  -2.0038280e+00   1.2220086e-01   1.2382841e+00   2.1308108e-01  -9.1469095e-01
   2.0000000e+00  -9.9743519e-01  -1.0263677e+00  -1.0157800e-01   3.5871005e-01   1.1352755e+00   1.5785482e-01
   2.0000000e+00  -2.0473321e-01   1.4525786e+00   1.1061316e+00  -2.3354728e+00   1.1211986e+00  -2.4192749e-01
   2.0000000e+00   1.8050534e+00  -1.2308425e-01  -1.6956899e+00  -9.0651192e-01  -1.3069499e+00  -2.4522657e-01
   1.0000000e+00   4.6027697e-01   2.8613180e+00   6.2782218e-01   1.6577734e-01  -5.4209179e-01  -2.0933715e-01
   2.0000000e+00   4.5364013e-02  -7.0443211e-03   4.5099491e-01   6.7759399e-01  -1.0928708e+00  -2.2383876e-01
   2.0000000e+00  -1.0230874e+00  -1.2000621e+00   1.9638222e-01   6.3325132e-01   1.3519924e+00   5.7539677e-01
   2.0000000e+00  -2.0712829e+00   4.1146367e-01  -4.0229817e-02   2.1211927e+00  -1.1983382e+00   1.8691108e-01
   2.0000000e+00  -4.0938349e-01  -1.9316648e-02  -1.3593827e+00  -4.5414887e-01   4.6853480e-01   9.7221625e-01
   2.0000000e+00   4.0276782e-01   5.1648333e-01  -9.2158522e-01  -2.2850964e-01   2.0154568e-01   1.0003944e+00
   2.0000000e+00  -2.8588464e-01  -1.8753047e+00   2.0124198e-01  -3.4646584e-01   1.1407187e-02  -8.0614752e-02
   2.0000000e+00  -1.0528615e+00  -3.8789607e-01   1.5884782e+00  -3.9127338e-01   2.9112403e-01   1.2315698e+00
   2.0000000e+00   1.0691153e+00  -8.9662064e-01  -6.8758920e-01  -9.0783607e-01  -8.8605079e-02  -1.1461898e+00
   1.0000000e+00  -3.0589817e-01  -2.9344195e-01  -9.5005644e-01   6.9841126e-01  -2.4516253e-01  -2.6868192e-01
   2.0000000e+00  -8.3660086e-01  -8.8712975e-01  -8.1502971e-01   1.7276429e+00  -1.0640873e+00  -1.0653848e-01
   2.0000000e+00  -1.3448377e+00   1.6804780e+00  -1.3816304e+00  -2.2098256e-01   2.5480830e-01   2.6860700e-01
   1.0000000e+00  -1.3817253e+00  -5.7955189e-01  -5.0718565e-01   9.0601884e-01   1.7535331e-01  -1.2654615e+00
   2.0000000e+00  -7.2343282e-01  -3.3382043e-02   1.2972685e+00   7.0801776e-02  -1.4094989e+00  -9.2824892e-01
   1.0000000e+00   4.2500992e-01  -1.5954377e-01   1.2978256e+00   7.4323006e-01   2.9708283e-01   2.1355901e+00
   2.0000000e+00   6.4618915e-02   7.9734233e-01   6.3865223e-01   5.2518051e-01  -2.5458174e+00   2.3073214e+00
   2.0000000e+00   1.0823788e+00   8.3594488e-01   9.8189379e-01   7.5820869e-01  -1.4905651e+00   6.2300539e-01
   2.0000000e+00   1.3192036e+00  -1.6088791e+00  -1.5998920e+00  -6.5587425e-01  -4.3683685e-01  -1.8269765e-01
   2.0000000e+00  -1.3480330e+00  -9.3759978e-01  -3.2966062e-01  -1.2692994e+00   6.9390606e-01  -6.4574904e-01
   2.0000000e+00  -1.6821077e-01   9.4507541e-01  -6.6405033e-01  -8.9872881e-02   4.9087090e-01  -6.1804946e-01
   2.0000000e+00  -7.7173892e-01  -1.2026260e+00   9.3551961e-01   6.5822609e-01   8.7201854e-01  -1.7147027e+00
   1.0000000e+00   3.1589285e-01  -1.5906708e+00   1.0698452e+00   6.8378431e-01  -7.1977809e-01  -3.7150542e-01
   2.0000000e+00   1.6803344e-01  -3.6668624e-01   1.3464276e+00  -4.7775185e-01  -1.3339434e+00   7.2596090e-02
   2.0000000e+00  -4.7917012e-02  -2.4300428e-02   1.3599725e+00  -6.4918398e-01  -3.7876412e-01  -9.5585369e-02
   1.0000000e+00   1.2578864e+00  -9.5597210e-01   1.1548751e-01   3.1927380e-01  -6.5945756e-01  -3.4496097e-01
   2.0000000e+00   1.4241426e-02  -1.6406771e-01  -7.2092704e-01  -2.1242765e+00  -1.4183465e+00   2.9774607e-01
   2.0000000e+00  -1.7451957e+00   1.1064594e+00  -9.9123212e-02  -1.0750031e+00   9.6871739e-01  -7.7392513e-01
   2.0000000e+00  -7.0461413e-02   1.2592067e+00  -1.1096104e+00   1.2749282e+00   1.9459200e+00  -2.1318125e-01
   2.0000000e+00   7.9096055e-01  -1.7840116e+00  -2.4197158e-01  -1.1081073e+00  -1.0755170e+00  -1.9003361e-01
   2.0000000e+00  -1.2739664e+00  -1.0804681e+00   1.1523359e+00  -7.1043129e-01  -1.9455416e-01  -9.8058048e-01
   2.0000000e+00  -1.0019712e+00  -1.4736631e+00  -1.2692341e-01  -7.8090417e-01  -1.2596260e-01   6.9984121e-01
   2.0000000e+00   7.5116750e-01   1.2800729e+00   1.2612922e+00   2.4642369e+00   8.8418156e-01  -9.6372121e-03
   2.0000000e+00  -1.8655349e+00   1.5781154e+00  -1.2307180e-01   5.7838181e-02   1.4197065e+00   1.6819591e+00
   2.0000000e+00  -1.4512975e+00   6.3914776e-01   5.0103220e-01  -1.6892414e-01  -1.1314905e+00  -1.2129679e+00
   2.0000000e+00   1.4247641e+00  -1.4637860e+00   1.1484549e+00   1.4360057e+00   9.2516479e-02  -6.7810252e-01
   2.0000000e+00  -1.4856797e-01  -9.3536641e-02   1.2124836e+00   1.0927869e-01   2.9560775e+00  -4.3870364e-02
   2.0000000e+00  -4.6877158e-01  -1.1971177e-01   2.2804066e-01   1.1518531e-01  -1.0325178e+00   1.5598580e+00
   1.0000000e+00   1.3432860e+00  -6.4025528e-01   4.7466540e-01   5.3843583e-01  -3.5839789e-01  -2.3374289e-01
   2.0000000e+00   6.9370146e-01  -6.9718066e-01   5.8125024e-01  -1.0479111e+00   1.8692753e+00   9.1755567e-02
   2.0000000e+00   1.2498284e+00  -6.7293434e-01   3.2784996e-01  -8.7157109e-01   1.7101374e+00   1.9301748e-01
   2.0000000e+00   5.2972254e-01   1.2688460e+00  -1.2893298e+00   6.0664554e-01   2.1683443e+00   2.5906805e-01
   2.0000000e+00   1.0906721e+00  -7.2077469e-01   1.0747843e+00  -4.8212887e-01  -2.8643277e-01  -2.6298307e-01
   1.0000000e+00   1.8486457e+00  -1.9379908e-01  -9.9101520e-01   1.1275679e-01  -4.2877924e-01   3.4432855e+00
   2.0000000e+00   3.8955809e-01  -6.1818026e-01   1.3191658e+00   1.0858673e+00  -1.9221369e+00  -1.7756430e+00
   2.0000000e+00  -9.2793647e-01   3.7623405e-01   3.9333855e-01   2.1426995e+00   1.3805046e+00   1.4251373e-01
   2.0000000e+00  -2.3332600e+00  -4.2130541e-01   3.8523259e-01  -1.8313053e+00  -1.5620455e+00  -1.4209125e-02
   2.0000000e+00   1.1838067e-01  -1.3090085e+00   5.4697193e-01  -4.1683484e-01   6.7062646e-01   6.7467260e-02
   2.0000000e+00  -1.5957794e+00  -1.4482072e-02   1.1247633e+00  -8.3829769e-01  -1.8956674e-01  -3.2614996e+00
   2.0000000e+00  -8.6057117e-01   4.3543942e-01  -1.4072355e+00   4.8948143e-01  -1.0835519e+00  -1.1091677e+00
   2.0000000e+00   1.5218135e+00  -1.5447009e-01  -3.6496946e-01  -1.3320232e-01  -1.5702391e+00  -3.9228304e-01
   2.0000000e+00   1.0439976e+00  -1.3672791e+00  -6.4720615e-02  -1.5112113e+00   1.7399951e+00   1.2884629e+00
   2.0000000e+00   1.8319958e+00  -9.9403769e-02  -1.6177411e+00  -6.2898132e-02  -1.8075758e+00  -7.4913540e-01
   2.0000000e+00  -5.1146351e-01  -6.9177385e-01  -8.7782775e-01   2.0682848e+00  -2.2127778e-02  -1.5650864e+00
   1.0000000e+00  -7.5586490e-01   5.5890990e-01   6.7047792e-01   4.1166795e-01  -3.9865500e-01   1.2439009e+00
   2.0000000e+00  -2.7811099e+00  -8.1523784e-01   1.3468495e-01   9.2108590e-01   1.0880194e+00   1.1517496e-01
   2.0000000e+00   8.8112418e-01  -2.3933143e-01   7.2057442e-01  -5.5645009e-02   2.2563501e-01   1.9996868e+00
   2.0000000e+00   8.2025796e-01  -5.9322897e-01  -3.5795383e-01  -3.5950966e-02  -5.9853870e-02   1.9962004e-02
   2.0000000e+00  -8.9682476e-01  -8.8840882e-01   3.0600716e-01   1.1171702e+00   4.1856609e-01  -1.1549502e+00
   2.0000000e+00   3.3697319e-01   9.8866476e-02   8.5856223e-01   1.0478742e+00   5.3656918e-01   3.8091240e-01
   2.0000000e+00  -6.2645725e-01   1.0748473e+00   2.0708047e+00  -2.5402799e-01   4.2528572e-01   1.8374314e-01
   2.0000000e+00  -2.4481492e-01   4.0190766e-01   2.5723297e-01  -7.4029806e-01  -1.4315898e+00   1.7872353e+00
   2.0000000e+00  -7.0827899e-01   2.4894086e-01  -5.6922950e-01  -5.5647200e-01   5.8435141e-01  -1.0157172e+00
   2.0000000e+00   1.4208490e-01   2.9665117e+00  -7.1658225e-01  -5.4676610e-01   1.2050598e+00   6.6226029e-01
   2.0000000e+00   5.0425120e-01   5.3121953e-01   8.0901724e-01  -1.3117413e+00   9.1412525e-01  -2.3851840e+00
   2.0000000e+00  -1.9387668e-01   2.3064113e-02   3.2577215e-01   1.0427092e+00   4.9274333e-01  -8.1721574e-01
   2.0000000e+00  -5.4755160e-01  -3.0156072e-02  -7.2217068e-01  -2.2205771e+00  -6.5217227e-01   9.4089886e-01
   1.0000000e+00   6.4450504e-01   1.2725235e+00  -4.2498150e-01   4.5362888e-01  -3.3480403e-01  -2.8706202e-02
   2.0000000e+00   1.3801352e+00  -1.5465494e-01   1.9010059e-01  -1.8812919e-01   1.2429067e+00  -1.7598260e+00
   1.0000000e+00   2.9752480e-01   4.9285668e-01  -1.0467266e+00   7.5833398e-01  -1.6215906e-01  -1.6194297e+00
   2.0000000e+00   4.0639566e-01  -9.4122419e-01   1.1174395e+00  -1.4971748e+00   1.3288184e+00  -1.5513987e+00
   2.0000000e+00   4.1180516e-01   6.5324629e-02   1.4951471e+00   6.1384165e-01   1.0008055e+00   3.0536295e+00
   2.0000000e+00   3.1752062e-01  -1.7935943e-03   5.8010955e-01  -4.0474696e-01   7.0073371e-01   2.2285116e+00
   2.0000000e+00   8.1386847e-01  -9.6431041e-01   1.3544087e+00   8.8251793e-01  -1.0916600e+00  -4.0842291e-01
   2.0000000e+00  -1.0051142e+00  -6.9309770e-02   7.9553526e-01   1.0871540e+00   3.9132940e-01   2.0753690e-01
   2.0000000e+00   6.0273169e-01   5.7470591e-01   8.9263956e-01  -3.9351192e-03  -7.3487807e-01  -2.2211986e-01
   2.0000000e+00  -5.4564108e-01   7.7363719e-01  -3.4814621e-04   1.2490411e+00   9.6669504e-01   5.2782810e-01
   2.0000000e+00  -2.5098257e-01   9.9923552e-01  -6.1997869e-01   2.4922773e+00  -1.6459741e+00  -1.9626756e+00
   1.0000000e+00  -1.0755114e+00   4.8969729e-01   9.7331204e-01   1.9025630e-02  -6.7087865e-01  -1.0378455e+00
   1.0000000e+00   1.6283190e+00   4.0717563e-02   1.7378678e+00   6.9158179e-01   6.3196223e-01   2.5834130e+00
   2.0000000e+00  -1.4683401e+00   5.9890902e-01  -1.5511169e+00   1.2573541e+00  -1.3441443e+00   2.3098013e-01
   2.0000000e+00  -1.4917962e+00  -1.1953944e-01   1.3479513e-01  -7.7229115e-01   5.6931882e-01  -4.0939506e-01
   2.0000000e+00  -1.8395845e+00  -5.7775051e-01   7.8807890e-01   4.2496205e-02   1.2886433e+00   3.4631525e-01
   1.0000000e+00   1.8004625e-01   1.7125353e+00   9.9342268e-01   9.4882050e-01  -6.1995325e-02   3.9157377e-01
   2.0000000e+00   1.2862636e+00   1.2173222e+00  -4.2159419e-01  -1.0310003e+00   2.2266273e-01   1.3295143e+00
   2.0000000e+00  -4.3273287e-01   9.6115288e-01   4.1129547e-01  -5.3897675e-01  -5.6653112e-01   1.0063540e+00
   2.0000000e+00   1.3367877e+00  -9.8011342e-02   2.8439016e-01  -2.9618827e-01  -3.4298704e-01  -1.5847062e+00
   1.0000000e+00   1.2275868e+00   8.7286952e-01  -1.3161774e+00   7.3537259e-01  -5.7674794e-01   1.0361338e-01
   2.0000000e+00   2.5045496e-01   4.0308571e-01  -5.9113485e-01  -2.0240729e+00  -1.6263099e+00   7.9355895e-01
   2.0000000e+00   1.3141813e+00   8.4915365e-01   1.2933291e-01  -8.2011745e-01   1.3268116e+00   1.8027317e-01
   2.0000000e+00   1.1092215e+00   7.2594332e-01   6.2035256e-01  -9.6393967e-01  -9.6651549e-01   4.4659444e-01
   2.0000000e+00  -1.4332400e+00  -2.4122835e+00   1.3515916e+00   3.4182663e-01   9.9047022e-01  -4.7437858e-01
   1.0000000e+00   1.2763759e+00   8.8253237e-01  -1.1235369e+00   8.0529891e-01   2.8067030e-01   3.7405834e-01
   1.0000000e+00  -1.4271066e-01  -4.7010176e-01  -1.5052368e-01   3.5818345e-01  -7.2201758e-01   4.1959676e-01
   2.0000000e+00   1.5849487e-01  -1.1511735e+00   1.4660948e+00  -1.1360906e+00  -1.2251368e-01   7.7122961e-01
   1.0000000e+00  -5.9317647e-01   3.0856883e-02  -1.0058188e-01   8.5672247e-01  -3.6219693e-01   1.8216538e+00
   1.0000000e+00  -1.8268607e+00  -1.9244113e-01  -2.9609613e-01   5.8615546e-01   6.5832243e-01  -6.6415199e-01
   1.0000000e+00  -4.9553865e-01  -1.0447945e+00  -7.3112478e-02   7.2039750e-01  -2.2864555e-01  -1.6851243e+00
   1.0000000e+00  -1.0434279e+00   6.1869075e-02   3.6309935e-01   2.0321045e-01  -5.5287758e-01   8.2712685e-01
   2.0000000e+00   2.4969371e-01   8.1950506e-01  -2.0476991e-01  -1.6993316e+00   7.9564958e-01  -4.8066327e-01
   2.0000000e+00  -1.6802169e+00   4.1535341e-02  -9.1788914e-01   7.6556423e-01   9.7597334e-01  -1.0489272e-01
   2.0000000e+00  -7.5527100e-01  -4.1263329e-01   1.9104126e+00  -1.0386516e+00   2.0492736e+00  -4.5747553e-01
   2.0000000e+00   9.5146795e-01  -4.2808018e-01   2.2351992e+00   2.0692624e+00   6.9607666e-01   3.3105923e-01
   1.0000000e+00  -1.2029429e+00  -8.8785316e-01   3.4775457e-01   4.5772251e-01  -3.4141842e-01   1.0744775e+00
   2.0000000e+00   1.3296854e+00   2.6813350e-01   4.8014033e-01  -6.2205872e-01   3.9380700e-02  -2.7114538e-01
   2.0000000e+00  -2.3665144e-01  -6.4242769e-01  -9.3331494e-01  -4.8265403e-01  -3.4871657e-01   2.2720519e-01
   1.0000000e+00  -4.1887322e-01   8.1251801e-01   3.2432413e-01   9.0648080e-01  -5.3573936e-02  -1.0228408e+00
   1.0000000e+00   1.3064974e-01  -1.3820596e+00  -4.9257355e-01   7.0824570e-01   3.3866783e-01  -7.0010330e-01
   2.0000000e+00  -7.3048176e-01  -3.1016770e-01  -7.3752016e-03  -1.2257462e-01   2.7812643e-01   1.4506190e+00
   1.0000000e+00   6.9615570e-02   1.5572824e+00   1.1409946e-01   2.0471047e-01  -9.6280869e-01   1.5385826e-01
   2.0000000e+00   2.9405546e-01   1.0330672e+00   1.8095819e-01  -5.2048417e-01   7.6717874e-01   1.4874788e+00
   2.0000000e+00  -9.3325447e-01   6.6648866e-01  -1.1876035e+00  -2.1051692e-01  -5.8844858e-01   1.6020027e+00
   2.0000000e+00  -1.7187958e+00   1.9404445e+00   2.3651844e+00   8.4343265e-01   1.1151689e+00  -2.1542902e-01
   2.0000000e+00  -4.4036597e-01   6.3057540e-01  -1.3719056e+00   1.4801378e+00   2.9473793e-01  -1.3777632e+00
   2.0000000e+00   5.4135968e-01  -2.5509547e-01  -6.5090465e-01   5.7227650e-01  -8.5266681e-01  -1.5473640e+00
   2.0000000e+00  -1.7301458e+00   2.4293418e-01   4.4339533e-01   1.6729526e+00   3.1804857e-01  -2.2411516e-01
   1.0000000e+00  -1.9815611e+00  -4.1882108e-01  -2.6876307e-01   7.3496361e-03  -4.8498283e-01  -7.5831597e-02
   2.0000000e+00  -2.3422658e+00   4.2733547e-01  -5.3179131e-01   1.7313390e+00  -1.5024404e-01   1.0310648e+00
   2.0000000e+00   9.3716264e-01   2.2528924e+00   1.6946422e-01  -1.1323600e+00  -4.8880876e-01  -1.3932424e-01
   2.0000000e+00  -1.0482057e+00   5.0359304e-01  -1.1342992e+00  -3.7584953e-01   8.9084348e-01   3.8706944e-01
   2.0000000e+00   2.0002851e+00   9.0157595e-01  -5.2464226e-01   1.7466617e-01   1.1742147e+00   8.9718070e-01
   2.0000000e+00  -1.2517927e-01  -3.4329293e-01   9.7966939e-01   1.7949057e+00  -1.9643122e+00   1.0386349e-01
   2.0000000e+00   1.4856566e-01  -1.7170676e+00  -3.9664365e-02  -2.1900635e+00  -3.1543621e-01   1.2564709e+00
   2.0000000e+00   1.0864933e+00   9.9136866e-01   1.8508411e-01  -6.9001205e-01   2.1066272e+00   9.3209100e-01
   2.0000000e+00   6.2933002e-01   2.1288922e-01   6.4852874e-01   8.7455987e-01  -1.0047417e+00  -3.4105101e-01
   2.0000000e+00   2.1238446e-01  -1.9386640e+00  -2.4615051e-01  -1.5106596e+00  -1.0390076e+00   6.5762385e-01
   1.0000000e+00  -7.8339710e-02  -6.4229490e-01   9.6464252e-01   6.9334575e-01   6.0787862e-01   1.6867775e+00
   2.0000000e+00   7.0255490e-01  -1.8327685e+00  -8.2871473e-02  -3.3056947e-01   4.0239897e-01   1.5809635e+00
   2.0000000e+00  -4.7213566e-01   4.7817790e-01  -1.9425168e-01  -1.7630262e+00   2.7132143e-01   3.6304482e-01
   2.0000000e+00  -5.0988975e-02   1.0509416e+00  -3.6014639e-01  -1.1106467e+00  -1.9871469e-01  -1.2754341e+00
   2.0000000e+00   1.8879635e+00   2.3446097e+00   5.2713585e-01  -1.1721362e-01   1.0425644e+00  -6.8315905e-01
   2.0000000e+00  -7.1236570e-01   8.2040283e-01   1.1005145e+00  -7.7214591e-01   5.9062789e-02  -3.0087023e-02
   2.0000000e+00   1.4443067e+00   9.3415327e-01  -1.4780700e+00  -1.1333066e+00   3.0723614e-01   3.1175621e-01
   2.0000000e+00   1.1629310e-02   1.0251502e+00   5.8444971e-01  -2.9603568e-01   1.2668545e+00   1.0513647e+00
   2.0000000e+00  -4.9529067e-01   2.1617219e+00  -1.3082234e+00   4.6263798e-01   1.2402092e+00   1.4659614e+00
   2.0000000e+00  -2.2987452e+00  -8.1244574e-01  -4.9701701e-02   5.9262974e-01   8.6700736e-01   1.4890840e-01
   2.0000000e+00  -1.5379636e+00  -1.4265571e+00  -2.2682602e-02   1.5015237e+00  -1.5212379e+00  -3.1479933e-02
   2.0000000e+00  -2.3692370e-01  -1.7057762e-01  -2.1068871e-01  -1.2948659e+00   3.1063008e-01   1.0155459e+00
   2.0000000e+00  -1.8562680e+00  -1.2708567e+00   9.7157062e-01   1.9223821e-01  -1.1661765e+00  -1.6375920e+00
   2.0000000e+00  -2.0632747e+00  -4.7838092e-01  -1.8684696e-01   3.7934747e-01   4.5284324e-01   2.0389430e+00
   1.0000000e+00  -9.7142455e-02   3.0841217e-01  -7.6117653e-01   5.1111510e-01  -3.8149787e-01  -6.7278907e-01
   2.0000000e+00   8.7486892e-01  -1.1566105e-01   2.8551822e-01   8.3021334e-01   1.3872906e+00  -5.2945962e-01
   2.0000000e+00   3.2473553e-01  -2.8897865e-01  -3.3371469e-01  -5.6868960e-01  -8.2411161e-01  -1.4816732e+00
   2.0000000e+00  -1.3059342e+00   7.1656410e-01  -2.4395413e-01  -8.1906541e-02   4.6367081e-01  -1.6413885e+00
   2.0000000e+00   5.4492128e-01   6.5179610e-01  -9.4289799e-02   6.6245263e-01  -8.7495644e-01   7.8807623e-01
   2.0000000e+00   2.6808998e-01  -2.6285677e-02  -2.0934856e+00  -9.8769106e-01  -7.4665802e-01   8.4879489e-01
   2.0000000e+00   1.4506234e-01   2.1855961e+00  -5.7999447e-01   1.4988053e+00   1.2323259e-01   6.3954837e-01
   1.0000000e+00   1.1126757e-01   2.6574015e-01  -1.1680288e+00   3.0285254e-01  -8.6840133e-01  -6.7329511e-01
   2.0000000e+00   3.3477966e-01  -6.1956312e-02   2.9624487e-01  -6.1893593e-01  -7.4931286e-02   5.9842092e-01
   2.0000000e+00   3.3715476e-01   3.4872158e-01   6.5243982e-01  -9.5294033e-01  -4.5638574e-01  -6.5634247e-01
   1.0000000e+00   6.2674139e-01  -1.8867225e-01  -2.0241280e-01   3.9987831e-01  -2.0011497e-01   5.3448151e-01
   2.0000000e+00   5.5773988e-01   4.7804456e-01   1.0777430e-02   1.2115073e+00  -1.9764554e-01   8.1342281e-01
   1.0000000e+00  -2.8726864e-03  -6.7169553e-01  -8.1110328e-01   6.3925405e-01  -4.8833551e-01   4.0696996e-01
   2.0000000e+00   2.3526379e+00  -1.3618854e+00  -4.3697459e-01  -7.3708807e-01  -1.3904861e+00   1.6613299e+00
   2.0000000e+00   3.9041428e-01  -2.7919044e+00  -1.2593520e-01   1.8184754e+00  -2.1748152e-01   8.6037556e-01
   2.0000000e+00  -6.5323008e-01   1.9388576e+00  -1.2306220e+00  -2.0400302e-01  -4.9493756e-01  -2.1550131e-01
   2.0000000e+00  -8.7169569e-01   7.2099467e-02  -1.0606695e+00  -4.2007914e-01  -5.7796748e-01  -1.6146607e+00
   2.0000000e+00  -5.4823974e-01  -8.2236998e-01   1.0096758e+00  -2.9291823e-02   1.1910606e+00   1.3049483e+00
   2.0000000e+00   5.8398750e-02   1.2381928e+00   6.2717092e-01  -3.3503252e-01   3.4653095e-01   1.1893544e+00
   2.0000000e+00  -4.1994864e-01   5.0853280e-01   9.9046463e-01  -6.3705908e-01   8.6304091e-01  -1.2261623e+00
   2.0000000e+00  -8.7074486e-01  -3.4188020e-01  -1.8297439e-01   2.1449056e+00  -7.7632022e-01  -2.7742314e+00
   2.0000000e+00  -5.1341882e-01   1.6805713e-01   1.5155012e+00  -2.2456140e+00  -4.8145483e-01   5.5003327e-02
   1.0000000e+00   3.9376843e-01   5.3390241e-01  -5.6163155e-01   5.5564148e-01   7.1129902e-02   1.0651839e+00
   2.0000000e+00   2.4746391e-02   1.0071046e+00   3.6820114e-01  -1.0991422e+00   7.2210327e-01   2.5035564e+00
   2.0000000e+00  -7.3006462e-01  -7.0376338e-01   4.3365051e-01  -8.2573119e-01   1.1098181e+00  -3.1640931e-01
   2.0000000e+00   8.0818605e-01  -1.3140564e+00   4.0000278e-02   8.3412194e-02  -2.2358874e+00  -5.0749968e-01
   2.0000000e+00   5.5832287e-01   4.5080735e-01  -3.0013564e-01   1.8805731e-01  -1.2388442e+00   5.3764893e-01
   1.0000000e+00   1.0691832e-01  -2.3256311e-01  -1.6191868e+00   2.3181740e-01   7.7942980e-01  -4.3592944e-01
   1.0000000e+00  -8.1290017e-01   9.6886320e-01   3.7058057e-01   4.2378143e-01  -6.3937739e-01  -5.4725887e-01
   2.0000000e+00  -1.5190836e-01   9.7197741e-01   6.8886944e-01  -6.5202286e-01  -4.8252070e-01  -1.5272950e-01
   2.0000000e+00  -1.1055779e+00  -1.9923790e+00   9.3034298e-01  -4.8741518e-01  -6.5885204e-01  -5.4899227e-01
   1.0000000e+00  -3.8369090e-01   1.3030055e+00   1.4075368e+00   2.1869844e-01  -9.4950341e-02   8.7463834e-01
   2.0000000e+00  -8.1559390e-01  -8.7458498e-01  -2.4266992e+00  -2.0350523e-01   2.4109226e-01  -6.7560899e-01
   2.0000000e+00  -2.4982046e-01  -9.2864902e-01  -2.1477421e-01  -1.0699485e-02   1.0282054e-01  -1.0043095e-01
   2.0000000e+00  -8.2015729e-01  -1.6780379e+00   1.1232763e+00   1.2112211e+00  -2.6365713e-02   3.8460477e-01
   1.0000000e+00  -2.0755321e-02  -1.3865646e-02  -1.2027063e+00   6.7330553e-01  -3.7634300e-01  -4.5426252e-01
   2.0000000e+00   8.0440110e-01  -2.3198447e-01   5.8269750e-01  -3.6126541e-01   5.1138842e-04  -4.0840264e+00
   1.0000000e+00   8.0844723e-01  -3.7071721e-01  -6.6619711e-01   1.4339329e-01   8.4568882e-01   2.8529989e-01
   2.0000000e+00   8.2968855e-01   2.2979647e+00   2.6173667e-01   1.5313414e+00   4.0769838e-01  -5.8543807e-01
   2.0000000e+00   9.2599425e-01   6.1812190e-01   5.3158182e-01  -2.4692200e-01   7.2593861e-01   5.5504360e-01
   2.0000000e+00   1.2922886e+00   4.7102337e-01   2.1495896e-01   3.2112606e-01  -1.0211238e+00  -1.4523977e-01
   2.0000000e+00   1.5500517e+00  -1.6392765e-01   2.5004609e-01   1.6090550e+00  -1.5907405e+00  -5.1933265e-01
   2.0000000e+00   1.3372302e+00  -4.1057483e-01   1.9557306e+00  -3.1681929e-01  -1.1009436e+00   1.1067025e+00
   2.0000000e+00   3.4348525e-01   6.1077352e-01  -1.4999410e+00   9.2711203e-01  -8.1263764e-01   4.5390418e-01
   2.0000000e+00  -1.5515534e+00  -1.2040177e+00   1.5177080e-01  -1.5939095e+00  -1.6721058e+00   1.0514988e+00
   1.0000000e+00   1.5003902e+00  -1.9498591e-03  -4.1506596e-01   7.4343107e-01  -6.4378322e-01  -2.2704708e+00
   2.0000000e+00  -1.8237332e+00   1.7216710e+00  -6.4317305e-02  -7.7281081e-02   6.1452206e-01   1.1572420e+00
   2.0000000e+00  -8.1176522e-03   1.4619579e+00  -5.7866077e-03   1.9396298e+00   2.1774997e+00  -6.3219265e-01
   2.0000000e+00   2.7241757e+00  -1.0685038e-02   3.5831976e-01   6.4881381e-01   3.0713044e-01  -7.5870794e-01
   2.0000000e+00   5.8389495e-02   8.7464273e-01   1.7112753e-01  -5.9821970e-01  -1.8105355e+00   4.1813964e-02
   2.0000000e+00   9.3935266e-02  -1.0941886e+00  -4.2519607e-01  -1.5262666e-01  -1.8004676e-01   7.2493868e-01
   2.0000000e+00  -1.5664188e+00  -1.8585253e-01  -1.3071223e+00  -5.8678649e-01   6.4998592e-02   1.4816942e-01
   2.0000000e+00   6.8054099e-02   1.1347518e+00   1.9994755e-01  -1.3879376e+00   1.2473443e-01  -9.4575257e-01
   2.0000000e+00   2.0973768e-02   2.5935560e+00   1.2553646e+00   2.6075498e+00  -9.9842904e-01   3.6519340e-01
   2.0000000e+00   4.3732580e-01   2.7937977e-01   1.0033849e-01  -9.6563990e-01  -1.2526579e+00  -8.4838005e-01
   2.0000000e+00   1.2971539e+00  -5.4433772e-01   4.7508716e-01  -7.2726684e-01   1.3918114e-01  -8.5759764e-01
   2.0000000e+00   4.5849014e-01   1.6003382e+00  -2.0657827e+00  -8.3297691e-01  -1.0437996e+00  -2.4261261e+00
   2.0000000e+00   1.7648257e+00  -9.3709080e-01  -7.8215703e-01  -8.6349080e-01   1.4801165e+00  -7.3637161e-01
   2.0000000e+00  -1.3095066e+00  -9.8274590e-02  -2.2954951e+00   1.4785420e+00  -3.0571961e-01   1.4839261e+00
   2.0000000e+00  -4.7834811e-01  -7.7110892e-01   4.3854335e-01  -6.6805685e-01  -2.1159709e-01   5.0641475e-01
   2.0000000e+00  -1.8823025e-02  -1.5096432e+00  -1.7601902e-01   2.0959927e+00   1.5087100e+00   8.6862587e-01
   2.0000000e+00  -1.7828165e+00  -3.0548469e-01  -6.2096546e-01  -5.6089060e-01   1.3149831e-01   8.6029055e-01
   2.0000000e+00   6.7603262e-01   2.0654245e-01  -1.5548606e+00   1.6257764e-02   1.1045233e+00  -1.2187456e+00
   2.0000000e+00  -2.9110920e-01   9.9244747e-01  -1.8391137e-01   5.7703935e-01  -9.1664696e-01   8.4057280e-01
   2.0000000e+00   1.1376985e+00   1.1604364e-01   1.9197844e-01  -1.5244421e+00  -1.6163010e-01   2.1384786e+00
   1.0000000e+00  -1.3541339e+00  -1.2211314e+00   2.0261476e+00   4.6205378e-01   5.9431653e-01   1.8785940e+00
   1.0000000e+00   1.3112711e+00   4.2110116e-01   1.0022993e+00   7.2597802e-01   1.0252412e-01  -1.2132217e+00
   2.0000000e+00   3.4897812e-01   2.5300371e-01  -1.1564160e+00  -1.2515639e+00   3.0981138e-01   1.2283759e-01
   2.0000000e+00   1.6768024e-02  -2.5373437e-01   2.4534464e-01   1.0818055e+00  -6.3589547e-01  -3.9093942e-02
   2.0000000e+00   1.3755230e-01  -2.8819883e-01  -4.0278943e-01  -1.5792945e+00   7.7207904e-01  -8.4733387e-01
   2.0000000e+00   1.2320210e+00   3.0610199e-02   9.0319034e-01  -7.1758872e-01   7.3334578e-01   7.8163571e-01
   1.0000000e+00   7.8590780e-01   1.9476063e+00   1.5139703e+00   2.3542982e-02  -5.4654016e-02   1.6062316e+00
   2.0000000e+00  -9.4258433e-02  -1.4073561e-01   1.7383534e+00   1.0627751e+00   1.0216356e+00   1.1519391e+00
   1.0000000e+00   1.2218133e+00   5.5480247e-01   1.3653723e+00   8.0064573e-01  -3.3865643e-01  -1.9366955e+00
   2.0000000e+00   7.1844431e-02  -1.3228406e+00  -1.2293512e+00   2.2890218e+00   1.1385553e+00   3.3277614e-01
   2.0000000e+00  -5.2593946e-01  -1.0479537e+00   6.5275256e-01   1.5165750e+00  -7.9813879e-01   6.1621482e-02
   2.0000000e+00   1.1987274e+00   1.4695218e+00  -1.5343481e+00   1.2911553e+00   1.6401969e-01  -9.0003359e-01
   2.0000000e+00   1.1805895e-01   3.2837285e-01   4.9703496e-01  -4.1413894e-01  -1.1691324e+00  -1.9228386e+00
   2.0000000e+00   9.8882038e-01   4.6910287e-01  -9.8452586e-01   3.9787507e-01  -9.6204869e-01  -5.6157881e-01
   2.0000000e+00  -2.0124319e+00   5.0802142e-01  -9.5544653e-01   2.0406430e+00   6.9146920e-01   6.6114928e-02
   2.0000000e+00   1.2281070e+00  -1.2487638e+00   4.8725939e-01  -1.2976738e+00   2.3158041e-01  -9.8819056e-01
   2.0000000e+00   1.2061678e+00   4.9894603e-02   4.7404881e-01   8.5394555e-01   1.2099495e+00  -2.0266089e-01
   2.0000000e+00  -1.9298174e+00  -1.5763833e-01  -9.7065155e-01  -8.8822057e-01  -1.6434052e+00   1.3561089e+00
   2.0000000e+00   1.1673626e+00  -1.1667711e+00   3.8281340e-02  -1.2574717e+00   1.5905904e-01  -5.9105844e-01
   1.0000000e+00  -1.4451333e+00  -9.2875349e-02   1.0633504e+00   2.5224892e-01  -2.3487638e-01  -2.8387111e-01
   2.0000000e+00  -7.8658836e-01   2.4093665e+00   1.0022862e+00  -5.0396866e-01  -6.5198090e-01  -5.0602704e-01
   2.0000000e+00   4.8636614e-01  -1.9601662e-01  -2.5801137e-01   1.4517887e+00   1.4559096e+00   9.1871905e-01
   2.0000000e+00   2.7641052e-01   6.4021065e-01  -4.2967058e-01  -1.5257023e-01   1.3324497e+00  -1.0613936e+00
   2.0000000e+00   9.8903016e-01  -2.2120792e-01   9.8515562e-01  -6.4102354e-01  -7.5246873e-01   3.6946800e-01
   2.0000000e+00   1.9143480e-01   3.0614624e-01   8.2539898e-01   1.0736254e+00   2.2749779e+00  -3.9904554e-01
   2.0000000e+00   8.2027327e-01   4.6126610e-01   2.3648730e-01   1.4298725e+00  -1.7688215e+00   1.5282776e+00
   2.0000000e+00   1.1614147e+00  -2.3106398e-01  -5.8327935e-01  -9.7725213e-01   1.3383211e+00  -2.1390977e+00
   1.0000000e+00   6.6599958e-01  -7.7923625e-01  -5.4478339e-01   8.6491418e-01   1.8261592e-01   8.5161285e-01
   2.0000000e+00  -2.5660566e+00  -6.4677151e-01  -8.7999037e-01  -1.5383176e+00   2.2427351e-02  -3.0590740e-01
   2.0000000e+00   1.0320168e+00   2.0824247e+00   5.0494695e-01  -1.0948670e+00  -5.1276406e-02  -1.0679251e+00
   2.0000000e+00   2.0386939e+00  -6.5999683e-01   1.1109153e+00   2.7155231e-01  -5.8690754e-01  -5.0670386e-01
   2.0000000e+00   5.4736227e-01  -4.3653755e-01   2.3908502e-01  -1.3355076e+00  -4.6916627e-01  -8.2484320e-01
   1.0000000e+00  -7.4911541e-01  -1.0999933e+00  -6.2158517e-02   8.3957027e-01  -3.9183489e-01   9.8115881e-01
   1.0000000e+00   2.9982648e-01  -1.8641152e-01   2.0074207e+00   3.6608333e-01   7.4805474e-01   2.5520284e-01
   2.0000000e+00   1.3892330e+00  -8.4778086e-01   1.1053189e+00   5.3213198e-01  -1.1194534e+00  -5.4659644e-01
   2.0000000e+00  -1.5048828e+00   1.0286655e+00   2.0364627e+00  -1.7464581e+00   1.3426875e+00  -5.0865628e-01
   2.0000000e+00  -1.5246519e+00   7.8827923e-01   2.2944913e-01  -2.4307051e-01  -1.2284979e-01   6.8337486e-01
   2.0000000e+00  -9.3247494e-01   1.9796117e-02   3.9448354e-01  -1.8614707e+00  -8.2107311e-01   5.0402449e-01
   2.0000000e+00  -2.6240838e+00   1.0131494e+00  -4.2142511e-01  -3.7942721e-01  -6.4240362e-01  -2.1643917e+00
   2.0000000e+00   6.8317736e-01   3.2094905e-01  -1.5364175e+00   1.4353691e+00   3.4663863e-01   2.3356223e+00
   2.0000000e+00  -4.6515162e-01   6.3017214e-01   8.2056971e-01  -1.2073329e-01  -1.2002301e+00  -2.2570430e-01
   2.0000000e+00  -2.6573723e+00   1.8689748e+00  -1.5612525e-01   4.5272609e-01  -1.0013216e+00  -1.3779170e+00
   2.0000000e+00  -6.5938595e-01  -1.4096992e-01  -1.0644015e+00   1.2653335e+00   1.7858864e+00  -3.6272791e-01
   2.0000000e+00  -3.0683955e-01  -1.2494507e-01  -2.8083859e-01   5.9925143e-01   1.1413065e+00  -1.1265287e+00
   2.0000000e+00  -1.4369271e+00  -3.1225451e-01  -2.5363585e-01   1.3096277e+00   1.4193565e+00  -9.0099786e-01
   2.0000000e+00   1.3173023e+00  -3.2720659e-01  -1.9737688e+00  -6.7598041e-01   8.1573863e-01  -1.5226964e+00
   2.0000000e+00  -8.8369042e-01  -1.2936092e+00   3.7011084e-01  -8.8727052e-01  -6.0100532e-01   1.1269492e+00
   2.0000000e+00  -7.9549834e-01  -1.7418164e+00  -2.8802515e-01  -1.2969040e+00   4.4546074e-01   5.9806084e-01
   2.0000000e+00  -1.7807273e-01  -5.7936290e-01  -1.0789790e-01   2.5264291e+00   5.0603264e-01  -1.1656466e-01
   2.0000000e+00   2.9147571e-01  -2.2187250e-01   2.7750728e-01  -2.0788203e+00  -1.1514352e+00  -1.0366107e+00
   2.0000000e+00  -3.3024764e-01  -9.7821901e-01  -6.4709559e-02  -1.3229023e+00  -1.3746685e+00  -1.0834208e+00
   2.0000000e+00   5.5473290e-01  -9.7250889e-01   6.0623126e-01   6.6471443e-01   1.1358767e+00   1.4755334e+00
   2.0000000e+00  -1.7841915e-01  -5.4444335e-01  -1.4356709e-02  -3.9650570e-01  -9.2300726e-01   6.2388096e-01
   2.0000000e+00   7.2178087e-01   1.5903507e+00  -3.4443352e-01  -2.6280304e+00  -1.0072870e+00  -1.4350101e+00
   2.0000000e+00   6.6598146e-01   8.9865755e-02   9.0505423e-01   2.8636317e-01  -1.1114475e+00   5.2005795e-01
   2.0000000e+00  -1.9667811e+00   1.3156412e-01  -5.6681578e-01  -1.2582251e+00   1.9665652e-01   1.0461739e+00
   2.0000000e+00   1.2910998e+00  -1.4036245e-01   1.8126494e+00  -4.2737925e-02  -6.3391296e-02   7.8707683e-01
   1.0000000e+00  -3.8373263e-02  -1.2747805e+00   1.8039078e-01   4.0991801e-01   1.7573643e-01  -8.2210413e-01
   2.0000000e+00   5.2116613e-01  -1.7374641e-02   6.2001926e-01  -7.4412532e-01  -1.1661511e+00   6.1036120e-01
   2.0000000e+00   9.5556928e-01  -6.7254243e-01   2.4139195e-01  -9.2812538e-01  -1.2543992e+00   1.6228462e+00
   2.0000000e+00  -3.8295367e-01  -1.7511165e+00  -5.5820392e-01  -3.2453278e-01   2.0091271e+00  -1.3834377e+00
   2.0000000e+00   2.9221627e-01   4.3341550e-01  -1.2336008e-04   1.5257480e+00  -1.1375341e-01   6.2745081e-01
   2.0000000e+00  -2.7776801e+00   4.2073917e-01  -4.0758386e-01  -2.4251492e+00  -3.9158698e-01  -5.8766680e-01
   2.0000000e+00   2.1426656e+00  -3.8060072e-01  -1.3997389e+00   8.0575689e-01  -5.6272931e-01  -4.1247836e-01
   2.0000000e+00  -3.7081039e-01  -3.5455767e-01   3.0125493e-01  -2.0192594e-01  -2.5085442e+00  -1.7548218e+00
   1.0000000e+00   7.6498972e-01   7.1293264e-01   2.1319736e+00   1.8467412e-01  -7.7412958e-01   3.5413998e-01
   2.0000000e+00   2.9272265e-01   5.4116496e-01   9.6705915e-01   3.5185456e-01   1.8306321e+00   1.6989387e-02
   2.0000000e+00   3.0896334e-01  -9.0727114e-01   1.2676364e+00   5.2214643e-03   1.7459774e+00   1.2574560e+00
   2.0000000e+00  -2.9784590e-01   1.4819078e+00   1.1997242e+00  -3.3587054e-01   7.3367721e-01   9.4992190e-01
   2.0000000e+00   6.7358377e-01  -1.2881859e+00  -4.6490164e-01   2.7914918e+00   8.2675452e-02  -9.6517703e-01
   2.0000000e+00  -1.2943293e+00   4.0767416e-01  -8.7235306e-01   6.8851215e-01  -1.9043696e+00   3.1841744e-01
   2.0000000e+00   1.3788259e+00   9.9477373e-01  -6.5171771e-01  -5.0730985e-01  -4.4630297e-01   1.2956516e+00
   2.0000000e+00  -7.4245483e-01   1.0406769e+00  -5.3733531e-01  -1.2791639e+00   6.8001376e-02  -1.2473948e+00
   2.0000000e+00  -6.7828242e-01  -1.0163802e+00   6.6160699e-01   5.7554359e-01   1.3960341e+00  -1.9226207e-01
   2.0000000e+00  -1.4586447e-01   1.7290150e-01  -9.0834730e-01  -1.2315726e+00   6.2326681e-01  -7.0907605e-01
   2.0000000e+00  -2.1345446e+00   6.1582265e-01   5.4739996e-01  -1.5241598e+00  -8.8796176e-01   1.1009401e+00
   2.0000000e+00   4.7112835e-01   1.2321303e+00  -4.1091974e-01   3.3554169e+00   9.0574725e-01   5.3528000e-01
   2.0000000e+00  -4.1284901e-02   1.1921944e+00  -1.1923195e+00  -1.5857754e-01  -8.6242823e-01  -4.4405968e-01
   1.0000000e+00  -5.2337604e-01  -2.6171574e-01   4.0284418e-01   4.3707636e-01   5.2457269e-01   6.6083772e-01
   2.0000000e+00   1.0378388e+00  -4.1895858e-01   8.7297954e-01   1.8145636e-03  -1.3379454e+00   1.6313652e+00
   1.0000000e+00  -2.5770464e-02   7.3747022e-01  -1.1756848e-01   9.1643668e-02  -4.2910408e-01   3.3518542e-01
   2.0000000e+00  -1.2652287e+00  -8.1941634e-01   4.3252152e-01  -7.5105502e-01  -7.0196911e-02   1.7585841e+00
   2.0000000e+00   9.1267406e-01   6.4839742e-01  -1.6141209e+00  -1.3838891e+00   1.6687647e+00  -4.7236548e-01
   2.0000000e+00  -9.0489133e-01   1.5506944e+00  -1.1240654e+00   1.1957190e+00  -7.8716024e-01   4.5040751e-02
   1.0000000e+00   6.4247637e-01   1.1012058e-01   1.0071654e-01   7.1616417e-01  -2.0772037e-01   7.7424325e-02
   1.0000000e+00  -1.3786611e+00   3.3242910e-01   6.2084491e-01   4.2283268e-01   7.2998678e-01   4.7792380e-01
   1.0000000e+00  -1.7686893e-01   4.8059137e-01  -1.2276694e+00   3.6324931e-01  -8.2667363e-01  -3.3206404e-01
   2.0000000e+00   1.2724155e+00   5.4416085e-01  -2.3228141e-01   7.0995496e-01  -2.7542915e+00  -9.6805849e-01
   2.0000000e+00  -4.6799719e-02  -9.7908491e-01  -1.5580037e+00  -3.0473704e-02   2.4693442e+00   1.0294205e+00
   1.0000000e+00  -5.8086247e-01  -2.3385285e-01  -2.5075673e+00   4.5578869e-01  -1.4861717e-01  -9.0262324e-01
   2.0000000e+00  -3.0259667e-01   1.8737957e-02   1.1941770e+00   1.4052610e+00  -3.1322031e-01   2.9790112e-02
   2.0000000e+00  -9.7074839e-01  -1.0717270e+00  -2.9773078e-01   2.3711095e+00  -8.7918852e-01   6.6022098e-01
   2.0000000e+00  -2.2674133e-01  -1.4846131e+00   2.1482881e+00  -1.7500682e-01   9.0052509e-02  -1.7390652e+00
   2.0000000e+00  -1.0067954e+00  -4.6640966e-01  -7.1192005e-01  -3.1473802e-01   9.8850715e-01  -1.4443006e-01
   2.0000000e+00  -2.0893520e+00   8.7351827e-01  -1.6655879e-03  -1.0395168e+00   5.0315604e-01   1.8959548e-01
   1.0000000e+00  -4.4090446e-01  -1.9020853e+00  -7.8555964e-03   6.4764898e-01   4.2414645e-01   1.5491172e+00
   2.0000000e+00  -1.2394930e+00  -1.2423888e+00  -5.3984557e-01  -9.7192639e-01  -1.7417904e+00   1.0318558e+00
   2.0000000e+00  -1.7814386e+00  -1.1645234e+00  -1.1926676e+00  -1.4950972e-02   2.7529132e-01  -2.6831453e-01
   2.0000000e+00   2.5712023e-01  -1.5676564e+00  -2.6088252e-01  -1.0838647e+00   8.4988605e-02  -5.4152565e-01
   2.0000000e+00  -2.0214993e+00  -3.6703092e-01   1.0530768e+00  -1.5877130e+00   3.6448700e-01  -8.7190221e-01
   1.0000000e+00   7.2763458e-01  -2.7797634e-01  -5.6548018e-01   3.9979429e-01   1.5893795e-01  -1.1726420e+00
   1.0000000e+00   7.7217247e-01   5.4753812e-01  -8.6133080e-01   5.9662059e-01  -5.6898433e-01   3.3006147e-01
   2.0000000e+00  -2.3497481e-01   8.9654578e-01  -1.5405908e+00  -3.5416222e-01  -2.7001587e-01  -1.8923101e+00
   2.0000000e+00   2.8337504e-01   4.4756958e-01  -1.7863276e+00  -1.3874174e+00   6.8991979e-02   1.0045962e+00
   2.0000000e+00  -1.2670206e-01  -1.8079197e-01  -7.7981826e-01   1.2664274e+00  -3.5718223e-02   1.7306594e-01
   2.0000000e+00   3.0570667e-01  -6.0702374e-01  -1.7738203e-01  -1.0221648e+00   1.0207882e+00  -1.4704750e+00
   2.0000000e+00  -9.4231630e-01  -2.7902268e-01  -1.6903940e+00   6.7494245e-01   2.0501351e+00   1.2969809e+00
   2.0000000e+00   1.0574481e+00   6.4526209e-02   1.9192297e-01  -1.2120465e+00  -2.9628237e-01  -8.4306125e-01
   2.0000000e+00  -3.8026684e-01   8.2587040e-01  -5.5293396e-01  -8.1292602e-01  -1.2663615e+00   3.7579374e-01
   1.0000000e+00   5.9431464e-01   1.2598667e-01   1.7192137e+00   1.8501967e-01   8.1191689e-01   1.4371695e+00
   2.0000000e+00  -6.2277462e-01   3.1994471e-03  -1.4425390e+00  -9.7570321e-02   1.6152938e+00   1.9155027e-01
   2.0000000e+00  -4.4020227e-01   5.4142396e-01   5.8112359e-01  -1.8202128e+00   1.3831484e+00  -5.1310162e-01
   2.0000000e+00   9.6557096e-01   4.3548537e-01  -1.3975095e+00  -4.5965525e-01   9.4239805e-01   1.9155073e+00
   2.0000000e+00   1.1111703e+00   1.2416304e+00  -4.7312922e-01  -1.8681259e+00   1.8716273e+00  -1.4758304e+00
   2.0000000e+00   1.1687570e+00  -3.2540853e-01  -3.4707397e-02  -1.9550450e+00  -1.6610071e+00  -8.0740053e-01
   2.0000000e+00  -1.0330029e+00  -9.2658195e-01  -1.4761693e+00  -1.7747702e-01   2.5191878e+00   9.3976023e-01
   2.0000000e+00   1.2890477e+00  -3.4615221e-01  -2.2677077e+00  -3.1990635e-01  -1.4375106e+00   2.1838337e-01
   2.0000000e+00  -3.8014864e-01  -1.3446582e+00  -9.7041982e-01  -1.7395111e+00  -5.3497084e-01  -1.0487580e+00
   2.0000000e+00   2.1017778e-01   5.7785842e-01   1.6628270e+00  -3.9119512e-01  -2.5298041e+00   3.4860765e-01
   2.0000000e+00   2.8295565e-01  -1.0446477e+00  -9.7359214e-01  -3.7291721e-01  -6.2795437e-01   6.3053652e-01
   2.0000000e+00  -5.5918254e-02  -1.2530922e+00  -1.1910603e+00   2.0480668e-01   3.1792555e+00   5.4467055e-01
   2.0000000e+00   2.0976679e+00  -4.1311409e-01   5.2312238e-01  -8.8678466e-01  -1.2543941e+00   1.9754777e-01
   2.0000000e+00   6.3804251e-02  -2.4279648e+00   1.4021619e+00   9.3664036e-01  -9.1279680e-01  -2.7462137e-01
   2.0000000e+00   1.6961840e-01  -4.8087165e-01  -1.2774107e+00   1.3666872e+00  -1.1396946e+00  -1.1378549e+00
   2.0000000e+00   3.1769914e-01  -7.5635899e-01  -8.8281277e-01  -1.4746509e+00  -2.8699570e-01   5.4364393e-01
   2.0000000e+00  -8.5007769e-02   1.3914399e+00   1.3372619e-01  -7.0005044e-01  -2.6345713e-01  -8.1956926e-01
   1.0000000e+00   7.3643114e-01  -1.0893931e+00  -3.9619336e-01   5.2939500e-01   6.5341015e-01   9.8432234e-01
   2.0000000e+00  -1.8980268e+00  -4.6501379e-02   4.3061206e-01  -5.0987557e-01   4.2019687e-01   9.6074140e-01
   1.0000000e+00  -9.0349892e-01   3.1577462e-01  -1.3854595e+00   5.3175402e-01  -8.0275477e-01   1.2096092e+00
   2.0000000e+00   1.2622731e+00   7.1185183e-02  -4.3006287e-01   8.6179154e-02  -1.1126340e+00  -2.1768625e-01
   2.0000000e+00   1.1407906e-01  -8.8272708e-01   2.3654027e-01   1.6098419e-01   1.6774189e+00   1.2401691e+00
   2.0000000e+00   7.2532083e-01  -9.3588080e-01  -1.4568674e+00  -8.7495984e-02   1.1187842e+00   2.8872672e-01
   2.0000000e+00   1.2602343e+00   5.7947724e-01  -4.9474210e-01  -3.9859534e-01   1.6078344e+00  -1.4451823e+00
   2.0000000e+00   2.4420749e-03   3.2026547e+00   9.6437383e-01  -4.3048468e-01   5.3002482e-01  -1.3103735e+00
   2.0000000e+00   2.1751374e+00  -2.0004122e-01  -4.3332898e-01  -1.8086659e-01   6.5864364e-01   1.4947269e+00
   1.0000000e+00  -1.5617256e+00   7.6616197e-01   3.5369479e+00   3.9872235e-01  -2.7004047e-01   6.7864605e-02
   2.0000000e+00   1.0065554e-01   8.4537098e-01   1.3951952e+00  -7.2492728e-01   1.0819202e+00   4.8157345e-01
   2.0000000e+00  -2.6579036e+00  -2.5463890e-01   3.7362615e-01   4.0338250e-01  -4.5017876e-01   1.9851211e+00
   2.0000000e+00  -9.5473077e-01  -5.6894903e-01  -1.2399666e+00  -1.5437870e+00   1.4094298e+00   3.7980772e-01
   2.0000000e+00  -7.3416084e-01   4.4133591e-01  -1.3148941e+00   3.9504587e-02  -1.9887830e+00   5.7636894e-01
   2.0000000e+00  -5.8795038e-01   7.9751766e-01  -1.9697920e+00  -1.0815027e-01  -1.4021581e+00  -1.5182158e-01
   2.0000000e+00   8.2670069e-03  -4.4707445e-01  -1.1019965e+00  -1.4092891e+00   6.0843567e-01  -5.7277258e-01
   2.0000000e+00   1.0964803e+00  -6.5526363e-01  -8.9250249e-01  -1.9053755e+00   2.1339434e+00   9.0012398e-01
   1.0000000e+00  -4.0617428e-01   4.5235820e-01  -5.6115395e-01   7.8453672e-01  -3.3600641e-01  -9.9110425e-01
   2.0000000e+00   1.0747114e+00  -5.4019370e-01  -9.3807307e-01  -1.0506847e+00   2.7503139e+00  -1.6640774e+00
   2.0000000e+00   5.9381301e-01   1.1896085e+00   1.8753571e+00  -2.0271087e+00  -1.5424977e-01  -2.3804539e+00
   2.0000000e+00   9.9327624e-01  -9.0716098e-01   5.6666698e-01  -1.4090255e-01   5.1907184e-01  -9.3442265e-01
   2.0000000e+00   7.7506840e-01   1.6490108e+00  -9.1236978e-01  -6.3332447e-02  -2.7522691e-01  -1.1686662e-01
   2.0000000e+00   1.2280189e+00   6.9545812e-01  -3.0815909e-01   6.8197675e-01  -2.1058025e+00  -2.3459159e-02
   2.0000000e+00  -7.4275548e-01   2.2816061e-01   9.8274621e-01   1.1089638e+00   2.5668516e-01   1.2583092e+00
   2.0000000e+00   4.0799681e-01   3.3195387e-02   1.2304367e+00  -5.2197171e-02  -1.1657352e+00  -5.5082991e-01
   1.0000000e+00  -7.1917054e-01   2.7347621e-02   1.3466565e+00   6.9774524e-01  -4.6252131e-01   2.0753915e-01
   2.0000000e+00  -1.7195691e+00   6.8733020e-01  -8.6421677e-01   7.9483412e-01   2.2001292e+00   1.1594195e-01
   2.0000000e+00   2.2454743e-01  -8.3375674e-01  -1.8377416e-01   6.7264919e-01  -1.1346441e+00   1.2200014e+00
   1.0000000e+00  -9.9186729e-01   9.1169243e-01   9.6721298e-02   7.3808442e-01   3.5729051e-01   1.1301716e+00
   2.0000000e+00   3.0863826e-01   1.2066100e+00   7.8255873e-01  -2.5944590e-01  -5.4176349e-01  -9.8885305e-01
   2.0000000e+00  -5.8353505e-01  -6.6930407e-01  -5.1480436e-01  -9.8673246e-01  -1.9732610e+00   4.8287680e-01
   2.0000000e+00  -1.0085885e-01  -2.8008805e-01  -1.8163322e+00   4.2787270e-01   1.6470911e+00   1.2984294e+00
   2.0000000e+00   1.2250507e-01   1.0037563e+00  -9.6587032e-01  -9.4278467e-02   1.1267036e-01  -5.1476226e-01
   2.0000000e+00  -4.1588774e-01   1.0592336e+00  -1.2029411e-01  -3.1520103e-01  -1.2877115e+00  -3.2465143e-01
   2.0000000e+00   4.9658487e-02   5.0214104e-02  -3.2925260e-02  -1.0687667e-02   1.7519835e-01   2.5279296e-01
   2.0000000e+00  -4.0202539e-01  -1.6594944e-01   8.9887432e-01  -6.0326402e-01   3.3850737e-01  -1.1974281e+00
   2.0000000e+00  -5.9209162e-02   5.5129751e-01   1.1022151e+00  -6.2474140e-01  -7.2671074e-01   1.2857577e+00
   2.0000000e+00   6.9757619e-01   4.5371921e-01  -1.7497925e-01   3.0010480e+00  -1.2407156e+00  -9.2711725e-01
   1.0000000e+00  -7.3219323e-01   1.0504961e+00  -1.1459216e+00   1.1123019e-01   6.3005999e-01  -6.6091094e-01
   2.0000000e+00   3.7495258e-01  -6.9368030e-01  -1.0142400e-01  -1.1332673e+00   7.5310875e-01   4.2547962e-02
   1.0000000e+00   1.3608955e+00   7.1293864e-01   8.2255806e-01   2.1449991e-01   6.9727193e-01  -3.0869757e-01
   1.0000000e+00  -6.8340827e-01   6.4489661e-01  -7.8578616e-01   5.7738743e-01   3.8668233e-02  -1.7863501e-03
   2.0000000e+00   6.0979254e-03   5.3008782e-01   6.5963807e-01   2.0834555e+00   5.3076720e-01  -1.4339317e+00
   2.0000000e+00  -4.0635928e-01  -1.5089301e+00   2.1389818e-01   2.5817680e+00   1.1393255e+00  -4.0051957e-01
   2.0000000e+00   4.4173610e-01  -1.9780956e-02  -1.0477820e+00  -8.6533775e-01   6.9550119e-01   1.1941519e+00
   2.0000000e+00  -2.3932540e+00   2.3639350e-01  -1.2811546e-01  -1.6231584e+00  -3.1321591e-01  -2.7047901e-01
   2.0000000e+00   4.6496394e-01   1.2633706e+00   5.8863551e-01  -1.8180540e+00  -1.5946912e-01  -6.7540946e-01
   2.0000000e+00  -1.2183086e+00   2.2966627e-01   1.1694505e-01   1.1072020e+00  -8.5046796e-01   1.9786370e+00
   2.0000000e+00   4.2610815e-02   5.6363444e-01   2.8453935e-01   1.1203313e-01  -1.0054177e+00   1.6256066e+00
   2.0000000e+00  -1.5465079e+00  -2.5911656e-02   1.0377051e+00  -2.3876347e-02   5.5282303e-01  -4.3975218e-01
   1.0000000e+00   1.6645152e+00  -6.4874069e-01  -5.7629622e-01   4.4071487e-01  -5.1470653e-01  -1.0426206e-01
   2.0000000e+00  -6.0970419e-01   9.7022142e-01   6.7702852e-02   2.4671254e-01   1.3476130e+00  -6.9134868e-01
   2.0000000e+00   1.3838780e+00   5.8430195e-01  -1.2750534e+00  -1.7863562e+00   4.7730669e-01  -3.8286020e-01
   2.0000000e+00  -3.1064383e-01  -9.0087656e-01   5.8919550e-01  -5.4778309e-01  -7.2676523e-01  -2.2188193e-01
   2.0000000e+00  -9.0311773e-01  -8.7485946e-02  -9.9115465e-01   9.4267373e-01   2.3967508e+00   1.7521004e+00
   1.0000000e+00   8.8188102e-01   1.7402097e+00  -7.2580495e-01   9.2837311e-01  -2.2759148e-01   7.9626079e-01
   2.0000000e+00   4.3964567e-01  -3.0492979e-01   6.6980554e-01   1.5326176e+00   9.2888672e-01   3.6360570e-01
   2.0000000e+00   7.9429179e-01  -4.4809482e-01   2.0275916e-01   1.1209844e+00  -1.3231156e+00  -1.2349147e-01
   2.0000000e+00   1.2897016e-01   1.3719167e+00   5.7256151e-01  -1.0718791e+00   4.5658555e-01  -2.6892882e-01
   1.0000000e+00   1.0198317e+00   3.2409625e-01   1.7276255e-02   4.5430744e-01   7.1303421e-02   5.1600857e-01
   2.0000000e+00   8.3274432e-01  -1.2720321e+00   1.0315730e+00  -6.7012835e-02  -1.5164258e-01   4.3161831e-01
   2.0000000e+00   2.3734948e+00  -1.2651411e+00  -1.0888286e+00  -1.4503138e+00  -1.0314216e+00   1.5401623e-01
   2.0000000e+00   1.1988710e-01  -3.0461065e-02  -1.1586289e+00   7.9601406e-01   1.2434830e+00   1.0159957e+00
   1.0000000e+00   1.0024061e+00  -4.1365445e-01  -2.9578311e-01   4.2173683e-01  -4.0842586e-01  -1.1611844e-02
   1.0000000e+00   2.2999607e-01   1.5953329e+00  -3.1274714e-01   8.4243174e-01   1.7701585e-01   2.6160259e-01
   1.0000000e+00   6.4850097e-01   7.4696818e-01  -1.3928294e-02   3.2120296e-01  -4.9101244e-01  -2.9078543e-02
   2.0000000e+00   4.4077926e-01   8.6096911e-01  -3.5558212e-01  -1.1346468e+00   1.7251879e+00  -5.4548926e-01
   2.0000000e+00   1.5445533e-01  -3.4265420e-01  -5.8498501e-01  -2.5113718e-01  -8.3304324e-01  -2.3016797e+00
   2.0000000e+00  -9.2173257e-01   1.4263989e+00   2.5729771e-01   2.0528751e+00   1.0663805e+00  -1.0644900e+00
   1.0000000e+00   2.8187061e-02  -1.8366549e-01   1.6150444e-01   3.8718134e-01   4.5840498e-01  -1.0772793e+00
   2.0000000e+00   4.5354539e-01  -4.5098482e-01  -2.8844602e-01  -4.3223345e-02  -1.0708417e+00  -1.2259061e+00
   2.0000000e+00  -8.1851856e-01   3.9149787e-01   4.3147885e-03  -5.8153572e-01  -1.6091216e+00   5.9761837e-02
   2.0000000e+00   1.1858997e-01  -1.4552374e-01  -1.2832192e+00  -1.7648353e+00  -8.3355451e-01   3.4081862e-01
   2.0000000e+00   7.5517655e-02   6.2041198e-01   4.0407894e-02   1.0737311e-01  -1.1209026e+00  -1.7093225e-01
   2.0000000e+00   1.8238993e-01   2.1772274e+00   1.0525631e+00   1.4857927e+00  -1.1012516e+00   7.5643659e-01
   2.0000000e+00   9.3203105e-01  -1.2573380e+00   1.6955211e+00  -4.7217275e-01   1.7729805e+00   1.2675996e-01
   2.0000000e+00  -1.7084721e+00  -4.9945543e-01   5.3965812e-02   1.5627743e+00  -7.4016434e-01  -2.2755070e-01
