   1.0000000e+00   2.5851459e-02   3.8897284e-01   1.1251625e+00   1.0879403e-01   3.0374928e-01  -6.1504273e-01
   2.0000000e+00  -8.0712570e-01  -5.1516035e-01   5.8484279e-02  -7.2714397e-01  -5.9945303e-01  -1.3789258e+00
   2.0000000e+00   1.2505260e+00  -3.7413132e-01   6.0238606e-01  -1.7980937e+00  -1.2749773e+00  -6.9633257e-01
   1.0000000e+00   5.6256660e-01   6.0257783e-01   1.4470900e+00  -5.0465123e-01   4.2116282e-01   7.9521821e-01
   1.0000000e+00   4.0850984e-01   5.0740956e-01  -1.6271833e-02   8.1551349e-01   1.3254673e+00  -2.0076059e-01
   2.0000000e+00  -6.2857464e-01   2.2001077e+00  -1.2667386e-01  -1.5117495e+00   1.7639161e+00  -5.5907277e-01
   2.0000000e+00  -8.1510237e-01  -1.2855434e+00  -1.4457391e-01   1.2004501e+00  -1.5402102e+00  -3.8001056e-01
   2.0000000e+00  -7.6159811e-01   1.0026856e+00   1.2916513e+00  -1.1685816e+00   3.5297528e-02  -6.6812016e-02
   2.0000000e+00   6.2478572e-01  -5.4376295e-01  -3.6455146e-01   9.9395134e-01  -1.7180261e+00  -1.2562998e+00
   2.0000000e+00   5.5626592e-01   6.7342195e-01  -7.1977443e-01  -1.7120008e+00   4.9931907e-01   1.2390392e+00
   2.0000000e+00  -5.5639542e-01   2.3442959e+00   1.7180020e+00  -1.3528268e+00  -3.1943556e+00  -1.5671020e+00
   2.0000000e+00  -2.0500902e+00   2.1738337e+00   1.2101184e-01   1.3002986e+00   1.7307227e-01  -3.4669857e-01
   2.0000000e+00   2.1230976e+00   3.2887312e-01   8.0439241e-01  -4.2789636e-01   9.6571676e-01   7.0134165e-01
   2.0000000e+00   2.2958496e-01   2.4153427e-01   9.4671418e-01   1.7070329e+00  -5.5605527e-01  -2.1175490e+00
   2.0000000e+00   1.0633262e+00  -6.7631161e-01   8.9150156e-02  -2.5027480e-01   1.3001902e+00   6.1816304e-01
   2.0000000e+00  -3.5973305e-01   1.0115807e+00   3.3684000e-01  -9.5063068e-01   1.7392737e+00   1.1548335e+00
   2.0000000e+00   1.3335398e+00  -6.3541872e-01  -1.2673694e+00   8.7496400e-01  -2.2152713e-01  -2.0976070e-01
   1.0000000e+00   4.8390509e-01  -1.0592393e+00  -3.0873974e-01  -7.6077961e-01  -1.2282336e+00  -1.3652064e+00
   2.0000000e+00  -8.2947789e-01  -6.1203619e-01   9.7441602e-02  -1.8243065e+00  -1.5366560e+00   1.4118990e+00
   1.0000000e+00   2.7652655e-01   1.0548826e+00   1.2758288e+00  -8.4563406e-01   5.8797623e-01   1.2293392e+00
   2.0000000e+00  -1.4833961e+00   7.7556726e-01  -1.3042012e+00  -1.1421418e-01   1.8700478e+00   1.0158722e+00
   2.0000000e+00   1.2861093e+00  -2.6996061e-01  -1.2730243e+00  -1.1054806e-01   8.1705212e-01   8.7424303e-01
   1.0000000e+00   4.4738409e-01   1.3147786e-01  -7.7488969e-01  -3.2708727e-01  -4.5088845e-01   4.1644161e-01
   2.0000000e+00   1.7453748e+00   6.7827162e-01   7.4539007e-01   1.5902661e+00   6.1827017e-01   1.4382735e+00
   2.0000000e+00  -4.3075707e-01  -1.3269677e+00   1.0004268e+00   2.9024750e-01   1.1303545e+00  -5.0642702e-01
   2.0000000e+00   2.1784825e-02   1.0806917e+00  -1.5656345e+00  -7.0378905e-02   7.5538907e-01  -2.0052462e+00
   1.0000000e+00   7.1269203e-01  -1.7439702e+00   5.8969832e-01  -1.7020355e-01  -2.5439198e+00  -2.2691662e-01
   2.0000000e+00  -3.7352110e-01   8.4650057e-01   2.6962147e-01   1.1774103e-01   4.3111266e-02  -6.8396917e-01
   2.0000000e+00  -1.5737749e-01  -5.6084686e-01  -9.4169222e-01  -2.6719737e-01  -8.9648322e-01  -9.2926312e-01
   2.0000000e+00  -1.8971808e+00  -5.4104853e-02   5.8141834e-01   1.1382390e+00   1.6925497e+00  -4.5069582e-01
   2.0000000e+00   1.7263271e+00  -7.1967063e-04  -9.0977447e-01   1.4038914e+00  -1.7231249e-01   1.4207594e+00
   2.0000000e+00   1.4599977e-01   7.3535781e-01   1.3775071e+00   1.3224783e+00   9.3746246e-01  -4.9911798e-01
   2.0000000e+00  -7.5361685e-01  -8.4017207e-01  -9.9584107e-01   8.7370040e-01   2.3693108e-01   3.3541916e-01
   2.0000000e+00   2.3802762e-01   1.4718408e-01  -8.7366649e-01   1.1202092e+00  -1.8323000e+00  -1.0269028e+00
   2.0000000e+00   1.0409895e+00  -1.0027525e+00  -1.9828264e+00  -1.1634730e+00   1.0091632e-01  -1.3928131e+00
   1.0000000e+00   5.6859000e-02   4.7370766e-01  -1.0206800e+00   6.8245183e-01   1.3702900e+00   1.9020479e+00
   2.0000000e+00   1.4911042e+00   2.0203716e-01   5.6732438e-01   1.5435178e-01  -1.2577201e-01   3.2090207e-01
   2.0000000e+00  -5.4281833e-01  -3.7344856e-01  -9.8025201e-01   1.1977732e+00  -1.0936973e+00  -4.2380821e-01
   2.0000000e+00  -1.1166529e+00   5.1463321e-02   1.0237403e+00  -1.3650242e+00  -1.8740384e+00   1.6207381e+00
   2.0000000e+00   3.1978387e-01   3.4637592e-01   3.5799596e-01  -1.5058028e+00  -2.1226382e+00   3.0785940e-01
   2.0000000e+00   1.9457599e+00   9.2824175e-01   2.7108033e-02  -1.0998312e+00  -1.4862240e+00  -8.8738532e-01
   1.0000000e+00   1.1975316e-01  -4.3338973e-01  -1.7229772e+00  -7.3169063e-01   1.1140670e+00  -2.3868999e-01
   2.0000000e+00  -2.7296119e-01   1.4242347e+00   1.3460584e+00  -6.8239115e-01  -8.4879077e-01   7.6837560e-02
   1.0000000e+00   8.1570817e-02  -8.4637139e-01  -9.7005714e-01  -8.9187939e-01  -1.7553760e-01  -2.4930956e-01
   2.0000000e+00  -3.5388424e-01   3.8373332e-01   1.7713203e+00  -2.9634620e-01  -1.3275741e-01   1.8515923e+00
   2.0000000e+00  -2.3379676e-01   7.7992528e-01  -7.3660959e-01  -1.7283775e+00   3.3720127e-01   7.3939103e-01
   2.0000000e+00  -9.9072471e-02  -1.3569250e+00   9.6539006e-02  -3.1292028e-01   1.7495634e+00  -3.5018645e-01
   2.0000000e+00   1.2055640e+00  -1.3270730e+00  -1.0222660e+00  -1.0030967e+00   7.0468873e-01  -2.3461317e-01
   2.0000000e+00  -8.0450535e-01   6.3688328e-02  -6.6163568e-01   5.7666327e-01   5.7784373e-01  -7.1595599e-01
   2.0000000e+00  -6.6274464e-01  -2.9844293e-01   1.1680259e-01  -4.2168636e-01   1.7672498e+00   1.3882359e+00
   2.0000000e+00   6.7152861e-01   2.8017373e+00   4.3576936e-01  -1.2048505e+00  -8.6176340e-01   1.2582561e+00
   2.0000000e+00   1.2591926e+00   1.1578195e+00  -2.0295543e+00   6.5859919e-01  -1.9566735e+00   7.5334493e-01
   2.0000000e+00  -1.4047810e+00  -1.2074488e+00  -7.5091590e-01  -9.5308034e-02   1.5520630e+00  -5.8309481e-01
   1.0000000e+00   4.9957506e-02   1.6386945e-01  -2.5130102e-01   4.3000058e-01   7.8456015e-03   6.9475798e-01
   2.0000000e+00   1.0061132e+00  -2.1857418e-01  -4.3356832e-01  -5.8722852e-01   4.5707325e-03   1.3361187e-01
   2.0000000e+00   6.2889647e-01   4.9498504e-01  -1.3074624e+00  -9.6221561e-01  -2.5280937e-01  -1.2891693e+00
   2.0000000e+00   5.0066858e-01  -8.1067269e-01  -8.1477455e-02   1.2893800e+00   6.7219912e-03   9.8607567e-01
   2.0000000e+00  -2.1806471e-01   5.9208102e-01  -9.5095856e-01  -7.0222326e-01   3.3580517e-01  -3.5034178e-01
   2.0000000e+00  -2.0235037e-01  -8.1437340e-02   8.6898512e-01   3.5204099e-01  -6.2929189e-01   7.8029380e-01
   2.0000000e+00  -1.4698397e+00  -2.6857917e-01   1.3464330e+00   4.7606959e-01  -9.0067161e-02   1.1654784e+00
   2.0000000e+00  -7.5087178e-01  -9.5820215e-01  -5.8694577e-01   8.4744043e-02   1.9678478e-02   7.1128727e-01
   2.0000000e+00   1.3187383e+00  -1.5292516e-01   3.4760988e-02  -1.1760027e+00   8.0393430e-01  -5.8696906e-01
   2.0000000e+00  -2.3805190e-01   1.7036980e-01   1.4261980e+00   8.0036667e-02  -9.0093021e-01  -3.5116799e-02
   2.0000000e+00  -9.3606805e-01  -3.6486185e-01   2.0675380e-01  -8.7455952e-01  -3.7447413e-01  -4.5288133e-01
   1.0000000e+00   3.4312606e-01  -1.0677468e+00  -9.4953192e-02   2.8042641e-01  -2.5347244e+00  -1.7488391e-01
   2.0000000e+00   7.9446797e-01   3.0127644e+00  -1.7782936e-01   2.9255994e-01  -3.8147503e-01  -1.9340139e+00
   2.0000000e+00   8.6116844e-01   6.9885224e-01   4.0403451e-01   7.0997171e-01  -4.1567010e-01   8.0688597e-02
   2.0000000e+00  -3.1652549e-01   1.3412111e-01  -1.9935993e+00   8.1065835e-02   1.1182677e+00  -2.1579605e+00
   2.0000000e+00   6.9126138e-01   3.2675191e+00  -7.6536551e-01  -1.6169701e+00   3.5230712e-01  -7.4508984e-01
   2.0000000e+00   1.5974940e-01   2.2329366e-01  -1.5664851e-01  -1.4428261e+00  -3.7178728e-02   4.7809201e-01
   2.0000000e+00   1.2255187e+00  -3.6663057e-01  -2.3179093e-01  -1.2235442e-01  -1.7983832e+00   2.6243272e-01
   1.0000000e+00   4.6710967e-01  -2.2370342e-01   8.4781821e-01   1.3030860e-01  -1.2497068e+00   1.7213205e-01
   2.0000000e+00  -9.3664495e-01  -1.5771305e+00  -1.4470890e+00  -6.1519500e-01  -1.4383881e-01  -2.1383610e+00
   2.0000000e+00   5.1772642e-01   7.6560026e-01  -9.8520733e-01  -2.0267728e+00   2.2102577e-01   2.1468526e+00
   2.0000000e+00   8.4715266e-02   2.8236157e+00  -1.3310182e+00   8.3413084e-01  -2.7450425e-01  -2.5868051e+00
   2.0000000e+00   1.2692419e+00   1.5439076e+00  -1.3318520e+00   2.1711899e-01  -2.0504317e+00   3.4140549e-01
   2.0000000e+00  -3.9047582e-01   1.4008797e-01   1.8953805e-01  -1.4670320e+00  -3.3038559e-01   2.5146207e-01
   2.0000000e+00  -4.3810821e-01   1.9094334e-01  -6.8043315e-01  -1.1566128e+00   1.0641446e+00  -2.3284841e-01
   2.0000000e+00   1.4754945e+00   1.1557527e+00  -4.4935472e-01   3.3865523e-01  -9.1476715e-01  -2.4432471e-01
   2.0000000e+00   2.9142492e+00   4.8066129e-02   1.0134120e-01   4.7396091e-02  -1.3816682e+00  -1.7435429e+00
   2.0000000e+00  -8.0177940e-01   3.3980532e-01  -4.3622105e-01   3.6765353e-01  -1.4005320e+00   2.5212324e-01
   2.0000000e+00   1.0480442e+00  -2.0198520e+00  -9.1144708e-01  -6.9647169e-01  -4.2911539e-01  -1.7872182e-01
   2.0000000e+00  -4.5496717e-01  -1.3955780e-01   1.3575138e+00   5.8209193e-01   1.5802529e+00   4.1496661e-02
   2.0000000e+00  -2.3566834e+00  -1.1881699e+00  -6.2111085e-01   1.2130962e+00   5.4570942e-01   4.9986339e-01
   2.0000000e+00  -4.5778393e-01   9.5290149e-01   1.8602255e+00   1.5647446e+00  -2.4176539e+00  -2.4864463e-01
   2.0000000e+00  -1.5882611e+00  -9.1580360e-01   1.3749196e+00  -4.4080785e-01  -1.6135378e+00   1.9684078e-01
   2.0000000e+00  -9.1445041e-01  -9.3956381e-01   1.0641058e+00  -2.0458175e-01   2.2799581e+00   1.2888099e+00
   2.0000000e+00  -1.2283809e+00  -1.0048877e+00  -1.4385603e+00   1.0185934e+00  -8.8213807e-02   1.4111514e-01
   2.0000000e+00  -2.8264260e-01   6.9772766e-01   1.3221286e-01  -3.3354650e-01   2.1473688e+00   8.9824179e-02
   2.0000000e+00   9.9606301e-01   2.1569705e-01   2.2779947e+00  -6.4072837e-01   1.0599722e+00   9.2208084e-01
   2.0000000e+00   9.9704898e-01  -7.8759411e-01  -4.6087040e-01  -3.4839064e-01  -4.2498572e-01   9.7799473e-02
   1.0000000e+00   3.5229626e-01   4.5346168e-01  -1.1537233e+00   6.0165336e-01  -9.2449203e-01  -3.0227449e-01
   1.0000000e+00   1.0827241e-01  -1.2380953e+00   4.5693385e-01  -7.3574104e-01  -5.8828192e-02  -3.3713907e-01
   2.0000000e+00  -7.4863320e-01   7.7605984e-01   3.4789982e-01  -6.3180002e-01   2.8118040e-01   1.1691631e-01
   2.0000000e+00   2.4839276e+00  -6.0268904e-01   8.0026005e-01   1.8368513e+00   1.3729816e+00   1.9465940e-01
   1.0000000e+00   2.7681247e-02   6.8849096e-01  -1.3191153e+00  -5.0639476e-01  -5.1686536e-01  -1.6072529e-01
   2.0000000e+00   1.1623088e+00   9.7685415e-01  -1.9100871e+00  -1.1883132e-01  -7.8551073e-01  -7.8366161e-01
   2.0000000e+00  -9.1919873e-01   4.2814672e-01   1.2940681e+00  -5.8054223e-02   3.0349768e-01  -6.5908714e-01
   2.0000000e+00  -1.4229060e-01  -3.3434615e-01  -1.1349289e+00   8.5264336e-01  -1.8264089e-01  -9.8483810e-01
   2.0000000e+00  -4.0780123e-01   4.9841125e-02  -1.2317858e+00  -6.8558533e-01   1.1611728e+00  -1.1312505e+00
   1.0000000e+00   2.3348813e-02   5.2912520e-02   7.6693723e-01   5.8197240e-01   4.0335955e-01   1.2211826e+00
   2.0000000e+00   5.2879037e-01  -5.3471824e-01   1.4178823e+00  -9.3761201e-01  -1.0362242e+00   1.0542214e+00
   2.0000000e+00   2.7233681e-02  -6.3643619e-01  -1.2253150e+00  -1.1768837e+00  -6.9663490e-01  -1.1394931e+00
   2.0000000e+00  -5.7710704e-01  -1.1059502e+00  -9.5522606e-01   3.7287795e-02   1.0852271e-01  -2.9105226e-01
   1.0000000e+00   3.8140609e-01  -1.9114976e-01   1.7046094e-02   3.8820878e-01  -2.0498160e-01  -2.9863230e-01
   2.0000000e+00   1.1623758e+00  -1.1716196e+00   7.6793152e-01  -3.7678223e-01  -6.7932750e-01  -8.9943645e-01
   2.0000000e+00  -7.1245814e-01   6.7031032e-01  -1.4523889e+00  -9.0041136e-01   1.4011985e+00  -1.1628010e+00
   1.0000000e+00   6.0192133e-01  -2.1901345e+00   6.3158966e-01   3.5919870e-01   4.6110568e-01   1.3365120e+00
   2.0000000e+00  -2.5613579e+00  -2.6917937e+00  -4.8595350e-01   9.9124339e-01  -1.4218889e+00   7.4914919e-01
   2.0000000e+00  -1.1778253e+00   3.9647648e-01  -9.4180786e-01   3.9012464e-01   1.0540554e+00  -6.4843812e-01
   2.0000000e+00  -6.2695830e-01  -9.4419267e-01   1.3835394e-01  -1.2915283e+00   3.9518782e-01   3.7507641e-01
   2.0000000e+00  -1.2452859e+00  -4.6560992e-02   1.3636800e+00   1.2911913e-01   3.9874432e-01  -4.6421645e-01
   2.0000000e+00   3.6225949e-01  -1.1856653e+00   4.5863869e-01  -1.5365336e+00  -5.6294979e-01  -1.6401395e+00
   2.0000000e+00   9.1816144e-01   2.1212083e+00  -1.6988290e+00  -6.4629836e-01  -6.9998271e-01  -8.5501592e-01
   2.0000000e+00  -7.9313584e-01   3.3452576e-01   8.0488226e-02   9.1024292e-01   1.9872436e-01   1.1663237e-01
   2.0000000e+00  -7.5477474e-01  -4.7704152e-01   1.2668782e+00   1.2886904e+00  -7.8866723e-01  -1.1253298e-01
   2.0000000e+00  -6.3155968e-02   6.4725822e-03  -6.8623407e-01   8.0863262e-01  -1.1274133e+00   9.1056799e-01
   2.0000000e+00  -6.4874932e-01   2.5120404e-02   2.5705256e-01  -6.1346708e-01   1.5877115e+00   1.4687060e+00
   2.0000000e+00  -1.6104882e-03  -1.2634424e+00  -6.2497402e-01  -4.6264340e-01   1.7246268e-01  -9.5369871e-01
   2.0000000e+00   9.5530149e-01   2.0510792e+00  -5.3408397e-01   8.3098208e-01  -3.6484829e+00  -1.4080578e-01
   2.0000000e+00   1.1552009e+00  -1.0203728e-01   1.3965617e+00   1.8925720e+00  -5.0669940e-01  -1.5794939e+00
   1.0000000e+00   3.9565835e-01  -2.4419435e+00  -1.8483999e+00  -1.5655691e-01  -8.7817527e-01  -1.3681846e+00
   2.0000000e+00  -9.9536554e-01  -1.1786416e+00   6.6217611e-01   8.4822570e-01  -1.7694701e+00  -4.6937140e-01
   2.0000000e+00   1.5952092e+00  -5.9779529e-01  -8.7995707e-01  -1.5042205e-01   6.9437838e-01   1.3748720e+00
   2.0000000e+00   4.6968287e-01   4.0621433e-01   1.1495897e+00  -1.5335423e+00  -1.3123837e-01  -3.6835295e-01
   2.0000000e+00  -1.5217865e+00   1.2311488e+00  -4.7467805e-01  -1.5446172e+00   3.0794875e-01   1.4035097e-01
   1.0000000e+00   6.7263465e-01  -2.9033660e-01   9.4309680e-01   1.9239754e-01  -9.3026422e-01  -3.4491132e-01
   1.0000000e+00   4.3177401e-01  -2.4301978e-01  -3.1411240e-02  -2.2300585e-01  -5.5384660e-01   8.7318316e-01
   2.0000000e+00  -1.0331937e-01   6.2864445e-01  -1.8960020e-01  -3.7462361e-01   5.6096023e-01  -1.7552505e-01
   2.0000000e+00   1.1283264e+00  -1.1843829e+00  -1.1218636e+00   1.3365802e+00   2.0170320e-01   3.5389413e-01
   1.0000000e+00   5.8513362e-01  -2.8659805e-01   1.1332403e+00   2.4407372e-01  -1.0594276e+00   3.3580744e-02
   2.0000000e+00  -1.6483079e+00  -3.9136068e-01  -1.7751044e-02  -4.2619535e-01  -9.8501798e-01  -7.2458825e-01
   2.0000000e+00  -3.8240788e-01  -6.2099528e-01   1.4371678e+00  -1.5821559e+00  -8.6573382e-01   7.1251082e-01
   2.0000000e+00  -1.0578326e-01  -4.9058909e-02  -7.3353573e-01  -4.1985214e-01  -1.4347763e+00  -7.7154575e-01
   1.0000000e+00   5.4434315e-01  -4.6860786e-01   2.0933250e+00  -4.9934833e-01   8.0756860e-01   1.7523837e+00
   2.0000000e+00  -1.0455211e+00   1.9698307e+00  -2.0807080e+00  -4.3169565e-01  -2.3543998e-01   2.6528971e-01
   2.0000000e+00  -8.9649871e-01  -8.4790292e-01   6.2934203e-01   2.0574203e-01   1.0241807e+00   4.3231555e-01
   2.0000000e+00  -9.8086994e-01   9.2581036e-01  -3.9349559e-01   1.4294458e+00  -1.2170236e+00  -6.9354343e-01
   2.0000000e+00  -9.3935956e-01   8.3411724e-01   1.7026392e+00   9.1914255e-01   1.1908446e+00  -7.3304516e-01
   2.0000000e+00   5.5055628e-01  -1.3350878e+00   6.3771840e-01   1.2220159e+00   1.4793071e+00   5.4442189e-01
   1.0000000e+00   3.9068175e-01  -1.1604479e+00   7.0138714e-01  -4.7014706e-02  -1.4842467e+00  -1.3094528e+00
   2.0000000e+00  -1.2832054e-01   2.2137154e-01   2.3728245e-01  -2.1167731e-01  -1.6719379e-02   9.6124573e-01
   2.0000000e+00  -3.7989169e-01  -1.6049370e+00  -1.2596081e+00  -3.5015028e-01   2.1800413e+00  -1.3158320e-02
   2.0000000e+00  -8.9395501e-01   1.3095496e-02   8.5767771e-01   7.5614270e-01  -1.0597576e-01  -5.0225874e-01
   2.0000000e+00   2.3216805e-01  -1.4871276e+00   1.6373329e+00  -1.1584704e+00   5.9285746e-01  -8.8215121e-01
   1.0000000e+00   9.6441444e-02   1.1865603e+00  -5.5054682e-01  -2.8726834e-01   8.1958787e-01   6.6729184e-01
   2.0000000e+00  -7.6641138e-01   1.6937430e-01   7.9776334e-01  -6.7944895e-01   2.9497943e-01  -1.1604573e+00
   2.0000000e+00   1.1744372e+00   2.5279888e-01  -9.2096994e-01  -6.2123298e-02   2.9891626e-01  -8.4064586e-01
   1.0000000e+00   4.4321208e-01   6.1238311e-01   8.0113281e-01   1.6205981e-01  -1.9908571e+00  -1.1222244e+00
   2.0000000e+00  -9.6056899e-01  -2.2569241e+00  -4.9590507e-01   3.8965908e-01   3.1048671e-01   1.4949290e+00
   2.0000000e+00   1.0184070e+00  -2.1385444e+00   2.2567741e+00  -1.2928061e-01   1.4198489e+00  -3.8193564e-01
   2.0000000e+00  -4.8873026e-01   1.4054865e+00  -4.5697144e-02   1.6789226e+00   1.4155822e+00   1.2638247e+00
   2.0000000e+00   1.6960169e+00   1.4354993e+00  -4.8317457e-01  -2.4010641e-01  -2.3636283e-01   4.0278020e-01
   2.0000000e+00   5.9827464e-01  -1.0017936e+00  -7.8062812e-02  -1.7702768e+00   5.4835385e-02  -5.6624205e-01
   2.0000000e+00  -3.3587579e-01   1.5946208e+00  -1.2495679e+00   4.5158969e-01   1.2741750e+00  -6.2540553e-02
   2.0000000e+00  -4.7388047e-01   8.3113036e-01  -1.2839552e+00   2.6248159e-01  -1.2061128e+00  -1.1800743e+00
   2.0000000e+00  -1.5465371e+00   1.7034203e-01   4.2125425e-01  -1.5401801e+00   1.0084457e+00  -2.4711236e-02
   2.0000000e+00   3.5009571e+00   1.2327517e+00  -3.3104449e-01  -4.4910174e-01   6.1996559e-01  -2.0797082e+00
   2.0000000e+00  -9.5772480e-02  -5.4939429e-01  -1.3239313e+00  -2.8426630e-01   1.1955222e+00   1.2870114e+00
   2.0000000e+00  -2.8991883e-01   9.4649458e-01   2.1666773e+00  -1.5041245e+00   1.9586155e+00   6.9960884e-01
   2.0000000e+00  -2.4757779e+00   1.3311347e+00   2.0127299e-01  -2.6738202e-01  -3.5161869e-01   1.1688308e+00
   2.0000000e+00  -7.7687687e-01  -3.7204949e-01   3.0670848e-01   2.0236291e+00   1.2761369e+00  -1.2762213e+00
   1.0000000e+00   2.5571310e-01  -8.6905043e-01  -2.3348103e-01  -7.9364362e-01   1.3520931e+00   1.4950472e-01
   2.0000000e+00  -1.5597984e+00   1.3535052e+00   2.0562710e-02   4.2007387e-01   1.2404145e+00   2.7108398e+00
   2.0000000e+00  -1.4259373e+00   8.7473123e-01   3.6819405e-02  -2.8541242e-02   5.5888757e-01  -1.5886190e-01
   2.0000000e+00   3.2698865e-01  -1.3600096e-01  -8.5217594e-01   1.2525221e+00   3.0808078e-01  -1.8495037e-01
   2.0000000e+00  -7.6409351e-01  -2.0207247e-01  -1.2693081e+00   8.0823777e-01  -7.4126382e-01  -6.6532951e-01
   2.0000000e+00  -2.7020715e-02  -1.2059201e+00   1.2719542e+00   1.4585615e+00  -3.8950461e-01   1.5947047e+00
   2.0000000e+00  -6.0379462e-01  -7.5315811e-01  -1.1293937e+00  -3.6971844e-01   1.2768247e+00   1.0492731e+00
   2.0000000e+00   3.5409350e-01  -1.6513966e-01   1.7350774e+00  -4.2846730e+00   8.8535031e-01   1.6254035e-01
   2.0000000e+00  -1.3785960e-02   6.8707354e-01   8.9510997e-01   1.3164876e+00   8.0924090e-01   6.5742377e-01
   2.0000000e+00  -1.8316504e-01  -1.4583949e+00  -5.6137028e-01  -6.1503229e-01  -1.0028850e+00   9.4620857e-02
   2.0000000e+00   1.3764325e+00   1.6395239e+00   6.6245485e-01  -4.3199099e-01   2.5231098e-01   9.2133331e-01
   1.0000000e+00   6.2496590e-01  -1.4263217e+00   8.0298986e-01  -4.8682300e-01   4.1471400e-01   9.2232701e-01
   2.0000000e+00   1.2599190e+00  -3.9482274e-01  -6.9641580e-01  -3.4770597e-01  -9.2783201e-01  -1.4309981e+00
   2.0000000e+00  -2.9649053e-01   5.8115951e-01  -9.6906170e-01   7.7932838e-01  -2.7488024e+00  -1.8209799e-01
   2.0000000e+00  -2.5218574e-01  -8.7236228e-01  -7.8410201e-01  -7.7417450e-01   3.8007010e-02  -1.3229773e+00
   1.0000000e+00   9.2311981e-01  -5.1060749e-01   9.2805191e-01  -5.2303931e-02  -7.5098860e-02   5.4395467e-01
   2.0000000e+00  -1.2598292e+00   1.6216623e+00   3.2276838e-01  -6.4371490e-01   6.6673316e-01  -8.0198788e-01
   2.0000000e+00   1.7146928e+00   1.0229722e+00  -2.5203551e-01  -8.5210847e-01   7.4617320e-01   1.2965865e-01
   2.0000000e+00  -6.7250235e-01  -3.5865997e-01   6.8951334e-01  -9.1788766e-01  -8.5206595e-02  -1.5534746e+00
   1.0000000e+00   3.1583475e-01   1.0053252e+00  -1.2770684e+00  -5.1045564e-01   1.9560129e-01  -5.3320796e-01
   2.0000000e+00  -5.8547999e-01   8.6024070e-01   7.4247432e-01  -1.0947455e+00   8.2063481e-02   1.4827195e+00
   2.0000000e+00  -1.0257043e+00   1.5975912e+00  -1.4196787e+00  -5.4485016e-01  -3.4250085e-01  -1.5114203e+00
   2.0000000e+00   9.0401412e-01  -6.5766871e-01   3.4147670e-01  -6.9841481e-01  -2.0272371e-01   1.2435516e+00
   2.0000000e+00   9.3941507e-01   1.7084216e+00  -8.7186294e-01  -1.2472507e+00  -1.1300575e+00   2.6678750e-01
   2.0000000e+00   1.0332680e+00  -7.5776230e-01  -1.9320127e+00  -9.0910645e-01   5.7722710e-01  -1.5542262e-01
   2.0000000e+00  -9.9396995e-01  -5.7677848e-02  -1.0179438e+00   2.3492013e+00   4.4735835e-02  -7.1557317e-01
   2.0000000e+00   7.8234863e-01  -5.5555989e-01  -3.7156462e-01  -3.9906109e-01   1.4830397e+00  -1.9783114e+00
   1.0000000e+00   2.6741709e-02   5.7562554e-01  -7.4250334e-01   3.0639268e-01  -5.6972279e-01  -4.1062548e-02
   2.0000000e+00  -1.4454963e+00   1.8779112e-01   2.7304944e-01  -1.9024268e-01  -9.1329447e-01   8.0045558e-01
   2.0000000e+00  -1.4736773e+00   3.6949862e-02  -6.2714442e-01  -9.2704059e-01  -9.7855118e-01  -3.7310472e-01
   1.0000000e+00   4.7361863e-02  -1.1621823e+00  -8.1932381e-01   1.4610362e-01   2.5203444e-01   8.1697932e-01
   2.0000000e+00  -5.2576672e-02   4.1735091e-01  -6.2561832e-01   6.6687835e-01  -3.8941394e-01  -1.5631355e+00
   2.0000000e+00  -8.6183172e-03   4.7066596e-01  -7.4445028e-01   5.6174965e-01  -1.8304999e+00  -2.0370776e+00
   2.0000000e+00  -5.5698250e-01   9.7227147e-01  -1.5388670e+00   1.5566852e+00   1.4622881e-01  -1.0869349e+00
   2.0000000e+00   1.6226049e-01   3.2633232e-01  -6.5631701e-01  -1.1543270e+00  -9.6367564e-01  -7.9024455e-01
   2.0000000e+00  -1.9467708e-01  -3.4663800e-01   6.1448051e-01  -1.0375043e-02   8.4629734e-01   2.6810728e+00
   2.0000000e+00  -1.4130569e+00   4.9619657e-01   2.5861245e-01   8.0351831e-01   1.5563365e+00  -4.5815822e-01
   2.0000000e+00   3.3424621e-01   5.6312118e-02   1.2298115e+00   1.3219286e+00   6.6228659e-01  -5.6219699e-01
   1.0000000e+00   6.8451352e-01   3.0950061e-01  -1.1532481e-01   1.9914806e-01  -3.8460580e-02  -1.2371378e+00
   2.0000000e+00  -2.3049660e-02   1.4945190e+00  -2.5916513e-01   1.3411244e+00  -2.2307506e+00  -1.9623548e+00
   2.0000000e+00  -1.7612322e+00  -2.4084175e-01   5.0807235e-01  -8.0310007e-01  -1.7725240e+00   2.9573372e-01
   1.0000000e+00   3.3430224e-01   6.2848511e-01  -1.2812763e+00  -6.6158955e-01   1.7548809e+00   1.0403891e+00
   1.0000000e+00   1.0105855e-02  -9.5044762e-01   1.8747516e-01   2.5918336e-01   5.0552827e-01   2.7083277e-01
   2.0000000e+00  -4.0214659e-01  -5.8853454e-01   1.1200224e+00  -4.4895091e-01  -9.3785399e-02   1.3054975e-01
   2.0000000e+00   1.7757837e+00   4.2746268e-01  -1.7809799e+00  -2.1124010e+00  -1.2936701e+00  -2.7622650e+00
   1.0000000e+00   3.0320050e-01   1.1444215e+00  -1.1639516e+00   1.2096611e-02   9.5020382e-01   1.2906423e+00
   2.0000000e+00   1.6327105e+00   8.5225163e-02  -1.0396907e-01  -3.0175023e-01   1.7586254e+00   6.9058757e-01
   1.0000000e+00   1.7250870e-01   5.2773211e-01  -9.7531385e-01   8.5019579e-01   1.5604122e-01  -1.2783829e+00
   1.0000000e+00   4.9017619e-01  -3.6266343e-01   4.1171590e-01  -1.8820888e-01   2.5427510e-02   1.3562617e+00
   2.0000000e+00  -8.7890889e-01   1.4871919e+00   1.3013268e+00   1.7854722e-01  -1.1989846e+00   1.4653582e+00
   2.0000000e+00  -2.3648647e-01   3.3960483e-01  -1.4535174e+00  -7.0784222e-02  -8.1925799e-01   8.4284328e-01
   2.0000000e+00  -2.8713779e-01  -6.1344643e-01   9.5797348e-01   1.7253356e-02   4.7638661e-01  -4.9889926e-01
   2.0000000e+00   1.4146843e-01   1.2049971e-01   2.0258032e-01   1.3091351e+00   1.1869033e+00   1.9349584e+00
   2.0000000e+00  -6.8752738e-01  -1.0816329e+00   7.8192879e-01   9.8234956e-01   4.2096929e-01  -6.7607075e-02
   2.0000000e+00  -7.7153205e-01  -1.2848707e+00   6.6495765e-01   1.3317052e+00  -8.9399519e-01   6.0133328e-01
   2.0000000e+00  -1.7998961e+00   6.1591296e-01  -3.7400005e-01   6.3195179e-01  -1.5779403e-01   1.3976552e+00
   2.0000000e+00   2.1449006e+00  -1.6270555e-01  -1.2523439e+00   7.4479465e-02  -4.9129321e-01  -1.4425435e+00
   1.0000000e+00   1.5741350e-01  -7.8994971e-01   1.2513456e-01   5.2778708e-01   8.4686859e-02   6.2067702e-01
   2.0000000e+00  -2.6599240e-01   1.2250673e+00   2.5353104e+00   3.9564891e-01  -1.8115924e+00  -5.4508896e-01
   1.0000000e+00   2.2247079e-01   7.5116421e-02   7.8135231e-01  -7.5566102e-02  -5.6951817e-01  -1.2404219e+00
   2.0000000e+00  -1.4429599e-01  -1.1198369e+00   1.8186521e+00   1.4549890e+00   7.4026709e-01   3.3765465e-01
   1.0000000e+00   6.4490604e-01  -5.1155806e-01   1.2357323e+00  -4.6752302e-01  -6.0052958e-02  -7.5969934e-01
   2.0000000e+00   4.8137940e-01   1.0828006e+00  -4.8588880e-01   1.6060533e+00   3.6397495e-01  -2.1182933e-01
   2.0000000e+00  -8.3307490e-01   1.8344001e+00   9.4429421e-01   2.6301851e-01   8.0233490e-01  -2.4824499e+00
   2.0000000e+00   1.1838327e+00   9.8450622e-02  -3.1082092e-01   1.7147089e+00   6.2300247e-01   4.3293092e-01
   2.0000000e+00  -1.7933228e-01   7.3420863e-01   1.3328975e-01  -1.0272499e+00  -4.9950403e-01  -8.2061697e-01
   2.0000000e+00  -3.3232331e-01  -3.4742745e-01   1.2411775e+00   1.7704494e+00   1.9328860e-01   4.6681322e-01
   1.0000000e+00   5.4259002e-02   5.8593288e-01  -8.2071695e-01   4.3613984e-01  -1.1806194e+00   6.1780905e-01
   2.0000000e+00  -4.4218372e-01  -9.5480756e-01   5.2758973e-01  -9.3486652e-01   3.8433733e-01   1.3885879e+00
   2.0000000e+00  -3.0184574e-01   9.1226168e-01   4.4425367e-01  -1.5858544e-01  -7.6046777e-01   6.2918574e-01
   2.0000000e+00   3.9197562e-01   9.2759448e-01   4.9757110e-02   1.9047146e+00   2.1879633e-01  -1.7095108e+00
   2.0000000e+00  -1.0440545e+00  -5.9167766e-01   7.8153245e-01  -5.1686508e-01   3.0445627e-01   3.8606611e-01
   2.0000000e+00   1.6866282e+00  -6.1807870e-01   1.3750076e-02   1.4419648e-01   3.1239527e-01  -9.9338150e-01
   1.0000000e+00   7.7869961e-01   1.4301859e+00  -3.3793163e-01  -5.1127377e-01  -2.5097050e-01  -7.2348636e-01
   2.0000000e+00   8.9780144e-01   9.7632269e-01  -3.0700115e-01   8.5263577e-01  -1.9279736e+00  -5.4822742e-02
   2.0000000e+00   1.7870984e+00   4.7303404e-01  -1.6847989e+00   1.3892641e+00   9.3487941e-01   5.5886972e-01
   1.0000000e+00   1.6123652e-01   6.1025007e-02   1.2453904e-01   7.6049523e-01   1.7872933e+00   6.4638779e-01
   2.0000000e+00   1.3721770e+00  -7.0052016e-01  -2.2186056e-01   1.0876831e+00  -3.6961841e-01  -4.0479132e-01
   2.0000000e+00  -2.3346806e-01  -1.3589219e+00   2.7248463e-01  -2.8531883e+00   1.2089064e+00  -1.8959126e-01
   1.0000000e+00   6.5818226e-01  -7.7177469e-01   1.5731157e-01   2.2107239e-01   4.5116274e-01  -1.2103575e+00
   2.0000000e+00  -1.1607074e+00   1.0694589e+00  -4.0473227e-01   1.7443787e+00   2.0056661e-01  -5.6761085e-01
   2.0000000e+00   2.9216217e+00   7.4920718e-02   1.9596530e+00  -1.5605207e+00  -1.0768335e+00  -2.2609440e-01
   1.0000000e+00   4.1972095e-01  -1.9795853e+00  -6.4700736e-01  -5.7656854e-01   1.3386984e+00  -5.0798599e-01
   2.0000000e+00  -3.9614935e-01  -1.0012198e+00   1.4073582e+00   1.4007681e+00   6.8647995e-01   1.1475130e+00
   2.0000000e+00   5.8747937e-01   4.4944614e-01  -2.2970035e+00   1.3333419e+00   1.9774132e-01  -5.6570863e-02
   2.0000000e+00  -9.1579545e-01   1.3523073e-01  -5.8473533e-01   1.7558953e+00  -1.3494588e+00  -5.0514966e-01
   2.0000000e+00  -1.1323716e-01   8.3242824e-01   8.6741562e-01  -5.7448178e-01  -2.4068810e-01  -2.1620099e-01
   2.0000000e+00  -4.3566518e-01   9.4398663e-01  -1.6458312e+00   3.2267081e-01   1.2133653e+00   1.9401760e+00
   2.0000000e+00  -9.8422077e-01   4.1125844e-01   5.1420827e-01  -2.2444952e+00   2.3699467e+00   7.2807586e-01
   1.0000000e+00   2.4887538e-01  -4.6050270e-01  -8.4355848e-01   5.6992357e-01   6.5548591e-01   2.9532693e-01
   2.0000000e+00  -3.3904317e-03  -3.9006745e-01  -5.4027001e-01  -8.5592606e-01  -7.6490353e-02   1.5498839e+00
   2.0000000e+00  -1.0207709e+00   1.4040315e-01   4.9010947e-02   7.7982904e-01   1.4944378e-02  -7.8368497e-01
   2.0000000e+00  -1.6515575e+00  -1.5244923e+00   4.1287271e-01   4.2675149e-01   2.3040566e-01   1.2891329e+00
   2.0000000e+00  -1.0743807e+00   3.9501242e-01  -7.3453158e-02  -6.8338887e-01  -4.3915549e-01   3.6922225e-01
   2.0000000e+00  -1.4471977e+00   9.4244033e-01  -4.6103094e-01  -6.2831649e-01   1.1860804e+00  -1.8112221e-01
   1.0000000e+00   3.6881396e-01  -1.4063945e+00   4.5953792e-03   8.8501104e-01   6.6360412e-01  -2.8506601e-01
   2.0000000e+00  -5.5684939e-01  -2.0557710e+00  -8.1522140e-01   3.0825605e-01  -1.4003079e+00  -5.3117567e-01
   1.0000000e+00   3.3986563e-01  -3.1617838e-01   9.9936908e-02   7.3873582e-02  -1.5640226e+00  -6.8756190e-01
   2.0000000e+00  -1.2447616e+00  -1.9334919e+00  -8.3768638e-01  -1.0776110e+00   1.0427640e+00  -8.1757018e-01
   2.0000000e+00   1.1684099e+00  -7.8101848e-01  -2.3759890e-01   7.3519521e-01  -1.3184890e+00  -3.7915655e-01
   2.0000000e+00   1.5505022e+00   3.5455742e-02  -3.0072393e-01  -1.8950097e+00   2.4643484e+00   9.7358919e-01
   1.0000000e+00   7.5601012e-01   1.3796111e-01  -4.3906033e-03   2.4048095e-01  -2.1719001e-01  -1.2157833e-01
   2.0000000e+00   6.0471068e-01   8.7703868e-02   7.6450759e-01  -1.7596964e+00   9.8523197e-01   6.5077123e-01
   1.0000000e+00   1.8650768e-01  -1.2535652e-01  -3.2453904e-01  -5.6288639e-01   1.2455084e+00   5.6866280e-01
   2.0000000e+00  -1.9196208e-01  -9.8344782e-01   7.6512325e-01   2.6112791e-01   1.2570024e+00   1.8915159e+00
   1.0000000e+00   1.8012613e-02   5.5465226e-01  -4.3889368e-01   3.1698860e-01  -1.3314936e+00  -6.3480347e-01
   2.0000000e+00  -8.1070743e-01   3.8964511e-01   8.5287357e-03   3.4407895e-01   2.9747195e-01  -6.4724974e-01
   2.0000000e+00   2.2038445e+00  -7.5925673e-03   1.9470444e-01  -3.6798123e-01   1.2851784e+00  -9.7577843e-01
   2.0000000e+00  -5.8822600e-01  -3.0618769e-01  -1.7204845e+00  -5.1114801e-01   8.2587856e-01   1.2650156e+00
   2.0000000e+00   9.6641628e-01   2.3227693e-01  -1.9082404e+00   7.0626606e-01   1.1670525e+00   1.3275071e+00
   1.0000000e+00   6.4536936e-01   3.3634668e-02   1.1799816e+00   6.2774253e-02  -2.3421655e-01   2.3913762e-01
   2.0000000e+00  -7.4692377e-01   1.2194049e+00  -1.1722233e+00  -4.0827379e-01  -8.0918201e-01  -4.4622021e-01
   2.0000000e+00   1.1993045e+00  -1.6257632e+00   8.1282401e-01  -1.5613661e+00   5.9172876e-01   1.9317088e+00
   2.0000000e+00  -5.8555892e-01   1.9532650e-01  -8.9424800e-01   8.9186267e-01  -2.6908740e-01   1.6200950e+00
   1.0000000e+00   6.4061785e-01  -4.3234354e-01   6.3014972e-01   3.2190691e-01  -1.9899158e+00   9.6112727e-01
   2.0000000e+00  -1.4829436e+00  -5.6067431e-01  -3.0472503e-01   3.0707541e-02  -5.2998330e-01   5.0456110e-01
   2.0000000e+00  -6.5963394e-01   1.1938396e+00  -8.2706691e-02  -3.4106876e-01   2.9549230e-01  -2.2905815e-01
   2.0000000e+00  -1.6664953e-02   1.2233659e+00   1.2483699e+00  -1.2684878e+00  -3.3772295e-02   1.1358045e+00
   2.0000000e+00   3.4344363e-01  -1.5477185e+00   9.9604217e-02  -1.1700025e+00  -1.0329760e+00  -8.4656824e-01
   2.0000000e+00   5.0056837e-01   1.3711548e+00   6.7374878e-01   1.6011695e+00   9.3820831e-01  -6.8689848e-01
   1.0000000e+00   2.5099721e-01  -2.5719636e-01  -9.2059646e-01  -5.3464088e-01   5.6781782e-01   1.3026039e+00
   2.0000000e+00   2.3226694e-01   5.7509513e-01  -2.6643426e-01  -2.0081514e+00  -1.4388826e+00   4.5580516e-01
   2.0000000e+00   1.4466030e+00  -6.6156134e-01  -5.7505407e-01   1.3881663e+00   1.1782057e-01   5.7817901e-01
   2.0000000e+00   1.2327547e-01  -3.4741016e-01   3.7406189e-01   1.4239694e+00  -9.5126241e-01   1.0307893e+00
   2.0000000e+00  -8.5896544e-01  -7.2915566e-01   2.5634402e-01  -9.0461938e-01   3.8059920e-01  -4.1516870e-02
   2.0000000e+00  -9.7949262e-01   8.8193650e-01   5.2241493e-01  -6.4369796e-01   1.1947320e+00  -5.8520913e-01
   2.0000000e+00  -1.3098270e-01  -3.0559562e-01  -1.8543838e-01  -3.5979487e-01   1.3781813e-01  -5.7903120e-01
   2.0000000e+00  -4.8073950e-01   2.6371601e-01  -1.9354409e+00  -3.8626610e-01  -7.5676347e-01  -5.7066899e-01
   2.0000000e+00  -7.4722198e-01   4.7492085e-01  -4.7315631e-01  -2.2942062e-01   7.8021443e-01  -9.2408790e-01
   2.0000000e+00   9.0374922e-01   1.7952054e+00  -9.3687203e-01   1.3658882e+00  -1.4668571e-01   4.0062446e-01
   2.0000000e+00  -8.0245127e-01  -2.1889984e-02  -2.7442831e-01  -1.5259679e-01  -1.3702853e-02  -7.6391902e-02
   1.0000000e+00   1.7046461e-01  -3.2489705e-01  -1.3856559e+00  -4.4217162e-01  -5.0521704e-01   1.9800293e+00
   1.0000000e+00   7.8510421e-01   8.6751979e-01  -4.7531244e-01  -3.2132444e-01   2.4611223e-01   2.5564513e-01
   2.0000000e+00   9.1826464e-01  -6.7793200e-01  -6.7573363e-01   6.8912254e-01  -2.0262202e-01  -2.4349884e-01
   2.0000000e+00  -5.4535453e-01  -7.0990631e-01   4.2868223e-01  -1.3001952e+00  -2.8379877e-01   1.6992812e-01
   2.0000000e+00  -9.0306784e-01   8.5696096e-01  -1.5061243e+00  -1.0608346e+00  -8.4051162e-01  -1.6254913e+00
   1.0000000e+00   2.7022797e-01   8.9928168e-01  -1.0737809e+00   5.7076752e-01  -7.1471404e-01  -6.4898230e-01
   2.0000000e+00  -2.7277132e-01   1.8327962e+00   1.7320848e-01   5.4082103e-01   6.0351688e-01   2.0953898e+00
   2.0000000e+00   1.0907491e+00   1.2463929e+00  -1.4918515e+00  -1.0642430e-01   2.0431334e-01  -4.7445107e-01
   1.0000000e+00   4.1166543e-01   1.2049124e-01  -2.0351233e+00   8.4354810e-02   9.7181411e-01   3.2801696e-01
   2.0000000e+00  -4.2615083e-01  -9.4561880e-01   8.9106689e-01   1.9436303e+00  -4.7664418e-01  -1.8560533e-01
   2.0000000e+00  -1.3067735e-01  -3.5281986e-01   2.9307552e-01  -7.5045721e-01   8.1044173e-01   1.7573454e-01
   2.0000000e+00   1.9100336e+00   5.7602174e-01  -1.0369022e+00   7.3229359e-01   1.1788907e+00  -1.7483301e-01
   2.0000000e+00  -6.3554737e-01   1.8512686e-01   3.1395784e-01  -1.0175356e+00  -8.3101687e-02  -1.3157388e+00
   1.0000000e+00   4.4076140e-01  -6.9501592e-01  -2.2833644e+00   2.3223638e-01   8.0843504e-01  -2.3004812e-01
   1.0000000e+00   3.8504336e-01  -2.0359274e-01  -5.8253520e-01   7.1801903e-02  -9.1962083e-01  -1.9281548e+00
   1.0000000e+00   8.1423646e-01   2.1550843e-02   6.4420802e-01  -4.8075529e-01   1.0789850e+00   3.0941344e-01
   2.0000000e+00  -3.4024320e-01  -2.9299282e-01   1.8116237e-01   3.0485070e+00   2.6913878e+00  -6.3958916e-01
   2.0000000e+00  -9.7351612e-01   1.8583507e+00   1.4711930e-01  -4.2948628e-01   3.3564207e-02  -3.9569719e-01
   2.0000000e+00  -1.8277139e+00  -7.1245823e-01   5.1156151e-01  -2.0365317e+00   1.5026069e+00  -9.3149264e-01
   2.0000000e+00  -6.2779820e-01   2.6706750e-01  -4.8534838e-01  -5.4226576e-01  -8.7868466e-01  -2.0598184e-01
   1.0000000e+00   1.5783323e-01   4.1681385e-01   7.7977299e-01   5.6445639e-01  -1.7028536e+00   1.9406803e+00
   1.0000000e+00   4.9418632e-01  -5.5212607e-01   2.1300165e+00  -5.1738428e-01  -1.8894802e-01   3.1982184e-01
   2.0000000e+00  -1.1771716e+00  -1.2581549e+00  -2.3592952e+00  -1.0017314e+00  -1.1831207e+00   1.1903004e+00
   2.0000000e+00  -1.5519898e+00   7.0807814e-02  -1.0568012e-02   4.9624197e-01   8.1960128e-01   5.5984509e-01
   2.0000000e+00   1.5624257e+00  -9.6121086e-01  -2.0653387e+00  -1.4822164e-01  -1.1614013e-01  -1.6626421e+00
   1.0000000e+00   7.2400090e-01   1.7831204e+00   3.7926280e-01   4.4250769e-01  -3.6075691e-01  -1.0613150e+00
   2.0000000e+00   1.7793313e+00  -4.7582031e-01  -9.2228576e-02  -5.7849118e-01  -2.6187846e+00   4.8384532e-01
   1.0000000e+00   6.8346345e-01  -1.2400602e+00  -4.8389505e-01   5.0485433e-01   1.4906101e+00  -7.6354309e-01
   2.0000000e+00  -9.6160072e-01   1.5907525e+00  -9.5143612e-01   1.9272835e+00   2.2136151e+00  -3.1485808e+00
   2.0000000e+00   1.0982416e+00   1.2119484e-01   1.5679855e-01   6.6874772e-02  -2.4837252e-01   1.1937235e+00
   2.0000000e+00   2.1834562e+00   2.2276573e+00  -1.2920021e-01  -2.2055460e-01   4.1686822e-01   2.0160701e+00
   2.0000000e+00   1.3277546e+00   1.6877864e+00  -1.7270183e+00  -7.6671427e-01   2.6884889e-01  -9.5561681e-01
   2.0000000e+00  -1.4382640e+00   7.3856050e-01  -1.9639376e+00  -5.1709971e-01   1.0750042e+00   1.4704969e+00
   2.0000000e+00  -7.9436123e-02   7.9732233e-01   2.2435721e-01  -1.3183535e+00  -5.3814226e-01  -8.9165993e-01
   2.0000000e+00   1.7834838e-01  -5.1431661e-01   4.0283031e-01   1.7692567e+00  -1.6698481e+00  -1.5914486e+00
   2.0000000e+00  -1.1738419e+00  -1.4079302e+00   1.5920593e+00   1.8821613e-01  -1.7490849e+00  -2.7264971e+00
   1.0000000e+00   5.1542044e-01   1.5760479e+00  -6.2678342e-01  -2.8233079e-01   1.9693815e+00  -1.2888237e+00
   2.0000000e+00  -7.2258531e-01   4.0580448e-01  -7.1058808e-01   3.1169638e-01  -1.4872739e-01   1.9430505e+00
   2.0000000e+00  -1.2736086e-01   4.0113121e-01   1.6037928e+00   1.0364817e+00   3.2123538e-01   4.9853498e-01
   2.0000000e+00   1.8454115e+00   2.8669790e-01   3.4191312e-01   1.4966703e+00   2.7986474e-02  -5.8168814e-01
   2.0000000e+00   1.0274851e+00   7.7453498e-01   9.3302985e-01   1.0779198e-01   1.8924127e+00  -1.3909763e-01
   2.0000000e+00  -8.5123163e-01   9.0817041e-01  -5.5642060e-01  -3.5565292e-03  -8.4702160e-03   1.4185468e+00
   2.0000000e+00   1.2334987e-01  -3.1016282e-01  -5.4966459e-01  -1.5244599e+00  -3.2925651e-01   2.8334365e-01
   1.0000000e+00   6.6974444e-01   4.0965584e-01   1.3446194e+00  -2.6078413e-01   1.1737023e+00  -6.2640903e-01
   1.0000000e+00   1.9951442e-01  -1.9964075e-01  -4.8911776e-01   9.0445044e-01  -3.1966551e-02  -8.6051423e-01
   2.0000000e+00   1.1427481e+00  -2.6535756e-01  -3.7281861e-01   2.7438448e+00  -1.3983877e+00   9.6650022e-01
   2.0000000e+00  -5.2712343e-01  -9.3824260e-01  -4.6149590e-01  -2.9188524e-02  -1.3133987e+00  -4.7696029e-01
   2.0000000e+00   1.3125683e+00   2.2443215e+00   1.5643474e+00  -9.7861506e-01  -8.8241751e-01   1.3572271e-01
   2.0000000e+00   3.2436973e-01   7.5761342e-01  -1.2014263e+00  -9.6299228e-01  -1.5125002e-01   9.5392670e-01
   1.0000000e+00   4.4585974e-01   6.4534689e-01   5.2924656e-01   1.8457069e-02  -1.2213234e+00   8.9641165e-01
   2.0000000e+00   3.7416982e-01   8.7800820e-01  -8.0449323e-01  -1.1254805e+00  -9.9500310e-01  -3.6642646e-01
   2.0000000e+00   7.2113214e-02   3.7956944e-02  -1.4590156e+00   2.0969578e+00  -6.2861805e-01  -1.5600528e+00
   2.0000000e+00  -7.8017206e-01   7.8631137e-01   1.0152609e-01   3.9915676e-01  -3.5343568e-02   3.9792028e-01
   2.0000000e+00   5.6270688e-01   1.9271108e-01  -8.1302680e-02   1.8520544e+00  -1.1793552e+00  -6.6770254e-01
   2.0000000e+00  -5.0809861e-01   9.2677501e-01  -7.0383864e-01   2.0166034e-01  -5.4176926e-01   2.3640478e-01
   1.0000000e+00   7.0285150e-01   1.0814155e+00   3.7278233e-01   3.3631066e-01  -1.2814602e+00  -5.7802296e-01
   2.0000000e+00   1.0906051e+00  -1.5982058e+00   1.5048705e-01  -2.6807528e-01  -6.0919853e-01  -1.1824280e+00
   2.0000000e+00  -1.3709560e-01   3.2117663e-01   9.3882742e-01   5.7532966e-01   2.7740885e-01   1.4856491e-01
   1.0000000e+00   5.1718141e-02  -1.5219705e-01   4.9556462e-01   4.0882244e-01   5.7013493e-01  -1.2389703e-01
   2.0000000e+00   1.0508154e+00  -2.2519397e+00  -7.1198007e-01  -5.9556860e-01   3.3115262e-01  -3.3696035e-01
   2.0000000e+00   8.8035772e-01   4.5096826e-01   1.9716407e-01  -1.0947497e-01  -3.0430917e-01  -2.5258124e+00
   2.0000000e+00  -4.6169800e-01   1.9400088e-01   7.2270724e-01  -1.6545804e+00   9.8084182e-01  -1.5249495e+00
   1.0000000e+00   6.0572530e-01   8.9355891e-01   4.5996622e-01  -1.9943256e-01   4.4308524e-01   1.2719811e+00
   2.0000000e+00   1.0287882e+00  -6.7804081e-01   7.4891605e-02   1.8611270e+00  -8.9402078e-01   9.1232971e-01
   2.0000000e+00  -5.8033667e-01  -4.8713123e-01  -1.5848597e+00  -1.3789081e+00  -8.3720157e-01  -2.4101522e+00
   2.0000000e+00  -1.1773894e+00  -7.3835718e-01  -3.0231501e-01   1.0348957e+00   2.3783471e+00   2.6214518e-01
   2.0000000e+00  -9.9857498e-01  -1.8026494e+00  -1.4286218e+00   2.5504106e+00   1.1752514e+00  -4.4264955e-01
   2.0000000e+00  -2.8681170e-01  -7.5156325e-02  -4.8272871e-01   1.3320678e+00  -1.4793604e+00   9.9362080e-01
   2.0000000e+00  -1.5035453e+00  -4.9015715e-01   5.5618482e-01   7.9900257e-01  -2.3381995e+00  -7.9248070e-01
   2.0000000e+00   1.4914648e+00   4.5522761e-01   1.3860277e-02  -1.1386469e-01  -5.4944428e-01  -2.2226820e-01
   2.0000000e+00   3.1286122e-01   5.6092511e-01  -4.1182446e-01   1.3101577e+00  -2.0305670e-01  -7.6780888e-01
   2.0000000e+00  -1.8713247e-01  -6.2145990e-02   1.0896675e+00   9.1543028e-01  -3.1043025e-01   1.0465196e+00
   1.0000000e+00   7.5409607e-01  -1.8639575e+00   1.2610957e+00  -1.5633553e-01  -6.3804136e-01   6.8896713e-01
   2.0000000e+00  -8.7497297e-01   2.1511652e+00   3.1240522e-01  -2.0277430e-01  -9.6514838e-01   4.8769651e-01
   2.0000000e+00  -6.4118533e-01   4.8232979e-01  -1.3564320e+00  -2.1653772e+00  -9.1607559e-01  -7.5407903e-01
   2.0000000e+00   9.3355772e-01   1.1929864e-01  -2.7562608e-01  -6.5380783e-01   5.5450756e-01   6.5022092e-01
   2.0000000e+00  -4.2981779e-01  -4.6452427e-01  -6.1760041e-01   1.5922645e+00  -2.0430087e+00  -1.1269552e+00
   2.0000000e+00  -8.9997098e-01  -1.0134799e-01   4.2382474e-01  -3.1916452e-01   3.0443345e+00  -5.4214371e-01
   1.0000000e+00   9.7495250e-02  -3.6015004e-02  -2.1036397e+00   9.4041136e-01   1.8886430e-01   8.5520886e-01
   2.0000000e+00  -1.5148408e-01  -5.2131088e-01   5.2757006e-01  -3.8098598e-01  -2.2945091e-01   6.7969320e-01
   2.0000000e+00  -3.4766730e-01  -8.4949629e-02   3.2587360e-01  -4.5099705e-01   1.5466697e+00  -1.3581538e-01
   1.0000000e+00   2.1991209e-01  -1.3773891e+00   1.2679366e+00   7.6563572e-01   3.5188519e-01  -5.2032147e-01
   2.0000000e+00  -5.9896089e-01  -1.1201040e+00  -1.3737662e+00   1.3163694e+00  -8.7692725e-01  -7.1752804e-01
   2.0000000e+00  -5.6105433e-01  -1.0872863e+00  -2.1531751e-01   1.0798792e+00   1.8976123e-01   1.7530893e-01
   2.0000000e+00  -8.0946530e-01   7.7264453e-01   3.7393350e-01  -2.7676512e-01  -3.3131984e-01   2.5012322e-01
   2.0000000e+00  -1.6217707e+00   3.8014488e-03   8.5573602e-01   1.1567482e-03  -1.8442809e-01   6.6458528e-01
   2.0000000e+00  -1.6822573e+00   4.2459822e-02  -1.4575209e+00   4.3805204e-01  -3.1401204e+00  -2.1138648e-01
   2.0000000e+00   6.3974786e-01  -5.4740608e-01  -1.6748701e+00   7.8737087e-01  -2.4649092e+00   8.4191506e-01
   2.0000000e+00  -1.9160958e+00   9.8455791e-02   6.5800611e-02   1.5445059e+00   5.0584954e-01  -9.4959119e-01
   2.0000000e+00  -6.3751494e-01  -2.8523084e-01  -2.3278321e-01   5.6557454e-01  -9.7316414e-01  -7.6772196e-01
   2.0000000e+00  -3.0140604e+00  -1.2001514e+00  -1.2156202e+00   1.0900490e+00  -9.3818367e-01   9.9485779e-02
   2.0000000e+00   7.2539025e-01   7.2707396e-01  -1.4394849e+00  -1.1835769e+00  -5.1198708e-01   8.2114878e-01
   2.0000000e+00  -1.5427792e-01   1.2619913e+00  -1.0491136e+00   1.4552523e+00  -7.4426696e-01  -3.3500723e-01
   2.0000000e+00   6.8272394e-01  -5.8571355e-01   1.9292456e-01   1.6245584e+00  -1.4247109e+00   3.0399701e-01
   2.0000000e+00  -1.1254945e+00  -9.0848808e-01  -1.6783716e+00   1.3462235e+00   1.2680481e-01  -1.5752673e-01
   1.0000000e+00   3.8291405e-01   6.6608865e-01  -6.9689527e-01   4.0224254e-01  -4.8339885e-02   2.1227512e-01
   2.0000000e+00  -5.6940493e-01   1.2343631e-02  -6.6669898e-01   1.7729857e-01   3.3204691e-01   1.5567884e+00
   1.0000000e+00   4.5795856e-01  -5.4730151e-01  -2.4686590e-01  -6.5481613e-01  -4.1360889e-02   4.0017942e-01
   2.0000000e+00  -8.4124831e-01   2.6643155e-02   1.9411809e-01  -6.6976793e-01  -4.1542497e-02  -2.5726049e-02
   2.0000000e+00  -2.3890811e+00  -1.3779620e+00   7.6595638e-01  -6.3268854e-01  -9.3935447e-01  -9.9414041e-01
   2.0000000e+00  -4.8201855e-01   3.6817043e-01   2.4778188e-01   2.0776804e-01   2.1183282e+00   1.6395829e+00
   2.0000000e+00   1.0662271e+00  -5.8561490e-01   1.4059760e+00  -6.2476775e-01  -4.7349434e-01   1.3998834e+00
   2.0000000e+00  -2.4912304e-01  -2.4576727e-02   1.7665379e-01  -1.5711909e-02   4.6252804e-01  -6.7461342e-01
   1.0000000e+00   2.5838547e-01   1.1667873e-01  -5.2355788e-01   8.7373605e-01   3.2170778e-01   1.0730842e+00
   2.0000000e+00  -1.8270274e+00  -3.3205739e-01  -3.5345160e-01   6.2097950e-01   1.8930472e+00  -1.1961142e+00
   2.0000000e+00   4.8835891e-01   1.7968962e-01  -2.1512646e-01  -1.3388075e+00   1.7839571e-01   5.7872727e-01
   1.0000000e+00   1.1687100e-01  -4.9049730e-01   3.2894461e-02  -7.3093820e-01  -1.7163818e+00  -2.3700782e-01
   2.0000000e+00  -3.7120639e-01   1.4746168e+00   4.1694980e-01   6.8328017e-01   8.1454757e-01   9.8999439e-01
   1.0000000e+00   3.1944141e-02   4.4975815e-02  -1.7991982e+00   1.2705465e-01   5.4963384e-01   8.9522586e-01
   2.0000000e+00   3.4730644e-01   7.2194400e-01  -1.4662966e+00   1.6162488e+00  -8.8956087e-02   5.8457297e-01
   2.0000000e+00   1.5887486e+00   1.8189256e-01  -2.4470935e-01  -1.0994196e+00  -4.9909002e-02   9.7706884e-01
   1.0000000e+00   3.0826319e-01   6.8200833e-01   2.1465463e+00  -6.0463388e-01   2.5723209e+00  -1.4077281e+00
   2.0000000e+00  -6.9392764e-01  -4.7606061e-01  -5.9159573e-01  -2.0097676e+00  -6.8778612e-01   2.4811033e-01
   2.0000000e+00   1.4648728e+00   9.7752363e-01  -5.1821322e-02  -1.6605653e-01  -3.1309460e-01  -2.2095616e-01
   1.0000000e+00   6.8915479e-01  -8.4030413e-01  -6.3926187e-01  -5.5168666e-01   1.1819410e+00  -1.2746206e-01
   2.0000000e+00  -9.6228623e-02  -4.6769262e-01  -1.7726274e+00   1.1059085e+00   7.0257511e-01   6.5819809e-01
   2.0000000e+00  -1.0197319e+00   1.3161106e+00   2.8013610e-01   1.2504228e+00   9.4049554e-01   5.5254959e-01
   2.0000000e+00  -2.0322703e+00  -9.7204199e-01   1.1464339e+00  -5.5340781e-01   1.4114047e+00   4.7810991e-01
   2.0000000e+00  -5.1977199e-01   8.2177291e-01  -1.9847105e+00   1.8585931e-01  -9.8079583e-01   2.2295138e+00
   2.0000000e+00  -7.7344334e-02   4.8481147e-01  -1.1485832e+00   1.4124991e+00   4.4406950e-01  -1.0525408e+00
   2.0000000e+00  -7.9746489e-01  -1.9036016e+00   8.6190270e-01  -1.0725132e+00  -6.5776632e-02   3.4159329e-01
   2.0000000e+00   1.1226873e+00  -3.8657392e-01  -1.3961967e+00   1.0720106e+00   1.1830244e-01   7.4903077e-03
   2.0000000e+00  -8.8200719e-01   1.6647725e+00  -5.1400920e-01   4.0533202e-01   1.6461701e+00  -1.5363299e+00
   2.0000000e+00  -1.1430235e+00   2.0840073e+00  -5.3850745e-01  -8.8018324e-02   1.6414887e+00  -1.7038150e+00
   1.0000000e+00   6.6328320e-01   1.8968151e-01  -3.6189080e-01   6.8923233e-02  -8.7482292e-01   7.5735636e-01
   2.0000000e+00  -1.1629118e-01   9.4258797e-01  -2.2487626e-01  -6.5406775e-01  -1.8690464e+00  -1.5843363e+00
   1.0000000e+00   7.7477899e-02   1.0210927e+00  -7.3405326e-01  -4.1041802e-01  -4.0131851e-01  -2.1548709e-01
   2.0000000e+00  -1.8111881e+00  -1.2903999e+00   6.4234601e-01  -1.6593797e+00   1.2169841e+00  -9.4759517e-01
   2.0000000e+00  -8.9741683e-01   6.3302505e-02  -1.4176591e+00  -2.1559162e-01  -1.1223291e-01  -1.3758793e-01
   2.0000000e+00  -1.5866470e+00   5.0420949e-01  -1.4034693e+00  -2.6622319e-02  -5.7706257e-01  -1.1743023e+00
   1.0000000e+00   2.9261727e-01   7.0164206e-01  -9.2990708e-01  -1.6904493e-02  -8.8332274e-01  -1.5111214e-01
   2.0000000e+00   6.7164712e-01   3.6225915e-01  -1.6419323e+00  -7.7146256e-01  -1.6514793e+00  -7.5603249e-01
   2.0000000e+00  -1.0074832e+00   6.4462178e-01   3.2722298e-01   7.8172306e-01   7.1707833e-02  -4.7840757e-01
   1.0000000e+00   6.9983424e-02  -1.5202102e-02   8.1967109e-01  -1.7535379e-01   1.1332365e+00   4.3291794e-01
   2.0000000e+00  -3.5077781e-01  -6.0538822e-01   4.6306384e-01   1.3723028e+00   2.4329735e+00   1.2876146e+00
   1.0000000e+00   1.6169448e-01   9.5959628e-02   4.6618399e-01   7.8446022e-01  -2.6594672e-01  -8.8701713e-01
   2.0000000e+00  -1.2517511e+00  -5.3008754e-01  -1.0045969e+00   1.2135587e-02   1.1077844e+00   4.9956760e-01
   2.0000000e+00   6.8588519e-01   2.2357415e-01  -6.3659272e-01   1.7822920e+00   5.8144299e-01  -2.7383477e-01
   2.0000000e+00   1.7275135e-01  -9.1830454e-01   1.5738998e+00  -1.1597238e+00   3.9023593e-01   5.7942472e-01
   2.0000000e+00  -1.5122171e-01   2.0214461e-01   3.8361811e-01  -1.0916912e+00   1.2884380e+00  -1.4679763e-01
   2.0000000e+00  -7.9366874e-01   3.6380209e-01  -5.8464659e-01   1.0798224e+00   2.0050791e+00  -8.6352039e-01
   2.0000000e+00   1.1272100e+00   4.1401198e-01  -2.6173494e-01   6.5710251e-01   1.3386796e+00   5.9273722e-01
   1.0000000e+00   1.5212000e-01   1.0696490e+00  -1.0470435e+00  -2.4721319e-01   1.8934178e+00  -1.7388526e+00
   2.0000000e+00  -1.1926098e+00   5.8227909e-01  -7.5113099e-01  -3.4831042e-02   1.4439355e+00  -1.2140011e+00
   2.0000000e+00   2.8314595e-01   5.7706426e-01   7.2176205e-01  -1.3936921e+00   3.0417999e-01  -1.1941430e+00
   2.0000000e+00  -6.4001152e-01   1.3212624e-01  -4.2675068e-01  -1.0745307e+00  -6.0978240e-01  -4.2869123e-01
   2.0000000e+00  -1.1683446e-01  -1.0677384e+00  -1.0223151e+00  -3.7983862e-01   2.6720165e-02  -7.2346894e-01
   2.0000000e+00  -3.1681922e-01   1.2116117e+00   1.1328616e+00   7.5707315e-01   2.6255640e+00  -4.7511090e-01
   1.0000000e+00   5.3172140e-01   7.7985154e-01   1.3028841e+00   5.4376228e-01   2.0596866e+00   1.7872684e+00
   2.0000000e+00  -2.3459502e+00  -8.0887875e-02  -1.2412328e+00   1.7290191e+00  -1.2471627e+00   3.1652918e-01
   2.0000000e+00  -7.6601069e-01  -3.7277109e-01  -3.6752767e-01   8.7689277e-01   6.2870346e-02   6.0081801e-01
   2.0000000e+00  -1.9222083e-01  -1.9184778e+00   2.4511044e-01   9.9565854e-01  -1.5012370e+00  -6.9271801e-01
   2.0000000e+00  -4.2462206e-01   2.1738808e-01   1.1807993e+00  -5.3987515e-01   1.6681673e-01  -5.3636955e-02
   2.0000000e+00  -1.5766559e+00   9.2738613e-01   1.1463356e+00  -9.2519820e-01  -3.8354322e-01   9.9606843e-01
   2.0000000e+00  -6.0176720e-02   7.3144806e-04  -1.0145320e+00  -1.0524642e-01  -8.2382517e-01  -2.1908167e-03
   2.0000000e+00   2.6868039e-01   3.6633515e-01  -1.8551254e-02  -1.2678063e+00  -8.1425936e-01   3.2929596e-01
   2.0000000e+00  -6.6503522e-01   8.5973504e-01   3.9433294e-01   5.3900815e-01   8.6914923e-01   1.1213096e+00
   2.0000000e+00  -1.4275914e+00   2.3218951e-01   2.0121847e-01  -7.4809349e-01  -7.4464104e-01  -2.7227900e-01
   2.0000000e+00  -4.7423848e-01   3.2134491e-01   3.3990526e-01   1.4117304e+00   5.9171635e-01   7.5410995e-01
   2.0000000e+00  -5.1161513e-02  -5.5361904e-01  -3.7262607e-01  -1.1407078e+00   7.4279086e-01  -6.6922691e-02
   2.0000000e+00   1.5651212e+00   2.2985668e+00  -2.8507710e-01  -1.6534179e-01   9.1915626e-01   2.5517996e+00
   2.0000000e+00  -5.8584279e-01  -1.5419662e+00  -1.1464407e+00   1.1103765e-01   1.0361988e+00  -2.1884191e-02
   1.0000000e+00   3.6000774e-01   6.5418675e-01  -5.9989389e-01  -2.2625936e-01  -4.2805171e-02  -7.7617682e-01
   2.0000000e+00   2.7583881e-01   2.1693131e+00   1.8414094e-01  -1.0141223e+00   1.6240602e-01  -5.7490762e-01
   2.0000000e+00  -1.5189931e+00  -6.1923531e-01   1.7302723e+00  -1.1121251e+00  -7.9141486e-01  -1.5588920e+00
   2.0000000e+00   1.5626731e+00  -3.2378989e+00   2.0492461e+00   2.0205079e+00   1.8817595e+00   7.9363838e-01
   2.0000000e+00   5.3397042e-01   1.3315082e+00  -5.7312115e-01  -8.9443143e-01  -9.9731497e-02  -1.0971048e-01
   2.0000000e+00  -1.4620324e+00   1.3532513e+00   1.6053206e+00   5.8671957e-01   5.8774291e-01   1.2515766e+00
   2.0000000e+00  -1.8198987e+00  -3.4906199e-01   6.7240581e-01  -5.8797793e-01  -3.0184609e-01   8.2706024e-02
   2.0000000e+00  -2.2489438e-01  -4.6087430e-01  -1.8737243e+00   2.8354056e+00  -3.0420258e-01  -2.3270047e-01
   2.0000000e+00   1.8967089e+00  -2.8055904e-02   1.1779249e+00  -5.5107855e-01   5.4916129e-01  -1.4753872e+00
   2.0000000e+00   1.2550832e+00   1.5790777e-01  -2.3039545e-01   2.7062111e-01   1.0070237e+00  -5.3497817e-01
   1.0000000e+00   3.1592851e-01  -8.8305799e-01   1.8432879e-01  -1.4492579e-01  -8.7598494e-03   1.6446144e+00
   1.0000000e+00   1.4697456e-01   7.7462794e-02  -1.4304039e+00   1.6668295e-01  -7.0044111e-01   4.0107171e-01
   2.0000000e+00  -5.6343738e-01   7.7268211e-01  -7.7743987e-01   3.3717106e-01   7.0189865e-01   2.1574175e+00
   2.0000000e+00  -6.2351330e-02  -6.0729496e-02  -2.3888158e-01  -1.7980348e+00   2.1741000e+00  -8.2662928e-01
   2.0000000e+00   5.2952101e-01  -1.5225188e-01   6.4869914e-01   1.0739883e+00   8.3866439e-01  -3.8166235e-01
   2.0000000e+00  -1.7520982e-02   2.9869880e-01   6.3274323e-01  -1.0577990e+00  -9.7826602e-01   8.0771770e-01
   2.0000000e+00   1.5788859e+00   1.2636959e-01   5.4272631e-02   5.1106031e-01   1.2021731e-01   9.6596963e-01
   2.0000000e+00   1.5682057e-01   6.1364643e-01  -5.9304357e-01  -2.1417760e-01   1.4606894e-01  -2.0699979e+00
   2.0000000e+00   1.0615953e+00   1.2796183e+00  -3.6105925e-01   7.2615974e-01   5.3636772e-01  -5.2906500e-01
   2.0000000e+00  -1.2481688e-01   2.0868419e+00  -1.8001826e-01   1.6431482e-02  -3.5653458e-01  -2.5079225e-01
   2.0000000e+00  -5.7874911e-01  -2.5377541e-01   9.4987525e-01  -6.6059794e-01  -1.3642356e-01  -2.3542816e-01
   2.0000000e+00   6.3593826e-01   7.6646546e-01  -1.1041992e+00  -2.5781376e+00  -2.5811471e+00   1.0686621e-01
   2.0000000e+00  -1.2527941e+00   5.1352595e-02  -1.4578819e-01   8.8664328e-02   9.5577879e-01   9.6759878e-01
   2.0000000e+00  -4.2599745e-01  -5.5248223e-01   9.1871454e-01  -2.0526206e+00   1.8447075e+00   7.6317235e-01
   2.0000000e+00   1.9446338e+00   6.3966986e-01  -3.5993970e-01  -4.5077187e-01  -3.5366758e-01  -6.0504587e-02
   2.0000000e+00  -1.3539472e-01  -4.9429826e-01   7.3865122e-01   2.1865048e+00  -6.6554898e-01   1.6745090e+00
   2.0000000e+00  -1.7745281e+00  -4.1631734e-01   1.2553259e+00  -3.8373153e-01   7.0804718e-01  -8.5012468e-01
   2.0000000e+00   2.1206611e+00   1.9829992e+00  -1.9206272e+00  -2.1161799e+00   5.7363584e-01  -4.5200867e-01
   1.0000000e+00   1.2935115e-01   1.9277047e+00  -8.1643888e-01   6.3553809e-01  -9.7143912e-01   1.5496500e+00
   2.0000000e+00  -8.8483412e-01  -2.8591570e+00  -3.6514435e-01   2.3266694e-02  -2.0467837e+00   4.7490578e-01
   1.0000000e+00   5.2399863e-01  -5.6041244e-01   6.0149641e-01  -3.0222930e-01   6.6150498e-01  -3.8112802e-02
   1.0000000e+00   4.6730443e-01  -7.7653808e-02  -1.2061615e+00  -1.2045491e-01  -8.5925168e-02   4.7200763e-01
   2.0000000e+00   1.9198971e-01  -2.7601086e+00  -3.4161577e-01  -1.6756555e+00   1.1978314e+00  -2.3493771e-01
   2.0000000e+00  -5.8021631e-01  -9.0244446e-01  -4.4822333e-03   4.0755780e-01  -2.2573112e+00   6.2163313e-01
   2.0000000e+00  -9.7662639e-01   8.6708515e-01   7.0710136e-01  -1.5342888e+00  -9.0684181e-01  -1.4936211e+00
   2.0000000e+00  -7.7019734e-01   1.1705820e+00   1.8019479e-01  -2.2477358e-02   7.9198339e-01  -1.2340071e+00
   2.0000000e+00  -7.0033980e-01  -4.0127950e-01  -1.9680256e+00   5.6019813e-01  -1.6591027e-01  -1.4856038e-01
   2.0000000e+00  -2.1539146e+00   2.4584336e+00  -7.7926138e-02   2.1068695e+00   7.3047278e-02   5.1483004e-01
   2.0000000e+00   5.4220064e-01  -9.4053512e-02   1.4198524e+00  -9.2874545e-01   1.5825162e+00   1.9726279e+00
   1.0000000e+00   1.8139537e-01  -3.3323122e-02  -1.7998973e+00   7.2653144e-01   1.0838542e+00  -2.0426156e-01
   1.0000000e+00   1.3386385e-01   1.1292301e+00   7.3924475e-01  -2.4063180e-01  -1.0750824e+00   1.0788056e+00
   2.0000000e+00  -5.9410744e-02  -2.6258648e+00  -8.5589683e-01  -7.0410883e-01  -8.6321031e-01  -3.7298868e-01
   1.0000000e+00   3.9743427e-01  -8.1395217e-01   1.0523230e+00  -1.8611590e-02  -1.0891398e+00   5.5500833e-01
   1.0000000e+00   5.4802941e-01  -1.1756652e-02   5.7964017e-02   4.7201725e-01   9.3459591e-02  -3.1018473e-01
   2.0000000e+00   1.1244926e+00   4.0123235e-01   4.9432995e-01   1.6085677e+00  -1.7025145e-01  -1.1608481e+00
