   2.0000000e+00   1.1632653e+00  -5.6137411e-01  -9.1255967e-01  -1.3433529e+00  -8.0096787e-01  -1.3303224e+00
   2.0000000e+00  -6.3130550e-01   1.5117403e-01   2.9166407e-02  -1.1010209e+00  -1.3406179e+00  -1.9370524e-02
   2.0000000e+00   1.1450013e+00   4.3299692e-01  -1.5647009e-02   5.1686833e-01  -4.1697706e-01   6.6835321e-01
   2.0000000e+00  -7.5511146e-01  -5.5552241e-01  -2.6054821e-01   2.2684652e+00   1.5250481e-01   1.3428290e+00
   2.0000000e+00  -2.3922147e-01   3.6884766e-01   1.3938540e+00   1.1113345e+00  -3.7061008e-01   2.7640461e-01
   1.0000000e+00   9.3767539e-02  -9.4240714e-02  -9.6918471e-01   3.0258578e-01  -1.3098431e-02  -7.0331137e-01
   2.0000000e+00  -1.9484787e+00  -1.0367200e+00   2.2841462e-02   4.0272601e-01  -1.1466577e+00  -1.3698920e+00
   2.0000000e+00  -8.0495894e-01   6.4004147e-02   7.1386683e-01   3.0926094e-01   4.0483470e-01   5.5657531e-01
   1.0000000e+00   1.1294117e-01  -7.7535547e-02  -2.2117143e+00  -4.0196168e-01  -9.3684822e-01   3.3905492e-02
   1.0000000e+00   7.2300695e-01   6.2719261e-01   1.1323776e+00   1.0735352e-03  -4.1087249e-01   1.7475766e+00
   2.0000000e+00  -6.2181804e-01  -1.0257660e+00  -5.0865816e-01  -1.3313229e+00   1.3832218e-01   1.3209484e-01
   2.0000000e+00  -6.3041913e-01   4.9575218e-01  -1.9357321e+00  -1.6137576e+00   6.0089834e-01  -4.3804294e-02
   2.0000000e+00   4.1584164e-01  -1.2613140e+00  -1.3652816e+00   1.3372634e+00   7.7701647e-01  -1.6280818e+00
   1.0000000e+00   7.9168444e-01  -3.4664907e-01  -2.2763072e-01   5.0645836e-01  -1.9821565e-02  -4.8193911e-01
   2.0000000e+00   5.8194329e-01  -9.6822207e-01   8.0206358e-01  -1.2298040e+00  -1.0541781e+00   1.4549183e+00
   2.0000000e+00  -9.7807783e-01   1.1000735e+00  -1.3753163e+00  -1.1143982e+00  -4.2147428e-02  -3.1080250e-01
   2.0000000e+00   4.6187864e-01  -9.8556762e-01   2.1674146e-01   1.2339117e+00   6.9509571e-01   1.4299877e-01
   2.0000000e+00   2.0864282e+00   1.1625443e+00  -4.4734656e-01   2.7686261e-01   2.5530194e-01  -8.2486355e-01
   2.0000000e+00   7.6222588e-01  -9.9700725e-01   1.7585913e+00   6.6569750e-01  -8.5778639e-01   4.2191433e-01
   2.0000000e+00   1.2187470e+00  -3.1572937e-01   1.3816155e+00   4.6462615e-01   3.2885407e-01   4.9148121e-01
   2.0000000e+00  -7.5301914e-01  -1.7200415e+00  -9.1585945e-01   2.8648456e-01   1.6887388e+00  -8.9375257e-01
   1.0000000e+00   3.6331111e-01   1.3783491e-01  -1.9808067e-01  -4.8002841e-02  -1.4494880e+00   6.4163613e-01
   2.0000000e+00  -6.8655789e-01  -8.6269706e-01  -2.8416230e+00  -1.1896754e-02  -7.5853582e-01   6.8450504e-01
   2.0000000e+00   1.0123667e+00  -4.0570354e-01   9.5455889e-01   1.4864990e+00  -1.3928880e+00  -3.1311918e-01
   2.0000000e+00  -7.3172876e-01  -4.6764732e-01   4.9900145e-01   6.3785425e-01  -1.1675373e-01   2.8752477e+00
   2.0000000e+00   1.5065422e+00  -8.9563463e-02  -7.3823643e-01   1.0070134e+00  -1.1438882e+00   1.0581389e+00
   2.0000000e+00   1.1859341e+00  -5.4904657e-01   5.6380742e-01   6.4358905e-01  -8.1309260e-01   2.0092777e-02
   2.0000000e+00   1.1260738e+00  -2.5374065e-01  -4.3509090e-01   1.8729830e+00   1.5510818e+00  -2.4620618e+00
   2.0000000e+00   2.8871997e+00  -2.0037823e-01   8.8926451e-01   5.5604984e-01  -1.7498202e-01  -1.0443927e+00
   1.0000000e+00   5.3318907e-01   1.0565271e+00  -1.5225303e-02   3.1653995e-01  -9.9164796e-01  -2.5041497e-01
   2.0000000e+00  -6.8042534e-02  -2.1080899e+00   5.9747466e-01   4.0766290e-01  -3.5076454e-01   7.0012082e-01
   2.0000000e+00  -1.6234822e+00   3.8962702e-01  -1.0991174e-01  -9.7011969e-01   6.9255930e-01  -2.2018812e+00
   2.0000000e+00  -1.7148456e+00   5.5064790e-01   2.2339015e-01  -1.2909731e+00  -4.2360494e-01   2.3510470e+00
   1.0000000e+00   3.4730898e-01   2.0497143e-02   9.5765161e-01  -4.2433069e-01  -3.9242703e-01   1.4331727e+00
   1.0000000e+00   5.6813104e-01  -1.5449916e+00   4.1492908e-01   5.8589707e-01   9.3079540e-01  -3.2881023e-01
   2.0000000e+00   1.1445972e-01   1.0576447e+00  -6.1496939e-01   1.3315804e+00   7.8125306e-01   7.3957392e-01
   2.0000000e+00   2.9601483e+00   3.2999941e-01   1.0107864e-01  -3.6265049e-01   1.7073478e+00   1.1269702e+00
   2.0000000e+00  -2.5471766e-01   3.4389855e-01  -3.4569395e-01   1.2832936e+00   1.8258487e+00   1.5937605e-01
   2.0000000e+00   1.4417066e+00   2.5833725e-01  -1.0066689e+00  -1.4449216e-01  -2.3622139e-02  -9.6578209e-01
   2.0000000e+00   2.4145444e-01  -1.0706977e+00   1.1588020e+00   1.0939238e+00  -1.1602798e+00  -7.5525042e-01
   2.0000000e+00  -3.1718736e-02  -1.0909799e+00  -1.0451600e-01  -1.3123326e-01   1.9902354e+00   3.4290750e-01
   2.0000000e+00  -1.4031238e-01   1.6587694e+00   1.1252057e+00  -9.0653131e-02  -1.3324505e+00   5.6990534e-01
   2.0000000e+00  -2.2427477e+00  -6.0917536e-01  -1.3840508e+00   7.8723400e-01   7.1968447e-01  -1.0292842e+00
   2.0000000e+00  -1.0116589e+00  -6.1905235e-01   5.1215097e-01   1.0969186e+00  -5.9519186e-01   2.1182758e-01
   1.0000000e+00   4.0320750e-01  -6.7427751e-03   7.2264954e-01  -8.0227242e-02  -1.1068163e+00  -4.2963738e-01
   2.0000000e+00   1.0485959e+00  -4.4992818e-01  -4.7614846e-01   2.2575072e-01   8.9492975e-01   8.9124048e-01
   2.0000000e+00  -1.7675017e+00   2.2627396e+00  -9.0125815e-01   1.6966272e+00   3.1034483e-02   6.1099407e-02
   2.0000000e+00   6.6884386e-01  -1.8772191e+00   1.3115766e+00  -1.6945125e-01   2.0053527e+00   1.7383174e+00
   2.0000000e+00   1.2348981e+00  -1.1925774e+00  -5.7454547e-02   7.7861087e-01   1.8928016e+00  -5.5191179e-01
   2.0000000e+00  -9.4371081e-01  -8.8543629e-01  -1.8718455e-01   2.2178141e+00  -5.3872943e-01   5.0326579e-01
   2.0000000e+00  -3.2223764e-01   5.7631980e-01  -6.5911698e-01   4.0053773e-01   1.2246328e-01   6.8121335e-01
   2.0000000e+00  -9.5811987e-01   4.5999478e-01   8.7949440e-01   1.1058494e-01   1.5733125e-01   1.1001989e+00
   2.0000000e+00  -1.3869373e+00   1.2982877e+00  -1.3016529e+00   5.4245584e-01   1.1956701e+00  -7.6318421e-02
   2.0000000e+00  -4.8449676e-01  -7.8705871e-01  -2.9482256e-01   1.7904057e+00  -4.8276584e-01  -2.5582215e-01
   2.0000000e+00  -7.7638500e-01   4.4962622e-01  -1.5993786e+00  -1.3314649e-01  -7.8586419e-01   1.1099264e+00
   1.0000000e+00   1.4120782e-01  -8.6558661e-01  -1.7812389e-01   6.0829816e-01  -4.5327383e-01  -3.4444818e-01
   1.0000000e+00   4.4436253e-01  -1.4738911e-01  -1.3421713e+00   4.5813021e-01  -9.2913682e-01  -1.1687423e+00
   2.0000000e+00  -1.0486325e+00  -7.9900060e-02   3.7730275e-01   1.5317405e+00  -3.4303214e+00  -1.3183920e+00
   2.0000000e+00  -1.7653809e-02   1.0822811e+00  -4.0083660e-01  -8.1350963e-01   2.5028013e-01   2.4802930e+00
   1.0000000e+00   1.5445505e-01  -4.2858422e-01   9.7533194e-01   9.0617416e-02  -3.7008115e-01   1.6728170e-01
   1.0000000e+00   7.6011415e-01   1.7057014e+00   8.1807753e-01  -4.4406723e-01  -6.0391052e-01  -5.3757008e-01
   2.0000000e+00   9.3761602e-03   4.5343141e-01   3.1421418e-01  -2.0643910e+00  -3.9092354e-01   4.4848495e-01
   1.0000000e+00   5.2747249e-01   1.4120792e-01  -1.4077983e+00   4.1403319e-01   1.2853345e+00   7.8698515e-01
   2.0000000e+00  -1.0680914e+00   6.9046591e-02   1.2551332e+00  -1.0759376e+00  -1.2701361e+00   8.1652536e-01
   2.0000000e+00   1.9415162e+00   6.7760087e-01   9.8087219e-01  -1.2116359e+00   1.6956373e+00  -1.7595753e+00
   2.0000000e+00  -3.5579487e-01  -5.0187198e-01   9.7756242e-01   1.4247476e+00   2.2874956e+00   1.1331964e+00
   2.0000000e+00   1.0693840e+00   4.7718965e-01   4.5759117e-01  -1.1417866e-01   4.3099814e-03  -1.1340660e+00
   2.0000000e+00  -7.7426812e-01  -4.2384997e-02   1.1899206e+00   1.3290784e-01  -2.5614838e-01   4.9943559e-01
   2.0000000e+00  -4.3195463e-01   4.0948533e-01  -1.1153214e+00   1.4593842e-01  -7.6272263e-01   9.9761113e-01
   1.0000000e+00   4.9714485e-01   1.4047305e+00   5.1561802e-01  -3.7026382e-02   1.2333292e+00  -2.3049483e-01
   2.0000000e+00   9.3910681e-01  -9.1130255e-01  -1.1861655e+00  -3.6989350e-01  -2.4277766e-01  -1.0596096e+00
   1.0000000e+00   3.1532723e-01  -2.5215972e+00  -1.0577175e+00   8.2170414e-02  -6.3476772e-01  -3.2210229e-01
   2.0000000e+00  -2.8108384e-01   1.8011235e-02  -1.0325118e+00   2.7349281e-01  -9.4385900e-02   3.0753890e-01
   2.0000000e+00   1.6613819e+00   4.2651434e-02  -1.9365372e+00  -9.6004568e-02  -5.7305504e-01   3.4801444e-01
   1.0000000e+00   5.6064005e-01  -7.2893385e-02  -9.0047944e-01   1.1838910e-01  -1.2068049e-01  -1.4836405e+00
   2.0000000e+00  -1.2526089e+00  -3.6909394e-01  -1.0810729e+00   1.6926044e+00  -1.1118180e+00  -3.7046095e-01
   2.0000000e+00  -1.2647765e-02   2.3725266e-01   5.1750100e-01   2.3185914e-01   4.3666628e-01  -1.1439759e+00
   2.0000000e+00   4.9495056e-01  -5.9376635e-01  -8.6451283e-01  -9.5513638e-01  -1.1647562e+00   8.6414157e-01
   2.0000000e+00  -2.8128207e-01   1.3471907e-02   3.5858546e-01   1.7751467e+00  -8.0904974e-01  -6.5559753e-01
   1.0000000e+00   7.1616166e-01   2.8433416e-01  -6.8582962e-01  -4.4755298e-01   5.5541345e-01   1.3470876e+00
   2.0000000e+00  -1.1966487e+00  -9.3580423e-01   4.5545099e-02   1.9114111e-01   1.4862553e+00   4.6504688e-01
   1.0000000e+00   3.1037295e-02   1.1922749e+00   7.6329401e-01  -7.7877932e-01   1.2232596e+00  -5.1613718e-02
   2.0000000e+00  -1.9572847e-01   7.8794207e-01   6.1143374e-01   8.2655185e-01   1.6186136e-01   5.5974949e-01
   2.0000000e+00  -1.4964052e-01  -1.2982279e+00   1.5651358e+00  -2.2300089e-01  -6.6822903e-02  -5.7756811e-01
   2.0000000e+00   1.5141118e+00  -1.5401926e+00  -9.8613241e-01  -6.3917986e-01   4.9535631e-01  -2.4376819e-01
   2.0000000e+00   3.0696714e-01   2.0385094e+00   4.1240201e-02  -9.7180306e-01  -4.9416337e-01   7.1836909e-01
   2.0000000e+00  -1.0789473e+00  -1.9497594e+00   7.6942828e-01   1.0005039e+00  -2.0867274e+00   2.8484347e-01
   2.0000000e+00  -2.1760632e-01  -2.0966442e-02  -4.9176661e-01   7.2693753e-01   8.1325762e-01   5.5877882e-01
   2.0000000e+00   6.7749469e-01   1.0940034e+00  -1.7126113e-01  -8.8298444e-01  -1.0286413e+00  -3.1284194e-01
   2.0000000e+00  -1.5012933e-01  -2.9827884e+00   7.8287029e-01  -1.7110269e+00   1.0410152e+00  -8.4528613e-01
   2.0000000e+00   8.4026082e-01   3.6976260e-01  -8.1034769e-01  -8.0163325e-01   1.0572312e+00   2.6995886e-01
   2.0000000e+00  -6.4128751e-01  -3.7988717e-01  -4.7350301e-01  -5.2384860e-01  -5.8968916e-01   4.8461061e-01
   2.0000000e+00  -1.7975976e+00   8.5671361e-01   6.6758009e-01   1.3332006e+00  -2.2577633e-01  -1.6611514e-01
   2.0000000e+00   2.4290101e+00   5.4680970e-01   3.3904994e-01   5.5594027e-01   1.2846264e+00   1.5751056e-01
   2.0000000e+00   1.2410808e+00   5.9579741e-01   1.3746217e+00   5.1544392e-01  -5.1318028e-01   1.1958616e+00
   2.0000000e+00  -3.9577412e-01  -1.4964081e-03  -1.6379591e-01   7.4761090e-03   1.9758508e-02   6.4457452e-01
   2.0000000e+00  -1.6112442e-01   3.7702872e-01   5.6802479e-01   5.5071806e-01   5.4977990e-02   2.5255097e+00
   2.0000000e+00   1.1375981e+00   2.4482041e-01  -1.6485458e+00   1.4776373e+00   6.5417362e-01  -2.1788492e-01
   2.0000000e+00   1.6421099e+00  -2.1946815e+00  -3.8232792e-01   4.1663560e-01  -2.2218424e-01   1.8494866e+00
   2.0000000e+00  -4.4248554e-01   1.2767229e+00   8.8211531e-01  -5.6135719e-01   1.0278985e+00  -6.1576103e-01
   2.0000000e+00   2.0713777e+00  -1.2127092e+00   1.5774760e+00   1.0775547e+00  -6.8811566e-01   9.4277347e-01
   1.0000000e+00   2.0838338e-01   8.1302561e-01  -1.0098845e+00  -2.0586798e-02  -1.2366843e+00  -3.7650700e-01
   2.0000000e+00  -1.0254831e-01   6.1680541e-01  -1.0110636e+00   1.0192348e+00  -2.3611611e-01  -8.8022645e-01
   2.0000000e+00   1.7104495e+00   5.1611593e-01   5.4252412e-01   9.1974548e-01   3.5825154e-01   5.9839134e-01
   2.0000000e+00   8.0527425e-01   1.4504109e-01   1.1796522e+00   6.2489428e-01  -4.0262748e-01   6.2559682e-01
   2.0000000e+00  -1.9503287e+00   5.5799335e-01   7.7300878e-01   6.3248960e-01  -1.4433564e+00   4.2931093e-01
   2.0000000e+00  -1.8042168e+00  -3.0475038e-01  -6.8447576e-01  -3.3463591e-02  -1.5116002e-01  -6.6567118e-01
   2.0000000e+00  -8.1472257e-01  -2.0618214e-01  -3.9939001e-01  -1.4243561e+00   6.0416387e-01   4.1943610e-01
   2.0000000e+00   1.6327905e+00  -8.5552276e-02   8.8941955e-01  -1.3287487e-01  -1.4139728e+00   3.0894972e-01
   1.0000000e+00   4.1963334e-02   9.1801536e-01  -1.1420645e+00  -3.6645043e-02   9.1952041e-02  -1.0784275e+00
   2.0000000e+00  -2.2574142e-01  -8.5701346e-02  -1.0330426e-01  -7.2011973e-01   1.3279427e+00   3.1376267e-01
   2.0000000e+00  -8.3060774e-01  -3.4596241e-01   1.2428844e+00   5.2448404e-01   1.6475541e+00   3.4450881e-01
   2.0000000e+00   1.9659670e+00  -9.3313521e-01  -2.3177974e-01  -4.3725337e-01  -1.6272373e-01  -1.0237967e+00
   2.0000000e+00   5.2375637e-01  -1.2931863e+00  -1.2338581e+00   1.7439142e+00   9.4220297e-01   2.8327699e-01
   2.0000000e+00  -7.0412943e-01  -3.5930087e-01   6.0117341e-01  -1.2466523e+00   1.7247715e+00  -5.9525786e-01
   2.0000000e+00  -4.7032664e-01   1.2783860e-01  -1.0022281e+00   1.4068158e+00   1.1053891e+00  -6.7027242e-01
   2.0000000e+00   3.5253666e-01   4.3240741e-01  -1.4271636e+00   9.9619052e-01  -2.5159598e-01  -9.0990743e-02
   2.0000000e+00  -8.9000330e-01   2.6497774e-01   6.1881092e-01   1.0602468e+00  -9.3893157e-01   8.2555022e-01
   2.0000000e+00  -1.1608414e+00   1.9380963e-01   9.3742784e-01   4.2942276e-01  -5.1092866e-01  -1.4454300e+00
   2.0000000e+00  -5.6836500e-01  -8.5921347e-01   6.2733115e-01  -8.0700781e-01  -1.4515424e-01   3.0041841e-01
   2.0000000e+00  -1.2981678e-01   1.1067878e+00  -8.3885155e-01  -5.1053983e-01   2.4581710e+00   1.0640758e+00
   2.0000000e+00  -4.7105918e-01   1.0381929e+00  -3.8985536e-01  -3.1896620e-01  -4.6982842e-01  -3.2938942e-01
   1.0000000e+00   1.3686850e-01   6.8002809e-01   3.9631547e-01   8.8520648e-02   8.9594233e-01   2.6770153e+00
   2.0000000e+00   1.0405786e+00   2.1265831e-01   1.5979708e-01   5.7730605e-01   6.0029155e-01   9.3693631e-01
   1.0000000e+00   1.3784058e-01   3.0623692e-01   1.2410791e+00  -7.0017415e-01  -4.8269499e-01   8.2825480e-01
   2.0000000e+00  -1.4672650e+00   2.5587202e-01  -4.1848965e-01   1.4728378e+00   1.1563037e+00  -6.8468478e-01
   2.0000000e+00  -5.8784814e-01  -3.4897193e-01   4.9078242e-01   7.1260718e-01   2.7993697e+00   2.1885145e-01
   2.0000000e+00   1.0872479e+00  -3.8056660e-01   1.1568602e-01   2.0953164e+00  -1.9670954e+00   1.4105980e-03
   2.0000000e+00  -2.0679268e-01  -1.1273685e+00  -6.0119566e-01  -1.2667460e+00   7.7334794e-01  -2.4016414e-01
   2.0000000e+00   7.7954650e-01   4.8821874e-01   5.0687486e-01  -1.1659250e+00  -1.4123275e+00  -4.5814416e-01
   2.0000000e+00   7.3421344e-01  -2.0687144e-01   4.6825630e-01   1.4168423e+00  -1.2847147e+00  -7.4058424e-01
   1.0000000e+00   7.0949640e-01  -4.7931236e-01  -1.0682617e-01  -1.4764015e-01  -3.4828126e-01   1.4784615e+00
   2.0000000e+00   1.3036313e+00   1.3661369e-01  -2.4097296e-01  -2.2692292e-01   5.3979476e-01   5.4619056e-01
   2.0000000e+00  -4.1134928e-01   3.6118626e-01  -5.8285405e-03  -1.0009498e+00   3.5984329e-01   9.8086270e-02
   2.0000000e+00   1.0466548e+00   1.3674235e+00   1.5491673e-01   1.2348334e+00   1.2475229e+00  -6.8172353e-01
   2.0000000e+00  -1.0885267e+00  -1.3376011e+00   7.5249743e-01   4.4464793e-01  -1.3660171e-01   3.9670386e-01
   1.0000000e+00   2.0132387e-01  -9.8701102e-03  -8.5926300e-01   4.8578690e-02   4.0931818e-01   1.5674619e+00
   1.0000000e+00   8.2956406e-01  -1.6170720e-01  -6.3034346e-01  -3.0774226e-01   9.2598928e-01   5.7445811e-01
   1.0000000e+00   4.4962179e-01  -1.5858958e+00  -4.7042017e-02  -7.1655678e-01   5.0541635e-01   2.3120743e-01
   2.0000000e+00  -7.6091936e-01  -8.5780929e-01   6.0190901e-01   1.8110006e-02  -6.6989390e-02  -4.6722508e-01
   1.0000000e+00   1.2979935e-01   4.3635914e-01  -9.2989645e-01   6.1310627e-01   1.3803309e+00   3.3967309e-01
   1.0000000e+00   6.3058265e-01   2.0714018e-01  -4.1972528e-01  -1.2992074e-01  -1.3420312e+00  -1.1358714e+00
   2.0000000e+00  -1.7918002e-01  -1.1833712e+00  -3.6481102e-01  -2.5214342e-01  -1.7683472e-01  -2.9185501e-01
   1.0000000e+00   1.2340187e-01   1.5837191e+00   1.6331978e+00   1.4840632e-01   9.1662769e-01  -2.9506623e-01
   1.0000000e+00   9.0101172e-02  -4.0916365e-01  -5.7053947e-01  -2.2034691e-01  -7.5207454e-01  -1.5279200e-01
   2.0000000e+00  -1.2502947e+00  -8.6355161e-01  -3.1344411e-01  -5.7828693e-01  -1.1529954e+00   6.9640704e-01
   2.0000000e+00  -1.0129123e+00   5.6269864e-01   1.2595740e+00  -9.6286914e-01  -1.0170838e+00  -4.2640750e-01
   2.0000000e+00   1.3349531e+00   8.0142658e-01  -2.0424044e-02  -1.4253927e-01   1.3534007e+00  -7.1074601e-01
   2.0000000e+00  -1.4381182e+00  -2.2639892e+00   8.8345308e-02   7.8632762e-01   9.3000726e-01  -1.1870428e+00
   2.0000000e+00  -3.6523643e-01   2.5637039e-02   5.7327456e-01  -1.1228302e+00  -6.6186376e-01   1.2759200e+00
   2.0000000e+00  -7.1150485e-01  -1.1918243e+00  -2.1269015e-01  -4.8903188e-01  -1.8018287e+00  -7.9196185e-01
   2.0000000e+00  -1.4733106e+00   6.4033590e-01  -8.4682760e-01  -9.9359493e-03   1.2501964e+00  -3.8850502e-01
   1.0000000e+00   3.9620838e-01  -2.9183512e-01  -1.1637858e+00   2.5099978e-01   4.9074384e-02  -1.1540670e+00
   1.0000000e+00   7.8847692e-01   4.7250531e-01   8.8859142e-01   5.7025522e-02  -2.9316614e-01  -1.2368699e-02
   2.0000000e+00  -6.7125238e-01  -5.4360001e-01   3.8300633e-03  -2.3295699e-01   5.5605223e-01  -9.5194892e-01
   2.0000000e+00  -1.6447198e-01  -5.3487664e-01  -4.3823608e-01   8.9855739e-01  -2.3857394e-01   1.0874923e+00
   1.0000000e+00   8.4210013e-01   2.0242054e-01  -2.6849720e-01   5.2390193e-01  -7.6694991e-01   1.5767344e+00
   2.0000000e+00   1.5484792e+00  -9.8466470e-01  -8.1292711e-01  -5.3116567e-01   1.2657678e+00  -3.6284610e-01
   2.0000000e+00  -2.2617102e-01   1.1311225e+00   6.4541624e-01  -1.4826375e+00   1.7333872e-02  -4.3765445e-01
   2.0000000e+00  -2.1661002e-01  -1.5523917e+00  -5.5347419e-01   7.5590687e-01  -6.8242639e-01   6.7651936e-01
   2.0000000e+00  -1.3196917e+00  -2.5085137e+00   3.2076282e-01   7.0378437e-01   2.7253878e+00  -9.2053058e-01
   2.0000000e+00   2.3889202e+00  -8.6787724e-01   1.0094652e+00   1.1041233e+00  -2.1202621e+00  -5.0375122e-01
   2.0000000e+00  -1.5676672e-01  -5.0994493e-01   6.3019143e-01   1.0702878e+00  -8.8270036e-01  -9.1584009e-01
   2.0000000e+00   1.7816258e+00  -6.2801906e-01   1.1325899e+00   6.5935162e-01   1.3738375e+00   1.0437378e+00
   1.0000000e+00   4.8676665e-01  -9.3754682e-01  -1.8177079e+00   5.0907848e-01  -1.1339413e+00   5.0746591e-01
   2.0000000e+00   1.1081074e+00  -7.7696905e-01  -6.4039029e-01   2.0114505e+00   4.6679096e-01   1.5496433e+00
   1.0000000e+00   6.6990230e-01  -1.1125378e+00  -6.1538662e-01  -2.2637018e-01   6.7653792e-01   2.5874651e-01
   2.0000000e+00  -4.8500320e-01  -8.3795045e-01   1.4352281e+00   5.7137723e-01  -3.0107938e-01  -1.9482787e+00
   2.0000000e+00   1.4788721e+00   3.3851117e-01  -8.3528865e-01  -3.8373989e-01  -6.3198959e-01   2.2997416e+00
   1.0000000e+00   5.2479400e-01  -3.1759592e-01   3.8510118e-01  -3.4467995e-01  -1.4092427e+00   3.5568406e-01
   2.0000000e+00  -2.3700724e+00   7.5317184e-01  -2.2355633e+00   2.9863511e-01  -7.2551658e-01  -4.1593733e-01
   1.0000000e+00   2.3100609e-01  -9.6333774e-01   1.0783917e+00  -1.9851931e-01  -2.1270702e-01  -9.7422255e-01
   2.0000000e+00  -1.1000281e+00  -5.8674489e-01  -1.3374728e+00  -3.2937839e+00   5.1257239e-01  -1.1353988e+00
   2.0000000e+00  -7.2880393e-01   7.1754614e-01  -1.1011874e+00  -1.6096768e+00   1.9048788e-01   1.6954974e-01
   2.0000000e+00  -2.5014427e-01   2.0697916e+00  -1.1479174e+00   9.9424444e-01   2.2376466e-01   1.8223806e+00
   2.0000000e+00  -8.8260653e-01   5.9288419e-01  -1.8313452e-01  -1.4395534e+00  -4.0839578e-01  -3.5540938e-01
   2.0000000e+00   1.7923887e+00   1.6441305e+00  -6.7606289e-01  -5.9061076e-02  -1.6509610e+00   1.1823960e+00
   2.0000000e+00   1.1229035e+00  -6.5905498e-01   1.6731026e-01   6.7495376e-01   7.5315639e-02   6.4821981e-01
   2.0000000e+00  -1.1615756e-01  -1.3006842e+00  -1.2071831e-01   1.1785079e+00   3.4409393e-01  -6.1513381e-01
   2.0000000e+00  -1.4841729e-01   2.6683628e-01  -1.4232793e+00   5.4164901e-01  -2.1443040e-01  -9.0813659e-01
   2.0000000e+00  -3.7010242e+00  -2.3436303e+00   1.0924335e+00  -1.3407458e+00   2.6954265e-01   1.4263891e+00
   2.0000000e+00  -6.4184509e-01   3.0920119e-01  -4.3557366e-02   2.6051438e-01  -6.5015538e-01  -9.2170190e-01
   2.0000000e+00   6.4433240e-01  -4.6999968e-01  -3.2096669e-01   1.2989488e+00   7.8796257e-03  -1.2525831e+00
   2.0000000e+00  -1.6113137e+00   5.0825031e-01  -4.1671731e-01  -5.8023299e-01   3.3948027e-02   1.0264711e-01
   2.0000000e+00  -1.2594419e-01  -4.9053447e-01  -3.0278288e-01  -3.3966361e-01  -2.1533077e+00   8.2480913e-01
   2.0000000e+00  -3.5855177e-01  -1.0072216e-01   8.1332502e-01  -8.7189567e-01   1.6008190e-03   8.9333833e-01
   2.0000000e+00   1.3659242e+00   4.9549777e-01   6.6287217e-01  -9.5521069e-01  -7.2901811e-01   8.4916850e-01
   2.0000000e+00  -4.5120001e-01   1.1538592e+00  -4.2616768e-01   2.4092486e+00  -1.0871361e+00   1.2389898e+00
   1.0000000e+00   4.5739486e-01   1.2222627e+00   2.6884711e-01  -1.6263216e-01  -8.2809623e-01   9.0520655e-01
   2.0000000e+00   1.8326709e+00   2.6839088e-01   3.7724421e-01  -1.6792658e-01  -2.3558646e-01   3.6020694e-01
   1.0000000e+00   1.8283274e-01  -1.2816454e+00   1.2820043e+00  -8.3663245e-01   1.7244828e+00   4.9439843e-01
   2.0000000e+00  -1.9023753e-01  -1.8645748e+00  -2.1487427e-01  -9.1355611e-01   1.8411730e+00  -2.4724566e-01
   2.0000000e+00  -2.6771533e-01  -3.7725173e-01   1.4597921e+00  -9.2642001e-01   1.6550345e-02   5.1077633e-01
   2.0000000e+00  -5.8758525e-01   8.4472170e-01   1.2035894e+00   6.3403609e-01   6.4468510e-01   1.9944879e+00
   2.0000000e+00  -1.2484314e+00  -8.8647083e-01   5.2883646e-01  -1.4539672e+00  -4.3984996e-01   4.6435653e-01
   1.0000000e+00   3.8923514e-01   4.1019105e-01  -1.3761687e+00  -9.2821698e-02   1.3008341e+00  -1.7104624e+00
   2.0000000e+00  -9.0324786e-01   9.0816355e-02   1.1081999e+00   5.9263850e-01  -8.3435419e-01   2.7687486e+00
   2.0000000e+00  -6.6911041e-01   3.1897767e+00   4.0215305e-01  -7.8608046e-01  -2.2219008e+00  -2.7906191e+00
   2.0000000e+00   1.4239336e+00   2.0572860e+00   1.0752408e-01  -2.3060388e-01  -1.0319447e+00  -1.1013595e+00
   2.0000000e+00  -1.2534845e+00   5.8511663e-02  -1.2473489e+00  -1.2522902e+00  -2.2463624e+00  -6.1660979e-01
   2.0000000e+00  -4.3660699e-01  -4.2329921e-01  -7.2221073e-01  -1.1770923e-01  -2.4764814e-01   1.6546820e-01
   2.0000000e+00   5.8924579e-01   2.1817053e-02  -1.0924782e+00   1.1558219e+00  -6.9068443e-01  -7.4149227e-01
   2.0000000e+00  -6.8395884e-01   5.2908158e-01  -1.2345340e+00  -5.6043364e-01   1.1733515e+00   1.3545108e+00
   2.0000000e+00   9.0973097e-01   9.7423896e-02  -7.0540723e-01   1.3142758e+00   3.4384276e-01   7.6236065e-01
   2.0000000e+00   1.0270473e-01   2.3179599e+00   1.5643244e+00   1.2284742e+00   9.7462222e-01   1.8942034e+00
   1.0000000e+00   2.5337840e-01   1.3472093e+00  -6.7841359e-01  -6.7603577e-01  -1.1574636e+00   3.4231210e-01
   2.0000000e+00  -3.8119024e-01   1.2001749e+00  -2.6738004e-01  -6.5222093e-01   3.8707647e-01  -1.3851434e+00
   2.0000000e+00   1.2622295e+00   4.4751395e-01   1.0639456e-01   1.2783768e+00  -7.1737149e-01   3.2451029e-01
   2.0000000e+00   1.1145498e+00   2.7823447e-01  -2.2463186e+00  -3.1547413e-01   2.2076038e-01  -2.2859970e-01
   2.0000000e+00   1.0509490e+00   1.6490684e+00  -1.0389415e+00  -1.0130733e+00   2.5768204e-02   1.7309039e-01
   2.0000000e+00  -5.8228395e-01   3.0824024e-01  -7.2482976e-01   8.4580255e-01  -2.8706024e-01   7.7250892e-02
   2.0000000e+00   1.3247832e+00  -3.6826421e-01   7.2081480e-01   6.2968500e-01   8.0509648e-01  -1.4272399e+00
   2.0000000e+00   7.3907470e-01  -3.8024314e-01   3.5823017e-01   8.5144397e-01  -5.5208359e-01  -2.5493804e-01
   2.0000000e+00   1.1591467e+00  -9.6232021e-01  -3.5029943e-01   3.0202854e-01   7.5171063e-01   6.9884827e-01
   2.0000000e+00  -3.4410700e-01   4.0527046e-01  -9.8360756e-01   8.2587723e-02  -3.0621670e+00   1.0629472e-01
   1.0000000e+00   1.6059354e-01   1.8802096e-01  -1.2691351e+00  -3.7626513e-01   6.7036438e-01   5.2285927e-01
   2.0000000e+00  -4.9127996e-01   1.7934742e-01   3.1797441e-01  -4.7436016e-01   5.0758660e-01   5.3094851e-01
   2.0000000e+00  -8.8919639e-01   3.9181511e-01  -4.7731267e-01   1.4603297e+00  -9.6633630e-01  -5.0481097e-01
   1.0000000e+00   3.8890911e-01  -3.3165820e-01   2.0331383e-01   4.5041542e-01   1.3495669e+00  -2.4438049e-01
   2.0000000e+00  -1.6830474e+00   1.6703219e-01  -3.4466993e-01  -1.8117850e+00   5.2183021e-01  -7.4679837e-01
   2.0000000e+00  -1.7011599e-01   4.4032572e-01  -8.8902161e-01  -3.2509946e-02   2.0215633e-01  -2.0211269e+00
   1.0000000e+00   2.3712849e-02  -8.3016296e-01   6.5445637e-02   1.9702300e-01   1.5308678e-01   5.0911608e-01
   1.0000000e+00   9.3710449e-01  -5.2505853e-01  -5.1404562e-01  -1.5008333e-01  -8.7475263e-01   4.0336159e-01
   2.0000000e+00  -6.8286747e-01   4.7679228e-01  -2.2962265e-01   1.9726818e-01   1.3586320e+00  -3.6711953e-01
   1.0000000e+00   6.5628050e-02  -8.0604866e-01   6.5090972e-01   5.3044762e-01  -1.5593631e-02  -1.7619808e-01
   2.0000000e+00   2.6366854e+00   1.2299248e+00  -1.8189071e+00  -3.2720060e-01  -9.0642737e-01   4.4807140e-01
   2.0000000e+00  -2.0869047e+00  -4.4417920e-01   5.2408333e-01   2.0779969e-01  -1.2015847e-01   9.4799485e-01
   2.0000000e+00  -4.4101640e-01   3.8244680e-01   1.3894904e+00  -5.1066800e-01  -1.6353821e-01   3.8602877e-01
   2.0000000e+00   1.8239393e+00  -5.7583193e-01  -4.1611971e-01  -5.8039877e-01  -9.3704863e-01  -2.0290395e-01
   2.0000000e+00  -3.6144785e-01   4.5165576e-01  -1.5895817e+00  -6.1520548e-01  -7.1314155e-01  -9.5042753e-01
   2.0000000e+00   2.4037682e+00  -8.8274952e-02   1.2625559e+00  -6.9126037e-01   4.9056257e-01   6.6055079e-01
   2.0000000e+00  -1.2842822e+00  -3.3373683e-01  -1.7278818e+00   1.0418945e+00   1.7465914e+00  -2.6276606e-01
   2.0000000e+00   1.0616425e+00   9.6331139e-01   7.1966360e-01  -1.7361880e+00   8.8909789e-01   4.6914652e-01
   2.0000000e+00  -6.7710601e-02   5.7690899e-02   5.3932407e-01   8.7413152e-02  -6.5657646e-02   1.1748342e+00
   2.0000000e+00   9.9854082e-01  -1.8871349e-01  -4.7993169e-01   1.4502512e+00   7.9417184e-01  -9.7733214e-01
   2.0000000e+00  -2.3454731e+00  -4.7011293e-01  -4.2355201e-01  -8.0108877e-01   1.0130820e+00   2.4660061e-02
   2.0000000e+00   1.1934221e+00   2.1734111e+00   1.7432131e-01   7.1886569e-02   4.8822951e-02   9.8210211e-01
   2.0000000e+00  -5.1606615e-01   1.0932918e+00   6.6914132e-01   7.9260138e-01   1.4342638e+00  -7.8403453e-02
   2.0000000e+00  -9.8434641e-01   8.5614751e-01   2.3399245e-01  -1.4594070e+00   2.2920040e-03  -4.2198963e-01
   2.0000000e+00   1.4452810e+00   2.7455565e-01  -1.3463403e+00  -9.6643571e-01  -9.0141091e-01   6.6547220e-01
   1.0000000e+00   6.5961804e-01   1.9169557e-01  -4.2097077e-01  -1.1764258e-01  -9.9680915e-01  -1.1418383e+00
   1.0000000e+00   5.0490776e-01   6.6168412e-01  -1.6321508e+00  -2.1798466e-01   4.3674854e-01   1.5837920e-01
   2.0000000e+00  -9.9603729e-01   7.4719166e-01  -1.0557662e-01   1.5553418e+00   2.2215985e+00   8.3782985e-01
   1.0000000e+00   2.6685718e-01   1.0815256e+00  -1.0050344e+00  -1.5131472e-01   3.8595434e-01  -6.0501626e-01
   2.0000000e+00   5.8849201e-01   1.6713358e-01   1.1138053e-01   8.4832835e-01   6.8895069e-01   1.6207129e+00
   2.0000000e+00   2.1635583e+00  -2.9038969e-01  -1.4135720e-01   1.1475564e+00   1.1934877e+00   8.7453797e-01
   2.0000000e+00  -3.1249591e-01   8.5143088e-01  -2.4318757e-01   1.2613438e+00   1.7363406e+00   1.1212480e+00
   2.0000000e+00  -2.1506955e+00   3.1273489e-01  -3.5777939e-01  -1.9730262e-01   1.7243507e-01   1.8566891e+00
   2.0000000e+00   3.1195160e-01   4.8301991e-01  -4.6685712e-01  -5.3248678e-02   2.2697389e+00  -1.4453492e-02
   2.0000000e+00  -8.1286797e-01  -6.3885144e-01   1.2059383e-01  -4.6589995e-01  -1.0828900e-01   1.1939490e+00
   2.0000000e+00   1.1178909e+00   8.7097394e-01   7.3078616e-01   2.3938816e-02  -1.0736947e-01   3.3391544e-01
   2.0000000e+00  -3.4056023e-01   1.7163153e+00   5.9593119e-02  -1.7984036e-01  -1.0563801e-01  -1.0580750e+00
   2.0000000e+00   5.2799667e-01   1.2983842e-01  -4.0826200e-01   1.6601639e+00   1.3520071e+00  -7.3352580e-01
   2.0000000e+00  -6.9364155e-01  -1.9202480e+00  -3.8782673e-01   1.6930960e+00   4.9694744e-01  -1.1674198e+00
   2.0000000e+00  -5.3027502e-01  -7.8799479e-01   1.8914938e-01  -1.0155626e+00   8.9048433e-01  -3.0340184e+00
   2.0000000e+00  -2.3317501e+00   1.1829746e+00  -9.4759623e-01   8.7230860e-01  -4.0931873e-01   6.4741768e-01
   2.0000000e+00  -2.6104022e-01   2.9347064e-01   8.5740319e-01  -1.7453745e+00   1.4490090e-01   8.3663654e-01
   2.0000000e+00  -6.9072257e-01  -2.7038754e-01  -4.0080194e-01  -5.9779611e-01  -6.6543174e-01   7.0684083e-01
   2.0000000e+00   1.2533829e-01   1.4229571e-01   1.5788985e+00   5.3245894e-01   2.3572249e+00   2.4757189e-01
   2.0000000e+00  -5.6556042e-01  -8.5918996e-01  -1.1075547e+00  -3.9342771e-01   4.7966662e-01   5.0347910e-01
   2.0000000e+00  -8.1681023e-01  -6.3696720e-02   1.4559867e+00   8.7378717e-01  -9.2534517e-01  -7.3156779e-01
   2.0000000e+00   6.8704609e-01  -7.3089573e-01   9.0504072e-01  -2.0058504e+00  -1.4685610e-01   7.7531675e-01
   2.0000000e+00  -2.8902925e-01  -1.5977845e+00   2.3575049e-01  -2.1691565e+00   4.4739729e-01   8.1942203e-02
   1.0000000e+00   7.7386860e-02   2.7104444e+00   5.2132440e-01  -1.1387565e-01  -2.2487490e-01  -4.1876082e-01
   2.0000000e+00  -1.1249910e+00   1.3861442e+00  -4.6694763e-01  -1.0818997e+00  -1.3889765e+00   3.7572465e-01
   1.0000000e+00   8.0961149e-01   9.5826987e-01  -1.1499850e+00   3.7527731e-01   1.3261097e-01   2.5598505e-01
   2.0000000e+00  -5.4974064e-01  -1.0121575e+00   2.3596926e-02  -4.1129041e-01   4.4641589e-01  -9.0636735e-01
   2.0000000e+00   7.0968105e-01  -7.1830819e-01  -8.3747259e-01  -9.2477221e-01  -7.9280608e-01  -3.7214468e-01
   2.0000000e+00   7.4231743e-01  -1.4879513e+00   1.0988697e+00   7.0145527e-01  -8.2588107e-01   5.9819255e-01
   1.0000000e+00   6.9302240e-02   3.9496273e-01   2.6199861e-01   2.0299614e-01   1.2146124e+00  -1.5464843e+00
   2.0000000e+00   1.0640485e+00   4.0278021e-01   1.6276798e+00  -4.9092250e-01  -7.5048098e-01  -1.5185419e+00
   2.0000000e+00  -8.2442966e-01  -7.5379199e-01   4.4640470e-03   5.5362778e-01   4.7781679e-01   4.5462018e-01
   2.0000000e+00  -6.5003483e-02   7.0135131e-01  -5.1472156e-01  -2.4802598e-01  -9.6836994e-01   4.7133233e-01
   2.0000000e+00  -4.5262589e-01  -3.3134826e-01   5.3187477e-01   8.3090611e-01  -1.4062784e+00  -1.0337063e+00
   2.0000000e+00   8.1721969e-01   2.0778605e+00   7.9265209e-01   5.8345402e-01  -2.5973691e-01   5.0564402e-02
   2.0000000e+00  -8.8676295e-01   1.7661524e-01  -1.6631872e-01  -6.7025664e-01  -2.0917851e+00  -7.7587048e-01
   2.0000000e+00   1.3159517e-01   2.7976007e-01   3.5140726e-01  -1.8771317e+00   4.4280959e-02   1.1279413e+00
   2.0000000e+00   1.7677478e+00   4.5788563e-02  -1.0860268e+00   5.5220954e-01   5.5781141e-01   6.7725595e-01
   2.0000000e+00  -1.3008135e+00  -1.5235532e+00   6.0343476e-01  -7.5356028e-01   8.0121955e-01   1.3030587e+00
   2.0000000e+00  -1.4045872e+00  -9.7517396e-01   7.8516828e-01   5.6373055e-01   4.5223102e-01   1.4859210e+00
   2.0000000e+00  -1.0102798e+00   5.0642808e-01  -8.0646614e-01  -3.1551128e-01  -7.4727211e-02  -1.9647744e-01
   2.0000000e+00   1.0415118e+00  -6.4196813e-01   3.7144946e-01   8.8890900e-01   4.1647649e-01  -4.7729765e-02
   2.0000000e+00  -3.3144744e-02  -6.4522038e-01  -3.7910116e-01   4.9551674e-01  -1.3896710e-01   1.1203832e+00
   2.0000000e+00  -1.0729337e-01   4.0570549e-01  -2.4908548e-01   7.8876290e-01  -4.2082790e-01   1.2714230e+00
   2.0000000e+00  -1.5744736e-01  -2.4463679e-01   1.4988039e-01   1.2477645e-01   4.0406540e-01  -1.0560958e-01
   2.0000000e+00   1.0019459e+00   1.1983610e+00  -7.0328745e-01  -9.6630051e-02   1.1863026e+00   3.7364313e-01
   2.0000000e+00  -1.1422237e+00  -8.8825682e-01   7.3116152e-01   5.7130928e-01   3.0918720e-01   5.9752236e-01
   2.0000000e+00  -3.7033581e-01  -3.0420755e-01  -2.3466353e+00  -3.3554978e-01  -1.9995299e+00  -1.2232647e+00
   1.0000000e+00   8.8346828e-01   6.1484753e-01  -2.0457845e-01  -4.5190239e-01   1.3351761e+00   6.8395307e-01
   2.0000000e+00  -7.5764712e-01  -5.2797111e-01  -9.0045920e-01  -1.3960734e+00   1.0260210e+00  -5.7615716e-01
   1.0000000e+00   2.3053184e-01  -1.7718539e+00  -5.5803860e-01   5.5236216e-01   5.8851155e-01   1.0519960e+00
   2.0000000e+00  -3.4066064e-01  -2.7623420e-01   1.5477122e+00   1.0021173e+00   8.0365092e-01  -2.7051676e-01
   2.0000000e+00   5.9980165e-01   2.8147022e-01  -8.2374235e-01  -9.7610690e-01  -9.8495093e-01  -1.4167191e+00
   2.0000000e+00   6.1135033e-01  -6.0817720e-01   9.7510666e-01  -1.0197079e+00   4.0151843e-01   1.5637966e+00
   2.0000000e+00  -5.8896931e-01   3.9725940e-01  -2.2623698e+00  -2.2781719e-01   5.1355248e-02  -3.2682365e-01
   2.0000000e+00   1.2394302e+00  -1.2705142e-01   1.7364845e-01  -5.0376748e-01  -1.3263794e+00  -6.2038651e-01
   2.0000000e+00  -6.0555877e-01  -2.8161027e-01   2.8997756e+00   2.1372542e-01   3.0260497e-01  -1.5742761e+00
   2.0000000e+00   1.1809618e+00   5.3307382e-01   4.2097206e-01  -5.6769524e-01   2.3444372e+00   7.9446083e-01
   2.0000000e+00  -6.8500135e-01  -4.5011234e-01   9.9339832e-01   6.7340967e-01   2.1734127e+00   2.5355365e+00
   1.0000000e+00   5.2330966e-01   2.3197159e-02  -3.4172559e-01  -7.3957336e-01   1.5043404e+00   1.2282635e+00
   2.0000000e+00   1.1847079e+00   5.6073005e-01   3.6867053e-01   4.5068046e-01   9.3513887e-01   1.0934340e+00
   2.0000000e+00  -3.8174263e-01  -7.6110270e-01   3.7119509e-01  -4.8730227e-01   1.3266446e-01   1.1683731e-01
   1.0000000e+00   5.6055478e-01  -8.2985337e-01  -1.0609971e+00   5.1642228e-01   1.8150434e+00  -2.6967580e-01
   2.0000000e+00   8.6609923e-01  -4.4822762e-01   6.1400222e-02  -7.2711074e-01  -1.6820815e+00   1.5791962e+00
   1.0000000e+00   6.7196066e-01   5.6467263e-01  -7.4611428e-01  -5.1141925e-01  -1.0236563e+00  -3.1937937e-01
   2.0000000e+00  -6.3205946e-01  -5.6550997e-01   1.2360026e+00  -4.3927542e-01   2.0866330e-01  -2.0436615e-01
   2.0000000e+00  -5.9610731e-01   7.5586170e-01   4.3535992e-01   1.8433759e+00   7.1883723e-01  -3.1631632e-01
   2.0000000e+00   1.4499007e-01   4.4657750e-01  -6.6013734e-01  -1.5897816e+00  -1.2250436e-01   8.6947049e-04
   1.0000000e+00   4.1181103e-01   2.1738143e+00   2.6393598e+00  -5.1972131e-01   1.1783393e+00  -7.0303545e-01
   2.0000000e+00   2.2677474e-01   6.4175560e-01   9.6658531e-01  -1.4996475e+00  -6.7778295e-01  -9.1705769e-02
   2.0000000e+00  -1.1013132e+00  -5.5653447e-02   3.7863131e-01   1.2359176e+00  -1.0586922e-01  -5.8249481e-01
   2.0000000e+00   1.6098796e+00  -8.2112814e-01   8.0795274e-01   1.3924805e+00   4.4099331e-01  -1.5491240e+00
   2.0000000e+00   2.2394010e-01  -1.3922961e+00   6.1126735e-01  -1.2469978e+00   1.3402723e+00  -5.3937644e-01
   2.0000000e+00  -1.1142521e+00   3.3274328e-01  -1.4693316e+00  -1.7946637e-01  -8.1108210e-01   1.9136640e+00
   2.0000000e+00   1.0783476e+00   2.0015526e-01  -8.3604131e-01   3.0499988e-01   4.3470505e-01  -6.4131424e-01
   2.0000000e+00   1.4587632e-01  -1.0576894e+00  -2.2924131e-01   1.8621810e+00   1.8351717e-02  -1.7264749e+00
   2.0000000e+00  -1.9189892e-01   5.7593580e-02  -1.5776799e+00  -4.2971288e-01   4.7831423e-03  -5.6329329e-01
   2.0000000e+00   9.4385245e-01   5.1968543e-01  -1.0598192e+00  -7.8208353e-01  -2.1886330e-01  -2.8143757e-01
   2.0000000e+00   1.2629643e+00   8.5007997e-01   1.0342575e+00   9.0184786e-01   6.3138930e-02   6.3696565e-01
   1.0000000e+00   3.5462344e-01   5.4644524e-01   4.7229045e-01  -8.2603027e-02   1.8899695e+00  -3.4618141e-01
   1.0000000e+00   8.9511916e-01   1.1748634e-01   1.0278221e+00  -2.7509589e-01   1.1223964e+00   3.2184439e-01
   1.0000000e+00   2.2836860e-02  -4.3623882e-01  -6.8353779e-02  -9.1809101e-01  -7.5927692e-02  -7.5642435e-01
   2.0000000e+00   1.8775494e+00   7.8610269e-01   2.4193703e-01   1.2128917e+00   4.2228543e-01   6.1659221e-02
   2.0000000e+00  -5.2571708e-02   8.8953600e-01   7.4326335e-01   6.4496120e-02   7.5139153e-01   3.0891529e-01
   1.0000000e+00   1.2632454e-01   2.7047808e-01  -2.9517402e-01  -5.6893328e-01  -2.7442101e-01  -1.6494863e-02
   1.0000000e+00   1.3193825e-01  -2.2986420e-01   7.2185983e-01  -9.8153904e-01  -3.2836225e-02  -4.5990274e-01
   2.0000000e+00   1.0967926e+00  -7.9707051e-01  -1.5487772e+00  -3.1665796e-01  -1.1673479e+00   1.1704290e+00
   2.0000000e+00  -1.5772744e+00   9.4598045e-01  -1.0155621e-01   1.5638453e+00   1.0365506e+00   1.0397106e+00
   1.0000000e+00   8.3009280e-01  -4.0070851e-01   1.1969835e+00  -3.5572449e-01   1.2149472e+00   5.1073585e-01
   2.0000000e+00  -1.1587905e+00   2.4617243e-01  -1.6139617e-01   4.3189738e-01  -2.3305051e-01  -4.5891413e-01
   1.0000000e+00   6.7712965e-01   4.9232850e-01   1.8480049e-01  -4.5427686e-01  -9.3653421e-01  -1.1600053e+00
   2.0000000e+00   1.3168255e+00   7.9192407e-01   5.3069471e-01   3.7599384e-01   5.1435143e-01  -3.3073528e-02
   2.0000000e+00  -8.6892035e-01  -3.1244217e-01   1.3721621e+00   1.1636226e-01   2.7565866e-01   1.4479916e+00
   2.0000000e+00  -5.6477448e-01   9.8723394e-01   2.5065854e+00  -1.0149569e+00   1.7445993e+00   1.1083533e-01
   2.0000000e+00  -1.5195823e+00   5.3162447e-01  -2.4282853e+00   5.8294416e-01   6.6162356e-01  -8.6177997e-01
   2.0000000e+00  -6.8681900e-01   5.0543161e-01  -6.2669217e-02  -6.6119169e-02  -4.1706220e-01  -4.7461295e-01
   2.0000000e+00  -1.4040616e+00   4.9019691e-01  -8.7559950e-01  -1.1287512e+00  -1.0985287e+00  -2.4619802e-01
   2.0000000e+00   5.8904285e-01  -1.0227341e+00   2.0057918e-02   1.3676328e+00   5.0661885e-01  -5.3991596e-02
   2.0000000e+00   2.0065690e+00  -7.6729352e-01  -5.3933471e-01   1.0500707e+00   7.8113578e-01   1.3270958e+00
   2.0000000e+00   1.2006356e+00   7.4334712e-02  -1.0604375e-01   3.3010633e-01  -7.8319736e-01  -6.7443920e-01
   2.0000000e+00  -1.4811175e-01   4.6705322e-01   5.9267588e-01   1.5662276e-03   1.2821668e+00   3.4333577e-01
   2.0000000e+00   2.8663468e-01   1.1396546e+00   1.4078933e+00  -1.0715571e+00  -1.4465586e+00   1.1288476e+00
   1.0000000e+00   4.4713710e-01   1.1358911e+00   1.8871059e+00   2.4595138e-01  -1.0706265e-01  -2.5207664e-01
   2.0000000e+00  -1.7359294e+00  -3.9950627e-01   4.6112279e-01  -5.6580183e-01  -1.3442921e+00  -9.3603952e-01
   1.0000000e+00   8.1966574e-02  -8.2634508e-01   7.9394797e-01   2.0152958e-01   9.3381263e-01   9.3852199e-01
   2.0000000e+00  -1.0999784e+00   1.6214945e+00   8.3689473e-01  -1.6977837e+00   6.4663140e-01  -1.1646032e+00
   2.0000000e+00  -8.0973721e-01  -5.1916767e-01  -6.5973574e-01  -1.1379385e+00   4.0977929e-01  -1.9093157e-01
   2.0000000e+00  -1.9298354e+00   1.7474862e-01  -1.1638463e-01   1.7661429e+00   5.3838322e-01   1.0850167e+00
   2.0000000e+00   1.3673967e+00   1.6627260e+00  -3.1845920e-01   1.4972545e+00   1.4664191e+00   2.6235797e-01
   1.0000000e+00   1.1723922e-01   1.7639265e+00   3.6524626e-01  -7.6478193e-02   8.2081563e-01   4.4707575e-01
   2.0000000e+00  -9.4337036e-01   9.4792510e-01   8.3643307e-02  -3.2405687e-01  -1.1778184e+00  -6.0310092e-01
   1.0000000e+00   3.9525317e-01   1.3128033e+00   1.1181611e+00  -5.8474731e-02   4.1500737e-01  -4.7373205e-01
   2.0000000e+00  -4.6399180e-02   6.8455903e-01   7.1418332e-01   5.0346526e-01   1.1663540e+00  -4.8221593e-01
   2.0000000e+00  -5.7971848e-01   2.7980271e+00   6.3527769e-01  -1.6643823e+00  -8.2740086e-01  -1.4070961e+00
   1.0000000e+00   5.4789404e-01   1.3877267e+00   7.0118799e-02   2.7833548e-01  -9.5492491e-01  -1.2397463e+00
   2.0000000e+00  -1.5147729e-01  -1.1456365e+00   4.9398166e-01  -1.4624110e-01   5.9242511e-01   1.1760857e+00
   1.0000000e+00   2.1491212e-01  -6.9771728e-01  -2.9863991e-02   3.1922891e-01   8.7721485e-02   5.4912310e-01
   2.0000000e+00  -1.4824510e+00  -1.6423500e-01  -6.4033368e-01   3.0418147e-01  -1.0035716e+00  -3.9484188e-02
   1.0000000e+00   7.1517506e-01  -4.4004284e-01   6.1678389e-01  -3.8982493e-01  -1.0247225e+00   1.3149434e+00
   1.0000000e+00   9.4937686e-02  -6.1888849e-01   3.6353883e-01   3.7316537e-01   1.0033420e+00  -7.0582074e-01
   2.0000000e+00  -1.3636774e+00  -2.2167412e-01   9.7159643e-01  -5.8966854e-02   1.6507836e+00  -1.4313825e+00
   2.0000000e+00  -4.9556492e-01   7.7327888e-01   1.6030937e-01  -5.3905518e-01   1.1678953e+00  -5.6932125e-01
   2.0000000e+00  -2.1823386e+00  -1.3400729e+00   1.0217737e+00   7.0397559e-01  -9.9427309e-01   5.3349149e-02
   2.0000000e+00  -9.0986167e-01   5.1841424e-02   1.3860191e+00   1.3979148e+00   4.7225985e-01   1.2088110e+00
   2.0000000e+00   1.7237659e-01  -1.2000265e+00  -1.3831108e+00   2.5097714e+00   3.5700929e-01  -1.2281844e+00
   2.0000000e+00  -9.8601159e-01  -1.3680681e+00  -5.2641164e-01   8.0822915e-02   1.7894471e-01  -5.4431728e-01
   2.0000000e+00  -1.2398359e+00   1.3211639e+00  -5.5642539e-01   5.5458761e-01  -6.8727806e-02  -1.6455862e-01
   2.0000000e+00   7.0125304e-01  -3.9134926e-01  -1.4234819e+00   7.7056726e-01  -1.5727949e+00  -1.2055930e+00
   2.0000000e+00   7.7612231e-01   2.2872127e-01  -5.8128347e-01   2.3133416e+00   1.7710705e+00  -7.2820910e-01
   2.0000000e+00   1.2723728e+00   5.5466702e-01  -1.3911814e-01   1.1607301e+00   3.6009060e-01   1.6209837e-01
   2.0000000e+00  -3.6657628e-01  -1.0485462e+00  -7.1654239e-01  -1.0759906e+00  -1.1557364e+00   3.2821240e-01
   2.0000000e+00  -1.1253317e+00  -1.8096207e+00  -2.4927408e+00   2.6223631e-01  -1.7820187e-01   1.0456074e+00
   2.0000000e+00  -3.8745444e-01  -1.6899693e+00   5.5978750e-01  -1.8741487e-01  -9.2300316e-01   2.3037136e+00
   2.0000000e+00   7.0224635e-01   2.1877874e-01  -5.4340472e-02   1.6407010e+00   8.5636176e-01  -1.4397392e+00
   1.0000000e+00   8.7617379e-01   8.3333733e-01  -1.5967110e+00   5.2565367e-02  -1.4119732e+00  -8.6091705e-01
   2.0000000e+00  -7.3137333e-01  -1.6438102e+00  -2.4301734e+00  -3.4692602e-01  -2.1642182e-01  -2.2431833e+00
   2.0000000e+00  -7.6442684e-01  -2.6376985e-01   6.3342541e-01   1.7781196e+00   4.4518789e-01  -8.8615875e-01
   1.0000000e+00   7.9613448e-01   3.1482416e-02   1.3456561e+00  -1.6812037e-01   1.1428892e-01   4.6797540e-01
   2.0000000e+00   1.1786710e+00   1.2167836e+00   1.9520961e+00  -1.4297197e+00   2.1186509e+00   1.4448161e+00
   2.0000000e+00  -2.5706029e-01  -4.0302903e-01  -2.5863998e-02   9.2714676e-01  -1.0902508e+00   7.9722454e-02
   2.0000000e+00  -3.6344401e-01  -8.8311688e-01  -9.5584417e-01  -3.5271633e-01   5.3360921e-01  -1.3350036e+00
   2.0000000e+00  -1.2396695e+00   1.7828039e+00  -1.0219366e+00  -1.3697892e+00   6.9085192e-01   2.1700311e-01
   1.0000000e+00   5.1528723e-01   1.4217070e+00  -1.7200830e+00  -1.2924518e-01  -1.6834107e+00  -8.5564055e-02
   2.0000000e+00  -1.9219261e+00   3.1586284e-01  -8.8701233e-01   1.2510299e+00  -3.3737897e-01  -1.0565883e-01
   2.0000000e+00  -1.0970233e+00   5.3705780e-01  -2.6148748e-01   1.7300407e-01   1.5147384e+00   2.5566838e+00
   2.0000000e+00   1.5138154e+00  -1.3119654e+00  -1.3359751e+00  -7.3836527e-01   9.2896205e-01   2.6617050e-01
   2.0000000e+00   6.4568740e-02  -2.4117700e-01  -3.2913784e+00  -1.0024551e+00   7.3839673e-01  -1.6276939e-01
   1.0000000e+00   5.7834411e-01  -1.5833076e+00  -1.2013221e+00  -3.4383176e-01   7.6455913e-01   6.4911960e-01
   2.0000000e+00  -4.7830525e-01  -8.6409847e-01  -5.1990193e-01  -1.2613615e-02   5.8162639e-01  -1.2935984e+00
   2.0000000e+00  -1.1977366e+00   1.2039662e-01  -1.9986533e+00   7.4549444e-01   1.1652913e+00  -9.3636069e-01
   2.0000000e+00   2.0434002e+00  -7.8758746e-01   1.2835447e+00  -3.1052673e-01  -1.9427969e-02   1.2154581e+00
   2.0000000e+00  -1.0822432e+00   1.6049494e+00  -2.2271758e+00   2.7593117e-02  -1.8897795e+00  -1.9865614e+00
   2.0000000e+00   4.4757916e-01  -1.1694477e+00  -1.9002720e+00   1.8292432e+00   3.7260471e-02  -2.9562366e-01
   1.0000000e+00   3.7251480e-01  -8.2444920e-01  -7.5725833e-01  -7.8348244e-01   2.5906456e-01   1.1214068e+00
   2.0000000e+00  -3.7455635e-01   2.7731439e-02  -6.1504025e-01  -2.9652286e-01  -9.5295639e-01  -1.0672735e-01
   2.0000000e+00  -6.5252207e-01   1.1117477e+00  -1.2170459e+00  -1.3159638e+00  -1.3425491e+00   7.1078158e-01
   2.0000000e+00  -3.8847680e-02  -7.8161034e-02  -6.1740871e-01   1.8642677e-01  -4.0433715e-01   4.0842788e-01
   2.0000000e+00  -1.4687384e-01   3.1604897e-01   7.3883602e-02  -1.1531386e+00  -1.4574523e+00   1.4400428e+00
   2.0000000e+00  -1.4742091e+00  -6.0057473e-01  -1.2675175e+00   1.3244296e+00   1.1485334e+00  -3.2822842e-01
   2.0000000e+00  -5.7764684e-01   9.7383439e-01   1.9520250e-02  -5.9182319e-01  -1.0791517e+00  -2.2620198e-01
   2.0000000e+00  -4.5793114e-01  -1.3380208e+00   1.8414900e+00   1.5133828e+00   3.6130265e-01   8.8537098e-01
   2.0000000e+00   2.1163144e+00  -8.9090218e-01  -4.1414400e-02   8.4459671e-01  -9.4118290e-01  -5.4129677e-01
   2.0000000e+00   1.4700343e-01  -1.8937643e+00   6.7065190e-01   9.9024512e-01  -1.1628025e+00  -8.7317266e-01
   2.0000000e+00  -7.9129366e-01   1.1650103e+00   3.1143690e-01  -1.2951713e-01  -1.1288649e+00   5.4554563e-02
   2.0000000e+00   8.7779673e-01  -1.5438746e-01   3.8496890e-01  -8.6348701e-01   1.9850539e-01  -1.0894846e+00
   2.0000000e+00   1.8216590e+00   1.6269298e-01   1.3796892e+00   1.6435302e+00   1.6306022e+00  -8.3414532e-01
   2.0000000e+00   1.5332479e+00  -2.2863875e-01   6.0693554e-01   2.5682330e-01   1.3389980e+00   1.1047371e+00
   2.0000000e+00  -1.8240275e-01   2.5459180e+00   6.9268750e-02  -1.1861935e+00  -1.4477265e+00   9.7174930e-01
   2.0000000e+00   8.2599068e-01  -1.0737973e+00  -6.5546775e-01   9.1221118e-01  -1.4772801e+00  -6.0651642e-02
   2.0000000e+00  -2.4529866e-01   9.9288372e-01   2.4412532e-01   1.0759064e-01  -1.6862315e+00  -1.0549252e+00
   2.0000000e+00   1.5562735e-01  -4.8294212e-01  -1.0678331e-01   9.3683226e-01  -2.1411442e+00   4.3595563e-01
   1.0000000e+00   5.9964056e-01  -1.0577834e+00  -1.0402012e-02   1.7706573e-01   8.2313253e-01  -1.9771077e+00
   2.0000000e+00   9.9802774e-01   1.9330199e-02  -8.3672619e-01  -2.6084051e+00  -9.7510785e-01  -1.6471524e+00
   2.0000000e+00  -1.5676031e-01   8.6662684e-01   1.8188593e+00  -1.4519232e+00   8.1470588e-01   1.9892457e-01
   2.0000000e+00  -1.6505871e+00   6.4434058e-01   1.0239401e+00   7.4833541e-01  -2.6635494e-02  -1.7379211e+00
   2.0000000e+00  -7.7543892e-02   2.6055945e-01   2.2636557e+00   1.6723176e+00   1.8644694e+00  -8.4771875e-02
   2.0000000e+00  -5.1142885e-02  -1.1700245e-01   3.2149365e-01   4.1232380e-01   8.5914579e-01   7.2190588e-01
   1.0000000e+00   7.4365156e-02   8.3996886e-01   4.5096571e-01   1.1980486e-01  -2.7894442e-01   3.3680636e-01
   2.0000000e+00  -1.4974615e+00   5.1971646e-01   9.7300625e-01   1.2384177e+00  -6.0936183e-01   2.3806165e-01
   2.0000000e+00  -4.7288506e-01  -8.7907703e-01   6.3384932e-01  -7.6756470e-01   9.0438799e-01   1.2661877e+00
   2.0000000e+00  -2.5199695e+00  -1.9258451e-01   3.2668939e-01  -1.4094199e+00   8.7405891e-01  -6.5457223e-01
   1.0000000e+00   7.1346448e-01   1.3742906e-01   5.9417246e-01  -1.0763750e-01  -9.0877299e-01  -5.0166883e-01
   2.0000000e+00   4.6539852e-01  -1.9661001e-01   2.2742605e-01   8.9903479e-01  -6.8146836e-02  -5.0239170e-01
   1.0000000e+00   3.9876037e-02   1.2726068e+00   3.5138284e-01  -2.9087033e-02  -1.6081085e-01  -1.4327792e+00
   2.0000000e+00  -5.6863332e-01   9.6171585e-01  -2.2545890e+00   1.1632776e+00   6.0740217e-01  -2.2938438e-01
   2.0000000e+00  -6.4189753e-01  -6.4245782e-01  -5.5736801e-01   9.2228754e-01   1.5138512e+00  -1.6364305e-01
   2.0000000e+00   1.1303420e+00  -6.0912192e-01   1.7973242e-01  -4.1744365e-01  -4.7496917e-01  -1.3597787e+00
   2.0000000e+00   1.0771454e+00  -1.2138121e+00   3.3356936e-01  -1.0652440e+00  -3.9249380e-01  -5.0995184e-01
   1.0000000e+00   8.7517267e-01   1.6379537e+00  -1.2401296e+00   4.2069786e-01   1.4012133e+00  -4.3103582e-01
   1.0000000e+00   6.8897973e-01   9.2131973e-01  -2.4156961e+00   3.6997375e-01   1.0089832e+00   9.3915623e-01
   2.0000000e+00  -5.4076311e-01   4.7270600e-01  -2.8030778e-01   4.5353418e-01   1.4090714e+00  -8.6824648e-01
   2.0000000e+00   1.6461441e+00   8.4489682e-02  -3.9717634e-02   1.5909587e+00   1.2253465e+00   3.8090269e-01
   2.0000000e+00  -2.0753323e+00   1.3885993e+00  -1.0294850e+00  -1.9484224e+00  -2.9351552e-01  -3.2966232e-01
   1.0000000e+00   6.7265585e-01  -8.8130344e-01   1.0673966e+00  -6.6052988e-01  -6.4745386e-01  -1.4760100e-01
   1.0000000e+00   8.4610231e-01   1.5889733e-01   1.3239719e+00   2.4990394e-01   7.2488051e-03   1.1279416e+00
   2.0000000e+00  -1.9030533e-01  -9.5054802e-01  -7.5304789e-01  -1.3167556e+00  -1.1138477e+00   1.3492794e+00
   1.0000000e+00   2.7047347e-01  -4.0120146e-01  -8.9135337e-01   3.5857774e-01  -1.3070734e-01  -1.2634096e+00
   2.0000000e+00   1.1943700e+00   8.9124613e-01  -1.2687200e+00  -8.4880590e-01  -1.1963536e+00   1.1650022e+00
   1.0000000e+00   5.0476480e-01  -9.1263249e-01  -1.8408104e+00  -7.8191957e-01   1.6392785e+00  -8.8334233e-01
   2.0000000e+00   2.7665317e+00   8.1420581e-01  -7.3414903e-01  -5.2135374e-01  -8.0774999e-01  -6.5394260e-02
   1.0000000e+00   2.8612349e-01  -1.4020588e+00   9.2376722e-01  -4.4561335e-01  -3.1363822e-01   2.9594208e+00
   1.0000000e+00   6.2504989e-02   7.4374912e-01   1.6840638e-02   9.6002714e-01   1.5392757e+00  -3.7657052e-01
   1.0000000e+00   6.8637010e-01  -6.2176195e-01   2.8566046e+00  -1.0817275e-01  -1.3743196e+00   8.2056397e-01
   2.0000000e+00  -9.0587765e-01   5.9494944e-01   3.6659515e-01  -2.5295897e+00  -1.0320831e+00  -1.7942801e-01
   2.0000000e+00  -9.1942218e-01   4.4487280e-01   1.5429512e+00   1.1990703e+00  -6.2398265e-01   1.2697818e+00
   2.0000000e+00  -1.1974858e+00  -3.7967978e-01  -5.5069987e-01   7.0722114e-01  -3.7071031e-01  -4.8412893e-01
   2.0000000e+00  -1.8174038e-01  -6.8513146e-01  -1.0398885e+00   6.7698665e-01   6.4075155e-01   7.7538242e-01
   1.0000000e+00   5.7809566e-01   9.3769111e-01  -2.9461767e-02   2.5868299e-01   6.9921166e-01  -8.3576671e-01
   1.0000000e+00   1.1461976e-01  -5.9281053e-01   7.6702292e-01  -9.1770110e-01  -1.2245967e+00  -8.8059297e-02
   2.0000000e+00  -1.3850296e+00  -8.0265591e-02  -1.7876004e+00   7.2738550e-01   8.5567353e-01  -4.7222291e-01
   2.0000000e+00  -1.4777772e+00  -9.2629516e-02   1.3639573e+00   4.5017718e-01   5.6364086e-01   1.3823260e+00
   2.0000000e+00  -8.6565215e-01  -9.3478882e-01   3.1051950e-01   2.4652602e-01   2.2051236e+00   1.3092871e+00
   2.0000000e+00  -2.8734024e-01   1.1182387e+00  -1.2576222e+00  -2.1621595e+00  -3.5091902e-01  -6.9924401e-01
   2.0000000e+00   3.4669316e-01   2.2454115e+00  -1.4135968e-01   9.6791125e-01  -2.2880963e-01   9.9276617e-01
   2.0000000e+00   1.3747617e+00  -1.8052215e+00  -2.5952935e-01   6.6448481e-02   1.3024496e+00  -4.8428909e-01
   2.0000000e+00  -5.2126139e-01   5.6556319e-01  -1.2626143e+00   1.2353682e+00  -5.5941218e-01  -9.5475482e-01
   2.0000000e+00  -1.4161016e+00  -1.1316276e+00  -5.6909700e-01  -1.2077014e+00  -2.5276298e-01   2.7392010e-01
   2.0000000e+00  -6.7907997e-01  -1.0672252e-01   3.7339222e-01   2.6732062e-01  -2.2765003e+00  -7.7921070e-01
   1.0000000e+00   8.8889838e-01   2.0669463e-01  -5.9602627e-01  -5.8808090e-02   4.0188298e-01  -1.0542713e-01
   2.0000000e+00  -3.9556982e-01   1.8694159e+00  -2.5084998e+00   9.1109365e-01  -8.0395855e-02   1.4025098e+00
   2.0000000e+00   7.2273245e-01   2.2078161e-01  -5.4034568e-01  -1.5007914e+00  -1.2738339e-01  -6.1025479e-01
   2.0000000e+00  -1.4493679e+00   6.9895715e-01  -1.0466242e-01   2.0288419e+00   1.7288298e+00  -9.8307334e-01
   2.0000000e+00   1.4718961e+00  -2.2580122e-01  -1.1046078e+00   6.6281792e-01   3.9920016e-01   8.1730128e-01
   1.0000000e+00   1.9121725e-01   2.6201059e-01  -1.4186533e+00   1.8593959e-01   6.0524372e-01   3.4480558e-01
   1.0000000e+00   4.4130877e-01   1.5411023e+00   1.0900855e+00  -5.4162215e-01  -1.6444019e+00  -5.4172588e-01
   1.0000000e+00   3.0662077e-01  -2.1766609e-01   1.1194461e+00  -5.3003518e-01  -1.2259089e+00  -8.0375171e-01
   2.0000000e+00   1.5942903e-02  -2.3592224e-01  -6.4130123e-01   1.2678460e+00  -3.9907542e-01  -9.4774991e-02
   2.0000000e+00  -1.3057254e+00  -1.4034005e-01  -3.1631398e+00  -4.6315650e-01   1.0295106e+00  -1.1155093e+00
   2.0000000e+00  -1.5298629e+00   8.3835177e-01  -5.3279516e-03   9.5125898e-01   7.3271126e-01  -2.1046959e+00
   2.0000000e+00  -2.8002920e-01  -5.4322320e-02  -1.8412601e-01   5.6863081e-01   2.4998784e-01   4.3624258e-01
   1.0000000e+00   4.7797035e-01   1.3386534e+00   2.8025234e-01  -7.8092480e-01   1.2011902e-01  -3.1003384e-01
   2.0000000e+00  -1.2280027e-01  -2.8837367e-01   1.1928514e+00   5.7719738e-01  -1.4074903e+00   1.1328590e+00
   2.0000000e+00  -1.3869858e+00   1.8868019e-01   1.8842580e+00  -4.5822154e-01  -4.4926565e-01  -6.2991874e-01
   2.0000000e+00   1.7209365e+00  -8.5535580e-01   8.4461882e-01   9.8730187e-01  -1.2717993e+00   1.1502537e+00
   2.0000000e+00  -1.1019558e+00   1.7960373e+00   2.0789548e-01   1.9954439e-01  -1.9763354e-01  -5.2408326e-01
   2.0000000e+00  -1.2282105e+00  -1.3585090e+00  -9.1485212e-01  -7.3784465e-01  -7.3144088e-01   3.2890008e-01
   2.0000000e+00  -9.7012070e-01  -5.3178021e-01   1.7267115e+00  -4.9228363e-01   1.9272619e+00  -1.6290978e-01
   2.0000000e+00   1.3173010e+00   9.7404689e-01  -1.5153203e+00   1.9459783e+00   9.3307018e-01   7.1732590e-01
   1.0000000e+00   2.9389059e-01   1.4082957e+00  -4.3219645e-01  -4.1182584e-01  -4.9257480e-01   8.9479144e-01
   2.0000000e+00  -1.4329683e+00  -1.9779456e-01  -1.1051616e+00   1.3693144e-01  -7.2842875e-02   6.4730308e-01
   2.0000000e+00   6.3872793e-01   7.8085897e-01   5.2787724e-01   1.2064044e+00   1.8769885e+00  -7.0057911e-01
   2.0000000e+00  -1.1228970e+00   1.5490208e-01  -9.4068429e-03  -1.0551271e+00   1.0469158e-01   2.3766592e+00
   2.0000000e+00   1.3569606e+00   4.7506229e-01  -2.5191934e-01   2.0824476e-01   9.7332694e-02   2.0731642e-01
   2.0000000e+00  -1.3245745e-01   1.6685832e-01   1.0043318e+00   1.5321111e+00   4.1614190e-01  -2.8628342e-01
   1.0000000e+00   9.6616658e-02  -1.3938931e-01   3.3368370e-02   1.7665093e-01  -1.1958176e-01  -1.1215118e-02
   2.0000000e+00   1.2559250e+00   1.8672527e+00   2.3634420e-01   1.3618171e+00  -8.6032909e-01  -6.0112710e-01
   1.0000000e+00   7.2398211e-01   2.2373613e-01   7.4142990e-01  -1.7834332e-01   1.8575490e+00   4.1116737e-01
   1.0000000e+00   9.8223590e-01  -8.6604818e-02   6.6943991e-02  -1.7389529e-01  -5.9356186e-02  -5.4104098e-01
   2.0000000e+00  -5.9071917e-01   1.3380823e+00   1.3857705e+00   3.2610151e-01   4.8294432e-01   5.8372337e-02
   1.0000000e+00   2.2236748e-01   3.0651597e-02  -1.2949412e+00   4.8475610e-02  -1.1470179e+00   6.1940570e-01
   2.0000000e+00  -1.1716914e+00   2.0889701e+00   1.2764004e+00   1.0869075e+00   8.6752748e-01   7.2521559e-01
   2.0000000e+00  -3.0692635e-01   1.3143229e-02  -2.0448665e-01   1.5854973e-01   1.4006649e+00   6.6092052e-01
   2.0000000e+00  -1.7500056e+00  -2.2849272e-01  -1.3606805e+00  -4.0882641e-01   1.5636829e+00   4.1400330e-01
   2.0000000e+00  -3.5409588e-01  -1.0029728e+00  -1.4790396e-01  -5.7954561e-01   1.7688302e+00  -9.7321426e-01
   2.0000000e+00   5.4526469e-01   3.9377004e-01   8.1078966e-01   8.8852987e-01   1.1007925e+00   8.3034795e-01
   2.0000000e+00  -1.1866819e-02   1.1818684e-01   2.4192165e-01  -6.8442156e-01  -8.4361531e-02  -3.0120471e-01
   1.0000000e+00   6.0844171e-01   7.8626890e-01   1.1123527e+00  -5.1374027e-01   6.3421968e-01   2.6154726e-01
   2.0000000e+00   5.6178177e-01   4.6056193e-01  -1.8160023e-01  -2.7109688e+00   5.7695348e-01   7.1027862e-01
   2.0000000e+00   6.7167745e-01  -1.8728392e-01   1.3144782e+00   4.2419004e-01   2.1999341e+00   5.1093570e-01
   1.0000000e+00   4.7782632e-01   1.6368585e+00  -1.1538781e+00   2.9520843e-01  -2.6678976e-01  -1.1463948e+00
