   2.0000000e+00  -9.3278331e-02   2.5344846e-01  -7.8868859e-01  -1.0584331e+00   9.4242999e-01   1.5758476e+00
   2.0000000e+00   7.9111460e-01   1.1710106e+00   2.3620804e-01  -3.1204620e+00   2.3069972e+00   8.4639777e-01
   2.0000000e+00  -1.2706117e-01   2.7776659e-01  -7.5933976e-01   8.9523392e-01  -1.4061443e+00  -9.1079606e-01
   2.0000000e+00  -7.9096125e-01  -2.0025359e+00  -8.9806187e-01   1.8621021e+00   2.4399565e-01   1.4790118e+00
   2.0000000e+00  -6.6763606e-01  -1.4607674e+00  -8.0790059e-01   1.3526575e+00  -2.0369436e-01  -4.7694648e-01
   2.0000000e+00  -7.3534910e-01   8.2169101e-01  -1.0089835e+00  -4.3084677e-01   4.1348497e-01  -1.5043649e-01
   1.0000000e+00   2.1467072e-01   5.8286156e-01   3.2544222e-01  -7.9054923e-01   4.2379924e-01   1.3849657e+00
   2.0000000e+00  -4.5458380e-01  -2.7378849e-01  -1.3656011e+00  -1.7221748e+00   6.4213267e-01   1.4667677e+00
   2.0000000e+00  -8.8395373e-01   1.0110860e+00   1.0026596e-01  -7.2706380e-01  -5.1690353e-01  -4.7979551e-01
   2.0000000e+00  -1.4967568e-01  -5.0739761e-01   1.9346556e+00  -8.9472138e-02  -1.6488596e-01  -4.5367210e-01
   2.0000000e+00  -9.0660038e-02  -2.6346436e+00   2.9833635e-01  -1.0166745e+00  -2.0357324e-01  -4.0724565e-01
   2.0000000e+00  -1.1864187e+00  -3.6950839e-01  -3.3613126e-01  -1.4568478e+00  -5.3441922e-01  -2.9769539e-01
   2.0000000e+00  -6.4998914e-01   7.8176645e-01  -6.5622037e-01  -1.5366871e-01  -4.2116440e-01   6.2977086e-02
   2.0000000e+00  -8.9306911e-01   1.6792767e+00  -1.6922273e+00  -2.5607593e-01   9.0726739e-01  -6.8408883e-01
   2.0000000e+00  -4.6825376e-01   1.2547372e+00  -1.2266022e+00  -6.3151781e-02   1.5464600e+00  -5.6493257e-01
   2.0000000e+00  -3.6599819e-01  -1.3881843e+00  -2.2473395e-01   2.8568946e-01   3.6642217e-01   1.1001031e+00
   2.0000000e+00   7.7235738e-01   1.0608297e+00   8.0030571e-01   1.5079766e+00   1.2475892e+00   1.0253164e+00
   2.0000000e+00   1.4480974e+00   2.6984125e-01   1.0557967e+00   1.4004803e+00  -9.8314748e-01   2.1236806e+00
   2.0000000e+00  -1.9866705e-02   8.4249633e-02  -8.0397393e-01   5.3866517e-01  -1.6379562e+00   1.0737542e+00
   2.0000000e+00   1.7137371e+00  -2.6779315e+00   1.3101203e+00  -7.6155820e-01  -7.1640388e-01  -9.1967593e-01
   2.0000000e+00  -1.9588995e+00  -7.0966371e-01  -1.3658593e+00  -5.6694705e-01  -1.3869767e-01   6.3597834e-01
   2.0000000e+00  -5.7084689e-01   2.5888339e-02  -1.4519545e-01  -2.2019390e-01   2.2318699e+00   1.1042808e+00
   2.0000000e+00  -6.6226194e-01   3.5436440e-01  -1.7585630e+00   1.1877884e+00  -7.8097944e-01   3.5216427e-01
   2.0000000e+00   8.6112008e-01   2.3542628e-01   4.2253909e-01   5.5936843e-01  -8.9635322e-01  -1.0147956e+00
   2.0000000e+00  -1.1812831e+00   1.3305506e+00  -7.5540260e-01   1.4806858e+00   1.0578496e+00   1.4058378e+00
   2.0000000e+00   3.2737486e-01  -2.1134235e-01  -2.9860620e-01  -8.8018689e-01   1.3409631e+00  -2.7717117e-02
   2.0000000e+00   9.4170452e-01   7.9521687e-01   4.8890230e-01   2.3895031e+00   1.4725510e+00   7.5457878e-02
   2.0000000e+00  -1.1782586e-01  -1.1347942e+00   1.9743180e+00   1.2758172e+00  -5.9967260e-01  -5.3549336e-01
   1.0000000e+00   5.1606100e-01   1.5720005e-01  -1.6985377e-01   2.9613936e-01   1.2204676e-01  -3.2073939e-01
   2.0000000e+00  -8.1774877e-02  -1.3417873e+00   1.4636121e+00   1.5025314e+00  -1.0766215e-01   1.1728203e+00
   2.0000000e+00  -1.3794233e-01   4.6626878e-01   3.3250706e-01  -1.1176569e+00   2.4887947e-01  -9.9618244e-01
   2.0000000e+00  -5.4542151e-01   4.2812659e-01  -6.5626682e-01   1.0751551e+00   1.4383829e-01  -4.9182201e-01
   2.0000000e+00   1.6223794e+00   7.6753212e-01  -1.1325220e+00   1.9814174e+00   3.9916445e-02   4.8429284e-01
   2.0000000e+00   2.3342305e-01  -5.6488152e-01   1.9765954e+00  -1.0358333e+00  -3.2047685e+00  -9.8557188e-01
   2.0000000e+00   4.3116515e-01   1.0296017e+00  -6.5373618e-01  -1.1340145e+00   9.1565620e-01  -4.9018429e-01
   1.0000000e+00   4.7243549e-01   5.5294446e-01   1.7220215e+00   1.5525876e+00   1.6159434e-01  -4.4200117e-01
   2.0000000e+00  -1.3980438e-01  -1.4618488e+00   1.8476458e-01   1.5501050e+00   1.0944757e+00  -1.1084568e+00
   2.0000000e+00  -5.3471044e-01  -1.3125125e+00  -1.4656509e+00   2.7635085e-01   1.1642320e+00   1.1117119e-01
   2.0000000e+00   1.3451219e-01  -1.4859417e+00   8.6428517e-02  -5.0485273e-01   1.4389809e+00  -1.1006328e+00
   1.0000000e+00   3.9703274e-01  -1.2747086e+00   3.3974099e-01  -1.9622561e+00   3.7737824e-01  -7.3209055e-01
   2.0000000e+00   4.2689641e-01   9.9667226e-01   1.0253053e-02  -4.6152896e-01  -9.3571711e-01  -3.0823882e-01
   2.0000000e+00   1.2631329e+00   9.0161753e-01  -3.9387237e-01  -3.1687390e+00   1.3148992e-01  -9.3756944e-01
   2.0000000e+00  -1.8890464e-01  -9.9705266e-01  -8.6710867e-01   1.3756706e+00  -9.6477365e-02   1.0180929e+00
   2.0000000e+00  -3.3663085e-01   2.0373997e-01  -1.9371157e+00  -1.5143256e+00  -3.1135111e-01   8.9174470e-01
   2.0000000e+00  -8.0775597e-01   1.1862584e+00   2.7883189e-02  -9.0314274e-01  -9.2326677e-01   2.5115328e+00
   2.0000000e+00  -4.7480346e-02   1.5486406e+00   5.9423347e-01   7.7996513e-01   1.5000686e+00  -1.9264477e-01
   2.0000000e+00  -3.0117420e-01   1.3543605e+00  -1.2362644e+00   7.9066272e-01  -1.2739178e+00  -6.6002559e-01
   2.0000000e+00  -7.0271731e-01   6.5203682e-01   9.8528330e-01   3.1262359e-01  -1.3272211e-01  -6.3724543e-01
   2.0000000e+00  -2.4379037e+00   1.7397723e+00   6.3162749e-01   1.6414162e-01  -1.1535747e-01   3.3542557e-01
   2.0000000e+00  -9.1118292e-01   1.8153190e-01  -2.4695478e-01  -1.2610513e+00   1.0612841e-01   1.5378849e+00
   2.0000000e+00  -6.7069438e-01  -3.0897328e-01  -1.1558912e+00   1.1932325e+00   4.7886898e-01  -3.3411399e-01
   2.0000000e+00  -2.1480511e-01  -9.2227240e-01   1.1581501e+00  -4.3271372e-01   1.0565477e+00   1.3048252e+00
   2.0000000e+00   1.3925631e+00  -2.7579943e-01   2.3008216e+00  -1.6265286e-01  -3.9609744e-02   4.9286889e-01
   2.0000000e+00  -2.1452766e+00   4.5676095e-01   5.8198100e-01   1.6611968e-01  -1.6033159e+00   2.9892781e-01
   2.0000000e+00   2.0722945e+00  -1.6509949e+00   2.2624480e+00  -1.1322301e+00   1.3803032e+00  -6.7418178e-01
   2.0000000e+00   6.8182996e-01  -1.5234334e-01  -1.3199751e+00  -1.2757038e+00  -1.7369718e+00   1.3827186e+00
   2.0000000e+00   3.1067833e-01  -3.0130501e-02   4.6100352e-01   5.9710794e-01   1.2909738e+00   4.0508836e-01
   2.0000000e+00  -3.8907252e-01  -2.5818523e-01   7.4937876e-01  -7.2171612e-01   4.3093064e-01  -9.3698553e-01
   2.0000000e+00   6.6787715e-01  -2.3616439e-01  -2.0067604e+00  -2.2387984e-01  -3.6275067e-01  -3.0689291e-01
   2.0000000e+00  -6.6740249e-01  -3.2473447e-01   7.4482557e-01  -6.9811342e-01  -1.2049821e-01  -1.4097566e+00
   1.0000000e+00   3.2203985e-01  -5.5719008e-01  -1.1904036e+00  -6.5722954e-01   3.6315428e-01  -7.1028691e-01
   2.0000000e+00  -4.1374471e-01  -9.1992601e-01   1.4136837e+00  -7.6738021e-02   7.8248740e-01  -2.0390194e+00
   2.0000000e+00  -8.3691272e-01   3.6941049e-01   5.6658085e-01  -7.3888223e-01   2.8958465e-01  -5.6800855e-01
   2.0000000e+00   1.6750376e+00  -5.8730437e-01  -9.0077847e-01   1.5348599e+00   1.1798255e+00  -1.2145582e+00
   2.0000000e+00  -2.3480926e-01   6.0631926e-01   1.3662852e+00  -5.5382446e-01  -1.1812172e+00  -1.9253020e-01
   2.0000000e+00  -3.2771519e-01  -6.5116028e-02   3.2660674e-01   1.9974089e+00  -3.7741655e-01   6.5701654e-01
   2.0000000e+00  -1.8584240e-01   1.6667292e+00  -5.0744198e-02  -1.7678467e+00  -2.4842409e-02  -1.7262533e+00
   2.0000000e+00  -8.6405168e-02   3.2611626e-02   4.3680089e-01   1.0170990e+00   2.4523560e-01  -8.2227418e-01
   1.0000000e+00   2.8601047e-01  -9.7307567e-01  -5.5495242e-02   2.7105390e-01   1.5518525e-01  -4.9988789e-01
   2.0000000e+00   1.2504069e+00   3.4481665e-02   3.6241245e-01  -3.6754249e-01   1.2395949e-01   3.8246609e-01
   1.0000000e+00   7.0847391e-01  -1.4205586e+00   5.7700709e-01   1.9031611e-01  -5.2076901e-01  -7.0156491e-01
   2.0000000e+00  -1.0546372e+00   2.3197290e-01   1.1335117e+00  -5.1483206e-01   8.3833134e-01  -2.5975992e+00
   2.0000000e+00  -9.0189900e-01  -1.1012412e+00   3.9088294e-01  -6.1923668e-01   1.4477938e-01   1.7258964e-01
   2.0000000e+00   1.0805060e+00   1.5346173e+00   1.1029309e+00   7.6707783e-01  -3.2672823e-01   2.0116901e+00
   2.0000000e+00  -1.0144144e+00  -2.0925441e+00   1.7072955e+00   1.0495520e-02  -1.9295828e-01   5.3045780e-01
   2.0000000e+00  -2.1773948e-01   1.7897649e+00   3.5605130e-01   5.9851015e-01  -4.2508474e-01  -7.0806638e-01
   2.0000000e+00  -1.8489575e+00  -2.1213155e-01  -2.8918003e-02  -3.4787629e-02   2.3242242e+00  -1.2768453e+00
   2.0000000e+00   1.8774741e+00  -1.6728634e+00  -7.3356723e-01  -1.4959096e+00  -9.7224147e-01  -8.6972539e-01
   2.0000000e+00  -3.1965073e-02   3.9555030e-02  -2.6346457e-01   2.3289634e+00   1.0965000e+00   1.1870929e-01
   2.0000000e+00  -1.1896701e+00   1.4005431e-01   3.3446094e-01   1.5416934e+00   5.0377447e-01   1.0058796e+00
   2.0000000e+00  -2.2356297e+00   1.8503029e+00   1.2619234e+00   1.2543246e+00   1.7094167e+00  -6.3859224e-01
   2.0000000e+00  -1.2462303e+00   4.8962030e-03   2.8091177e-01   8.4092841e-01   1.2718003e+00  -4.6850519e-01
   1.0000000e+00   1.8860168e-01   2.3155595e-01   7.7429282e-01  -1.2502005e-01  -7.3365153e-02  -1.5771256e+00
   1.0000000e+00   7.9420659e-01   1.8927238e+00  -8.3426056e-01  -1.0240918e+00  -5.6278998e-01   9.1346178e-01
   2.0000000e+00  -6.7386303e-01  -2.3127761e-01   1.3270829e+00   7.4865778e-01  -1.4781746e+00  -4.2287389e-01
   2.0000000e+00  -1.2219926e+00  -1.1366604e+00  -2.0562025e+00  -8.1062408e-01  -1.0607063e+00  -1.4904719e+00
   2.0000000e+00  -1.6818916e+00  -1.9011765e+00   7.2938401e-01  -8.5778570e-01   8.9554808e-01   1.0203026e-01
   2.0000000e+00   1.2909567e+00  -9.5283154e-01  -1.0158390e+00  -3.4712031e-02  -2.1301918e-01   3.7559314e-01
   1.0000000e+00   6.3031236e-02  -1.4743657e+00   1.2140077e+00  -6.3760924e-02  -2.5639441e-01  -3.9036987e-01
   2.0000000e+00  -1.8155578e+00  -4.1722170e-01  -1.1193794e+00  -3.7277476e-01   6.4663225e-01   1.0965448e+00
   2.0000000e+00  -1.2133078e+00  -2.2912504e-01  -1.2098164e+00   1.4778711e+00  -1.1363572e+00  -1.0133936e-01
   2.0000000e+00  -5.3422336e-01   5.4027964e-01  -9.7684540e-01  -5.6213024e-01  -4.4265412e-01   5.3309345e-01
   2.0000000e+00   1.2647159e+00   2.0194184e+00  -1.5268860e+00  -4.4257186e-01  -1.5155795e-01  -6.4267326e-02
   2.0000000e+00   1.2920320e-01  -1.8730951e-02  -2.2626859e+00  -1.3744577e+00   3.3271432e-01  -7.1081237e-01
   2.0000000e+00  -1.8335067e+00  -2.0666628e+00   1.7950766e+00   1.0409002e+00   7.1648680e-01  -8.0182918e-01
   2.0000000e+00  -2.2258762e+00  -4.2653084e-01  -1.0550418e-01  -8.1150098e-01   1.7153793e-01   9.5467569e-01
   2.0000000e+00  -6.0645962e-01   3.5158099e-01  -2.3596959e-01  -1.9553796e+00  -1.9394955e-02   5.9763639e-01
   2.0000000e+00   4.5755834e-01  -1.9132134e-02  -1.9391502e-01  -3.5944840e-01   1.4611822e+00  -1.4654582e+00
   2.0000000e+00   1.2162014e+00  -1.3799695e-01   2.0102297e-01  -4.7894272e-01   2.2682565e-01  -1.0651228e+00
   2.0000000e+00  -1.0786645e+00   5.3008208e-01  -2.0008242e+00   3.0448341e+00  -1.0900229e+00   2.0887431e+00
   1.0000000e+00   5.0943414e-01   1.1755848e+00   1.4656962e+00   5.4422316e-01   1.4918441e-01  -1.6026741e-01
   1.0000000e+00   2.6817703e-01  -1.3001611e+00   6.1126830e-01   4.8583142e-01  -3.9117515e-01   2.2428882e+00
   2.0000000e+00  -1.3370187e-01  -6.1947298e-01   1.7232650e+00   3.4925493e-01  -1.0193665e+00  -1.6562568e+00
   2.0000000e+00  -8.6834135e-01   3.1537123e-01  -1.3704790e+00  -6.4153128e-02  -2.2856801e-01  -8.0201357e-01
   2.0000000e+00   2.6633172e+00   1.2528672e-01   8.3399462e-01   1.3079404e+00   1.9290183e+00   1.1158253e+00
   1.0000000e+00   1.5499470e-01  -2.0893028e+00   3.2498928e-01   8.0734025e-02   1.3101662e-01  -3.9456042e-01
   2.0000000e+00   1.4018344e+00  -5.7306498e-01  -3.4494477e-02  -6.7098254e-02  -9.9327143e-02   1.2444034e+00
   2.0000000e+00  -1.1920878e-01  -7.6782075e-01   6.4938882e-02  -4.7856131e-01  -7.3720495e-01   1.9126818e-01
   1.0000000e+00   9.0426798e-02   1.3795248e+00  -4.6932578e-01  -4.9710434e-01  -3.1374051e-01   4.9208074e-01
   2.0000000e+00   1.3575748e+00   7.3111023e-01   1.0221098e+00   5.3985847e-01  -3.3587814e-01  -2.1245515e-01
   2.0000000e+00   8.9793080e-02  -9.1617935e-01   1.3526549e+00  -3.5026262e-01  -1.2585794e+00  -7.7877177e-01
   1.0000000e+00   3.1901500e-01   4.6616837e-01   1.1071481e+00  -6.8117037e-01   4.9076515e-01   8.8408469e-01
   2.0000000e+00  -1.4271635e+00  -1.3921228e+00  -2.0406192e-01  -1.0093306e+00   2.6610961e+00   1.4709286e+00
   2.0000000e+00  -3.2837579e-01  -2.0392308e-01   4.0791736e-01   1.9155136e-01  -9.9878246e-01  -1.8649272e-01
   2.0000000e+00  -1.3300384e+00  -2.5560282e-01  -1.5400636e-01  -2.9936940e-01  -4.8395014e-01  -3.9799463e-01
   2.0000000e+00  -6.9873131e-01  -7.5080331e-01   1.2441913e+00   6.1341576e-01  -1.8081903e+00   6.2489598e-01
   2.0000000e+00   6.9018264e-01   4.4275296e-01  -2.1477626e-01   2.0080500e-01   1.3915787e+00  -1.7109621e-01
   2.0000000e+00   1.5236396e+00  -2.8201993e-01   1.7155011e-01  -8.7396653e-01  -8.9774434e-01   5.5271755e-01
   2.0000000e+00  -2.0520978e+00  -7.7295135e-01   2.0630998e+00   5.6248577e-01  -6.0910597e-01   1.3294008e-01
   1.0000000e+00   1.4787987e-01   8.4676894e-01  -1.3022179e+00   9.8553836e-02  -2.3595761e-01   2.9756969e-01
   2.0000000e+00  -4.7706702e-01   1.1773813e+00  -1.2789673e+00   1.4372327e+00   7.3428967e-01   1.2941850e+00
   2.0000000e+00   4.9874698e-01   1.0507747e+00  -8.4174329e-02  -5.1187134e-01  -1.8702276e+00   1.4779109e+00
   1.0000000e+00   5.2578527e-01   1.4641093e+00   2.8551492e-01  -6.3067871e-01  -7.2163497e-01  -4.8545035e-01
   2.0000000e+00  -3.3376653e-02  -3.9400278e-01  -1.1817792e-01  -8.3186237e-01  -1.0627139e+00   1.1460243e+00
   2.0000000e+00   8.3229020e-02  -4.5753001e-01  -2.1799594e+00   8.5587146e-01  -1.0133033e+00  -1.2828267e-01
   1.0000000e+00   9.0724147e-01  -3.0077432e-01   8.5741657e-01   9.5498003e-01   2.1300720e-01  -4.3659309e-01
   2.0000000e+00  -2.1881366e-01   1.1420625e+00  -2.9578882e-02   7.5774605e-01   2.2519959e-01  -5.9265397e-01
   2.0000000e+00  -1.1301341e+00  -1.7426144e+00   1.3050869e-01   3.5608244e-02  -2.2419624e-01   7.8546275e-01
   2.0000000e+00   7.3536111e-01  -4.4755357e-01  -2.0790044e-01  -1.0323169e+00  -8.4618854e-01   1.4849814e+00
   2.0000000e+00   3.3160062e-01  -4.9814647e-01   1.1139237e+00   9.4919698e-01   1.6670907e+00  -3.7619958e-01
   2.0000000e+00  -5.9673966e-02   1.3888517e+00  -1.0651708e-01   8.1870470e-02   6.1181293e-01  -3.7032342e-01
   2.0000000e+00  -8.8768067e-01  -6.6634212e-01  -4.0461960e-01   2.5346058e-01  -1.5369340e+00  -1.4413503e+00
   2.0000000e+00  -1.0451453e+00   1.8988025e-01  -1.2002676e+00  -1.7147319e-01  -1.0464300e-01   2.5087146e-01
   2.0000000e+00   1.0471792e+00   2.3954147e-01   1.0382442e+00  -6.7558692e-01   1.5571633e+00   1.6928842e-01
   2.0000000e+00   1.7830989e+00   3.3560418e-01  -1.6305714e-01  -2.1552518e+00   2.3665376e+00  -7.2375522e-03
   2.0000000e+00  -4.0867638e-01   1.1353786e+00   4.1386567e-01  -3.6743553e-01  -2.0729089e+00   1.9755117e-01
   2.0000000e+00   6.4619636e-01   2.4119954e-01  -1.0301181e+00   1.2482653e-01   9.1943621e-01  -1.6349295e-01
   2.0000000e+00  -8.1243471e-01  -8.2448596e-01  -6.7386561e-01   2.7025442e-01  -2.7580429e-01  -3.5462958e-01
   2.0000000e+00   2.7076770e+00   7.2504973e-01  -1.0881019e-01  -3.0556013e-01  -1.6908832e-01   4.2291857e-01
   2.0000000e+00  -2.0169923e+00   4.0232742e-01  -2.1241362e-01   6.7583681e-01  -2.2648965e-01   1.7688354e-01
   2.0000000e+00  -2.1082964e-01  -1.0452466e+00  -9.0521174e-01   7.3101642e-01   1.5928849e-01  -3.0361265e-01
   2.0000000e+00  -5.7948455e-01   1.5610814e+00   2.0417195e+00   1.7829711e-01   1.1438380e-01   1.3431648e+00
   2.0000000e+00  -7.8486029e-01   4.8165651e-01   5.3443855e-03  -1.3669287e+00   7.1975887e-01   1.2477342e+00
   1.0000000e+00   4.0937705e-01   2.8663947e+00  -6.5827776e-01  -3.5211833e-01  -1.0599498e-01  -6.2457433e-01
   2.0000000e+00  -1.6221837e+00  -1.5425670e+00  -1.2901073e+00   2.0285365e+00   8.8087114e-01   6.1558245e-01
   2.0000000e+00   7.6948802e-01   1.3371632e+00  -8.0287055e-02   1.7233799e+00  -7.1077994e-01  -6.1868818e-01
   2.0000000e+00   1.4219075e+00  -1.3636340e+00  -2.7103991e+00  -1.4866914e+00   1.6384831e+00   5.7427098e-01
   2.0000000e+00   1.0321174e+00   4.8697796e-01   1.2978532e+00  -1.8299958e+00  -3.2223973e-01   2.9295732e-01
   2.0000000e+00  -1.2577603e-01   1.1842447e+00  -1.0077891e+00   4.5342774e-02   4.4924763e-01  -6.1333673e-01
   1.0000000e+00   4.6031365e-01  -4.1947851e-01  -1.3478994e+00   9.6946863e-02  -3.9506650e-01  -9.6283712e-01
   2.0000000e+00   1.5584952e+00  -4.6968684e-01   3.9754965e-01  -8.7215169e-01   5.4016910e-01   3.6479406e-01
   2.0000000e+00   5.5718002e-01   4.2805887e-01  -3.8099896e-01   9.8305247e-01   1.3535598e+00  -4.7329552e-01
   2.0000000e+00   6.2532289e-01   1.5417922e+00  -7.4234960e-01  -2.3095615e-01   9.3698303e-01  -2.5109787e-01
   2.0000000e+00  -2.8317885e+00   2.4016575e-01  -7.7112733e-01   1.1598749e-01  -5.1667539e-01  -2.8871092e-01
   2.0000000e+00   2.5155053e-01  -5.3796036e-01   8.0094636e-01   2.1962767e+00   2.7702794e+00  -3.0314820e-01
   2.0000000e+00   1.3928748e+00   3.2833573e-02  -4.9288052e-01   3.2831750e-01   8.3421722e-01  -4.9715538e-01
   2.0000000e+00  -1.2252666e+00   2.1393208e+00  -2.1096230e-01   1.0459128e+00   1.4209074e-01  -2.1824099e+00
   2.0000000e+00  -7.8968476e-01  -1.8339227e+00   1.1815320e+00  -5.2670809e-01   7.4166147e-01   2.3705664e+00
   2.0000000e+00   2.7547746e+00   2.0228001e+00   3.3260279e-01   3.8385101e-01  -1.0126378e+00  -6.6961402e-01
   2.0000000e+00   1.4852313e+00  -8.3174773e-01  -7.2093398e-01  -3.6030570e-01  -1.4060081e+00  -1.3992446e+00
   2.0000000e+00  -6.4871690e-01  -8.1125620e-01  -3.3258490e-01  -1.2574648e+00  -5.9802277e-01   9.7495634e-02
   2.0000000e+00   2.5573118e-01  -4.0373649e-01  -2.0647129e+00   6.9706005e-01  -5.3366533e-02  -4.4287179e-01
   1.0000000e+00   4.6353315e-01  -2.6784728e+00  -1.7804167e+00   6.5103834e-01  -5.5262021e-01  -1.5222022e+00
   2.0000000e+00  -8.4491407e-02   1.5766955e+00   2.3072083e-01  -2.0884018e-02   9.5351592e-02   1.3364427e+00
   2.0000000e+00  -4.8845982e-01   9.0575077e-01  -6.7291722e-01   1.7024342e-01  -4.3649718e-02  -1.3505776e+00
   1.0000000e+00   1.4197571e-01   6.7697722e-01  -4.2898643e-01   1.1683276e+00  -2.4181382e-02   1.1888590e+00
   1.0000000e+00   8.7918256e-02  -3.0639820e-01   2.1021508e-03   6.8707771e-01  -1.3413852e-01   1.5019023e+00
   2.0000000e+00   1.0487885e+00  -3.4487607e-01   4.5206669e-02  -2.1360421e+00   1.7712286e+00   9.3050461e-01
   2.0000000e+00  -9.3360062e-01   4.9356566e-01   2.3740671e-01   7.6201218e-02   5.0607737e-01  -1.8403142e-01
   2.0000000e+00   3.4744274e-01  -2.6377364e+00  -2.4293107e-01   8.0703440e-01  -1.1997257e+00  -5.6243117e-01
   2.0000000e+00  -1.3777249e+00  -5.3608080e-01  -6.2335638e-01  -2.2667492e-01   1.2968378e+00  -1.8649043e+00
   2.0000000e+00   4.6786782e-01   7.9899587e-01   1.9809762e+00  -1.0358470e+00  -1.8458078e+00  -1.3712163e-02
   2.0000000e+00  -7.2509462e-01   1.0756297e+00   1.3989320e+00   1.8973998e+00  -3.9971486e-01  -2.1174231e-01
   2.0000000e+00  -1.0027749e+00  -1.3521612e+00  -4.1268010e-01  -6.5593563e-01   2.9048091e-01   1.2058195e-01
   2.0000000e+00   1.1080239e+00   1.8459914e+00   1.3534697e+00   4.4370697e-01  -1.7404795e+00   5.4550819e-01
   2.0000000e+00  -2.5128707e-02   1.1180589e+00  -6.3689731e-01   7.6115829e-01   8.4831266e-01   4.1652673e-01
   2.0000000e+00   1.2374115e+00  -1.9968385e-01  -2.1185342e-01   2.4952925e-02   9.2331837e-01  -1.5401707e+00
   1.0000000e+00   1.8943100e-01   9.8659668e-01   1.4135478e+00   3.7953101e-01  -5.7901736e-01  -1.4030239e+00
   2.0000000e+00  -3.6601417e-01   8.9061565e-01  -1.1288322e+00  -1.3166941e-01   5.8534844e-01  -2.1945158e+00
   2.0000000e+00  -6.6575717e-01  -4.6450099e-01   1.2859938e+00  -1.9723349e-01   1.9901409e+00  -1.8882108e+00
   2.0000000e+00  -1.6648091e-01   1.3561037e+00   8.3593870e-01  -4.4340993e-01  -6.9206598e-01  -1.3654984e+00
   2.0000000e+00  -1.1271728e+00   1.2432839e+00   1.0424019e+00   8.6377545e-01  -8.4515523e-01   2.3366137e+00
   2.0000000e+00  -6.4749878e-01   1.0898182e+00  -2.4327369e-01   1.3970131e+00   9.4627178e-01   4.3728294e-01
   2.0000000e+00  -1.6786659e+00  -6.7148232e-02   2.4271656e+00  -1.3248123e+00  -6.6497382e-01  -1.1605307e-01
   2.0000000e+00   1.5528556e-01  -2.5271838e-01   6.4535463e-01   1.0820541e+00  -1.7145990e+00   2.7337164e-01
   2.0000000e+00  -6.7651369e-01   8.4590934e-01   1.5613273e+00  -1.2732178e+00   3.4615934e-01  -6.5553272e-01
   1.0000000e+00   3.2299523e-01  -2.3476788e-01   1.2817567e+00  -1.7834841e+00  -1.4604578e-01   3.2467189e+00
   2.0000000e+00  -4.5458303e-01  -1.4870429e+00  -1.2777080e+00   1.2758269e-01   6.9070959e-01   3.2735166e-01
   1.0000000e+00   4.8078344e-01  -7.0444835e-02  -1.3532347e+00   4.8716240e-01  -1.9685716e-02  -1.8577042e-02
   1.0000000e+00   4.7391837e-01   9.9249243e-01  -1.0152706e+00  -2.0680220e+00  -3.0859118e-01  -2.4063079e+00
   1.0000000e+00   7.6068949e-01  -1.0121909e+00  -3.7555944e-01   8.0121049e-01   3.1470993e-01  -1.7839892e+00
   2.0000000e+00  -6.7785876e-01   2.0085318e+00   1.5579372e+00  -9.5336018e-01  -7.0123944e-01   1.0164197e+00
   2.0000000e+00   2.8971751e-01   4.1416221e-01   1.3550436e+00  -5.3934657e-01   1.6757807e+00   4.2797695e-01
   2.0000000e+00  -8.9491021e-01   1.7123011e+00  -1.5919259e-01   1.6100798e+00   2.7506740e+00   7.7287387e-01
   1.0000000e+00   7.8651918e-01  -1.8440603e-01   1.3513255e+00   1.3773615e-01  -1.1925048e-01   1.1610907e+00
   1.0000000e+00   1.5651342e-01  -9.8199424e-01   3.3092912e-02   6.7780595e-01  -4.9463642e-01   1.2291626e+00
   2.0000000e+00  -9.1575606e-01  -2.4696397e-01   9.4781066e-01  -5.7662903e-01  -4.4719083e-01   2.8671485e-01
   2.0000000e+00   8.2939170e-01   1.6703546e-01  -7.2447821e-01  -3.4047834e-01   8.6723092e-01   1.2739511e+00
   2.0000000e+00  -9.9249376e-01   5.2209934e-01   3.7862631e-01  -9.7479363e-01  -2.4028941e-01   5.7923422e-03
   2.0000000e+00   1.4474613e+00  -5.6294531e-01  -1.0554259e-01  -1.0991501e-01   1.7916949e+00  -3.0254576e-01
   2.0000000e+00   4.7314791e-01   8.8761921e-01   6.1241358e-01   3.8303869e-01  -9.0008938e-01  -1.7630326e-01
   2.0000000e+00   1.2490609e+00   6.8437825e-01   2.0833464e-01  -9.8510983e-01  -4.7649984e-01   7.4292110e-01
   2.0000000e+00  -1.7374787e-01   6.1142087e-01  -1.0783170e+00   2.5424516e-01   6.6650847e-02   2.4752628e-01
   2.0000000e+00  -7.8843215e-01   1.6865288e+00   2.9947660e-01  -9.8860757e-01   6.4174009e-01  -2.9758534e-01
   2.0000000e+00  -1.3582612e+00   8.2859786e-01   2.1629135e-01  -4.9724308e-01   1.6332051e+00   5.0894262e-01
   2.0000000e+00   1.1154296e+00  -4.8914868e-02   1.4548795e+00  -1.2576776e+00   9.5392914e-01  -5.0649772e-01
   1.0000000e+00   1.8729251e-01   2.9120668e-01  -2.3317598e-02   3.1142913e+00  -5.7384698e-01   2.8555338e-01
   2.0000000e+00   8.8677690e-01   2.1505445e+00   2.1839932e+00  -1.0268007e+00   4.8352466e-01   1.3031776e+00
   2.0000000e+00   1.7641124e+00  -1.0678986e+00   7.4739834e-01   7.1133849e-01  -8.2831387e-01  -1.0504251e+00
   2.0000000e+00  -1.2537405e+00  -1.6734110e-01  -1.4137850e-01  -1.5317546e-01  -3.7271508e-02   7.7849180e-01
   2.0000000e+00   1.7259227e-01   3.3595660e+00  -7.5595214e-01   2.8033554e-01  -1.0143479e+00  -3.8634381e-01
   1.0000000e+00   9.4953746e-01  -8.7304160e-01  -7.4720624e-01  -4.9928155e-01  -1.7801298e-01   3.3864207e-01
   2.0000000e+00  -1.2985396e+00  -4.2611156e-01   8.6525013e-01   3.1124123e-02   3.3900758e-01  -1.8399832e+00
   1.0000000e+00   4.4535842e-01  -1.1029257e-02   1.1502760e+00   1.8752075e-02  -2.9602587e-01  -3.7230478e-01
   2.0000000e+00   4.9089991e-01  -7.8875823e-01   7.5865325e-01   1.2400836e+00   1.2540806e+00   1.7253199e-01
   2.0000000e+00  -7.5741844e-01  -2.5853829e-01  -8.5798210e-01   4.9643681e-01  -7.0142897e-01  -2.3839031e-01
   2.0000000e+00   2.0846948e+00  -2.2454903e-01   1.2090066e+00  -7.4661070e-01  -1.0576518e+00  -1.0637970e+00
   2.0000000e+00  -9.1309293e-01  -2.3693537e-01  -2.5573675e-01  -6.8737504e-02   6.2240718e-01   1.3773802e+00
   2.0000000e+00  -1.0735403e-01   6.9381090e-01   4.2401782e-01   4.2888478e-01   1.2305140e+00   1.3827285e+00
   2.0000000e+00   1.2021218e+00  -1.1172066e+00   1.0093567e+00   1.6887316e+00   8.3466096e-01  -1.6639725e+00
   2.0000000e+00  -2.7991913e-01  -1.2928986e+00  -4.0869918e-01   1.3068766e+00  -1.9064995e+00   5.4314187e-01
   2.0000000e+00   1.8295697e+00  -1.1595041e+00  -3.6932029e-01  -2.2118605e-01   6.6366987e-01  -1.2364876e+00
   2.0000000e+00   6.1493332e-01  -9.1874364e-01   4.3666756e-01   7.1548468e-03   1.7557846e+00   3.5910684e-01
   2.0000000e+00  -8.0948205e-01   4.6042036e-01  -2.3523654e-01  -7.2018687e-01  -3.2098255e-01   5.7234713e-01
   1.0000000e+00   1.9925258e-01   1.2467596e-01  -4.3054477e-01  -3.1141980e-01  -6.1228654e-01   1.1093121e+00
   2.0000000e+00  -1.0164887e+00  -1.2976276e-01   1.2696412e+00   7.0205184e-01   9.0423293e-01  -9.2008093e-01
   2.0000000e+00  -3.5581414e-01   1.0147432e+00  -2.0631188e+00   3.5834460e-01  -1.5545666e-01  -2.0054067e-01
   1.0000000e+00   6.0594907e-01   1.4388245e+00   1.3317371e+00   2.2625818e-01  -3.3369359e-01   4.4199670e-01
   2.0000000e+00   1.3298697e+00   1.3571497e+00   2.6616385e+00   1.5173781e+00  -3.4209284e-02   3.5609000e-01
   2.0000000e+00   1.1803096e+00   7.0690202e-01  -5.7342384e-01  -9.5976451e-02  -1.7444593e+00  -1.4846396e+00
   1.0000000e+00   2.3023657e-01  -3.3499950e-01   1.8805516e+00  -9.2193701e-01   5.7183031e-01   5.0483712e-01
   1.0000000e+00   8.5175745e-01   1.2144656e-01   5.3383739e-01  -1.1484928e-02   3.2038983e-01  -6.9433451e-01
   2.0000000e+00   3.9388330e-01   4.9609998e-01   3.0626025e-01  -4.9097242e-02  -1.4730494e+00   1.3065927e+00
   2.0000000e+00   1.7873714e+00   7.9251072e-01   5.3846961e-01  -1.0896317e+00   9.9176431e-02   2.3728068e+00
   2.0000000e+00   1.5198906e+00   3.9458602e-01   9.3496790e-01   3.6256702e-01  -4.6219417e-01   9.9842134e-01
   1.0000000e+00   7.9443886e-01   9.4790154e-01  -7.3347062e-02   9.2110634e-01  -4.7300594e-01   4.7617137e-01
   1.0000000e+00   5.1137147e-01   1.0092988e-03  -1.4319029e-01  -6.2341068e-01   4.7919399e-01   3.0952326e-01
   1.0000000e+00   7.5969580e-02  -8.4888911e-01  -1.2001373e+00   3.1666935e-01   8.4873172e-01  -8.9394794e-01
   2.0000000e+00  -1.7150762e-01   1.3875616e+00  -1.3997593e+00   4.5537723e-01   1.2064011e+00  -5.4681298e-01
   2.0000000e+00   7.0287245e-01   5.6056280e-01   1.0490703e+00   2.8419543e-01   1.7171654e+00   6.4194765e-01
   2.0000000e+00   8.7494644e-01   7.4788980e-01   1.5021747e+00   4.2992645e-01   1.0287543e+00   1.5652180e+00
   2.0000000e+00  -1.4593044e+00  -1.5709174e+00   7.0077265e-01  -1.8055265e+00  -5.2483479e-01  -4.3269491e-01
   1.0000000e+00   3.5388693e-02   2.4811203e-01  -9.1631206e-01   2.2737320e+00   1.8328483e-02   2.2228180e+00
   2.0000000e+00  -2.0224907e+00   7.9775797e-01  -1.0721786e-01  -5.1001234e-01  -1.3829427e+00  -4.2351747e-01
   2.0000000e+00  -7.9888103e-01  -6.9178898e-01  -6.0354554e-01  -9.5030523e-01  -3.0478983e-01  -7.5541250e-01
   1.0000000e+00   3.9328310e-01   2.1587624e+00  -1.6988300e+00  -4.3638585e-01  -9.1017827e-01  -4.2603937e-01
   1.0000000e+00   2.9491487e-01  -5.8841640e-01  -4.3545969e-01   5.4185971e-01   2.4474142e-01   5.4250141e-01
   2.0000000e+00  -6.9389128e-01   7.7864211e-01   7.0967575e-01   3.0969932e-01   1.2471448e+00  -1.1546612e+00
   2.0000000e+00  -1.4768653e-01   1.4841021e+00  -8.9407593e-01   2.3194581e-01  -1.2189696e+00   6.6498240e-01
   2.0000000e+00  -3.3608419e-01  -1.8744980e-02   1.5389730e+00  -3.4308232e-01   9.9981640e-01  -2.1142266e-01
   2.0000000e+00  -1.2984548e-01   1.1713391e+00  -1.6575261e+00   1.3534251e+00   4.5730513e-02   1.2722633e-02
   2.0000000e+00  -4.4224494e-02   1.1515086e+00   6.6360774e-01   1.1427905e+00  -8.6436258e-01  -1.6519065e+00
   2.0000000e+00   1.9000889e+00  -4.1257537e-01  -1.6683620e-01  -1.0311609e+00   1.3032296e-01  -1.8247130e+00
   1.0000000e+00   7.0630959e-01   8.3030327e-01   7.1566145e-02   2.0009139e-01  -2.8976121e-01  -1.5617064e+00
   2.0000000e+00   1.2449202e+00  -8.3469519e-01   7.8411383e-01  -1.1529733e+00  -6.2383854e-01   5.3818776e-01
   2.0000000e+00  -5.7681057e-01  -8.6413309e-02  -2.2304791e+00   2.3405119e-01   6.9215291e-01   1.5580249e+00
   1.0000000e+00   5.5803719e-01  -3.9806549e-01   4.3823862e-01   4.6613648e-01  -1.2058458e-01   1.4512915e-01
   1.0000000e+00   7.1209328e-01  -9.7162563e-03  -7.2962098e-01  -4.8344514e-01  -4.0120782e-01   1.5243623e-01
   2.0000000e+00  -1.9146712e-01   4.0739229e-01  -3.4288345e-01  -6.1219900e-02   1.2401365e+00  -1.5795012e-01
   2.0000000e+00  -7.2548916e-01  -1.6514664e-01  -1.3779873e+00   3.7029166e-02  -4.7404821e-01  -1.3364281e+00
   1.0000000e+00   2.2500716e-01  -8.9538833e-01  -6.3668166e-01   3.8591605e-01  -4.7292997e-01  -2.1209846e-02
   2.0000000e+00   1.5022473e+00   1.1246742e+00  -4.1490080e-01   4.2294543e-01   9.3423517e-01  -8.8096195e-01
   2.0000000e+00  -5.9510632e-01  -7.3215921e-01  -3.3153298e-01   8.6233377e-01   4.4651723e-01   1.4454346e-01
   2.0000000e+00  -5.8242441e-01   1.1278809e+00   9.9784174e-01   1.0232743e-01   1.3856741e+00  -6.7974386e-01
   2.0000000e+00  -1.6143531e+00   1.3778858e+00  -1.0351191e-01  -1.3404631e+00   4.0085694e-01   1.0983229e+00
   1.0000000e+00   2.5467650e-01   1.1858838e+00   1.2680076e+00  -9.9009731e-01  -2.7311255e-01   1.0862266e+00
   1.0000000e+00   1.3375533e-01   2.4207548e+00   1.4888068e+00   6.9377106e-01   7.7538481e-01  -8.3574007e-02
   2.0000000e+00   2.1627986e+00   1.5308488e+00   1.0186923e+00  -2.7692602e-01   1.0192454e+00   3.5995991e-01
   2.0000000e+00   8.0496957e-01   3.2823177e-02   1.6706687e+00   6.3483597e-01  -9.3969875e-01  -1.4724639e+00
   1.0000000e+00   3.0722656e-01   1.4276077e+00   1.1887986e+00   3.7915165e-01   1.6669565e-01   1.0679650e+00
   2.0000000e+00  -1.4179178e-01  -4.4380801e-01  -1.4740228e+00   3.3672944e-01   5.9349275e-01   4.6896553e-02
   2.0000000e+00  -5.9548105e-02  -4.7055265e-01   5.1154046e-02  -2.1653688e+00   2.1537534e+00   4.8343710e-01
   2.0000000e+00  -5.1665988e-01  -1.4288269e+00   9.1816678e-01   1.2839632e+00   1.9355858e+00  -1.8486012e+00
   2.0000000e+00   3.1121867e-01  -5.0464350e-01   3.4871971e+00  -9.3479762e-01  -1.0796517e+00  -4.8918425e-01
   2.0000000e+00  -5.8118755e-03   1.2962936e+00   1.3463091e-01  -7.8787181e-01  -5.1903402e-01   2.3250420e-01
   2.0000000e+00  -9.1582703e-01  -1.5642793e+00   1.8337886e-02  -8.7012685e-01  -1.5521065e+00   1.5873448e+00
   2.0000000e+00   2.5621530e-02   9.3138565e-01   5.0994777e-01  -2.8083222e-01  -1.8213002e+00  -2.1907279e-01
   2.0000000e+00  -1.9317075e-02  -1.1605096e+00  -1.6829278e+00   1.5457613e+00   9.9017587e-01   4.7529053e-01
   1.0000000e+00   1.1881475e-01   1.0814240e+00  -1.3943391e+00   1.6003763e+00   3.2222294e-02  -1.5778560e+00
   2.0000000e+00  -1.5571859e+00   1.4784131e+00  -1.1845029e-02   4.0146389e-01   1.1344939e+00   9.1292142e-01
   2.0000000e+00  -8.0095475e-01   1.5954274e-01  -2.2108905e-01  -1.4773519e+00   9.1485022e-01  -6.4026626e-01
   2.0000000e+00  -1.4495344e+00  -1.7457734e+00   1.7920165e-01  -1.4593284e+00  -1.6071059e+00  -8.3441919e-01
   1.0000000e+00   5.4280571e-01   7.6657406e-01  -5.9209489e-02  -3.5246959e-01   6.2097096e-01  -4.4745476e-01
   2.0000000e+00  -6.6120939e-01  -1.1852289e+00   7.1013130e-01  -6.5484427e-01  -1.0000375e+00   7.8385791e-03
   2.0000000e+00   2.5064951e+00  -3.7472607e-01  -4.1309463e-01   9.7243523e-02   6.0083522e-01  -1.4604050e+00
   2.0000000e+00   1.2248405e+00  -5.4367467e-01  -4.3201064e-01   2.4436217e-01   8.8175600e-01   3.8033272e-02
   1.0000000e+00   8.0193964e-01   8.0297542e-01  -3.7900296e-01   1.5293266e+00   5.3414810e-01   1.5990513e+00
   2.0000000e+00  -7.5293189e-01  -6.6617340e-01   1.0153203e-01   6.1773661e-01  -6.2276638e-01  -1.0383233e+00
   2.0000000e+00   1.1132810e+00  -1.5948478e+00   5.2038948e-01   1.6731198e+00   7.8600695e-01   3.3808432e-01
   2.0000000e+00   1.5653984e+00  -7.4562649e-01  -3.7860430e-01  -5.2833184e-01  -7.7378614e-01  -8.2543924e-01
   2.0000000e+00  -4.8196834e-01   1.7628550e+00  -2.7902897e-01   4.3384599e-01  -2.0579394e-01  -8.7867801e-01
   2.0000000e+00   3.1695833e-01  -2.6402845e+00   1.6911363e+00  -7.8891374e-01   2.2943463e+00   7.9469939e-01
   1.0000000e+00   6.5826431e-01  -1.1069978e+00   1.1190753e-01   1.7812763e+00   3.8381967e-01   1.6825092e-01
   2.0000000e+00  -1.0362423e+00   1.3425039e+00   5.8711172e-01   2.5180571e-01  -6.8945693e-01  -1.0993592e+00
   2.0000000e+00  -1.2303083e+00  -7.8972674e-01   3.6201939e-01  -2.4371667e-01   1.1321794e+00  -5.5427588e-01
   2.0000000e+00  -3.6501547e-01   5.3876826e-01   3.7448207e-01  -3.6218447e-01  -4.7022866e-02   2.3907004e+00
   1.0000000e+00   2.7892135e-01  -2.2890121e-01   9.9973003e-01  -8.4549975e-02   4.6476044e-01  -1.9163934e+00
   2.0000000e+00   1.8326916e+00   1.3301097e+00  -1.5892570e+00   6.3403321e-01  -4.1391768e-01  -2.6042364e-01
   2.0000000e+00   9.0017122e-01   3.3559517e-02  -5.6658302e-01   8.1245272e-01  -5.2600968e-01  -1.0816412e+00
   2.0000000e+00  -4.3726506e-02   1.4996127e-01   1.6402318e+00   1.5622846e+00   1.9241017e+00  -1.3631541e-02
   2.0000000e+00   1.3068801e+00  -9.6836804e-01  -2.2077644e+00   1.0769204e+00   4.7099753e-01   4.4511012e-01
   2.0000000e+00   3.0196059e-01  -1.1227379e-01   1.1423945e+00  -5.9929564e-01  -1.4371401e+00  -1.0766674e+00
   1.0000000e+00   8.7907922e-02  -7.1271121e-01   5.3234615e-01   1.2009612e+00  -4.7728507e-01  -7.9245906e-01
   2.0000000e+00  -5.5294127e-01  -2.1552319e-03  -2.1061546e-01  -1.2346459e+00   5.8752418e-01  -2.3690576e+00
   1.0000000e+00   7.9778143e-01  -9.0507075e-01   7.2124902e-01   5.2004261e-01  -3.3354858e-01  -1.0341850e+00
   2.0000000e+00  -1.2532722e+00  -1.5624066e+00   1.5987460e+00  -2.6079407e-01  -2.3671009e-01  -1.1977229e+00
   1.0000000e+00   7.0223906e-01  -1.8027167e-01  -1.0694885e+00  -1.3263607e-01  -5.8461362e-01  -2.5902641e+00
   2.0000000e+00   1.6873439e+00   1.5209829e+00   1.0061257e+00   5.1134507e-01  -5.7073865e-01   2.0934877e+00
   2.0000000e+00  -1.7710443e-01  -3.9531261e-01   1.6685875e+00   5.3518527e-02   3.0579259e-01   3.6653808e-01
   1.0000000e+00   3.6640158e-01  -3.6606988e-01  -7.3134791e-01  -1.0810351e+00  -2.0983436e-01  -1.2808024e+00
   2.0000000e+00   1.8914618e+00  -7.4083728e-01  -1.3796680e+00  -2.3047981e-01   2.4000088e-01   1.0464773e+00
   2.0000000e+00  -6.3170464e-01   8.4129997e-01   2.1607229e-01  -7.1289199e-01  -8.6391768e-01  -1.7312294e-01
   2.0000000e+00   1.9710848e-01   1.2417535e+00  -1.9214799e+00   1.1902285e+00   1.5936555e+00  -1.0805818e+00
   1.0000000e+00   7.0747641e-02  -8.6330603e-01   3.7507375e-01   8.1614094e-01   1.2013425e-01  -1.9073520e-01
   2.0000000e+00  -2.1749459e-01  -5.8113282e-01  -1.9766848e+00  -9.1589613e-02   1.4736574e+00   1.1623900e-02
   2.0000000e+00  -2.4989103e-01   8.6979954e-01  -2.5697262e-02  -6.2343421e-01   1.4643607e+00   1.8754850e-01
   2.0000000e+00   1.1261119e+00  -1.1240952e+00  -1.1261074e-01  -4.3503380e-01   1.0324838e-01  -2.9131253e-01
   2.0000000e+00  -1.5200480e-01   3.5687183e-01   6.9241372e-02   8.9534434e-01  -1.7884363e+00  -2.2970780e+00
   2.0000000e+00  -5.5690554e-01   9.3922394e-01  -5.0247162e-02   4.2525518e-01  -3.6761165e-01   7.1848965e-01
   2.0000000e+00  -2.5712542e+00  -3.8497741e-01   2.6520090e-01  -6.6312743e-01  -5.5948869e-01  -1.2742466e+00
   2.0000000e+00  -1.4715230e+00   1.4068645e+00  -1.1861337e+00   1.5468416e+00  -8.7924148e-01  -5.2600725e-01
   2.0000000e+00  -4.2049285e-01   1.2797528e+00  -7.0560620e-01  -1.4738909e+00  -9.4389250e-01  -4.9352760e-01
   2.0000000e+00   2.9832327e-01  -1.1173587e+00   2.4013127e+00  -2.8032772e-01  -2.7358624e-01   1.8335214e+00
   2.0000000e+00  -1.8139983e+00  -1.1200781e+00   6.3796841e-01  -5.0825721e-01  -1.1325462e+00  -1.5422468e-01
   1.0000000e+00   2.0700856e-01   4.2211543e-01  -6.3685797e-01   8.3627200e-01  -5.5654275e-01   4.6450699e-01
   2.0000000e+00   3.7406417e-01   1.4163906e+00  -4.3796353e-01  -1.7958926e-01  -2.2854049e+00  -1.3172289e-01
   2.0000000e+00  -1.2606520e+00   9.3188261e-01  -3.3915001e-01   2.7496147e-01  -7.9605131e-01  -2.7906184e-03
   2.0000000e+00  -1.2893201e+00   2.7176764e-01  -6.9212017e-01   7.9203066e-02  -9.6010349e-01   2.3942503e+00
   2.0000000e+00  -4.1233907e-01   9.0892463e-01  -3.3949081e-01   1.0470431e-01  -7.1872307e-01  -6.1615612e-02
   2.0000000e+00  -8.5679498e-01  -1.1946245e-02  -1.8600412e+00   1.1904204e-01   6.7129108e-01  -1.2037725e+00
   2.0000000e+00   4.4035792e-01   2.2191810e-01  -3.3471242e-01   3.3677941e-01  -9.0802556e-01  -4.4267959e-03
   2.0000000e+00   1.0564072e+00  -5.6011958e-01   1.3725758e+00  -8.5333328e-01   1.6876548e+00  -1.2055267e+00
   1.0000000e+00   3.2844949e-01   1.5409822e+00  -4.6537784e-01   1.1669553e+00   3.2197521e-01   1.9916114e+00
   2.0000000e+00  -3.6211603e-01   3.7498264e-01   1.8913082e-01   7.1808669e-01  -1.9049172e-01   4.7978689e-03
   2.0000000e+00  -6.1744795e-01   7.6501103e-01   4.2663866e-01   2.1629560e-01  -4.7388355e-01  -1.5181278e+00
   2.0000000e+00  -6.3540995e-02   3.9243922e-01   1.1017879e+00   9.5745496e-02   8.9261175e-01   1.2615609e+00
   2.0000000e+00  -1.2633573e+00   1.2384448e-01   1.8161000e+00  -9.7410368e-01   1.4302677e+00  -1.6596127e+00
   2.0000000e+00  -1.0859610e+00   8.8761647e-01   3.3470826e-02  -1.5037141e+00  -6.9899902e-01  -8.1108944e-01
   2.0000000e+00  -1.0387558e+00  -8.5732273e-01   1.1992745e+00   9.1416796e-01   5.7351661e-02   1.0738776e+00
   1.0000000e+00   3.2178093e-01  -1.3955253e+00   1.8163719e+00   9.1037682e-01   4.9614486e-01  -1.3135988e+00
   2.0000000e+00   3.7071485e-01   1.7784411e+00   7.9914132e-01  -2.2535000e+00   1.7640786e+00  -4.8866465e-01
   2.0000000e+00  -1.1124679e+00   7.6214616e-01   1.7655533e-01  -2.2961332e+00   1.2554447e+00  -1.9610873e+00
   2.0000000e+00   1.7509763e+00  -4.0472674e-01  -1.9995995e+00   5.5649463e-02   5.8491736e-01   1.0916615e+00
   2.0000000e+00   6.3286483e-01   9.1317664e-01  -6.7938353e-01   4.7835152e-01  -2.5784094e+00  -2.4408554e-01
   2.0000000e+00  -1.5547109e+00  -6.9942850e-02   1.4150137e+00   2.1315648e+00  -4.8533625e-01   7.2588283e-01
   2.0000000e+00   1.0384815e+00   1.9350547e+00  -1.5625975e+00  -1.5207501e+00  -3.5469446e-02  -2.3403283e-01
   2.0000000e+00   1.9900567e+00  -1.4918023e+00  -2.5127121e-01  -3.6124908e-02   1.1496274e+00  -1.5669238e+00
   2.0000000e+00   4.3795520e-01   7.6959278e-01  -2.8493123e-01   3.9287087e-01  -3.1069877e+00  -1.8441497e-02
   2.0000000e+00  -5.1123152e-01   2.8588530e-01   1.4742361e+00  -2.0955847e-01   6.3666268e-01   5.8247468e-02
   2.0000000e+00  -3.0310695e-01   9.6955762e-01   1.2382994e+00   1.2349577e+00  -1.2598820e-01   1.0110234e+00
   2.0000000e+00  -1.0978460e+00   1.0787895e+00  -5.3172351e-01   1.7714229e-01   4.0548858e-01   6.9167978e-01
   2.0000000e+00   7.5683668e-01  -7.4029348e-01   2.1682173e+00  -1.2678084e+00   1.6140574e+00   1.0566723e+00
   2.0000000e+00  -1.6753953e+00  -2.0520889e+00   3.3970590e-02  -1.0072266e+00   2.3125766e-01  -3.8628723e-02
   2.0000000e+00  -4.8310464e-01   4.4263739e-01  -7.5312246e-01  -1.5685985e+00   2.5490705e+00   6.3256277e-01
   2.0000000e+00  -1.4222522e+00   3.0755918e-01   5.4301790e-01  -1.5030758e+00   1.0055154e+00  -1.1227570e+00
   2.0000000e+00   6.5238908e-01   1.2279937e+00  -1.0213835e+00  -1.0747844e-01  -1.3688391e+00  -4.3261443e-01
   2.0000000e+00  -8.4288315e-02   7.6472559e-01  -1.1580414e+00  -1.0508145e+00   1.7320237e+00  -1.2455063e+00
   2.0000000e+00  -6.1975445e-01  -3.4183328e-01   1.7585773e+00   1.7142659e+00  -9.6975013e-01  -2.5903256e-01
   2.0000000e+00  -1.8422495e+00  -1.7521517e-01  -8.4713047e-01   1.1108873e+00  -1.4713619e+00   1.2162355e-01
   2.0000000e+00   2.0989913e-01   5.1884308e-01   1.6096268e+00   1.5405855e-01  -1.8294474e+00   3.9736274e-01
   2.0000000e+00   1.7116500e+00  -3.4302158e-01   2.2295895e+00   1.5674450e+00   4.5259528e-01   9.3780896e-01
   1.0000000e+00   8.9971050e-01   8.5320817e-01  -1.0306870e+00  -3.4606168e-01  -4.2961537e-02  -6.1821094e-01
   1.0000000e+00   5.0459133e-01  -1.2701697e+00  -9.4432577e-01   5.6582551e-02   3.8160739e-01   8.0970087e-01
   1.0000000e+00   1.3509791e-01  -1.5870686e-01   4.1219556e-01   1.3495234e+00   2.3044532e-02  -1.2267007e-01
   2.0000000e+00  -2.4073477e-01   1.6889211e-01  -6.6379549e-01   2.7671976e-01   9.9108650e-01   1.1167484e+00
   2.0000000e+00   4.0781233e-01   3.3651412e-01   2.2636559e+00  -6.1515713e-02   8.6329153e-01  -4.9527085e-01
   2.0000000e+00  -3.3071801e-01   3.2891048e-02  -2.3884481e+00  -2.5991067e-01   7.1477768e-01   5.2392078e-01
   2.0000000e+00  -1.1624936e+00  -5.3674228e-01   4.4704351e-01   5.2823596e-01   6.5417686e-01  -9.1565253e-02
   1.0000000e+00   1.6982824e-01   4.9515147e-01   1.2174417e+00  -4.8008391e-01   6.1463918e-01  -7.9788459e-01
   1.0000000e+00   2.9199684e-01   1.3468123e+00  -2.2464684e-01  -1.2966451e+00  -1.1163448e-01  -8.9011796e-02
   2.0000000e+00   6.0782215e-01   1.4142530e+00   7.3694290e-01  -4.3895986e-01   1.2794273e+00  -4.7398159e-01
   2.0000000e+00  -1.1062226e+00  -1.4958605e+00  -2.6592383e-01  -1.3260248e+00   1.4878799e+00   2.3145292e-01
   2.0000000e+00   1.5893085e+00  -1.5407560e+00   1.5085093e-01   5.1365494e-01   2.6770177e-01  -1.3078613e+00
   2.0000000e+00   8.2010140e-01   8.1735909e-01   1.2157148e+00  -5.3101288e-01   8.5734457e-01  -7.8875329e-01
   2.0000000e+00   9.2045768e-01   6.6655450e-01  -1.4141925e-01  -3.3874321e-01  -1.5765814e+00  -1.7914659e-01
   2.0000000e+00   3.5714595e-03  -3.8403029e-01   3.7230099e-01   2.3349436e-01  -2.2896234e+00   2.6627817e-01
   1.0000000e+00   6.3477500e-01  -8.9648052e-01   1.1995396e+00  -7.7498965e-01   4.2668302e-01  -3.5604376e-01
   2.0000000e+00  -5.1976098e-01  -9.4406333e-01   1.9450393e+00  -1.0913435e+00  -9.2369480e-01  -2.9104517e-01
   2.0000000e+00   9.8435014e-01   7.5129649e-03   6.1064830e-01  -2.1134756e+00  -7.9678158e-01   4.5703061e-01
   2.0000000e+00  -1.3216289e+00  -6.4874092e-02   7.7850077e-01  -3.2428970e-01  -6.9261412e-01   1.7651282e-01
   2.0000000e+00  -2.6883872e+00  -4.0216601e-01  -7.0361328e-01   5.4636192e-01  -1.7960600e-01  -1.0737674e+00
   1.0000000e+00   3.5408636e-01   1.0731777e+00   1.4614711e+00  -2.3435266e-02  -7.1001289e-01  -4.5704408e-01
   2.0000000e+00   1.5864743e+00  -7.5673031e-01   5.5212427e-01  -2.1096424e-01   1.0897916e+00  -6.4016625e-01
   2.0000000e+00  -7.2475564e-02   1.2339775e+00  -1.0039166e+00   1.5076806e+00   1.0515021e+00  -1.4722498e+00
   2.0000000e+00  -5.1570516e-01   2.4475231e+00   2.5876060e-01   1.4942125e+00   7.0188570e-01   4.4292746e-01
   1.0000000e+00   1.1458306e-01   1.6139130e+00   1.2383508e+00  -4.6485328e-01   4.3568527e-01  -1.9264912e-01
   2.0000000e+00  -3.7279600e-01  -1.4555341e+00  -7.9570755e-02  -1.2295689e-01  -4.6029412e-02  -1.1775093e-01
   1.0000000e+00   8.2700012e-02   1.3804220e-01  -1.4156618e+00  -7.1159719e-01   8.5886056e-01   2.0379849e-01
   2.0000000e+00  -1.0868824e-01   4.9400136e-01  -1.2006401e+00  -2.1670108e+00  -1.7104878e+00   1.4255114e+00
   2.0000000e+00   1.3060182e+00   9.3872519e-01   6.0943364e-02   2.1431815e-01   2.0243067e-01  -1.0914908e+00
   2.0000000e+00  -3.6215726e-01  -1.3826114e+00   6.8062557e-01   1.0027293e+00  -7.5749429e-01   4.9064060e-02
   1.0000000e+00   4.6781934e-01  -1.9157989e-01  -1.5615802e-01   1.7996779e+00   1.2339857e-01   1.7141703e-01
   1.0000000e+00   3.8799685e-01  -9.1794892e-01   8.3693354e-01   3.1043103e-01  -3.3676417e-02   2.1974813e-01
   2.0000000e+00  -4.2228280e-01  -1.4759181e+00  -6.3329421e-01  -1.8980247e+00  -4.0782084e-01  -7.9693728e-01
   2.0000000e+00  -3.9204130e-01   7.1076832e-01  -2.1988407e+00   6.0168169e-01  -3.9747242e-01   1.1686930e+00
   1.0000000e+00   3.8528095e-01   5.9876891e-01   1.2952960e+00   3.4309521e-01   5.6829638e-01   2.0409028e+00
   2.0000000e+00  -8.6432938e-02  -8.4386013e-01   6.5795858e-01  -7.0958959e-01  -8.0836224e-01   2.8201837e+00
   2.0000000e+00  -1.0863503e+00  -1.0872721e+00   1.1534238e+00   2.7294837e-01   1.4680780e-02   4.3418782e-01
   1.0000000e+00   6.8533671e-01   3.4443759e-01  -3.7705856e-01  -5.1309128e-01  -4.6187286e-01   1.6743377e+00
   2.0000000e+00  -1.6072161e+00  -6.0670481e-01  -1.3819450e+00   4.2790156e-01   7.7290776e-01   2.5176893e-01
   2.0000000e+00  -3.0997483e-01  -7.5477524e-03   6.5735675e-01  -2.2518265e+00  -1.6138894e-01  -6.5739778e-01
   2.0000000e+00  -1.3944171e+00   8.8627039e-01  -1.5493236e+00   2.8669942e-01  -7.4416587e-01   3.1981646e-01
   1.0000000e+00   2.9569033e-01  -1.5486542e+00  -1.6369484e+00   6.6136587e-01  -3.0354091e-01  -7.0657505e-01
   2.0000000e+00  -3.0038569e-02   2.7972262e-01   2.7474234e-01  -1.8620383e-01  -5.9553814e-01  -7.3454966e-01
   2.0000000e+00  -1.0611931e+00  -3.4234299e-01   8.3356661e-01   1.5777636e+00   1.2464362e+00   2.2329160e-01
   2.0000000e+00  -1.1389635e+00   2.4394228e-01   7.8459175e-01  -1.7759600e+00   2.6688702e-01   9.9379992e-01
   2.0000000e+00  -5.8167830e-01   5.8989028e-01  -4.3738345e-01  -8.5821528e-02   4.3658995e-01   1.5128233e+00
   2.0000000e+00  -1.9436469e+00   4.3946425e-01   2.4486685e-01   1.6690366e+00   5.1601768e-01   7.3781724e-01
   2.0000000e+00  -5.7794791e-01   8.4070800e-01   1.3322738e-01  -9.2012150e-01   7.8913081e-01  -4.7478202e-01
   2.0000000e+00   1.9110254e+00  -4.6192482e-01  -3.5486287e-01  -2.0188900e-01   1.9820605e+00   1.5556111e+00
   2.0000000e+00  -6.7888949e-01   1.0503469e+00  -1.4166119e+00   6.5337088e-01  -4.1340386e-01  -1.1685745e+00
   2.0000000e+00  -1.1676177e+00  -1.5163360e-01   5.4096943e-01   1.1123301e+00  -2.8007625e+00   2.0050877e-01
   2.0000000e+00  -1.0127752e+00   1.8480506e+00  -8.3103841e-01  -5.3353568e-01  -4.0393356e-01  -8.5588172e-01
   2.0000000e+00   1.8297085e+00   7.2812792e-01  -5.7415455e-01  -9.6819574e-01   6.5803572e-02  -4.3617025e-01
   2.0000000e+00   7.7600495e-01  -1.1361625e+00  -1.1988777e-01  -9.6801276e-01   9.1017049e-01   5.9778122e-01
   2.0000000e+00  -2.2958884e-01   2.0308150e+00  -9.5927722e-01  -1.4553501e+00   2.5879333e+00  -8.9253892e-01
   2.0000000e+00  -9.2483909e-01  -1.4125366e+00   4.7127262e-01   1.5307117e-01  -5.7658595e-02   2.3988295e+00
   2.0000000e+00  -1.0485339e+00  -7.1623897e-02   2.0763697e-01   3.4035687e-01  -3.6784982e-01   7.8825826e-03
   2.0000000e+00   9.5179887e-01  -9.3102503e-02  -2.9090423e-01  -1.0996626e+00  -3.7265018e-01  -1.0706834e+00
   2.0000000e+00  -1.6111187e-01  -1.6950892e-01   8.8336895e-01   8.1921746e-01  -3.1206093e-01  -1.8773829e+00
   2.0000000e+00   5.5599817e-01  -5.6975736e-01  -1.8049980e+00   1.2037653e+00  -1.6209638e+00   2.0237149e+00
   2.0000000e+00  -1.8862995e-01  -6.2061242e-01  -2.9971128e-01  -1.8528812e+00   9.6283454e-01  -1.6190058e+00
   1.0000000e+00   1.3797163e-02   5.9278391e-01  -3.9975785e-01  -1.2491090e-01   3.1910730e-01  -1.1175853e-01
   2.0000000e+00  -1.3778969e+00  -2.6746339e-01   1.3518363e+00  -4.5756047e-01  -3.1490860e-01   3.6911534e-01
   2.0000000e+00  -6.9158213e-01  -2.4229204e-01  -1.9746760e+00   2.8033135e-01   5.9924496e-01   4.0292221e-01
   2.0000000e+00  -5.5161748e-01   1.1046219e+00  -1.1015912e+00   1.8204818e+00  -3.8590364e-01   5.7422796e-01
   2.0000000e+00   5.9012263e-02   1.0440230e+00  -2.5005388e-01   1.2259617e-01   2.4627814e+00   7.3970036e-01
   2.0000000e+00  -1.7923383e-01  -3.0652603e-01   8.0553154e-01  -2.9988151e-01  -1.7441209e+00  -2.7583813e-04
   2.0000000e+00  -5.6550403e-01   9.2967847e-01  -1.5831888e-01   2.0170710e-01  -2.4387578e-01  -7.1479366e-01
   2.0000000e+00   1.1134028e+00   1.8858409e-01   4.2037119e-01   4.6815124e-01  -1.9728297e-01  -1.4844981e+00
   2.0000000e+00  -6.6127293e-01   1.1906123e+00  -5.5933832e-01   1.2881833e+00   8.8736449e-01  -1.3956735e+00
   2.0000000e+00  -1.3607340e+00  -9.4101636e-01  -1.3262668e+00  -9.7678551e-02   6.0669299e-01   2.1674383e-01
   1.0000000e+00   5.5787481e-02  -6.4902090e-01  -6.2614560e-01   4.3414372e-01   4.8212728e-01   1.5777353e+00
   2.0000000e+00  -7.0543363e-01  -2.9386548e-01  -8.3392281e-01   1.8272978e+00  -1.0383501e+00  -3.4972993e-02
   2.0000000e+00  -8.2998412e-01  -1.7475584e-01   6.9977481e-01   1.1899458e+00  -3.0490462e-01   7.7434567e-01
   2.0000000e+00  -5.0864559e-01   2.3709400e-01  -9.6221330e-01  -5.6915393e-01  -6.3824994e-01  -1.3994744e+00
   1.0000000e+00   3.7366075e-01  -1.0682249e+00  -1.5929304e-01  -1.3244532e-01  -1.0056427e-02   8.7684833e-01
   2.0000000e+00  -7.3132767e-01   5.2599224e-01   3.8078860e-01  -5.6649063e-01   9.0952663e-01  -1.8582464e+00
   2.0000000e+00  -9.8455821e-01  -2.0830594e+00  -1.5345604e+00  -1.4957467e+00   5.0860953e-01  -9.7985470e-01
   1.0000000e+00   1.7973968e-01   2.2898636e-01   2.7526032e-01  -7.9439394e-01   7.1564103e-02   2.1532221e+00
   2.0000000e+00   1.0130202e+00  -6.3425657e-02  -1.1346227e+00  -1.7860932e-01  -9.4570123e-01   8.7374460e-02
   2.0000000e+00  -9.1505950e-01  -1.5949973e+00  -4.1501247e-01   2.7943922e-01   5.2826191e-01  -1.9402980e+00
   1.0000000e+00   5.8257160e-01   1.5150270e+00  -7.5900050e-01   1.1654823e+00  -7.0648950e-01   4.6228140e-01
   1.0000000e+00   7.1797181e-01  -3.7638673e-01   2.0820642e-01   4.4202082e-01   6.5933563e-01   1.6663160e-01
   2.0000000e+00  -4.6841522e-01   8.2815363e-01  -1.0029332e+00   1.4562784e+00  -7.7604971e-01   1.3964809e+00
   2.0000000e+00   1.2395614e+00   8.7605744e-02  -1.0971243e-01  -1.2611426e+00  -8.2715886e-01  -1.6927374e-01
   2.0000000e+00   1.0742753e+00   6.3286905e-01  -9.2689561e-01  -5.5896075e-01  -1.2366078e+00  -4.6100881e-01
   1.0000000e+00   2.6942177e-01  -1.3836671e+00  -6.5438162e-01  -5.3522157e-01  -1.1362162e-01  -6.4984460e-01
   2.0000000e+00   2.4876729e+00  -8.6229054e-01  -1.9957214e-01  -1.1094369e+00  -9.0000301e-01  -7.5735978e-02
   2.0000000e+00   5.5766180e-01  -7.8328030e-01   1.3487217e+00   3.7168456e-01  -1.6021940e+00   5.5384182e-01
   1.0000000e+00   1.2091938e-01  -1.8928784e-01  -1.3559395e-01   7.7448124e-01  -4.0067240e-02   2.0083286e+00
   2.0000000e+00   1.1595456e+00   2.7242647e-01  -1.8855148e-01   7.3852628e-01  -6.4912249e-01  -1.0354631e+00
   2.0000000e+00  -1.5802609e+00  -1.3928944e+00   7.7439053e-01   2.0391628e-01   6.2336942e-02   8.8844707e-01
   2.0000000e+00   1.0305815e+00   1.8529942e+00  -8.9610518e-01  -3.8215880e-01  -1.3732891e+00   1.5900981e-01
   2.0000000e+00  -3.2388783e-01   1.7509459e+00  -9.1321215e-01   3.4538753e-01  -2.9304571e-01  -1.1099700e+00
   2.0000000e+00  -1.1423157e+00  -5.2551694e-01  -1.7968124e+00  -3.1189069e-01  -7.0556526e-01  -4.0113171e-01
   2.0000000e+00  -7.5071702e-01   8.0186512e-01   3.9426627e-02  -1.2732834e+00  -1.3514390e+00  -1.3798730e-01
   2.0000000e+00  -5.6213661e-01   1.3154960e+00  -5.8651612e-01  -1.0511391e+00  -2.2879941e-01   2.4982985e-01
   2.0000000e+00   8.0793952e-01  -1.4277577e+00  -1.1669279e+00  -4.1523561e-01   6.3741728e-01  -1.7590951e+00
   2.0000000e+00   1.0148563e+00  -9.2643616e-02  -2.9645224e-01   2.0136005e-01   4.1632435e-01   6.3733730e-02
   2.0000000e+00  -3.0495837e-01  -1.5949660e+00  -1.1291163e+00  -3.6274153e-01  -1.7133717e+00  -2.3607929e-01
   1.0000000e+00   8.2680073e-01   9.9512213e-02   5.3543503e-01   9.0653792e-01  -4.4956461e-01  -5.9999398e-01
   1.0000000e+00   7.5663128e-01   8.8803433e-01   5.0854924e-01   4.4054719e-02  -8.7135075e-02   5.1826424e-01
   2.0000000e+00   1.2763811e+00  -2.7844783e-01   6.2442440e-01   7.4366117e-01  -3.3770545e-02  -1.1306561e+00
   2.0000000e+00   1.5730334e-01   1.0660140e+00   1.1755294e+00   7.8125649e-01   1.3021592e+00  -2.3651655e-01
   2.0000000e+00  -1.1748585e+00   8.1509538e-01   1.8189869e+00  -1.1850976e+00  -9.2183007e-01   3.2990590e-01
   2.0000000e+00  -4.4754957e-01   1.5240067e-01  -1.3102281e+00   9.5269512e-01   1.0051746e+00   1.3496287e+00
   2.0000000e+00   1.0270719e+00  -2.4601356e-01  -1.1882130e+00   5.9199594e-01  -4.7595220e-01  -8.9454777e-01
   2.0000000e+00  -1.7522436e-01  -6.4805787e-01  -2.2398723e-01  -1.2489360e+00  -9.5873343e-01  -7.7526379e-01
   2.0000000e+00  -9.8213150e-01  -1.4687450e+00  -1.3040853e+00   8.4049049e-02   4.4518670e-01  -1.6200430e-01
   2.0000000e+00  -9.3671804e-02   5.5716271e-01   1.1935011e+00   5.5540317e-03  -1.2231569e+00   1.4663910e+00
   2.0000000e+00  -2.1418593e-01  -2.3759489e+00   7.9796827e-01  -2.4646831e-01  -4.5238904e-01  -3.7562822e-02
   2.0000000e+00  -4.2999183e-01  -6.5256303e-01  -1.9827486e-01   2.4860719e+00   9.4134887e-01   1.9834109e-01
   2.0000000e+00   3.6091376e-01   7.8523334e-02  -2.5430221e-01   6.0870824e-01   1.1684397e+00   9.5501895e-01
   2.0000000e+00  -1.8160499e-02   1.9593923e+00   1.3697379e+00  -8.6421960e-01   2.9005915e-01  -1.0717646e+00
   2.0000000e+00  -8.6619199e-01  -6.8398519e-02  -6.2611470e-01  -1.0775090e+00   2.4334547e+00   8.3474759e-01
   2.0000000e+00  -7.0819337e-01   6.0457923e-01  -2.0674649e-01  -2.0574993e-02  -1.9157649e-01  -1.1377630e+00
   2.0000000e+00  -1.4145122e+00   7.2375963e-01   1.9155370e-01  -7.6039874e-01  -8.2703781e-01   7.1322766e-01
   2.0000000e+00   1.9319287e-01  -4.9411965e-01   3.7142208e-01   1.0378902e+00   2.6255244e+00  -1.3944284e-01
   1.0000000e+00   1.7999271e-01  -1.0318406e+00  -7.7063482e-01  -1.1244539e-01   6.6574860e-01  -1.2318498e+00
   2.0000000e+00  -1.2667088e-01  -1.7805301e+00   5.2135934e-01  -3.9319480e-01  -3.2783896e-01   6.3149450e-01
   2.0000000e+00  -2.4212911e-01  -4.7361532e-01  -5.5587439e-02   9.1515300e-01  -1.5565615e+00   1.0414111e+00
   2.0000000e+00   1.7010797e+00  -3.7419682e-01  -5.5442090e-01  -3.1949185e-01  -6.4449498e-02   6.9169835e-02
   2.0000000e+00  -5.8366535e-01   2.5291879e+00  -2.2294873e+00   2.1635362e-01   6.4047204e-01   4.2471496e-01
   2.0000000e+00  -5.9400575e-01   1.8022457e+00   3.4097757e-01  -1.8822193e+00  -1.9968704e-01  -3.9857781e-01
   2.0000000e+00   8.7233303e-01   7.7907863e-01   2.0534535e-01  -2.8796258e-01  -2.8245970e+00  -1.1917392e-01
   1.0000000e+00   4.8753933e-01   4.8246666e-01   1.0717657e+00  -1.8645301e+00   4.2270187e-01   1.2569050e+00
   2.0000000e+00  -7.7110918e-01   2.3284169e-01  -6.5878309e-01  -5.8953074e-01  -1.5810100e+00  -7.5225046e-01
   2.0000000e+00   9.6525038e-01  -1.6069941e-01  -1.0640921e+00  -1.4510956e+00   1.1158225e+00  -1.9340341e-02
   2.0000000e+00  -1.6394759e+00   1.4243190e+00   4.6255079e-01  -5.6711091e-01   1.5426579e+00   1.8732069e-02
   2.0000000e+00   1.0296037e+00  -1.5831093e-01  -1.2585738e+00  -7.3166877e-01   1.0750245e+00   1.2683478e+00
   2.0000000e+00  -3.4729471e-01   5.7181316e-01   3.6012966e-01  -1.0019627e+00  -1.6417378e+00  -1.1665379e+00
   2.0000000e+00  -3.0757586e-01  -5.0017101e-01   3.6285411e-01   3.4565549e-01  -4.8927313e-01  -1.8268385e+00
   2.0000000e+00   2.6584413e+00   2.9432531e-01  -1.6164676e-01  -1.8499460e-01  -8.6563129e-05   2.2825302e+00
   1.0000000e+00   4.2530498e-01  -1.8112428e+00   7.3555890e-01   1.2654745e+00   8.0847474e-01  -1.4939372e+00
   2.0000000e+00  -9.6682871e-01  -1.0584097e+00  -1.6036939e+00  -6.3490283e-02   1.3106516e+00   2.3556465e-01
   2.0000000e+00   1.0456927e+00   3.3819182e-01  -9.6907036e-01  -9.5244437e-01   5.8242474e-01  -3.2377882e-01
   1.0000000e+00   5.4155223e-01   4.8708793e-01  -8.1188961e-01  -9.3225903e-01  -6.0220099e-01   1.7056365e+00
   2.0000000e+00  -2.7394929e-01  -1.0364887e+00   3.4123019e-01   2.8561693e+00  -2.3861813e-01  -8.9768920e-01
   1.0000000e+00   9.3538532e-01   1.6606598e+00   4.9716014e-01   8.4861284e-01   9.1438856e-02  -1.9235843e+00
