   2.0000000e+00  -6.0712367e-01  -9.4797092e-01  -6.1983646e-01   8.2904745e-01   1.5591176e+00  -1.6323770e+00
   2.0000000e+00   1.5809864e+00   3.0730558e-03  -8.2913788e-01   9.9888639e-02   1.8187701e-01  -1.4846251e+00
   2.0000000e+00   8.8384857e-02   5.6690324e-01  -1.5519916e+00  -5.6601182e-01   9.7485696e-01   8.6607831e-01
   2.0000000e+00  -1.0271733e+00  -1.9920341e+00  -6.5609420e-01  -1.0157296e+00  -8.9076053e-01   8.3994854e-01
   2.0000000e+00  -1.1741792e+00  -1.6630902e+00  -1.3105205e+00  -2.0966548e-01  -1.2841447e+00  -1.9287172e-01
   1.0000000e+00   8.4187307e-01  -7.8879239e-01   3.8538319e-01   2.5114707e+00   1.2588306e+00  -7.2334321e-01
   2.0000000e+00   6.3917657e-02   1.0212447e-01  -5.8166018e-01   1.9116170e+00  -1.9089808e+00  -7.6755767e-01
   2.0000000e+00   8.3095151e-01  -2.5964554e-02  -5.0838581e-01   1.8629152e-01  -1.8447578e-01  -2.5688783e-01
   2.0000000e+00  -9.7094740e-01  -4.2461675e-01   1.1941907e+00  -4.9589007e-01   2.0513810e-01  -1.1894773e-01
   1.0000000e+00   2.5968932e-02  -3.1924793e-02   3.9304219e-01   3.8888715e-01   4.5033509e-01  -2.1286083e+00
   1.0000000e+00  -3.6102023e-01   7.0344935e-01   5.3959012e-01   3.4103244e-01   6.8733481e-01   1.8630278e-01
   2.0000000e+00  -2.7685325e-01  -3.0486939e-01   1.3273219e+00  -6.3527910e-01   2.6590111e-01  -1.1585282e+00
   2.0000000e+00  -1.2242035e+00  -5.3091950e-01   2.4657582e-03   2.9218221e-01   8.5966027e-01  -6.0481922e-01
   2.0000000e+00  -6.1553446e-01  -5.3399802e-01  -1.8757612e+00   3.2178562e-01  -1.0378301e+00  -2.7256836e-01
   2.0000000e+00   1.7583397e+00   7.8007611e-01   7.3184530e-01   4.8822060e-01  -3.8776234e-01   6.4003565e-01
   2.0000000e+00  -1.0853074e+00   1.8127387e+00  -2.7919282e-01  -8.5645380e-01   7.3463300e-01  -5.5517374e-01
   1.0000000e+00  -6.5767068e-01  -1.1375215e+00   7.2029339e-01  -1.3413825e+00  -3.8603051e-01   1.2519890e-01
   2.0000000e+00   7.4798968e-01  -2.0124492e-01   1.3054933e+00   3.2294196e-01  -1.0778584e+00  -1.4623814e+00
   2.0000000e+00   2.1292652e+00   1.3829831e+00  -6.2449375e-01   1.1622585e+00   1.9526249e+00  -1.6847659e-01
   2.0000000e+00  -7.5712515e-01   1.2276421e+00  -2.9696944e-01   1.7718835e+00  -9.3030061e-01  -7.3612139e-01
   2.0000000e+00  -1.6031766e+00   1.2073292e+00   1.0956517e+00   3.6782529e-01  -2.8045587e+00   3.7219986e-01
   2.0000000e+00  -5.5273085e-01  -7.8062370e-01  -8.2660571e-01  -1.4959638e-02  -1.3632214e-01  -5.7742008e-01
   2.0000000e+00  -4.7963324e-01  -1.1659637e+00  -4.1515122e-01   6.2808314e-01  -2.2392476e+00  -8.4867681e-01
   2.0000000e+00  -2.3630013e+00   1.8867509e-01   4.7796773e-01   1.3739525e-01   3.9587471e-01   4.1884290e-01
   1.0000000e+00   2.7255692e-01   4.0375572e-01   6.1382016e-01   1.8251790e+00   5.1538789e-01   2.6982698e+00
   2.0000000e+00  -7.2242140e-01   1.9273174e-01  -4.4166545e-01   6.0008759e-01  -1.5036146e+00   2.2025493e+00
   2.0000000e+00  -8.2846072e-01   1.0910487e+00  -9.9291997e-01  -9.6163491e-01   5.5274890e-03   1.5202895e+00
   2.0000000e+00  -1.9869433e+00  -6.7769335e-02  -5.4192142e-01  -1.5087473e+00  -1.4695352e+00   2.5680964e-04
   2.0000000e+00   1.4442106e+00   7.1984674e-01  -7.6378503e-01  -9.9034462e-01  -1.6533156e+00  -4.8774180e-01
   1.0000000e+00   7.5524142e-03  -2.1460824e-01   1.7596077e-01   1.3735328e+00   4.4180104e-01  -6.5557279e-01
   2.0000000e+00  -1.2751841e-01  -9.2925128e-01  -6.2058000e-01   1.1099949e+00   1.3260606e+00   5.5024604e-01
   2.0000000e+00   1.1561780e+00   5.2702446e-01  -4.7121650e-01  -1.5785865e+00   7.8659165e-01   1.2856787e+00
   2.0000000e+00  -1.1801377e-01  -1.0938209e+00   9.5427168e-01   4.4714149e-02  -2.0004653e+00   1.1182395e-01
   2.0000000e+00   3.9719725e-01   1.4782776e+00  -5.4087002e-01   9.4604679e-01   2.6943523e-01  -9.7854610e-01
   2.0000000e+00   1.4568467e+00   2.8887660e+00   1.4952863e+00   3.3519726e-01  -9.8263562e-01   1.6203996e+00
   2.0000000e+00   8.2880193e-01   4.0956641e-01  -1.0333846e+00   4.9450063e-01  -3.9454600e-01   2.0430367e-01
   2.0000000e+00   1.0320317e+00   1.7017918e-02  -2.1903103e+00   1.2943925e+00  -4.7671668e-01  -2.7406813e-01
   2.0000000e+00   3.8551913e-01  -4.4476587e-01  -1.2626883e+00  -5.7856950e-01  -2.4936193e-01  -1.0180395e+00
   2.0000000e+00   1.5111843e+00  -6.2289112e-01  -6.8908523e-01   3.3467930e-01  -5.5029267e-01  -7.1339742e-02
   2.0000000e+00  -1.3934884e-01   3.6498141e-01  -9.1610678e-01   1.4831297e+00   4.6635999e-01  -4.5491165e-01
   2.0000000e+00  -1.3514297e+00   1.2611919e+00   9.0918484e-01   5.6179945e-01  -7.8142038e-01   2.9070857e-01
   2.0000000e+00  -1.1677597e+00  -4.6668753e-01   5.5745376e-01  -1.1555502e+00   2.3361464e+00   1.1492476e+00
   2.0000000e+00   8.1803028e-01   6.9414599e-01   2.0378540e+00  -3.1960570e+00  -8.2108246e-01   1.2019424e+00
   2.0000000e+00  -1.1796097e+00   1.7847233e+00  -6.1978196e-01   1.8424088e-01   3.2090063e-01  -5.4474060e-01
   2.0000000e+00  -4.6817381e-01  -2.2831429e+00  -1.5010859e+00   4.0132371e-01   8.9929398e-01   1.1412228e+00
   1.0000000e+00   5.5427118e-01  -7.9366300e-01   1.8618504e-01  -2.4086870e+00   1.1436083e-01  -1.6331558e-01
   1.0000000e+00   1.9628297e-01  -3.3325846e+00   2.9062746e-01  -2.0836997e+00   1.5107472e-01  -2.7128864e-01
   1.0000000e+00  -5.4176386e-01  -4.2141063e-01   8.0527079e-01   1.7055887e-01   1.2157894e+00   1.9547161e-01
   2.0000000e+00  -9.8362441e-01  -1.5467725e+00   2.2898834e-01  -1.5171617e+00   4.7515300e-01   5.0071959e-01
   1.0000000e+00  -1.4825508e-01  -5.9289383e-01   4.8808633e-01  -1.2265625e+00   7.4112324e-02   7.4910211e-02
   2.0000000e+00   8.5857598e-01   1.3402744e-01  -5.7140251e-01   7.0522283e-01  -5.4387077e-01  -1.3992533e+00
   2.0000000e+00   1.8541899e+00  -1.2340280e+00  -1.9865472e-01   2.3441356e-02   3.6526326e-01   2.2101220e-01
   2.0000000e+00   7.1136727e-02   1.6138533e+00  -3.1047168e-01  -7.2630283e-01  -7.9437495e-01   4.1469748e-01
   2.0000000e+00   1.5057523e+00  -1.0533151e+00   1.9631888e-01  -1.1069453e+00   1.0655245e+00  -4.9085102e-01
   1.0000000e+00   4.5651053e-01   8.0872065e-01   5.6841087e-02   6.3564920e-01   3.8469182e-01  -1.8457252e+00
   2.0000000e+00  -5.8692102e-01   1.0106107e+00  -1.0730214e+00  -1.7341719e+00  -4.3556023e-01   6.9701540e-01
   2.0000000e+00   8.5855321e-01  -4.6899913e-01  -4.8180775e-01   3.6236052e-01   4.0898931e-01  -1.7230387e-01
   2.0000000e+00   1.1158549e+00   8.2734174e-01  -4.1134139e-01   3.3863291e-02   8.8224196e-01  -1.1967053e+00
   2.0000000e+00   1.4491540e+00   1.9965695e-01  -1.5775958e+00   3.1319749e-01   6.4041912e-01  -1.5233626e+00
   2.0000000e+00  -9.6190409e-01   9.5145026e-01   6.0382972e-01  -7.3322438e-01  -2.7024968e+00  -5.5199450e-02
   2.0000000e+00  -1.5353494e-01  -2.4218569e+00  -1.0369723e+00  -5.3845928e-01   3.5786580e-02   1.2436979e+00
   2.0000000e+00   9.6616525e-01   1.0672094e+00  -9.7262588e-01  -3.9685063e-01  -6.5176124e-01   3.4175782e-01
   2.0000000e+00   2.0621784e+00   3.2473173e-01   7.7163345e-01   1.4186817e+00   9.3811256e-01  -7.2465142e-02
   2.0000000e+00   2.3926677e+00   2.7296291e-01  -5.4992130e-02  -7.3264561e-02  -3.1125405e+00   7.5383622e-01
   2.0000000e+00  -1.7657214e+00   7.9771866e-01   3.4844007e+00  -8.1379907e-01   8.1026434e-01  -5.3921144e-02
   2.0000000e+00  -6.5772710e-01   1.1294720e+00  -5.5208266e-01  -3.1747356e-01   9.6092413e-01  -1.2166429e+00
   2.0000000e+00   2.5788033e-01   1.0853946e+00  -2.9064613e-01  -3.4087048e-01  -4.6730195e-02   8.9414236e-01
   2.0000000e+00  -3.4975534e-01  -1.5265316e+00  -1.1457733e+00   1.3246648e-01  -1.2353676e+00   9.5037836e-02
   2.0000000e+00  -1.6582568e+00  -3.6687835e-01  -6.6865188e-01   8.7486627e-01  -7.9052297e-01  -1.3454975e+00
   1.0000000e+00   3.3918789e-01  -6.0871953e-01   3.1107833e-01   2.5105643e-01  -5.0794181e-01   1.2160482e+00
   1.0000000e+00  -4.3773300e-01   3.1630902e-01   2.6138311e-01  -1.7731383e-01   4.9421995e-01  -1.6138409e+00
   1.0000000e+00  -4.3323501e-01  -9.7797150e-01   3.5781116e-01  -9.9923316e-01   6.9466541e-02   1.0400636e+00
   2.0000000e+00   8.0871040e-02   3.5338030e-01   1.1887044e+00  -9.2167869e-01   3.8851663e-01   1.5025515e+00
   2.0000000e+00   2.1620085e-01  -9.3265576e-01  -5.7873675e-01   1.2609151e-01  -2.9544231e+00  -1.3959196e+00
   2.0000000e+00   6.3701519e-01   1.8579034e+00  -4.3802902e-01  -1.8441172e+00  -1.5041324e+00   3.0744757e-01
   2.0000000e+00  -2.1851132e+00   1.6362321e+00  -1.5634260e+00  -8.3039806e-01  -3.0445713e-01   9.9452096e-01
   2.0000000e+00  -4.8606353e-01  -7.0369423e-01  -9.1811096e-02  -1.1636915e+00  -7.6160595e-01   1.1371586e+00
   2.0000000e+00  -3.7928682e-01  -2.9673874e-01  -1.7919002e-01  -5.7658344e-01  -8.0167286e-01  -1.8336156e+00
   1.0000000e+00  -7.4386461e-01   6.9304487e-01   5.6423762e-01  -1.0207770e+00  -9.1711942e-02   2.1915741e-01
   2.0000000e+00   5.3762989e-02   1.5523033e+00  -6.4265959e-02  -6.8470443e-01  -6.0664033e-01  -1.9766303e+00
   2.0000000e+00  -7.5447226e-01   1.3103210e+00  -6.9154710e-01  -1.8761346e+00   6.5184073e-01  -2.5982220e+00
   1.0000000e+00   4.9536113e-01   4.7150308e-01   3.5970476e-01  -5.0215834e-01  -1.0687957e+00  -6.5270724e-01
   1.0000000e+00  -1.0755653e-01  -9.1799059e-01   4.2973780e-01   1.4658492e+00   3.6952678e-01   3.3788427e-01
   2.0000000e+00  -2.8050384e-02   6.8125889e-01   2.5680204e+00   1.0862973e+00  -7.7825838e-01  -2.2776611e+00
   2.0000000e+00  -1.0156388e+00   6.9037308e-01  -1.0641473e+00   1.4110151e+00  -5.4280845e-01  -4.0980151e-02
   1.0000000e+00   6.4146130e-02   1.5485970e+00   8.4529400e-01   1.6154473e+00   1.1586160e+00  -1.2743467e+00
   1.0000000e+00   1.5440437e-01   6.1329029e-02   3.1769892e-01   2.0567456e+00   1.3226489e+00   4.3300653e-01
   2.0000000e+00  -1.7541219e+00   1.7212313e+00  -7.1770221e-01   7.6054722e-01  -1.7257929e-01  -9.6550372e-01
   2.0000000e+00  -1.4343688e+00  -2.1781677e+00   7.8111703e-02  -1.4533718e-01  -7.2244946e-03  -2.9059058e-01
   2.0000000e+00  -1.1005179e+00   1.0382245e+00   5.9174891e-01  -6.5447679e-01   1.0180093e-01  -7.2813672e-01
   2.0000000e+00  -2.4377742e-01  -4.0685046e-01  -5.3327278e-01   1.5858697e+00   1.4062619e+00  -7.9803801e-03
   2.0000000e+00   1.1541486e+00  -2.4400746e-01  -4.7128480e-01   3.4406102e-01   6.8652124e-01  -3.4346890e-01
   2.0000000e+00  -1.2161799e-01   1.1106984e+00   8.2324726e-01   1.8383802e-01   2.3082354e+00  -7.7884308e-01
   1.0000000e+00   9.2870549e-01   2.0677020e+00   3.3563464e-01   1.8781184e+00  -6.9986493e-01   9.1681466e-01
   2.0000000e+00  -1.0327345e+00   1.1788969e+00   6.8795330e-02   7.9314014e-01  -1.0907524e+00   5.8569223e-02
   2.0000000e+00   7.4920470e-01   6.3937776e-02   6.7098950e-01   1.2571207e+00   1.2275180e+00   1.2319917e-01
   2.0000000e+00   1.7331684e+00  -6.0500897e-01   1.1175965e-02   1.0697184e-01   5.1070245e-01  -2.6604098e-01
   2.0000000e+00  -9.8002155e-01  -1.2604578e+00   7.7439896e-01  -2.7580477e+00  -4.6898971e-01  -3.9509602e-02
   1.0000000e+00   5.2595105e-01  -6.4804917e-02   3.8691076e-01   2.0534729e+00  -1.1079932e+00   7.3222011e-01
   2.0000000e+00  -2.6657672e-01  -1.6974740e+00  -1.1659500e+00   1.2359511e-01  -6.2670923e-01   6.0281336e-01
   2.0000000e+00  -1.1953255e+00  -9.3383382e-01  -1.5550526e-01  -6.1272996e-01   6.6481281e-01   6.5817673e-01
   2.0000000e+00   1.4253960e+00  -7.7539420e-01  -6.3505585e-01  -2.5562612e-01   1.8546068e-01  -1.2857330e+00
   2.0000000e+00   1.0077421e+00  -8.1145392e-02   1.1608929e-01   9.4005850e-01  -1.0235438e+00   5.5584848e-01
   2.0000000e+00  -1.1871026e+00  -3.0051919e-02   8.1890375e-02  -1.3488726e+00  -4.1180506e-01  -9.2933731e-01
   2.0000000e+00   1.6595077e+00  -1.0231530e+00   1.1952320e+00  -1.5579550e+00   2.3801162e-01  -4.6257526e-02
   2.0000000e+00  -3.0622097e-01  -8.6505362e-01  -4.0442991e-01  -9.0843233e-01   6.4713297e-02  -3.9826449e-01
   2.0000000e+00   1.3711458e+00   2.0206290e+00  -6.5920140e-01  -1.8736508e+00   4.7838456e-01   8.1095972e-01
   2.0000000e+00  -1.8508627e+00  -3.7598180e-01  -1.6044878e-01   1.4098701e+00   1.6877714e+00   4.7079347e-01
   2.0000000e+00   3.6025351e-01  -5.0147395e-03  -8.3380248e-01   1.3668683e+00  -1.3524294e+00   6.4995406e-01
   2.0000000e+00   6.1272344e-01  -1.0998942e+00   7.9634482e-01  -2.0125306e+00   3.6198134e-01  -8.5715070e-01
   1.0000000e+00  -6.5040530e-01   6.6666190e-01   9.8431349e-02  -1.3324640e+00   5.5572675e-01  -7.9099366e-01
   2.0000000e+00   1.7902996e+00   1.2387193e+00   7.3869100e-01  -1.3823120e+00  -2.0188981e-01  -1.1379762e+00
   2.0000000e+00   1.3970046e-01   2.8994193e-01  -6.7261893e-01  -5.2783276e-01  -1.3988971e+00   1.0395577e+00
   2.0000000e+00  -3.1715090e-01  -5.1907769e-01  -1.1360898e+00  -2.6179534e-01  -1.0230928e+00  -1.4676518e+00
   2.0000000e+00   7.0016112e-01  -2.1214308e+00  -8.3030507e-01   1.7214437e+00  -7.9698810e-01   7.7451917e-01
   1.0000000e+00   5.3917020e-01   1.3502001e+00   2.9334919e-01  -1.0935994e+00  -3.9349003e-01   1.9596161e+00
   2.0000000e+00  -1.6320400e+00  -2.4113761e-01  -3.1377751e-01   2.3368029e-01  -3.6451393e-01   4.4065945e-01
   2.0000000e+00  -4.0657245e-01  -1.0533765e+00  -2.7760176e+00   6.6482788e-01  -1.4181840e-01  -2.5257841e-01
   2.0000000e+00   1.3706305e+00  -7.1240569e-01  -3.8514991e-01   3.7563568e-01  -2.5575718e+00  -1.7649359e-03
   2.0000000e+00   2.4085377e+00  -6.7622890e-01  -7.5163048e-01  -1.1482924e+00   1.2380492e+00   6.2273125e-01
   2.0000000e+00   1.1090658e+00   2.1811993e+00  -6.6618527e-01   9.8052892e-02  -1.2005057e+00   6.3940414e-01
   2.0000000e+00  -1.2167927e+00   8.1590224e-01  -1.1365599e+00  -1.0733783e+00  -7.0229962e-01   7.7456061e-01
   2.0000000e+00  -2.5786684e+00  -7.4395452e-01   2.0268943e-02   1.5361107e+00  -1.4210551e+00  -4.0643574e-01
   2.0000000e+00  -2.4556958e-01   3.9618804e-01  -4.1095079e-01  -1.7777772e+00  -5.6040359e-01  -1.1388667e+00
   2.0000000e+00  -5.6743358e-01  -1.4629730e+00  -1.5799432e+00   2.5949659e-01   7.9483085e-01  -2.3130101e-01
   2.0000000e+00   1.4170507e-01  -2.4501832e+00   1.4555643e+00   1.5163704e+00   1.9948464e-02   8.5459276e-01
   1.0000000e+00  -5.9441045e-01   2.1101736e+00   7.7022353e-01   8.0423364e-02  -3.0671230e-01   9.5693740e-01
   2.0000000e+00   1.0560996e+00   1.4986437e-01   7.8019397e-01   1.5856647e+00   5.7972772e-01   2.4515097e-01
   2.0000000e+00  -1.7765387e+00   1.8640098e+00  -1.2650178e+00  -6.7352309e-01  -3.5821400e-02  -1.5448796e-01
   2.0000000e+00  -2.0483058e-01   1.8295400e+00  -3.4686128e-01   2.5916082e-01   1.7320623e+00  -1.2778573e+00
   2.0000000e+00   1.0513507e+00   6.5403337e-01  -3.3785923e-01   4.5732046e-01   8.1227526e-02   6.9814089e-01
   2.0000000e+00  -2.3602957e+00  -3.1807582e-01   1.0196535e+00   1.6314083e+00   1.1069856e+00   1.3638065e+00
   2.0000000e+00   1.5137629e+00  -1.4681025e+00   1.2478373e+00  -1.2266482e-01  -4.2121944e-02  -1.3414543e-02
   2.0000000e+00  -9.7299198e-01   1.8264022e+00  -3.2052632e-01  -2.5495633e-02  -1.6364917e+00  -5.3804066e-01
   2.0000000e+00   5.6040769e-01  -2.0675411e+00  -2.7075491e-01  -1.4962999e+00  -2.3381745e-01   1.3252747e+00
   1.0000000e+00   7.3225834e-01  -1.8383986e+00   4.1537585e-02   1.0350465e-01   6.7421294e-01  -7.4801653e-01
   2.0000000e+00   8.7992148e-01   2.5921785e-01  -1.8010116e+00   6.0088435e-01  -5.9163653e-01   1.2395737e+00
   2.0000000e+00   1.3554349e+00   1.2192377e+00   2.3396702e+00   7.5941259e-01   3.5531124e-01  -6.3963126e-01
   1.0000000e+00  -3.3290345e-01   1.1779988e+00   3.4133483e-01   1.6733631e+00   1.4843641e+00  -1.6698716e+00
   2.0000000e+00  -2.5189717e-01  -1.5689211e+00  -6.0809381e-01   2.0615162e-01   2.7619385e-01  -9.8146092e-01
   1.0000000e+00  -5.9626497e-01   7.0607813e-01   5.6852937e-01   5.9637120e-01   1.1281138e-01   6.5388435e-01
   2.0000000e+00  -5.3208050e-01   3.5880755e-01   8.6594355e-01  -5.0218209e-01  -1.1144663e+00  -1.2476767e+00
   1.0000000e+00  -7.6375032e-01  -1.2357332e+00   2.1769165e-01   6.6176332e-02   2.9123547e-01  -7.4202908e-01
   1.0000000e+00  -2.9890360e-01   2.7371047e-01   4.8272263e-01   2.2190339e-01  -6.3180284e-01   8.7489882e-01
   2.0000000e+00   1.3995515e+00   2.3902313e+00   6.3537087e-01  -6.0703506e-01   1.4097436e+00   2.0933696e-01
   2.0000000e+00   1.4545410e+00  -2.9043859e-01  -5.3335367e-02  -2.5448017e+00   1.0054636e+00   4.9485186e-01
   2.0000000e+00  -5.9205592e-01   3.3465778e-01   1.2768976e+00   8.6621679e-01   1.3661639e-01   5.0534644e-01
   1.0000000e+00  -4.1793549e-02  -1.5877893e+00   2.2398519e-01  -2.2252520e+00  -1.0725723e+00   1.2594376e+00
   1.0000000e+00   7.3562165e-01   1.2000692e-01   1.4919024e-01   6.4792935e-02   1.6927031e-01   1.3176628e+00
   2.0000000e+00  -1.3441724e+00  -4.8482381e-01  -6.9095189e-01  -1.1747788e+00   4.4369202e-01  -4.5074556e-01
   2.0000000e+00   5.5511829e-01  -3.2626477e-01  -1.2835782e+00   2.5345306e-01  -2.0605345e+00  -2.2089063e+00
   2.0000000e+00   7.6768428e-01   6.7312710e-01   1.1338235e+00   4.4940987e-01   5.8979571e-02  -2.5401161e-01
   2.0000000e+00  -1.2147744e+00  -1.3999203e+00   9.6238113e-01  -3.5039615e-01  -7.7563561e-01   2.1234812e+00
   1.0000000e+00  -2.5014166e-01   1.7966880e-01   8.5724635e-01   4.6117493e-01   8.5323629e-02  -1.9301156e+00
   2.0000000e+00  -6.5527051e-01   1.9274982e+00   1.5070339e+00  -5.9291190e-01   4.5379157e-01   1.1481879e+00
   2.0000000e+00  -9.6643024e-01   5.9507932e-01  -9.6395898e-01  -2.1736202e-01  -2.5222996e-01   3.3518368e-01
   2.0000000e+00   1.6549936e+00  -1.9265839e+00   3.4663427e-01  -5.6922421e-01   1.0000797e-01   7.2123898e-01
   2.0000000e+00   8.7200418e-01   1.0486323e+00  -6.0114412e-01   1.3310873e-01  -1.7443774e-01  -6.0970524e-01
   2.0000000e+00   7.6128927e-01   3.0771587e-01  -1.0745656e+00  -1.2332753e-01  -2.1384881e+00  -2.0756968e+00
   2.0000000e+00   2.2726543e+00   2.0384147e+00   8.4483390e-01  -1.5927595e+00   1.1526464e+00  -3.2235856e-01
   2.0000000e+00   9.4568550e-02  -4.3063019e-01  -9.1858553e-01   5.7454967e-01  -2.2689666e-01   5.3882357e-01
   2.0000000e+00  -7.7979802e-01   1.6474762e+00  -1.5272957e+00   1.4285730e-01  -1.1760118e-01   1.3383798e+00
   2.0000000e+00  -1.3549055e+00  -1.4369259e-01  -2.3958648e-01   2.2215506e+00  -9.9031196e-01   4.3582497e-01
   2.0000000e+00  -1.0798229e+00  -9.6666705e-01  -1.8975510e-01  -5.2014561e-01   6.7985661e-01   9.3137793e-01
   2.0000000e+00   5.9999503e-02  -1.9689515e+00  -8.2957571e-01   1.8872927e+00   1.0988273e+00   1.8631760e-03
   2.0000000e+00   1.5357437e-02  -1.6227297e-01   7.5205614e-01  -2.5368292e-01  -2.1530134e+00  -1.0489948e+00
   2.0000000e+00  -1.0866370e+00  -1.0693933e+00   1.6350753e-01   4.1367097e-01  -2.4588355e-01  -3.8585241e-01
   1.0000000e+00  -9.0194410e-02  -7.1384379e-01   7.9115190e-01   8.0307292e-02  -2.9573058e-01  -2.6667205e+00
   2.0000000e+00   2.0203399e+00  -4.2100891e-01   9.4460014e-01  -2.9576928e-01   5.2032346e-01  -1.0783030e-01
   2.0000000e+00   2.1235353e-01   1.2737062e+00  -1.0480261e+00   1.1330775e+00  -1.5670799e+00   1.4998055e-01
   2.0000000e+00  -3.4284261e-01   6.3798311e-02  -5.8303398e-01  -1.2852815e+00  -7.1953735e-02  -2.9532106e+00
   2.0000000e+00  -1.3324709e+00   7.8835479e-01   7.9441009e-02  -5.5100521e-01   1.7310168e+00  -1.9754435e-01
   2.0000000e+00   1.1211231e+00   7.4202866e-02  -1.6635329e+00  -1.1054852e-01   1.5318336e+00   1.7511013e-01
   2.0000000e+00   9.4045382e-01   5.8061238e-02  -3.4544912e-01  -5.1450650e-01  -3.3085787e-01  -1.2236646e+00
   2.0000000e+00  -6.0907791e-01   8.4080338e-01   1.2950087e+00  -6.1220729e-01  -1.6757058e+00   3.6466741e-01
   2.0000000e+00   1.8611753e+00  -4.7996087e-01   1.0819030e-01  -8.2143973e-01   1.5993077e+00   1.4398738e+00
   1.0000000e+00  -5.4727299e-01   1.6449142e-01   1.7220902e-01  -6.1606864e-03   1.7241313e-01  -8.1029923e-01
   1.0000000e+00  -4.7050884e-01  -2.4297493e-01   2.7044763e-01  -1.9072422e+00  -5.0541597e-02   5.9534166e-02
   2.0000000e+00   1.1768880e+00   5.3033968e-01  -1.0914765e+00   6.1271149e-01  -5.8606945e-01  -1.4812051e+00
   1.0000000e+00   4.5097154e-01  -8.0289603e-01   8.2449601e-01  -1.5273599e-01   8.9623154e-03   1.0404240e+00
   2.0000000e+00   1.4121067e+00  -4.4529695e-01  -1.7865717e+00   1.2719157e-01  -4.7553542e-02   6.0245616e-02
   2.0000000e+00   1.2285832e+00   5.2492847e-01  -5.6727349e-01   4.0496674e-01   2.4816435e-01   6.1122272e-02
   1.0000000e+00  -1.0483255e-01  -2.6303881e+00   8.8642848e-01  -3.5323306e-01  -2.9538918e-01   8.3698020e-01
   2.0000000e+00   8.1664697e-01   1.8740485e+00  -3.9043205e-02  -1.7313853e+00  -8.4984923e-02   1.6251109e-01
   1.0000000e+00   2.7285526e-01   9.8242659e-01   3.4581602e-01   1.1269862e+00  -1.8339025e-01   7.5632268e-01
   2.0000000e+00  -7.4425233e-01   5.8731337e-01  -4.0504523e-01   5.0159016e-01  -2.1796227e+00   5.4737628e-01
   2.0000000e+00  -1.8799561e-01   9.9820583e-01  -1.0972154e+00  -6.4456046e-01   1.6419406e+00  -1.9265083e-01
   2.0000000e+00  -1.6648000e-01  -9.3538165e-01  -6.7845993e-01  -7.7588420e-01  -7.7489837e-01   3.6229602e-01
   2.0000000e+00  -1.1258579e+00   1.2313366e+00   2.6548294e+00  -3.4451570e-01  -2.7242185e-01  -4.1386332e-02
   2.0000000e+00  -7.6261401e-01  -1.0495386e+00  -7.2180256e-01   3.0049164e-01   5.2425362e-01  -2.4966933e-02
   2.0000000e+00   3.5842946e-02   1.0765286e-02  -1.2839520e+00  -1.3385722e+00   9.1611991e-01  -2.0231908e-01
   2.0000000e+00  -1.2289047e+00   1.1966525e+00   5.8729894e-01  -1.5779556e+00   1.5203458e-01   1.5895302e+00
   2.0000000e+00  -4.3686249e-01   6.2749232e-01   8.0939582e-01   4.8368361e-01   1.9646629e+00  -4.2903710e-01
   2.0000000e+00   4.8413207e-01  -8.0114516e-01  -3.4389026e-01   6.6837439e-01   1.8753689e+00  -7.9123964e-01
   2.0000000e+00   2.6560601e-01   9.1678099e-01   2.2713736e+00   1.8957691e+00  -1.7698831e+00   1.8552657e+00
   2.0000000e+00  -8.2787427e-01   1.1306267e+00   1.0827843e+00   8.6804139e-01  -6.7000267e-01  -7.0015944e-01
   2.0000000e+00  -6.9891006e-01  -3.7986253e-01   8.1521158e-01   3.4453095e-01  -5.0524948e-01  -3.3497960e-01
   2.0000000e+00  -2.4976983e+00   1.4245734e+00   6.5317631e-02   8.3817841e-01   1.9988133e+00  -9.6327885e-01
   2.0000000e+00  -9.1813050e-01  -7.3476720e-01  -2.3951465e-01  -2.0446769e+00  -7.0824933e-01   7.4117256e-01
   2.0000000e+00   2.8632939e-01  -2.2587389e+00  -1.3406803e-03  -1.9924912e+00  -2.4356777e-01  -6.7068538e-01
   2.0000000e+00  -3.9495923e-01   4.7476172e-01   1.3641994e+00   5.1833257e-01   1.2489412e-01  -1.6186036e+00
   1.0000000e+00   7.5908982e-02  -7.6163149e-01   3.7165287e-01   1.2024490e+00   1.1164906e+00  -1.7329480e+00
   2.0000000e+00   1.0056561e+00   3.8125183e-01  -2.1280467e+00  -1.1230487e+00  -8.2353645e-01  -1.1939670e+00
   2.0000000e+00   2.4934199e-01  -8.3313226e-01   1.4561963e+00   7.3733806e-01   1.6740646e+00  -2.7126643e-01
   2.0000000e+00  -7.9544731e-01   1.0832570e+00  -2.0598031e+00  -1.6926626e-01   1.0574377e+00   8.6295734e-01
   2.0000000e+00   4.1692092e-01  -6.5159971e-01  -5.9099767e-01  -6.5696842e-01  -2.7688111e-01   1.9938639e+00
   2.0000000e+00  -4.6534515e-01  -2.5624388e+00   1.1193351e+00  -1.0030650e+00  -2.5486588e-01  -4.7177856e-01
   1.0000000e+00   3.9927156e-01   1.8310280e-01   3.5843308e-01   7.3402387e-02  -1.2570937e+00   4.4940581e-01
   2.0000000e+00   1.0463952e+00   7.7179112e-01   6.6951933e-01  -3.8694046e-01   2.1620922e+00   2.1074001e+00
   2.0000000e+00  -1.5311023e+00   3.8215432e-01   9.2722460e-01   6.8681552e-01  -6.9028702e-01   1.4807309e+00
   2.0000000e+00   1.3238355e+00  -9.8887144e-01   1.5896586e+00   1.0359177e-01   9.3488011e-01   1.2909811e+00
   2.0000000e+00  -1.1427809e+00  -3.2066082e-01   1.1697592e+00   1.7419162e-01   7.8390841e-01  -8.0438396e-01
   2.0000000e+00   1.0905082e+00  -8.5160549e-01  -8.7615510e-01  -5.4230696e-02  -5.6622288e-01  -4.2597966e-01
   2.0000000e+00   2.4982987e+00   9.6794086e-01   5.1518675e-01  -2.4392061e-03   8.5142390e-01  -9.8125979e-02
   2.0000000e+00   4.3987682e-01  -1.9210243e+00   1.1281373e+00   1.2832160e+00  -4.7317254e-01  -2.2763960e+00
   1.0000000e+00  -5.8799745e-02   3.0880586e-01   2.3613195e-01   8.8837631e-01   3.5866685e-01  -1.5160815e+00
   2.0000000e+00  -4.7083142e-01   7.7951643e-01  -1.7057776e-01   3.3223966e-01  -3.7723968e-01   1.4225871e+00
   1.0000000e+00   1.5220673e-01   2.1338036e+00   7.7747171e-01  -9.8443855e-01   1.1104817e+00   2.2357933e-01
   2.0000000e+00   9.3223795e-03  -1.1824913e+00   1.4033088e+00  -1.2457371e-01   3.4043690e-01  -3.8227378e-01
   2.0000000e+00   1.2458256e+00   3.3828225e-02   7.2052635e-01  -5.3763128e-01   1.0273298e+00   1.2078353e+00
   2.0000000e+00  -1.4068657e+00   1.2872760e+00   3.9088285e-01   9.2327061e-01   9.3414841e-01  -4.6417486e-01
   2.0000000e+00   1.1610842e+00  -8.8846503e-01   1.1429645e+00  -5.2280962e-01  -9.1180792e-01  -4.9370035e-01
   2.0000000e+00  -1.0579468e+00   7.8532843e-01  -2.4672977e-01   9.4448283e-01   8.0148927e-01   5.4634311e-01
   2.0000000e+00  -1.0799544e+00   5.4916022e-01  -3.7042446e-01   1.0667241e-01  -7.2994365e-01   4.4896790e-01
   1.0000000e+00  -3.5574918e-01   4.5491987e-01   6.4914104e-01  -1.1282099e-01  -1.3772298e-01  -9.0472211e-01
   2.0000000e+00  -1.0413124e+00   1.4130770e-01   1.1970969e+00  -2.7391426e+00  -1.6863557e+00  -8.7736542e-01
   2.0000000e+00  -1.4194341e+00  -8.3545566e-01   5.0923382e-01  -9.4344858e-01   7.8498685e-01   3.5586431e-01
   2.0000000e+00  -1.5063576e+00   1.1243508e+00   9.5323476e-01   5.9039403e-01   5.9529275e-03  -4.0210457e-01
   1.0000000e+00  -3.3597876e-01  -6.4953662e-01   6.2027460e-02   2.6255381e+00  -1.8613839e+00  -3.1139688e-01
   1.0000000e+00   3.4343398e-01  -1.5355887e+00   8.4141447e-01   3.0507815e-01  -1.1974424e+00   2.1549146e-01
   2.0000000e+00  -1.5158144e+00  -1.2261132e+00  -1.8085342e+00   7.5041756e-01   2.3075062e-01  -6.9181628e-01
   2.0000000e+00  -9.6282092e-01   1.0968134e+00   6.6539785e-01   7.0171957e-02   1.2542007e+00   1.2410230e+00
   1.0000000e+00   1.9745240e-01   3.8526268e-01   1.7761878e-01   3.5516631e-01   9.2363848e-01  -1.2279017e+00
   2.0000000e+00  -2.0052368e+00   1.6193981e+00   1.1685394e+00   8.6977513e-01  -6.3182271e-01  -4.8419076e-01
   1.0000000e+00  -6.4159142e-01  -7.1296046e-01   4.7560390e-01   1.1469416e+00   7.1902253e-01  -7.0692735e-01
   2.0000000e+00  -8.3146046e-01  -2.6824645e+00  -6.7267224e-01   1.6423378e+00   1.2408774e+00  -4.5717404e-03
   2.0000000e+00  -9.1289584e-01  -4.1582790e-01  -2.0547856e+00   1.1742236e-02  -7.6167579e-01   7.1630353e-01
   1.0000000e+00  -8.6112459e-01  -9.4778063e-01   4.8505447e-01   1.1728852e-01  -1.3183669e+00  -2.5996178e-01
   1.0000000e+00  -2.2284475e-01   1.4786566e+00   6.1218336e-01   8.2598611e-01   3.2447148e-01   9.3563068e-01
   2.0000000e+00  -1.6969610e+00  -1.1595863e-01  -1.3088756e+00  -1.1697892e+00  -5.6737450e-01   5.6038850e-01
   1.0000000e+00   5.8913492e-01   4.8076366e-01   7.4643757e-01  -1.6960054e+00   2.3091638e-01   1.5131512e+00
   2.0000000e+00   1.5397526e+00   5.8590184e-01   2.1270433e-01  -2.6239218e-01   8.3641373e-01   1.5286783e-01
   2.0000000e+00  -2.2820445e+00   8.4588048e-01  -1.0408802e+00   1.1547720e+00   4.2242107e-01  -6.3829434e-01
   1.0000000e+00   2.3943186e-01  -3.4558689e-01   5.0141269e-01   1.2857518e+00   2.8768777e-01   2.1954595e-01
   1.0000000e+00  -3.5202983e-01  -1.2497784e+00   7.7102796e-01   1.7512741e-01  -1.3505250e+00   3.1764811e+00
   2.0000000e+00   1.6198064e-01  -5.0398680e-01   1.8816066e+00   3.5318957e-02  -4.1010957e-01   1.8816699e-01
   1.0000000e+00   1.0063940e-01  -2.2534141e-02   6.3688675e-01   5.3123180e-01   1.1883082e+00  -1.5220027e+00
   2.0000000e+00  -1.0514437e+00  -1.3356226e+00  -2.6856794e-01  -8.8789214e-01   3.0972873e-01  -3.9985462e-01
   2.0000000e+00   5.1147859e-01   8.6147851e-01   1.9262968e+00  -7.7616462e-01   1.4277028e+00   1.5651210e-02
   2.0000000e+00  -1.6666103e+00  -9.7336397e-01  -1.1388145e+00  -3.8801944e-01  -1.8584513e+00   8.6453118e-01
   2.0000000e+00   1.6226234e+00   1.5079571e+00   5.0422236e-01   1.5056048e+00   1.1802031e+00  -7.5941481e-01
   2.0000000e+00  -9.5552281e-01   2.3090734e-01  -1.0055494e+00   1.8492916e+00  -3.8481343e-01  -1.1868013e+00
   2.0000000e+00   1.5988765e+00  -5.7128877e-01  -2.0304154e+00   5.5209446e-01   1.6882655e+00  -6.8417497e-01
   1.0000000e+00   4.4318344e-01   2.1766075e+00   8.9253214e-01   3.5732522e-01  -6.7164308e-01  -1.1285472e+00
   2.0000000e+00  -1.6322002e+00   7.1055004e-01   1.9801703e+00  -2.8530677e-01   5.2398357e-01  -3.3303859e-01
   2.0000000e+00   1.1146528e+00   3.0343223e-02  -1.8828129e+00  -6.0688138e-01  -3.2484248e-01   5.1978155e-01
   2.0000000e+00  -7.7717709e-01   8.5847548e-01  -1.1578623e-01  -1.1210998e+00   5.2506037e-01  -1.6109866e+00
   1.0000000e+00   5.0492775e-01  -6.7771440e-01   1.4168371e-01   1.6862154e+00  -2.2854230e-01  -4.0996737e-01
   2.0000000e+00   3.6005484e-01  -9.5678622e-01  -1.0124712e-01  -1.1380957e+00  -2.2330467e-01   2.7383318e-01
   2.0000000e+00   4.5189840e-01   4.5305793e-01  -1.2910512e+00   1.2634738e+00  -6.7071824e-02   6.4330134e-01
   2.0000000e+00   1.9161230e-01   4.5748790e-01   1.3637106e+00   1.6347493e-01   1.1617286e+00  -2.5268943e-01
   2.0000000e+00  -1.1489517e+00  -2.4728563e+00  -6.7753733e-02  -5.9898148e-01  -2.1134174e+00  -3.6271372e-01
   2.0000000e+00  -3.1727286e-01  -7.5793078e-02  -4.9956061e-01   4.5267311e-01  -2.0636183e+00   2.2826505e+00
   2.0000000e+00   3.4906461e-01   3.8349019e-03  -4.2238685e-01   2.7061386e-01   8.5410181e-01  -1.1550011e+00
   2.0000000e+00  -2.4629876e-01  -2.0234118e-02  -1.7880107e+00   8.6537294e-02   1.3037346e+00  -7.6645460e-01
   2.0000000e+00   1.3233213e-01   2.1754285e+00  -6.2698579e-01   1.5414332e+00  -4.4002183e-01   1.5496466e+00
   2.0000000e+00  -9.1458858e-02  -2.9976722e-01  -1.4908646e+00   1.1110022e+00   1.6593563e-01  -8.7946833e-01
   2.0000000e+00  -1.3492076e+00   3.9750243e-02  -1.4674522e+00  -2.1226339e+00  -1.4521267e+00  -1.0332059e-01
   2.0000000e+00  -6.1360804e-01   6.0810886e-01   1.9279180e+00   9.8965869e-01   1.7945870e+00   6.3836131e-01
   1.0000000e+00  -5.0437787e-01  -8.1756523e-01   2.4884174e-01   1.1090913e+00  -7.7428306e-01   3.1752685e-01
   1.0000000e+00  -4.6545996e-01  -7.3741337e-01   7.5554270e-01  -1.5931159e-02   2.2327014e-01  -1.9020397e+00
   2.0000000e+00   1.2447798e+00   1.1505927e+00  -1.3282760e+00   5.8513618e-01   1.1879845e+00  -1.3098151e+00
   2.0000000e+00   4.2164957e-01  -4.1709422e-01   1.4482767e+00   1.4598400e+00   5.8173522e-01  -7.5290501e-01
   2.0000000e+00  -5.7414002e-01  -1.9623791e-01   1.0699292e+00   1.7433517e+00   1.5283074e+00  -5.5593003e-01
   1.0000000e+00   2.8986550e-01  -8.4652186e-02   7.3865218e-01   7.3179410e-01  -3.7727561e-02   1.8509124e-01
   2.0000000e+00   4.8911508e-01   1.7927775e+00   9.9811134e-01  -4.9069073e-01   3.7723734e-01   8.7751767e-01
   2.0000000e+00  -1.6865907e+00  -1.7254315e-01   2.2285335e+00  -1.4672397e-01  -9.5794034e-01  -9.7574089e-01
   2.0000000e+00  -2.5297597e+00  -5.3209279e-01   1.9467111e-01  -7.3458572e-01   1.1958440e+00  -1.1088978e+00
   2.0000000e+00   2.1129977e+00   1.2407147e+00   1.7207249e+00   1.3440929e+00  -4.9778024e-01  -1.1708027e+00
   2.0000000e+00   8.5112013e-01  -8.6331967e-01  -2.7144788e-01  -2.4792368e-01  -3.7772565e-01   3.2887824e-01
   2.0000000e+00   4.2277389e-01   1.2864971e-01   1.9286619e+00  -2.5839210e-01  -2.4747300e+00   4.3829293e-01
   2.0000000e+00   4.3003197e-01   1.2323632e+00  -1.3428647e+00   1.5809777e+00   9.5487299e-03  -1.5176766e+00
   1.0000000e+00   8.9342370e-01  -2.6373492e+00   1.2219079e-01  -2.3137433e-01  -1.2530212e+00   6.7958486e-01
   2.0000000e+00  -6.5985369e-02   8.3555643e-02  -6.4821346e-01   1.1220135e+00  -7.2430450e-01  -6.4665487e-01
   1.0000000e+00  -2.7644927e-01   1.0428355e+00   5.8343768e-01  -1.4131130e+00  -1.0392556e+00  -3.1163783e-01
   2.0000000e+00   1.3537746e+00   4.2974706e-01  -2.1086978e-01  -3.0340287e+00   4.3542872e-01  -2.8984104e+00
   1.0000000e+00   5.3613922e-01  -1.5571148e+00   6.4288091e-02  -1.4068466e+00   3.1809356e-01  -7.5854452e-01
   2.0000000e+00   5.2084457e-01   1.5155340e+00  -7.5250169e-01   2.6625363e+00  -2.4257865e-01   9.8653923e-01
   2.0000000e+00  -6.2798123e-01  -7.4703639e-01  -2.1793158e+00  -6.8676667e-02  -5.4485467e-01   1.8662238e+00
   1.0000000e+00   3.1543824e-01   9.5650874e-02   2.5694068e-01   1.3005566e+00   1.9624615e-01   9.1707985e-01
   2.0000000e+00   1.2160316e+00   3.9537064e-01  -9.7248968e-02   7.9589749e-01   4.3791295e-01  -9.8040349e-02
   2.0000000e+00   9.5925513e-01  -4.4163818e-01   1.5951536e+00  -2.9120327e-01  -2.3573678e+00   1.0167318e+00
   2.0000000e+00  -3.8408950e-02   4.7971280e-01   1.0802314e+00  -3.3470988e-01   4.6851251e-01  -5.9227475e-01
   2.0000000e+00   8.0749490e-02  -6.7487575e-02  -1.7405477e+00  -1.1418583e+00  -5.8806953e-01  -1.9930060e+00
   1.0000000e+00  -3.0961426e-02  -4.1361050e-02   6.2218815e-01   1.1992574e+00   4.7727329e-02  -1.1416365e+00
   2.0000000e+00  -1.7013214e-01   2.0112824e-01  -5.5973481e-01   1.9080207e+00  -1.8582199e+00  -4.4728960e-01
   2.0000000e+00   3.0453648e-01   1.1885022e+00  -1.3892938e+00  -3.3534949e-01  -5.3801575e-01  -1.3469943e+00
   1.0000000e+00   7.0515239e-01  -7.3779112e-01   2.1555118e-01  -4.4993714e-01   9.3760267e-01  -2.1602523e+00
   1.0000000e+00   2.6043856e-01  -2.8020604e-01   7.6410356e-01   2.1335236e-01   1.0229417e-01  -1.1523138e+00
   2.0000000e+00   7.9485919e-03   2.4669582e-02  -1.2279967e+00  -1.5974225e+00  -1.8226213e+00   8.5530883e-01
   1.0000000e+00  -2.2114502e-01   1.1730289e+00   6.1068270e-01  -1.4715886e+00   7.2364727e-01  -2.2527070e-01
   2.0000000e+00  -3.4597878e+00  -1.3844948e+00  -4.2343433e-01  -5.9633597e-01  -9.0252604e-01  -1.2087087e-01
   2.0000000e+00  -1.5027745e+00   9.5688035e-01  -2.5996343e-02   5.5453074e-02   5.2386345e-01  -2.0705058e+00
   2.0000000e+00   1.1398040e+00  -1.4103431e+00   3.1388932e-01  -1.2310605e+00   7.7609500e-01   7.9171071e-01
   1.0000000e+00  -8.7068048e-01  -6.4291668e-01   4.4498419e-01  -6.7013672e-01   1.4252283e+00  -7.0386654e-01
   1.0000000e+00   2.0692794e-01   2.7323559e-02   7.2073736e-01  -1.1197062e+00   6.3265048e-01   1.4566740e+00
   2.0000000e+00  -1.4622979e+00   1.4761692e-01  -1.3583007e+00   1.8469698e-01   1.9505506e-01  -1.1113753e+00
   2.0000000e+00  -1.3745076e+00   6.6593811e-01   3.1339172e-01   4.3616249e-01   2.1241294e+00   1.4579163e+00
   1.0000000e+00   4.5284081e-01   4.4479696e-01   6.4367313e-01  -6.0847677e-01   2.6846767e-01  -2.0794169e+00
   2.0000000e+00  -1.6223747e+00   1.2209899e-01   2.5511537e-01   5.0561344e-01  -5.4230300e-01   6.4376462e-01
   2.0000000e+00   1.6002146e+00   1.5730758e-01   1.4159551e+00  -8.3200206e-02  -4.5626185e-01   2.9265033e-01
   2.0000000e+00   2.0221625e+00   1.3810157e-01   5.8391060e-01  -6.1125402e-01  -6.7694815e-01   6.2271859e-01
   2.0000000e+00   1.2110899e-01   4.1999322e-01  -1.8256450e+00  -5.1415878e-01   1.2051144e+00  -1.1128142e+00
   2.0000000e+00  -3.4030627e-01  -1.0454185e+00  -3.2863672e-01  -8.9131530e-01   5.0692468e-01   1.0083977e+00
   2.0000000e+00   2.8612347e-01  -1.8879926e-01   1.1928223e+00  -4.0030742e-01   7.2409464e-01  -1.4661711e-01
   2.0000000e+00  -1.2332367e+00  -7.0037634e-02   4.1412925e-01  -8.5196116e-01  -2.7082982e+00   2.9007730e-01
   2.0000000e+00   2.4585356e-01  -3.5760053e-01   1.4631341e+00  -7.2904106e-01   2.7258742e-01   1.5297858e+00
   2.0000000e+00   1.2416944e+00   1.1722805e+00  -6.3174029e-01  -8.7061451e-01  -1.0536459e+00   7.0505625e-01
   1.0000000e+00  -4.5504328e-02  -9.3068203e-01   3.5559607e-01  -2.0354128e-01   1.9748575e-03   7.4735357e-01
   2.0000000e+00   6.6082279e-01  -3.7747596e-01  -5.5447513e-02  -8.7420631e-01   1.6944053e+00  -2.0786433e+00
   2.0000000e+00   9.3367870e-01   2.0460970e+00   1.1399083e+00   1.3119629e+00  -2.9621479e-01  -6.9963130e-01
   2.0000000e+00   8.6560909e-01  -1.5414864e+00  -5.4811578e-01  -2.9486624e-01  -3.9855112e-01  -1.3286517e-01
   2.0000000e+00  -1.7471939e+00  -5.1447872e-01   1.1158244e+00   6.8334731e-01  -2.1177531e+00   5.2340207e-01
   2.0000000e+00  -9.4779112e-01  -1.6046036e+00  -9.4688988e-01   1.1062568e+00  -1.0410558e-01  -1.6403894e+00
   2.0000000e+00   2.0886188e-01   2.7095970e-01  -1.1487689e+00   8.0568899e-01   2.7061185e-01  -1.1696946e-01
   2.0000000e+00  -5.4054533e-01   3.3228924e-01  -3.7991915e-01  -2.6120446e-02   2.2370451e+00   1.7938654e+00
   2.0000000e+00   6.8946881e-01  -9.2273850e-01   7.5158131e-01  -1.4980349e-01  -1.7100025e+00   1.5190249e+00
   2.0000000e+00  -1.2072237e+00   1.0368111e+00   8.8062031e-02   6.6626052e-01  -1.9065493e-01   1.0642250e-02
   2.0000000e+00  -9.2363062e-01   5.5681547e-01  -1.1000608e-01   5.3614632e-01   9.2510654e-01  -6.5750098e-01
   1.0000000e+00  -8.3573438e-01  -4.7349111e-01   1.9921141e-01  -7.2445041e-01  -5.2095497e-01   1.8756344e+00
   2.0000000e+00   6.1150027e-01   9.5970236e-01   1.5834407e+00   1.5200875e+00  -1.4638085e-01   1.2465712e+00
   2.0000000e+00  -2.5568480e-01   7.3019764e-01   1.3507510e+00   8.3550801e-01  -1.2755830e+00  -1.1477451e+00
   1.0000000e+00   2.5675156e-01  -1.3894035e+00   8.8722646e-02  -5.3212269e-01  -3.9461042e-01  -4.9794794e-01
   2.0000000e+00  -1.1945212e+00   9.7683234e-01   1.0581909e+00   3.8503851e-01   2.8565651e-01   2.8476716e-01
   2.0000000e+00   4.1396680e-01  -1.3997968e+00  -8.4372228e-01   1.4301718e+00   5.4336893e-01   8.5352166e-01
   2.0000000e+00   5.4788338e-01  -3.3488978e-01   1.3241146e+00   9.9919800e-01   7.4265469e-02   1.1012028e+00
   2.0000000e+00  -6.8133002e-01  -1.6673090e+00   1.0682943e+00  -2.9366522e-01   3.9975127e-01   1.9759726e-01
   2.0000000e+00  -7.8944831e-01  -1.3294066e+00   1.4236208e+00   3.0991045e-01  -6.8450461e-01  -7.3725031e-01
   2.0000000e+00   4.7738661e-01   1.2670221e+00   1.4485144e+00   1.1452856e+00  -9.3238869e-01   9.8654814e-01
   2.0000000e+00  -7.1606574e-01  -8.9435061e-01   2.0629416e+00   3.6054604e+00   1.9775297e-01  -1.3025708e-01
   2.0000000e+00   5.2299328e-01   9.3253675e-01  -1.5666147e-01  -1.6288257e-01  -6.2707111e-01   1.1078983e+00
   2.0000000e+00  -5.1717441e-01  -6.5506241e-01  -8.5854655e-01   2.4708509e+00  -3.5968469e-02   6.3861589e-01
   2.0000000e+00  -4.5079325e-01  -2.4725570e+00  -1.4967034e+00  -1.6281477e+00   5.0921021e-01   1.8728030e+00
   1.0000000e+00   7.7474905e-01  -1.0778725e+00   3.9753794e-01   8.0324337e-01   3.1420037e-01   1.3943708e+00
   2.0000000e+00  -1.0183169e+00  -4.5057308e-01   7.1299900e-02   6.9532703e-01   1.4260772e+00   4.0370932e-01
   2.0000000e+00  -1.4212888e+00  -5.9324363e-01  -1.0036171e-01   3.2190917e-02  -1.6294727e-01   5.5193272e-01
   2.0000000e+00  -1.1686643e+00   6.8818057e-01  -4.0287493e-01   6.1736718e-02   7.8481361e-01  -9.9929384e-01
   2.0000000e+00  -1.0053812e+00   9.3157436e-02  -2.4669913e-02  -1.1286986e-02  -6.0237175e-01  -2.1061768e-01
   2.0000000e+00   6.1030830e-01  -9.6598045e-01  -7.5469033e-01   1.0284424e+00  -1.6224945e+00   3.0038373e-01
   2.0000000e+00   2.1433433e+00  -2.3364691e-01   7.6345612e-01   5.5681244e-01   2.8409975e+00  -1.1442271e+00
   2.0000000e+00  -1.0070528e+00   1.0602583e-01  -7.9568438e-01  -5.9997822e-01   9.7756315e-02   3.7132467e+00
   2.0000000e+00   1.5093827e+00  -1.4932407e+00  -8.7536617e-01  -1.7847178e-01  -1.8157113e-01   6.6446528e-01
   2.0000000e+00  -1.2959698e-01   3.8382511e-01  -2.0866929e-01  -1.6277813e+00  -1.5873033e-01   1.4398671e-01
   2.0000000e+00  -8.7156566e-01   7.2951772e-01   7.6388308e-01  -8.0218872e-02  -4.2755359e-01  -1.9797399e-01
   2.0000000e+00  -7.5226673e-01  -1.4202913e+00  -1.6701619e+00   8.0325592e-02  -1.3826771e+00  -5.9761057e-01
   2.0000000e+00  -2.1879555e-01  -3.2542437e-01  -1.3320707e+00  -2.7415743e-01  -1.6081547e+00   7.0499618e-01
   1.0000000e+00  -1.1940209e-03   8.5667902e-01   2.3757874e-01  -3.5347578e-01  -2.9860250e-01   3.3356625e-01
   2.0000000e+00   7.1361278e-01   5.2957699e-01  -6.5194613e-01  -1.3905068e+00  -1.2485490e+00  -4.6053815e-01
   1.0000000e+00   7.0786613e-01  -2.4395771e+00   3.4110009e-01   3.1274987e-01  -3.4602624e-01  -9.9516323e-01
   2.0000000e+00  -3.4061105e-01   5.5815244e-01  -5.4932581e-01   4.4776092e-01   9.9692365e-01   5.4826016e-01
   2.0000000e+00  -6.6702570e-01   1.1805770e+00  -1.5968722e-01   4.4418879e-01  -1.8254518e-01  -6.4222035e-01
   2.0000000e+00   1.2693496e+00  -1.0157359e+00   3.6289181e-03  -1.3172357e-01  -3.8031211e-02   1.2888853e+00
   2.0000000e+00  -4.2579903e-01  -1.8408888e+00  -8.4879474e-01  -1.1935661e+00   1.0220066e+00  -1.0602952e+00
   2.0000000e+00   1.8261054e+00  -1.1118295e-01   1.7549297e+00  -4.2032744e-01   7.8087468e-01   1.9722432e-01
   1.0000000e+00   2.0727162e-01   3.9602503e-01   4.9079243e-01  -1.5201965e+00  -5.5961932e-01  -2.7996717e-01
   2.0000000e+00   1.4481100e+00   1.0416914e+00   6.5559578e-01  -3.6901731e-01  -2.5769599e-01  -1.7639421e-01
   2.0000000e+00   3.6305655e-02  -1.4956401e+00  -3.4746678e-01   4.4588941e-01   6.5036001e-01   1.4455148e+00
   2.0000000e+00   1.9326258e+00   6.4910684e-01   2.4229005e-01  -1.0970216e+00  -1.6743630e+00   1.5804701e+00
   2.0000000e+00  -9.7650645e-01  -8.5856539e-01  -8.8272362e-01  -1.8985984e-01  -1.1611011e-01  -1.9449297e+00
   2.0000000e+00  -3.2384847e-01  -1.3587110e+00  -1.3082502e+00  -2.2392789e+00   1.0761619e+00  -1.0117812e+00
   1.0000000e+00   5.3089517e-01  -3.2683109e-03   2.6832952e-01   1.1579424e+00   8.7067175e-01  -4.3255548e-01
   2.0000000e+00   1.3125989e+00   1.0245270e+00  -5.0174428e-01  -8.2311699e-01   6.6455519e-01   1.8296929e-01
   2.0000000e+00  -5.5463672e-01   1.4911013e+00  -1.2147585e+00   6.9748904e-01   2.3192404e+00  -4.2671947e-01
   1.0000000e+00   4.9102495e-01  -2.8716019e-01   7.6355877e-01   2.5576742e-01  -8.4971514e-02  -4.0215275e-01
   2.0000000e+00   2.2827837e+00  -1.5911926e+00  -2.7170059e-01   1.7246886e+00   6.2529479e-01  -1.0956084e+00
   2.0000000e+00   7.8782451e-01  -1.2022698e+00   8.2990745e-01  -2.5317140e-01   3.6526805e-01   2.6917077e-02
   1.0000000e+00  -7.1038560e-03   3.7631930e-01   1.3446847e-01   9.3636758e-01  -1.0116701e+00  -2.7507432e-01
   2.0000000e+00  -1.9843388e-01   3.3866358e-01  -2.0459242e+00  -7.5858178e-02  -2.8511134e-01   2.0226239e-01
   2.0000000e+00  -4.9750183e-01  -9.5326714e-01  -7.4629210e-02   3.0015510e-01   1.8714804e-01   1.3425951e+00
   1.0000000e+00   4.8708159e-02  -3.7272764e-01   5.3470303e-01  -1.0870126e+00  -7.3471181e-01  -3.4570555e-01
   1.0000000e+00   4.2560990e-01  -1.3844077e+00   3.5192357e-01  -3.0341122e-01   3.9927774e-01  -2.8561393e-01
   2.0000000e+00   7.2041653e-01  -3.3706783e-01   1.3910315e+00  -1.8644012e+00  -5.3926859e-01  -3.6406813e-01
   1.0000000e+00   7.7819235e-01   6.7101780e-01   6.1234588e-01  -3.4842675e-01   1.3831871e+00  -3.6497753e-01
   2.0000000e+00   9.1048582e-01   3.2888806e-01   9.3682939e-01  -7.6392653e-01   7.7788064e-01  -2.2861920e-01
   2.0000000e+00  -1.0859239e+00  -8.7025250e-01   2.0853434e+00   1.8925522e+00  -8.7948668e-01   6.9754122e-01
   2.0000000e+00   2.0147893e-02  -6.7609740e-01  -6.7834777e-01  -1.1565569e+00  -9.6679986e-02  -6.5328251e-02
   2.0000000e+00   1.0001912e+00  -8.4019935e-01   1.3356579e-01   2.4384714e-02   1.7511648e-01   1.1319838e+00
   2.0000000e+00   3.2680985e-01   3.8988988e-01   5.9796237e-01  -4.3691829e-01   2.0848472e+00  -4.1248473e-01
   2.0000000e+00  -1.1691966e+00  -2.5834152e-01   2.2155218e+00   6.5497846e-01  -9.7454701e-02   1.3998445e+00
   2.0000000e+00   1.2362490e+00  -2.1252394e-01   5.4435623e-02  -4.9703325e-01  -3.6981580e-01   9.0181873e-01
   2.0000000e+00   8.5017448e-01   1.0692502e+00   1.0254455e+00   7.4015518e-01  -4.4038223e-01  -3.3598969e-01
   1.0000000e+00   2.0896246e-01  -9.0538783e-01   1.6246547e-01   5.1582000e-01  -1.0967334e+00  -2.7604286e-01
   2.0000000e+00  -6.3597256e-01   1.7759261e+00  -2.8123148e-01  -6.2996589e-01  -1.1488768e+00  -1.0425574e+00
   2.0000000e+00   8.8872558e-01  -5.8294467e-01   6.6154329e-01   1.0444352e+00  -1.6114993e+00  -1.8644268e+00
   2.0000000e+00  -8.9878114e-01   2.9872595e-01  -6.6853792e-02   6.4677431e-01  -1.0062104e-01  -2.0625677e+00
   2.0000000e+00  -1.9997330e+00  -1.4925398e+00   1.5679007e+00  -5.7541007e-01  -5.6636445e-01   2.2767213e+00
   2.0000000e+00  -6.7263546e-01   1.1779992e+00  -7.0243142e-02   3.9130150e-02  -2.0149380e-01  -5.8319657e-01
   2.0000000e+00   1.5764448e+00  -6.7170022e-02  -2.0056293e-01   2.7577228e-01  -5.9330653e-01   7.0297362e-01
   1.0000000e+00  -7.7971506e-01  -9.9279201e-01   6.0657217e-01  -1.2456535e+00   1.0655524e+00   4.7406731e-01
   2.0000000e+00   1.2350262e+00   2.2560625e+00   2.1156610e+00  -1.1796683e+00   5.0724604e-01  -6.4056922e-01
   2.0000000e+00   1.3137937e-02   1.6204984e+00   1.5531126e+00   1.1571161e+00   1.0910892e+00  -2.9108424e-01
   2.0000000e+00   1.3531135e-01   6.9576734e-01  -2.5464254e+00   1.4466409e+00  -5.2959591e-01  -2.1827953e+00
   2.0000000e+00   1.1938052e+00   5.2752163e-01  -1.3536418e+00  -8.9996358e-01   1.8468225e+00   1.0537786e+00
   2.0000000e+00  -4.8163350e-01  -9.2563146e-01   1.3086841e+00  -9.6307842e-01  -2.2286646e-01  -6.1798464e-01
   2.0000000e+00  -6.2202500e-01  -8.5999519e-01  -2.6100289e-01  -8.5769028e-01   8.2014488e-02  -9.4363308e-01
   2.0000000e+00  -3.4241644e-01  -5.3983552e-01  -1.6381307e+00  -1.4996401e+00   1.3409792e+00   1.0431647e+00
   2.0000000e+00  -2.1939436e-01   1.1894869e+00  -6.5042402e-01  -1.3183360e-01   2.0523668e+00  -1.7036342e+00
   1.0000000e+00   4.5704699e-01   3.9138764e-02   1.0809982e-02   1.3470413e+00   1.0682068e+00  -4.3914700e-01
   2.0000000e+00  -8.1639019e-01  -7.9973460e-02  -1.3892490e+00   1.4652365e-01  -5.0732542e-02  -5.9895441e-01
   2.0000000e+00   8.9495855e-01   4.0984463e-01  -9.8531597e-01  -1.2905561e-01  -4.8771056e-01   8.6139962e-02
   1.0000000e+00  -8.1008350e-01  -8.0138099e-01   2.0146266e-01   9.7755029e-01  -3.2285726e-02   1.0628031e+00
   1.0000000e+00   3.3291930e-01   1.1424639e+00   5.1796068e-01   1.1508625e+00  -1.0307548e+00   4.7161660e-01
   2.0000000e+00   1.6045858e+00   4.9227953e-01   1.0533667e+00   8.9734568e-01  -5.9192967e-02  -1.3044066e-01
   2.0000000e+00  -6.9387960e-01  -4.3578002e-01  -1.0996338e+00  -9.2593787e-01   3.6381085e-02  -1.2105210e+00
   2.0000000e+00   4.9653646e-01   4.4837319e-01   1.0507300e+00  -2.4749178e-01   2.4222443e-01  -7.7693512e-01
   2.0000000e+00   5.2107957e-01  -2.1988050e+00   1.7124118e+00  -1.4573692e+00   1.4977741e-01  -1.1630562e+00
   2.0000000e+00   3.3067941e-01  -7.1363442e-01  -7.6816621e-01   1.3939358e+00   6.4526047e-01  -8.6952236e-01
   2.0000000e+00  -1.0474527e+00  -6.8513035e-01  -1.9236780e+00  -1.3625385e-01   1.9092800e+00  -1.3965554e+00
   2.0000000e+00   1.3270334e+00  -4.4191842e-01  -1.5427680e-01  -1.5348600e+00  -1.0088599e+00   5.3835615e-01
   2.0000000e+00  -1.5905491e+00   4.9162352e-01   2.5528073e-01   1.0222471e+00  -2.1582426e-01  -1.3788208e-01
   2.0000000e+00   9.2106068e-01   1.2614661e+00   5.6502579e-01  -5.4814538e-01   2.8774725e-01  -1.4523222e+00
   2.0000000e+00  -7.1587056e-01  -1.8873210e+00   1.0110647e+00   1.4132035e+00   1.1110189e+00   1.9634028e-01
   2.0000000e+00  -2.3435908e-01  -6.5033506e-01   1.2571790e+00  -7.3245674e-01  -1.3750808e+00  -1.2494376e+00
   2.0000000e+00  -1.1218677e-01  -1.1232626e+00  -1.3483385e-01   1.1332511e+00   4.6861219e-02  -7.3059170e-01
   2.0000000e+00  -1.7339694e+00   1.1138983e+00  -1.0826632e+00   1.2818652e+00   4.8087943e-01  -9.6951500e-01
   2.0000000e+00  -2.5762852e+00   1.1636427e+00  -1.7866547e+00   1.5940293e-01   1.6990758e+00  -1.0002713e+00
   2.0000000e+00   1.5590910e+00  -6.5889076e-02  -7.5374756e-01  -7.5177090e-02   8.5981469e-01   1.1024113e+00
   1.0000000e+00   5.9505418e-01   9.4529837e-01   4.9478816e-02   1.4541913e+00  -8.2072675e-01  -7.9734596e-01
   2.0000000e+00   5.1466225e-02   1.6197857e-01  -1.0643221e+00  -5.1015411e-01  -2.2714470e-01   2.9641581e-02
   2.0000000e+00   7.5249302e-01  -9.5299421e-02  -1.6811139e+00   7.4503260e-01   1.1291171e-01  -6.1702251e-01
   2.0000000e+00   1.0270812e+00   1.3802751e+00   4.3005257e-01   6.5712870e-01  -6.5210542e-01   1.3164338e+00
   2.0000000e+00  -1.3947762e+00  -3.7877444e-01   3.1299878e-01   1.8213358e+00  -1.5022529e+00   6.4000594e-01
   1.0000000e+00  -3.3914928e-02   5.5140981e-01   7.4797851e-01   5.1772264e-01  -5.9420666e-01  -8.7647875e-01
   1.0000000e+00   4.7815353e-01  -8.6342018e-01   6.1334999e-01   2.7121629e+00   8.3177985e-01   3.7505970e-01
   2.0000000e+00  -1.3199043e+00  -1.2455012e+00  -1.0151867e-02  -5.6140065e-01   6.8685508e-01  -4.2806311e-03
   2.0000000e+00  -1.8780317e+00  -1.0181455e+00   1.7134165e+00  -8.9357919e-01   1.2979089e+00   2.2109458e+00
   2.0000000e+00  -1.7260759e+00   9.0151945e-01  -4.8107707e-01   6.4628078e-01   8.8794569e-01   2.5900301e-01
   2.0000000e+00  -8.6284841e-01   7.8713046e-01  -9.2711396e-01   9.6464876e-01   1.0228659e-01   6.9610289e-02
   2.0000000e+00   1.1256360e+00   8.3840481e-01  -1.3397190e+00  -1.0745300e+00  -1.1414544e+00  -2.2566952e+00
   2.0000000e+00   6.0248285e-01   4.8518228e-01   8.7501207e-01   1.1176270e+00  -8.2842860e-01   4.6489574e-01
   2.0000000e+00  -2.4194752e+00   1.1945179e+00   1.2575441e+00   8.9203070e-01  -1.1068430e+00   1.3684304e-01
   2.0000000e+00   5.9566178e-02  -2.4233102e-01  -3.4059259e-01  -5.8916816e-01  -5.8865817e-03   6.7877049e-02
   2.0000000e+00   8.9890695e-01  -4.4848789e-01  -8.3690899e-01  -7.7447844e-02   3.7733636e-01   3.3023261e-01
   2.0000000e+00  -4.2756453e-01  -2.7276501e+00   9.5802932e-01   1.3486927e+00  -5.3304680e-02   1.5038811e+00
   2.0000000e+00  -1.9555872e+00  -1.9410824e+00  -1.9124917e+00   1.3524740e+00   1.0121003e-01  -1.2778200e+00
   1.0000000e+00   9.4546270e-01  -8.6575094e-01   1.3452498e-01   4.5847873e-01   4.9304673e-01  -5.6050289e-01
   2.0000000e+00   1.1092215e+00  -1.1407198e+00  -5.7821366e-01   6.1796961e-01  -1.5488425e-01   1.9420231e-01
   2.0000000e+00   1.5693577e-01   7.9853739e-01   1.4337286e+00  -1.9064097e-03   1.4820963e+00   2.3933717e+00
   2.0000000e+00   1.4523889e+00   1.8732605e-01   3.7300416e-01  -2.5711429e-01   7.9712584e-01   1.4863287e+00
   2.0000000e+00   3.0623672e-01   3.6932925e-01   1.0117424e+00  -1.4041992e+00   1.3706915e+00  -2.0771073e-01
   2.0000000e+00   1.8141208e-01   6.5960138e-01   9.8562306e-01   9.3697170e-01   4.2058768e-01  -3.9127636e-01
   2.0000000e+00   1.0686939e+00  -6.1671048e-01   1.1911478e+00  -1.0282428e+00   3.5434275e-01   1.0175224e-01
   2.0000000e+00   4.1078778e-01   1.3058102e-01  -1.0799803e+00  -4.2522263e-01  -7.9104725e-01   1.5162027e+00
   2.0000000e+00  -2.0000100e-01  -1.4785162e+00  -9.5903470e-01  -4.9138810e-01   4.7585795e-01   3.0590462e-01
   2.0000000e+00   9.7539066e-01   8.8553475e-01   2.3053146e-01   3.8292473e-01  -9.5361374e-01   3.3670011e-01
   2.0000000e+00   1.3907460e+00   3.9846467e-01  -9.5058900e-01   1.6881087e+00   6.9004597e-01   2.9152846e-01
   2.0000000e+00   1.2648134e+00  -4.4834702e-01  -3.4402057e-01   1.1401472e-01  -1.2618851e-01  -1.1360308e-01
   1.0000000e+00   7.2765105e-01   9.2061116e-01   6.5619184e-01   2.0515089e-01   1.0279366e+00  -7.5335826e-01
   2.0000000e+00   1.0664535e+00  -3.3718697e-01  -3.8779511e-01   1.3040829e+00  -7.7843808e-02   3.2411859e-01
   2.0000000e+00   6.6286743e-01   3.6746427e+00  -6.7406743e-02   1.5070658e+00  -4.3824391e-01  -5.7053284e-01
   2.0000000e+00   6.6994519e-01  -1.2937154e+00  -2.9072456e-01  -3.2372285e-02  -4.0442473e-01  -1.8908786e+00
   1.0000000e+00  -2.9284866e-02  -1.4344486e+00   5.0628261e-01   1.6605406e+00  -1.2185808e+00  -1.6739003e+00
   2.0000000e+00  -1.7337601e+00  -1.0262575e-01   1.9025657e-02  -9.9323734e-01   2.7326739e-01   8.4261176e-01
   2.0000000e+00   9.2377816e-01   8.7253199e-01   5.4803820e-01  -1.4494078e+00  -5.6586741e-01  -1.0745244e-01
   2.0000000e+00  -1.1439801e+00   1.4284171e-01   3.6598182e-01  -1.0324827e+00   6.1423644e-01  -4.8469022e-01
   2.0000000e+00   8.2017677e-01   6.1225747e-01   5.8161011e-01  -6.0981712e-01   1.8217940e+00  -1.5568370e+00
   2.0000000e+00   1.0689990e+00   2.4621667e+00   6.6515142e-02   2.3712889e+00   2.2774890e+00  -8.9184021e-01
   2.0000000e+00   2.0606154e-01  -5.8949945e-01  -2.5688987e-01  -3.0870351e-01  -5.0574441e-01  -6.3005672e-01
   2.0000000e+00  -1.4885053e-01  -1.8369048e-01  -2.3271571e+00   2.1107277e-01   2.8683933e-01   1.7104105e+00
   2.0000000e+00  -8.9804951e-01  -1.7032052e+00   1.2873849e+00  -2.5704605e-01  -6.1823122e-01   1.4677509e+00
   1.0000000e+00  -4.8645172e-01   1.3341533e+00   1.3248101e-01   9.8310110e-01   6.6132194e-01  -6.2485293e-01
   2.0000000e+00  -5.8690352e-01   2.5759665e-01   9.2948934e-01   7.8112475e-01   3.4172176e-01   9.4165184e-01
   1.0000000e+00  -9.4727837e-02  -1.7673600e+00   7.9702822e-01   2.5010798e+00   1.4149502e-01  -2.2064004e-01
   2.0000000e+00  -6.6550372e-02   1.8860135e+00  -1.1427834e+00   1.4743318e+00  -2.7040851e-01   8.5334450e-01
   2.0000000e+00   1.1044908e-01   8.7312918e-01   1.3698305e+00   4.7254223e-01  -1.7493224e-01  -1.2952977e-01
   2.0000000e+00  -2.0657680e-01   4.7254363e-01  -1.2800847e+00   4.9614362e-01  -2.6323027e-01   1.8235743e+00
   2.0000000e+00   2.9073896e-01  -1.2457399e-01  -1.3704755e+00   3.2549939e-01  -6.5880957e-01  -1.4501718e+00
   2.0000000e+00  -2.2637981e+00  -1.1822222e+00   1.9304776e+00   7.9681674e-01   2.1998786e+00   4.1241380e-01
   2.0000000e+00  -1.0169430e+00  -1.9075255e+00   1.8553600e-01  -2.9711067e-01  -7.8006370e-03  -6.4933258e-01
   2.0000000e+00   1.5877008e+00  -2.9253368e-01  -7.3088962e-01  -1.2669620e+00   4.0489088e-01   4.1961300e-01
   2.0000000e+00  -2.1176230e+00   6.7242870e-01  -1.0750753e+00  -4.3930522e-01  -1.5608107e+00   5.0183646e-01
   2.0000000e+00  -1.0252454e+00  -5.8249111e-01  -2.5142353e-01   4.0542362e-01  -2.1719188e-01   9.7345008e-01
   2.0000000e+00  -1.3485906e-01   1.0286523e+00  -1.6341688e-01   1.4688863e+00   8.0165526e-02  -1.0870430e+00
   2.0000000e+00   1.7952679e+00  -1.0921367e+00  -5.6503826e-01   1.3393537e-01   6.4834048e-01   1.4402855e+00
   2.0000000e+00   7.2432658e-01   8.5517089e-01   8.0755503e-01  -4.5339196e-01  -2.2024405e+00  -4.5664023e-02
   2.0000000e+00  -1.7415835e-01  -6.8986650e-01   2.0159868e+00   1.0203236e+00  -5.3735119e-01  -7.3454661e-01
   1.0000000e+00   4.2071643e-01   1.6719782e+00   8.7385519e-01   4.9443011e-01  -8.9918406e-02   6.0043868e-01
   2.0000000e+00  -1.0806598e+00  -1.5962073e+00   2.0746030e-01   1.1845174e+00  -1.7964241e+00   1.0241881e+00
   2.0000000e+00  -6.6725368e-03  -2.0923741e-01  -8.7083802e-01   7.7927415e-01   2.5982197e+00   1.3369533e+00
   2.0000000e+00  -2.1195529e+00   2.1072934e+00   1.2591092e+00   6.0125383e-01  -7.7419066e-01   4.4134880e-01
   2.0000000e+00   2.2749456e-01  -1.5714647e+00  -1.0750549e+00   8.7995244e-01   8.4724111e-01  -4.5904584e-01
   2.0000000e+00   9.4013368e-01   1.5783957e+00  -5.4719713e-01   2.8258935e-01   6.8617881e-01  -1.0515532e+00
   2.0000000e+00   3.7814695e-01  -2.7199777e+00  -5.6640508e-01   2.7968411e-01  -2.0658406e-01   1.8719680e-01
   2.0000000e+00   1.1430440e+00  -3.7463413e-01  -8.7141675e-01   8.9296575e-01  -1.4056847e-02  -2.6077320e-01
   2.0000000e+00   5.9095654e-01  -2.6696503e-01  -1.0707093e-01   1.1292085e-01   1.4311485e+00  -8.7869592e-02
   2.0000000e+00  -1.2054886e+00   7.3332868e-01  -7.4968507e-02  -1.2469896e+00   7.9332419e-01  -1.3261808e+00
   2.0000000e+00  -1.8622114e+00  -9.6507033e-01  -2.0372554e-01  -1.0734472e+00   5.0871393e-01  -4.9551316e-01
   2.0000000e+00   1.1810034e+00  -4.6805059e-02  -2.2232421e+00   6.2136389e-01   2.3553078e-01  -6.6821804e-01
   2.0000000e+00   1.1868452e+00   1.1723090e+00   2.3772710e-01  -1.0309551e+00   9.6505794e-02  -7.4147384e-01
   2.0000000e+00   1.3315802e+00   3.5815658e-01   1.8371410e-01   5.5898308e-02  -5.9223894e-01   3.0223475e-01
