   2.0000000e+00   3.6280526e-01  -7.3020183e-01  -5.3289885e-01   1.3522575e-01  -8.9004428e-01  -6.3255208e-01
   2.0000000e+00  -2.6151830e-01   1.4725551e+00   8.7701531e-01   3.5078336e-01   2.5801939e-01  -2.2904108e+00
   2.0000000e+00   1.1837364e+00   1.1308402e+00   9.8011489e-01  -1.3550163e+00   5.7516841e-01   8.9548191e-01
   2.0000000e+00  -1.9094099e+00   9.2429336e-01  -9.9885490e-01   1.1513921e+00  -3.4549051e-01  -8.0593940e-01
   2.0000000e+00   8.3302380e-01  -9.4113196e-01  -6.0659572e-01  -7.2908828e-01  -8.5357134e-01  -1.0157953e+00
   2.0000000e+00  -2.5428783e-01  -4.2275098e-01  -3.5580920e-01  -3.4955560e-01  -8.2549898e-01   1.4274109e+00
   2.0000000e+00   1.8421345e-01   1.1457139e+00   9.3088734e-01   1.1747517e+00  -1.0423442e+00  -3.7655432e-01
   2.0000000e+00  -1.2925838e+00  -9.1708068e-01   1.7927111e-01  -1.1079030e+00   1.5571330e+00  -7.2348432e-01
   2.0000000e+00  -9.6849113e-01  -1.2241836e-01  -1.0950030e-01  -1.0020561e+00   4.6922833e-01  -8.5097594e-01
   2.0000000e+00   5.8113656e-01   1.2634961e+00   4.5780459e-01  -1.3114279e-01  -7.9928511e-01  -5.0303488e-02
   2.0000000e+00  -8.6350316e-01   2.3227138e-01   2.7445795e-01  -1.0311356e+00   5.4612647e-01   1.3086869e+00
   2.0000000e+00   7.0975312e-01  -5.7148401e-02  -8.8365798e-01   7.7797297e-01  -5.9232977e-02  -8.2409968e-01
   2.0000000e+00  -1.5836931e-01  -1.3270432e-01  -1.2734440e+00  -2.0641127e+00   1.0536754e+00   4.1544179e-01
   1.0000000e+00   2.2682177e-01   3.9626457e-01   1.4147568e-01  -1.3842459e+00  -4.9194779e-01   3.0185378e-01
   2.0000000e+00  -2.5924513e-01   2.1531628e+00  -1.9007184e+00  -7.7258185e-01   2.2014274e-01  -5.0384398e-01
   2.0000000e+00  -1.0337482e-01   2.3184388e-01   2.2722310e-01  -8.6901291e-01   1.0080537e+00  -7.3905930e-01
   1.0000000e+00   1.2633262e+00  -6.9201814e-01  -1.6919390e+00  -2.6806560e-01  -3.9109133e-01   4.7099879e-01
   2.0000000e+00  -3.3420143e-01  -2.5325179e-01  -8.8501109e-01  -2.1836386e-01  -1.2770723e+00  -3.4099134e-01
   2.0000000e+00  -5.7544666e-01  -9.9254694e-01   3.1969134e-01  -7.1573533e-01   1.1543313e+00  -1.7236035e+00
   2.0000000e+00  -8.5142155e-01  -3.7510270e-01  -1.9021684e+00  -4.5364213e-01  -1.2153834e+00   2.2292025e-01
   2.0000000e+00   4.4206670e-01   5.9740412e-01   2.4071698e-01   9.6992019e-01   1.2653912e+00   7.8628942e-02
   2.0000000e+00  -4.7870609e-01  -9.6309348e-01   4.8940209e-01  -3.5352643e-02  -1.2383154e+00   2.5402034e-01
   2.0000000e+00  -3.5854764e-02   2.0135979e-01   7.9917491e-01   1.2851449e-01  -2.7189214e-01   1.6508826e+00
   2.0000000e+00   1.6049300e+00   2.1507241e-01  -1.2924170e+00   6.8456167e-01  -4.8528756e-01   1.8856191e+00
   2.0000000e+00   1.6935374e+00   1.3851253e+00  -3.0436096e-01  -6.0319027e-01   1.4591975e+00  -3.8446617e-01
   2.0000000e+00   1.7611418e+00   4.8000345e-01  -1.6524622e+00  -1.9544073e-01  -1.9571976e+00  -4.8638138e-01
   2.0000000e+00  -1.2844474e+00   7.3421246e-01  -7.8908567e-01  -3.7598656e-01   8.0271440e-01   7.0096507e-01
   1.0000000e+00  -1.8468632e+00   9.6678599e-01  -1.4883195e+00   2.5275745e-01  -7.8558268e-01   2.8840146e-01
   1.0000000e+00   6.7742303e-01  -3.5413984e-03   8.3535474e-01   7.6534537e-02   1.8496601e-01   3.2374313e-01
   1.0000000e+00  -1.2066986e+00   9.3985004e-01  -1.5680517e-01  -1.2921946e+00   6.3526574e-01   1.8773021e-01
   2.0000000e+00   6.8926931e-02  -2.5632080e-01  -2.7503951e-01  -5.9835442e-01   1.1503228e+00  -8.5045009e-01
   2.0000000e+00   2.6759906e-01  -9.5291510e-01  -2.3301273e-01   2.0649124e-01   1.3779781e-01  -1.4610804e-02
   2.0000000e+00  -1.4953568e-02  -1.4887915e+00   6.2244925e-01   1.4461526e-02   4.0368595e-02  -3.4445626e-02
   2.0000000e+00  -3.6254435e-01  -1.3263479e+00  -4.7903127e-01   1.2553930e+00   5.3304573e-01  -1.7096962e+00
   1.0000000e+00  -7.4576343e-01   4.0922396e-01   3.7647808e-01   2.3614324e+00   2.6391913e-01   5.6280193e-01
   2.0000000e+00   3.9144796e-01   1.3889015e+00  -2.6918622e-01   1.1921038e+00  -7.9408205e-01  -2.1776421e+00
   2.0000000e+00  -1.3240954e+00  -1.6094600e+00  -6.7481760e-01   1.0500019e+00  -8.6253509e-01  -3.3191104e-01
   2.0000000e+00  -5.2887418e-01  -1.0189192e+00  -1.2343427e+00   4.2146568e-02  -2.4846886e-01  -1.5149427e+00
   2.0000000e+00   7.3619465e-01  -8.0256421e-01  -1.5414532e+00   1.9921444e+00  -1.8805211e+00   1.8596752e-01
   2.0000000e+00   1.7618323e+00  -1.0744637e-02  -5.3244258e-02   4.6179416e-01   1.2313107e+00   6.3338128e-01
   1.0000000e+00  -7.8999582e-02   4.7452699e-01  -9.7487221e-01  -1.0779001e+00  -1.9734054e-01   3.9231119e-01
   2.0000000e+00   7.1879722e-01  -1.6312713e+00   9.0753908e-02  -1.3546453e+00   8.8217074e-01  -9.5660805e-01
   1.0000000e+00   1.7160240e+00   2.7310524e-02  -1.8296303e+00   1.0139356e+00   2.2351475e-01   2.5363486e-01
   2.0000000e+00   1.3822544e+00  -9.5294848e-01  -9.6039509e-01   5.8577108e-01   4.5012574e-01  -6.2110383e-01
   2.0000000e+00   4.0234302e-01  -5.6970988e-01   4.2651311e-01   1.9173778e+00  -5.2673774e-02  -2.7142744e-01
   2.0000000e+00  -1.4095937e-01   6.4414626e-01  -6.2003232e-01   2.6122046e-01   1.1248579e+00   8.7163584e-01
   2.0000000e+00   4.2690325e-01   6.1049331e-01  -4.6078306e-02   8.4771853e-01  -1.0384921e+00   4.7256684e-01
   2.0000000e+00   3.2438272e-01  -5.0051764e-01   5.0858516e-02  -1.0992160e+00  -1.2365343e+00  -3.2543701e-01
   1.0000000e+00   1.3224878e+00   3.4465437e-01   5.4286764e-02   1.9978949e-01   7.7476002e-01   5.1338647e-01
   2.0000000e+00  -1.2945502e+00  -2.8599382e-01   3.5907129e-01   3.7309266e-01  -1.1934253e+00  -3.4225851e-01
   2.0000000e+00   2.2875170e-01   1.5480627e+00   3.2290082e-01  -2.4098989e-01   1.2824251e+00   4.9303639e-01
   2.0000000e+00   6.1856566e-01   1.0444712e-01   1.0417485e+00  -1.1462391e+00   5.9208387e-01   1.6776454e+00
   2.0000000e+00  -2.2208374e-01   1.1286959e+00  -8.4319028e-01   1.9540354e-01   2.5541801e-01  -1.1381864e+00
   2.0000000e+00  -5.2033130e-01  -6.0148793e-01  -4.4879735e-01  -5.2606474e-01   4.2028593e-01   2.0833522e+00
   2.0000000e+00  -2.1306002e-01   2.0893454e-01   4.3538276e-01  -1.0397773e+00   3.7788483e-01   1.9498693e+00
   2.0000000e+00  -8.6556867e-01  -1.5293589e-01   1.0979976e-02  -5.1657960e-01  -1.5795710e-01  -1.7001069e+00
   2.0000000e+00  -2.0811034e+00  -1.5597895e+00  -5.7248274e-01   3.3753619e-01  -1.7783926e-01   1.1601879e+00
   2.0000000e+00  -2.4081281e+00  -1.8460752e+00  -1.3832897e+00   6.1035334e-01   1.8735606e+00  -3.1674792e-01
   2.0000000e+00   1.1973903e+00   2.3641998e-01  -8.1436326e-01   1.4045322e+00  -2.2917555e+00  -2.8586818e-01
   2.0000000e+00  -9.6238845e-01  -4.4959665e-01   4.1987851e-01   9.1618986e-01  -9.1427947e-01  -3.8640042e-01
   1.0000000e+00   5.2121064e-01  -9.3124106e-01   1.7451291e+00  -3.5999096e-02   6.7245525e-01   2.1518968e-01
   2.0000000e+00   1.4345336e+00   1.1810500e+00  -1.4084992e+00   3.9632391e-01   7.4550137e-01  -3.3992517e-01
   1.0000000e+00  -1.4492819e+00   1.0242694e+00  -4.6902741e-01   5.6512495e-01   5.4441841e-01   6.3408773e-01
   2.0000000e+00  -1.1543030e+00   5.7409482e-01   1.7596757e+00  -1.4077199e+00   1.6537291e+00  -3.6595509e-01
   2.0000000e+00  -9.5835755e-01   3.1418445e-01   1.6559080e+00  -5.3274696e-01   1.4578855e+00  -1.1891193e-02
   2.0000000e+00  -1.6433664e+00   3.1514907e-02  -6.3850929e-01  -6.2355196e-01   6.8192321e-02  -1.3031735e-01
   2.0000000e+00   1.0898219e+00   1.4426882e+00  -8.2804423e-01   8.3795445e-01  -7.4991280e-01   2.8587979e+00
   1.0000000e+00   1.3954755e+00  -2.2380473e-01   1.3924100e+00   5.5790865e-01   7.9538757e-02   6.8618863e-01
   2.0000000e+00   1.1241298e+00  -2.0664853e+00  -2.8085973e-01   4.0004894e-01  -1.0887430e-01  -1.0470943e+00
   2.0000000e+00  -2.2599274e-01  -4.1287855e-01  -6.0734074e-01   4.3230315e-01  -7.0259905e-01  -5.4911025e-01
   2.0000000e+00   6.1184571e-02  -6.3880455e-01  -1.0977084e+00   2.1040874e+00  -1.3648036e+00  -1.0699610e+00
   1.0000000e+00   4.1968733e-01   2.5250624e-01   8.8744744e-01   8.0571118e-01  -6.8402705e-01   5.5646673e-01
   1.0000000e+00  -3.9296564e-01  -1.8089380e+00  -4.6418976e-01   3.4314928e-03   8.0263795e-01   2.2428240e-01
   2.0000000e+00  -5.2629376e-01  -1.4169286e+00  -8.5891917e-02  -4.3483130e-01  -9.3708387e-01   5.9021100e-01
   2.0000000e+00   7.8863388e-02  -1.4598214e+00   1.8530537e+00  -1.8185118e+00  -1.0192173e+00  -8.8731224e-01
   2.0000000e+00  -2.7371961e-01   1.2071024e+00  -7.8708994e-01   2.2093808e+00   1.0556742e+00  -2.1713098e+00
   2.0000000e+00   5.1468931e-01  -1.1932608e+00  -3.0396805e-02  -1.2693105e+00   1.1126432e+00  -1.7191420e+00
   1.0000000e+00  -1.6427550e+00  -1.3352196e-01  -9.4879463e-01   1.0203696e+00   1.3808948e-01   6.7186120e-01
   2.0000000e+00   7.8516944e-01   3.7994772e-01  -5.9360906e-02   1.1235628e+00  -1.7723717e+00   1.2942679e+00
   2.0000000e+00  -1.5141967e+00   9.1091237e-01   1.4764909e+00   1.3337390e+00   3.8177462e-01   1.8220197e+00
   2.0000000e+00   3.3699334e-01   1.6776217e+00   6.5426980e-01  -7.6516545e-01  -1.4646242e+00   1.5493084e+00
   2.0000000e+00   2.0452982e+00  -9.6311537e-01   2.1365854e+00  -1.2698063e-01  -9.0688089e-01  -3.2218982e-01
   2.0000000e+00  -7.3312296e-01  -1.9935136e-01   7.2520285e-01  -1.6346693e+00  -9.4675646e-01   1.4621012e+00
   2.0000000e+00   5.2815221e-01   1.7241323e+00   1.6359784e+00   6.0292485e-01   8.8316022e-01   6.0206463e-01
   2.0000000e+00   9.4999707e-01   2.5759281e-01  -5.9108770e-02   3.2143359e-01  -1.5084082e+00  -1.3595376e+00
   2.0000000e+00  -2.1802659e-01   3.7297898e-01  -2.2050103e-01  -7.8413461e-01   1.0946653e+00   8.9477248e-01
   2.0000000e+00  -8.1036149e-01  -1.5315900e+00  -3.9998069e-01   2.9904078e-02  -1.7792514e+00  -8.7327142e-01
   2.0000000e+00   2.6196170e+00  -6.9062668e-01  -1.2193066e+00   4.5487237e-01   2.1315503e+00  -7.0319703e-01
   2.0000000e+00   1.0174828e+00  -4.5155645e-01  -8.9230669e-01  -1.2416629e-01   3.3852082e-01  -1.0475842e-01
   2.0000000e+00  -6.9124835e-01  -4.7043161e-01   6.0549321e-01  -1.2786512e+00  -7.1076216e-02  -5.1500230e-01
   2.0000000e+00   5.8881583e-01  -1.8026515e+00  -5.5858087e-01  -6.7493367e-01  -7.9245124e-01  -3.5938297e-01
   2.0000000e+00   3.4325709e-01   5.9886141e-01  -8.6776246e-01  -8.8733160e-01   2.9468707e-01  -1.1301477e+00
   2.0000000e+00  -2.0886641e-01   2.3192986e+00  -1.2338748e+00   3.5827534e-01   2.6914181e-01  -8.2841891e-02
   2.0000000e+00  -9.3700111e-01  -3.4131193e-01   1.0218252e+00   1.1936558e+00   1.0511281e+00   1.3655341e+00
   1.0000000e+00   1.2553230e+00   5.3704641e-01   4.9039752e-01   5.3937690e-01   8.0215750e-01   3.3923575e-01
   2.0000000e+00  -1.2350622e+00   4.9083807e-01  -2.3546611e-01   1.2184815e+00   4.0241564e-01  -3.9727817e-01
   2.0000000e+00  -4.3689645e-02  -3.5070888e-01   4.7720034e-01   4.1407191e-01  -1.3475369e-01  -2.6231607e-01
   2.0000000e+00   3.3227804e-01  -9.9664293e-01  -1.4038468e+00  -3.7988290e-02  -8.6679751e-02  -7.2429372e-01
   1.0000000e+00   2.9593052e-01  -1.2519033e+00  -3.1975600e-01  -2.7561492e-01   5.5136752e-01   5.0511794e-01
   2.0000000e+00  -1.4527987e+00  -2.3373322e-01   2.7205004e-01  -1.5858306e+00  -1.5231862e-02   1.5861384e+00
   2.0000000e+00  -1.2167845e+00   9.2571268e-01  -4.4925384e-01  -4.5746335e-01  -4.7018231e-01  -5.0633602e-01
   2.0000000e+00   3.0326223e-01  -1.3402769e+00  -5.4180599e-01   5.9663789e-01   5.7880905e-01  -5.1362893e-01
   2.0000000e+00  -1.7428288e-01   1.9594743e+00  -1.6120057e+00   9.0674642e-01  -1.1510015e+00  -1.2230570e-01
   2.0000000e+00   2.0774027e-01   1.3197489e+00   4.0484365e-01  -8.9666955e-01   4.6765832e-01  -6.1677363e-02
   1.0000000e+00   4.4738202e-01  -2.7187626e-01  -1.1144237e+00  -6.0717934e-01   9.0200370e-01   2.6772409e-01
   2.0000000e+00   6.0229863e-01  -2.4704137e-01   1.0590598e+00  -9.4197878e-01   5.2912363e-01  -8.3332110e-02
   2.0000000e+00   7.4976969e-01  -1.4398882e+00  -5.9142578e-01  -2.2552487e+00  -4.3321684e-02  -9.0760593e-01
   1.0000000e+00  -2.0716637e+00  -3.4765183e-02  -2.4394417e-02   7.8652023e-01   4.9607204e-01   6.7537704e-01
   2.0000000e+00   2.1151586e-01  -1.1848881e+00  -2.3100610e-01   2.8676637e-01   5.3002297e-03  -7.2743333e-01
   1.0000000e+00  -6.6048379e-01  -1.9940245e-01   3.8969743e-01  -7.8976135e-01  -7.4564917e-01   4.4110374e-01
   2.0000000e+00  -1.0888126e+00  -5.9586569e-03  -4.9665539e-02  -6.1504521e-01   1.4795625e-01  -4.7282632e-01
   2.0000000e+00  -9.0005648e-01   2.5701016e-01   9.7534027e-02   3.8156611e-01   9.2988027e-01   2.2654110e+00
   2.0000000e+00   1.2728444e+00  -3.7856918e-01   1.4109955e+00   7.3904149e-01  -2.5132339e-01  -1.3716337e+00
   2.0000000e+00  -8.0770045e-01   5.7523232e-01   2.7327117e-01  -1.6030792e-01  -6.5332869e-02  -1.2216362e+00
   2.0000000e+00   6.0559170e-01   4.5727979e-01  -1.3284026e+00   1.4648935e+00  -2.0507626e+00  -1.3141233e+00
   1.0000000e+00   2.1337983e-01  -1.8249873e+00   9.5593152e-01  -1.6572275e+00  -2.5382713e-01   6.1074944e-02
   1.0000000e+00  -9.0592825e-01   1.0344084e+00   3.5196985e-01   1.5849533e+00   5.3464012e-01   7.4221495e-01
   1.0000000e+00   1.9212372e-02   2.9324276e-02  -3.6457412e-01  -3.1305678e-01  -3.2905503e-01   8.5357543e-01
   1.0000000e+00   1.0810572e+00   6.3246936e-01   2.7946142e-01  -5.1404549e-01   2.1461505e-01   5.4259928e-01
   2.0000000e+00  -1.0854840e+00  -1.1800077e+00  -1.4768705e-01   5.4731813e-01  -9.6559884e-01   9.2087070e-01
   2.0000000e+00   9.5922986e-01   3.8967071e-01  -1.1521662e+00   9.0176763e-01   3.9288698e-02  -7.2647885e-02
   2.0000000e+00   1.6281819e-01  -5.7464084e-01  -7.4661306e-01   1.6418991e+00   3.4763302e-02  -5.9478266e-01
   2.0000000e+00   7.8359584e-01  -9.1066032e-01  -7.8121973e-01   9.2337299e-01  -1.1332753e+00  -4.7122109e-01
   2.0000000e+00  -8.8224508e-01   1.2404034e+00   6.1123817e-01   3.6352798e-01   2.0042099e-01  -1.3182633e+00
   2.0000000e+00  -7.0804201e-01  -1.2338283e+00  -2.4658188e+00  -1.5237782e+00  -2.9968298e-01  -9.2497218e-01
   2.0000000e+00  -8.2492911e-01   1.4318118e-01  -5.7628558e-01  -8.9369204e-01   4.7070964e-01  -1.4355709e+00
   2.0000000e+00   6.6003995e-01  -1.2114979e-02   4.9989972e-02   9.6485332e-02   1.2989853e+00   1.5030737e+00
   2.0000000e+00   1.2991391e+00   1.9255775e-01   1.6504649e+00  -2.2617013e-01  -6.2000301e-01  -3.2891093e-01
   1.0000000e+00   2.4996381e-01  -7.9527954e-01  -4.2031061e-01   2.6863999e+00   6.3699535e-02   1.5926973e-01
   2.0000000e+00  -3.2452371e-03  -9.3398474e-03  -5.2198660e-01  -2.4902847e-01   1.1459746e+00  -4.8602352e-01
   2.0000000e+00  -1.1338813e+00  -6.8683613e-01  -2.8257056e-01  -1.9287991e-01   1.6319695e+00  -1.6509129e+00
   2.0000000e+00  -2.0202281e+00  -1.1179098e+00  -5.0228877e-01   8.4076596e-01  -3.8173006e-01  -1.4213836e-01
   2.0000000e+00   1.4103708e+00   1.1700214e+00  -9.0806671e-01   5.8115824e-01   2.0405838e+00  -1.8622020e+00
   2.0000000e+00   2.8877774e-01   8.4158458e-01   4.6345339e-01  -1.2694985e-01   2.9938610e+00   1.7932815e+00
   1.0000000e+00  -9.8215762e-01   5.1801624e-01  -4.9213963e-01  -6.9278453e-01  -7.7550615e-01   9.4301319e-02
   2.0000000e+00  -1.3941576e+00   1.6023978e-01  -2.0595060e+00   4.1196955e-01   6.8276911e-01   2.2412343e+00
   2.0000000e+00   6.9967037e-01  -5.7932941e-01   1.2666493e+00   3.7433762e-01  -1.2578070e-01   1.2798856e+00
   1.0000000e+00   4.5413279e-01   2.1745751e-01   1.3647138e+00  -2.7073835e-01  -1.7062793e-01   4.5290445e-02
   1.0000000e+00  -2.6786986e-01   6.9030451e-01  -2.9058900e-01  -8.3181182e-01   3.6009884e-02   7.7028271e-01
   2.0000000e+00  -9.8978343e-01  -7.6658874e-01  -2.5077575e-01   2.3976342e+00   2.6382540e-01  -4.3224207e-01
   2.0000000e+00  -1.0175507e+00  -5.4445363e-01  -1.7352054e+00  -1.2461005e-01   4.1586038e-01  -1.3060292e+00
   2.0000000e+00  -8.7101223e-01  -1.2494020e+00   4.5856976e-01  -1.3183416e+00   6.6699401e-01  -5.0682816e-01
   2.0000000e+00   1.3070703e+00  -3.6174556e-01  -4.1060224e-01  -6.3861277e-01   1.1161498e+00   8.2645600e-01
   2.0000000e+00  -3.7095048e-01  -9.1262267e-01  -2.8668805e+00  -3.4568387e-01   7.4504060e-01   9.7377351e-01
   2.0000000e+00   2.5830157e-01   4.2918304e-01  -6.4002279e-01  -2.6539724e-01   5.7823888e-01  -4.7769777e-02
   2.0000000e+00  -6.0072259e-01   7.1855725e-01   9.3301223e-01   6.7188518e-01   1.2924139e+00  -1.1536123e+00
   2.0000000e+00   1.1766022e+00  -4.9687667e-01  -1.5945074e-02  -3.8895217e-01   9.3989253e-01   7.6611640e-01
   2.0000000e+00  -4.0823341e-01   6.3873213e-01  -1.8177679e-01  -3.9663753e-01  -6.1269276e-01  -1.5375443e+00
   2.0000000e+00   9.8323422e-01   8.8501451e-01   4.5968562e-01  -4.9600217e-01   8.4630169e-01  -3.0422924e-01
   2.0000000e+00  -1.3769762e+00   1.2573756e+00  -1.6759512e-01   6.5277863e-01   2.3808696e-01  -1.7034934e+00
   2.0000000e+00  -2.0321271e+00   1.4979566e-01  -8.1337356e-01  -4.1627689e-01   2.6755425e-01  -7.1592274e-01
   2.0000000e+00   7.2052224e-01  -1.0745248e+00  -1.1098466e+00  -7.5357046e-02  -7.9347830e-01  -1.6420016e+00
   2.0000000e+00  -3.5655711e-02  -1.5122868e-01  -2.3093961e-01   6.2358144e-01  -2.4587445e-01  -5.1063470e-01
   1.0000000e+00  -2.9615270e-01  -2.7185424e-01  -1.3520294e+00  -1.5658912e+00   1.5218415e-01   4.3165471e-01
   1.0000000e+00   4.7453984e-01   8.5939179e-01   9.5327524e-02  -1.7846940e+00   4.7848137e-01   8.5593293e-01
   2.0000000e+00   1.2373081e-01  -3.9318017e-01  -1.7084284e+00  -9.7520973e-02   3.9451922e-01  -1.9327029e+00
   1.0000000e+00  -9.7549130e-02   2.5145722e+00   1.7499056e+00  -9.4129553e-01  -1.2788204e-01   4.2966041e-01
   2.0000000e+00   9.2396804e-01  -1.0222391e+00  -2.6155892e-01   1.2921393e+00   5.3650697e-01  -6.1705484e-02
   2.0000000e+00  -3.4230679e-01  -1.5817142e+00  -1.8831914e-01  -1.3634766e+00  -4.2180445e-01   1.7293803e+00
   2.0000000e+00   4.6735829e-01  -9.4464472e-01   3.9444641e-02  -8.6054869e-02  -1.4870581e+00  -3.1347067e-01
   2.0000000e+00   4.7836092e-01  -4.1078086e-01   1.4747097e+00   6.1162241e-01   6.6823561e-02  -1.2764560e+00
   1.0000000e+00  -1.2353992e+00   7.2308864e-01  -6.6611904e-02  -1.2812553e+00   6.7894222e-01   4.4727300e-01
   2.0000000e+00   2.6521838e+00  -3.3453415e-01  -2.2016995e+00  -2.3415031e+00  -1.0378321e+00   1.2220663e+00
   2.0000000e+00   1.1280957e+00  -1.2534379e+00  -9.6318788e-01   3.0374349e-01  -6.1826825e-01   1.1816003e+00
   2.0000000e+00  -6.8502287e-01  -1.1043551e+00   9.0684861e-02  -5.5762009e-01   8.5485127e-01   1.9195509e+00
   2.0000000e+00  -2.3041457e-01  -4.8099682e-01  -1.4827400e+00  -4.8442379e-01   1.0231706e+00  -1.3591736e+00
   2.0000000e+00   4.0963199e-01   3.3333619e-01   9.9910742e-01  -5.5685173e-01  -5.1094474e-01  -8.7344678e-01
   2.0000000e+00   7.3248229e-01   2.0835509e-01   1.8764342e+00   1.4102832e+00  -6.2655344e-01   7.5802455e-01
   2.0000000e+00   6.3547902e-01  -1.5463827e+00  -2.0022583e+00  -1.3411189e-02   1.4411513e+00   4.8239799e-01
   2.0000000e+00  -1.3231228e+00   9.1911660e-01   6.7549633e-01   7.1493076e-01  -7.2675064e-01  -2.7336218e-01
   2.0000000e+00   5.6234394e-01  -1.3379644e+00   1.5167076e-01   1.4253470e+00   1.0369099e+00   4.5130697e-01
   2.0000000e+00  -1.0903481e+00   1.3058237e+00  -5.4764327e-03   1.3739056e+00  -1.3101027e+00   1.8379960e-01
   1.0000000e+00   3.9156416e-01  -6.4761711e-01   4.9838686e-01   8.2648766e-01   7.9397673e-01   4.4675114e-01
   2.0000000e+00  -3.8773233e-01   2.6791204e-01   5.4215679e-01   4.0590270e-01  -1.3139510e+00   9.1046658e-01
   2.0000000e+00   1.5927922e+00   9.6555240e-02  -1.1424038e-01   8.0450910e-01   1.7047770e-01  -1.0274559e+00
   2.0000000e+00  -3.5463206e-01   2.6394437e+00  -2.4822308e-01  -2.9571089e-01   1.0865594e-01  -3.8791804e-01
   2.0000000e+00   1.1669797e+00   3.4009997e-01  -2.1612345e-01  -8.2675256e-01  -7.6292032e-01   1.7323873e+00
   2.0000000e+00  -1.3824032e+00  -1.8477587e+00   2.8443334e-01  -2.3196436e+00  -4.1996417e-01  -8.0168758e-01
   2.0000000e+00  -5.3561097e-01   3.4386669e-01  -1.4936439e+00  -5.7048712e-01  -7.9514206e-01   9.6695167e-01
   2.0000000e+00  -5.8099212e-01  -1.3459447e+00  -1.1861558e+00  -6.4370860e-01  -2.4119375e+00  -2.2247073e-01
   2.0000000e+00  -1.5097433e+00   5.9203669e-01  -1.2475225e+00  -1.0842060e+00   7.3674035e-01  -2.9124899e+00
   1.0000000e+00  -4.3293284e-01   2.6979810e+00  -1.6381680e-01  -8.8710604e-01   7.8772626e-01   1.4763937e-01
   2.0000000e+00  -9.8956647e-01   1.2377550e+00  -2.6470599e+00  -8.4508287e-01   1.6737944e+00  -2.0256965e-01
   2.0000000e+00   3.2753311e-01  -8.2875981e-01  -1.8514967e+00   4.1828623e-01   1.2030737e+00   2.2212508e-01
   2.0000000e+00   8.4196280e-01  -4.0753620e-01   2.1607476e-01   8.4466842e-01  -2.4638517e-01  -7.4507685e-01
   1.0000000e+00  -1.2374314e-01  -6.2327075e-01   8.9212311e-01  -8.4018320e-01  -4.2472429e-01   7.5129001e-01
   2.0000000e+00   1.4932705e+00  -1.0161256e+00  -1.3928710e+00  -8.9379175e-01  -1.4185471e+00   9.7051826e-01
   1.0000000e+00   8.2945319e-01  -1.2425716e+00  -5.5206461e-01  -3.1794288e-01  -4.2710758e-01   4.8892688e-02
   1.0000000e+00   6.8532783e-01   6.7744203e-02   1.0532467e+00   2.0667079e+00   3.1188645e-01   5.0117155e-01
   2.0000000e+00   1.0307154e+00  -8.8157036e-01  -7.8887601e-01  -1.2442931e+00  -5.1403878e-01   1.3641309e+00
   1.0000000e+00  -1.5090391e-01  -6.0490702e-01   7.3150669e-01  -7.5929228e-01   3.6120011e-01   3.4998225e-01
   2.0000000e+00  -9.6407368e-01  -3.2436951e-01   4.3470219e-01  -8.6900050e-01  -9.6000039e-01  -9.7681117e-01
   2.0000000e+00   1.2726525e-01   6.0346759e-01  -1.2838854e+00   2.0685046e+00  -9.2385128e-02  -3.8786453e-01
   2.0000000e+00  -1.2016192e+00  -1.4161838e+00   6.7148956e-01  -1.2927413e+00  -1.1582766e+00   1.2731193e+00
   2.0000000e+00  -1.3940190e+00   1.7383893e+00  -1.4733247e-02   1.5079266e+00   1.4502896e+00   1.2697586e+00
   2.0000000e+00   1.5240957e+00   4.6246365e-01  -6.2216927e-01   2.3835479e+00  -1.1455077e+00  -7.4767989e-01
   2.0000000e+00   4.9823924e-01  -4.6117209e-01   1.6918716e+00  -5.8523414e-01   1.2857348e+00  -3.1979722e-01
   2.0000000e+00  -5.2922015e-01  -1.1696998e+00   3.1981360e-01  -6.3821945e-01   1.4690545e+00  -1.5621078e+00
   1.0000000e+00   3.6386107e-01  -6.1200693e-01   6.0147853e-01  -8.9752170e-01   7.2104685e-01   6.1357985e-01
   2.0000000e+00   3.3892813e-01   4.0689174e-01  -9.1036453e-01  -3.3178180e-01  -8.6260340e-01   1.8983928e+00
   2.0000000e+00   1.6641769e-01   1.0808888e+00  -5.7160193e-02   7.0358339e-01  -4.7145254e-01  -3.8668830e-01
   2.0000000e+00  -8.6860901e-01  -2.3074558e-01  -2.7011975e+00   4.3742565e-01  -3.1552569e-01   1.1568520e+00
   2.0000000e+00   7.2434141e-01  -1.4145831e+00  -1.2526562e+00  -5.0235770e-01   8.7414618e-01  -6.0714638e-01
   2.0000000e+00  -7.4395322e-01  -1.4772829e+00  -2.2643595e-01  -1.9392182e-02  -1.9738235e+00   1.1366344e+00
   1.0000000e+00   2.2555170e-02  -2.5719334e-01  -1.3895513e-01  -5.6357859e-01   1.1997129e-01   5.2673647e-01
   2.0000000e+00   3.5669399e-01   1.0904717e+00  -2.5329312e-01   3.6278732e-01   5.5993393e-01   2.1862837e+00
   2.0000000e+00   5.3336182e-01  -2.2090522e-01   6.3264804e-01  -2.6393902e-01  -2.2862710e-01  -4.8023670e-01
   2.0000000e+00  -2.8078438e-01   1.4171979e+00   5.1513872e-01   2.7659947e-01   9.2226710e-01   2.2129080e+00
   2.0000000e+00   1.3267243e+00  -3.2452324e-01  -1.0432083e+00   6.2502205e-01   4.8950749e-01  -5.2782875e-01
   2.0000000e+00  -9.4326970e-01   6.4118251e-01  -8.7355508e-01   6.4356981e-01  -5.6464885e-01  -1.6868925e-01
   2.0000000e+00   2.2344089e+00  -5.2426168e-01   7.4388741e-01   1.9800542e+00  -9.1319348e-01   4.3948871e-01
   2.0000000e+00   7.5763250e-01  -2.3069366e+00  -6.9578584e-01   2.2893053e-02   1.7065153e+00  -3.7399954e-01
   2.0000000e+00  -4.2039169e-01   3.7185018e-01   1.7364203e+00  -1.1119656e+00   1.0780668e+00  -3.1777238e-01
   1.0000000e+00  -5.2295021e-02   1.2162579e+00   5.3955406e-01   7.4631847e-01   5.4064643e-02   7.6160474e-01
   2.0000000e+00   3.4738563e-01   8.5646082e-02   1.1678392e+00  -1.3930759e+00   4.1750434e-01   1.3052822e+00
   2.0000000e+00  -3.1721958e-01  -8.3360841e-01  -9.7912413e-02  -1.2831330e+00   3.1939522e-01  -1.1386040e+00
   1.0000000e+00   6.4764291e-01   1.4300583e+00   2.8656476e-01  -1.0269061e+00  -4.3199575e-02   5.0597287e-01
   2.0000000e+00  -1.4003408e+00  -3.5810087e-01   7.1815525e-02  -9.5787936e-01   9.7799938e-03  -1.4049574e+00
   2.0000000e+00   3.4145539e-01   2.7713550e-01   6.8975290e-01   2.1005736e+00   4.5676582e-01   2.5042573e+00
   2.0000000e+00  -8.8440230e-02  -6.5689597e-02   7.2676069e-01  -1.6485470e+00   7.8702429e-01   1.7639058e+00
   2.0000000e+00  -1.5829656e-01   2.6378129e+00   9.5394013e-01  -7.7781069e-01  -7.3930970e-01  -2.0397489e-01
   2.0000000e+00  -2.8556480e+00   3.1665480e-01   3.9735308e-02  -1.2210603e+00   1.1442502e+00   6.6872075e-01
   2.0000000e+00   6.5650412e-01   2.8015207e-01  -1.5191353e+00   4.1522489e-01  -5.4819252e-01  -8.4264168e-01
   1.0000000e+00   6.9513806e-01   1.1677344e+00   5.0614150e-01  -5.0821411e-02  -9.0355821e-02   8.9889698e-01
   1.0000000e+00  -4.4547915e-01  -1.8195396e-01   6.7333632e-01   1.3771043e-01  -6.2491768e-01   5.3611080e-01
   2.0000000e+00  -9.0169329e-02   3.4643801e-02  -8.7529017e-01  -8.5449953e-01  -7.7778752e-01   1.5101535e+00
   2.0000000e+00   8.5060279e-03  -1.9146347e+00   1.9287459e+00  -7.0032237e-01   9.7655925e-01   2.1722799e-01
   2.0000000e+00  -6.1090851e-01   9.6322806e-01   1.0958478e-01  -1.2690488e+00   4.1949115e-01  -2.2659004e-01
   2.0000000e+00  -7.9799758e-02  -2.5842460e-02  -4.8167025e-02  -1.4929736e-01  -1.3827079e+00  -9.8167937e-02
   1.0000000e+00  -6.0729071e-01  -1.5718055e+00   5.3003894e-01  -5.2906272e-01   3.7457949e-01   6.6528165e-01
   1.0000000e+00   1.1315568e+00   3.0531890e-01  -5.5415854e-02  -8.3383196e-01   2.3080910e-01   3.2551260e-01
   2.0000000e+00  -6.6859997e-01  -1.0956075e+00  -3.3708834e-02  -4.7112381e-01   3.4126566e-01   1.8493737e+00
   1.0000000e+00   2.0762373e-01   6.1060467e-01   6.7771004e-01   1.0758658e+00  -1.2465391e-01   3.3174245e-01
   2.0000000e+00  -1.0210492e+00  -7.7429016e-01  -1.9660089e-02   2.0536643e-01   6.1873114e-01   9.3062363e-01
   1.0000000e+00   8.0178340e-01   1.0578062e+00   7.1046135e-01   2.6920231e-01  -1.7594159e-01   1.2313459e-01
   1.0000000e+00  -1.0214501e+00  -2.3610709e-01  -1.7636206e+00  -1.4398437e+00   3.6882260e-01   7.6396845e-01
   2.0000000e+00  -3.8290597e-01   7.9953816e-01  -2.5830167e+00  -2.0983337e-01   4.0945669e-01   6.5766580e-02
   2.0000000e+00   1.6345718e+00   1.2592738e+00   1.4220439e+00   7.7217617e-01   5.9198416e-02   1.1365494e+00
   2.0000000e+00   7.0015632e-02   8.7818201e-01  -9.1000972e-01  -4.4273477e-01   1.1471824e+00  -1.7339722e-01
   2.0000000e+00  -7.6861104e-01  -3.4694733e-01  -9.6341581e-01  -9.7771789e-02   1.3894022e+00  -3.6371266e-01
   2.0000000e+00  -9.3578447e-01  -2.1987666e-01   2.1179486e-01  -9.6656144e-01   8.9025742e-01   7.0881030e-01
   2.0000000e+00   1.0311049e+00  -3.6401311e-01   8.6543514e-01   5.1676864e-01   5.3499457e-01  -7.0111257e-01
   2.0000000e+00  -2.4004247e-01   5.4550124e-01   5.5307999e-01  -1.7877246e+00  -1.8203139e-01  -6.7093012e-01
   2.0000000e+00   3.6124166e-02  -1.5232618e+00   8.5209284e-01  -2.5181337e-01   5.8986832e-02  -4.8813878e-01
   2.0000000e+00   8.3214235e-01  -3.7677424e-01  -3.8583096e-01   4.2139369e-01  -1.7231762e+00   7.3590624e-01
   2.0000000e+00  -6.4343220e-01  -1.4517514e+00   1.0903779e-02  -3.2503982e-02  -1.8512081e+00  -6.3993527e-01
   1.0000000e+00   2.0101557e-01   1.2162154e-01   9.8012237e-01  -1.4891601e-01   2.3669543e-01   7.9152992e-01
   2.0000000e+00   5.6329169e-01  -3.9330838e-01   1.3807757e+00   3.4896517e-01   1.9821289e-01  -5.7888041e-03
   2.0000000e+00   1.0201033e+00  -3.3642316e-03   1.4552888e-01  -1.2889932e-01  -1.6224319e+00  -1.3554577e-01
   2.0000000e+00  -2.3138117e-01  -3.2154821e-01   2.2342589e+00  -8.1411242e-01   1.3105279e-01   2.2134513e-01
   1.0000000e+00   1.4939805e+00   1.4716878e+00   1.7820277e-01   3.4570282e-01   2.7225094e-01   1.9192979e-01
   2.0000000e+00  -1.1762143e+00  -2.6161124e-01  -6.4293226e-02  -1.2138949e+00  -5.6921981e-01  -6.4526224e-01
   2.0000000e+00  -9.9486859e-01  -7.1175123e-01  -4.2856849e-01   1.1409411e+00  -8.4935909e-02  -7.3881242e-01
   2.0000000e+00   2.1589188e+00   5.8602995e-01   7.8388212e-01  -1.4279995e+00  -8.9227653e-01  -1.0374663e-01
   2.0000000e+00  -3.2834824e-01   1.0400516e+00   9.7469514e-01   3.6368456e-01  -1.0030348e+00  -1.6801670e+00
   2.0000000e+00   1.5525063e+00  -1.8620527e+00   6.6285001e-01   1.1306607e+00   1.8072458e+00  -5.1860303e-02
   2.0000000e+00  -1.0355409e+00  -1.1376306e+00   2.6396338e-01  -9.8345611e-01  -4.8169879e-01  -4.7017127e-01
   2.0000000e+00   2.4825597e+00  -9.4201048e-01  -6.0187422e-01   2.5880359e-01   1.6165508e+00  -8.9114950e-01
   2.0000000e+00   8.2462473e-01  -6.8959420e-01   1.2297601e+00  -1.2500248e+00  -2.0097114e+00  -1.8158778e-01
   2.0000000e+00   3.3054845e-01  -4.5370536e-01  -3.6996092e-01   1.8454836e+00  -2.7965058e-01   9.6705809e-01
   2.0000000e+00   1.4552904e+00   4.7041624e-01   2.9645759e-01  -4.5918154e-01  -1.1938724e+00   9.0357433e-01
   2.0000000e+00  -4.5379741e-01  -5.0964079e-01   2.1309667e-01  -1.2748258e+00  -2.0019492e-01  -1.0001909e+00
   2.0000000e+00   2.2421945e-01  -2.9330668e-01   5.6271139e-03   1.6870552e-01   4.7148864e-01  -4.3930288e-01
   2.0000000e+00  -1.9510599e-01   7.9108992e-01  -5.8614435e-01  -5.1868309e-01   1.5108843e+00  -8.0395562e-01
   2.0000000e+00  -1.8559313e+00   1.4853929e+00  -4.7103288e-01   2.2985083e-01  -6.7805970e-02  -9.8099075e-01
   1.0000000e+00  -1.5675029e+00  -9.7886063e-01  -7.6595428e-01   3.0609870e-02  -2.2509255e-01   3.8665707e-02
   2.0000000e+00   1.5539079e+00   1.3023838e+00   2.6906420e-01   4.5151534e-01  -1.5869387e-01   1.2815155e+00
   2.0000000e+00  -2.6822658e-01  -1.2321596e+00  -7.9954041e-01  -1.0570523e+00  -6.9113905e-01  -3.8846154e-01
   2.0000000e+00  -3.0275100e+00  -1.5218359e+00   7.1229157e-01  -3.1416925e-01   7.5506493e-01  -1.9378264e+00
   2.0000000e+00  -1.3447528e+00  -8.0339630e-01   1.2044406e+00   1.9690334e-01   1.5126365e+00   7.0837971e-01
   2.0000000e+00   1.7312918e-01  -2.3690125e-01   6.8423688e-01   6.4343543e-01  -2.5437810e+00  -6.6402588e-01
   2.0000000e+00   1.1528943e+00  -1.5079043e-01  -4.6316077e-01  -4.8765811e-01  -8.9136392e-01   6.4699584e-01
   2.0000000e+00   4.4834030e-01  -8.8129262e-01  -5.3630639e-01  -7.1305240e-02   5.5714690e-02  -2.2538530e-01
   2.0000000e+00  -2.1944329e+00   2.5463473e-01   1.8321680e-01   7.9426853e-01   1.7878767e-02  -3.8977559e-02
   2.0000000e+00   5.7501414e-01  -1.2462773e-01  -1.6586621e+00  -1.1199341e+00   5.9267742e-01   8.1785837e-01
   2.0000000e+00   3.8156361e-01   6.8266767e-01  -3.0838208e-01  -4.8452514e-01  -8.4093991e-01  -6.2551288e-01
   2.0000000e+00   3.3532618e-01  -1.1479303e+00   4.5067303e-01  -6.0823593e-01  -4.6040378e-01   1.3864738e+00
   1.0000000e+00  -5.8057606e-01  -7.3036997e-01  -4.9632217e-01  -5.5664542e-01   3.2528350e-01   2.6752495e-01
   2.0000000e+00  -7.2008050e-01   6.6303883e-01  -1.7040302e+00   9.3578210e-01   2.0140666e+00   1.0347055e-01
   2.0000000e+00   2.1360563e+00  -5.3687379e-01   5.6775570e-01   8.1687209e-01  -2.6491824e-01  -3.7701217e-01
   2.0000000e+00  -6.9518184e-02   5.5573261e-02   1.3528732e+00   1.6727142e+00   1.8601255e+00   1.2582415e+00
   2.0000000e+00  -6.1159775e-01  -3.8704765e-01   1.2997706e+00   6.2581869e-01  -1.7304358e+00   1.9074693e-01
   2.0000000e+00  -1.4577710e+00   1.1063046e+00   8.6783102e-02   6.6076489e-01   1.1318810e+00   4.6375786e-01
   2.0000000e+00  -4.0126803e-01  -1.6370074e+00   3.2054741e-01   6.1731397e-01   1.0216443e+00  -2.1023715e-01
   2.0000000e+00  -5.1633896e-01  -1.1199718e+00  -4.5123912e-01   1.2064939e+00  -1.7019948e+00   5.3587384e-01
   2.0000000e+00  -6.4027881e-01   2.3045289e-01   6.9318398e-01  -2.3373079e+00   5.8457907e-02  -1.2054186e+00
   1.0000000e+00  -6.4283766e-01   2.0653054e-01  -8.1116269e-01  -1.6687352e+00  -2.9901857e-01   5.5672007e-01
   2.0000000e+00  -7.3179694e-01  -1.3807295e-01  -5.0552219e-01   1.1962116e+00  -2.5828730e+00   7.1186118e-01
   2.0000000e+00   6.3282109e-01   6.7174808e-02   9.4977318e-01  -9.2139743e-01  -4.8811000e-01  -2.4528152e-01
   2.0000000e+00   2.4380249e+00   1.1294215e-01   5.1907573e-01   1.7014699e-01   2.2903828e+00   8.8875288e-01
   2.0000000e+00   1.3926466e-01   9.7789898e-01   5.9584632e-01  -6.4702042e-01  -8.5031407e-01   5.6915771e-01
   1.0000000e+00   1.0245143e-01  -6.7901604e-01   1.7439173e+00   3.6925636e-01  -2.5219145e-01   5.4404218e-01
   2.0000000e+00   4.0898231e-01   1.4853794e-01  -8.3185139e-01   4.0899590e-01   1.5541034e+00   3.0184963e-01
   2.0000000e+00  -1.4847789e+00   5.5289661e-01   2.9072043e-01  -9.8207728e-01   1.5272286e+00   8.1097648e-03
   2.0000000e+00   4.9189466e-01  -2.2261729e-01   7.1629648e-01   1.7557492e+00   1.1419133e+00  -9.2519669e-01
   2.0000000e+00  -2.1676720e-01   1.9266978e+00   1.4892265e-01   4.4341078e-01  -3.7217082e-01  -5.4593416e-01
   2.0000000e+00   4.2271003e-01   7.9928419e-01   1.9367148e+00   4.5995528e-01   5.8214068e-01   8.3053533e-01
   2.0000000e+00   7.0255614e-01  -1.4812961e-01   4.4737503e-01   3.3760440e-01  -1.1923349e+00   2.7490920e-01
   2.0000000e+00   4.6899607e-01  -1.1204735e-01   7.6233833e-01  -7.1996779e-01   1.0112853e+00  -1.7187469e+00
   2.0000000e+00  -4.5576424e-01  -7.7506446e-01  -9.2593384e-01  -4.7778054e-01   2.2361161e-01  -6.4188454e-02
   2.0000000e+00  -9.9692644e-01   1.2354767e+00  -1.3705089e+00  -1.9353142e+00   1.0729105e+00   1.0498024e+00
   2.0000000e+00  -8.2417078e-01  -6.5949640e-01  -4.7464033e-01   9.7717918e-01  -8.0978636e-01  -6.1050690e-01
   2.0000000e+00  -3.6321223e-01  -4.7691176e-01  -3.9812951e-01   2.4969906e+00   8.7780220e-01   1.5281452e+00
   2.0000000e+00   1.5948861e+00  -9.7413315e-01  -7.5168563e-01  -5.5446380e-01   1.4926053e+00  -6.1880327e-01
   1.0000000e+00   2.2460089e-01   1.5372357e+00   3.9393584e-01   8.5820341e-01  -3.4637895e-01   2.7857236e-01
   1.0000000e+00  -3.0002625e-01   4.0301598e-01  -1.3716869e+00   2.2593381e+00   6.3102695e-01   1.2480000e-01
   2.0000000e+00   9.4166119e-01  -2.0691440e+00   7.5602515e-01  -7.5715568e-01  -2.3659624e+00   4.0587693e-01
   2.0000000e+00  -4.5399180e-01   5.9502907e-01   3.8649656e-01  -4.6987022e-01   1.0229795e+00   3.9025818e-01
   2.0000000e+00  -2.7573602e-02   2.3437663e-01  -2.4485903e-01   1.6360187e+00   5.8862238e-01  -8.1249373e-01
   1.0000000e+00   3.7108811e-01   4.7631263e-02  -7.8189938e-01  -1.6226756e+00   4.7077902e-01   3.8564264e-02
   2.0000000e+00  -5.1250690e-01   5.8549221e-01  -9.6840666e-02   5.5156129e-01  -5.1372266e-02  -7.7904523e-01
   2.0000000e+00  -1.4957066e+00   2.5415042e-01  -8.0770093e-01   6.0493993e-01   1.3896815e+00   6.3317280e-01
   2.0000000e+00   5.9164056e-01   5.0188441e-01  -1.3871234e-01  -2.2832041e-01  -1.9171880e-01  -1.6115089e+00
   2.0000000e+00   1.1341941e+00   4.8698087e-01   1.0119014e+00   3.6548358e-01  -6.5615636e-01   8.1567392e-01
   2.0000000e+00  -2.3787879e-01  -1.0920266e+00   8.1811006e-01   1.3051242e+00  -1.7628267e+00   5.8488860e-01
   2.0000000e+00   3.5646356e-01  -7.9446041e-01   9.7033294e-01   1.3750279e-01   8.4690496e-01  -1.6073222e+00
   1.0000000e+00   4.1806797e-01  -5.6072072e-01  -7.0942019e-01   7.9233420e-01  -6.3884837e-01   3.2020261e-01
   2.0000000e+00  -2.0968854e+00  -7.8693330e-01   6.5624030e-02  -4.1647462e-02  -8.6172758e-01  -3.1124421e+00
   2.0000000e+00   1.3335347e+00   1.1220597e+00  -1.5016285e+00   2.5494640e-01  -4.7946816e-01  -1.8062030e+00
   1.0000000e+00   8.1694498e-01  -6.7004064e-01  -1.9915059e-01  -1.1056113e+00   3.8177433e-01   9.1530275e-01
   2.0000000e+00   1.0056805e+00  -9.9056196e-02   1.8208097e-01  -8.2145618e-01  -7.7689848e-01   1.9856599e+00
   1.0000000e+00   1.9224747e-01  -1.4665696e+00   1.3776259e+00   2.0257321e+00   7.7831751e-01   2.6927661e-01
   2.0000000e+00   9.8950259e-01   5.4253763e-01  -1.4233373e+00   9.1150251e-01  -2.8313578e-01   1.3266906e+00
   2.0000000e+00   1.9948063e-01   1.5883030e+00   1.8999173e+00  -1.7114981e+00  -1.3678951e+00  -2.4832655e-01
   2.0000000e+00  -4.6557129e-01   7.2638726e-01  -6.9509405e-01  -9.4587101e-01  -7.0813252e-01  -6.4452340e-01
   2.0000000e+00  -8.0790252e-01   1.2446396e+00   3.5143742e-01   3.3563951e-02   2.9299201e-02   1.2776085e+00
   1.0000000e+00   5.5020944e-01  -1.3121949e-01  -3.9707657e-01   5.4608784e-01  -8.0200535e-01   1.4901250e-01
   2.0000000e+00  -2.4918827e-01  -6.8502986e-01  -4.7688595e-01   1.2535681e+00   5.5529368e-01  -1.0031334e+00
   1.0000000e+00   3.3822731e-02   1.4226306e+00   2.0757243e-01   6.0150113e-01   6.7800752e-01   1.9637719e-01
   2.0000000e+00  -1.3979437e+00  -2.1038809e+00   6.0673617e-01   7.1415155e-01  -2.5837273e+00  -4.0768424e-01
   2.0000000e+00   4.8105550e-01   3.8617590e-03   4.5025358e-01   1.6471445e+00   5.4695376e-01   1.1052798e+00
   2.0000000e+00   3.8020012e-01  -2.0048410e-02   1.6943039e+00  -8.0876252e-02  -1.3383822e+00   4.1666878e-01
   2.0000000e+00  -1.8348427e+00  -2.8701300e-01   1.4024460e+00  -1.8131509e+00  -1.1385254e+00  -3.0955469e-02
   2.0000000e+00   3.7045901e-01  -8.9837096e-01  -1.0791496e+00  -2.9673192e-01   1.2294316e-01  -1.0742805e-01
   2.0000000e+00  -3.9237439e-01  -7.4723131e-01   2.8191462e+00   9.6780590e-01   1.2057331e+00   9.1698666e-01
   2.0000000e+00   2.3484817e-01  -1.5597828e+00   2.0205960e-01   1.5987078e+00   3.9948331e-01  -9.6462919e-01
   2.0000000e+00  -9.6219546e-02   6.9614785e-01   9.5421032e-01   1.4363114e-03  -1.3798257e+00   8.4473971e-01
   2.0000000e+00   7.3863240e-01   2.4328264e-01  -3.2841212e-01   5.8932377e-01  -1.0996296e+00  -1.2822167e+00
   1.0000000e+00   1.1483530e+00  -1.0615122e+00  -3.5874503e-01   1.0074072e+00   1.6550716e-01   5.3807256e-01
   2.0000000e+00  -4.4782893e-01   7.1497570e-01   1.2093943e+00   8.1011049e-01   2.0514784e+00   2.0855484e-02
   2.0000000e+00   6.8713490e-01   2.9471956e-01  -1.2650983e+00  -9.8002862e-01  -2.1119637e-01  -6.4922879e-01
   2.0000000e+00   1.1063764e-01   8.3361036e-01  -1.5522757e-01  -3.5272505e-01  -5.9346428e-01   1.0503003e+00
   1.0000000e+00   1.1794188e+00   2.5759254e-01   6.5567277e-01  -1.0494337e-01  -7.9790126e-01   1.7471190e-01
   1.0000000e+00  -7.2796310e-01   5.0893276e-01   1.6081432e+00   2.4658441e-01   2.3070189e-01   8.5330969e-01
   2.0000000e+00  -1.1173191e+00  -2.7736046e-01  -2.8807062e-01  -6.2449763e-01   1.9883804e-02  -6.4683052e-01
   2.0000000e+00  -1.8207540e+00   5.6813453e-02   2.8245835e+00  -1.2641810e+00  -1.2302942e+00   7.4808317e-01
   1.0000000e+00  -6.6507486e-01   7.1383294e-02  -9.5127065e-01  -1.4944615e+00   1.3321548e-02   8.6709981e-01
   2.0000000e+00   8.6876017e-01   6.5332089e-01   8.1383763e-01  -9.9115071e-01   1.6393880e+00   3.8957686e-01
   2.0000000e+00  -8.0393895e-01   1.1302562e-01  -3.2321667e-01  -7.6608554e-01  -4.6885235e-01  -1.9029149e-01
   2.0000000e+00  -1.7606085e-01  -7.6551197e-01   5.8283558e-02   1.2037266e+00  -7.4331608e-01  -6.8035242e-01
   2.0000000e+00  -3.4059983e-01   9.3394158e-01  -3.9494136e-01   6.5843137e-01  -7.2509338e-01  -1.0363765e+00
   2.0000000e+00   1.8025994e+00  -5.1968657e-03  -1.0518369e+00  -4.4283887e-01   1.6735658e+00   4.9199534e-01
   1.0000000e+00  -8.5310090e-01   1.8774022e+00   8.5224824e-02   2.9476374e-01  -5.0257049e-01   6.5766640e-02
   2.0000000e+00  -3.5600415e-01  -4.4230085e-01   1.4705174e+00  -1.1498302e+00   2.4698476e-01  -5.4115660e-01
   2.0000000e+00   1.0977544e-01  -2.9592623e-01  -9.0644838e-01   1.9539022e-02  -1.3930237e+00   1.4242833e+00
   1.0000000e+00   4.3881498e-01   2.1882116e+00   4.1909230e-01  -1.2759835e+00  -2.1134734e-01   5.3937830e-01
   2.0000000e+00   9.2719649e-01   2.6572536e-02   1.4807190e+00  -1.3218591e+00  -2.6129846e-01  -1.4396113e+00
   2.0000000e+00  -6.0746532e-01  -4.9984004e-01   4.8450445e-02   1.7688310e-01  -4.1066526e-01  -1.3548775e-01
   2.0000000e+00   1.7454911e-02  -1.1674192e+00  -1.0134290e+00   2.5431159e-01  -1.2693409e-01  -1.4167320e-01
   1.0000000e+00  -1.2164965e+00   9.6637012e-01   8.5153844e-01  -2.2656135e-01   4.4461905e-01   8.4652060e-01
   1.0000000e+00  -8.9698628e-01  -1.4243968e+00  -6.8363234e-01   1.0688876e-01   4.2343188e-01   3.5513844e-01
   2.0000000e+00   5.8534456e-01  -1.0721161e-01  -3.4018176e+00  -8.1041117e-01  -2.5154013e-01  -1.8403023e+00
   2.0000000e+00  -1.8211476e+00   5.8670099e-01   7.3086613e-01  -8.3229597e-01  -1.2593195e+00  -8.3480872e-01
   2.0000000e+00   7.6085715e-01  -4.9936943e-01  -6.7385365e-01   3.7433677e-01  -9.3753434e-01   5.4337663e-01
   2.0000000e+00   1.5260092e+00  -6.6721498e-01   6.5724183e-01  -5.1681049e-01   4.7131902e-01  -1.4015544e+00
   2.0000000e+00   4.8622884e-01   1.6890036e+00   1.0661948e+00  -1.3669232e-01  -6.9838077e-01  -1.2433509e+00
   2.0000000e+00   7.2310520e-02   6.1620937e-01  -1.2038999e+00  -1.5105457e+00  -7.8088885e-01  -1.0359133e+00
   2.0000000e+00   9.6352333e-01   1.3774975e+00   1.7109587e+00   1.7007553e-02  -1.9394565e-01   1.7314872e+00
   2.0000000e+00   5.2475049e-01  -6.0527467e-01   5.4855952e-01  -3.3884919e-01   3.0655243e-01  -7.1999663e-01
   2.0000000e+00   1.1446823e+00  -2.1877180e+00   1.7537734e+00  -1.0835831e+00   1.8870538e-01   1.9367816e+00
   2.0000000e+00  -2.2342238e-01  -4.3700374e-01  -2.2169215e-01  -1.8751654e-01   1.6295994e+00   1.0864890e+00
   1.0000000e+00   2.5836026e-01  -1.2117472e+00  -1.6239362e+00  -6.9032458e-01   3.7087472e-01   5.7845734e-01
   2.0000000e+00   2.5038848e-01  -9.9250337e-01   4.4118413e-01  -3.3086735e-01   8.5370014e-01  -4.2910523e-01
   2.0000000e+00   7.7258377e-01   1.0097616e+00  -3.9265976e-01  -6.8803593e-02  -1.7154699e+00   5.0086624e-02
   2.0000000e+00   1.4503902e+00   2.3843537e+00   1.5144571e+00  -8.9784901e-01  -2.4308532e+00   1.3948928e+00
   2.0000000e+00  -1.1114226e+00   7.3897716e-02   2.7482085e-01  -7.8803006e-01   9.2184222e-01  -2.2777063e-01
   2.0000000e+00  -1.5703576e+00   5.8374039e-01   1.3958442e-01  -1.0356515e+00  -1.4430688e-01  -6.9337352e-01
   2.0000000e+00  -1.0963459e+00  -4.0826635e-01  -1.1126120e+00   6.8854421e-01  -1.6914506e+00  -1.1671409e+00
   2.0000000e+00   5.5349733e-01   1.2797654e+00   1.8230602e+00   7.9775132e-01  -9.3513764e-01  -1.2433710e+00
   1.0000000e+00  -7.5352788e-01  -8.4145952e-01   6.8784772e-02  -7.1988700e-01  -8.0975686e-01   1.9974598e-01
   1.0000000e+00  -8.6468205e-02   5.1467943e-01  -6.3304801e-02   6.7379951e-01   8.2233505e-01   3.7132428e-01
   2.0000000e+00  -1.4929078e-01   9.2873762e-01   6.3746553e-01   1.3947663e+00   1.3665405e+00  -7.2205262e-02
   2.0000000e+00   7.1470245e-01   8.2699363e-01  -9.1847004e-01   9.8582491e-02  -7.5793791e-01   6.7510375e-01
   2.0000000e+00   1.7534188e+00  -1.0175225e+00   1.0879693e+00  -1.1919581e+00   7.2801329e-01  -9.1769238e-02
   2.0000000e+00  -1.1861981e+00   2.2133667e+00   6.8832456e-01  -5.0590218e-01  -2.1288088e-01   1.0841932e+00
   2.0000000e+00  -1.8680483e+00  -2.5682322e+00  -8.4092082e-01  -3.1122666e-01  -2.0621396e-01   1.0530044e+00
   2.0000000e+00   1.1190934e+00   4.2139024e-01   5.8054474e-01   1.5226306e+00  -9.3499610e-01  -7.5814951e-01
   2.0000000e+00  -5.0673484e-02   2.2779497e-01   1.2402163e+00   3.9622310e-02  -1.6227694e+00  -5.5045344e-01
   2.0000000e+00   7.6720505e-03   5.7331366e-01   4.5127246e-01   1.3265458e-01   5.2195845e-01  -3.1503312e-01
   2.0000000e+00   9.4900581e-01   8.0475744e-01  -3.4584446e-01  -3.5808046e-01   3.9822661e-01  -2.9997262e-01
   2.0000000e+00   5.9054910e-01  -1.8897373e+00  -1.8444240e+00  -2.8188937e-01  -7.4947598e-01  -1.5256121e+00
   2.0000000e+00   9.5556398e-01   1.6187265e-01  -5.0538381e-01  -1.0689110e+00   6.1233507e-01  -1.3532432e+00
   2.0000000e+00   2.3353503e-01   1.1997845e+00  -5.0519368e-01  -2.1839421e-01   6.2028627e-01  -8.4518891e-01
   2.0000000e+00  -7.4633283e-01   1.2123131e+00   2.6470772e-01  -1.5655330e+00   5.5040407e-01  -1.4893967e+00
   2.0000000e+00   2.2131236e+00   1.5372844e+00   1.2749605e+00  -1.3391634e+00  -2.6937224e-01  -8.8888712e-01
   2.0000000e+00   6.9399696e-01  -3.9005615e-01   1.4710451e-01  -7.6251587e-01   5.3794597e-01  -7.5374869e-02
   2.0000000e+00  -3.9331730e-02  -9.6839205e-01   1.1417424e+00   1.2782139e-01   1.2752562e-01  -9.2002510e-01
   2.0000000e+00  -4.7642753e-01   2.9882635e-01  -1.1314429e+00   4.7053635e-01  -1.2873612e+00   1.9823121e-01
   2.0000000e+00   2.7028495e-01   3.9279540e-01  -7.7395009e-01   5.5501147e-01  -1.1372916e+00  -4.0719576e-01
   2.0000000e+00  -4.8399003e-01   4.5800712e-01   3.1794031e-01   4.6174138e-01  -6.6573530e-01   9.4147808e-01
   2.0000000e+00   1.0314953e-01   4.6536607e-01  -1.6910589e+00  -6.8083548e-01  -2.0159121e-01  -1.1503924e+00
   1.0000000e+00  -8.3926215e-01   8.2584853e-01   8.1248550e-01  -5.1424921e-01   2.1324175e-01   8.6886975e-01
   2.0000000e+00  -1.5565623e+00   1.4282341e-01   6.8066102e-01  -1.1838019e+00  -1.0611133e+00  -6.5829227e-02
   2.0000000e+00   7.3925831e-01   1.8720208e+00   1.0010735e+00  -1.0664094e+00   1.7352038e+00   5.4599671e-01
   2.0000000e+00   1.9476009e+00  -8.9578423e-01  -2.0696988e+00   6.6370737e-01  -9.7664232e-01   1.4225692e+00
   2.0000000e+00  -1.0962360e+00   3.1081273e-01  -1.2517290e-01  -1.3619994e+00   5.2928183e-01  -1.1425317e+00
   2.0000000e+00  -1.0207149e+00  -1.4448281e+00  -1.4051522e+00   8.4198415e-01   6.5029877e-01  -1.2232365e+00
   2.0000000e+00   7.0996668e-02   6.6590796e-01   4.6887852e-01   5.8769682e-01   1.1918544e+00   4.2462698e-01
   2.0000000e+00  -9.7574489e-01   2.1836871e+00  -1.6887161e+00  -1.9034681e+00   2.2369267e+00  -2.1246481e+00
   2.0000000e+00   1.1686968e+00  -3.4343724e-01   3.3518004e-02  -2.6365908e-01   1.6673906e+00   3.5603594e-01
   2.0000000e+00  -1.0155836e+00  -3.0140475e-01   1.7449677e+00   2.7687655e-01  -3.4652260e-01   1.1947349e+00
   2.0000000e+00  -1.0811840e+00   8.9909762e-02   8.7712467e-01   1.1726425e+00  -1.4059175e-01  -1.9885461e-01
   2.0000000e+00   5.3104322e-01  -5.0692239e-01   1.0256302e+00  -5.9584257e-01   7.1432542e-02  -7.4176922e-01
   2.0000000e+00   3.5919271e-01   1.4810602e+00   4.8676690e-02   1.5612226e+00   2.0159609e-01   1.3900670e+00
   1.0000000e+00  -7.9817679e-01   2.0995776e-01  -7.9665812e-01   3.6061957e-01   5.7840090e-01   4.4183074e-01
   2.0000000e+00  -2.5827993e-01   6.9569080e-01  -9.7885263e-01  -1.7096909e+00  -9.9434011e-01   4.1137820e-01
   2.0000000e+00  -6.6719605e-01  -1.3617847e+00  -1.0284277e+00   5.7859018e-01   8.4928886e-01   6.5780803e-01
   2.0000000e+00  -9.9432042e-01   6.3023420e-01   4.2956295e-01   1.6956021e+00   1.3413158e-01   1.8469705e+00
   2.0000000e+00   1.7549169e+00  -3.5749547e-02  -1.0252493e-01   4.0642614e-01   3.7787830e-01  -1.3410857e-01
   2.0000000e+00  -4.4212405e-01   1.5490964e+00  -1.1980558e-01   7.5052769e-01   6.4021643e-01  -4.7172988e-01
   2.0000000e+00  -1.2856040e+00  -9.1845835e-01   5.7630992e-02  -9.8564554e-01  -8.6463631e-01  -1.2670581e-01
   2.0000000e+00   3.0667377e-01   3.4982251e-02  -1.3561202e-02   1.6862683e-01  -1.6271251e+00  -1.5263084e+00
   2.0000000e+00   1.4790996e+00  -1.5964998e+00   1.6796950e+00   4.0466907e-01  -5.8382845e-01  -2.5263016e-01
   2.0000000e+00   1.1737943e+00  -6.8393835e-01   1.4432820e+00  -1.9932265e+00  -3.6249567e-01   1.0509820e+00
   2.0000000e+00   7.8631476e-01  -7.4050117e-01   6.6530627e-01   7.6929119e-01   4.1511648e-01  -1.4154485e-01
   2.0000000e+00   1.4014139e-01   4.9787912e-01  -1.1779491e-01   1.1163094e+00   6.3493292e-01  -5.8076548e-01
   1.0000000e+00   1.1329082e-01   7.1192524e-01  -5.6948546e-01   1.2369696e+00  -2.7664841e-01   9.2627458e-02
   2.0000000e+00   3.5270551e-02   2.9102318e-01  -3.3917951e-01   5.2060689e-01  -1.8035827e+00   7.0696197e-01
   1.0000000e+00   1.9477266e-01  -1.3943225e-01   8.3928434e-01  -1.4040450e+00   5.5877853e-01   3.9277531e-01
   2.0000000e+00   7.0687078e-01  -3.2892848e-01   5.2733116e-01   8.3082905e-01  -4.0485558e-01  -8.3870391e-01
   2.0000000e+00   1.0533410e-01  -1.3476970e+00  -1.1682726e+00  -1.0632319e+00  -3.7058692e-01  -6.9175897e-01
   2.0000000e+00  -1.0193997e+00   6.1651487e-01   6.6546811e-01   1.8706995e+00   1.0750648e+00  -9.2511722e-01
   2.0000000e+00  -1.4356403e+00  -3.4866442e-01  -1.3271625e+00   3.5367872e-01   2.3607284e+00  -7.6966440e-01
   2.0000000e+00   4.5758668e-01   4.1661317e-01  -1.9356858e+00   5.7816298e-01   2.2403466e-01  -5.3587001e-01
   2.0000000e+00   3.6087730e-01  -7.3819101e-01  -8.5081486e-01   2.8200496e-01   7.3090374e-01  -1.1395217e+00
   2.0000000e+00  -4.4490448e-01   4.0356546e-01   4.8403994e-01   2.4807737e+00   6.3911894e-02  -6.0699225e-01
   2.0000000e+00   6.5685486e-02  -2.9637926e-01  -1.4561986e-01   7.0747509e-01   2.4359593e-01  -3.7441483e-01
   2.0000000e+00   2.8674008e-02   8.5404953e-01   7.6778534e-01  -2.4079311e+00   4.4739307e-01  -4.1321512e-01
   2.0000000e+00   1.1680660e+00   3.9638866e-01   2.6616934e-01   2.0100588e-01  -1.2171635e+00   2.4275242e-01
   2.0000000e+00  -1.3666429e+00   4.1607176e-01  -2.1523974e-02  -2.0867431e-01   6.6630399e-01  -4.8167512e-03
   2.0000000e+00   3.1869944e-02  -1.4846798e+00  -5.0748154e-01  -2.1940598e-01  -1.2027127e+00  -1.3092798e+00
   2.0000000e+00  -8.2392575e-01   8.7392816e-01   1.6917626e+00   6.9384588e-02   1.6397109e-01   1.0154962e+00
   2.0000000e+00  -5.0356160e-01  -1.9115064e+00  -5.0746576e-01  -1.0840913e+00  -3.1719856e-01   1.4077000e+00
   2.0000000e+00   8.9801867e-01   1.3946259e+00  -1.3339007e+00  -4.6074593e-01   1.0634507e+00  -2.9479608e-01
   2.0000000e+00   7.8299307e-01  -2.0347409e-01   1.1786235e-01   7.5094319e-01  -8.1102483e-01  -4.2723391e-01
   2.0000000e+00   1.5845440e+00  -1.2774158e+00  -9.1256285e-01  -5.9390315e-01   2.0453181e-01  -2.4045207e-02
   2.0000000e+00  -8.3669536e-01   6.8334574e-01  -1.1540722e+00  -1.6853405e-01   5.2418688e-01  -2.1266366e-01
   2.0000000e+00  -1.1530032e+00   4.6790728e-01   3.0016185e-01   4.7373603e-01  -4.9794376e-01  -8.0146104e-01
   2.0000000e+00  -2.7246004e-01  -3.6780852e-01  -1.0764879e+00  -2.9617348e-01   5.0128443e-01  -9.8006762e-01
   2.0000000e+00  -5.2318974e-01  -1.6713208e-01   1.3301853e+00  -2.3783216e-01  -1.8051438e+00   5.0316065e-01
   2.0000000e+00   4.4673925e-01  -1.4259945e+00   8.0600868e-01   2.6184048e-01  -1.6134818e+00  -1.0908329e+00
   2.0000000e+00  -1.7377521e-02   1.4437804e+00  -9.3684774e-01   1.8855903e-01  -2.2698910e+00  -4.1927827e-01
   1.0000000e+00  -4.5775091e-01   4.8077438e-01   4.7064106e-01   9.9107364e-01  -3.7300691e-01   3.3817141e-01
   2.0000000e+00  -8.0651676e-01  -9.7153797e-01   1.7734561e+00   2.3930220e-01  -2.1912665e-01   1.7303587e+00
   2.0000000e+00  -4.6106582e-01  -2.1477607e-01   6.4159160e-01  -1.9010616e+00   2.4157551e+00  -1.3203985e+00
   2.0000000e+00   7.5387981e-01   1.8111911e+00   3.9135986e-01   1.7435335e+00  -1.1410284e+00  -5.0676792e-01
   1.0000000e+00  -3.4978114e-02  -3.9768303e-01   6.5882226e-01   1.7713300e+00  -2.5444964e-01   3.2534590e-01
   2.0000000e+00  -1.1711520e+00  -1.6216858e+00   6.1486848e-01  -2.4550208e+00   9.7390497e-01  -6.0499834e-02
   2.0000000e+00  -5.7498906e-01  -6.0342299e-01   9.9843891e-01   9.2330357e-01   1.4126365e-01  -8.6617682e-02
   2.0000000e+00  -4.2298283e-01   1.6594163e-01  -1.2398287e-01  -1.9616523e-02   5.4533732e-01  -6.6445305e-01
   2.0000000e+00   1.2816072e+00   1.2679909e+00  -8.0006641e-01   2.8816027e-01  -3.2770675e-01   9.5716960e-01
   2.0000000e+00   2.1081344e-01   7.1854362e-01  -2.4830251e+00   1.8099004e-01   5.7369836e-01  -2.1253690e+00
   2.0000000e+00  -8.7782308e-01   2.3269683e+00  -1.2208955e+00  -3.2700387e-01  -8.3831171e-01   9.3789463e-01
   2.0000000e+00  -4.8243329e-01  -8.2785232e-01  -4.2482887e-01  -6.3785640e-01  -2.1071137e+00  -6.2271364e-01
   2.0000000e+00  -1.4508876e+00  -1.0742908e+00  -1.3831057e-01  -7.6430101e-01   1.0680189e+00  -4.0241133e-01
   2.0000000e+00  -7.4702733e-01   3.5730746e-01  -6.5967350e-01  -1.2616224e-01   9.2261546e-01   9.5315990e-01
   2.0000000e+00  -1.8354694e-01  -7.1269778e-01  -6.9036710e-01   2.0965269e-01  -1.5880521e+00   8.9956041e-01
   2.0000000e+00  -4.4945214e-01   2.2667282e-01   1.3080335e+00  -1.6303878e+00   5.9768378e-01   8.1702457e-01
   1.0000000e+00  -7.4405001e-01  -4.5792910e-02  -3.6919748e-01  -3.9389329e-01  -3.3537620e-01   7.6233067e-02
   2.0000000e+00   1.5524823e+00  -2.1311356e+00   9.9015259e-01   4.5014024e-02  -7.5027676e-01   1.4665103e+00
   2.0000000e+00  -1.7937976e+00   6.5711179e-01   3.8067104e-01  -7.0952688e-02   1.0115713e+00  -1.2833800e+00
   2.0000000e+00  -1.2116657e+00  -9.5755120e-01  -1.4242515e+00   5.0992180e-01   1.9560253e-01  -3.3125544e-01
   2.0000000e+00   1.9993007e-01  -3.1348902e-01   1.3119924e+00  -1.3739380e+00  -4.0528641e-01  -2.1064337e-01
   2.0000000e+00   2.2819593e+00   3.4351560e-01   5.1450308e-01  -2.1635934e+00  -7.7017058e-02  -6.2362939e-01
   1.0000000e+00   2.6155638e-01   2.7263447e-01   2.7224445e-01   6.8248667e-01   1.6980723e-01   7.4125479e-01
   1.0000000e+00   1.5804812e+00   5.2575012e-01  -3.0239111e-01   4.0014794e-01  -5.4590560e-03   6.4178004e-01
   2.0000000e+00  -1.1087800e+00   1.2064834e-01   7.2536147e-01   1.0857715e+00  -2.6735357e-01  -8.6628929e-01
   1.0000000e+00   2.8547726e-01   2.4384707e-01  -1.4393274e+00  -2.4652145e+00  -3.1800421e-01   9.3119227e-02
   2.0000000e+00  -7.7858541e-02  -1.3177726e+00  -1.3592944e+00   1.3460162e+00  -8.6344208e-01   6.8900449e-01
   2.0000000e+00  -6.2408996e-01   6.4447213e-01   1.5806825e+00   2.2857861e+00  -1.5858898e+00  -1.6587898e-01
   2.0000000e+00   3.3768003e-01  -5.2481774e-01  -1.5403802e+00   1.4313505e+00   8.2207938e-02   1.4452253e+00
   2.0000000e+00  -2.4559911e-01   6.1723435e-03  -5.5126555e-01  -2.0342688e-02  -1.4256684e+00  -1.1911724e+00
   1.0000000e+00   1.4547720e+00  -2.0943344e+00  -5.0891782e-01   5.6117408e-01  -7.2289211e-02   3.9401361e-01
   2.0000000e+00  -9.1049516e-01  -2.4092179e-01   4.3986646e-01   5.6717859e-01   1.7588176e+00   2.1079234e-01
   2.0000000e+00  -2.8763327e-01  -2.1223288e+00  -2.4330925e-02   1.5217768e+00   2.6776580e+00   1.5787257e+00
   2.0000000e+00   1.3410253e+00   8.9223503e-01  -4.5595774e-02   3.6686406e-01   1.0434461e+00  -1.0266411e+00
   2.0000000e+00   2.9611545e-02   1.8148712e-01  -2.4767840e-01   3.7605148e-01  -2.1842417e+00  -1.2633828e-01
   2.0000000e+00  -1.1027792e+00   1.0907642e-02  -6.1390860e-01  -6.8087430e-03  -7.5639999e-01  -4.3854761e+00
   1.0000000e+00  -1.2646330e+00  -1.0431604e-01   1.7373277e+00   7.7124421e-02  -8.4446721e-01   9.0094646e-02
   2.0000000e+00   1.7709283e-01  -9.1355436e-01  -3.1242630e-01  -1.2199137e-01   4.4539865e-01  -1.7844283e+00
   2.0000000e+00   5.8561609e-01   1.6268382e+00  -2.4285336e-01  -1.5822250e+00  -1.3549976e-01  -2.2056830e+00
   2.0000000e+00  -6.1047818e-01  -1.7117351e+00   7.4901473e-01   1.1760216e+00   4.8473794e-01  -8.9407146e-01
   2.0000000e+00   2.2135244e+00  -1.0309836e+00   2.6107597e-01  -8.9236978e-02  -1.3103351e+00  -1.9113215e-01
   2.0000000e+00  -3.6572402e-01   7.2252489e-01  -1.8333434e+00  -9.9351711e-01  -3.9507404e-01  -1.5475438e+00
   2.0000000e+00  -7.9314784e-01   1.6518800e+00  -5.8868476e-01   2.7159444e+00   9.9834916e-02  -7.7810439e-01
   2.0000000e+00  -1.0726927e+00   5.4198342e-01   7.7832003e-01   1.2557360e+00   7.0026726e-01  -1.8911072e-01
   1.0000000e+00  -3.2420318e-01   1.0531275e+00  -1.3614674e+00  -6.0641053e-01  -4.6987055e-01   6.8552723e-01
   2.0000000e+00  -3.3506008e-01  -1.2015151e-01  -5.2399044e-01   1.7674769e+00  -5.1562733e-01  -1.6740967e+00
   2.0000000e+00   9.9440313e-01  -2.5984342e+00   6.4311976e-01  -1.5993784e-01  -2.2245807e-01  -6.4611611e-01
   2.0000000e+00  -5.4352985e-01  -2.1365252e-01   3.7015697e-01   4.2841283e-02  -1.7057612e-01  -1.5391159e+00
