   2.0000000e+00   1.3324953e+00  -3.2391865e-01   1.6699553e+00   1.0622483e+00  -1.4498041e+00  -1.1071991e+00
   2.0000000e+00  -1.7948557e+00   5.2649981e-01  -7.1152702e-01   3.8784788e-01   1.8962398e+00  -7.0509273e-01
   1.0000000e+00   5.2817925e-01   4.4660105e-01  -7.5118683e-01  -1.1568602e+00   5.8413590e-02   8.5080606e-02
   2.0000000e+00  -8.4144846e-01   6.7157990e-01  -7.9140882e-01   1.6500373e+00  -1.0296519e-03  -9.2688243e-01
   2.0000000e+00  -1.3361776e+00   2.7079664e-01   5.9488449e-01   7.0535645e-01   2.8019195e-01   7.0819582e-01
   2.0000000e+00  -1.3594035e+00  -4.4570754e-01   1.5012126e-01   3.9186387e-01   1.5891336e+00  -1.8497638e-01
   2.0000000e+00  -1.7061323e+00  -4.6014381e-01   9.2481953e-01  -5.9162020e-01  -2.6453362e-01   1.5050345e+00
   2.0000000e+00   9.8132407e-01   1.9983651e+00   1.3715035e+00   1.5829772e+00   5.4804478e-03   1.1838044e+00
   2.0000000e+00  -1.0063732e-01  -1.9563050e+00   5.8239401e-01   2.0705804e-01   1.4736389e+00  -3.3810606e-02
   1.0000000e+00   1.8337676e-01  -3.5206184e-01   7.5568605e-01  -2.2796115e+00  -2.8413854e-01  -4.7875789e-01
   1.0000000e+00   6.7744069e-02  -5.0147530e-01   3.5902633e-02  -3.9037883e-01  -4.4478836e-01   1.8560814e+00
   2.0000000e+00   2.5948824e+00   2.1207003e-01  -8.5879742e-01   7.7194857e-01  -1.0290856e+00   5.5520568e-01
   1.0000000e+00   2.7264591e-01   2.0416797e-01  -6.8472993e-01   2.2607702e-01  -1.1395999e+00  -5.8780005e-01
   2.0000000e+00  -3.5668732e-02   1.8660753e+00  -6.6070007e-01  -8.6218196e-01  -1.7635137e+00  -2.4023199e-01
   2.0000000e+00   2.4279393e-01  -6.8531105e-01   1.2213028e+00  -1.2248384e+00  -7.7999602e-01  -1.8451766e+00
   2.0000000e+00  -3.9798213e-01   2.5406016e-01   2.0279052e+00  -2.3523556e+00   1.7683004e+00  -1.3609379e+00
   1.0000000e+00   9.3533223e-01   3.5839920e-01   1.5868416e-01   7.6395967e-01  -6.7335712e-01  -2.2594469e-01
   2.0000000e+00  -3.6961676e-01  -1.4880676e+00  -5.5636796e-01   2.2045732e+00   1.1346466e+00  -1.7296870e+00
   2.0000000e+00   1.5228445e+00  -2.4713179e-01   3.1512304e-01   1.0298703e+00  -1.5741615e+00  -1.7035238e+00
   2.0000000e+00   2.7268913e-02   1.5730617e-01  -2.1451385e+00   3.5575162e-01   1.8207399e-01  -1.0062199e+00
   2.0000000e+00   8.5024539e-01  -1.1174572e+00   8.8524619e-01   1.3070649e+00  -7.2663045e-01   1.9118375e+00
   1.0000000e+00   8.8210867e-02  -1.0553105e+00   2.1685655e-01  -8.8645337e-01   1.1524402e+00   1.0278831e-01
   2.0000000e+00   6.0117900e-01  -1.0068564e+00  -8.9480268e-01  -8.0977321e-01  -7.1629709e-01   8.1485866e-01
   2.0000000e+00   1.2964990e+00  -4.6602391e-01   2.2573526e-01  -5.2195384e-01   1.6625979e-01   9.5604775e-01
   2.0000000e+00  -2.4062659e-01   5.3796669e-01   3.1696645e-01  -3.4497269e-03  -1.6297998e-02   6.6464160e-01
   2.0000000e+00  -1.3333715e+00  -1.1840181e+00   9.4985830e-02   1.6367177e+00  -8.6982941e-02  -2.6258848e-01
   2.0000000e+00  -1.2283863e-01   3.9017466e-01   7.1025296e-01   3.0047259e-01   1.7448076e+00  -5.6636840e-01
   2.0000000e+00  -3.2682966e-01   4.8923633e-01   1.0674732e-01  -4.3387970e-01  -7.0711480e-02  -2.3266292e-01
   2.0000000e+00  -1.5429420e+00  -8.8213020e-01   1.0497338e+00   2.6942037e-01   1.3188578e+00   8.0226250e-01
   2.0000000e+00   1.5086120e+00   3.2968912e-01  -7.0119844e-01  -1.6548576e+00   1.3770916e+00  -1.9794984e+00
   2.0000000e+00   1.6673561e+00   5.6296017e-01   1.5594374e-01   1.6696021e+00  -4.0262080e-01   5.4592469e-01
   2.0000000e+00  -1.6708463e+00   1.5129540e+00  -3.8688386e-01  -9.6851945e-01  -9.2863319e-01  -6.8608531e-01
   2.0000000e+00  -1.0587986e+00  -1.7533203e+00  -1.0447606e-01  -3.1274727e-01  -2.4221488e-01   1.3226249e+00
   2.0000000e+00  -6.9654680e-01  -2.2188360e-01  -6.4432187e-01   8.9631592e-01   1.3047006e+00  -1.0914928e-01
   2.0000000e+00  -3.4202063e-01  -1.1928824e+00   1.9020247e+00  -1.5543275e+00  -7.9564165e-01  -1.8844136e+00
   2.0000000e+00   2.5209382e-01   8.7285099e-01   1.5404127e+00   1.1623920e+00   6.0842892e-01  -3.3991884e-01
   2.0000000e+00  -8.7926158e-02  -2.0667517e+00   4.9350309e-01   5.7946582e-01   1.4016027e+00   1.2579555e+00
   2.0000000e+00  -1.3234343e+00  -8.5670212e-01  -6.3883452e-01  -3.0289517e-01   4.1340203e-01   3.5033997e-01
   1.0000000e+00   4.4176915e-01  -9.9521371e-01  -2.0813255e-01   9.0188263e-01  -3.2882950e-01  -5.7186437e-01
   1.0000000e+00   1.7248805e-01   8.5673545e-01  -8.1572956e-01   6.3878488e-01   9.1326864e-01  -1.6553699e-01
   2.0000000e+00   1.2838772e+00  -8.6608919e-01   6.1091773e-01   1.1939181e+00   2.2410038e-01  -5.0962454e-02
   2.0000000e+00  -3.8555044e-02   1.9288923e-01  -8.4925746e-01   6.1193243e-01  -7.7329212e-01   6.1768201e-01
   2.0000000e+00   1.4389269e+00   6.5664063e-01   1.1002893e-01  -1.0362391e+00   1.1014884e+00   5.0799594e-01
   2.0000000e+00  -1.5121223e+00  -1.4736584e-01  -1.7535858e+00   5.6822150e-01  -9.8968044e-01  -7.6195839e-02
   1.0000000e+00   3.5570729e-01  -2.0268966e+00  -5.1900243e-01   3.8832845e-01   3.7665129e-01   4.8126623e-01
   2.0000000e+00   1.9586005e-01  -4.1347468e-01   1.5881823e+00   8.1158268e-01  -1.6254319e-01   3.1283867e+00
   1.0000000e+00   1.2699869e-01   1.2527930e+00  -4.0440782e-01   1.5772937e-01   1.7273865e+00   5.6635461e-01
   2.0000000e+00  -4.5562425e-01   8.8911448e-01   1.3063268e+00   5.8653721e-01  -1.3450571e+00  -1.9398059e+00
   1.0000000e+00   8.4457738e-01  -1.0280129e+00  -3.2199964e-01   5.9843868e-01   3.0881508e-01   9.2530703e-02
   2.0000000e+00  -1.2440778e+00   9.7103185e-02  -7.8128095e-01  -7.0078923e-01  -5.0414124e-01   1.6936733e-01
   2.0000000e+00  -9.1322730e-01  -1.0018936e+00   1.2408912e+00  -2.0687848e+00  -6.1211303e-01  -2.4102066e-01
   2.0000000e+00  -6.4672622e-01   1.9496533e-01   6.0937676e-01   1.0059526e+00   3.8595566e-02   7.2570590e-01
   2.0000000e+00   1.2038653e+00   1.7309939e+00   1.1967744e+00  -6.9668801e-01  -9.6732022e-01   4.8387910e-01
   2.0000000e+00  -1.6405085e+00   5.2214529e-01   1.3532965e-01  -1.0238122e+00   1.1732168e+00   4.4586604e-02
   2.0000000e+00  -2.8626874e-01  -4.7497597e-01   1.5627279e+00   9.7383267e-01   1.3219220e+00  -5.3428168e-03
   2.0000000e+00  -1.1804707e+00   5.8570982e-01  -4.9722744e-01  -5.6834199e-01  -1.6161626e-01   2.7417121e-01
   1.0000000e+00   3.9811832e-01   5.1632374e-01   6.3238608e-01  -1.5428691e-01  -1.8676406e-01  -4.4601424e-02
   2.0000000e+00  -1.8851168e+00   2.1621148e+00  -9.1702659e-01  -1.4375273e+00   9.2302855e-01   1.9259829e+00
   2.0000000e+00  -1.5826993e+00  -1.1728344e+00  -2.1992538e-01  -1.0911381e+00  -7.3394406e-01  -7.6960660e-01
   2.0000000e+00  -5.1504486e-01   8.9585585e-01   2.1024900e+00  -4.8393877e-01   3.7804151e-01  -1.9365727e+00
   2.0000000e+00   2.4064866e+00  -3.8197386e-01  -3.6453321e-01   5.5868398e-01   7.2429462e-01   2.0560322e+00
   1.0000000e+00   5.0877252e-01  -1.2052087e+00  -4.0102253e-01  -1.1991098e-01   4.4641699e-01   2.0569410e+00
   2.0000000e+00  -1.6166003e-01  -1.1633981e+00   2.9082417e-02  -1.9332114e+00  -5.3275415e-01   2.6446502e-02
   2.0000000e+00  -1.2619881e+00   1.8457647e+00  -6.9179123e-01  -4.5315828e-01  -1.3089385e+00   1.1817668e+00
   2.0000000e+00  -1.3850528e+00  -1.6838026e+00  -1.3227404e+00   6.1251383e-01  -6.8169551e-01  -6.7322529e-01
   2.0000000e+00   1.4678541e+00  -3.5154717e-01  -4.9187412e-01   8.4198566e-01   8.4917381e-01  -9.5106970e-01
   2.0000000e+00   2.1426457e+00  -4.7395721e-01  -4.6786750e-01   1.1685823e+00  -1.3190638e-01   9.3608373e-01
   2.0000000e+00  -4.0583810e-01   1.2180365e+00  -6.5554532e-01  -4.1113943e-01   9.3857742e-01  -1.3547817e+00
   2.0000000e+00  -2.5266141e-02   5.1691521e-01   3.0779822e-01   2.1653650e+00  -1.3059014e-01  -1.3149890e+00
   2.0000000e+00   1.0260563e+00   1.7507308e+00   9.0786786e-01   1.9167809e+00   1.0934201e-01   6.3775786e-01
   1.0000000e+00   4.4461343e-01  -8.5869085e-01   5.5650336e-01  -2.2253593e-01  -2.2989968e-01  -1.4866131e-01
   1.0000000e+00   1.3816647e-01  -5.5641781e-02  -6.5442915e-01  -1.7936870e+00  -5.0529970e-01  -3.8318058e-01
   1.0000000e+00   1.7380067e-01  -1.1267366e+00   9.8956609e-02  -7.6185082e-01   2.4598143e-01   5.1367015e-02
   1.0000000e+00   9.3149911e-01   1.2473326e+00  -2.0532980e-01   9.0088771e-03  -1.8855410e-02   8.5160823e-01
   2.0000000e+00  -7.3822853e-01   2.2336637e+00  -8.6508418e-02   1.5858008e-01   1.1938274e+00  -1.1175254e+00
   2.0000000e+00   6.7218670e-01   1.1698232e+00  -9.4232040e-01   1.0062164e+00  -5.4614667e-01   1.9368646e-02
   2.0000000e+00  -1.1882895e+00  -5.0202752e-01  -2.8446658e-01   4.6986578e-02   1.4285604e+00  -1.7407770e-01
   1.0000000e+00   6.7599215e-02   3.0873098e-02  -4.3750666e-01   6.6602538e-01  -1.3791407e+00  -4.1725494e-01
   1.0000000e+00   1.3555484e-01  -1.4227185e-01  -5.0746963e-01  -1.3801765e+00   4.1129765e-01   1.1630340e+00
   2.0000000e+00  -1.0571286e+00   4.4468295e-01  -7.5592319e-01   2.0311346e+00  -2.6854184e-01   1.1809510e+00
   2.0000000e+00   3.4062899e-02  -1.0838622e+00   1.3969695e+00   6.8501062e-01   4.7181276e-01   5.1759847e-01
   2.0000000e+00  -2.4045960e+00   2.2515966e+00  -2.2466159e-01   7.1305072e-01  -1.0515660e-01   8.3164653e-01
   2.0000000e+00  -3.8671824e-01   7.0376009e-01  -1.0369246e+00   1.1750123e+00   7.7252247e-01  -2.5723789e-01
   2.0000000e+00   1.2009672e+00   3.0240739e-01   3.0694236e+00   1.4055441e+00   1.6186132e+00   1.3411378e+00
   2.0000000e+00   1.2705232e+00  -8.2654519e-01  -8.1877053e-01  -6.1717546e-02  -8.8313524e-01   7.2196882e-02
   2.0000000e+00  -1.8486859e+00   4.0420685e-01  -7.1225598e-01  -1.0338664e+00  -2.4503046e-01  -9.7450882e-01
   2.0000000e+00   2.0282263e+00   6.4882944e-01  -2.0256952e-01   5.8135514e-01   8.0480271e-02  -4.9885381e-02
   2.0000000e+00   1.7924437e-01  -4.0924166e-01  -9.8431136e-01  -9.9222642e-01   5.4574762e-01   1.6103834e+00
   2.0000000e+00   6.8370322e-01  -1.5919479e-02   4.5062112e-01  -6.0735050e-01   2.3973966e+00   4.3378396e-01
   2.0000000e+00   1.0623166e+00  -1.5142947e+00  -6.3229125e-01  -7.8967866e-01  -7.0516017e-01  -2.1315925e-01
   2.0000000e+00  -1.5002377e-01  -7.1475123e-01   5.9976457e-01   2.3014374e+00  -8.2742320e-02  -1.0584551e+00
   2.0000000e+00  -2.4232930e+00   1.0231829e-01   1.8453578e+00   4.8796680e-01   1.6238287e+00   1.2704295e+00
   2.0000000e+00  -1.9261105e+00  -5.3682029e-01  -1.5783603e+00   1.5524978e+00   1.1806048e-01   7.3319911e-01
   2.0000000e+00  -6.7345496e-01  -4.9995280e-01   1.0947779e+00  -1.8728023e+00   6.7338705e-01   2.3739185e-01
   2.0000000e+00  -1.3646781e+00   1.5790125e+00  -5.9159450e-01  -1.5404383e-02  -6.9668074e-01  -6.5515365e-01
   2.0000000e+00  -2.1678853e-01  -7.3300037e-01  -4.3808642e-01   2.8075525e+00   6.4616817e-01  -2.8296133e-01
   2.0000000e+00  -2.4661805e-01   1.4471056e-01   3.6615276e-01   1.4417333e+00  -4.1677270e-01   7.0572406e-01
   2.0000000e+00   2.1132028e+00  -6.3184876e-01   1.4666798e+00   6.2992196e-01  -7.8105498e-01  -1.3767315e+00
   2.0000000e+00  -1.0256025e+00   8.7567594e-02  -4.9398855e-01  -9.1961633e-01   1.2628254e+00  -5.2310854e-01
   2.0000000e+00  -3.7275797e-01  -1.4150544e+00   4.9364423e-02   1.2570420e+00  -4.0979767e-01  -2.6801089e-01
   1.0000000e+00   5.5947165e-01  -2.4776816e+00   1.0975071e-01  -6.1424268e-02   7.3224416e-01  -4.8708949e-01
   2.0000000e+00  -7.2432317e-01   2.7576028e+00  -9.9854129e-01  -1.2047265e+00   7.4381173e-01   1.9134253e+00
   2.0000000e+00   1.2238489e+00  -7.3821082e-01   7.1109875e-01  -6.7309133e-01  -7.8215091e-01   1.1415681e+00
   2.0000000e+00   2.2784686e+00   3.0633156e-02  -1.4224650e+00  -1.2386625e+00   4.3130842e-01  -1.2542161e-01
   2.0000000e+00   1.5339806e+00   1.3401719e+00   5.0253726e-01   4.4630438e-01  -9.4043277e-01  -1.2256454e+00
   2.0000000e+00   4.4641244e-02   2.2355028e-02   1.0734616e+00  -6.3522604e-01  -3.2316744e-01   1.4298498e-01
   2.0000000e+00   5.8036722e-01  -4.2302683e-01   1.0725224e+00   6.1885620e-01  -7.6007047e-01   1.0850446e+00
   2.0000000e+00  -1.4886827e+00  -5.4269846e-02  -3.1570569e-01  -2.2632114e-01  -8.9055575e-01   6.9955272e-01
   2.0000000e+00   3.7545236e-01  -1.1142019e+00   1.6547903e+00  -1.0893197e+00   2.8681291e-01   2.9692291e-01
   2.0000000e+00  -4.4784267e-01   1.4186414e+00  -8.9809641e-01   1.0223653e+00   1.8780880e-01   1.0790994e+00
   2.0000000e+00   3.9873239e-01  -8.1654539e-01  -1.1211023e+00  -3.9175552e-01   3.7538674e-01   4.8571825e-01
   2.0000000e+00   1.4983364e+00   5.6215657e-02  -9.2285020e-01  -1.3601456e-01  -1.9838128e-01   6.6180369e-01
   2.0000000e+00   7.9572496e-01  -4.7913285e-01   1.0614671e+00  -7.2793190e-01   6.9131881e-01   4.9613873e-01
   1.0000000e+00   6.8559399e-01   5.1639735e-01  -4.6888620e-02  -6.9732048e-01   1.6855749e+00   1.0045681e-01
   2.0000000e+00  -5.3384465e-01  -9.9343924e-01  -2.4246345e+00   1.3612342e+00  -1.2510829e+00  -1.5970940e+00
   1.0000000e+00   6.0867417e-01   8.3547062e-01  -3.5462159e-01  -2.2092875e+00  -8.4749383e-01   9.4644639e-03
   2.0000000e+00  -1.2528614e+00  -2.1156534e+00   5.6694207e-01  -1.3006722e+00  -1.5032733e-01   7.3446079e-01
   1.0000000e+00   4.1164086e-01  -3.3536185e-01   3.9513944e-01   4.0325336e-01  -2.3323500e-01   1.4044125e-01
   2.0000000e+00   2.0708518e+00   2.5458768e+00   1.5439752e+00  -1.1378294e+00   4.8151233e-01  -5.8314049e-01
   2.0000000e+00  -1.7877084e+00  -1.0973146e+00   2.4176104e+00   4.1071885e-01  -1.4296093e+00   7.3827345e-01
   2.0000000e+00   8.6473435e-01   6.2192226e-01   8.3681694e-01  -1.7470489e-01  -1.4167852e-01  -2.1901692e-01
   1.0000000e+00   2.8203283e-01  -7.4344636e-01  -9.1233400e-01   5.4394476e-01  -5.1344583e-02  -6.0120247e-02
   2.0000000e+00  -4.2852857e-02  -3.0377160e-01  -2.5187697e-02  -3.1662360e-01  -1.9220488e-01   2.4901608e-01
   2.0000000e+00  -1.0551307e+00  -4.1388441e-01   3.4616775e-01  -3.9628817e-01   4.2321252e-01  -3.8874028e-01
   2.0000000e+00  -7.2642100e-02   8.7484986e-01   1.5203061e+00  -3.1590729e-01   1.1956441e-01   3.0753574e-01
   1.0000000e+00   2.9793922e-01  -3.9846359e-01   5.3148387e-01  -6.7684700e-01  -5.1642415e-01  -4.7649793e-01
   2.0000000e+00  -6.0674998e-02  -1.9219105e+00  -4.0787759e-01   4.9725879e-01   1.1061404e+00   9.4655231e-02
   1.0000000e+00   1.3538476e-01  -1.0785940e+00   2.1790325e-01   3.3332627e-01  -6.0363963e-01  -1.6840812e+00
   2.0000000e+00   2.7058372e-01   1.7214708e+00  -1.1655626e+00   8.8103520e-01   8.6583910e-02  -5.0856390e-01
   2.0000000e+00  -2.1109035e+00   1.3168450e+00   5.5968165e-02  -1.4476799e+00   5.1420512e-01  -9.9115402e-01
   2.0000000e+00  -2.8912256e-01   3.7704436e-01  -1.1786956e+00   8.4302827e-01  -1.2286177e-01  -5.3244988e-01
   2.0000000e+00  -1.6584971e+00   1.8049650e+00   6.8475168e-02   1.3811362e+00  -1.1305742e+00   1.8807716e-01
   2.0000000e+00   6.1071747e-01  -1.3940319e-01   1.4494183e+00  -1.3781978e+00  -4.2490931e-01  -1.7796434e+00
   1.0000000e+00   3.8949881e-01   1.3454364e+00  -8.1488984e-01  -1.6100957e-01   1.9368116e+00  -1.1308398e+00
   2.0000000e+00   1.0686367e+00  -1.5635939e+00  -4.6803097e-01  -7.2513354e-01   5.6627184e-02   1.2463846e+00
   2.0000000e+00  -8.0583173e-01  -9.9459497e-01   7.6505400e-01   8.5798230e-01   5.3058048e-01  -8.4011351e-01
   2.0000000e+00  -1.9127980e-01   2.8738659e-02  -9.5097666e-01  -2.2711374e-02  -6.9771024e-01   3.9758826e-01
   1.0000000e+00   7.7598446e-02  -9.0612873e-01   6.9234567e-01   1.6026008e+00   1.3160493e+00  -2.0098662e+00
   2.0000000e+00   4.5086314e-01   2.6002810e-02  -1.6581532e+00   2.0134160e+00  -1.0143050e+00   2.0129771e-01
   2.0000000e+00   1.3845527e+00  -4.4877803e-01  -1.4379105e+00   8.6760381e-01   2.2948018e+00   2.2445176e-01
   1.0000000e+00   7.2250556e-01  -7.3371853e-01   2.1416017e-01   4.1707550e-01  -1.0319240e+00  -8.4328993e-01
   2.0000000e+00  -8.9498553e-01  -1.7257710e-01   3.6476845e-01   1.1108381e+00   1.7167784e-02   4.7498346e-01
   2.0000000e+00  -4.8277474e-01  -2.7869013e-01   6.4492281e-01  -6.2441879e-01   1.1166734e+00  -1.6490689e+00
   1.0000000e+00   4.4197651e-01  -8.1151442e-01   7.0982184e-01   8.0942325e-01  -6.3494764e-01   7.1898422e-01
   2.0000000e+00  -6.0088027e-01   1.2067682e-01   2.1187394e+00  -1.3051704e-01   5.2314453e-01   1.3924907e+00
   2.0000000e+00  -1.0219730e+00  -9.7048075e-01   1.3647788e+00  -4.7719712e-01   1.2808086e+00   9.3017322e-01
   2.0000000e+00   1.6530339e+00   3.3425884e-01  -2.3873458e-01  -8.3866077e-02   1.5264627e+00   1.4903714e-01
   2.0000000e+00  -7.0413061e-01   9.9335234e-02   9.6113671e-01   2.8417272e-02   8.7741783e-01   4.8553415e-01
   2.0000000e+00   9.3484940e-02   1.9720502e+00  -2.0565384e+00  -2.3289860e+00   5.6501018e-01  -5.0020995e-01
   2.0000000e+00  -4.5024706e-01  -1.1920894e-03  -3.3060176e-01  -7.8069956e-01   4.9325149e-01  -2.4465776e-01
   2.0000000e+00  -6.6492531e-01   1.4500160e+00   4.4704747e-01  -2.2277966e-01  -2.4000505e+00  -6.8339196e-01
   2.0000000e+00   7.2572249e-01   1.1930779e+00   1.2234307e+00  -1.1776130e+00   5.6276974e-02   6.7636174e-01
   2.0000000e+00  -4.8316678e-01   3.3741618e-01  -4.7930884e-01  -2.1687926e-01  -9.1165550e-01   2.1713241e-01
   1.0000000e+00   1.9348934e-01  -1.6915697e+00  -1.3565531e-01  -6.8160846e-01  -4.0872058e-01   2.7946226e-01
   2.0000000e+00  -2.6052751e-01  -1.2491245e+00  -2.1304349e-01   3.1321719e-01   6.6688197e-02   9.0367235e-01
   1.0000000e+00   2.2029083e-01   1.3709856e+00  -7.1881275e-01   7.5640105e-01  -5.2923791e-01  -1.9973174e+00
   2.0000000e+00   5.0900524e-02   4.8537194e-01  -1.4166615e+00  -8.2980324e-01   8.7999753e-01   2.9041717e-01
   2.0000000e+00   1.6293165e+00  -1.6076102e+00  -1.0494941e+00  -7.0739296e-01   1.7529879e+00   1.0511141e-01
   2.0000000e+00   3.7619904e-01  -4.1542106e-02   2.1425745e+00  -1.0489734e+00  -1.5255830e+00   6.8369067e-01
   2.0000000e+00  -5.6480292e-01  -9.3473721e-02   1.5495671e-01   1.8590276e-01  -2.3776937e-01   5.9825513e-01
   2.0000000e+00  -4.1699118e-01  -3.6806746e-01   5.0331439e-01  -1.4433367e+00  -1.5339255e-01   7.7040188e-01
   1.0000000e+00   6.5792759e-02  -2.1219431e+00   3.2990097e-01   5.0360011e-02   7.8167644e-02  -9.8564222e-01
   2.0000000e+00  -1.1608778e-01   1.8216589e+00   9.1408837e-02  -1.0243971e+00  -1.2608850e+00   9.8073989e-01
   2.0000000e+00   4.8107790e-01   1.5755179e-01  -9.9753838e-01  -6.6075470e-01   4.1809887e-01  -7.5875350e-01
   2.0000000e+00   1.8124552e+00   4.3230429e-01   9.0476461e-02  -6.4489575e-01  -5.1567360e-01  -2.1183970e-01
   2.0000000e+00  -9.4582207e-01  -1.2532179e+00  -2.2908206e-01  -8.4734586e-01  -1.4730484e+00  -9.6299000e-01
   2.0000000e+00  -3.5036174e-01   3.5127628e-01   4.1849696e-01   1.1555795e+00   5.3363906e-01   9.6039154e-01
   2.0000000e+00  -3.7314661e-01  -4.5863082e-01  -1.1568031e+00   6.5114702e-02  -1.1291750e+00  -9.7358374e-02
   1.0000000e+00   1.3973521e-01  -8.7158239e-01   8.8247300e-01  -7.8308072e-01   5.1755097e-01  -2.9979074e+00
   1.0000000e+00   7.1949072e-01   2.6601172e-01   1.7333641e-01   9.2074376e-01  -1.1084044e+00  -1.7800330e+00
   2.0000000e+00   3.9160096e-01  -5.7052449e-01  -1.0650731e+00  -2.5352063e-01   7.6567125e-01   1.2463538e-01
   2.0000000e+00  -7.5803968e-01  -6.9845635e-01  -3.6169576e-01   2.1686168e-01   1.2773409e+00   1.1398015e+00
   2.0000000e+00   1.6244609e-01   4.9560866e-01  -1.0920696e+00   4.0976155e-01   1.2877519e+00   1.4962164e+00
   2.0000000e+00  -1.8902465e+00   1.0054316e+00  -1.0106323e+00   7.2173212e-01   5.8026920e-01  -4.5891089e-01
   2.0000000e+00  -1.0443339e+00  -4.6945536e-02   1.3668922e-01   1.2615031e-01   1.6311986e+00  -2.2932132e-01
   2.0000000e+00  -1.8902703e+00   2.8599003e-01  -8.2860845e-01  -1.4342861e+00  -1.1636364e+00   6.5119377e-01
   2.0000000e+00  -4.4244438e-01  -1.2886166e+00  -5.6539905e-02  -2.2535753e+00  -7.0903314e-01  -4.9835855e-01
   1.0000000e+00   8.1880851e-01  -8.4618767e-01   3.0938897e-01   1.1661904e+00  -1.1299477e+00  -1.9935973e-01
   2.0000000e+00   1.7154696e+00  -9.3692887e-01   6.5852057e-01  -1.2009787e+00  -5.9523199e-01  -1.3687626e-01
   2.0000000e+00   1.8263326e+00   1.5261262e-01   3.2711418e-01  -8.0136485e-01   2.6231856e-01  -5.3227966e-01
   2.0000000e+00  -9.3045238e-01   1.4974760e+00  -4.0674881e-01   4.1056887e-01   9.3537259e-01  -4.6932953e-01
   1.0000000e+00   4.8051603e-01  -4.6807898e-01   5.1170920e-03  -1.8794206e-03   4.2355358e-01  -8.3898586e-01
   2.0000000e+00  -6.9893916e-01  -4.5126669e-01   1.2877762e+00  -2.7715633e+00   1.3135356e-01  -2.4378137e+00
   2.0000000e+00   1.3696630e+00  -7.1187706e-01  -1.1780099e-01  -1.3138688e+00   1.2083845e+00  -1.2659273e+00
   2.0000000e+00  -7.6742324e-01   1.2025165e+00  -1.4534957e+00  -5.3829745e-01   2.2255618e+00  -9.0625131e-01
   2.0000000e+00   1.1308245e+00  -8.6163437e-01   1.4997386e+00   4.2855089e-03  -1.8835587e-01  -1.5677086e-02
   2.0000000e+00  -4.4842189e-01   3.7754553e-01   1.4110858e+00   2.6603314e+00  -4.7012075e-01  -2.7046527e-01
   2.0000000e+00   1.2598962e+00  -5.0689431e-02  -8.2697905e-01   7.4253244e-01  -6.1472810e-01  -3.7957526e-01
   2.0000000e+00   3.2200876e-01  -6.6770697e-01   9.9615019e-01   4.7830278e-01   3.3073826e-01  -2.6480920e-01
   2.0000000e+00  -2.9086775e-01  -4.2367568e-01  -5.4149842e-02   4.7775217e-01   5.7093983e-01  -5.4463484e-02
   1.0000000e+00   5.5758042e-01   4.9636793e-01   7.9347052e-01   4.6301251e-01  -1.3061335e+00  -4.5317893e-01
   2.0000000e+00  -8.9627646e-01   3.3024680e+00   7.5390283e-01   2.2107701e+00   8.9079582e-01   1.6630711e+00
   2.0000000e+00  -9.4167146e-01  -6.2429103e-01  -1.6802813e+00  -5.4168869e-01   3.1450506e-01   2.8574411e-01
   2.0000000e+00  -1.2491540e+00  -8.0846327e-01   3.5310291e-01  -9.3876981e-01   1.7018470e+00   6.6915771e-01
   1.0000000e+00   1.0216317e-01   7.0313887e-01  -9.8959738e-01  -1.3231281e+00  -5.0818564e-01  -7.2520667e-01
   2.0000000e+00  -1.8657017e-01   5.9761535e-01   2.0834902e-01   1.8853639e+00  -1.8035575e-01  -1.1434777e+00
   2.0000000e+00  -7.3837526e-01   1.2048229e+00  -6.2082873e-01  -1.9599360e+00  -9.3437580e-01  -5.3122356e-01
   2.0000000e+00   5.9589582e-01   1.6007132e+00  -2.2379475e+00  -5.9724774e-01   1.9042491e-01   1.0623289e+00
   2.0000000e+00   7.7852542e-01   1.5495606e-01   1.8223377e+00   6.0000260e-01  -7.6349074e-01  -6.9118594e-01
   2.0000000e+00  -5.3408316e-01   1.4694010e-02  -1.0754234e+00  -7.6937052e-02  -9.6108281e-01  -2.8350601e-01
   2.0000000e+00   5.2945377e-01   2.9706424e-01   8.5009468e-01   5.1687512e-01  -6.7690500e-01  -1.2005371e+00
   2.0000000e+00  -1.9236429e-01  -2.1878843e-02   1.0643677e+00   2.0648605e-01   3.3086498e-01  -4.0903100e-01
   1.0000000e+00   1.9349721e-01   8.2707609e-01   7.3022479e-01  -7.1685801e-01  -1.8894772e+00  -1.2224376e+00
   1.0000000e+00   3.9617119e-01   4.2944816e-01  -2.7029222e-01   1.0814180e+00   9.1560270e-01   7.9209896e-01
   2.0000000e+00  -2.8028237e+00   5.2860168e-01  -1.7793656e+00   7.2184296e-03   9.8833491e-01  -8.6518055e-01
   2.0000000e+00  -4.0941648e-01   2.0750445e+00  -5.1623306e-02   8.6242268e-01  -2.6763389e-01   2.2933442e-01
   2.0000000e+00  -1.0568208e+00   2.2915254e+00  -4.0767330e-01   9.2593702e-01  -1.5324451e+00  -4.5699790e-01
   2.0000000e+00  -1.0752011e-01   1.9649919e-01   7.4264818e-01  -1.9568402e-01  -1.2174594e+00  -1.5259990e+00
   2.0000000e+00  -5.2034577e-01   1.7856177e-01  -9.7742964e-01   2.6166092e+00  -2.0752404e-01  -1.3054090e+00
   2.0000000e+00  -8.1180445e-01  -1.6644472e+00   2.0244490e-01  -2.5196846e-01   4.3440767e-01  -2.9727947e-01
   2.0000000e+00  -1.7783694e+00   4.0706049e-01   1.0737739e+00   8.3279039e-01  -4.2017315e-01   1.2624711e+00
   2.0000000e+00   3.9946708e-01   7.8554528e-01  -9.9809870e-01   6.8943875e-01   7.6445392e-01   1.5453958e-01
   2.0000000e+00  -7.3555653e-01   8.5919695e-02   1.6521392e+00   7.5539620e-01  -3.5425425e-01   1.5947544e+00
   2.0000000e+00   8.4466218e-01  -2.3029482e-01  -5.5311589e-01  -6.0657224e-01  -6.8523496e-01  -1.7322704e-01
   2.0000000e+00  -9.5441979e-01  -1.4481207e+00   1.7100115e+00  -1.1206244e+00  -5.8780322e-01   1.3619950e+00
   2.0000000e+00   2.3920338e-01   1.2955638e-01   1.0505133e+00   1.1025005e+00   5.6595944e-02  -3.5915375e-01
   2.0000000e+00  -1.4264193e+00  -3.3794823e-01   9.1532128e-01   9.7928615e-01   1.0599787e+00   2.3414326e-01
   2.0000000e+00   1.1588137e+00   7.2604465e-01   2.5261870e+00   2.7411973e-01  -4.5746756e-01   7.1864362e-01
   1.0000000e+00   4.7727709e-02  -2.2713703e+00  -3.6620350e-01   8.8380700e-01  -1.8224004e+00   1.0162307e+00
   2.0000000e+00  -9.8508332e-01  -1.1963008e-01   1.2662238e+00   8.7502202e-02   1.5331239e+00   1.6083746e+00
   2.0000000e+00  -2.7801565e+00  -1.0340971e+00  -1.9353925e+00  -8.8171243e-01   1.4608357e+00   1.1092036e+00
   2.0000000e+00   8.0979745e-02  -1.6642936e+00  -2.1639135e+00   5.8022720e-01   6.5711423e-01   1.2752173e+00
   2.0000000e+00   7.1589646e-02   6.4223767e-01  -3.3886873e-01  -1.5041666e+00  -2.4570489e+00  -7.8787746e-01
   2.0000000e+00  -2.8265266e-01  -8.4746424e-01  -8.0394976e-01  -1.6100271e-01  -1.2288467e+00  -7.6770426e-01
   1.0000000e+00   4.1041936e-01  -2.7919936e-01  -7.7145882e-01   8.9599453e-01   1.1375947e+00  -1.0759637e+00
   2.0000000e+00   1.3091749e+00  -1.3654519e+00  -9.2154507e-01  -9.7990787e-01   9.4910690e-01  -8.9375871e-01
   2.0000000e+00  -7.3380307e-01  -1.0149289e+00   1.0830808e+00   7.4709447e-01  -1.5023772e+00  -8.1891005e-01
   2.0000000e+00  -7.2735842e-01  -2.6333267e-02  -1.4027685e+00  -1.7517312e-01  -8.6295111e-01  -4.3179310e-01
   2.0000000e+00  -2.0681570e-01   4.7680296e-01  -1.5568444e+00  -1.4843761e+00   1.2390890e+00  -1.3995630e-01
   2.0000000e+00  -1.0470449e+00  -7.9077402e-01  -1.8706473e+00  -6.9282326e-01  -1.1124245e+00  -7.4565816e-02
   2.0000000e+00  -1.1031878e+00  -1.1639548e+00   1.4857320e+00   3.8292090e-01  -2.1632189e+00  -3.1363964e-01
   2.0000000e+00  -4.6301821e-01   1.7520507e+00  -1.0920253e+00   8.8879499e-01  -1.0127489e+00   5.2399074e-01
   1.0000000e+00   5.7013932e-01  -1.9578671e+00   3.0790810e-01   3.1899348e-02   2.9042533e-01   2.4042369e-01
   2.0000000e+00  -1.0116675e+00   1.4381765e+00   9.2105134e-01  -8.6389506e-01  -5.8352989e-01   6.8626371e-01
   2.0000000e+00   4.8444631e-01  -4.8367423e-01  -1.0351326e+00  -8.7225936e-01  -1.9368510e-01   4.1727160e-01
   2.0000000e+00  -1.2196033e+00   2.0774386e+00   1.0257900e+00  -3.1220579e-01  -3.4125418e-01  -1.1703670e+00
   2.0000000e+00  -2.4977317e+00   2.1781632e-01  -2.6034358e-01   1.0510888e+00  -1.7346904e+00   7.2511528e-01
   1.0000000e+00   6.9527641e-01  -7.6693318e-01  -6.2332528e-01   1.0241742e+00  -1.4902823e+00   6.3982008e-01
   2.0000000e+00  -1.1581374e+00  -9.0421882e-01  -2.0050384e+00   3.1372674e-01   7.0883886e-01  -4.0066146e-01
   2.0000000e+00   8.7985155e-01  -1.6493398e+00   7.3278540e-01   1.4023495e+00  -5.4601000e-01   5.5620300e-01
   2.0000000e+00  -1.3651295e+00  -2.2104004e-01   9.1798897e-01   1.1743648e+00  -1.7798557e-01  -1.2249851e-01
   1.0000000e+00   5.7411960e-02   2.3518144e-01   7.4447639e-01   1.0997938e+00  -7.3576895e-01   1.2738859e+00
   2.0000000e+00  -4.5160093e-01  -1.3205189e-01  -9.8288228e-02   2.2323808e-02  -7.2362930e-01  -2.6739411e-01
   2.0000000e+00   1.7044610e+00   4.3612540e-01   6.0944182e-01   3.0864584e-01  -8.2135075e-01   7.7653317e-01
   2.0000000e+00  -3.7836246e-01   1.8528697e+00   2.6910275e+00   7.9933491e-01   3.9606263e-01  -4.9650477e-01
   2.0000000e+00   1.2645008e+00  -3.5497894e-02  -6.5631100e-01  -1.6665811e+00  -1.6339414e-01   8.0872395e-01
   1.0000000e+00   2.9344553e-02   1.4064768e+00   8.1891687e-02  -8.6165373e-02   1.2125998e+00   3.7534780e-01
   1.0000000e+00   1.3131244e-02  -7.6759726e-01  -6.5041490e-01  -9.9529870e-02   1.6877830e+00  -9.2760112e-01
   1.0000000e+00   1.9229784e-01   1.0159916e+00  -2.3420285e-01  -6.0285581e-01  -1.8029439e+00   6.4148204e-01
   1.0000000e+00   9.0020203e-01   4.4981317e-02  -3.9716969e-01  -3.1898350e-02  -5.2289231e-01   9.9743641e-01
   2.0000000e+00  -6.5282473e-01  -1.1990178e-01   1.8791690e-01  -1.9174359e+00   8.1741540e-01  -1.7192230e+00
   2.0000000e+00   1.5286694e-01   6.2526579e-01  -1.7365092e+00  -3.0054030e-01   4.5238777e-01  -1.5604058e+00
   2.0000000e+00  -6.8638129e-01   5.0469917e-01   6.2123393e-02   7.5128741e-01   1.6948918e+00  -3.1310669e-01
   2.0000000e+00   5.4847807e-01   4.3444460e-01  -1.6148403e+00   1.2930277e+00   1.3278667e-01   8.8668928e-01
   2.0000000e+00  -9.4973529e-01  -1.3751615e+00   8.7329579e-01  -2.3873867e-01   1.5969383e+00   1.0478682e+00
   2.0000000e+00  -7.1722972e-01   1.4196888e-02  -1.3424315e+00  -2.7941145e+00   2.6973882e-01  -9.9966151e-02
   2.0000000e+00  -3.8600664e-02  -1.4939433e+00  -9.0097708e-01  -2.1750117e+00   1.6295452e+00   1.6814180e+00
   1.0000000e+00   6.2593540e-01   9.4952343e-01   4.9130538e-01  -1.1479444e+00  -6.4652634e-01  -1.2062695e-01
   2.0000000e+00  -1.0469794e+00  -8.4487547e-01   3.2061152e-01   1.1145519e+00  -2.9282672e-01   1.8793890e-01
   2.0000000e+00  -4.8730233e-01  -4.9311783e-01   9.1429356e-01   1.9400458e-01   2.7723274e-01   8.5559664e-01
   2.0000000e+00  -2.8873395e-01   1.2429986e+00  -6.9101566e-01   6.9229371e-01  -2.9498755e-01  -7.7472309e-01
   2.0000000e+00  -1.3891988e+00   1.0180869e+00   8.0867050e-01   1.2008044e+00  -3.0301304e-01  -1.0077378e+00
   2.0000000e+00  -6.5671975e-01   1.2114834e+00  -7.1370526e-01  -6.7719053e-02   1.5368569e+00  -3.3360676e-01
   2.0000000e+00   6.0862246e-02   4.4288102e-01  -1.0932580e+00   1.9259805e+00  -1.0071160e+00  -4.8862573e-01
   2.0000000e+00  -1.5672224e+00  -8.9095252e-01  -2.8558975e-01   1.4913714e-01   2.0848891e+00   1.5428748e+00
   2.0000000e+00  -1.5341251e+00   3.9521296e-02  -1.1053369e-01  -4.8635233e-01   3.7150604e-01  -7.4476053e-01
   2.0000000e+00  -1.3016279e+00  -4.0911755e-01   9.2779057e-02   8.3829799e-01  -3.7587419e-01  -2.6184068e-01
   2.0000000e+00   1.6943741e+00  -1.2912199e+00   6.2249559e-01  -3.2353158e-01   1.2423048e+00   4.6948146e-02
   2.0000000e+00   9.1949104e-01   1.8452624e-01  -7.1321864e-01  -4.2995488e-03   1.0859778e+00   5.8046094e-01
   2.0000000e+00  -1.2251850e+00   1.2406571e+00   3.3524728e-01  -2.4668095e-01   2.2291923e-03  -4.4916985e-01
   2.0000000e+00   1.1825157e+00   1.8688522e+00   5.2580286e-01   1.7252827e+00  -5.3885737e-01  -1.0348719e+00
   2.0000000e+00   2.1399991e+00  -1.7259678e+00  -1.3662130e+00  -1.0402136e-01   5.8109782e-01  -4.5347704e-01
   2.0000000e+00  -1.1724610e-01   1.3256292e+00  -7.2337998e-01  -2.2476114e-01   3.3737045e-01  -1.7925742e-01
   2.0000000e+00   1.3961705e+00   1.6609023e+00  -1.8240407e-01  -1.9486166e+00   4.5863763e-02  -6.8008620e-01
   2.0000000e+00   1.5931893e-01  -1.5124811e+00  -2.1739416e+00  -7.6270112e-01  -7.9443027e-01  -2.7086526e+00
   2.0000000e+00  -1.6501941e+00  -1.9482622e+00  -1.7550733e+00   4.0874140e-01  -2.4568328e+00  -5.9022521e-01
   2.0000000e+00   1.1912602e+00   7.4622478e-01  -8.0106412e-01  -3.8329494e-01   9.8150855e-01   3.6146764e-01
   1.0000000e+00   2.4276693e-01   7.8850458e-01   1.9712094e-01  -7.9011660e-01   8.0978351e-01  -1.1030565e+00
   2.0000000e+00  -7.7295763e-01  -2.3807315e-01   1.0892894e-01   4.7125594e-01  -5.7062992e-01  -3.0738323e+00
   2.0000000e+00  -8.0121310e-01   1.1967406e+00  -5.2836902e-01   3.4686253e-01   6.0969263e-01  -1.6549847e-01
   2.0000000e+00  -4.6202982e-01  -7.2481051e-01  -1.0479093e-01   1.5763834e+00  -4.5320895e-01   2.3906863e+00
   2.0000000e+00  -1.0898005e+00   1.2936123e+00  -1.1559203e+00  -2.0453579e+00   1.7702853e-01  -2.3685488e+00
   2.0000000e+00   1.8864461e+00   1.0220435e+00   2.1873418e-01   7.3381112e-01   1.6235972e+00  -3.2940712e-01
   2.0000000e+00  -1.4434543e-01  -6.8479583e-01   8.4211897e-01   1.9143119e-01   6.7613054e-01  -8.0148236e-01
   2.0000000e+00   1.3538780e+00  -8.3707503e-01   6.2933058e-01  -1.9719487e-01   1.4001704e-01   1.0139906e+00
   2.0000000e+00   7.5034161e-01   1.0686189e+00   1.3899840e+00  -1.3973305e+00  -1.4030515e+00  -8.2097476e-01
   2.0000000e+00  -1.3385602e+00   2.4308853e+00   1.2496079e+00  -1.4144095e+00   2.3658624e+00   2.5695962e+00
   2.0000000e+00   1.1016357e+00  -7.4760297e-02  -7.4664553e-01   1.7718851e-01   2.5734821e+00   1.6847289e-01
   2.0000000e+00  -3.2965771e-01   1.3958062e+00  -4.0889890e-01   2.1900833e+00  -2.1061202e+00   3.0710621e-01
   2.0000000e+00  -1.0210625e-01   4.9939148e-01   1.6701063e+00  -8.5089304e-02  -1.6821435e-01   1.0249798e+00
   2.0000000e+00  -5.8725012e-02  -1.6337062e+00   2.2592006e-01   2.3460120e-01   1.4027258e+00  -1.0833689e+00
   2.0000000e+00   8.5516063e-01  -5.5553179e-01   7.3461770e-01   2.7638412e-01   4.2548717e-01   6.5086073e-01
   2.0000000e+00  -1.9272832e+00   1.3705836e+00   6.6803477e-01   2.8921754e-01   4.6605561e-01   1.5666642e-03
   1.0000000e+00   5.3214667e-01   1.7889845e+00   3.7006891e-01  -8.0547652e-01  -2.9981645e-01   5.9497558e-01
   2.0000000e+00  -9.4158757e-01  -1.0625289e+00  -1.3233055e-01   2.0657960e-01  -2.2732483e-01   7.5392877e-01
   1.0000000e+00   2.9548691e-01   8.0073802e-02   1.1789085e-01  -3.3329295e-01   1.8569617e+00   1.5488133e-01
   2.0000000e+00  -1.5018047e-01  -6.8937443e-01   5.9117060e-02   2.0743865e+00   5.2612336e-01  -7.1476171e-01
   2.0000000e+00   1.5669624e+00  -2.0862516e+00   5.1579889e-01  -1.0882254e-01  -7.8013180e-01   2.7720659e-01
   2.0000000e+00   2.9278347e-01  -1.0479763e+00  -3.4122785e-01   1.4341063e+00   1.9935020e+00   8.8508433e-01
   2.0000000e+00  -5.1742964e-02  -5.1205518e-01   1.5024532e+00   1.7664012e-01  -5.0895415e-02  -2.0658605e+00
   2.0000000e+00  -5.2288507e-01  -2.0025144e-01   1.9130562e+00  -2.3513281e+00  -1.6409571e-01  -1.1577529e+00
   2.0000000e+00   9.6273047e-01   4.1489416e-01  -1.8508781e-01  -1.9189809e+00  -2.9885655e+00  -1.3827384e+00
   2.0000000e+00  -4.3425758e-01   1.9804433e+00  -5.2264680e-01   4.6616114e-01   1.4048900e+00   2.1717098e-01
   2.0000000e+00  -8.4562797e-01  -8.2962764e-02   1.1065011e+00   8.4369676e-01   9.2190430e-01   2.8626238e-01
   2.0000000e+00  -5.8415417e-01   4.1072593e-01  -8.7844768e-01  -5.7779008e-01   3.0299662e-03   1.0924093e+00
   2.0000000e+00  -1.3215786e+00  -1.2967914e+00  -1.5192113e+00  -6.7931915e-01   2.2883596e+00   2.3164599e-02
   2.0000000e+00   1.3826395e+00  -2.4317058e+00   1.4429572e+00   1.0611291e+00   8.1846879e-01  -6.0344284e-01
   2.0000000e+00   1.0212337e+00  -1.3045844e+00   8.0690134e-01  -8.9558183e-01   9.6965794e-01   8.3825707e-02
   2.0000000e+00   1.7215852e-01   2.7856579e-01  -1.1793274e+00   4.1380909e-01  -1.2064839e+00   1.1350009e+00
   2.0000000e+00  -8.8335987e-02   2.8626225e-01  -3.6739389e-01  -3.2311947e-01   5.7676695e-01   1.1956833e-01
   2.0000000e+00  -1.2842684e+00  -4.3670538e-01   9.4045680e-01  -7.4428407e-01  -3.6387195e-01   1.5804217e-01
   2.0000000e+00  -3.3403233e-02   1.1741761e+00  -7.3134112e-01   5.4428249e-01   8.8433167e-01  -1.5488133e+00
   2.0000000e+00   1.5665409e+00   9.0641032e-01   1.3009894e+00  -5.8824781e-01  -1.0434895e+00   5.2203013e-01
   2.0000000e+00  -5.0506781e-01  -2.8258572e-01   2.1850603e-01   6.5900356e-01  -2.6747846e-01   6.9248915e-01
   2.0000000e+00   2.3148351e-01   9.2408686e-01   2.0326319e+00  -8.5598254e-01   1.9340176e+00  -1.1780047e-01
   2.0000000e+00  -7.1984806e-01   2.2953967e-01  -7.7867129e-01   3.6225668e-01  -1.0607291e+00  -2.0014827e+00
   1.0000000e+00   5.5674515e-01  -2.7586234e+00   8.7376864e-02   5.3264250e-01  -1.4728095e-01   6.3579311e-01
   2.0000000e+00  -7.0877625e-01  -1.8388496e+00  -1.9416551e-01  -1.3159577e+00  -1.0507049e+00   1.9032148e-01
   2.0000000e+00   2.0680008e+00   6.9822868e-01   3.9440866e-01  -1.7398059e+00   3.8986266e-01   4.2564347e-01
   2.0000000e+00   7.4453646e-02   4.1017498e-01   1.9247950e+00  -3.2245057e-01  -3.8795982e-02   1.8409150e+00
   1.0000000e+00   6.3359755e-02   1.9885933e+00   5.1038929e-01  -1.6878496e-01   1.4709233e-01   2.3385976e-01
   1.0000000e+00   6.1971229e-01  -2.6063140e-01  -3.1500368e-01   4.6019071e-02   3.6657693e-01  -8.1275793e-02
   2.0000000e+00  -5.2480451e-01  -1.2862689e+00  -9.4406282e-01  -1.0263853e+00  -5.8118900e-01   9.4880767e-01
   2.0000000e+00  -3.1383086e-01  -6.7969559e-01  -1.1472133e+00   1.0783775e+00  -5.4604547e-01  -1.9955069e-01
   2.0000000e+00  -1.6616092e+00  -9.2097423e-01  -2.0532173e+00  -1.2314119e+00  -5.3883085e-01   1.6142854e+00
   2.0000000e+00  -7.4422657e-01  -1.1293256e+00  -4.1898989e-01   1.0421313e+00  -1.5048246e+00  -7.9766279e-01
   2.0000000e+00  -5.7722990e-01  -1.1479499e+00  -1.5751865e+00   2.3824736e+00  -2.5095474e-01  -9.2391054e-02
   2.0000000e+00  -8.0719794e-01  -1.5771599e+00   1.5119104e+00  -6.4953377e-01  -2.8644824e-01  -2.4392762e-02
   1.0000000e+00   4.0024841e-01   2.1193016e-01  -1.8334215e-01   5.2153861e-01  -3.4462268e-01   2.5602412e-01
   1.0000000e+00   2.0118708e-02   4.1206068e-01  -2.9441367e-01  -1.5132926e+00   3.1593603e-01   1.4907975e+00
   2.0000000e+00  -1.2873416e-01   9.7167907e-01  -1.7115279e+00   3.2486899e-01  -6.0241891e-01   9.7950675e-01
   2.0000000e+00  -3.1858928e+00  -4.2779403e-01   8.3384581e-01  -2.1782357e+00   6.0983255e-01   1.6109057e+00
   2.0000000e+00  -2.8310401e-01   1.5604331e+00  -1.3348145e+00   1.8756383e+00   5.4575188e-01   2.0334055e+00
   2.0000000e+00  -2.7538355e-01  -8.3027581e-01  -1.5352639e+00   7.0883215e-01  -8.1035250e-02  -1.0472133e-02
   2.0000000e+00  -6.3633712e-01   1.3432539e+00   2.3870941e+00   2.1232161e-01   4.9565524e-01  -1.9311838e+00
   1.0000000e+00   8.6875714e-01   6.2207904e-01   1.1423913e-02   3.5806382e-01  -1.5759537e+00   1.8171032e-01
   2.0000000e+00   1.5335106e+00   6.3134600e-01   2.7255423e-01   1.0894645e+00  -1.8436954e-01  -1.5196451e+00
   2.0000000e+00   1.1222972e+00  -1.4963006e+00  -1.1223030e+00  -7.0879652e-01   1.3569539e-01  -1.1247193e+00
   2.0000000e+00   5.3553372e-02  -2.0104307e-01   1.7400827e+00  -1.1411632e+00  -1.3098617e+00   5.2028665e-01
   2.0000000e+00  -2.3486030e+00  -5.8277094e-01   9.9196879e-01   6.9155721e-01   6.5250576e-01   7.4323276e-02
   2.0000000e+00   8.0987249e-01   6.7678211e-01  -2.3199213e+00  -1.5092101e+00  -9.4917080e-01  -5.5162173e-01
   2.0000000e+00  -3.9838051e-01   1.8358578e+00   1.0480894e-01  -1.6583622e+00  -1.4358421e+00  -1.1970701e+00
   2.0000000e+00  -6.8510256e-01   4.8944792e-01   7.4545038e-01  -1.0672884e-01   5.9273791e-01   6.9069563e-01
   2.0000000e+00   1.0176830e+00  -4.8030726e-01  -1.1594246e+00  -7.8363889e-03   2.1554636e-01  -7.7040870e-01
   2.0000000e+00  -1.4109958e+00  -7.3846380e-01   1.1862952e+00  -1.7002904e+00  -2.2364779e+00  -5.2058611e-01
   2.0000000e+00   1.6353723e+00  -8.1607962e-01   1.4486291e-01  -1.2222289e+00   9.0548582e-01  -1.2068950e+00
   1.0000000e+00   4.8118804e-01  -2.5185217e-01   1.3959806e-01   6.5579836e-01   5.8027849e-01  -7.5001906e-01
   1.0000000e+00   5.4098895e-01  -6.3145828e-01  -3.2968728e-02   7.2302278e-01   7.4959855e-01   7.9015381e-01
   2.0000000e+00   1.2836223e+00  -4.5706668e-01  -5.5788525e-01   1.7261669e+00  -7.4417752e-01  -4.9283019e-01
   2.0000000e+00  -1.0688554e+00   1.3229782e-01  -9.9022046e-01  -3.3397756e-01   1.6589422e+00   2.9241259e-01
   1.0000000e+00   7.1888474e-01  -1.1340051e+00  -1.8399706e-01  -2.3534781e-01   1.1244999e+00   1.0917281e+00
   2.0000000e+00  -6.6720276e-01   6.5888566e-01   1.1254228e-01  -6.2028933e-01   1.6215534e-01   1.7475817e+00
   2.0000000e+00  -1.6655106e+00  -1.7099543e-01  -1.7368391e+00  -2.5464137e+00   1.4870018e+00  -6.2768699e-01
   2.0000000e+00  -4.5048219e-01   1.2218443e+00   7.9422330e-01   9.0047106e-01  -1.7220890e+00  -1.5895006e+00
   2.0000000e+00  -6.0919174e-01   1.3575276e+00   2.6027024e-01  -7.5046001e-01   9.2817873e-02   1.7956553e+00
   2.0000000e+00   9.3276799e-01   6.8462974e-02  -1.3900754e+00   3.5499452e-02   6.4835453e-01  -2.3888176e+00
   2.0000000e+00  -5.0576972e-01  -4.4527288e-01  -8.0660069e-01   5.6386022e-01  -1.7686809e+00   2.3640564e-01
   2.0000000e+00   6.3967989e-01  -5.3528293e-01   1.4504640e+00   4.0310982e-01  -2.4902991e+00   1.1447031e+00
   2.0000000e+00  -7.2463835e-01  -6.2885893e-01   7.4009361e-01   2.8830517e-01   4.5125712e-01   9.0575357e-01
   2.0000000e+00  -2.9928515e-01   4.3671778e-01  -8.1749991e-01   5.3006388e-01  -2.0892209e-01  -1.5954049e+00
   1.0000000e+00   4.5875478e-01  -7.0174125e-01  -5.4507790e-01  -3.3041648e-01   3.0800799e-01  -6.3383305e-01
   2.0000000e+00  -2.6390137e-01  -1.3547129e+00  -4.9327386e-01   2.3987678e-01   1.1855649e-01   8.2075791e-01
   2.0000000e+00  -5.4128771e-01   7.7728749e-01  -1.3299917e+00   1.2888025e+00   7.8657727e-01   7.2397251e-01
   1.0000000e+00   6.0948166e-01  -9.6098746e-01   4.1425265e-01  -5.1929134e-01   1.7567300e+00  -7.9645663e-01
   2.0000000e+00   4.0352636e-01  -6.3977164e-01  -9.4152934e-01  -2.8465327e-01   1.8329784e+00  -1.1844270e+00
   1.0000000e+00   2.7200188e-01  -1.1992277e-01  -1.6813174e-01   1.3228730e+00  -7.7469846e-01  -9.6214888e-01
   1.0000000e+00   9.2266418e-01  -3.4822443e-02   1.9677110e-01  -3.4078624e-01  -7.3396747e-01   2.2205247e-01
   2.0000000e+00   1.1027783e+00  -3.2698718e-01   2.0864043e-01   7.2379708e-01   6.4404866e-01   4.8273772e-01
   2.0000000e+00  -1.1337047e+00  -3.2613134e-01  -7.5455592e-01  -5.4853107e-01  -1.1295518e+00  -4.5049011e-02
   2.0000000e+00  -1.7596055e+00  -7.9818220e-01   1.7536636e+00  -1.9643821e+00   5.8101399e-01  -1.0292470e+00
   2.0000000e+00   2.0758510e+00   5.2981487e-01   1.3183815e+00  -1.9621982e+00   5.9054983e-01   9.6009357e-01
   1.0000000e+00   1.0213218e-01  -7.0644889e-01   3.3798710e-01  -7.0853312e-01  -1.0187495e+00   7.7787675e-01
   2.0000000e+00   4.7061155e-01   8.3194254e-01   1.0626669e+00  -1.2805302e+00  -2.6569354e-01   1.3008430e-01
   2.0000000e+00  -1.9680927e+00  -2.3638860e+00   7.5510004e-01   8.3765720e-01  -4.9887304e-01  -2.9872591e-01
   2.0000000e+00  -6.0747183e-01   1.1555283e+00  -1.5879073e+00   7.2092224e-01   1.0423324e+00  -1.9974113e+00
   2.0000000e+00   1.3126065e-01  -7.2633373e-01  -1.2379885e+00  -9.5991269e-01  -7.9576867e-01   1.1431663e+00
   1.0000000e+00   4.6129519e-01   6.8808532e-01   1.1663475e-01   6.2224167e-02  -1.8934982e+00  -1.6258363e-01
   2.0000000e+00  -1.6816901e+00  -3.0082679e+00  -9.1673593e-01   3.6666195e-01  -1.2232634e+00  -1.5694101e-01
   2.0000000e+00  -2.2796213e-01  -2.1964276e+00  -9.5799455e-01  -4.9694077e-01   2.6591616e+00  -5.0293737e-01
   2.0000000e+00  -1.1547669e+00  -6.6721019e-01   1.6499449e-01   7.0374693e-01   6.6405297e-01   9.6750004e-01
   2.0000000e+00  -1.1760703e+00  -8.0703757e-01  -3.7618494e-01  -2.1166862e-01  -1.9314640e+00   1.4211154e+00
   2.0000000e+00  -7.7542449e-01  -2.5875246e-01   7.9918994e-01   6.0988574e-01  -1.8750325e+00  -5.0525848e-01
   2.0000000e+00   2.2308818e+00   1.3823114e+00  -3.9039187e-01  -2.6540852e+00   7.3041360e-02  -2.0978419e-01
   1.0000000e+00   3.3115493e-01  -4.0659937e-02  -4.1991838e-01  -1.0047058e+00  -3.9315130e-01  -8.2397723e-01
   1.0000000e+00   3.2311908e-01   1.0460107e+00  -4.9908410e-01  -2.4471206e+00   4.6759007e-01   2.8879193e+00
   2.0000000e+00  -1.2673914e-01  -2.1984180e-01   3.6325549e-01   1.2669125e+00  -2.6239173e-02   5.1194026e-01
   2.0000000e+00  -6.4951913e-01   7.0755633e-01   6.5008100e-02   5.1565480e-02  -6.3965097e-01   7.7956742e-01
   2.0000000e+00  -1.4914728e+00   5.3149642e-01   1.0535210e+00  -1.1236608e+00  -1.4506404e+00   6.3763364e-01
   2.0000000e+00  -3.9624980e-01   5.1177278e-01   4.3961348e-01   1.2692147e+00  -2.2891231e-01   2.7332324e-01
   2.0000000e+00  -8.4383013e-03   2.2703206e+00  -1.5169277e-01   5.1660976e-01  -1.5383798e+00   8.0473694e-01
   2.0000000e+00   3.1413603e-01   2.8191906e+00   1.0114969e+00  -4.1632774e-02   7.3649801e-01   1.4569296e-01
   2.0000000e+00  -4.4806254e-01  -2.1892059e-01  -3.7175347e-02   3.7939113e-01   5.4367006e-01  -1.7150977e+00
   2.0000000e+00   4.8950518e-01   1.6756881e+00   1.0000831e+00  -6.3369990e-01  -3.0428060e-01  -7.6723434e-01
   2.0000000e+00   3.5617726e-02  -1.1405697e+00   1.8947323e+00  -9.0322073e-01   1.4191432e-01   3.4492157e-01
   2.0000000e+00  -5.7279963e-01  -1.0655818e+00  -4.2198174e-01   5.9955454e-01   2.6285926e+00   6.4583102e-02
   2.0000000e+00  -4.6019221e-01  -1.6582998e+00  -1.6546659e+00   6.5532708e-01   3.1506537e+00  -1.0845037e+00
   2.0000000e+00  -5.9550112e-01  -5.2570192e-01   4.5160616e-01   1.8325618e-01   7.2073777e-01   3.0649261e-01
   1.0000000e+00   1.9738496e-01   4.9896735e-01   5.1914854e-01  -2.4596754e+00  -3.5807668e-01  -2.3565321e-01
   2.0000000e+00  -1.5169636e-01   1.0117106e+00   1.9220627e+00  -3.2514154e-01  -7.0642329e-02   2.4324406e-01
   1.0000000e+00   1.0364173e-01   3.7808366e-01   1.1668931e-01  -1.8515918e+00  -5.9194098e-01  -8.0827250e-01
   2.0000000e+00  -4.2983878e-01   7.6810692e-01   1.0038601e+00  -4.2570406e-01  -4.9961901e-01   2.6249224e-01
   2.0000000e+00   5.5427060e-01   8.6952409e-01  -9.3200683e-01  -1.8410134e-01  -9.1573826e-01  -1.0649463e+00
   1.0000000e+00   4.6782099e-01   5.8353323e-01   4.1456285e-02   5.9393712e-01  -1.6898169e+00  -7.9611118e-01
   2.0000000e+00  -1.8309341e+00   4.6539194e-02  -8.7244529e-01  -2.0859002e+00   1.6600261e-01  -8.6134958e-01
   2.0000000e+00  -3.2392822e-01  -3.8167547e-01  -9.2308438e-01  -9.3443068e-02  -2.4575029e-01  -8.0769486e-01
   2.0000000e+00  -1.6106351e+00   2.0797389e+00   4.4226195e-01  -7.9909994e-01   7.3592123e-01   7.0891247e-01
   2.0000000e+00   5.6958620e-01  -6.0386840e-02  -9.3661658e-01   1.0647185e+00   2.8453424e-01   1.5010170e-02
   2.0000000e+00   5.4844964e-01   8.2787543e-01   1.2442442e+00  -6.2106706e-01   9.5133682e-01   8.8819753e-01
   2.0000000e+00  -1.5401311e+00  -1.8909131e+00  -2.2283433e-01   2.3328386e-01   1.3946889e+00  -1.9970259e+00
   2.0000000e+00   1.1851901e+00  -2.3785213e+00   6.2121312e-02   6.0935096e-01   2.5208914e-01   7.9402872e-01
   2.0000000e+00  -4.8383187e-01   7.8885084e-01  -4.5067887e-01  -2.4771206e-01   3.7739457e-01   2.3533803e-01
   2.0000000e+00  -3.4450164e-01  -9.1569693e-01   5.8673127e-01   9.6429231e-01  -7.1711071e-01  -1.8323024e-01
   1.0000000e+00   8.7760286e-01   1.0528265e+00  -3.7283786e-01   2.8710153e-01  -7.9242759e-01  -7.2971923e-02
   1.0000000e+00   5.9562922e-01   1.6096104e+00  -2.9022126e-01   2.1117758e-01  -1.1821991e+00  -5.5962225e-01
   1.0000000e+00   8.4642994e-01  -1.7614406e+00   2.4606012e-01  -9.1741274e-01  -6.5793872e-01  -1.8275747e+00
   1.0000000e+00   2.0080866e-01   1.8260807e+00   5.9795283e-01   3.4875097e-01  -3.1560517e-01  -3.3607054e-01
   1.0000000e+00   5.3662603e-01   7.0161970e-01   7.0206513e-01   5.2830311e-01  -5.7343309e-01   9.2619407e-01
   2.0000000e+00   4.3338821e-01   6.5000034e-01   6.9617114e-01  -3.5271867e-01  -2.3348571e+00   1.3723070e+00
   2.0000000e+00   1.1229844e+00  -2.2692290e-01  -4.0670144e-01   7.9272434e-01   3.3152147e-01   1.9643262e+00
   2.0000000e+00  -5.1604688e-01  -3.7681879e-02  -2.1481516e-01   1.2318436e-01   3.6750934e-01   1.2361777e+00
   2.0000000e+00   6.2312992e-01  -5.2564070e-01  -1.5622300e+00  -8.4663640e-01   3.9116687e-01   1.0922276e+00
   2.0000000e+00  -1.3429789e+00  -2.7832032e-01  -9.2328512e-01   1.1133326e+00  -1.2595646e-01  -3.4698622e-01
   2.0000000e+00  -3.9739898e-01   6.5110469e-01  -6.8508109e-01  -3.8044489e-01  -6.2640677e-01   6.3466614e-01
   2.0000000e+00  -8.6890492e-01  -1.0812516e-01  -4.1105737e-02  -2.7924626e-01   5.9588462e-01   6.1158534e-01
   2.0000000e+00  -1.0266909e-01   3.1167605e-01  -8.3279250e-01   8.1975085e-01   1.2198206e-01   5.5644757e-01
   2.0000000e+00  -8.5543379e-01   1.1534939e-01   2.6095852e+00   1.4709676e+00  -5.2695623e-01  -5.9724138e-01
   2.0000000e+00   1.1316941e+00  -8.7763328e-01   1.1799493e-01   3.7931698e-01  -8.3952601e-02   3.2335097e-01
   1.0000000e+00   4.5642912e-01   1.2071439e-01   4.5231865e-01   1.7828050e-01  -9.5137774e-02   1.2255103e+00
   2.0000000e+00  -3.7115033e-01  -1.6560969e+00  -3.7478385e-01   1.0540687e+00  -1.2720791e+00   2.5266960e+00
   1.0000000e+00   1.1789955e-01  -1.3708940e+00  -2.5703450e-01  -4.7967682e-01  -1.2277658e+00   1.0586596e+00
   2.0000000e+00  -4.2777631e-02   2.1723732e-01  -1.5541054e+00   1.1185372e-01   1.1139513e-01   5.8992047e-01
   2.0000000e+00  -3.5798761e-01  -8.8827726e-01  -2.7349562e-01  -2.4887000e+00   1.8066422e+00   3.6676798e-01
   2.0000000e+00  -2.3274104e-01  -1.0155685e-01   2.8755470e-02  -1.5698344e-01  -3.4226522e-01   1.1129888e+00
   2.0000000e+00  -7.3303091e-01  -3.6435644e-01   3.7129326e-01  -1.1566210e+00   1.1562113e-01  -1.2626205e+00
   2.0000000e+00  -1.1575689e+00   1.5065652e-01   2.2508116e-01  -1.7651437e+00   8.1232574e-01  -1.1769063e+00
   2.0000000e+00  -5.9989314e-02  -1.7185479e+00  -8.5384999e-01  -1.0958265e+00  -6.3287718e-01  -1.0241676e-01
   2.0000000e+00   1.5337448e+00  -1.0438655e+00  -5.4742752e-01   1.0173257e+00   2.0986534e+00  -3.9834503e-01
   2.0000000e+00  -1.3772888e+00  -4.8647919e-01   1.3761405e+00   1.5037528e+00  -1.7264085e+00  -6.0313088e-01
   2.0000000e+00  -3.2312980e+00   1.0385965e+00   1.4109943e+00  -1.0610105e-01   1.0257504e+00  -1.2607227e+00
   2.0000000e+00  -5.8401711e-01   1.1280734e+00   1.2592851e+00   1.0697952e+00  -9.8662938e-01  -1.8323969e-01
   2.0000000e+00   1.7080580e+00   4.1264518e-01  -9.7984780e-01  -5.1973048e-01  -2.9591781e+00   1.2916591e+00
   2.0000000e+00   1.1238735e+00   1.8739496e-01   9.1455218e-01  -1.8623558e+00  -8.5963394e-01   5.4575140e-01
   1.0000000e+00   1.7742536e-01   8.4083908e-01   4.9066276e-01  -6.0323537e-01  -1.3477291e+00   2.6709858e-01
   2.0000000e+00  -2.5314106e+00  -2.1017484e-01  -1.4341502e+00  -1.2893735e+00  -1.0345899e+00   8.0848032e-01
   1.0000000e+00   4.2267452e-01   8.7361892e-01   5.8010910e-01   3.6620492e-01   1.1017099e+00  -2.4717753e+00
   1.0000000e+00   4.7757211e-01  -1.2375758e+00   8.1188933e-01  -2.8719123e-01   1.2114123e-01   9.3768741e-01
   1.0000000e+00   7.3670773e-01  -1.2229135e-01   5.9313276e-01   9.2013184e-02  -5.9958137e-01   7.0960240e-01
   2.0000000e+00  -1.7041358e-01   8.9205559e-01   3.6024765e-01   1.6660013e+00  -2.2324965e-01  -9.3657390e-01
   2.0000000e+00   1.7290954e+00   1.0961554e+00   2.4068996e-01  -4.6053333e-01  -1.9187572e-01   1.2528152e+00
   2.0000000e+00  -4.1993725e-01  -1.6948009e+00   2.9408476e-01  -7.5785890e-01  -1.6314874e-01  -2.2909554e-01
   2.0000000e+00  -9.1974582e-01   8.1462861e-02  -1.5642770e+00   5.7362609e-01  -1.0801909e+00  -1.9413779e+00
   2.0000000e+00   6.4963588e-01  -1.6193432e+00   8.9839686e-01   1.3168609e-01   5.5137623e-01  -1.7496621e+00
   2.0000000e+00   8.1682476e-01   3.7856466e-01  -9.0215921e-01  -5.5912884e-01   1.3181048e+00  -8.2839558e-01
   2.0000000e+00   8.9204747e-02  -1.1030687e+00   2.1381967e+00  -4.3283350e-01  -2.6243970e-01   3.2783660e-02
   2.0000000e+00  -3.9467418e-01  -1.3191126e-02   1.7253467e+00   9.6429414e-01  -1.2440338e+00  -2.1076619e-01
   2.0000000e+00  -1.2072295e+00   6.3867351e-01   8.2627173e-01  -6.7667710e-02   4.9378062e-02  -1.9024098e+00
   1.0000000e+00   1.7584445e-01   1.1878693e+00   5.1788495e-01  -6.4362663e-02  -5.8887659e-01  -1.8278059e+00
   2.0000000e+00  -1.2095791e+00  -5.2788762e-01  -3.6391423e-02   6.0197549e-01   4.4461434e-01   2.8713514e-01
   2.0000000e+00  -1.5306409e+00  -2.0190522e+00   9.1550890e-01  -8.0242535e-01   1.4561700e-01   2.1370615e-02
   2.0000000e+00  -8.6604498e-01   1.7093198e-01  -3.5043634e-01  -5.8637477e-01   1.1717926e+00   9.8732207e-02
   2.0000000e+00   1.5231019e+00   1.5531837e+00  -1.6894556e+00  -6.1075465e-02   1.2382819e-01   3.3532781e-01
   2.0000000e+00   1.5518576e+00  -1.7114085e+00  -1.5012439e+00   2.9497725e-01   5.9883502e-01  -1.1672933e+00
   2.0000000e+00  -5.0054390e-02   1.8920754e+00   7.5274241e-01   8.3177118e-01   1.9743789e-01   2.1835308e+00
   2.0000000e+00  -1.3858767e+00  -7.1917957e-01  -5.7403440e-01   1.0780500e+00  -8.0569676e-01   1.3704202e-01
   2.0000000e+00   2.4617132e+00   1.7465617e-02  -2.7247368e-01  -7.1124291e-02   8.2910568e-01  -4.7625500e-01
   2.0000000e+00   1.2328298e+00  -7.0210869e-01  -8.8913696e-01   1.8705918e-01  -1.7412509e+00  -8.1659920e-01
   2.0000000e+00   4.6834044e-01  -1.1135437e+00   1.7653859e+00  -1.3847778e+00   3.6998802e-01  -1.8347093e+00
   2.0000000e+00  -3.0154077e-01  -1.1496538e-01  -8.9165260e-01   4.8940749e-02   2.1710524e-01  -1.3133855e+00
   2.0000000e+00  -5.7473810e-02   5.1366725e-01  -1.7734391e+00  -3.0625733e-01  -1.2284739e+00  -5.9709122e-01
   1.0000000e+00   4.9115417e-01   1.3970736e+00  -5.7612332e-02   6.7730139e-01   2.4392642e-01  -9.6600763e-01
   2.0000000e+00  -7.6828835e-01  -1.0741813e+00   1.8984761e-01   1.1256788e+00  -9.9442313e-01   7.2923766e-01
   2.0000000e+00  -5.6055801e-01  -4.6397855e-01  -4.5762621e-01   9.2676422e-01  -1.8335627e+00   3.5818967e-01
   2.0000000e+00  -9.4615616e-01  -8.8301712e-01  -4.6767540e-01   1.6501570e+00  -1.0360182e+00  -4.0826631e-02
   2.0000000e+00  -2.1535240e-01   5.0225004e-02   1.5393890e+00   2.5953647e-01  -2.6857558e-01   8.7754803e-01
   2.0000000e+00  -1.5068472e+00  -1.2104980e+00   1.8237602e-01   1.5185689e+00  -9.3572871e-01  -1.0635255e+00
   1.0000000e+00   3.6379682e-01  -2.6597548e-01   8.5460047e-02   1.9447966e+00   1.1411611e-01   1.2231005e+00
   2.0000000e+00  -5.7290265e-01   3.1354501e-01  -1.8148220e-01   5.8540867e-02   1.7486415e+00   1.1587589e+00
   1.0000000e+00   9.7261035e-02  -2.2417780e-01  -8.8476316e-01   3.3147173e-01   5.6204120e-02  -6.0428022e-01
   1.0000000e+00   5.6496717e-01   1.3839458e-01  -2.2612437e-01   1.3515555e+00  -9.1252689e-01   5.5949892e-01
   1.0000000e+00   4.8896892e-01  -3.3282630e-01   4.9321255e-02  -9.2410068e-01   1.1081451e+00   2.0912679e-01
   2.0000000e+00   2.6515750e-01  -2.7753740e-01  -1.2096857e+00   1.0711683e+00  -4.8377017e-02   1.1312159e+00
   2.0000000e+00   8.3344755e-01   6.2383760e-01   1.5045743e+00  -1.4099069e+00  -2.2632492e-01  -1.5549871e-02
   2.0000000e+00   1.4208404e+00  -2.0958289e-01   4.9051219e-01   3.1183024e-01   6.2274820e-02   9.7702412e-01
   2.0000000e+00  -2.5200673e-01  -8.8434058e-01  -1.0291663e+00  -2.5074406e+00  -5.6083932e-01   1.0086360e+00
   1.0000000e+00   2.6576566e-01   9.9979827e-01   3.4103367e-01  -2.5798070e-01  -2.3885805e-02  -9.4255712e-02
   2.0000000e+00  -1.4378014e+00   1.1607252e+00  -2.7805604e-01   1.1703830e+00   7.7895159e-01  -1.0431373e+00
   1.0000000e+00   2.9631412e-01   7.1577917e-01   4.3600664e-03   4.0748318e-01   5.4893793e-01  -2.2629539e-01
   2.0000000e+00   7.9682420e-01   3.6087910e+00  -8.6104633e-01  -2.8902945e-01  -1.9281231e+00   2.6409539e-01
   2.0000000e+00  -2.9977736e-01  -7.1636538e-01   1.5481434e-02  -1.2962955e+00  -6.1497073e-01   1.7867144e+00
   1.0000000e+00   8.1006756e-01   1.4471476e+00  -1.0249582e-01  -3.1070217e-01   9.8991117e-01   1.5068547e+00
   1.0000000e+00   6.2364596e-02  -1.2263262e+00  -3.9678447e-01   9.2956212e-02  -1.0517633e+00  -5.0891206e-01
   1.0000000e+00   7.2639196e-02  -7.8934535e-01  -6.3007837e-01   2.2043915e+00   8.5023403e-02   1.4410658e+00
   2.0000000e+00  -1.9210950e+00   9.0712077e-01  -1.3778601e+00   1.7099174e+00  -5.2522178e-01   1.0800864e+00
   2.0000000e+00   3.4583342e-01   1.3967205e-01  -1.0282860e+00  -2.5582983e-01   1.5477003e+00   8.0490634e-01
   2.0000000e+00  -1.8491955e+00   2.2615974e-01  -8.1045395e-01   3.7767404e-01  -7.0394729e-01  -3.2176634e-01
   1.0000000e+00   3.9363982e-01   1.1477766e+00   9.1049060e-01   1.8394951e+00   7.4530014e-01  -1.3354727e+00
   1.0000000e+00   6.3279398e-01  -2.2898940e-01   6.6136519e-01  -1.2817851e+00  -2.4343236e-01  -4.5498843e-02
   1.0000000e+00   7.8260714e-02  -1.5242507e-01   3.0467911e-01   6.6181604e-01   1.9793657e+00   8.5802381e-01
   2.0000000e+00   4.0773319e-01  -5.9092124e-01  -1.2986667e+00   6.8841460e-01   1.6117394e+00  -5.9374904e-01
   2.0000000e+00  -3.8949812e-01   1.3081448e+00  -4.3529343e-01  -1.1124294e+00   6.6901899e-01  -6.9940821e-01
