   1.0000000e+00   5.6688922e-01  -2.9962889e-01   2.4694354e-01  -9.4285122e-01   1.0689270e-01   9.1425017e-01
   2.0000000e+00   4.0029426e-01  -8.4393814e-01  -5.4814656e-01   8.7169304e-01  -8.7392569e-01  -4.9550882e-01
   2.0000000e+00  -5.1918434e-01   1.3677950e-01  -5.1927283e-01   2.2925285e-01  -9.1473574e-02   1.3682829e+00
   2.0000000e+00  -1.3422361e+00  -1.2116136e+00   2.9309783e-02   9.8488239e-01  -1.9016797e+00   3.7860824e-01
   2.0000000e+00   8.7825891e-01   1.1664175e+00   1.2455716e+00   1.1830613e+00   4.3496944e-01  -1.0308010e+00
   1.0000000e+00   5.3047206e-01   1.1324195e+00  -2.1180568e+00   1.8679037e-01   7.2062704e-01   3.8046436e-01
   2.0000000e+00  -1.3356469e+00  -1.2204029e+00   1.6186926e+00  -1.4284509e-01   1.1993395e+00   1.4049797e-01
   2.0000000e+00  -1.0157515e+00   1.7543424e+00   2.0392707e+00  -3.2153767e-01  -1.6351602e+00   2.8253459e+00
   1.0000000e+00  -1.2030527e+00   4.7074643e-01  -5.3395421e-01   1.1444926e+00   2.9558420e-01  -3.3080406e-01
   2.0000000e+00  -3.7591663e-02  -1.5276622e-01  -6.3184312e-01  -1.5789500e-01   1.1766897e+00   5.0838934e-01
   2.0000000e+00   7.2545090e-01  -4.8051800e-01   2.7015020e-01   4.6972104e-01  -1.3294189e-01   1.2333922e-01
   2.0000000e+00   7.8013599e-03  -1.4356613e+00  -1.2215196e+00  -5.0002370e-01   7.5291252e-02   1.7762769e+00
   2.0000000e+00   5.4112540e-01   3.9493342e-01   1.1995765e+00   1.4297775e+00  -3.8358139e-01  -1.3391150e-01
   2.0000000e+00   5.2706802e-01  -1.2172898e+00  -5.2933932e-01   9.6359639e-01  -3.6415806e-01  -4.9170870e-01
   2.0000000e+00   5.1073854e-01  -8.6537209e-01  -7.5011131e-01  -2.4890661e-01  -1.0307120e+00   8.2943425e-01
   2.0000000e+00  -5.3023610e-01  -1.2807367e+00   9.5734734e-01  -7.5460251e-01  -6.2746528e-01   1.4681565e-01
   2.0000000e+00   6.2647762e-01  -1.3533427e-01  -4.5215260e-01  -9.4372095e-01   1.1211280e+00  -4.2874118e-01
   2.0000000e+00   8.7597697e-01   5.0437112e-02  -9.3413248e-01  -1.4802826e+00  -1.2704495e+00  -1.3366417e-01
   2.0000000e+00  -9.8092219e-01  -7.8283688e-01   3.7415619e-01  -1.3361474e+00  -1.4936307e+00   1.1305228e+00
   1.0000000e+00   1.7300660e+00   8.5979099e-01  -6.7365191e-01  -7.7137943e-01   2.6674433e-02  -1.0304430e-01
   2.0000000e+00  -8.8535700e-01   6.2769332e-01   7.8476611e-01   4.6275829e-01   9.2000800e-01  -4.6069931e-01
   2.0000000e+00   5.2509254e-01  -2.9023169e-01   7.2167515e-01   3.0335017e-01  -1.1332213e+00  -1.2414161e+00
   2.0000000e+00   2.4581934e-01   7.7412312e-01  -2.0564304e+00   3.8475269e-01   3.7034152e-02   1.6867232e+00
   2.0000000e+00  -2.5818788e-01   1.9755459e+00  -2.4303071e-02  -8.8181365e-01  -1.0588836e-01   2.6030370e-01
   2.0000000e+00   5.8593008e-01  -7.4948710e-01  -6.2760176e-01   4.0090137e-02   9.1648481e-01   1.4251133e+00
   2.0000000e+00   1.4173452e+00  -2.3332124e-01   8.4771397e-01   6.1667773e-04   9.8842545e-01  -4.0211571e-01
   1.0000000e+00   3.0955022e-01  -1.1912609e+00  -7.5679175e-01   8.4839365e-01   6.9774811e-01  -5.6143228e-01
   2.0000000e+00   8.8455409e-01   1.5409329e+00   3.8355391e-01   7.8725600e-01  -1.1713491e+00  -6.8361414e-01
   2.0000000e+00   1.3073515e-01  -5.3815251e-01   2.7944182e-01   1.2003390e+00  -7.2458701e-01  -1.0831864e+00
   2.0000000e+00  -1.5118852e-01   4.7009055e-01   4.5385623e-01   4.4020083e-01  -1.0580205e-01  -4.6349068e-01
   2.0000000e+00   1.5003393e+00   1.2684376e+00  -3.0924517e-01   1.1794756e+00  -1.9058348e+00   1.0820958e+00
   2.0000000e+00  -3.1824261e-01   4.1276968e-01   4.0456756e-02  -1.0493018e+00   2.7329445e+00  -1.0456231e+00
   2.0000000e+00  -2.3773565e+00   1.9393935e+00   2.4470467e-01  -8.8084497e-01  -2.7638525e-01   9.5686006e-01
   2.0000000e+00   9.9875435e-01  -7.3907874e-01   1.3898802e-01   8.4597683e-01  -8.7491492e-01  -1.7378548e+00
   2.0000000e+00  -2.2842028e-01  -1.5422824e+00  -8.0591882e-01  -2.2310282e+00  -1.0535034e+00   4.7580400e-01
   1.0000000e+00  -1.8794764e+00   4.0094604e-02  -9.4906683e-01   5.6674347e-01   1.4625371e-01  -2.1354915e-01
   2.0000000e+00   3.4322387e-01  -8.1046567e-01  -2.4219710e+00   4.6523959e-01  -3.9169007e-01   1.0855891e+00
   2.0000000e+00   1.7374416e+00   5.9760048e-01  -6.0812963e-01   6.0712096e-01  -1.7416347e+00   6.1274701e-01
   2.0000000e+00  -5.1240140e-01  -1.7641399e+00   1.1396242e+00   1.0848562e+00  -1.8294302e+00   5.9645564e-01
   2.0000000e+00  -1.1238785e+00   5.7331506e-01  -3.8378084e-01  -2.4475650e-01  -3.8943273e-02  -1.1292009e+00
   2.0000000e+00  -2.2641063e+00   3.2098392e-02   5.6976636e-01   1.3268553e+00  -1.8165205e+00  -4.2199848e-04
   2.0000000e+00   4.5333320e-01   1.9779264e-01   8.9922493e-01   7.3109421e-01  -7.7909767e-02   9.4466973e-01
   2.0000000e+00   1.2846021e+00   6.2064010e-02   1.1573659e+00  -6.8857240e-01  -9.0148650e-01  -4.1185222e-01
   2.0000000e+00  -5.1318349e-02   9.0964955e-01  -3.0246687e-01   1.3854052e-01  -8.8571047e-01   2.8931375e-01
   2.0000000e+00   9.8007150e-01   9.6656780e-01  -2.2139043e-02  -8.5544703e-02   9.2823797e-01  -1.8103658e+00
   2.0000000e+00   4.9523883e-01   4.8259813e-01  -8.1069970e-01   4.2118196e-01  -1.2836607e+00  -2.4595539e+00
   2.0000000e+00   1.3358622e+00  -1.6425009e+00   6.4813651e-01  -7.0418638e-01  -3.1931800e+00   7.9725807e-01
   1.0000000e+00  -1.7743127e+00   1.7752940e+00   2.7276236e-02  -2.7666780e+00   5.7243358e-01   1.7875097e-01
   1.0000000e+00  -6.2610571e-01   9.5329789e-01   5.8142385e-01  -4.6258583e-01   1.6355413e-01   9.6189508e-01
   2.0000000e+00   7.4365784e-01  -4.5388862e-02  -8.0221033e-01  -1.5448113e+00  -1.9189914e+00  -3.3476516e-01
   1.0000000e+00   1.6358641e-01  -1.9038180e-01   2.5723323e+00  -1.1780343e+00   4.6650900e-01   6.4995986e-01
   2.0000000e+00  -1.1657918e+00   6.5860721e-01  -1.2826340e-01   9.8245957e-01  -3.3572883e-01   9.6476171e-01
   2.0000000e+00  -8.0427807e-01   8.7315025e-02  -6.4658750e-01   8.0495226e-03  -9.0370581e-01   1.3106771e+00
   2.0000000e+00  -5.9298564e-01   2.0146166e+00  -2.5421965e-01   1.8613918e-01   2.7111751e-01  -2.0648883e-01
   2.0000000e+00   6.7626000e-01   2.4251099e-01   1.1073415e+00  -1.4145003e-01  -7.5795556e-01  -1.8049168e+00
   2.0000000e+00   2.8971677e-02   6.4526819e-01  -7.9463761e-01   4.9867229e-03  -4.4905076e-01   1.4606987e+00
   2.0000000e+00  -6.2095558e-01   1.0447469e-01   5.5687120e-01  -6.6125475e-01  -2.0257212e+00   3.5570407e-01
   2.0000000e+00   6.1865358e-01  -4.6440188e-01  -1.1416664e+00  -9.9971267e-01  -1.0272007e+00  -6.9174902e-01
   2.0000000e+00  -9.6139549e-01  -1.5813999e+00  -1.8039641e-01  -1.5301263e+00  -2.6293876e+00   3.4735431e-01
   2.0000000e+00   5.6839695e-01  -1.1647393e+00  -2.6751427e+00   2.4627354e-01  -3.7430800e-01  -6.2320674e-01
   2.0000000e+00   7.8145574e-01  -8.8030143e-01  -1.8702840e+00  -1.2121143e+00  -2.6048787e-01  -3.9304277e-01
   2.0000000e+00  -8.1999350e-02  -1.2904582e+00  -7.7419530e-01   1.1696336e+00  -3.8170106e-01   1.1946060e+00
   1.0000000e+00  -2.3716644e+00   2.2202086e-01  -1.3103074e+00  -1.4582319e-01   4.0919566e-01  -5.0860971e-01
   2.0000000e+00  -4.8687774e-01  -5.7709235e-01   1.4430337e+00  -4.4095102e-01  -5.9663973e-01  -1.6561007e-01
   2.0000000e+00  -1.1327484e+00   2.1918310e-01  -8.9157709e-01  -6.2546925e-01  -2.8601408e+00  -1.2848062e+00
   2.0000000e+00   1.4242291e+00  -8.9124542e-01  -3.8151810e-01   8.5292882e-01  -1.9351947e-01   7.1138966e-01
   2.0000000e+00   9.9947848e-01  -1.0671418e+00  -8.6968649e-01   1.4288366e-01   3.9905506e-02   1.0747753e+00
   2.0000000e+00  -2.2073921e-02  -1.0556237e+00  -8.5297150e-01  -1.4071168e+00  -5.8130397e-03  -8.6438013e-01
   2.0000000e+00  -6.0276016e-03   7.0272043e-01  -4.5345593e-02  -1.0384304e+00  -1.0776748e+00  -9.4296110e-01
   2.0000000e+00   5.7206025e-02   1.7237183e+00   1.6123386e-01   6.6616694e-01   1.8409254e+00   7.4011120e-01
   2.0000000e+00  -1.9276029e+00   1.2203227e+00  -2.1722766e-02   5.6876793e-01  -3.6367053e-01  -5.4068789e-01
   2.0000000e+00  -1.1781988e+00   1.0731430e+00  -5.6030870e-03   7.5695512e-01  -1.9101295e-01   1.4516889e+00
   2.0000000e+00  -9.1500765e-01  -1.9883477e+00   1.3219541e-01   1.0398833e-01  -7.2869115e-01  -1.1300055e+00
   1.0000000e+00   2.4975581e-01  -9.5219053e-01  -9.9793797e-01  -4.2089088e-01   8.2244924e-01  -1.2212760e-01
   1.0000000e+00   1.1856267e+00   1.1785122e+00  -1.4601137e+00   2.2039628e-01   4.8404444e-02  -3.4803617e-01
   2.0000000e+00   4.9294980e-02  -1.5998518e+00   1.4487189e+00  -2.0874075e+00  -9.2061536e-01   3.5421627e-01
   2.0000000e+00   6.8833270e-01  -1.1363576e+00  -6.5312764e-01  -1.6593125e+00   9.5353938e-01   1.2700047e+00
   2.0000000e+00   1.0005493e+00  -2.0183369e+00   7.4276200e-01  -7.3762274e-01  -2.1761824e+00  -2.9554918e-01
   2.0000000e+00   2.3809170e-01   1.6097823e+00  -8.0816261e-01  -1.2121562e+00  -1.5615079e+00  -1.0310940e+00
   2.0000000e+00  -1.0143731e+00  -1.1764571e+00  -2.5910107e-01   1.7474932e+00  -1.3205600e+00   1.3672084e-01
   1.0000000e+00   1.0326604e+00  -1.8919601e+00  -1.5902677e+00   7.5326144e-02   2.6373368e-02   6.5850978e-02
   2.0000000e+00  -8.3241391e-03   1.5283578e+00   1.6741995e+00   4.3901080e-01  -4.2628052e-01   1.7654646e+00
   2.0000000e+00  -1.5091937e+00  -1.4809080e+00  -6.1169159e-01   4.8379183e-01  -1.9779509e+00   1.5927961e+00
   2.0000000e+00  -2.8743429e-01  -6.4550056e-02  -6.1078816e-01   3.3708520e-01  -4.0939974e-02  -3.1112998e-01
   2.0000000e+00   2.9371199e-02  -1.8389073e+00   2.8311866e-01  -3.2915490e-01   2.3916059e+00  -9.2193552e-01
   2.0000000e+00   1.4642590e+00  -2.7626046e-01   1.0858031e-02  -1.7288113e+00   2.0434087e+00   1.8074155e-01
   2.0000000e+00   2.1028387e+00   2.7364014e-01   5.1608795e-01  -8.4980500e-01   6.4688282e-01  -1.1354253e+00
   2.0000000e+00  -1.4948603e+00  -1.0045010e+00   4.8699481e-02  -8.4068845e-01   2.7160977e-01   2.0017287e+00
   2.0000000e+00  -1.2719888e+00   3.5478271e-01   1.7297393e+00   1.6528812e+00  -6.4713168e-01   7.1016926e-01
   2.0000000e+00  -1.1695233e-01   1.3975607e+00   8.2631021e-01   8.1905058e-01  -8.1059832e-01  -1.1345376e+00
   2.0000000e+00  -1.7659547e-02  -2.3674474e-01  -1.5937121e+00   4.3070726e-01  -8.6449016e-02   1.7264689e+00
   1.0000000e+00   1.5107429e-01   7.2106217e-04   6.9087294e-01  -2.8569036e-01   7.0180306e-01   2.3902278e-01
   2.0000000e+00   1.9362478e+00  -1.7894061e-01  -1.7957754e-01   1.5403046e+00   5.8635068e-01   1.0229202e+00
   1.0000000e+00   1.1082715e+00  -9.6801221e-01  -4.0718657e-01   7.1272335e-02   2.9356579e-01   2.2064625e-01
   2.0000000e+00  -1.5691081e+00   7.2818763e-01  -1.1174901e+00   1.0654192e+00  -5.0409477e-01  -8.2273334e-01
   2.0000000e+00  -8.2487447e-01  -6.7133894e-01   7.6012812e-01  -2.0371627e+00   9.1910663e-01  -1.3867951e+00
   2.0000000e+00  -1.6893101e+00  -6.3277606e-01  -8.4296109e-01   5.2699486e-01  -7.6824549e-01  -1.4629298e+00
   1.0000000e+00  -2.1209189e-01   1.7152096e+00  -3.9159854e-01  -2.7131288e-01   7.6238557e-01  -5.9771408e-01
   1.0000000e+00   1.2041224e+00   1.1093880e+00  -1.9684869e-02   1.0351794e+00   8.1665247e-01  -1.5199623e-01
   2.0000000e+00   1.9405097e+00   1.4768927e+00  -4.8245988e-01   1.3436616e+00   1.7407534e+00  -8.6235013e-02
   2.0000000e+00  -2.3401145e-02   1.0544826e+00   9.3666447e-01  -3.2786191e-01  -1.5121332e+00   9.4453898e-01
   2.0000000e+00  -2.9119371e-01  -5.9270143e-01   7.8279513e-02   6.8777186e-01  -9.6039590e-02  -1.2595776e+00
   1.0000000e+00   6.2460442e-01  -9.1217827e-01   8.7103153e-01  -4.1557468e-01   4.2960017e-01   4.7010549e-01
   2.0000000e+00   1.3235937e+00   1.9117089e-01  -2.6175553e-01   8.9586166e-01  -8.1954119e-01  -6.7811827e-01
   1.0000000e+00  -8.3805155e-01   1.4266698e-01  -3.0596785e-01   7.8751140e-01   5.8483538e-01   4.5354074e-01
   2.0000000e+00   5.5816468e-02  -8.5687308e-01  -6.1730932e-01  -7.3841258e-01   5.8327747e-01   1.3971171e+00
   2.0000000e+00  -5.4706611e-01   9.9484069e-01   5.0562921e-01   4.4571520e-01  -9.1166720e-01  -1.4760462e-01
   2.0000000e+00  -1.3079996e+00  -1.3479188e+00   1.4003190e+00   4.1338011e-01   1.5047370e+00   7.9366937e-01
   2.0000000e+00  -1.6913816e+00   1.2693475e-01   1.1888645e+00  -6.3596044e-01  -8.1093446e-01  -8.3724357e-01
   2.0000000e+00   4.0813917e-02  -3.9653169e-01   1.7547347e-03  -3.9319843e-01  -6.6862841e-01  -1.3486446e+00
   2.0000000e+00   6.6047957e-01   5.1807907e-01  -3.3260489e-01   3.3673818e-01  -2.3581309e-01   2.9028542e-01
   2.0000000e+00   5.9436027e-01  -2.1623810e-01   1.5796606e+00   4.0731730e-01   7.7743169e-01  -1.1469181e+00
   2.0000000e+00  -1.1977956e+00  -9.5855740e-01  -9.4680990e-01   1.2599421e+00  -4.5339641e-01  -8.3314457e-01
   2.0000000e+00  -1.7685561e+00   5.9364550e-01  -5.9189385e-01  -2.8859233e-01  -1.8498115e+00   8.3214749e-01
   2.0000000e+00  -1.9200545e-01  -1.1171820e+00   1.4857791e+00   1.4484145e+00   2.1329565e-01  -1.6655203e+00
   2.0000000e+00  -9.6735740e-01   1.5371730e+00  -1.4143291e+00   2.3765996e-01  -7.4638758e-01  -2.8075421e+00
   2.0000000e+00  -4.2778759e-01   1.0461507e+00  -2.1135371e-01  -4.1978414e-01  -1.8570816e+00   2.2075800e-01
   2.0000000e+00   2.0658474e+00  -4.1717186e-01   6.2620464e-01   4.6668350e-02  -1.4233409e+00   7.7976193e-01
   2.0000000e+00   2.7623331e+00  -5.0412233e-02   2.3315721e+00   8.7978031e-01  -7.7597393e-01   9.5479979e-01
   2.0000000e+00   6.5981342e-01   4.4266695e-01  -1.7230632e-01   7.7834195e-01   1.2284860e-01  -1.2893687e+00
   2.0000000e+00   8.9774081e-01  -3.7677169e-01  -4.7125234e-01  -1.4335559e+00   7.9764722e-01  -1.0381462e+00
   1.0000000e+00  -1.2627171e+00  -1.0883139e+00  -4.6286864e-01   3.2934745e-01   1.8549132e-01   6.7861972e-01
   2.0000000e+00  -5.0909366e-01  -2.6637088e-01   9.9281575e-01   2.2441960e+00   4.2341199e-01   1.2800798e+00
   2.0000000e+00  -9.4132370e-01   1.3867803e+00  -6.5471614e-01  -1.3217189e+00   2.0493783e-01   2.3247154e+00
   2.0000000e+00   8.1630697e-01   6.7762027e-01   1.9226002e+00   3.4111499e-01  -3.8497971e-01  -9.2160252e-01
   2.0000000e+00   1.0396353e+00   1.4353365e+00  -1.0433319e+00  -7.6059849e-02   1.4573928e+00   1.2033505e+00
   1.0000000e+00  -4.9285541e-01  -1.3515842e+00   8.0095796e-01  -5.8900453e-01   4.6378269e-01   4.1228653e-01
   2.0000000e+00  -3.4755131e-01  -9.5539812e-03   1.1241169e-01  -8.9210702e-01   1.4480438e+00   4.3588136e-01
   2.0000000e+00  -8.3586112e-01  -1.3175606e+00  -9.6784899e-01  -3.4998240e-01  -1.1803178e+00  -9.3431690e-01
   2.0000000e+00   2.6430013e-01  -3.1456901e+00   4.4690739e-01   1.0037618e+00   2.7023727e-01   1.5313492e+00
   1.0000000e+00   1.7865830e-02   1.2022919e+00  -6.5509520e-01   6.9708124e-01   2.4980112e-01   4.8537743e-01
   2.0000000e+00  -7.4562777e-01   2.7498006e-01  -1.9855362e+00   1.3810762e+00  -1.4889163e+00   7.4507411e-01
   2.0000000e+00   6.9438741e-01  -8.9977843e-01  -8.9601370e-01  -2.5191755e-01  -2.7499577e-02   8.6232636e-01
   2.0000000e+00  -6.3889713e-01   5.1406700e-01   4.1116950e-01   1.6487221e+00  -8.1535433e-01  -8.8024929e-01
   2.0000000e+00  -2.7191258e-01  -7.5587286e-01  -1.3936025e+00   8.8923107e-01  -1.1948170e+00   1.4592724e+00
   2.0000000e+00  -9.2170961e-01  -3.7040130e-01  -7.3086152e-02   1.3199153e+00  -8.4439484e-01   7.6405400e-01
   2.0000000e+00  -3.9718067e-01   3.3194354e-01   2.7056626e-01   1.4069855e+00   5.7841400e-01   1.1587048e+00
   2.0000000e+00   7.8401372e-01   2.0741562e+00  -2.5551092e-01  -1.1429128e+00  -6.0064080e-01  -2.9486840e-01
   2.0000000e+00   1.0796013e+00  -2.2372617e+00  -1.5170617e+00  -6.0334767e-01  -2.3357227e-01  -7.1329571e-01
   2.0000000e+00   2.1091439e-01  -1.0219822e+00   7.6457245e-01   1.0071391e+00   1.1363863e+00   2.1543637e+00
   1.0000000e+00  -3.4159840e-01  -3.9920126e-01   1.3651581e+00   1.2895160e+00   3.3767232e-01  -6.0084219e-01
   2.0000000e+00  -2.3647462e-01  -1.2170930e-01   1.8547070e+00  -3.2388924e-01   8.6052134e-01  -1.6417535e+00
   2.0000000e+00   2.8807690e-02   1.2878926e+00   1.6498189e+00   1.6317460e-01   3.7090146e-02  -1.5274459e+00
   2.0000000e+00  -3.7582082e-01  -2.6172528e-01   1.0494594e-01   5.6231847e-01  -1.8866897e+00  -7.6146538e-01
   2.0000000e+00  -4.5742869e-01   1.8688686e+00  -4.7475582e-01  -2.7353884e-01  -8.0775279e-01   2.1413017e-01
   2.0000000e+00  -7.3761088e-01   5.6549925e-01   1.4624980e+00  -1.8467334e+00  -6.5500675e-01  -1.0261366e+00
   1.0000000e+00  -1.8523444e-01  -3.8799828e-01   3.0784282e-01  -9.5372911e-02   5.1967945e-01   8.4821842e-01
   2.0000000e+00  -1.7572170e-01  -1.2169870e+00  -1.1183331e+00   2.4642551e-01   7.6574408e-01   1.1148099e+00
   2.0000000e+00  -1.6501531e-01  -8.9990641e-01   5.2060066e-01   2.9922464e-01  -1.0805880e+00   1.2544925e+00
   1.0000000e+00   1.3022974e-01   6.4735791e-01  -2.5694403e-01  -1.8285981e-01   2.2725166e-01  -2.7005720e-01
   2.0000000e+00   2.4765501e-01   3.7447501e-01  -6.6567644e-01  -3.8094870e-01  -1.3463461e+00  -6.5955817e-01
   2.0000000e+00  -1.1737102e+00  -9.2476372e-01   1.7506082e+00  -3.9699103e-01  -3.0055435e-01   1.7115761e+00
   2.0000000e+00   6.6564250e-01  -6.7263708e-01  -6.5413511e-01   3.9550939e-02  -1.6310864e+00  -9.7265861e-01
   2.0000000e+00   1.0116730e+00  -1.0742970e+00   6.7691977e-01   8.2452478e-01   1.3892940e+00   1.2131490e-01
   2.0000000e+00   1.6883476e-01   7.5560104e-01   1.1112170e+00  -9.0259809e-01   1.7246937e+00  -1.1640402e+00
   2.0000000e+00  -1.6308565e-01   8.6998895e-01   2.0531084e+00   6.4930438e-01   1.0204641e+00   5.9278068e-01
   1.0000000e+00  -5.9806268e-01  -4.8006932e-01   8.7128391e-01   1.5967611e+00   1.5849768e-01   3.2964572e-01
   2.0000000e+00   4.5007508e-01   2.3219836e+00  -7.3052913e-02  -4.0043638e-02  -2.0629106e+00   8.6115955e-01
   2.0000000e+00  -6.6279181e-02   1.1362429e+00   7.2675528e-01   1.1231267e+00   8.4533240e-01  -6.9402688e-01
   2.0000000e+00   1.9729754e+00  -1.6400586e-01  -7.1626618e-01  -1.2126119e-01  -2.0084932e+00  -1.1306670e+00
   2.0000000e+00   9.8116813e-01  -4.3792606e-01   1.9132948e+00   2.1094811e-01  -1.3469575e-01  -2.8084991e+00
   2.0000000e+00  -1.2309525e+00   9.8483511e-01  -1.3342924e+00   2.1448906e-01  -1.5846314e+00   1.1586535e+00
   2.0000000e+00   4.1696042e-01   3.4957520e-01  -4.7572007e-01   7.1576131e-01  -4.5868984e-01   8.4299207e-02
   1.0000000e+00  -9.3036455e-01  -8.3572719e-01   6.5287550e-01   3.9470874e-01   1.2479722e-01  -2.5734860e-01
   1.0000000e+00  -3.7521076e-01  -8.6989123e-01   9.4417076e-01   6.5882432e-01   8.1146745e-01   2.2998566e-01
   2.0000000e+00  -3.2419971e-01   4.3044747e-01  -3.1732140e-01  -9.3473422e-01   1.2984636e+00   2.3103872e-01
   2.0000000e+00  -3.5620869e-01   4.1992264e-01   7.6562362e-02  -1.4774557e+00   1.9916590e+00  -2.9041081e+00
   2.0000000e+00   6.6090679e-01  -8.0105113e-01  -2.3470760e+00  -4.2436183e-01  -8.9318228e-01  -1.0190832e+00
   2.0000000e+00  -1.7484274e+00  -6.9756045e-01  -1.4843216e-01   1.6990942e-01  -1.3055295e+00  -2.4987394e-01
   1.0000000e+00   1.4115280e+00  -9.8394752e-01   2.5998825e-01   4.3910137e-01   5.0826778e-01   6.5070658e-02
   2.0000000e+00   1.3651033e+00   8.2886210e-03  -9.4071153e-01   6.9027922e-01  -1.8254198e+00  -1.1191741e+00
   2.0000000e+00  -5.3870156e-01  -5.2413346e-01   1.0089328e+00   3.0443222e+00   6.0407950e-01   2.2706661e+00
   2.0000000e+00  -3.1976614e+00  -7.6530096e-01  -5.5708384e-01  -1.0352459e+00   2.2444159e+00   5.8870196e-01
   1.0000000e+00   3.2315086e-01   1.2090961e+00   6.0851236e-01   2.8391855e-01   1.1643952e-01  -5.8055405e-01
   2.0000000e+00   4.9833287e-01  -7.3916556e-01  -9.0458494e-01  -6.6818391e-02  -7.8868397e-01   4.5525483e-02
   1.0000000e+00   4.9539392e-01   4.2155746e-02   4.0514896e-01  -1.4318525e+00   1.4428238e-01   9.8419613e-01
   2.0000000e+00   2.0659944e+00   1.2210408e-01   2.3518926e-01  -4.1879152e-01  -2.9951540e+00   9.7341067e-01
   2.0000000e+00   3.9794760e-01  -3.7581360e-01  -6.8973218e-01  -1.0925438e+00   9.4353409e-01  -6.9656290e-01
   2.0000000e+00  -8.0715845e-01  -2.0824170e-01   1.3571917e+00  -6.7455414e-01  -2.4935031e-01   4.5292997e-01
   2.0000000e+00  -8.5475829e-01   1.0063788e-01  -1.3768662e+00   4.0637076e-01   1.6481979e+00  -1.5301223e-01
   2.0000000e+00  -4.0588232e-01   2.1656906e+00   2.1465934e-01  -3.5017211e-01  -2.1048080e-01  -2.0956816e+00
   1.0000000e+00   1.2546941e+00   1.0641148e+00   7.3166848e-01  -1.9291978e+00   8.5540513e-02  -3.2925049e-01
   2.0000000e+00  -1.6719418e-01   1.0003811e+00  -8.6969857e-01  -6.6755168e-02   2.7188249e+00  -3.8948844e-02
   2.0000000e+00   6.0891605e-01   7.0433249e-01   5.2043621e-01  -1.6101275e+00  -1.8496817e+00  -1.4421093e+00
   2.0000000e+00   1.4129042e+00   2.8827690e-01   1.0110394e+00  -1.3838222e+00  -1.8171738e+00   3.2376822e-01
   2.0000000e+00  -1.2704450e+00  -1.8136763e-02  -8.6484153e-01  -2.8545093e-01  -6.5208532e-01  -8.8108996e-02
   2.0000000e+00  -1.6953084e-01  -1.7424143e-01  -1.3188523e+00  -3.6463099e-01  -3.3260950e-02  -5.2379897e-01
   2.0000000e+00   6.7072837e-01   1.1884897e+00  -1.8225965e-01   1.9582932e-01   4.7230584e-01  -1.2168380e+00
   2.0000000e+00   5.4744326e-01  -6.6289252e-01  -9.8006380e-01   8.0725423e-02   8.2644722e-01  -2.1956246e+00
   2.0000000e+00   7.1941760e-01  -3.0642722e-01  -8.7502044e-01  -2.1392016e-01   6.3926228e-01   8.4827514e-01
   2.0000000e+00   7.4648909e-01   1.8896943e-01  -5.7877497e-01  -8.8584077e-01  -5.0981530e-02   5.2185754e-01
   2.0000000e+00   5.5568651e-01  -6.8513954e-01  -3.6918983e-01  -3.7743415e-01   7.1900900e-01   8.8612657e-01
   2.0000000e+00  -6.3346248e-01   8.3333021e-01  -8.5897226e-01  -1.2674098e+00  -2.5568940e+00  -6.9092756e-01
   2.0000000e+00   1.3881401e+00   1.4778321e-02   1.6303218e-01   3.9935141e-02  -1.6384818e-01  -1.2272971e+00
   1.0000000e+00   5.5685374e-01  -7.4844846e-01   1.0862976e+00   3.9905529e-01   6.6176738e-01  -5.0623637e-01
   2.0000000e+00  -1.1199067e+00   1.2022765e+00   4.7190672e-01   1.0266775e+00   1.2427567e+00  -1.7387899e+00
   2.0000000e+00  -1.6570090e-01  -8.7444251e-01  -9.9523251e-01   1.0212005e+00   1.4475601e+00  -3.5216155e+00
   2.0000000e+00   7.6407726e-01   1.5998779e+00   3.7418387e-01  -6.3553153e-01  -7.3599617e-01  -1.2889346e-01
   2.0000000e+00   5.7260483e-01   3.7941844e-01  -5.2601326e-01  -7.2524599e-01  -4.6260840e-01  -7.2478735e-01
   2.0000000e+00   1.7064615e-01   1.5948599e-01  -4.7914395e-01  -1.5909824e+00   8.5907426e-01   1.7596485e+00
   2.0000000e+00  -1.3663884e+00  -4.1599512e-01  -8.5423267e-02  -4.5708683e-01  -2.0448145e+00   5.4287232e-01
   2.0000000e+00   1.3260029e+00  -1.0969516e+00   1.0825770e+00   1.2443557e+00  -1.0115144e+00  -1.5805051e+00
   1.0000000e+00  -1.5912636e+00   4.8900443e-01  -1.4980646e+00  -8.7429015e-01   1.5707515e-01   3.9157939e-01
   1.0000000e+00  -3.6132009e-03  -7.4427882e-01  -2.7957335e-01   7.8451076e-01   4.6815847e-01  -4.6286512e-01
   2.0000000e+00   7.4401517e-01   7.7720232e-01   3.8715731e-01   1.3210200e+00   7.3981818e-01   2.6677096e+00
   1.0000000e+00   7.9004213e-01   1.2805012e+00  -1.3780552e+00   4.7768637e-01   9.1122034e-01   2.4121147e-01
   2.0000000e+00  -2.7284052e-01   2.6705249e-02   1.2386264e+00  -4.0139172e-01   1.6036689e+00   1.8591699e+00
   2.0000000e+00   5.0827390e-01  -1.7728271e+00   1.8325396e+00   9.0396688e-02   1.4178417e+00   6.6734449e-01
   2.0000000e+00  -1.0601017e+00  -2.0978043e-01   1.6538471e+00   5.2873384e-01  -7.9027885e-01  -1.5141903e+00
   2.0000000e+00   2.0151518e+00  -5.4943534e-01   7.5125463e-02   1.0492176e+00  -5.6370397e-01  -2.6423428e-01
   2.0000000e+00  -7.5102729e-01   1.1225476e+00   7.3186755e-01   4.8259486e-01  -4.3585568e-01  -1.1415808e+00
   2.0000000e+00  -8.9332827e-01   1.4195660e+00  -5.9182337e-01  -1.1040509e+00  -6.9422086e-02   5.9275954e-01
   2.0000000e+00  -1.1272423e+00  -1.0740232e+00   1.4181161e-01   8.2392856e-01   9.5737697e-02  -1.6590331e+00
   2.0000000e+00  -1.4039449e+00  -3.4881573e-01   5.7683735e-01  -1.5883546e+00  -1.7298924e-01  -9.1790583e-02
   1.0000000e+00   4.2044305e-01  -2.0243539e-01  -2.3534203e+00   1.1845106e-01   4.1360928e-01   5.1524991e-01
   2.0000000e+00  -1.8247346e+00   2.3201937e-01  -3.6614055e-01   1.1005169e+00   1.1512169e+00   2.4641361e+00
   2.0000000e+00   4.9027421e-01  -3.2390757e-01   4.1188766e-01  -8.7900002e-01  -4.6488815e-01   7.4054187e-01
   2.0000000e+00  -3.8905026e-01   1.4090421e+00  -1.1560260e+00   1.1153885e+00  -1.5122370e+00   1.7937300e-01
   2.0000000e+00  -6.8141324e-01  -1.0216750e+00  -2.9742804e-01   1.1183443e+00  -1.0213631e+00   2.6603875e-01
   2.0000000e+00   5.4553285e-01   1.0127335e+00   6.7397949e-01   7.6290209e-01  -4.1248773e-01  -5.5729422e-01
   2.0000000e+00  -1.0156320e+00   1.1396909e+00  -2.3637748e-01  -8.8083592e-01  -1.3059869e+00  -2.9854242e-02
   2.0000000e+00  -3.9302132e-01  -6.7572958e-01   1.4484462e-01  -8.4567938e-01  -8.5681076e-02   3.7065052e-02
   2.0000000e+00   8.3483085e-01  -2.2509759e+00   3.7052539e-01   8.1706529e-01  -1.1778696e+00  -2.4245432e+00
   2.0000000e+00   1.0220469e+00  -4.5058730e-01  -7.8650757e-01   1.7937956e+00  -1.4789278e+00  -8.3378306e-01
   2.0000000e+00  -6.1076065e-01   1.7117378e+00   4.3879103e-01   1.1937769e+00  -4.6955367e-01   1.2950620e+00
   2.0000000e+00   7.0115473e-01   1.0953093e+00   3.3697086e-01   7.9239136e-01   1.4038225e+00  -1.4470268e-01
   2.0000000e+00  -2.3197822e+00  -2.4619214e+00  -1.9469900e+00   9.7121197e-02   9.8303900e-01   1.8893891e+00
   2.0000000e+00  -1.3714761e+00   6.4963739e-01   1.0605062e+00  -1.0387718e+00  -6.9174042e-01   1.0999800e+00
   2.0000000e+00   1.3076824e+00  -4.5341442e-01  -1.2932093e+00   2.4027470e-01   2.1323313e+00   7.8660193e-01
   2.0000000e+00   1.4842835e-01   7.5980178e-01  -1.1167744e+00   1.2340209e+00  -5.4607032e-01   1.7546216e+00
   1.0000000e+00  -1.5996171e+00   4.9391096e-01   3.7664349e-01  -5.0281347e-01   6.9731588e-01   4.9876897e-01
   2.0000000e+00   6.4531674e-01  -1.0742471e+00   4.2750023e-01   3.1969603e-01  -1.0223967e-01   5.0984662e-01
   2.0000000e+00  -6.9367610e-01  -1.1327566e-01  -1.7278662e+00  -1.0782789e-01  -1.7588851e+00   9.3899012e-02
   2.0000000e+00  -5.3656052e-02   5.2575264e-01  -2.1934836e+00  -1.2865361e-01  -3.9241364e-01   2.5515216e+00
   2.0000000e+00  -6.2971250e-01   7.5637049e-02   2.5110782e-01   3.9292063e-01  -3.8182283e-01   1.6075862e+00
   2.0000000e+00  -8.0786965e-01  -6.3321826e-01  -1.1710714e-01  -1.4272965e+00   9.9108488e-01  -7.9629363e-01
   2.0000000e+00   3.0644022e-01   6.9843574e-01   2.8210432e-01  -1.1768809e+00  -4.2223530e-01   9.8714644e-01
   2.0000000e+00   8.4457361e-01  -5.7942685e-01  -5.1998727e-01   1.4435770e+00  -6.0542349e-01   5.2476499e-01
   2.0000000e+00   1.6186098e+00  -3.5007178e-01   1.0890145e+00  -1.0628789e-01  -1.3551942e+00  -2.8718766e-01
   2.0000000e+00   6.0824821e-01  -1.1009019e+00   8.9038978e-02  -1.3974548e+00  -4.3998904e-01   2.4384192e+00
   2.0000000e+00  -2.4807832e+00   1.3469685e+00  -9.7953743e-01  -8.5831622e-01   8.8935774e-01  -8.6495972e-01
   2.0000000e+00   1.6404895e+00  -8.6074198e-01  -1.3287828e+00   6.5655708e-01   1.5413796e+00   9.1690837e-03
   2.0000000e+00   7.2786618e-01  -1.0495505e+00  -7.8621725e-01  -6.9825547e-01   1.3047432e+00   9.9738619e-01
   2.0000000e+00  -3.7282462e-01   5.7968094e-01   1.0512780e+00   2.0043189e+00  -2.4459310e+00  -7.7912715e-01
   2.0000000e+00   1.4840751e-03   2.7620624e-01  -8.5207366e-01  -1.3691407e+00  -1.8654220e-01  -4.4055989e-01
   1.0000000e+00   7.2423879e-01  -5.8276652e-01   1.4492613e+00   1.6454479e-01   4.9929379e-01   2.9672989e-02
   2.0000000e+00   7.8229552e-01  -1.7339281e+00  -7.2273160e-01  -6.5615725e-01   2.4434940e-01   1.7235728e+00
   2.0000000e+00  -3.5895514e-01   1.1228119e+00  -2.4553258e-01   8.9371018e-01  -6.4623864e-01  -6.2771800e-01
   2.0000000e+00  -4.4028302e-01  -5.2359501e-02   1.2854931e+00   2.7527526e-01  -8.0089748e-01  -1.4870698e-01
   2.0000000e+00  -7.9784179e-01   3.9186864e-01   2.3320564e+00  -6.8687907e-01  -5.2972281e-01  -1.2708248e+00
   2.0000000e+00   1.3119221e-02   2.9370594e-01  -1.2970632e+00  -9.9908440e-01  -1.2595567e+00   6.3549029e-01
   2.0000000e+00  -8.5954985e-01  -5.9055440e-01   1.1471271e+00  -2.7938682e-01  -1.1393261e+00  -2.0329905e+00
   2.0000000e+00  -1.3024463e+00  -2.4430438e+00  -3.5758432e-01   1.6778020e-01   1.8085675e+00   2.3608830e-01
   2.0000000e+00   6.4991930e-01   6.6989049e-01   3.5253008e-01  -3.0734918e-01  -1.0000387e+00  -1.5971248e+00
   2.0000000e+00  -3.6067798e-01   5.1317719e-01  -1.1025787e+00   2.0743625e-01  -9.0806710e-01  -1.7240579e-01
   1.0000000e+00   4.2061326e-01  -4.1334869e-01  -1.7112203e+00  -1.7004298e-01   6.1504673e-01  -7.6065723e-01
   2.0000000e+00  -5.1455485e-01   6.3288912e-01  -1.4243963e+00   9.0568834e-01   4.1265655e-01   1.1686879e+00
   2.0000000e+00   1.0893916e+00   1.4538331e+00   1.3432159e+00   2.6896581e-01  -6.3076128e-01  -1.9408916e+00
   1.0000000e+00  -2.8897563e-01   8.8879026e-01   1.2108149e-01   4.7782515e-02   1.2410354e-01  -5.8001256e-02
   1.0000000e+00  -1.2268039e+00   1.2512696e+00   1.7029113e+00   1.0931569e+00   2.9730380e-01   7.4890912e-01
   2.0000000e+00   1.9867435e+00  -6.2164946e-01   6.2123487e-02  -7.1260545e-02   7.7667198e-01   1.3909820e+00
   2.0000000e+00  -4.8081652e-01   4.9612980e-01   9.6541759e-02  -1.2603065e+00  -9.1085786e-01  -3.2112749e-01
   2.0000000e+00  -1.0239858e+00   7.7799319e-01  -1.5970115e+00  -6.0586908e-01  -4.6015384e-01   1.4365050e-01
   1.0000000e+00  -1.6303628e+00  -3.3187705e-01  -3.3954485e-01  -4.6066261e-01   4.7534737e-01  -4.2581174e-01
   2.0000000e+00  -3.2236134e+00  -7.2591427e-01   1.2654705e+00  -4.0607005e-01   1.8561457e+00   6.6657602e-01
   2.0000000e+00   6.3989212e-01   5.6655425e-01   2.6933538e-01  -3.9130127e-01  -8.5030129e-01   2.0248574e+00
   2.0000000e+00   1.3307093e+00  -1.1144204e+00   6.0892939e-01  -7.1111003e-02   1.2547329e+00  -8.3543722e-01
   2.0000000e+00  -6.2423407e-01   7.4475901e-01  -1.2437323e+00   3.2938718e-01  -1.3651232e+00  -2.4663052e-02
   2.0000000e+00  -2.0379672e+00   1.0853924e+00   9.4081164e-02   3.0396644e-01   2.5564867e-01  -1.1173089e+00
   2.0000000e+00  -7.7202959e-01  -2.8008453e-01   9.3720275e-01  -9.4409214e-01   1.6143717e+00  -4.2373123e-01
   2.0000000e+00  -2.3796652e+00  -3.5622645e-01   3.3558005e-01   5.3059972e-01  -6.9296031e-01  -8.8353837e-01
   2.0000000e+00  -1.2816528e+00  -7.4371230e-01  -1.0755206e+00  -2.8716079e-02  -2.3171296e-01  -1.5393371e+00
   2.0000000e+00   3.3157280e-01   7.3654516e-01   2.8212168e-01  -4.5385118e-01   8.0631082e-01   6.9379997e-01
   1.0000000e+00   2.9031478e-01  -9.3850649e-02  -7.1228847e-03   8.8897570e-01   4.6681426e-01  -6.0407874e-01
   2.0000000e+00  -3.9998769e-01  -4.0918528e-01  -8.4046408e-01  -5.9869098e-01  -3.9172024e-01  -1.2326211e+00
   2.0000000e+00  -1.5513046e+00   5.0039093e-01  -4.9451373e-01   4.6653542e-01   7.3651416e-01  -1.7346214e+00
   2.0000000e+00   1.0676659e+00   4.4178228e-01   2.4235175e-01  -1.8290985e+00   4.4354655e-01  -9.9445691e-01
   2.0000000e+00  -7.7923545e-01   7.9852170e-01   1.5096188e+00   8.8296935e-01   1.1797128e+00  -3.7088771e-01
   2.0000000e+00  -9.4838344e-01  -6.2157725e-01   6.6916353e-02   7.5886142e-01  -1.2009441e+00  -5.7954787e-01
   2.0000000e+00   1.2422125e+00   2.3683232e-01  -6.9979839e-01   2.7589574e-02  -2.9755149e-01  -7.9006101e-02
   2.0000000e+00  -1.2761893e-01  -4.4458247e-01  -1.6357290e+00   1.5744716e+00  -6.9900968e-01  -5.2257866e-01
   2.0000000e+00   1.2040792e+00   2.2119792e-01  -1.6462408e+00  -1.0223995e+00  -7.3659767e-01  -1.0128603e+00
   2.0000000e+00   3.8344629e-01  -1.6132162e+00   1.4930955e+00  -1.1330061e+00  -3.1202593e-01   2.2111603e+00
   2.0000000e+00  -3.0821802e-01  -4.5421510e-02   1.4923230e+00  -9.5207161e-01  -1.4190810e+00   1.8820843e+00
   2.0000000e+00   3.7446700e-01   3.3697912e-01   6.0730102e-01  -2.0424838e+00  -8.2702295e-01   9.8877019e-01
   2.0000000e+00   2.4316267e+00   1.8098003e+00  -8.0467394e-01   1.5610431e+00  -5.0305764e-01  -1.0106091e+00
   2.0000000e+00   4.2601382e-01  -1.8264275e+00   1.6555620e-01  -1.0337979e+00  -1.2814342e+00   2.7776730e-01
   1.0000000e+00  -6.6960696e-01  -7.4252750e-01   1.5102794e+00  -9.8933326e-02   4.1510783e-01  -1.4883878e-01
   1.0000000e+00  -1.0510901e+00  -2.1816575e-01   2.0976742e-03  -1.3997096e+00   3.8499442e-01   1.6291766e-01
   1.0000000e+00  -2.1882491e-01  -7.8158061e-01  -1.2632885e+00  -4.2845886e-01   2.9070652e-01   2.6509249e-01
   1.0000000e+00  -5.4790927e-01   2.1841270e-01   2.8773968e-01  -1.2822137e+00   7.7010925e-02   6.3152640e-01
   2.0000000e+00  -2.2536603e+00   6.2263226e-01  -1.7838459e-01   2.4140626e+00  -6.2021364e-01   3.9318289e-02
   2.0000000e+00  -1.0040917e+00  -1.0900160e+00   1.2199623e+00   1.8860696e+00   1.5299946e+00   8.1378313e-01
   2.0000000e+00   6.5462486e-01  -5.3053941e-01  -2.7767117e-01   1.2713579e+00   3.5303685e-01  -1.7299777e+00
   1.0000000e+00   1.6738030e+00   6.2612629e-01  -5.4575115e-01   1.1620793e-01   3.4852380e-01   2.1705966e-01
   2.0000000e+00   9.4078924e-01   8.5896125e-01  -5.6473878e-01   3.4512798e-01  -6.3810491e-01  -3.1913232e+00
   2.0000000e+00  -1.5014887e-01   3.3089624e-01  -1.2581614e-01  -1.3095736e+00  -3.4951691e-01  -2.0702765e+00
   2.0000000e+00  -2.1415687e-01  -1.3422864e+00  -9.0598514e-01  -2.5657851e-01  -3.9872285e-01   3.5935658e-01
   2.0000000e+00  -5.6451827e-01  -2.0353767e-01   7.8961918e-01   4.1716549e-01  -2.5920911e-01   2.8314583e-01
   2.0000000e+00   4.4681927e-01   6.3340708e-01   8.4446503e-01  -2.5659595e-01  -2.2987121e-01  -8.4700109e-01
   2.0000000e+00   9.9032538e-02   4.8458061e-01  -2.2135111e-01   1.9649463e-01   8.6100485e-01   1.6221599e+00
   2.0000000e+00  -1.1660772e+00  -2.0540201e+00   1.1395820e+00  -1.0168644e+00   9.8831215e-01   1.2122062e-01
   2.0000000e+00  -3.3329446e-01  -2.1731840e-01   7.3817756e-01  -2.6631356e+00   1.3973493e+00  -3.2951580e-01
   2.0000000e+00  -1.7962785e-01  -3.7067133e-01  -7.7695315e-02   1.4595982e+00   1.2547910e+00   7.0693676e-01
   2.0000000e+00  -4.0190621e-01   1.0127396e+00  -1.2883807e+00   3.2046569e-01  -8.8435604e-01   1.3578138e+00
   2.0000000e+00   2.7973365e-01  -5.8982159e-01   1.2548905e+00   6.0324377e-01   4.4933056e-01  -1.5986247e+00
   2.0000000e+00   2.5744414e-02  -3.1237011e+00  -3.5984382e-01   2.3317475e-01  -2.1157461e-01   6.6614449e-01
   2.0000000e+00  -2.6662218e-01   1.1725433e+00  -1.4767387e+00   2.5415680e+00  -1.4496006e+00  -1.6478440e+00
   2.0000000e+00   7.9599428e-01  -1.0087959e+00   5.3902096e-01   1.3097078e-01  -2.8932857e-01  -4.9850281e-01
   2.0000000e+00  -2.9234126e-01   6.8544768e-01   1.6097908e+00   1.9838887e+00   1.0166224e+00   1.5439924e-01
   1.0000000e+00  -3.5135713e-01  -6.3027060e-01  -3.4227076e-02   2.7120986e-02   5.5390998e-01   8.2606850e-01
   2.0000000e+00   1.4221450e+00   3.8460681e-01  -8.0364153e-01  -2.1069561e-01  -1.8616155e+00  -1.1973163e+00
   2.0000000e+00  -7.8751631e-01  -3.3973611e-01   3.7898891e-01   4.5861112e-01  -3.4536828e-01  -1.9712741e+00
   2.0000000e+00  -1.2694099e-01   8.1093222e-01  -3.7241833e-01   2.5931613e+00   1.1298134e+00   1.0711066e+00
   1.0000000e+00  -9.9446074e-02   1.1663142e+00   1.4606768e+00   6.6347160e-01   4.2411680e-01   3.8304761e-01
   2.0000000e+00   2.3020986e+00   1.4368393e+00  -1.4584214e+00  -1.3257305e+00  -3.5902759e-01   1.2773227e+00
   2.0000000e+00   1.3538982e+00   7.6632057e-01  -7.6244103e-01  -2.2416215e-01  -1.4909749e-01   1.3141624e+00
   1.0000000e+00   1.1092323e+00  -1.4181218e-01  -1.8243059e-01   2.0235547e+00   4.1915296e-01   6.7498348e-01
   2.0000000e+00   8.4145491e-01  -1.3284995e-01  -1.1743284e-03  -1.4787173e-02   1.8021626e+00  -1.2235063e+00
   2.0000000e+00  -6.6801614e-04  -8.9206966e-01  -4.2499813e-01   3.9687801e-01  -1.5940170e+00   9.6734591e-01
   2.0000000e+00  -1.4955105e+00   1.6299798e+00  -9.2725729e-01   1.4597870e+00  -1.1465580e+00   5.0542159e-01
   1.0000000e+00   1.0469357e+00  -5.0835075e-01  -6.1929770e-01   2.7002305e-01   4.5399762e-01  -2.8541047e-01
   2.0000000e+00  -1.8891245e-01  -2.3053211e-01   1.0799714e+00   5.6787366e-01  -1.8401182e+00  -5.7888421e-01
   2.0000000e+00  -2.3109863e-01   1.7828548e-01   2.7866651e-01   5.3699592e-01   6.0208431e-01  -9.7604912e-01
   1.0000000e+00  -2.8074100e-01  -8.5966392e-01   5.4695580e-01   7.7969453e-01   4.0727958e-01   9.9701119e-03
   2.0000000e+00   1.7401303e+00   1.3930470e+00   1.0586610e-01  -5.0836382e-01   2.3598675e+00   2.1152221e-01
   2.0000000e+00   1.0159694e+00  -1.2482122e+00   1.1831920e+00   1.4343072e+00  -7.0457386e-01   2.2231883e+00
   2.0000000e+00   1.1960385e+00  -5.6549072e-01   3.8513395e-01   5.6940085e-01  -9.5323751e-01  -7.6778640e-01
   2.0000000e+00  -2.8195958e-01   5.2498446e-01   3.9396457e-01   3.0692974e+00  -1.0447641e+00  -1.1277154e+00
   2.0000000e+00   1.7132760e-01  -5.7407710e-01   2.9112152e-01  -2.2134099e-01  -6.8934591e-01   7.3205242e-01
   2.0000000e+00   1.7157679e+00   1.3767117e+00   1.5198525e+00   6.3925272e-01  -9.3418630e-01  -1.5486393e-01
   2.0000000e+00  -5.2086574e-01   4.5839788e-01  -9.2781288e-01  -8.5873128e-01  -3.3629655e-01  -5.7805575e-01
   2.0000000e+00   1.3362929e+00  -1.4801143e+00   5.4725653e-01   9.9923602e-01  -1.5344063e+00   9.3639649e-01
   2.0000000e+00   3.1381384e-01  -5.7703262e-01   3.1022051e-01  -2.5981394e+00  -3.8547516e-02   3.0306326e-01
   1.0000000e+00  -1.4807207e-02  -6.3362338e-01  -1.5430895e+00   1.3307116e+00   1.0503662e-01   5.2820406e-01
   2.0000000e+00   1.6602153e+00   2.6148715e-01  -7.3866602e-01   7.0461785e-01  -4.8140334e-01  -1.0545980e+00
   2.0000000e+00  -1.2067930e+00  -8.6135930e-01   1.4253654e-01   6.5797611e-02  -1.5525488e+00  -2.9689769e-01
   2.0000000e+00  -3.7894585e-01  -2.2059478e-01  -8.7457244e-02   1.4163087e-01  -4.6270696e-01   7.2077329e-02
   2.0000000e+00  -5.8996589e-03   8.0618233e-01   1.5672560e+00  -1.2120345e+00   1.6528387e+00  -9.7033678e-01
   2.0000000e+00   4.2494841e-01  -1.2713691e+00   6.0282391e-01  -8.3262279e-01  -1.1477393e+00  -5.7746923e-01
   2.0000000e+00  -2.3527420e+00   4.9581115e-01   1.3557348e+00  -1.5008921e+00  -9.2413574e-01   5.5702097e-01
   2.0000000e+00  -1.4166063e+00   7.0131748e-01   5.9909889e-01  -1.4276628e+00  -2.4306628e+00   9.1225249e-01
   2.0000000e+00  -6.3404045e-02  -2.7376394e-01   1.0212403e+00   1.1243542e+00   9.5537561e-01  -8.3775293e-01
   1.0000000e+00   1.0080828e-01   3.4677499e-01   8.7686478e-01  -2.1926058e-01   1.5197047e-01   6.8790460e-01
   1.0000000e+00   5.5921604e-01  -1.2241873e-01  -2.4353651e-02   1.1650074e+00   2.0256015e-01  -8.5691273e-01
   2.0000000e+00  -7.9792945e-02   7.9576680e-01  -4.8850628e-01   9.4515903e-01  -5.6835760e-01  -2.1120376e+00
   2.0000000e+00   2.7131818e-01  -8.8384520e-01   1.2064432e+00  -2.3271137e+00   6.1443002e-01  -1.3009293e+00
   2.0000000e+00   7.1822237e-01   6.8209248e-01   7.7495422e-01  -5.4385623e-01  -5.2110351e-01  -1.0156181e-02
   2.0000000e+00   7.1827836e-02  -3.8938672e-01  -5.9754074e-01   2.0643402e+00   1.0287790e+00  -1.4322189e-01
   2.0000000e+00  -2.1196572e-02   3.4815270e+00  -3.3409080e-01  -1.3736565e-01  -1.2001015e+00  -5.8974618e-01
   2.0000000e+00  -7.4108714e-01  -1.3479619e-01   9.5254278e-01   2.0870737e-01  -2.3345089e+00  -9.2004830e-01
   2.0000000e+00   1.0217145e+00   2.4986380e-02   7.6120591e-01   3.0841272e-01  -3.9542679e-01  -3.5867441e-01
   2.0000000e+00   4.8767461e-01  -1.0250118e+00  -2.5311854e-01   1.1552576e-01  -3.9889584e-01  -1.0672428e+00
   2.0000000e+00  -1.2345814e+00  -1.7338274e+00  -4.9561371e-01   1.4083555e-01  -1.2904178e-01   1.3509662e-01
   1.0000000e+00  -1.3281514e-01   1.6055025e-01   1.0432346e+00  -5.4878194e-01   5.2021326e-01   3.5256747e-01
   2.0000000e+00  -8.6471241e-01  -1.7988760e+00   2.1298696e-01  -3.5054865e-01  -2.1372281e-01  -6.3366985e-01
   1.0000000e+00  -6.5271474e-01  -6.3923197e-01   1.4116129e+00   5.2536152e-01   8.6011469e-02   6.5386049e-01
   1.0000000e+00   2.0323122e+00   1.9361156e+00   8.3365372e-01  -1.0257741e+00   1.6736919e-01  -2.7020923e-01
   2.0000000e+00   2.8070359e-01   4.4062886e-01  -1.2128626e+00   5.1111491e-01   1.9685039e+00   6.7332856e-01
   2.0000000e+00   3.2883604e-01  -1.3879239e-01  -1.5205590e-01  -4.6363604e-01   1.2767712e+00   4.2394363e-01
   2.0000000e+00   2.8238099e-02   6.9404913e-01  -7.8363515e-01  -1.6046831e-01  -1.7901395e+00  -1.7120429e-01
   2.0000000e+00   6.6935240e-01  -7.3692613e-01   1.4799423e+00   2.9588329e-01  -9.2273439e-01  -8.4451713e-01
   2.0000000e+00   1.6221959e+00  -1.7317845e-01   8.4082010e-01   1.0712501e+00  -2.1747419e-02  -1.1063600e+00
   2.0000000e+00  -2.1870811e+00  -3.9575611e-01  -4.8616631e-01   1.5981538e+00   6.0071933e-01  -9.3437517e-01
   2.0000000e+00   5.6431579e-01  -5.9217428e-01   2.3116442e+00  -8.8948455e-01   7.7462770e-01  -8.6993937e-01
   1.0000000e+00  -3.6416724e-01   2.3330781e-01  -8.1205553e-01  -1.5726821e+00   3.3652032e-01   3.5621669e-01
   2.0000000e+00   1.1883581e+00  -1.8768360e+00  -1.9022277e-01   9.2106142e-01  -1.2958728e-01   1.7781140e+00
   2.0000000e+00  -7.0818344e-01  -1.5168961e+00  -1.5621160e-01   1.1389029e-01   5.4171752e-01  -1.6789798e+00
   2.0000000e+00   6.3426809e-01  -1.1055139e+00  -1.8235667e-01   3.8398570e-01   1.1292950e+00   1.6170625e+00
   2.0000000e+00   8.1908089e-01   2.2881199e+00   1.6446408e+00   1.4818327e+00  -3.7045671e-01  -2.8869545e-01
   2.0000000e+00  -1.1125936e+00  -1.8124344e+00  -3.5518719e-01  -8.3958346e-01  -1.0602986e-01   8.7502223e-01
   2.0000000e+00   3.0625948e-01  -2.2517855e-01   1.7970226e-02  -5.0203664e-01   1.0444536e+00  -1.0873169e+00
   2.0000000e+00   1.2222244e+00   2.2025998e-01  -5.1510080e-01   6.3860318e-01   4.2383397e-01  -9.2952699e-01
   2.0000000e+00  -1.4917259e+00  -2.5658252e-02   2.4749719e+00  -1.6739437e+00  -2.4028209e-01   1.4840631e-01
   1.0000000e+00  -1.7807181e-01   8.1688521e-01   1.0942159e+00  -1.2950742e+00   3.3917095e-01   2.3484497e-01
   2.0000000e+00  -7.5419193e-01  -7.2988586e-03   5.8386003e-01   3.8746466e-02  -1.6683487e+00   1.5291217e-01
   2.0000000e+00  -2.4828049e+00  -6.5422922e-01  -2.2382035e-01  -7.8813579e-01  -4.6609105e-01   5.1178470e-01
   2.0000000e+00   1.0746719e+00  -8.2801893e-01  -1.0000644e-01   4.2596921e-01  -5.2520364e-01  -2.5144400e-01
   2.0000000e+00  -7.1935229e-01  -2.3541929e-01  -1.0938780e+00  -2.0540179e-01   9.1494445e-01  -5.3308495e-01
   2.0000000e+00  -8.2144211e-01   1.1294395e+00   2.2279245e-01  -3.1218883e-01   9.9901971e-01  -1.4448603e-01
   2.0000000e+00  -1.7846315e+00   9.0293010e-01   1.3714218e-01  -1.1534417e+00   1.2151951e+00  -5.9807680e-01
   2.0000000e+00  -1.4462565e+00   3.3426874e-01  -1.3326559e+00  -2.6867155e+00   2.4371828e+00  -1.0572769e+00
   2.0000000e+00   1.1644259e+00  -7.1659100e-01  -1.2363589e+00   1.8532870e+00  -1.2708010e+00  -5.9782672e-01
   2.0000000e+00   8.6172655e-03   8.5019936e-01   1.3234026e+00   1.3466328e+00   1.3099474e+00  -3.5102958e-01
   2.0000000e+00   2.7991226e+00  -3.9088461e-03   5.5084998e-01  -2.4156003e-01  -8.7913112e-01   1.1963110e+00
   2.0000000e+00   6.5435641e-01   1.0290017e+00  -1.9783459e+00   1.4281484e+00  -3.7034297e-01   1.3895858e+00
   2.0000000e+00  -1.5501996e+00   4.3374543e-01  -9.1289006e-01   4.9225385e-01   1.6297008e+00  -5.8820956e-01
   2.0000000e+00  -5.9040449e-01   1.3266451e+00   3.9596545e-01  -2.1340307e+00  -2.9872615e-01   2.9126823e-01
   2.0000000e+00  -1.4695133e+00  -5.1348027e-01   3.6611006e-01   8.6680697e-01   7.7882054e-01   1.8396780e+00
   2.0000000e+00  -1.3224196e+00   1.2217435e+00  -1.9484828e-01   7.2929378e-01  -1.0312890e+00  -1.6697000e+00
   2.0000000e+00  -7.6311480e-01   7.7844385e-01  -7.9344448e-01   5.0955598e-01  -1.5940721e-01   2.5862675e+00
   2.0000000e+00  -8.2634848e-01   5.6502667e-01   2.9094710e-01   4.6832735e-02   1.4957217e+00  -9.6492560e-01
   2.0000000e+00   9.7256464e-01   1.3908797e+00   9.5227423e-01  -2.4840492e-01  -6.8866285e-01  -8.5168248e-01
   2.0000000e+00  -6.3146552e-01   9.4535077e-01  -1.2809868e+00  -2.0283568e+00  -1.4899129e+00   8.4674335e-01
   2.0000000e+00  -3.4339750e-01   3.9890177e-01   4.1466625e-01   1.3130731e+00  -1.3235483e+00   1.3914441e+00
   2.0000000e+00  -2.0893464e+00   9.0761002e-02  -3.1343726e+00  -9.1518224e-02   2.3615992e-01  -3.4389119e+00
   2.0000000e+00  -3.9631958e-01   7.8524977e-02   7.1009219e-01  -1.7213830e+00  -1.2722854e+00  -1.3877828e+00
   1.0000000e+00   2.2098755e+00  -7.9376863e-01  -1.3528080e-01   1.7643992e-01   6.0565107e-01   5.2948157e-01
   2.0000000e+00   1.0203077e+00  -3.4132279e-01  -1.1286495e+00  -3.5676782e-01  -1.9554566e+00  -1.2979270e+00
   1.0000000e+00   1.5301447e-01  -1.7764992e-01   1.4526066e-01   1.0419999e-01   6.0718748e-01   2.7509066e-01
   2.0000000e+00   5.4455216e-01   6.9148529e-01  -7.9841409e-01   3.3087332e-01  -9.5741406e-01   1.2375113e-01
   2.0000000e+00   1.0253210e+00  -9.4116531e-01   1.1471684e-01  -4.7395859e-02  -4.9928116e-01  -9.5968876e-02
   2.0000000e+00  -1.1801362e+00  -1.0949581e+00  -5.3283746e-01  -4.1728919e-01  -4.0495435e-01  -7.9667700e-01
   2.0000000e+00  -5.9498646e-01  -2.1102448e+00   8.0046190e-01  -9.7131592e-01  -1.5982062e+00  -1.4442178e+00
   2.0000000e+00   8.4734372e-01   1.9456726e-01  -6.6323959e-01  -1.8944062e-02  -1.2313777e-01   4.8740828e-01
   2.0000000e+00  -1.6045152e+00  -8.0819184e-01   8.5666394e-01  -4.2145905e-01   7.7678553e-01   1.5470508e+00
   1.0000000e+00  -3.5321213e-01   2.3154987e-01   9.5204321e-01   2.8821731e-02   4.0477282e-01   6.4632008e-01
   2.0000000e+00   9.2231958e-01  -8.0008177e-01   1.7470420e-01   1.3760154e+00   5.8076913e-01  -8.6637867e-01
   2.0000000e+00   1.6840370e-01  -9.4225293e-01  -9.5885317e-01   7.8771341e-01   1.5914659e+00   3.5069742e-01
   1.0000000e+00   1.1609430e+00  -6.1549496e-01  -4.0938736e-01   1.3415876e+00   2.3051376e-01   8.9776119e-03
   2.0000000e+00  -9.5772099e-02   8.3016007e-01   6.5228758e-01   6.6151044e-01  -7.0772232e-01   2.1458584e+00
   2.0000000e+00  -5.1703025e-01   9.3489767e-01   8.5371766e-01  -3.3179865e-02   2.9873913e-01   1.5409586e+00
   2.0000000e+00  -3.6292833e-01   7.8020829e-01  -7.5713097e-01   1.1664618e+00  -1.6474053e-01   6.5141884e-01
   2.0000000e+00  -8.5415532e-01   6.3629591e-01   3.5594334e-01   1.1509687e+00  -1.3097788e+00   1.4210610e-01
   1.0000000e+00  -1.2614482e+00   4.2152592e-01  -1.2032472e+00  -1.6896781e+00   3.2360126e-01   8.0219626e-01
   2.0000000e+00   6.7998855e-01  -7.2823581e-01   6.1515633e-01   6.7521537e-01  -3.1788298e-01   1.5783560e+00
   1.0000000e+00  -1.7311801e+00  -1.0330286e+00   2.5462345e-02  -1.5613849e+00   7.0054496e-01   3.4939023e-01
   2.0000000e+00  -2.1249830e+00  -1.8790703e-01   1.0709219e+00   5.8785684e-01   1.4465855e+00   9.1323299e-01
   2.0000000e+00   1.1098325e-01  -5.4121117e-01  -7.9982513e-01   1.4077147e+00  -2.9672781e-01   1.2652811e+00
   1.0000000e+00   1.6036131e+00  -1.3327296e-01  -4.8543356e-01  -1.9954969e-01   2.2396443e-01   8.5977458e-02
   1.0000000e+00   6.5285383e-03  -4.2851962e-01   3.7426462e-01   7.7158420e-01   1.6245046e-01  -1.8255932e-01
   2.0000000e+00   1.1835226e+00  -5.2172623e-01  -1.3587038e+00   1.6592330e+00  -1.2797798e+00  -1.0330427e+00
   2.0000000e+00   1.4831359e+00  -1.9125152e+00  -9.0642571e-01   8.0772913e-01  -3.1185061e-02  -1.4788221e-01
   2.0000000e+00  -1.9729254e+00  -3.0902441e-01   1.0805068e+00  -3.9301543e-01  -5.9764906e-01   1.2603601e+00
   2.0000000e+00  -5.0953940e-01  -2.4149768e-01   1.5039931e+00   2.3974156e-01   1.8739211e-01   1.1569754e+00
   2.0000000e+00  -7.2784326e-01  -2.1386635e-01   9.7279757e-01  -1.0426350e+00  -4.5549829e-01   2.0697259e+00
   2.0000000e+00   6.0598880e-01   1.8516892e-01   5.8146745e-01   1.2752079e+00  -1.7189795e+00   1.2855719e+00
   2.0000000e+00   4.6229213e-01  -7.2607369e-01   4.5476438e-01  -8.8184471e-01  -6.9044316e-01  -2.6893733e-01
   2.0000000e+00   1.6981013e+00  -1.2044625e+00   1.2506855e+00  -3.9405150e-01  -1.1796042e+00  -1.3665762e+00
   2.0000000e+00  -3.0383050e-02  -8.5113513e-01   7.4600135e-02   1.5442701e+00   3.1745787e-01   1.0187763e+00
   1.0000000e+00  -1.8178057e-01   1.8349520e-01   1.3777430e+00   1.5530486e+00   6.5633115e-01   3.5579624e-01
   2.0000000e+00   1.0175129e-01  -1.8813362e-01  -9.3425814e-01  -1.3382546e+00  -2.1307008e+00  -6.5048375e-02
   2.0000000e+00   1.7604789e+00  -6.4911869e-01  -1.2788689e+00   7.7150936e-02   1.7325248e+00  -3.7200052e-01
   2.0000000e+00  -6.2339534e-01   6.0034960e-01   3.4637469e-01   1.0085214e+00  -8.3932060e-02  -5.2010328e-02
   1.0000000e+00   5.5286026e-01   3.7559837e-01  -1.7578278e+00   8.0005758e-01   7.4393482e-01   2.7724432e-01
   2.0000000e+00   7.6829699e-01  -9.4133966e-02  -7.7846077e-01  -1.5936189e+00  -9.2000913e-01  -4.9256212e-02
   2.0000000e+00   6.8582561e-01  -3.0585070e-01  -2.3652196e-01  -1.4690297e+00   1.0942834e+00  -1.4549687e+00
   2.0000000e+00  -2.4489389e+00   2.0614490e+00   5.1860055e-01   3.7262562e-01  -6.0038547e-01   1.3211015e+00
   2.0000000e+00  -3.1810423e+00  -1.9974360e+00  -2.8637045e-01   8.7450539e-02   3.9052295e-01  -1.5018253e-02
   2.0000000e+00   4.5673115e-01  -1.7055632e-01   1.9990181e-02  -6.2965986e-01   1.8500039e+00   6.8532037e-01
   2.0000000e+00   6.7471279e-01   6.6132006e-01   1.3704043e+00   2.4049729e-01  -1.0922165e+00  -2.2250727e-01
   2.0000000e+00  -1.7360267e+00  -6.6406018e-01   1.3531529e-01  -7.1775269e-01   6.7240788e-02  -1.7479954e+00
   2.0000000e+00  -2.9485857e-02  -3.1189349e-01  -9.6213825e-01   4.8389608e-01  -1.3266363e+00   1.8176065e+00
   2.0000000e+00   6.1405731e-01  -1.3050863e+00   1.2822174e+00  -3.0596637e-01  -1.0626658e+00  -1.4270077e+00
   1.0000000e+00  -4.3332492e-02  -4.2194971e-01   3.3228834e-01  -1.2099797e+00   2.8416025e-01  -4.4452365e-01
   2.0000000e+00   1.3474466e+00   7.0804336e-01   5.5174439e-01   3.4125199e-01  -4.0296642e-02  -1.3028769e+00
   1.0000000e+00   1.0986656e+00   1.4013099e+00  -2.7907117e-01   8.7628513e-01   3.8232963e-01   7.9203106e-01
   2.0000000e+00   5.6664026e-01   2.2666361e+00  -5.1847517e-01   1.5466385e+00  -1.1233794e+00  -2.4394835e-01
   2.0000000e+00   4.6405381e-01   1.1055782e+00  -7.5427642e-01  -7.6584350e-02  -1.0735560e+00   4.3995276e-02
   2.0000000e+00  -6.9615549e-01  -1.2086520e+00  -5.9405778e-01  -3.9767572e-01  -4.3551915e-01  -4.0017606e-01
   2.0000000e+00  -3.7497647e-01   1.8700965e+00   1.5604725e+00  -3.9389225e-01   1.3118958e+00  -6.3973408e-01
   1.0000000e+00   4.7101418e-01  -1.4351695e-01  -5.3332040e-01  -1.7813346e+00   7.3818783e-01   2.5693527e-01
   2.0000000e+00   1.3198286e+00  -3.2250139e+00  -2.4279993e+00  -2.8145303e-02  -2.2079056e-01   1.2019178e+00
   2.0000000e+00   1.4344760e+00  -2.9563312e-02  -3.1122799e-01  -8.3625805e-01   1.2052488e+00   8.4354660e-01
   2.0000000e+00  -2.0941636e+00  -4.7234656e-01   1.9447929e+00   3.5991786e-01   9.1673049e-01  -4.4797855e-01
   2.0000000e+00   4.6444670e-01   1.7889993e+00  -9.8642950e-01  -3.2847082e+00  -1.7783735e-01   6.6747245e-01
   2.0000000e+00  -3.2161959e-01   1.8541782e-01  -2.9334759e-01  -1.0241587e+00  -2.0608277e-01  -1.6745334e+00
   2.0000000e+00  -4.8410652e-01   1.0167988e+00   2.1116662e-02  -7.9250521e-02  -1.1383870e+00  -3.5907966e-01
   2.0000000e+00   3.8277319e-01   6.4548269e-01   5.1575025e-01  -8.5244209e-01   7.6910705e-01  -1.0287204e+00
   2.0000000e+00  -2.2036038e-01  -2.4986418e-01  -3.5363443e-01  -1.2665329e+00   1.0495457e+00  -3.7065425e-01
   1.0000000e+00  -1.4207664e+00  -1.2338147e-01  -8.5895539e-01   1.6639455e+00   4.5186304e-01  -2.5508067e-01
   2.0000000e+00   2.0894301e-01   3.3088321e-01   2.1556211e+00  -1.4115649e+00   1.1073175e+00   1.4375142e+00
   2.0000000e+00   6.7967466e-01  -2.5900560e-01  -9.1081883e-01  -3.5587260e-01   1.4579437e+00  -9.7040344e-01
   2.0000000e+00   9.8441708e-01  -2.5228557e+00   3.3382497e-01  -1.5663943e+00   1.6899567e+00   2.5546814e+00
   1.0000000e+00   8.4074856e-01  -1.5581112e+00   6.1531960e-01   8.8607899e-02   1.8003134e-01  -1.7463923e-01
   2.0000000e+00  -5.4411129e-01  -4.0961596e-01   1.5423436e+00  -1.4431896e-01  -3.7963843e-01   6.5346213e-01
   2.0000000e+00   8.1524825e-01   1.2211360e+00  -2.3856058e-01  -2.1296958e-01  -1.4335804e+00   1.0518020e+00
   1.0000000e+00   1.0722654e-01  -9.5465556e-02   2.2493818e+00   6.4872817e-01   5.9068628e-02   1.8419270e-02
   2.0000000e+00   1.7331558e+00  -8.0466611e-01  -5.1636648e-01  -2.2061437e-01  -1.0829608e+00   1.0852617e-01
   2.0000000e+00  -1.0108929e+00  -4.4109804e-01   4.4241050e-01   2.1521678e+00  -1.2303888e+00   1.1153923e+00
   2.0000000e+00   6.4896711e-01  -1.7094824e+00   1.3559003e+00  -1.5612840e+00   1.5789699e+00   7.5043754e-01
   1.0000000e+00   7.3481589e-02   1.1296812e+00   6.7852325e-01   2.6620926e-01   4.9708733e-01   7.2062860e-02
   2.0000000e+00  -1.1334304e+00  -1.4061331e+00   3.2246328e-01  -1.5345403e+00  -1.2912966e+00  -5.7976669e-01
   2.0000000e+00   1.4676229e+00   1.0252797e+00  -3.0626472e-01   2.1009236e-01  -7.6283894e-01   3.2695609e-01
   2.0000000e+00  -2.2204135e-01   8.5619037e-02   3.3604178e-01  -3.6817831e-01   1.4533358e+00   9.5905781e-02
   2.0000000e+00   2.6997434e-01   1.4682961e+00   6.8739857e-01  -1.4710853e+00   1.1839544e+00  -2.8922673e-01
   2.0000000e+00  -9.6442563e-01   8.1832919e-01  -1.0712525e+00   1.7766737e+00   2.2792270e-01   1.0349143e+00
   2.0000000e+00  -1.1217912e+00  -4.1448543e-01   5.7484900e-02  -1.3007040e+00  -1.3133137e-01   6.0989579e-01
   2.0000000e+00   2.8817171e-02   2.4365041e+00   5.9245718e-01   3.0407085e-01  -1.6402995e+00  -2.1622690e-01
   2.0000000e+00  -6.6834363e-01  -2.3456799e+00  -9.3086267e-01  -1.2023936e-01  -6.5738103e-02  -8.2888128e-01
   2.0000000e+00   3.0458431e-01   5.7458088e-01   9.2377152e-01  -1.8327433e+00   9.8672703e-01  -1.7698305e+00
   2.0000000e+00   1.0678811e+00   6.4258814e-01  -1.4864668e+00   4.2504775e-01   1.0126737e+00   1.7329230e-01
   2.0000000e+00   3.1094423e-01   1.8058565e+00  -1.3773987e+00   1.5281912e+00   1.4939396e+00   2.9375280e+00
   2.0000000e+00   2.4453681e-01  -8.9419639e-01   3.8105640e-01   1.0331929e+00   7.0341624e-01  -1.5665336e+00
   2.0000000e+00  -1.4679765e+00  -1.2406812e+00  -6.0873170e-01  -2.0795710e+00   8.3945977e-01   1.4856948e+00
   2.0000000e+00   1.4326609e+00  -1.9274817e+00  -7.4432142e-01  -1.0595610e+00  -1.1097125e+00  -9.9168181e-01
   1.0000000e+00  -1.2274136e+00   8.4666775e-02  -1.1264154e+00  -3.8817539e-01   2.0300132e-01   7.9804148e-02
   2.0000000e+00   7.5807619e-02   1.9885290e+00  -1.2825207e+00  -6.9727233e-02   4.7567924e-01   2.0602634e-01
   2.0000000e+00  -4.0641806e-01  -3.2039611e-01   9.4888991e-01  -2.2993786e-02   9.7823949e-01  -2.7345619e-01
   2.0000000e+00   6.0270591e-01  -1.8613788e+00  -1.4064694e+00  -2.4719597e-01   1.8199498e-01  -1.3784038e+00
   2.0000000e+00  -5.4296519e-01  -3.0173995e-01  -1.1711661e+00   6.7282710e-01  -7.1314803e-01  -1.6244178e+00
   2.0000000e+00   4.6536800e-01   1.2497894e+00   8.3371218e-01   3.4550648e-01   2.4337314e-01  -1.3147756e+00
   1.0000000e+00  -8.9710116e-01  -1.3747057e-01   1.1565384e+00   2.6966008e+00   3.0201043e-01  -2.7382190e-01
   2.0000000e+00  -1.5288821e-01  -2.8048690e-03   1.3860730e+00   2.0732118e+00   1.0008990e+00   5.9433836e-01
   2.0000000e+00   8.3137648e-01   1.7317453e-01   9.1453815e-02   9.9606732e-01  -8.8583856e-01   4.9439657e-01
   2.0000000e+00  -7.7629574e-01   1.3470234e+00  -1.3755997e+00  -2.5142142e-01   1.1225877e+00  -1.0256529e-01
   2.0000000e+00  -9.4640033e-02   2.2903145e+00   6.9218561e-02   1.6213506e-01  -1.9114666e-01   2.0832009e-02
   2.0000000e+00   1.5685221e+00   9.3148268e-01  -8.3190604e-01  -3.2597380e-01  -1.2931016e+00  -6.4005656e-01
   2.0000000e+00  -6.7536637e-02  -1.1803693e-02  -8.6707653e-01   4.1260387e-01  -5.2944816e-01   1.8243960e+00
   2.0000000e+00  -6.3978900e-02   2.2116975e+00  -1.3049672e+00   5.1526950e-01   1.2891394e+00  -5.7626642e-01
