   2.0000000e+00  -5.7725652e-01  -2.0122237e+00  -2.0462442e+00  -8.7264918e-01  -1.5241242e+00   1.3117510e+00
   2.0000000e+00   7.7576101e-01   4.2694645e-01   9.8887881e-01   2.4552472e+00   5.1157057e-01   1.9446749e+00
   2.0000000e+00  -1.5299449e-01   6.8835828e-01  -4.5718198e-01   6.6236437e-01   6.7237998e-01  -1.9005793e+00
   2.0000000e+00  -1.8046302e+00  -4.5085253e-02  -3.1624855e-01   3.9172015e-01   2.1984732e-01   5.1692807e-01
   2.0000000e+00   1.7830805e-01  -1.9750100e+00   4.7491095e-01   7.9685695e-01  -8.4987404e-01  -1.0819723e+00
   2.0000000e+00   1.1995083e+00  -1.3855587e+00  -4.1595386e-01   4.3868331e-01   6.1781879e-01  -1.1488836e-01
   1.0000000e+00  -3.5034628e-01  -4.8963139e-01   5.4833653e-01  -7.2570788e-01  -2.3489946e+00   3.1070583e-01
   2.0000000e+00   3.0152570e-01  -5.2092667e-01  -1.8874740e-01  -2.5998501e-01   2.4641653e-01  -1.3392091e+00
   2.0000000e+00  -1.1591983e+00   3.0519927e-01  -1.0524790e+00   3.8163563e-02  -1.5124774e+00  -1.4678092e-01
   2.0000000e+00  -5.8849844e-02  -1.0084753e+00   4.5093737e-01   1.1833692e+00   1.0703687e+00  -6.2201777e-01
   2.0000000e+00   8.8066080e-02  -1.0637770e+00   1.1622385e+00   1.9700426e-01  -8.1393192e-01  -7.1933043e-01
   1.0000000e+00   1.7477530e-01  -1.9278740e-01  -2.4241084e-01  -6.9345345e-02  -1.5088216e+00   8.8700078e-02
   2.0000000e+00   1.4972214e-01   3.7601883e-01  -1.0857707e+00  -1.3673204e-01  -1.3907659e+00  -6.4394850e-01
   2.0000000e+00  -3.0809358e-01  -8.5017494e-01  -4.5085251e-01  -2.1548399e-01  -9.1510533e-03  -6.5490249e-01
   2.0000000e+00  -2.2857718e-01   4.7649958e-01  -8.5563488e-01   1.5707837e-01   1.6428259e-01   1.1244348e+00
   2.0000000e+00  -1.1056933e-01   2.4271649e-02   2.9529811e-01   5.8804375e-01   3.7171850e-01  -1.8418711e-01
   2.0000000e+00   1.7870070e+00   2.4421344e-01  -8.1426372e-01   2.8807119e-01   9.1799513e-01   5.8945779e-01
   2.0000000e+00  -7.9386887e-01  -1.8403122e-02  -3.1976642e-01  -2.9619323e-01   1.3173965e+00   7.4729307e-01
   2.0000000e+00   1.0036802e+00  -2.4309929e+00   1.0491691e+00   2.8016638e-01   6.1955219e-01  -1.6878280e+00
   1.0000000e+00  -4.7431455e-01   1.1167517e+00  -1.1109408e+00   2.3251688e-01  -1.6884673e+00   8.0480645e-01
   2.0000000e+00  -2.7583205e-01  -7.6201630e-01   2.4635414e-01  -5.3233795e-01   1.0876382e+00  -1.3710698e+00
   2.0000000e+00  -1.5744840e+00   8.6288292e-01  -1.1503588e+00  -2.0811611e-01   8.5029017e-01  -3.5332804e-01
   2.0000000e+00   6.4505529e-02   6.8632288e-01  -3.5260127e-01  -5.6586162e-01   1.7162215e+00  -6.7376521e-01
   2.0000000e+00  -1.8375476e+00  -4.5241645e-01   6.5843219e-01   4.9445061e-01   4.4059558e-01   6.0790859e-01
   2.0000000e+00  -2.5250400e+00  -1.7471776e+00   2.6900265e-01   1.0387369e+00  -1.1758802e-01   2.7142273e-01
   2.0000000e+00  -1.9240912e+00  -1.3237597e+00  -1.8230658e+00  -2.8736696e-01   5.0285968e-01   2.7422770e+00
   2.0000000e+00   6.3124587e-01   2.2591264e+00  -5.6419304e-01  -5.4819972e-01   6.1439601e-02   1.7336726e+00
   1.0000000e+00   3.6886587e-01  -5.1507404e-01   4.2668196e-01   5.0095875e-01   4.2260741e-01   4.7279367e-01
   2.0000000e+00   3.7757456e-01   8.9198315e-02   1.0908093e+00  -1.1025569e+00   8.9892929e-01  -1.6680907e+00
   2.0000000e+00   6.8748391e-01   5.5282397e-01   1.1478458e+00  -8.1328758e-01  -8.9913609e-01  -2.8961732e-01
   2.0000000e+00   1.4387079e+00   9.4084902e-01  -8.1049443e-01   9.6474584e-01   3.7703386e-01   1.7892969e+00
   2.0000000e+00   3.5921111e-01  -9.5703685e-01  -4.9631238e-01   3.2935787e-01   2.4870308e-01  -7.6429012e-02
   1.0000000e+00  -2.7495392e-01   3.0254396e-01   1.1492492e+00   5.1540325e-01  -7.0989896e-01   3.5742776e-01
   2.0000000e+00  -1.0511246e+00  -1.0053985e+00  -2.2885630e-01   1.5782544e+00  -1.3434602e+00   4.2058090e-01
   2.0000000e+00   1.1285129e+00  -2.8236979e-01   9.0222511e-01   9.3514461e-01  -2.0215419e-01   5.9671740e-01
   2.0000000e+00  -6.2295098e-01  -2.2094699e+00  -1.1071437e+00  -1.0457970e+00  -7.6714890e-01   1.6439431e+00
   2.0000000e+00  -1.6633595e+00   5.5366538e-01   1.7527665e+00   9.5456247e-01   1.9016841e-01  -1.2746129e+00
   2.0000000e+00   4.4637594e-01   2.0227428e-02  -1.6890103e+00  -2.6755181e+00   1.9588870e+00  -6.9730591e-01
   1.0000000e+00   5.3940203e-01  -3.2546886e-01   1.0576734e+00   3.7847019e-01  -1.7343169e-01   6.7983159e-01
   2.0000000e+00   1.1688338e+00  -2.7348908e-01   2.3006064e-01  -4.4920473e-01   1.6716257e+00  -2.2533616e+00
   2.0000000e+00   2.0577677e+00   6.0426701e-01   7.0933937e-01   1.7849633e+00   1.9525652e+00   4.1170144e-01
   2.0000000e+00  -2.9013314e-01   1.1852283e+00   6.4371907e-01  -1.3563528e-01  -6.4403122e-02  -1.1140454e+00
   2.0000000e+00  -5.6780723e-02  -5.1642604e-01  -3.2050134e-01   1.6118378e+00   9.2818394e-01  -3.0043372e+00
   2.0000000e+00  -1.1958533e+00  -2.3568284e+00  -1.3306183e+00  -4.8053737e-01   1.2809127e+00  -3.7318896e-01
   2.0000000e+00  -3.1977088e-01   2.0275888e-01   8.5082477e-01   2.2724462e-01   1.7933513e+00  -2.6519824e+00
   2.0000000e+00  -1.3630803e+00   1.1583941e-01   1.4935595e+00  -3.0254462e-01  -2.1830821e+00   3.9007645e-01
   2.0000000e+00  -1.0332927e+00   4.1914017e-01   1.0281963e-01   6.4996607e-01   6.8657398e-01  -8.8587866e-01
   2.0000000e+00  -1.5553405e+00   6.4570701e-01   1.8975986e+00  -1.6194258e-01  -1.2662091e+00  -8.3629073e-01
   2.0000000e+00  -5.8681913e-02  -7.7842144e-01   6.0617378e-01   1.6039510e+00   9.4242030e-01  -1.2975211e+00
   2.0000000e+00  -5.5737324e-01   5.0673725e-01  -4.8235017e-01   2.7162714e+00   1.2124280e+00  -1.8338708e-01
   2.0000000e+00  -1.0614965e+00   1.6570673e-01  -1.8022331e-01   4.4073867e-01  -7.2809482e-01  -8.8468402e-01
   2.0000000e+00   3.4064601e-01  -9.0338739e-01   4.3172166e-01   1.1490044e+00   2.2117552e+00  -1.0476300e+00
   2.0000000e+00   7.6368842e-03  -2.8624033e-03   9.2139468e-01   9.4087007e-02   1.6232566e+00  -7.9075040e-02
   2.0000000e+00  -6.7143952e-01  -1.1497654e+00  -5.6568421e-01   2.6980712e-01   3.0841052e-01   8.0487982e-01
   2.0000000e+00  -4.1465551e-02  -3.3755387e-01   5.6467408e-01  -7.6432532e-01   1.8372597e+00  -1.4427729e+00
   2.0000000e+00  -2.1484818e+00   3.0862502e-01   1.2813595e+00   1.3647433e-01   1.3686830e+00   5.2074579e-01
   2.0000000e+00  -7.8109079e-01   5.8402121e-01  -2.1250637e-01   2.2225136e-01  -5.2340211e-01   6.7599142e-01
   1.0000000e+00  -2.5419474e-01  -2.0298122e-01  -1.0152767e+00  -8.3124839e-01   1.2781161e+00   1.0588954e-01
   2.0000000e+00  -1.1665881e+00  -4.7196313e-01   6.2106614e-01   5.2470634e-01   1.3219656e+00   1.0680997e+00
   2.0000000e+00  -4.5215346e-01   5.7505037e-01  -1.9953553e+00  -1.4523049e-01  -1.1521969e+00  -6.6250795e-01
   2.0000000e+00  -5.1505255e-01  -1.2628798e+00  -4.5735529e-01  -2.4206110e+00  -1.5287129e+00  -2.0517647e+00
   2.0000000e+00  -3.5840817e-01   2.0601286e+00  -3.1690484e-02   8.8209054e-01  -9.9185302e-01   7.3799400e-01
   1.0000000e+00  -7.3949473e-01  -1.2590049e+00  -2.1281615e-02  -7.5456001e-01   7.3336815e-01   5.8661745e-01
   2.0000000e+00  -1.5038830e+00   4.7131951e-01   9.0032264e-01  -5.7574787e-01  -4.5129050e-01  -1.3975190e+00
   1.0000000e+00   7.9516401e-01   1.1122312e+00  -1.8891702e+00  -3.9620783e-01  -6.1359113e-01   4.1683865e-01
   2.0000000e+00   3.1528629e-01  -4.3498315e-01   2.3909100e-01  -5.4492178e-01   7.1440424e-01  -5.7573733e-01
   1.0000000e+00  -3.8216645e-01   1.2525725e+00  -4.4361172e-01   5.6830470e-01  -1.5175622e-01   1.9456482e-01
   2.0000000e+00  -2.9177773e-01  -7.4597687e-01   1.6017397e-01  -2.6567146e-01   4.3333271e-01   1.9829869e+00
   2.0000000e+00  -1.4898670e+00  -3.8984335e-01  -2.0161072e-01  -3.4868512e-01   1.3654943e+00   1.0163163e+00
   1.0000000e+00   1.0516612e-01   5.8405360e-01  -7.3336752e-01   2.1387559e-01  -7.9112997e-01   4.1186313e-01
   2.0000000e+00   2.8350396e-01  -5.2227349e-01   8.8925602e-01  -5.4212394e-01   3.7394662e-01   1.2544535e+00
   1.0000000e+00   3.9968786e-01  -1.2864662e+00  -1.0015295e+00   7.3039024e-01   1.7420544e-01   5.3365213e-02
   1.0000000e+00  -1.8395557e-01   5.8046829e-01   1.6588593e+00   9.1322461e-01  -1.3323500e-02   3.3796899e-01
   2.0000000e+00  -2.8941580e-01   1.3472319e+00  -1.3006925e+00   1.2612290e+00   5.6899531e-01  -4.3669802e-01
   2.0000000e+00  -2.1775461e+00  -2.3751110e+00   4.4571439e-01  -8.9781467e-01   1.1737270e+00  -7.8180330e-01
   2.0000000e+00  -4.7940348e-01   7.7768300e-01   4.9699933e-01  -9.1926508e-01  -3.3230827e-01   1.2201187e+00
   1.0000000e+00   6.4282470e-01   6.8104194e-01   2.1690706e-01  -1.4308486e+00  -2.7983951e-01   5.0325667e-02
   2.0000000e+00  -8.9275919e-02  -2.0847021e+00   3.1726220e-01  -1.1948874e+00  -4.8990889e-01  -5.7975720e-01
   2.0000000e+00  -2.6169106e+00   8.6865328e-01  -4.3486623e-02   1.3536615e-01  -7.4257107e-01   1.3178031e+00
   1.0000000e+00   2.2402378e-01  -1.2855218e+00  -1.1945489e+00   7.3097808e-01   3.5458637e-01   2.5285097e-01
   2.0000000e+00   1.8691392e+00  -1.3041616e+00   9.7605981e-01   1.3391542e+00   1.0652959e+00  -9.2835170e-01
   2.0000000e+00   1.8934072e-01  -2.0948670e+00   5.0056634e-01   8.2474937e-01  -6.0627009e-01   7.2740011e-01
   2.0000000e+00  -1.1476330e+00   6.8122129e-01   1.0906624e+00  -3.6991427e-01  -2.6479508e+00   3.9633182e-01
   2.0000000e+00  -3.1204291e-01  -6.0013084e-01  -4.7650967e-02  -2.0796266e-01   1.2425337e+00  -1.7070781e+00
   2.0000000e+00   1.4127529e+00  -9.9697057e-02   3.6960196e-01  -9.8562193e-01  -1.3405871e+00   7.1183767e-01
   2.0000000e+00  -4.7046672e-02   1.4509437e+00   1.0626597e+00   6.1482298e-01  -7.4118590e-01  -6.8579006e-01
   2.0000000e+00  -7.6006536e-01   1.2052943e+00   3.1816298e-01  -1.7847701e+00   7.7104926e-01   7.9712103e-01
   2.0000000e+00  -1.4082896e+00  -4.0368699e-01   3.1668024e-01  -1.2978477e-02  -1.7493480e+00  -1.7618765e+00
   2.0000000e+00   1.0265322e+00   1.2460520e+00  -5.0184590e-01   1.6491217e-01  -6.5059626e-02   9.4369884e-01
   2.0000000e+00  -1.1033738e+00  -1.3277242e+00  -3.2771514e-01  -1.1880137e+00  -2.6065910e-01   1.0337696e+00
   2.0000000e+00   7.8328533e-01   7.7790176e-01  -1.1052756e+00   1.2938260e+00  -9.2482021e-01  -5.8745879e-01
   2.0000000e+00  -1.3635163e+00  -2.8255628e-01  -6.7685807e-01  -4.5059859e-01   7.5891504e-01   6.7399513e-01
   2.0000000e+00   7.3035729e-01  -1.5515008e-02  -1.5953091e+00   9.1804916e-01   3.9130384e-01  -1.7980903e+00
   2.0000000e+00   4.0820152e-01  -1.2754539e+00   8.6367396e-01  -2.4491289e-01  -1.0200161e+00  -1.8824867e-01
   2.0000000e+00   8.6570802e-01  -1.3596363e+00   6.2027362e-01  -7.5242779e-02   7.5974922e-01  -7.2515535e-01
   2.0000000e+00   1.1890605e+00   1.0316173e+00   8.8432869e-02   2.0945402e+00   1.2350801e-01   1.7576932e-01
   2.0000000e+00   3.9135903e-01  -9.8247548e-01  -1.5388390e-01  -1.2470518e+00  -8.4630105e-01   1.2129527e+00
   2.0000000e+00   7.3763265e-01  -7.8477872e-02   1.7263277e+00   4.7284393e-01  -5.0663187e-01  -2.5175060e-01
   2.0000000e+00   5.3449038e-01  -2.0340115e-01   7.1504283e-01   1.6484957e+00   6.1366028e-01   1.5747116e+00
   2.0000000e+00  -8.6509110e-02  -2.5394621e+00   3.8691869e-01  -2.4925601e-01  -9.6837774e-01   5.3128418e-01
   2.0000000e+00   8.4878517e-03   5.5348512e-01   1.2341456e+00  -6.7552966e-01   5.3147553e-01  -1.9840199e+00
   2.0000000e+00   8.2130178e-01   2.0391174e+00   1.4392999e+00   1.5189322e+00   4.3342936e-02  -1.5179032e+00
   2.0000000e+00   1.4044693e+00   8.3675611e-01  -5.3004195e-01   1.7565714e+00   1.4497377e+00   1.3836616e+00
   2.0000000e+00   3.1980095e-01   3.0388564e-01   1.9775138e+00   2.4179267e-01   2.3845645e+00   2.9123254e+00
   2.0000000e+00  -4.7339749e-01  -2.4730692e-01   4.5242225e-01   3.5001431e-01   8.2063973e-01   9.4813420e-01
   2.0000000e+00   2.1195859e+00  -3.2911515e-01   5.0585407e-01   8.3260875e-01  -1.3544193e-01   2.3216675e-01
   2.0000000e+00   1.3686880e+00  -1.9366895e-01  -9.9007781e-01  -3.8735700e-01  -1.2144849e+00   9.6409702e-01
   2.0000000e+00  -5.0822578e-01   3.6395424e-01  -3.3014124e-01  -6.3579772e-01   1.4922711e+00  -2.0989658e-01
   1.0000000e+00   1.5083658e-01   1.2014223e+00  -5.9020556e-01  -1.2801709e+00  -7.4535433e-01   3.3288892e-01
   2.0000000e+00  -6.0281516e-01  -1.1939165e+00  -2.4118255e+00  -1.1796452e+00   6.4217743e-01  -1.7727008e+00
   1.0000000e+00   1.0603057e-01   2.7852534e-01  -6.0174589e-01  -8.5493263e-01  -7.5309411e-01   2.3854598e-01
   1.0000000e+00   2.0963471e-01   7.8740371e-01  -6.8954991e-01  -1.7051856e+00  -1.3576802e+00   9.3907161e-01
   2.0000000e+00   6.0589694e-01   6.6267858e-01  -4.6324272e-01  -3.0349240e-01   1.2931150e-01   1.2298123e+00
   2.0000000e+00  -4.0747817e-01   1.2075709e-01  -1.0613236e+00   9.7293701e-01   1.7549829e-01   1.3959169e+00
   2.0000000e+00  -1.6761601e+00   2.4483232e+00  -2.8250744e+00  -1.2705308e+00  -5.5650037e-01  -2.5006728e-01
   2.0000000e+00  -1.4440594e+00   1.6085185e+00   8.3568523e-01   5.8444106e-01   1.2247605e+00   1.4545439e+00
   2.0000000e+00  -1.1232745e+00  -2.0945942e-01   2.6014430e-02  -1.8035041e-01  -1.0256977e-01  -1.7314905e+00
   1.0000000e+00  -6.2159548e-01   2.2117103e-01   3.3570173e-01  -1.4679268e+00   6.0042626e-01   1.3627928e-01
   2.0000000e+00  -9.1699351e-01   1.4903478e+00   4.5637322e-01   2.9173225e-01   2.8608702e-01  -1.4145901e+00
   2.0000000e+00   2.5212564e+00   6.2024920e-01  -3.4559983e-01   6.3068036e-01   1.4354306e+00  -1.6366155e+00
   1.0000000e+00   4.6871431e-02   4.6514506e-01  -1.1215412e-01  -6.9611563e-01  -9.4311374e-02   8.8001875e-01
   2.0000000e+00  -1.5759878e+00  -5.5065032e-01  -8.8271902e-01  -1.0132343e+00   1.0579950e+00  -6.0725810e-01
   1.0000000e+00   4.3538478e-01  -4.6037015e-01   6.0334943e-01  -1.3443277e-01  -9.7460739e-01   7.1435335e-01
   1.0000000e+00  -4.4349857e-01  -8.9771595e-01  -2.5870546e+00   1.9769929e+00  -1.0044992e+00   4.5662864e-01
   2.0000000e+00  -1.2222163e+00  -1.6607427e+00   6.6366394e-01   1.1711190e+00  -7.2226516e-01  -6.0277644e-01
   1.0000000e+00  -8.2765847e-01   1.2662976e+00   3.2697662e-01   5.4697419e-01  -5.7270460e-01   3.3176787e-01
   2.0000000e+00  -3.4043842e-01   1.5205832e-01   1.4537878e+00   3.1062892e-01  -9.8668758e-01   1.0250731e+00
   2.0000000e+00   1.1322038e+00  -7.7762608e-01   2.3662996e-01  -9.5780270e-01  -6.1200775e-01  -8.2126099e-01
   2.0000000e+00  -3.3824974e-01  -1.7606788e-01   5.1202211e-01  -7.2026188e-01  -1.1885995e+00   1.0474456e+00
   2.0000000e+00  -1.0802467e+00  -2.7524498e-01   3.4638406e-01   2.1313950e-01   4.2586705e-01   3.2841834e-02
   2.0000000e+00  -4.8272764e-01  -7.0399596e-01   7.1937704e-01   5.6486032e-01  -6.2398388e-01  -9.5298613e-02
   1.0000000e+00  -1.1905231e-01  -7.6673843e-01   1.9704084e+00   1.1973248e+00  -2.2472709e+00   9.1466988e-01
   2.0000000e+00   1.2967341e+00  -5.4168651e-01  -5.2177092e-02   5.3935675e-01   3.7399419e-01  -1.2787021e+00
   2.0000000e+00  -1.0357542e+00   1.0997901e+00   1.8938797e+00  -1.3841935e+00   1.0173490e+00  -1.0466403e+00
   2.0000000e+00  -6.4165087e-01   7.6374729e-01   4.2832057e-01  -1.7191414e+00   3.4925216e-01  -1.7824643e+00
   1.0000000e+00   4.9075102e-01  -5.1662236e-01   8.9531730e-01  -1.4328518e+00   5.5745328e-01   1.5574420e-01
   2.0000000e+00   4.3048874e-01  -9.2721551e-01   1.2020156e+00   5.2463976e-02   5.5242774e-01  -6.6400120e-01
   2.0000000e+00  -2.1797936e-01   2.9989101e-01   1.7697507e-01  -7.7532054e-01   9.1515815e-01   1.6955125e+00
   2.0000000e+00   1.2878393e+00  -8.7814720e-02   1.1117419e+00  -3.3565038e-01   8.9811119e-01  -6.2697767e-02
   1.0000000e+00  -2.9830799e-01  -3.3073214e-01  -9.1989543e-01  -3.9804631e-01   4.2052341e-01   6.5336758e-01
   2.0000000e+00   5.3125620e-01  -2.6498533e+00   1.4645749e+00   1.0730103e+00  -3.2170170e-01   1.2555222e-01
   1.0000000e+00  -6.6247756e-01  -1.1041718e+00   6.8896893e-01  -3.1572511e-02   3.4496101e-01   7.2254692e-02
   2.0000000e+00   7.6289283e-01   5.7871555e-01  -6.6415879e-01   1.1641093e+00  -3.8986245e-01  -3.1479046e-01
   2.0000000e+00   4.2403753e-01  -9.4074369e-01   2.5400475e-01  -7.4106846e-01  -2.2008874e+00  -7.2779453e-01
   1.0000000e+00   1.0058881e-01   3.3652520e-02  -1.1601730e+00  -1.5766852e+00   3.9671828e-01   1.1698840e-01
   1.0000000e+00   2.1099973e-01  -1.8168537e+00  -1.1403552e+00  -1.0768022e-02   3.2497739e-01   3.8727317e-01
   2.0000000e+00   1.0583898e+00  -5.6963065e-01  -7.1360707e-01  -1.7709889e-01  -2.0746563e+00  -7.8456515e-02
   2.0000000e+00  -3.8086749e-01  -3.6513870e-01   1.4863983e+00  -7.5665351e-01  -1.4121565e+00  -5.4423513e-02
   2.0000000e+00   7.4723224e-01   5.5803441e-02  -1.1865352e+00  -1.0789534e-01  -2.6792194e+00   1.5872683e+00
   2.0000000e+00  -5.1975862e-01   8.0768560e-01   2.0838966e-03  -1.1510708e-01  -9.5316879e-01  -1.1091827e+00
   2.0000000e+00   4.0768855e-01  -3.4866175e-02  -1.2266027e+00  -1.0795651e+00   5.2892906e-01  -1.3756572e+00
   2.0000000e+00   1.6177302e-01  -4.1608914e-01  -2.0934135e+00  -1.6583730e+00  -1.0900900e+00  -8.3147375e-01
   2.0000000e+00  -1.2786735e+00   1.4308255e+00  -5.9975989e-01  -3.8312651e-01   6.1999196e-01  -2.1829173e+00
   2.0000000e+00  -2.6448830e+00  -1.5731218e+00  -6.2235661e-01  -1.4471042e-03   5.0174221e-01   1.0401223e+00
   2.0000000e+00  -8.0220162e-01  -6.3248671e-01  -5.0372451e-01  -3.1520910e-02  -1.6075026e+00  -6.4575289e-01
   2.0000000e+00  -8.7160973e-01  -9.0847527e-01   1.5330540e+00   3.2574706e-01   1.4130500e+00   6.8659232e-01
   2.0000000e+00   1.0004875e+00   9.8236370e-01  -2.3874298e-01   1.1687338e-01   1.9846653e-01  -1.9719118e+00
   2.0000000e+00   6.1719546e-01   1.3134076e+00  -8.1765076e-01   7.4643764e-01   7.6212907e-01  -6.6531908e-01
   2.0000000e+00  -6.9965643e-01  -8.5429224e-02   2.4615777e-01  -7.6518542e-01   1.5204888e+00  -1.9440929e-01
   2.0000000e+00   2.1052423e-01   4.9025563e-01  -1.4396917e+00   5.5626898e-01   4.9065521e-01  -6.0862048e-01
   2.0000000e+00  -6.0041400e-01  -1.1772923e+00   8.7818408e-01   6.0599317e-01   1.6785668e-01   1.4484941e+00
   2.0000000e+00   5.0223251e-01  -8.7000148e-01  -1.0441998e+00  -2.2649286e-03   9.2362536e-01  -2.7123306e-01
   2.0000000e+00  -1.3234518e+00  -7.2167376e-01  -5.7826812e-01   9.8945219e-01  -1.4424536e+00   7.4565743e-01
   2.0000000e+00  -5.7839422e-01   1.3351132e-01  -1.6086513e+00  -5.5950664e-01  -1.0725459e+00  -1.3343436e+00
   2.0000000e+00  -5.4216677e-01  -1.2840456e+00  -1.5330548e+00  -2.3345636e-01  -4.9642477e-02  -1.3299687e-01
   2.0000000e+00  -5.9206877e-01   4.1033765e-01   7.5546774e-01   1.0073316e+00  -6.3070984e-01   1.0033051e+00
   2.0000000e+00   3.7948614e-01  -2.9453383e-01   1.5745060e+00   3.9713430e-01   7.4050074e-01  -5.4495476e-02
   1.0000000e+00   4.0191439e-01   9.2010891e-01   4.6349022e-01   2.7088723e-01  -1.7725942e+00   3.8355031e-01
   2.0000000e+00   1.1745232e+00   3.5071223e-01   7.6349522e-01  -8.5516118e-01   5.3503605e-01   2.6643715e-01
   2.0000000e+00  -5.9172424e-01  -1.2535547e+00  -1.4102387e+00   7.5326977e-02  -6.8336031e-02  -9.7047024e-01
   2.0000000e+00  -1.7340582e-01  -9.9885277e-01  -4.9106829e-01  -7.6573847e-01   8.2390445e-01  -1.0595237e-01
   2.0000000e+00   1.1714787e+00  -3.6671347e-02  -1.2192050e+00  -4.5554333e-02  -5.7253964e-01   4.7913296e-01
   2.0000000e+00   1.7609053e+00   5.1246125e-01   2.9463747e-01  -2.6415870e-01   1.7703429e+00   1.2036670e+00
   2.0000000e+00   1.4378228e+00  -3.7086676e-01   5.7553518e-01   4.2300647e-01   1.2275866e+00  -3.0631263e-01
   2.0000000e+00  -1.1874410e+00   1.0372299e+00   1.8684542e+00   1.3891497e-01  -1.0010886e+00  -5.6332624e-01
   2.0000000e+00   4.8401776e-01  -2.0173599e-01  -1.4605416e+00   9.5526595e-01   8.6503876e-01  -2.0186410e-01
   2.0000000e+00   7.5430449e-01  -5.3717090e-01   1.4527883e-01  -8.5108834e-01  -7.6232867e-01  -1.3482530e+00
   2.0000000e+00  -7.7633579e-03  -2.7816266e-01   8.4868805e-01   1.9549628e-02   1.0562453e-01  -1.4645819e-01
   1.0000000e+00  -8.6944445e-01   1.5657072e-02  -1.2410594e-01  -1.0134761e+00   1.5991107e+00   4.0261065e-01
   2.0000000e+00  -1.4674938e+00  -3.1268350e-02   3.0582688e-03   2.0852183e-01   1.7229161e+00   1.4680193e+00
   2.0000000e+00  -1.8655726e-01  -1.8086334e-01  -6.7050899e-01  -2.6193725e-02  -6.8416510e-01   1.7154056e+00
   2.0000000e+00  -1.6792135e+00   6.5771345e-01   1.2233850e+00   1.3014907e+00  -6.7361554e-01   1.7072078e+00
   2.0000000e+00  -1.3944119e+00   2.2035494e-01   6.1553207e-01  -1.1890785e+00   1.5109920e+00  -1.3925314e+00
   2.0000000e+00   3.1900800e-01   5.0559876e-01  -1.7863005e+00   7.3078771e-01   4.3931099e-01  -1.1166366e+00
   2.0000000e+00  -1.0606341e+00  -1.5334922e+00  -6.8401878e-01  -1.1025990e+00   1.1505141e+00   1.7322860e+00
   2.0000000e+00   8.9220869e-01   1.6398436e+00   7.2370536e-01  -8.6672743e-01   2.7146643e-01   8.4324901e-01
   2.0000000e+00  -6.6155114e-01  -4.7182480e-02  -1.1265170e+00  -1.1598304e+00  -4.3404463e-01  -6.2623062e-01
   2.0000000e+00   1.1866619e+00  -3.2922181e-01  -1.6245914e+00   1.3548023e+00   2.2799593e+00   2.5530658e-01
   2.0000000e+00  -6.2429538e-01   6.0361195e-01   1.8852006e-01  -1.1487332e+00  -4.8814670e-02  -9.8549086e-01
   1.0000000e+00  -5.1085083e-01  -1.2407836e+00  -2.9720519e+00   1.3342566e-01   2.9597262e-01   1.1165686e-01
   2.0000000e+00   5.9382382e-01  -3.6052629e-01   1.0987300e+00   2.6114644e-01   6.9165593e-01   1.8975989e+00
   2.0000000e+00   1.4417310e+00  -5.3058489e-02   6.6841308e-01   1.0048043e+00   4.2529223e-01  -2.0446792e-01
   1.0000000e+00  -8.8335194e-01  -5.9386876e-01  -3.8143498e-01  -2.9828499e-01   9.8508635e-01   4.0482084e-01
   2.0000000e+00   1.4545102e+00   1.5008220e+00  -1.5325528e+00  -9.8690342e-01   7.4997727e-02  -1.3904993e+00
   2.0000000e+00   1.1228507e+00  -4.3648355e-02  -5.9263581e-01   1.0759034e+00   1.9760121e-01  -8.6706623e-01
   2.0000000e+00  -6.4389694e-01   2.1997412e+00  -6.4783122e-01   7.0999464e-01  -8.8407266e-01  -1.0813305e+00
   2.0000000e+00   1.3237425e+00   1.1964101e+00   5.4719198e-01  -3.4551089e-02   9.8985178e-01   3.8042276e-01
   2.0000000e+00   9.8774289e-01   3.3356311e-01   1.5905722e-01  -7.7325128e-01   6.4717600e-01   3.1119728e-01
   2.0000000e+00   2.3466994e+00  -8.8567629e-01  -1.1646707e+00   5.2115068e-01   3.7019468e-01  -9.0465381e-01
   2.0000000e+00  -2.2241357e+00   1.0639754e+00  -4.4092072e-01  -8.8010138e-01  -5.2329699e-01   1.6064001e+00
   1.0000000e+00   8.3022007e-02  -3.8142040e-01  -6.2227588e-02  -1.9260335e+00  -2.9386955e-01   5.1087397e-01
   1.0000000e+00   5.8067007e-01  -6.7830417e-01   6.5310890e-01   4.9424682e-01  -1.4962121e-01   7.2836535e-01
   2.0000000e+00   1.4678277e+00  -2.1911328e-01   7.1647283e-01   1.1638077e-01   1.4192254e+00   1.1300799e+00
   2.0000000e+00  -1.0907561e+00  -3.5596970e-01  -4.7651438e-01   6.5865334e-02   1.1522986e-01  -2.6504625e+00
   2.0000000e+00   1.2680728e+00   1.3089417e+00  -1.4731769e+00  -1.0261617e-01  -1.8514819e+00  -7.8415585e-01
   1.0000000e+00   8.8688214e-01  -4.4074846e-01  -4.3346656e-01   9.1716171e-01   8.0083622e-02   3.4613855e-01
   2.0000000e+00   6.5748030e-01   2.2561427e-01  -1.0352705e+00  -9.7334107e-01   1.1785219e-01  -3.9992774e-01
   2.0000000e+00  -6.7360887e-01  -4.3630790e-01  -5.0500967e-01   8.5051713e-01  -8.8314435e-01   9.0205479e-01
   2.0000000e+00  -1.0446790e-01  -2.7906863e-01   4.2175911e-01   3.4289996e-01  -2.0309358e+00  -2.0425720e+00
   2.0000000e+00  -9.0202125e-01  -1.5450456e+00  -9.2726958e-01   2.1641237e-01  -4.9680641e-01  -5.7236747e-01
   1.0000000e+00  -6.5718787e-01  -3.0022646e-01   2.2702646e-01  -8.8174697e-01   1.4692855e+00   7.1384710e-02
   1.0000000e+00   3.3208485e-01   7.2696768e-01  -1.0360249e+00   1.2900526e-01   1.0166665e+00   8.7244574e-01
   2.0000000e+00   3.9590938e-01  -1.4992208e+00   5.1517010e-01   7.8183204e-01  -7.4625471e-02  -8.5673063e-02
   2.0000000e+00  -3.0529953e+00  -1.1728356e+00  -1.4448827e+00   1.7003142e-01  -1.6858312e-01  -1.3974861e+00
   1.0000000e+00   2.8297047e-01  -3.5084838e-01  -4.2563379e-01   1.0333349e+00  -1.1721254e+00   6.8430512e-01
   1.0000000e+00   3.1358469e-01   1.0363219e+00  -2.4297945e+00  -1.4386469e+00   3.7577540e-01   7.3109313e-01
   1.0000000e+00   4.6958342e-01  -4.0216486e-01   1.8803574e-01   1.1115080e+00   9.0991793e-01   2.7562219e-01
   2.0000000e+00  -7.6397687e-01  -9.3359361e-01   8.1619672e-01  -1.1818185e+00   2.4455848e+00   9.4769463e-01
   2.0000000e+00  -6.4784413e-01   2.1425985e-01  -2.2104652e-01  -2.7791583e-01  -9.7186649e-03  -1.8042041e-01
   1.0000000e+00   4.1705677e-01   2.6289123e-02   1.0260243e+00   1.0736788e+00  -5.2729862e-01   7.1791224e-01
   2.0000000e+00   1.1332193e+00  -1.4282442e+00   3.7688766e-02   1.8035611e+00  -2.2541599e-02  -1.2529166e+00
   2.0000000e+00   8.5777954e-01   9.7691223e-01  -7.6001804e-01  -1.7068413e-01  -1.2650141e+00   7.5854391e-01
   2.0000000e+00   4.5747917e-01   9.5895156e-02   4.0369357e-01   1.6335265e+00  -2.7215341e-01  -6.2089567e-01
   2.0000000e+00   1.7384135e+00  -4.3011261e-01  -5.7794281e-01  -1.8279101e+00   4.3577031e-02  -1.0932141e+00
   2.0000000e+00  -2.9362884e-01   9.2238812e-01  -1.4508822e-01   9.7555259e-01  -7.9981563e-01  -8.2856686e-01
   2.0000000e+00   1.9506886e+00  -4.1525293e-01  -1.9034695e-01   2.4981768e-01  -1.1156992e+00   1.2484266e+00
   1.0000000e+00   1.5450916e-01  -1.4922274e+00  -6.6922885e-01   9.4735173e-01  -1.0873974e+00   3.3494389e-02
   2.0000000e+00  -3.9760026e-01  -6.1011801e-01  -1.8136014e+00   8.0610915e-01   1.3106270e+00  -3.0868481e-01
   2.0000000e+00   8.3192382e-01  -1.5038273e+00  -7.1554557e-01  -4.1671877e-01   1.9691759e-01   2.4397216e+00
   2.0000000e+00  -8.3385477e-01   1.1617566e+00  -7.2681336e-01   1.4561326e+00   3.5150620e-01  -1.2167738e-01
   2.0000000e+00  -6.2925125e-01  -1.1617712e+00  -6.3659357e-01  -1.6390264e+00   2.5655910e+00   1.5302942e+00
   1.0000000e+00  -2.0713944e-01   1.4367685e+00  -6.7272749e-01  -8.6328393e-01  -1.2277110e+00   8.8737859e-01
   2.0000000e+00   6.4023840e-01  -2.5735414e+00  -1.3650766e+00  -1.2655554e-01   1.0264723e+00   4.8707368e-01
   2.0000000e+00   1.0291455e+00  -1.1894669e+00   2.4262570e-02  -2.2753165e+00   2.5367446e-01  -8.4369911e-01
   1.0000000e+00   8.8763553e-02  -7.1680798e-01   1.4841991e-02   4.8473804e-03  -6.4756209e-01   1.5407802e-01
   2.0000000e+00   1.3698083e+00   4.5719496e-01   4.5859470e-01  -3.4521951e-01  -1.0334876e+00  -1.2678829e+00
   1.0000000e+00   6.4572571e-01   8.2168373e-01   1.3964099e+00  -9.7991416e-01   7.2834852e-01   4.5880656e-01
   2.0000000e+00  -6.1746885e-01  -9.6820142e-02   8.5555311e-01   9.3917588e-01   4.9132024e-01  -1.0531799e+00
   2.0000000e+00   1.4542791e+00   3.2226130e-01  -7.2765216e-01  -1.8866327e+00   8.9708001e-01   4.0531710e-01
   1.0000000e+00  -1.5716400e-01  -4.8906109e-01  -8.7869280e-01   8.9303117e-01  -6.4304718e-02   4.2030151e-01
   2.0000000e+00   1.4622564e+00   8.2379090e-01  -6.0797707e-02  -1.2571659e+00  -3.7732190e-01   2.2252314e-02
   2.0000000e+00  -1.0446835e+00   1.0025555e-02  -8.5402011e-01  -1.1039727e+00   4.2929775e-01  -3.1184550e-02
   2.0000000e+00   6.8658408e-02   1.2205739e+00  -4.1096715e-01  -3.0154038e-01  -7.4491394e-01  -9.9107516e-01
   2.0000000e+00   4.2777853e-01   1.8192712e+00  -1.3137742e+00  -1.3687711e+00  -5.7536086e-01  -4.4944733e-01
   2.0000000e+00  -3.7164615e-01   4.6768735e-01   1.0425011e+00   8.4771699e-01  -2.8992049e-01   1.9549478e+00
   2.0000000e+00   5.4856524e-01   9.5974945e-01   9.9558218e-01   8.2805041e-01  -3.8979246e-02  -1.1513730e+00
   2.0000000e+00  -1.8699719e+00  -1.3334138e+00   2.5805387e-01   1.7614585e+00  -7.9824990e-01  -2.1464858e+00
   2.0000000e+00   1.1074812e+00  -1.5177730e-01   5.7510252e-01  -8.1425987e-01   2.0788853e-01  -9.8818149e-01
   2.0000000e+00   1.7657750e+00  -1.2071243e+00  -7.2515468e-01   1.7362507e+00   7.9975361e-01  -5.8093868e-01
   1.0000000e+00  -7.8913652e-02  -1.2276648e+00  -4.0634583e-01  -3.7145086e-01  -8.6442131e-01   3.1543217e-02
   2.0000000e+00  -1.1068121e+00   1.0764434e-01  -1.0320784e+00   1.3459287e+00  -1.0249155e+00   3.8741028e-01
   2.0000000e+00   1.7726513e+00   6.4065114e-01  -4.1948432e-02   8.2381225e-01   1.3762751e+00   4.6441901e-01
   2.0000000e+00   7.6840393e-01  -1.3191839e-01  -4.2968040e-01  -6.0985457e-01   2.7406428e-01  -3.6160559e-01
   2.0000000e+00   6.7950056e-01   4.1389975e-01  -6.3794209e-01   1.8751549e-02  -1.4116120e+00   1.2738285e+00
   2.0000000e+00  -1.7269678e+00  -7.5500206e-01   6.1060652e-01   6.0519862e-02   1.2298759e+00  -1.2676167e+00
   2.0000000e+00   2.0284157e-01  -8.0348256e-01  -2.9119279e-01  -1.1038343e+00   7.2917298e-01   1.4389317e+00
   2.0000000e+00  -2.2297315e-01   1.4249930e+00  -1.0344594e+00   3.4970428e-01   3.1558486e-02  -4.0964068e-01
   2.0000000e+00  -6.5486122e-01  -1.4888202e+00   3.3624904e-01   8.4826284e-01   1.5045589e-01  -1.4008503e+00
   2.0000000e+00   5.2635278e-01  -8.4125556e-01   3.4586697e-01   9.4748551e-01  -1.5996172e+00  -4.1221110e-01
   1.0000000e+00   4.1021253e-01   4.5291193e-02  -3.2515248e-01   1.4775611e+00  -7.2135532e-01   6.2609761e-01
   2.0000000e+00   7.5298316e-01  -2.8659762e-01   9.3520443e-01   2.1262059e+00   9.1699182e-01   1.7044355e+00
   2.0000000e+00  -1.3500637e+00   6.1142335e-01   4.6463405e-01   4.4882900e-01   2.3604390e-01  -4.6360722e-01
   1.0000000e+00   7.5242380e-01   3.6133075e-01   9.7522015e-01   3.8188834e-01   6.3999483e-01   3.5140543e-01
   2.0000000e+00  -3.2112282e-02   5.0700443e-01   6.1362051e-01  -1.8334909e-01  -3.8713868e-01  -1.0479492e+00
   2.0000000e+00  -1.8019865e+00  -7.5120041e-01  -3.0485931e-02   1.2526371e-01  -2.0298813e-01   7.9475667e-01
   2.0000000e+00  -1.1082052e+00   5.8553903e-01   9.7000316e-01  -8.8580428e-02  -7.3875897e-01   8.5403940e-01
   2.0000000e+00   6.1822759e-02  -1.1023342e+00  -5.2623334e-01  -4.7349475e-01  -7.4770937e-01  -1.2497959e+00
   1.0000000e+00  -1.7841733e-01   1.2979756e+00  -6.2186366e-01   7.1174961e-01  -8.8247183e-01   5.1379834e-01
   1.0000000e+00   5.4576832e-01  -1.9572878e+00   8.4401127e-01   4.2135427e-01   2.9750642e-01   1.1065077e-01
   2.0000000e+00  -9.5184429e-01   4.7560924e-01  -3.1365188e-01  -8.9022383e-01   8.4246565e-01  -8.6004974e-01
   2.0000000e+00  -1.8051347e+00   3.1158580e-01  -3.7691461e-01  -5.3854058e-01   1.0264387e+00   1.4284901e+00
   2.0000000e+00  -5.8365669e-01   2.5697246e-01   1.2598999e+00   7.9789217e-01   4.0774722e-01  -7.6146399e-01
   1.0000000e+00  -9.2716090e-01  -1.4061742e+00   9.0406537e-02   7.5342618e-01  -1.8481207e+00   1.9950446e-01
   2.0000000e+00   2.5464499e+00  -4.9444683e-02  -2.6941440e-01  -1.6228341e+00   4.4446815e-01   1.8004788e+00
   1.0000000e+00   8.4492115e-01   9.3001567e-02  -1.5129940e-01   2.1863699e-01   2.0157391e+00   8.1435022e-02
   1.0000000e+00  -8.8874016e-01   1.9558754e+00   1.4061422e+00  -1.5958713e+00   6.3585253e-01   2.6493288e-01
   2.0000000e+00  -7.4852998e-02   8.3678873e-01  -2.2377750e+00   7.0566645e-01   1.2765411e+00  -1.7436085e+00
   1.0000000e+00   3.2285793e-01   1.2310594e+00   2.8499646e-01  -2.8300404e-01  -3.3113276e-02   8.2309288e-01
   2.0000000e+00   2.1299490e+00  -2.7287838e+00   2.9153947e-01   7.4089752e-01  -5.0923761e-01  -1.5923750e+00
   1.0000000e+00   3.2745554e-01   4.6465470e-01  -4.4454276e-01   1.3085054e-01   5.0753850e-02   7.1448219e-01
   2.0000000e+00  -1.3062609e+00  -6.6928403e-02  -1.4306037e+00   5.0117844e-01  -2.9665341e-01   6.5292054e-01
   2.0000000e+00  -8.6772450e-01  -3.2326835e-01   1.4992540e+00  -8.4036280e-01  -4.4256252e-01   1.3898628e+00
   2.0000000e+00   1.6543989e+00   1.3860395e+00  -1.0447283e+00  -2.8930101e+00   5.9799703e-01   8.6572037e-01
   2.0000000e+00  -1.6867493e+00   8.1197437e-01   3.4406887e-01  -2.2203682e-01   1.1643824e+00  -8.1539245e-01
   2.0000000e+00  -1.4601280e+00   8.3123474e-01  -4.2637771e-01   5.5021659e-01  -1.2399716e-01   9.4148251e-01
   2.0000000e+00  -1.6298945e+00  -3.8777867e-01  -9.0938002e-01   3.3133573e-02  -1.6849342e+00  -8.2459545e-01
   1.0000000e+00  -2.7972724e-01   1.6539005e+00  -1.5032195e+00   1.0453227e-01   1.2899567e+00   3.2615628e-01
   2.0000000e+00  -5.1232101e-03  -6.8927217e-01   5.0493806e-01   9.5825098e-01  -2.3065172e+00  -7.9541243e-01
   2.0000000e+00   4.7323707e-02   2.0374961e+00   1.4868496e-01   1.5064444e+00   9.4463151e-01   5.7659677e-01
   2.0000000e+00   1.4349149e+00   1.7853688e+00  -1.0848647e+00  -5.9971083e-01   9.1675729e-02   2.4691406e-01
   2.0000000e+00  -2.2683010e-01   8.2605171e-01   4.7314830e-01   7.9024502e-01   8.6925882e-01   1.2819635e+00
   2.0000000e+00   8.1630800e-01  -5.9019445e-01  -2.3004811e-01  -6.2773908e-02   8.6701474e-03  -7.5999828e-01
   2.0000000e+00   8.4770879e-01  -6.2227343e-01   9.3184593e-01  -3.0385862e-01   7.3185184e-01  -4.8081130e-01
   2.0000000e+00  -3.0438555e-01  -2.9119056e+00   2.4288505e+00  -8.4066336e-01  -3.1839881e-01   1.3980279e+00
   1.0000000e+00  -5.0226858e-01  -7.7198430e-01  -8.2897058e-01   5.9733285e-01  -1.3609808e+00   6.3148699e-01
   2.0000000e+00   2.8288268e-01  -1.1900818e+00  -2.6567317e-01  -1.2035906e+00  -7.9737031e-01  -4.0749661e-01
   1.0000000e+00  -1.9315148e-01  -1.4707069e-02  -1.3022832e+00   6.6521101e-01   3.1534013e-01   8.7572216e-01
   1.0000000e+00  -5.1385438e-02   4.3158038e-01   1.5702920e-01   5.6635684e-01  -6.2997772e-01   7.5529998e-01
   1.0000000e+00  -2.8587487e-01   2.2717957e-01   2.5877168e-01  -6.5491070e-01   1.4443978e+00   3.1395010e-01
   2.0000000e+00  -5.2089467e-01   1.1282182e+00  -3.8272185e-01   3.4481117e-01  -4.3803545e-02  -1.7588057e+00
   2.0000000e+00  -2.4204673e+00   6.7809539e-01   7.1110734e-01   2.8826630e+00   8.2764789e-01   1.5897199e+00
   2.0000000e+00  -9.0155989e-01   4.9386874e-01   5.5906204e-01  -2.0755720e+00   1.1454976e+00  -4.4373795e-01
   2.0000000e+00  -1.8051517e-01  -1.3576543e+00  -1.4465588e+00  -1.8360699e-01   5.2828309e-01  -4.1540903e-01
   2.0000000e+00  -2.5480755e+00  -1.7656619e+00  -1.5845931e-01  -1.0671941e+00   7.3175268e-02   9.6717118e-01
   2.0000000e+00  -1.6601596e+00   2.9953888e-01   2.6925894e-01  -7.7701984e-01  -6.6231073e-02   7.1729895e-01
   1.0000000e+00  -4.8465804e-01   7.0806147e-01  -7.5501374e-01   2.9624488e-01  -2.4299383e-01   7.4887747e-01
   2.0000000e+00   4.9260294e-03  -1.5613535e+00  -4.6955575e-01   1.2653171e+00  -9.0460077e-01   1.0288945e+00
   2.0000000e+00   1.4337888e+00   4.1299437e-01   1.5559696e+00  -9.5189019e-01  -4.2770857e-01   5.2938476e-01
   1.0000000e+00  -2.7614537e-01   3.9746648e-01  -8.4525649e-01  -1.7003100e-01   1.5708212e+00   5.3531625e-01
   2.0000000e+00   1.0423582e+00  -3.2144471e-01  -1.3368771e-01  -6.7554744e-01   1.7283816e+00  -1.1401573e+00
   2.0000000e+00  -1.4768752e+00   1.0425004e+00  -5.7410154e-01  -1.0412070e-01   4.1386572e-01  -9.3867347e-01
   2.0000000e+00   4.4875914e-01  -3.2017790e-01   2.8372257e-01  -3.7388807e-01  -5.2687441e-01   9.9125091e-01
   2.0000000e+00   4.3819832e-01   9.0262614e-02  -4.5357700e-01  -4.9158269e-01   1.7364015e+00  -1.1009121e+00
   2.0000000e+00  -9.3597156e-01   1.1802595e+00  -3.4498370e-01  -8.2590498e-01  -7.2277497e-01   1.4491941e+00
   2.0000000e+00   1.5861650e+00  -3.5244644e-01  -7.2641033e-01  -6.3294179e-01  -5.2425637e-01  -1.2114331e+00
   2.0000000e+00  -3.7976324e-01  -2.9540843e-01   7.7723199e-01   3.1308052e-01   1.3397177e-01   1.3093484e+00
   2.0000000e+00   3.3353329e-02  -1.5812716e-01  -6.9941265e-02  -8.3385771e-01   3.0672358e-02   1.3336624e+00
   2.0000000e+00  -1.4587736e+00   4.9247331e-01   8.7689666e-01  -9.0296346e-01  -2.8428965e-01   4.0661391e-02
   2.0000000e+00  -3.6140900e-01  -9.0086606e-02   6.2666429e-01   7.4178744e-01  -1.2080382e+00  -1.9659294e-01
   2.0000000e+00   1.9667137e-03   6.9280398e-01   3.8735776e-01  -9.0878298e-01  -6.9448191e-02  -3.0195841e-01
   2.0000000e+00   2.7087960e-02   2.4720076e+00  -1.5930244e+00   8.2331716e-01   1.3848434e+00  -1.8711346e+00
   2.0000000e+00  -9.7318083e-01   2.6811387e+00   1.4747011e+00   1.4047148e+00  -1.2695577e+00   1.6113432e+00
   2.0000000e+00  -1.8820756e+00   4.4696287e-01   7.6156260e-01   9.8489334e-01  -2.7780602e-01  -1.2947870e+00
   2.0000000e+00   1.8885705e+00  -1.2653742e+00   4.5801678e-01  -4.9630713e-02  -7.0919144e-01   2.4035451e-01
   2.0000000e+00   4.7922826e-01  -9.9615588e-01  -2.1059230e-01  -2.2397279e-01   1.8642190e+00  -1.3352432e+00
   1.0000000e+00  -6.2404131e-01   1.8380998e+00   4.3889625e-01  -1.2687186e+00   1.2744488e-01   4.8200116e-01
   2.0000000e+00   6.4769864e-01   1.3662232e+00   1.2628517e+00   2.7857485e+00   1.1956774e+00   8.5308441e-01
   2.0000000e+00   1.1141680e+00  -2.6926951e-01   8.1237339e-01   1.2295757e+00   7.8872314e-02   2.0106062e+00
   2.0000000e+00  -7.4553579e-01   5.4732320e-01  -1.5195508e-02   8.9282753e-02   3.3618222e-01  -1.9863418e-01
   2.0000000e+00   1.5558254e+00   5.0328859e-02   3.4500437e-01  -2.8087361e-01   1.0498057e+00   8.0132855e-01
   2.0000000e+00  -1.6692702e+00   1.6425273e-01   7.7070383e-01  -1.7804892e-01   8.8857558e-02   2.3353690e+00
   2.0000000e+00   1.5322852e+00  -1.1841710e+00  -7.8453014e-02  -5.5287621e-01   5.3604917e-01   1.0718742e+00
   1.0000000e+00   2.5513072e-02   1.0283000e+00  -2.9587105e-02  -2.2230587e-01  -1.4247991e-02   3.2082615e-01
   1.0000000e+00  -4.8457529e-01   8.7116577e-01  -6.5865210e-01   8.7761945e-02  -1.8258232e+00   5.1163385e-01
   2.0000000e+00   6.3209859e-01   2.1973308e-01   1.3983202e+00  -2.4433063e-01  -9.4939339e-02  -2.5274269e-01
   2.0000000e+00   1.7098702e+00   1.3873834e-01  -5.8359858e-01   1.9244698e+00  -1.0969448e+00  -1.1229128e+00
   1.0000000e+00  -6.1047044e-01  -1.2015388e+00  -9.9409030e-01   5.5443468e-01   5.1772631e-01   5.8167912e-01
   1.0000000e+00  -2.4900288e-01  -2.0027771e-01   9.7015357e-01   4.8321856e-01   1.2044325e+00   2.0585842e-01
   1.0000000e+00   1.7726231e-01   1.7753662e-01   1.7956051e-01   1.6871719e+00  -8.6123015e-01   1.4149877e-01
   2.0000000e+00  -7.0701186e-01  -5.6874316e-01   9.9113320e-01  -2.2996872e+00  -8.9166665e-01   1.3323718e+00
   2.0000000e+00  -5.2382635e-01  -1.0950119e+00  -1.0565001e-01   3.0949118e-01  -8.4403883e-01   1.3388987e+00
   1.0000000e+00   3.1331760e-01  -1.7116450e+00   2.3089595e-01  -5.2495188e-01  -1.6039893e+00   2.3411955e-01
   2.0000000e+00  -5.1516796e-01   3.2080894e-01   4.1800291e-01   1.7598413e+00   3.3189284e-01  -8.8055270e-01
   1.0000000e+00  -5.9216052e-01  -2.6487258e-01  -1.4053457e+00   4.3456944e-01  -3.8894372e-01   6.3168687e-01
   2.0000000e+00   7.1246652e-01   1.5344653e+00  -8.4947514e-01   1.4690530e-01  -1.5485220e-01  -1.4089146e+00
   1.0000000e+00  -6.5333352e-01   1.2693150e+00   1.4806447e+00  -1.1152086e+00   1.6790937e+00   1.8957454e-01
   2.0000000e+00   8.3164458e-01  -8.3545989e-01   6.5572415e-01  -1.8267473e+00  -1.3068512e-01  -2.8402533e+00
   2.0000000e+00   1.1821598e+00  -1.4777550e-01   4.5247056e-01   5.3542685e-01  -4.3121755e-02  -1.1008615e+00
   2.0000000e+00  -5.8964317e-01  -1.8391826e+00  -1.1898430e+00   2.3944653e-01  -2.1003017e+00   1.0139166e+00
   2.0000000e+00  -2.6472347e+00  -2.6517055e-01   1.7708717e+00  -1.3823203e+00   7.6530619e-01  -3.7136796e-01
   2.0000000e+00  -7.2083633e-01   1.2148317e+00  -7.6423125e-01  -8.0322689e-01   1.4665255e+00  -9.1664377e-01
   2.0000000e+00   7.4909147e-01  -6.8487638e-01   3.7475546e-01  -6.7156756e-01   1.7132375e+00   8.6824095e-01
   2.0000000e+00   2.0458395e+00   3.7095544e-01   2.0067044e-01  -2.7339897e-01  -1.6113165e+00   1.8162173e+00
   1.0000000e+00   6.7015475e-01   1.1376168e+00   8.6402532e-02   3.8021205e-01  -5.8104341e-01   3.9400762e-01
   2.0000000e+00  -2.7947541e-01  -1.6209678e+00  -2.7843079e-01  -7.2729619e-01  -2.5515311e-01  -1.3826452e+00
   2.0000000e+00   8.9144856e-01   9.6044389e-01  -1.7442243e+00   1.0890977e+00  -1.7160964e+00  -4.5937635e-01
   2.0000000e+00   1.8429474e+00  -8.4279732e-01  -6.4974326e-01  -1.4778564e+00   1.1942697e+00   1.1321801e+00
   2.0000000e+00   7.5816089e-01   1.4902319e+00   5.1992642e-01  -7.0122678e-01   1.5978990e+00   2.1591944e+00
   2.0000000e+00  -6.3097199e-01  -3.2075238e-01  -7.6870120e-01   3.1616935e-01   7.3590659e-02   8.6156516e-01
   2.0000000e+00  -7.1206447e-01   3.1657640e+00   8.2362016e-01   6.7291988e-01  -2.5432601e-01  -1.7499578e+00
   2.0000000e+00   2.0287256e-01  -8.8879998e-01  -3.0993838e-01   4.6819494e-01  -8.9293162e-01   1.0995752e+00
   2.0000000e+00   2.4164905e+00   2.6274993e-01  -1.9395264e-01   7.5089859e-01   1.0700156e-01   9.3062970e-01
   2.0000000e+00   8.2421003e-01  -1.4712217e+00   2.1814195e-01  -1.1221184e+00   2.0105699e-01  -1.3818964e+00
   2.0000000e+00   9.5520577e-01  -1.2654172e-01   2.4920699e-01  -4.6042759e-01  -1.1801548e+00  -7.9046336e-01
   2.0000000e+00  -5.0284600e-01  -8.2609204e-01   1.6764206e-01   5.6009780e-02  -9.4180804e-01  -1.7363209e-01
   2.0000000e+00   5.8647430e-02   1.2102435e+00  -6.4768520e-01  -4.3378412e-01   1.3318414e+00  -1.1361200e+00
   1.0000000e+00   2.0887037e-01   1.8998887e-01  -1.4051647e+00  -4.2384061e-01  -7.2266457e-01   3.4715760e-01
   2.0000000e+00  -8.5323430e-01  -1.0007711e+00  -3.7979328e-01  -9.6882693e-01  -1.6363799e+00   1.9574880e+00
   1.0000000e+00  -1.1744084e-01   2.8010686e-01   3.1031087e-01  -4.1069354e-01  -7.1642586e-01   7.5340232e-03
   2.0000000e+00   1.0129440e+00  -7.1039749e-01   3.2594619e-01   9.1530992e-01   4.3775062e-01   2.4767261e-01
   2.0000000e+00  -1.2292974e+00   1.5708639e+00   1.5589349e+00   1.3914049e+00  -1.9203767e+00   5.4294205e-02
   2.0000000e+00  -6.1186418e-01   1.1620956e+00   1.5213189e+00   8.7926949e-01  -9.8929601e-01  -1.2177054e+00
   2.0000000e+00   2.6376611e-01   2.1770941e+00   9.4885088e-01  -9.9385860e-01   3.6780316e-01   1.0813607e+00
   2.0000000e+00   6.9066715e-01   1.4537008e+00  -9.6030193e-01   7.7750745e-01   1.0912247e+00  -1.0593659e+00
   2.0000000e+00  -7.3525628e-01   1.4035706e+00   6.5308720e-02   3.5743407e+00   1.0057829e+00   8.4235061e-01
   2.0000000e+00  -1.3294355e+00  -2.2934200e+00  -6.4560377e-01  -1.4694426e+00   9.3253406e-02  -9.0868451e-01
   2.0000000e+00  -5.3289874e-01  -1.8436826e+00   1.7768865e+00  -1.4354823e+00   7.1340440e-01  -6.4971258e-01
   1.0000000e+00   4.2250871e-02   1.7798879e+00   5.4623534e-01  -1.4544740e-01   1.1576512e+00   7.6239138e-01
   2.0000000e+00   4.0682507e-01  -1.5236379e-01  -5.6975262e-02   1.6212758e+00  -1.2061568e-01  -4.7963440e-01
   2.0000000e+00   1.3963782e-02   1.1010705e-01   1.2362807e+00  -8.2712256e-01  -7.0799823e-02  -1.0224429e-01
   2.0000000e+00   1.5827604e+00  -2.1768408e+00  -2.3064516e-02  -1.5857424e+00  -6.3216257e-02  -8.5442357e-01
   2.0000000e+00   1.0963246e+00  -5.2583583e-01   5.6716300e-01  -1.4953694e+00   4.4949520e-01  -1.2717607e+00
   2.0000000e+00  -1.3686968e+00   2.8038711e-01  -9.9537117e-01   4.7819681e-01  -2.5931839e-01   1.0413831e+00
   2.0000000e+00  -2.4953530e-01   4.7819417e-01   5.6862129e-02   1.8331814e+00  -1.1187235e+00  -1.4076920e+00
   2.0000000e+00   9.7957374e-01   1.2314687e+00   3.6337237e-01   8.3330992e-02  -7.5237680e-02   1.1324878e+00
   2.0000000e+00   8.3246985e-01   1.7144493e+00  -4.6885262e-01   1.7251961e+00  -1.1604529e+00   8.8980011e-01
   2.0000000e+00   1.8679654e+00  -6.4781310e-01  -3.7723030e-01   1.3200354e+00   3.3463365e+00  -6.4390956e-01
   2.0000000e+00  -9.9319065e-01  -1.6031120e-01  -5.0891418e-01   8.9034871e-01   1.3003123e-01  -4.6291452e-02
   2.0000000e+00  -7.8913119e-01   3.5484522e-01   5.2607447e-01   1.9124429e-01  -3.3158107e-01   1.9349533e+00
   2.0000000e+00   1.4380249e+00   1.9198978e-01   7.8745796e-01   4.0108562e-01   3.0367303e-01  -1.0440133e+00
   2.0000000e+00   1.1306197e+00   1.1305701e+00   4.2296528e-01  -1.9969805e-01  -1.8229262e-01   2.6201449e-01
   2.0000000e+00   1.2652548e+00  -3.1801129e-01  -9.7994977e-02  -1.2213281e+00  -6.1639599e-01  -4.9445792e-02
   1.0000000e+00  -4.9816305e-01  -6.3556794e-01   1.6816247e+00   8.3949824e-01   1.0039450e-01   1.0573369e-01
   1.0000000e+00  -1.7118279e-01  -7.5196645e-01  -2.2315408e-01   7.5822305e-01   1.5923123e+00   1.3775641e-01
   1.0000000e+00  -7.0395242e-01   1.3580966e+00  -9.6715413e-01   4.7211076e-01   2.1342981e+00   4.6007769e-01
   2.0000000e+00   1.7161572e+00  -2.4590272e+00  -6.0920057e-01  -1.0681380e-01   1.5610736e+00   6.4072228e-01
   2.0000000e+00   1.2582425e+00   7.7455639e-01  -2.9354065e-01  -8.6809014e-01   1.2540514e+00  -7.0266639e-01
   2.0000000e+00   1.4375081e+00   9.5626287e-01   1.2644030e+00  -7.0084257e-02   2.0242406e-01  -1.6511626e+00
   2.0000000e+00   6.0075350e-01  -5.7764354e-01   9.6884723e-01   1.5598853e+00   3.8006296e-01  -1.9226451e+00
   2.0000000e+00   6.5217052e-01  -5.7022970e-01   1.6076718e+00   6.2177348e-01  -1.6691226e+00  -6.8860749e-01
   2.0000000e+00   1.3345485e+00  -1.8940313e+00  -1.0112534e+00  -1.7371130e+00  -4.0880084e-01   4.0648269e-01
   2.0000000e+00   5.7333720e-01  -6.6815919e-01  -8.6363242e-01   6.9029734e-01   1.0583690e+00  -1.4607326e+00
   2.0000000e+00  -1.7922401e+00   4.0641527e-01  -1.5111938e+00   6.1833725e-01   1.8330530e+00   6.8137202e-01
   2.0000000e+00  -1.1175714e+00   8.5321524e-01   1.8465096e+00   1.4959749e+00   1.8895873e-01  -1.1286374e+00
   2.0000000e+00   2.1549212e+00   9.5796801e-01   1.3283204e-01  -7.0548474e-01  -5.2906542e-01  -3.1024581e-01
   2.0000000e+00   6.4069861e-01  -6.1091992e-01  -1.5230669e+00  -5.3663196e-02  -1.4220295e+00   8.8862448e-01
   2.0000000e+00   6.1729208e-02  -1.4418198e+00  -1.5559481e+00   2.0496930e+00   1.4519522e+00  -4.3216274e-01
   2.0000000e+00   3.7926379e-01   4.3684766e-01  -1.0110231e+00   3.1414882e-01   3.7707714e-02  -2.6204777e-01
   1.0000000e+00   7.7887482e-02  -1.3971582e+00  -1.4610805e+00  -6.4196352e-01  -3.2066539e-01   8.5438674e-01
   1.0000000e+00   7.5415248e-01   9.3323513e-01   1.4535561e+00   8.4450864e-01  -8.4290428e-01   5.3923191e-02
   2.0000000e+00  -1.5871891e+00   6.8373530e-01  -2.2497477e+00   1.0333690e-01   1.1818301e+00   4.2230722e-02
   2.0000000e+00  -1.2568702e+00   1.6654162e+00  -1.3538892e+00  -1.2455281e+00   2.1952534e-01  -2.9503718e-01
   2.0000000e+00   7.8271921e-01   1.4772423e+00   1.8151564e+00   1.3887204e-01   1.1142128e+00  -5.6987830e-02
   1.0000000e+00   1.4835430e-01   1.6656834e+00   1.9897912e+00   3.6190074e-01   2.0044500e-01   2.3520028e-01
   2.0000000e+00   3.3608446e-01   3.5552194e-01  -1.6383634e+00  -1.3613592e+00   1.2406675e+00  -2.8512470e-02
   2.0000000e+00  -2.2395150e+00  -1.2498185e+00   5.2388362e-01   7.8631942e-01   1.1359646e+00   6.5673177e-03
   2.0000000e+00   4.9771747e-01   2.0674046e-01   7.1275848e-01   1.8628757e+00   1.1442576e-01   1.1083214e+00
   2.0000000e+00   1.9341300e+00  -8.6650390e-02   2.8307955e-01  -1.8907396e+00  -8.6612319e-01  -2.3011069e+00
   2.0000000e+00   1.6754597e+00   4.7116801e-01  -2.0380156e+00  -5.1941939e-01  -1.4930287e+00   7.0001556e-01
   1.0000000e+00  -8.3272024e-02  -9.7061985e-01  -1.4587189e+00  -2.7879785e-01  -7.4169416e-01   9.0462914e-01
   2.0000000e+00  -8.6503697e-01  -9.1769219e-01   3.7252819e-01  -8.6464756e-01  -6.1642490e-01   1.0715551e+00
   2.0000000e+00   5.6574369e-01   5.6094544e-01  -1.6165900e+00  -8.1683162e-01  -6.6158352e-01  -8.2279842e-01
   2.0000000e+00  -1.0061483e+00   4.1602169e-01   4.3639685e-01   1.2676318e+00  -9.0835958e-01  -1.7506489e+00
   2.0000000e+00  -1.6449434e+00  -1.8811746e-02   3.9151875e-02   2.2939248e+00  -1.8321367e+00   3.3558830e-01
   2.0000000e+00   1.0495786e+00   8.1680807e-01   1.0827901e+00   7.8153194e-01   5.9720299e-01   5.5734862e-01
   2.0000000e+00   1.8105156e+00  -1.5248701e+00  -8.9445022e-01   1.7248233e-01   8.7005195e-01   1.0369772e+00
   2.0000000e+00  -6.1973835e-01  -2.3815319e-01  -3.9720885e-01  -8.5371416e-01  -8.5268090e-01   1.5723419e+00
   1.0000000e+00  -2.5464811e-01  -4.7152853e-01  -2.9036038e-01  -8.9977649e-01  -1.0222463e+00   4.5838976e-01
   2.0000000e+00  -1.8566150e+00   8.9454857e-01  -9.5663554e-01  -1.9664964e+00   3.8133901e-01   3.2250773e-01
   2.0000000e+00   2.4346295e-01   1.2696779e+00  -1.5735860e-01  -9.0063758e-01  -1.8639012e-01  -1.5856235e+00
   1.0000000e+00   7.0204595e-01  -8.0756649e-02  -3.4611102e-01  -6.3846189e-01   1.5261596e+00   8.0305731e-02
   2.0000000e+00  -2.0394538e+00   5.1773292e-01  -3.3542707e-01  -1.8519214e+00  -1.0566117e+00   6.6973337e-01
   2.0000000e+00  -7.4576619e-01   2.0638463e+00  -5.2156853e-01   2.1310766e+00   1.0471512e+00   1.4828982e-01
   2.0000000e+00   1.5076221e+00   1.0392483e+00   3.0735736e-01   1.3023722e+00  -1.4899769e+00  -1.1026893e+00
   2.0000000e+00   9.5424652e-01   1.4127200e-01   1.1435005e+00   7.6904875e-01  -2.9097512e-01  -1.0844255e-01
   2.0000000e+00  -6.3922678e-01  -1.0351810e+00   1.6952893e+00   1.7703224e-01  -1.3400810e-01  -2.6716908e-01
   2.0000000e+00  -1.2289488e+00   1.3211471e+00   7.2098706e-01  -4.8289996e-01  -3.6509543e-01   9.9468192e-01
   2.0000000e+00  -6.6787517e-05   9.0150369e-01  -6.9479626e-01   1.8180320e-01  -2.6213806e-01  -5.2394890e-01
   1.0000000e+00   1.7151345e-01  -1.3653822e-01  -6.0064199e-01   5.5590518e-01   6.4189016e-01   6.3212649e-01
   2.0000000e+00   1.3349172e-01   1.4813654e+00  -4.1980462e-01   2.4705094e-01  -5.7022461e-01  -4.9494849e-01
   1.0000000e+00   5.9766132e-01   7.9312648e-01   3.3031327e-01  -1.2306986e-01   2.0304375e+00   7.8475809e-01
   1.0000000e+00  -4.9980514e-01   1.1434892e+00   1.5769548e-01  -3.4478578e-01  -4.1708294e-01   2.2419809e-01
   2.0000000e+00   7.3679449e-01  -6.8733494e-01   6.8459204e-01  -7.1686189e-01  -5.6815819e-01  -2.7413260e-01
   2.0000000e+00   1.1906129e+00  -1.1803096e+00  -2.2713941e-01  -2.1901758e-01   1.1023574e-01   1.8291040e+00
   2.0000000e+00  -6.4981818e-01  -5.5226048e-01   2.3901587e+00  -9.9954057e-01   1.1420751e+00  -1.5043663e+00
   2.0000000e+00  -2.9329125e-01   2.0108238e-01  -1.4970880e+00  -2.0348318e+00   9.9245893e-01  -4.1885221e-01
   2.0000000e+00   1.2051713e+00  -1.1096342e+00   3.2384802e-01  -7.4873612e-01   7.5770200e-01   7.8558374e-01
   2.0000000e+00   1.4518082e+00  -7.0080505e-01   1.8744274e+00  -1.9111618e+00  -1.5310432e+00  -1.9773267e-01
   2.0000000e+00   5.8386262e-02  -8.9935998e-01  -1.1515316e+00   6.2979369e-01  -4.7068296e-01  -6.3058837e-01
   2.0000000e+00   4.8610177e-02   1.9293010e+00   2.5039032e-01  -1.9210625e+00   1.3069844e+00  -9.9110017e-02
   2.0000000e+00  -4.5232716e-01  -5.9769145e-01  -4.8630167e-03   1.2586079e+00  -5.8359341e-01   1.2870027e+00
   2.0000000e+00  -2.4178133e+00  -6.1930750e-01   6.8083496e-01  -2.9360709e-01   1.3582841e-01   2.1227299e-02
   2.0000000e+00   1.5410713e+00  -6.2392138e-01  -3.3243460e-01  -7.8774246e-01   5.5621124e-01  -5.5422097e-01
   2.0000000e+00   6.2834549e-01   9.8700444e-01  -1.4068873e+00   6.1352526e-01  -1.1201028e+00  -8.1940021e-01
   1.0000000e+00  -4.0034578e-02  -1.4287958e-01  -1.4662907e+00  -1.4090142e+00   1.4626634e+00   5.3536113e-01
   2.0000000e+00   6.7484076e-01   2.3345743e+00  -2.3096125e-01   8.9927468e-01   5.7743482e-01   1.4865989e+00
   1.0000000e+00   5.0510228e-01  -5.2619826e-01   3.5260228e-01   1.0961981e+00  -4.0050499e-01   1.9702154e-02
   2.0000000e+00  -3.2411702e-01   1.8933714e-01  -1.4753755e+00   3.4413392e+00   1.2968559e-01   3.1322739e+00
   2.0000000e+00   1.1027538e+00   9.5145426e-01  -1.9133966e+00  -4.4913331e-01   9.8916629e-01  -2.5435757e-01
   2.0000000e+00  -1.5301659e-01  -9.6874578e-01  -4.3517246e-01  -7.0125348e-01  -4.7733776e-01  -2.9721534e-01
   1.0000000e+00  -5.9382972e-01  -2.9256334e-03  -6.6723967e-01   1.3369579e+00   6.6650361e-01   6.8263993e-02
   2.0000000e+00  -5.7791542e-01   6.7004919e-01   1.2521809e+00   6.8493520e-01   3.8711867e-01   1.4155848e+00
   2.0000000e+00  -7.3954928e-01   8.4418854e-01  -1.6235529e-01  -1.4354155e+00   1.5095002e-01   1.7328104e+00
   2.0000000e+00  -4.0930003e-02  -4.4943690e-02   7.2623538e-01   6.3732604e-02  -1.2770154e+00  -1.5234612e+00
   1.0000000e+00   8.0036476e-01   9.5259901e-01  -1.2548773e-01  -4.1421180e-01   1.6564377e+00   5.0178429e-01
   2.0000000e+00  -1.8088053e+00  -1.0968616e+00   4.7980155e-01   4.1286740e-01   7.0879843e-01  -2.6319346e-01
   2.0000000e+00   3.5331550e-01   7.2337979e-04   4.9532309e-01  -5.4852617e-02  -1.4735581e+00  -1.8794361e+00
   2.0000000e+00   1.8388329e-01   5.7348221e-01   1.6251148e+00  -9.1826073e-01   8.9369286e-01  -2.2414628e+00
   1.0000000e+00  -1.0250208e-02  -3.8855285e-01   9.2220745e-01  -5.4831441e-01  -1.5529659e+00   9.1564702e-01
   2.0000000e+00   1.4311005e+00  -5.4456762e-01  -2.2999635e-02  -3.2207108e-01  -3.3898554e-02   5.1665968e-01
   2.0000000e+00  -2.4847451e-01   4.6602615e-01  -1.3937191e+00   7.2036083e-01   4.8188793e-01   1.6786937e+00
   1.0000000e+00   4.7545463e-01  -3.8547542e-01   5.4626400e-01  -9.9718810e-01  -1.3053724e+00   4.2540205e-01
   1.0000000e+00   6.9554113e-01  -1.2671698e-01   9.5963870e-01  -4.6474740e-01   1.0381314e+00   1.1146338e-01
   1.0000000e+00  -9.5486158e-02   1.4982907e-01   4.8152779e-01   1.1926929e+00  -1.6228487e+00   9.0676498e-02
   1.0000000e+00  -9.0117174e-02   2.7540170e-01   2.5088435e-01  -1.1744376e+00   2.1552178e+00   5.9758354e-01
   2.0000000e+00  -1.1813968e-01   9.2559972e-02   3.7179724e-01   8.1823625e-02   1.4311710e+00  -1.3443661e+00
   2.0000000e+00  -9.0494505e-01   2.6287990e+00  -4.9182046e-01   1.3908571e+00  -3.1775166e-01  -5.8300490e-01
   1.0000000e+00  -4.8870966e-01   6.2906968e-01   8.7365271e-01  -1.3033182e+00   1.5316646e-01   8.0678841e-01
   2.0000000e+00  -1.8664456e+00  -2.1947246e-01  -1.1722541e+00  -2.2920462e-01  -1.0611598e+00   4.1619706e-01
   2.0000000e+00  -1.4946250e-01  -1.5085802e+00   1.0102808e+00   1.2282796e+00  -9.1908267e-01   1.1848876e+00
   2.0000000e+00   3.5748330e-02  -4.0614165e-01   1.9735868e-01  -4.7779905e-01  -1.8637635e-01  -1.6684575e-01
   2.0000000e+00   9.2457835e-01   1.0433292e+00  -8.8799352e-01   5.0679932e-01   1.3729747e+00  -1.3496730e+00
   2.0000000e+00  -7.6733237e-01   1.0632489e+00  -8.8460316e-01  -3.5346233e-02  -2.4362471e+00  -1.4155008e+00
   1.0000000e+00  -7.6503783e-02   1.1456554e+00   4.9921399e-01   3.6915705e-01   1.9552163e-01   7.5346770e-01
   2.0000000e+00  -4.1242661e-01  -1.2206871e+00   2.0024274e+00  -8.5664068e-01  -4.8640978e-01   1.1576211e+00
   2.0000000e+00   2.7901690e-01   1.0388410e+00  -2.1815313e-01  -7.1436901e-01   1.4332828e+00   1.1605624e+00
   2.0000000e+00  -5.9799865e-01  -9.5535228e-01  -1.2799014e+00   3.2830931e-01  -3.5386356e-01   8.6111287e-01
   2.0000000e+00   1.8467555e-01   1.3785102e+00  -1.1446850e+00  -9.9648304e-01   8.7716691e-02  -1.3298002e+00
   2.0000000e+00   1.2215339e+00  -7.2284518e-01   1.9912050e-01  -1.9262343e-01   1.0593680e+00   1.3550175e+00
   2.0000000e+00  -8.7603072e-01   1.8322142e-01   1.4740063e-01  -1.5158205e+00   7.4101734e-02  -3.9006469e-01
   2.0000000e+00   1.7542757e+00   8.0007724e-01   1.7772450e+00   1.1425470e+00   1.7147417e+00  -1.1610861e+00
   2.0000000e+00   1.1823106e+00   3.8260529e-01  -1.5868526e+00  -2.0449933e-01  -1.6167334e-01  -1.5405441e+00
   2.0000000e+00   1.0615194e+00   9.1293109e-01   2.4478005e-01  -3.8903113e-01   7.0238018e-01  -1.5445975e-01
   2.0000000e+00  -1.2682830e+00   5.4194649e-01   1.5544644e+00  -5.4484587e-01   6.2110006e-01   1.2433204e+00
   2.0000000e+00   1.6253198e+00  -6.2092717e-01  -2.6840112e+00   1.5536993e-01  -3.0314709e-01   9.9925750e-01
   1.0000000e+00   4.7303906e-01   1.4986253e+00   3.2475298e-01   6.7319213e-01   8.6813107e-01   8.2017065e-02
   2.0000000e+00  -1.4775722e+00  -1.0228515e+00   6.1220914e-01  -4.3567865e-01   6.3262900e-01  -1.4380466e-01
   1.0000000e+00  -2.6927662e-02  -4.4750533e-01   1.2808913e-01   2.5346328e-02   1.4561461e+00   5.4224512e-01
   2.0000000e+00   1.5164412e+00   4.7027493e-01   6.7035422e-01   6.6762727e-01  -7.1941558e-01  -1.9824042e+00
   2.0000000e+00  -4.0667310e-01   2.4560661e-01  -3.8129048e-01  -6.3023125e-01   1.2878348e+00  -1.6020549e+00
