   1.0000000e+00   7.6452040e-01   3.6704643e-01   2.8820497e-01   1.7477284e+00   9.3284721e-01  -1.0437561e+00
   2.0000000e+00   6.8488473e-01  -5.5026913e-01   9.7009156e-02  -1.5028052e+00  -1.1079613e+00   2.5589935e+00
   2.0000000e+00   1.5237819e+00   6.4711414e-01   4.7000643e-01   1.2768267e+00   3.4565944e-01  -1.6064073e+00
   2.0000000e+00  -3.5413991e-01  -9.1128301e-01  -4.1486531e-01  -8.0343848e-01   1.8866004e+00  -8.5789905e-01
   2.0000000e+00  -9.5432903e-01  -1.0543802e+00   3.9545265e-01  -3.3442819e-01   8.6148021e-01   4.3140849e-02
   2.0000000e+00   6.2088146e-01  -1.2561453e+00   7.9665776e-01   5.2302708e-01   3.4566613e-01   3.3304006e-01
   2.0000000e+00  -5.8480593e-02   1.2364571e+00  -5.1952660e-01   3.1626398e-02   2.1992727e+00   4.4590643e-01
   1.0000000e+00   8.9999507e-01   3.4217460e-01   5.8085438e-01   2.8853222e-01  -1.4099351e+00  -4.7800532e-01
   2.0000000e+00  -7.3725504e-01   1.3792971e+00   1.8490614e+00   3.9988110e-01  -4.5831735e-01  -1.8741111e-01
   2.0000000e+00   1.2417737e+00   1.5670662e-02  -1.2857385e+00  -1.3126434e+00  -4.5895053e-01   1.8425391e+00
   2.0000000e+00  -1.2162091e+00  -1.2043697e+00  -1.4063656e+00   7.3123484e-01   1.1773000e-01   2.1156732e+00
   1.0000000e+00   3.1719352e-01   1.8939594e-01   5.5138570e-01   9.1805066e-01   6.4593560e-01   6.7544805e-01
   2.0000000e+00  -7.5185844e-01  -4.2328578e-01   8.1548538e-02   1.8417764e+00   6.7074629e-01  -1.6388854e+00
   2.0000000e+00   2.7919373e-01   1.5380378e+00  -3.2329589e-01   5.5808556e-01   1.2771288e+00   1.0385623e+00
   2.0000000e+00  -9.8340030e-01  -1.0584630e-01  -5.4221891e-01   4.5345619e-02  -2.4402575e-01  -2.1925376e+00
   2.0000000e+00   8.2148724e-01   1.1575917e+00   1.0291955e-01   9.5057023e-01   7.3052799e-01   5.9916147e-01
   2.0000000e+00   2.0500850e+00   2.0129983e-01   1.5304116e+00   9.0313305e-01  -1.7784094e+00  -8.2019734e-01
   2.0000000e+00   5.8044161e-01   8.4840665e-01  -1.1517481e+00  -4.4173754e-01   6.8856144e-01  -1.5116606e+00
   2.0000000e+00   9.9813447e-01  -9.0971974e-01  -9.5015995e-01  -9.6820067e-02   4.7790283e-01   6.5834935e-01
   1.0000000e+00   9.5523934e-02  -7.5317258e-01   2.5737805e+00  -1.7479645e+00  -1.6198293e+00   4.2824287e-01
   2.0000000e+00  -2.5384571e-01   4.3860471e-01  -5.1144282e-01   1.3373211e-01   1.5638461e+00  -5.1249349e-01
   2.0000000e+00  -1.2796185e+00   2.3705246e+00   3.7275788e-01   3.5478448e-01  -1.2802162e+00  -4.1787503e-01
   2.0000000e+00  -2.4115981e-01  -2.7349789e-01  -1.0955367e+00  -1.2704370e+00  -1.0103747e+00  -7.0475374e-01
   2.0000000e+00  -2.6862960e-01   4.6704864e-01  -3.5073826e-01   1.0742265e+00   7.3234406e-01   2.3944713e+00
   2.0000000e+00  -1.0239956e+00  -1.2757737e+00  -2.0945343e-01  -3.8553432e-01  -7.0345421e-01  -2.7054644e-01
   2.0000000e+00  -9.3159225e-01   1.0329874e-01   2.5765170e-01   1.9941525e+00   1.5545131e+00  -1.4905248e-01
   2.0000000e+00   1.4637054e+00  -3.6116031e-02   4.9865919e-01   1.3476568e-01   3.1787386e-01   3.7408917e-01
   1.0000000e+00   5.9369771e-02   8.8894411e-01  -6.6766573e-01  -9.3005673e-01   6.2121490e-01   1.2712151e+00
   1.0000000e+00   7.8337847e-01  -2.7202096e-01  -5.7005548e-01   1.2410391e-01   8.9746985e-01  -1.5781942e+00
   2.0000000e+00  -8.6060874e-01  -8.7780106e-01  -1.7434427e-01  -7.0554883e-01   2.1253505e-01   3.7875126e-01
   2.0000000e+00   1.2640317e+00   1.7588339e-01  -1.2443273e+00  -2.6038999e-01   1.1198139e-01  -1.0793560e+00
   2.0000000e+00  -1.4371990e+00  -4.8373960e-01  -5.7003350e-01  -8.3032542e-01   2.0859976e+00   1.1862401e+00
   2.0000000e+00  -8.4826225e-01  -2.0983958e-01   3.4944491e-01   2.5458942e-01  -9.6115784e-01   8.2270259e-01
   2.0000000e+00   1.9282379e-01  -1.4906643e+00  -1.1055540e-01   5.5015051e-01   7.4104310e-01  -1.2199334e+00
   2.0000000e+00  -8.2577594e-01  -1.3527353e+00  -1.3002353e+00   2.4480996e-01  -2.6997121e-02   4.6649325e-01
   2.0000000e+00  -1.4261622e+00  -1.2684200e+00   6.6199902e-01  -8.1601122e-01  -1.4686667e-02  -9.6182853e-01
   2.0000000e+00  -9.3210720e-01  -1.8336279e+00   1.0665679e+00  -1.0256939e+00  -9.4822856e-01   7.4119165e-03
   2.0000000e+00   1.2940901e+00   3.6941563e-01  -1.6969349e-01   3.9237050e-01   2.8529210e-01  -9.2519217e-02
   1.0000000e+00   1.3106675e-01   2.0708183e-01   7.6316321e-01   1.3369008e+00   2.5774837e-01  -1.3070092e+00
   2.0000000e+00  -8.7893062e-01   2.0553377e-01   4.3025321e-01   1.8905257e-01   1.1906316e+00   1.2137422e+00
   2.0000000e+00   5.2428281e-01  -2.8547999e-01  -4.5024880e-01   1.8609572e+00  -6.1904703e-02  -2.6700724e+00
   2.0000000e+00  -1.8667241e+00  -4.1281275e-01   9.2257368e-01  -2.4986142e+00   5.2293431e-01   1.9388667e+00
   1.0000000e+00   7.3142639e-01   5.4305098e-01  -2.6741662e-01  -4.8782756e-01   1.0526169e+00   4.1207211e-01
   2.0000000e+00   1.3538067e+00   1.0288926e+00  -1.4939982e+00  -6.4461192e-01   1.1234222e+00   5.1256600e-01
   2.0000000e+00  -1.4818646e+00   3.3316019e-01   1.4924159e+00   2.3797449e+00  -5.3204572e-01  -1.9301265e-01
   2.0000000e+00  -8.4955548e-01  -1.1182698e-01   2.4542017e-01  -2.9590519e-01   1.5544147e+00  -1.8644864e-01
   1.0000000e+00   4.4681873e-02   7.5597572e-01  -8.7087253e-01  -4.1369881e-01  -1.2041416e+00   8.5642546e-01
   2.0000000e+00  -2.3503103e+00   3.9284957e-01  -4.8529396e-01  -7.8799747e-01   9.4330267e-01  -1.1609960e+00
   1.0000000e+00   8.9978132e-01   7.7202498e-02   1.2462627e+00  -1.3814175e-01   4.9687047e-02   3.4985033e-01
   1.0000000e+00   7.4266923e-04  -7.2594840e-01   1.6305612e+00   8.1674949e-01   7.9617948e-01   7.9985946e-01
   1.0000000e+00   7.7256729e-01   2.7527030e-01  -5.6425237e-01   6.5137262e-02   9.2858399e-01   1.7209887e-01
   2.0000000e+00  -1.8619054e-01  -7.2245734e-01   2.1935933e-01  -7.4441346e-01   1.4872250e+00  -6.3706174e-01
   1.0000000e+00   2.4495118e-01   5.2909141e-01  -5.5726543e-01  -6.9652909e-01  -3.5217379e-01  -5.3018249e-01
   2.0000000e+00  -3.6575258e-01  -4.6854250e-01  -1.5511858e-01   1.7720164e+00   2.2255966e-01   1.5457845e+00
   2.0000000e+00   9.0179628e-01   9.2582130e-01  -5.1606456e-01  -9.8623675e-01   7.3145120e-02  -1.2985606e-01
   2.0000000e+00   1.3514775e+00   4.4867827e-01   6.5212372e-02   2.4170580e-02   1.8580291e-01  -2.0678009e+00
   2.0000000e+00  -1.1693029e+00  -2.6050348e-01  -3.7509641e-01   1.0389649e+00   4.3729715e-02   1.0572483e-01
   2.0000000e+00   1.2100006e+00  -9.2705103e-01   2.8263222e-02  -5.2258669e-01   1.7046004e+00   3.4907945e-03
   1.0000000e+00   4.3239534e-01  -5.0838041e-01   1.2533730e-01  -2.4257970e-01  -9.6454561e-01  -1.0359716e+00
   2.0000000e+00  -7.3747968e-01  -1.1344950e+00  -5.9555704e-01  -8.8822177e-01   7.1060639e-01  -7.8366911e-01
   2.0000000e+00   1.7388986e+00  -7.8081599e-02   4.6373750e-01   1.8000140e+00  -2.2445161e-01   8.3271731e-01
   2.0000000e+00   9.9205540e-01  -1.0645393e+00  -1.1876216e+00   1.6287766e+00  -1.1332869e+00   6.1791262e-01
   2.0000000e+00  -8.4290384e-01   1.6260154e+00   1.7054947e+00   1.3016034e+00   2.6615374e-01  -2.7879589e-01
   2.0000000e+00   3.0525311e+00  -4.5090418e-01   1.1101572e+00  -1.1712823e+00   2.4674541e+00  -2.9369261e-01
   2.0000000e+00  -1.3287792e-01  -1.6723353e+00  -4.6001539e-01  -1.1421870e+00  -1.6857725e+00  -7.9788435e-01
   2.0000000e+00   1.0440115e+00   2.2129510e+00  -7.8256031e-01   1.1606992e+00   1.4112790e+00  -2.3057532e+00
   2.0000000e+00   1.5201924e+00  -2.2239161e-03   8.6121797e-01   4.0892936e-01   7.6929104e-01  -2.6400680e-01
   2.0000000e+00  -3.5411284e+00  -1.0021024e+00  -2.0936168e-01  -1.0993903e+00   1.1081327e+00  -7.9632024e-01
   1.0000000e+00   7.3407405e-01   5.4796566e-01   2.8574632e-01  -1.6402126e-01  -1.4123028e-01  -2.6043662e-01
   2.0000000e+00  -1.0023196e+00   1.2898119e+00   2.0856185e+00   3.3185912e-01  -1.8777345e-01   1.4539242e-01
   2.0000000e+00   1.0332772e+00  -4.5781004e-01   6.9084048e-01  -3.8173571e-01   4.9863668e-01  -1.6475351e+00
   2.0000000e+00  -1.8016708e-01   7.6407374e-01  -4.0201006e-02  -9.9795094e-01   1.2400082e+00   1.3519462e+00
   2.0000000e+00  -1.9883615e-01   1.5637796e+00   7.3646452e-01  -9.9837823e-01   4.0719505e-01   1.9509139e-01
   2.0000000e+00   7.1378947e-02  -2.2973151e+00   3.3203858e-02   4.3530892e-01   1.1166604e+00   3.4505239e-01
   2.0000000e+00   6.1665942e-01   2.9353521e-01   1.4103834e+00  -2.3079224e-01  -1.0593347e+00   2.6792030e+00
   2.0000000e+00   6.8876681e-01  -1.1909382e+00   4.3115023e-01   1.5227621e+00  -1.1478536e-01  -1.1848649e-01
   2.0000000e+00   3.6828493e-01   2.8963475e-01  -1.3922226e-01  -1.1421670e+00   1.0827339e-01  -2.3735945e+00
   2.0000000e+00  -3.0130005e-01   1.1782888e+00   9.1330492e-01  -1.1187185e+00   4.1271646e-01  -6.8807788e-01
   2.0000000e+00   1.2296418e+00   4.2588346e-01  -5.9321444e-01   1.3559894e+00  -9.3629326e-01   1.7299915e+00
   2.0000000e+00  -7.7957408e-01   1.6558495e+00   1.2337667e+00   1.3372901e-01  -9.3025180e-01   9.3409812e-02
   2.0000000e+00   1.2638714e+00   9.4613281e-01  -1.6602269e-01   1.3217852e+00  -7.1761553e-01   1.8423514e+00
   1.0000000e+00   7.4379529e-01  -6.0901940e-01   1.8689948e+00  -5.2233227e-01  -1.1411116e+00   4.6434452e-01
   2.0000000e+00   1.6663375e+00  -1.1088223e+00  -6.6210814e-01  -4.8513923e-01  -1.2508753e+00  -1.3783684e+00
   1.0000000e+00   8.4764905e-02  -8.6370727e-01  -1.6891880e+00  -3.6288234e-01   1.5640818e+00  -2.2204426e-01
   2.0000000e+00   1.6051097e+00  -1.4834685e-01   1.4200865e+00   1.8431999e+00   1.2504877e+00   8.0188996e-01
   2.0000000e+00  -2.4213085e-01  -1.1676106e+00   7.5573055e-02   9.6213925e-01   1.4499946e+00   9.0856720e-01
   2.0000000e+00  -1.4425436e+00   6.5997024e-01  -5.4605430e-02  -6.0418208e-01   3.3286856e-01   2.2964655e+00
   1.0000000e+00   9.7195087e-01   7.4554185e-02   1.8703227e+00   2.3750059e+00   9.2124068e-01   7.4238696e-01
   2.0000000e+00   6.5273374e-01   9.6369832e-01   1.4025971e+00   5.9460140e-01  -1.0786673e+00  -1.7858865e-01
   2.0000000e+00  -1.0205423e+00   4.8534334e-01   1.7722957e+00   7.0998124e-01  -7.1782812e-01  -7.5467044e-02
   2.0000000e+00   1.3219745e+00  -1.4407846e-01  -1.8803653e-01   8.1772250e-01   9.3043742e-01   6.1610552e-01
   2.0000000e+00   1.5119485e-01  -1.1341571e+00  -2.0305027e-01  -4.0307864e-01  -7.7152085e-01  -5.0047551e-01
   2.0000000e+00   1.5095390e+00  -8.2922475e-01   1.8176690e-02  -4.3243976e-01   9.1194105e-01  -1.1258787e+00
   2.0000000e+00   1.1189990e+00  -1.9250392e-01   1.5488190e-01  -1.9312348e+00  -1.3858492e+00  -9.7187038e-01
   2.0000000e+00  -1.2079405e+00  -1.4064336e+00   1.8881428e-01   7.0905524e-01  -1.4921990e+00  -5.4227398e-01
   1.0000000e+00   1.2859271e-01  -6.6340599e-01   9.5427398e-02  -2.5630206e+00  -1.9410167e-01   1.4763469e+00
   2.0000000e+00  -7.0669838e-01   4.2844334e-01  -7.6547132e-01   1.0998264e+00  -1.1197175e+00   1.2605843e+00
   1.0000000e+00   5.8729550e-01   8.0768060e-01   2.5652841e+00   1.5007365e-01   5.9174501e-01  -9.3275910e-01
   2.0000000e+00  -1.4272719e+00   4.2904824e-01   4.9035889e-01   9.5749277e-01   1.4103022e+00  -1.9468141e+00
   2.0000000e+00  -1.3561606e-01   4.0034975e-01   5.4062330e-01  -1.2953588e+00  -8.9699273e-01   1.5712626e+00
   2.0000000e+00  -1.2297820e+00   1.3336291e+00  -1.0863765e+00  -1.8791614e-02   4.0312010e-01   5.8095293e-01
   2.0000000e+00  -6.0936355e-01   1.3075747e+00   7.6236278e-01   6.5902879e-01   1.2128400e+00   1.5989928e+00
   1.0000000e+00   1.5084487e-01  -8.8123316e-01   2.6044351e+00  -5.4560731e-01   6.9250811e-01  -1.4500788e+00
   2.0000000e+00  -3.9198728e-01  -1.5815285e+00  -1.0580465e+00   8.8881340e-01   2.1140665e+00  -9.6794426e-01
   1.0000000e+00   8.7972006e-02   4.2841897e-01  -4.3457286e-01  -3.7122672e-01   7.2715738e-01   2.4681238e-01
   2.0000000e+00   1.0059532e+00   1.8662546e+00   4.0876411e-03  -1.5113705e+00  -1.1064914e+00   8.9097841e-02
   2.0000000e+00  -6.9151330e-01  -1.7514284e+00  -2.0247111e+00   1.4118280e+00  -6.7959591e-02   8.8894965e-01
   2.0000000e+00  -6.9830459e-02  -8.6804110e-01  -1.9427282e+00  -9.1608418e-01  -9.7841328e-01   3.9477884e-01
   2.0000000e+00  -4.1890466e-01   2.3528956e-01  -4.9754653e-01  -2.6749902e-01  -2.0394528e+00  -1.5366588e+00
   2.0000000e+00  -2.5456371e-01  -2.0913340e-01   1.2963848e+00  -8.3251710e-01  -3.9726635e-01   1.2237576e-01
   2.0000000e+00  -9.1404159e-01  -3.6808196e-01   7.6562028e-01   3.5726533e-01   2.0998091e-01  -2.1463161e+00
   1.0000000e+00   7.6282349e-01   2.2204734e-01  -4.6255201e-01  -7.1835787e-01  -1.3603291e-01   2.6285462e-01
   2.0000000e+00   2.3601213e+00  -1.0826042e-01   1.1603957e-01  -1.0972642e-01  -2.1380988e+00  -1.6332395e-03
   2.0000000e+00   1.2239783e+00  -5.0429825e-01   7.2979288e-01  -2.9213570e-01   1.2013180e+00   3.2983746e-01
   1.0000000e+00   4.6260371e-01   3.9005457e-02   1.6399505e+00  -5.9569532e-01   5.7384944e-01   1.5598239e+00
   1.0000000e+00   6.1728748e-01   3.1448780e-02  -2.1017059e+00  -6.5022373e-01   9.2892548e-02  -1.1201724e+00
   2.0000000e+00  -1.9649399e+00   1.6814506e+00  -8.6759644e-01  -5.0374923e-01  -2.8471233e-01   1.5659529e+00
   2.0000000e+00  -7.3780891e-01  -1.0191771e+00  -3.7419726e-01  -5.9730471e-01  -2.1381888e+00  -4.2201780e-01
   2.0000000e+00  -4.0212045e-01  -1.2829439e+00  -5.3027630e-01   2.6630633e+00   2.0445299e-02   4.3339069e-02
   2.0000000e+00  -1.2107310e-01   1.1935183e+00  -1.7772183e+00   1.0251960e+00   4.8233674e-01   8.8681337e-01
   2.0000000e+00   1.2752485e+00   6.0795964e-01  -9.8161786e-01  -6.4455113e-01  -5.3470367e-02  -7.5375516e-01
   2.0000000e+00   1.8923344e+00  -2.5659108e-01  -1.2334576e+00   4.1313556e-01   6.0578131e-01   1.8050169e+00
   2.0000000e+00  -4.9470356e-01  -1.1008398e+00  -2.7126722e-01   1.4892942e-01  -1.0525064e+00   3.5447643e-01
   2.0000000e+00  -5.4764175e-01   1.0899263e+00   1.1862243e+00   2.6448586e-01  -1.1788525e+00   6.4063480e-01
   2.0000000e+00  -4.8865767e-01  -1.6227625e-01  -1.8554999e+00   2.1382970e-01  -5.1567733e-01  -9.9743660e-02
   2.0000000e+00  -1.6779122e-01  -1.8509553e+00   5.3973881e-01  -1.0765597e+00   8.3560871e-01   1.2611325e+00
   1.0000000e+00   9.2119149e-03  -6.6382166e-01   1.4286989e+00  -1.2489782e+00   8.9956854e-02  -8.3245151e-01
   2.0000000e+00  -2.5764864e-01  -1.1696286e+00   4.4381246e-01  -6.7827696e-01  -1.1052298e+00  -2.7965765e-01
   1.0000000e+00   3.9478921e-01   2.6493724e-01   7.9988789e-01   4.6591004e-02   3.1614942e-01   2.4447398e-01
   1.0000000e+00   6.4554428e-01   2.7813216e-01  -7.2158941e-01   1.1916145e-01   7.9010283e-02  -2.6883773e-01
   2.0000000e+00   2.6408209e-01  -1.0745457e+00  -2.5309080e+00  -5.4135496e-01   4.9545213e-01   5.1089066e-01
   2.0000000e+00  -4.7312757e-01   8.6774282e-02   5.7508639e-01   6.4837576e-01  -1.1634549e+00   1.4708680e+00
   2.0000000e+00  -3.0899085e-01  -1.4613514e+00  -1.5326468e+00  -1.5020051e+00  -2.4914144e+00  -5.0467445e-01
   2.0000000e+00  -4.0511333e-01   1.7573175e+00  -6.9592166e-01  -1.8666989e+00   9.8938945e-01   2.8266589e-01
   1.0000000e+00   2.4595267e-01   8.8836399e-01   8.5840906e-01   3.1768308e-01  -1.0882952e+00  -8.4011144e-01
   2.0000000e+00   8.2142186e-01  -1.0267683e+00   1.1209166e+00  -3.3513989e-01  -1.6424429e+00   1.7855228e-01
   2.0000000e+00  -4.8497539e-01   2.3226733e-01   6.6428182e-01   3.2750414e-01   1.4262772e+00   1.4668898e-01
   2.0000000e+00  -1.5364716e+00  -8.6696841e-02  -1.8360762e+00  -1.8702449e-01   3.8391100e-01   1.2032433e+00
   2.0000000e+00   1.1260308e+00   3.2190408e+00   1.8409577e+00   4.1318985e-01  -1.0560973e+00   1.8182273e+00
   2.0000000e+00  -2.0297557e+00   3.4864368e-01  -7.9121035e-01   5.8028898e-01  -1.4653504e+00  -5.1159106e-01
   2.0000000e+00  -8.0213098e-01  -3.1228402e-01   1.0499390e-01   2.3104492e-01   2.1996902e-02  -6.3012841e-01
   2.0000000e+00   1.0553904e-01   1.4492114e+00  -2.2795882e+00   5.6672483e-02   2.8514939e-01   1.6791173e+00
   1.0000000e+00   4.6209640e-01   3.9178149e-03  -1.5618620e-01   7.7191614e-01  -6.7978594e-01   6.5219483e-01
   2.0000000e+00   1.0324474e+00  -4.3272137e-01   1.6596551e-01   1.1518068e+00  -7.3466990e-01   8.0673871e-01
   2.0000000e+00  -1.5853302e+00  -2.2058112e+00   1.0792957e+00  -9.9576673e-01   1.6846352e+00   1.5786150e+00
   1.0000000e+00   4.4435734e-01  -2.6094722e-01  -1.6862555e+00   1.3701114e+00   1.0192958e+00   1.2841213e+00
   2.0000000e+00  -9.7396511e-01   1.5135023e-01  -6.7304288e-01  -4.5192531e-01   9.6142004e-01  -2.0396164e-01
   2.0000000e+00   1.9083169e+00  -4.5178906e-01   5.5030919e-01  -2.0646535e+00   4.8432605e-01  -1.5349737e+00
   2.0000000e+00  -1.5328910e+00   7.3916748e-03   1.0718454e+00   1.6828027e+00  -1.4555899e-02   2.2956091e-01
   2.0000000e+00  -1.8224637e-01   7.9164063e-01   6.3715567e-01  -2.0944479e+00  -5.0267059e-01   1.0113986e+00
   2.0000000e+00   1.1532567e+00   3.7791599e-02  -3.9809325e-01   1.3252915e+00   4.9243916e-01  -3.2766351e-01
   1.0000000e+00   6.3752501e-01   1.7643117e-01  -6.6723953e-01   6.7736469e-02   1.0069899e+00   1.0522215e+00
   2.0000000e+00  -1.1176311e+00  -1.8095003e+00  -9.1215241e-01  -7.2186996e-02  -3.9592311e-01   3.7641345e-01
   2.0000000e+00  -9.0460456e-01  -3.8647011e-01   1.9714801e+00  -6.2487732e-01   1.7568049e+00   3.6331157e-03
   1.0000000e+00   1.8856795e-01   8.8631381e-01  -7.6501329e-01   8.5030182e-01  -5.4710596e-01  -3.0430272e-01
   2.0000000e+00  -1.1262124e+00  -1.0976306e+00  -1.3266816e+00  -1.0223233e+00   7.8904923e-02  -5.5918034e-02
   2.0000000e+00   3.5732574e-01   1.5285548e+00  -2.2744432e-01   7.0379730e-01  -5.8786598e-01  -9.1798895e-01
   2.0000000e+00   2.5236751e-01   2.1038871e+00   1.8749133e-01   3.8880105e-01   2.2197296e+00   2.6939358e-01
   2.0000000e+00  -5.0046417e-01   8.1639929e-01   1.5311318e+00   8.3966157e-01   1.3260053e+00  -6.9464550e-01
   2.0000000e+00   3.7584522e-02   1.5123751e+00  -3.2223517e-01  -8.4058026e-01  -1.6134064e+00   2.1021726e-01
   2.0000000e+00   2.4304765e+00  -7.1512251e-01   6.9375707e-01  -1.9292377e+00  -1.5298060e+00  -2.5487294e+00
   2.0000000e+00   6.4066849e-01   2.0095345e+00  -3.4381685e-01  -3.0833093e-01   1.4909434e+00  -1.0960994e+00
   1.0000000e+00   5.4567810e-01   4.4394116e-01   3.5181972e-01  -9.2221872e-01  -8.4222229e-01  -5.5505420e-01
   2.0000000e+00   1.0806891e+00   8.5815966e-01  -2.2135368e-01   5.5951356e-01  -6.5190953e-01   1.6101918e-01
   2.0000000e+00  -2.9884297e-02   1.1946531e-01   8.5422696e-01   5.4364212e-01   5.0931408e-01  -1.8755068e+00
   2.0000000e+00  -3.2072979e-02  -2.1960789e-01  -4.7627454e-01  -8.3967504e-01   3.1040004e-01   1.2654843e+00
   2.0000000e+00   1.3696571e+00   2.0666155e-01   1.8932006e+00  -1.0814865e+00  -1.1113568e+00   3.8092636e-03
   2.0000000e+00   9.7357389e-01   4.8958967e-01  -1.6865221e+00  -2.6976199e-01  -5.2525172e-01   1.2621841e+00
   2.0000000e+00   9.2261797e-01   1.3214611e+00   3.7332835e-01  -8.0740418e-01   3.5234252e+00  -1.1816287e+00
   2.0000000e+00   1.2414827e+00   4.4319010e-01  -9.9769078e-01   7.3933254e-01  -1.3236920e+00  -2.9896678e-01
   1.0000000e+00   1.2545101e-01  -2.5444571e-01  -1.4031783e+00   3.1659556e-01   4.1548519e-01   1.2250466e+00
   1.0000000e+00   9.5782245e-01  -1.2117711e-01  -4.1713479e-01   4.2916571e-01   5.6302639e-01   4.3404330e-01
   2.0000000e+00   1.2862693e+00   3.6776908e-01   1.3773718e+00   1.2427436e+00   9.6181913e-02   2.0010409e-01
   2.0000000e+00   1.3275379e+00   1.3114369e-01  -6.0196318e-01   5.7710360e-02   6.2735346e-01  -1.0024777e+00
   1.0000000e+00   5.0706855e-01   4.0535694e-01  -8.0932749e-01   2.6390594e-01  -1.0688465e+00  -5.5546128e-01
   2.0000000e+00  -1.9764135e-01  -1.8527467e+00   2.5134578e-01  -7.0601839e-02  -2.9725220e-01   7.7989536e-01
   1.0000000e+00   3.2770958e-01   6.6523079e-01  -3.3148550e-02  -1.0468403e-01   1.0771364e+00  -9.0262948e-02
   1.0000000e+00   4.6612738e-01   2.7077443e-01   2.4105058e+00   1.0980228e+00  -1.1919429e+00   3.1032983e-01
   1.0000000e+00   2.5738040e-01   8.1186545e-01  -3.6493810e-01  -2.3478320e+00   6.7197524e-01   2.9903127e-01
   2.0000000e+00   7.5227116e-02  -1.3723073e+00  -2.5474929e+00  -2.5402777e+00  -1.5821780e+00   1.6645374e+00
   2.0000000e+00  -2.4442195e-02  -1.0369125e+00  -4.5103646e-02  -5.4546153e-01  -5.4002861e-01  -1.0770195e+00
   2.0000000e+00   2.2823553e+00  -1.5427533e+00   3.1321513e-01   4.4809304e-01   1.8623451e-01   1.6173136e-01
   2.0000000e+00  -1.1739858e+00  -3.4054697e-01   1.9908092e+00   1.1368329e+00   9.8833425e-01   2.5948405e-01
   2.0000000e+00  -3.5408711e-01  -3.6761597e-01   4.8410950e-01   1.4762362e-01  -6.7715201e-01   2.5492797e-01
   1.0000000e+00   5.8100787e-01   2.6178909e-01  -5.3359125e-01  -4.4835811e-01  -2.2827840e-01  -1.9660088e-01
   2.0000000e+00   1.8349152e+00   1.1648801e-01   8.0471996e-01  -1.2676256e+00  -1.6083155e+00   1.8335040e+00
   2.0000000e+00   1.3793307e+00   2.6687552e-01  -1.4605137e+00  -9.0548000e-01   3.4061797e-01   1.6089406e+00
   2.0000000e+00   1.3056914e-01   9.3178741e-01   4.8716660e-01  -2.3902523e-02  -1.1411349e+00  -2.3862167e+00
   1.0000000e+00   9.0481608e-02   5.2752600e-01   6.1474688e-01  -1.7918632e+00  -2.9340428e-02  -2.1984088e-01
   2.0000000e+00   4.0245433e-01  -1.2590889e+00  -9.5707254e-02  -1.1729422e+00  -3.1539891e-01  -1.1659922e+00
   2.0000000e+00  -1.0140687e+00  -1.7855186e+00  -9.7242634e-01  -1.0371805e+00   5.4323078e-01   7.3836777e-01
   2.0000000e+00   1.4128353e+00   9.6488121e-01  -7.3454840e-01  -5.9521806e-01   1.3575713e+00  -5.6677148e-01
   2.0000000e+00   1.0715943e+00  -1.8839059e-01  -3.4756837e-01  -1.3525765e+00   1.9408048e-01  -1.8676199e-01
   2.0000000e+00  -2.4108086e+00  -9.0105210e-01  -9.2583002e-01   9.5473053e-01  -8.0891433e-01   7.5918977e-01
   2.0000000e+00   1.0795514e+00  -1.5942869e+00  -7.1262675e-01   3.3402418e-01   8.4586083e-01  -1.8863647e+00
   1.0000000e+00   4.8561465e-01   3.1078596e-01   1.8273584e+00  -2.5035747e-01  -3.6700038e-01  -5.0980135e-01
   2.0000000e+00  -6.5123013e-03  -1.7965778e-02  -1.3674227e+00  -2.6602950e+00  -1.2381656e-01  -6.9524574e-01
   1.0000000e+00   3.1033331e-01   3.8352665e-01   3.9616041e-01   1.3108643e+00   1.5361202e+00   4.8086072e-01
   2.0000000e+00   1.5833712e+00   3.7291995e-01   1.5807039e-01   4.4787803e-01  -1.6515140e+00   1.1399005e+00
   2.0000000e+00  -1.3111685e+00  -9.7052081e-02   2.3022933e-01   1.1745429e+00   5.6471768e-01  -2.7977639e-01
   2.0000000e+00  -1.5975637e+00  -6.2878208e-02   5.1476953e-01  -3.4613368e-04  -1.7610988e+00  -6.8661838e-01
   2.0000000e+00  -1.5102328e-01   4.1911435e-02  -2.2596988e-01  -1.6884302e+00   6.5613116e-01   8.2730054e-01
   2.0000000e+00  -5.0803830e-01   3.8802049e-01  -2.9649224e-01  -3.5833203e-01  -1.1553497e+00   2.5055749e-01
   1.0000000e+00   1.8498407e-01  -1.1398721e-01   4.2497573e-01   4.1948309e-01   1.2446136e+00  -1.3664242e+00
   2.0000000e+00  -5.3249376e-01   1.0995358e+00   3.1899493e-01  -4.8356987e-01   1.2967720e+00  -2.5318438e+00
   2.0000000e+00   3.3982326e-01  -9.9831914e-01  -3.0764240e-01  -5.0253633e-01  -1.9357208e+00   1.2941370e+00
   2.0000000e+00  -4.8097281e-01  -2.4833073e-01  -5.2255192e-01  -1.6517173e+00   4.4952986e-01  -6.6003099e-01
   1.0000000e+00   4.6057055e-01   7.9948069e-01  -9.1629847e-01   1.0859019e+00   1.4562435e+00   2.0375273e-01
   1.0000000e+00   1.1027291e-01   6.9032873e-02  -3.2979978e-02  -4.0300747e-01   6.0510213e-01   1.6908972e-01
   2.0000000e+00   7.0334467e-01  -8.5436979e-01  -5.7527684e-01   5.6609823e-01   1.0670404e-01  -3.0884994e-01
   2.0000000e+00  -3.8731949e-01  -1.8739726e+00  -5.4264535e-01   8.0446657e-01  -2.6293510e-01  -2.5401211e+00
   2.0000000e+00   1.6689757e+00  -1.2237765e+00   1.2271062e+00   4.1755486e-01  -1.0764058e+00  -7.8975599e-01
   2.0000000e+00   1.6495250e+00   1.0331513e-01   2.7111484e-01  -3.3772608e-01   7.7178028e-01   4.7066609e-01
   2.0000000e+00  -7.6766764e-01   1.1096956e+00   7.4557704e-01   7.1648699e-01  -1.0237228e+00   9.0170902e-01
   2.0000000e+00  -6.0442737e-02  -7.1451080e-01  -1.9893345e+00  -1.3339609e-01  -1.0740927e+00   2.2511158e-01
   2.0000000e+00  -2.5232422e-01   4.0426517e-01  -8.8991429e-01   7.3839368e-01  -6.0247422e-01   3.4290141e-01
   2.0000000e+00   7.7091690e-01  -9.7301977e-01  -6.0507252e-01  -2.8472785e-01   1.9135454e+00   2.5222121e-01
   2.0000000e+00  -1.9066228e+00   1.8469775e-01  -5.9746733e-01   9.4680910e-01   4.3827234e-01   7.3311887e-01
   2.0000000e+00  -1.5408537e-01   9.8689686e-02  -1.2273950e-01  -1.0142408e+00  -1.5236605e-01  -3.7652012e-02
   2.0000000e+00  -2.9972199e+00  -1.4600511e+00   6.2288231e-01  -6.2646110e-01  -1.9179246e-01   1.4362915e+00
   2.0000000e+00   6.3131991e-01   9.4801892e-01  -6.4968134e-01   1.6084117e+00  -1.9207439e+00   4.0281205e-01
   2.0000000e+00   1.3219979e+00  -9.7508385e-01   4.4140503e-01   1.8095839e-01  -4.6311323e-01  -3.9919371e-01
   1.0000000e+00   7.9314171e-01  -5.5786092e-01  -5.0392017e-01   3.5624318e-02   7.1172072e-01  -8.0871071e-02
   2.0000000e+00  -5.0874319e-01  -8.6991250e-01   4.4468412e-01  -8.3275614e-01   2.1860084e-01  -8.7566841e-01
   2.0000000e+00  -3.9035094e-01  -1.2652673e+00  -2.0280622e+00  -1.0791859e+00  -8.8930810e-01   1.6896961e-01
   1.0000000e+00   7.0461051e-01  -4.5798764e-01  -2.0760660e-01  -1.3000239e+00   4.9282331e-01   7.8388080e-01
   1.0000000e+00   4.1073289e-01   8.0792001e-01   5.9028334e-01  -9.0272376e-01  -5.1753058e-01   2.3835617e-03
   2.0000000e+00  -6.2009275e-01  -5.6521364e-01  -1.0493817e+00  -2.8677494e+00   2.6454447e+00   1.7059306e+00
   2.0000000e+00  -4.2596855e-01   1.8027488e+00  -1.1042684e+00  -2.0279686e-01  -5.7037675e-01  -1.3488917e-01
   2.0000000e+00   2.9036520e-01   1.2942089e+00   8.4849122e-01  -3.7697026e-01   6.8219147e-01   4.4908935e-01
   2.0000000e+00   8.5038449e-01   1.4895242e+00  -1.1663206e+00  -2.7679654e-01  -4.0506540e-02   5.0214198e-01
   2.0000000e+00  -7.7234426e-01   1.5972588e+00  -6.3312255e-01  -8.7327423e-01  -6.8033393e-01  -3.9439206e-01
   2.0000000e+00  -2.6903200e-01  -2.0827298e-01   1.1022473e+00  -1.8289046e+00   8.2449684e-01  -5.3443545e-01
   2.0000000e+00  -1.3221545e+00  -7.8271545e-02  -7.2508486e-01  -4.3662895e-01  -1.0787580e+00  -8.6891980e-01
   1.0000000e+00   2.1471163e-01  -1.1583121e-01  -3.2642663e-02   8.1624541e-01   1.7119411e+00   7.4790233e-01
   2.0000000e+00  -3.2216305e-01  -2.3135114e+00  -1.0486796e-01   1.4417690e+00   2.2731779e-01  -1.1358137e+00
   2.0000000e+00  -1.8888996e-01  -9.9851595e-01   1.6811078e-01  -8.9828695e-01   1.0470737e+00  -7.1206815e-01
   2.0000000e+00  -7.5477347e-02   2.6532188e-01   2.4478197e-01   7.9939764e-02   4.3073474e-01   3.1570751e-01
   2.0000000e+00  -1.3319640e-01  -1.0086083e-01   4.3995003e-02   2.1459419e+00  -2.7031299e+00   1.1589345e+00
   2.0000000e+00   1.0446909e+00  -2.5601720e-01   1.2457776e+00   1.1750465e-01   7.0704426e-01   8.1650039e-02
   1.0000000e+00   6.5804568e-01   6.0314420e-01  -7.6478479e-01  -1.3291187e-02   1.4757966e-01  -1.7685800e-01
   2.0000000e+00   1.5931037e+00   7.9459809e-01  -6.4788508e-01   2.2421601e+00   2.4818342e-01   4.3850259e-01
   2.0000000e+00  -9.9948730e-01   1.6447831e-01  -1.0297495e+00   1.2218359e+00  -1.2155265e+00  -3.7868246e-01
   2.0000000e+00   1.0339256e+00   7.4208259e-01   1.7862428e+00   1.3145528e+00   1.1998597e+00   6.9940448e-01
   2.0000000e+00   1.1370560e-02   1.0323922e+00   6.0942593e-02  -7.6962361e-01  -1.6267531e+00  -1.1212042e+00
   2.0000000e+00  -2.1720760e+00  -4.0917293e-01  -4.4706686e-01  -1.1808358e+00   1.1734790e+00  -3.0106374e-01
   2.0000000e+00  -5.5856433e-01  -1.5769761e+00   1.2872868e+00   6.6939830e-01  -9.0965435e-01  -1.0517879e+00
   2.0000000e+00  -7.6755727e-01   1.5086895e+00   1.0119701e+00  -3.7383217e-01   3.7145025e-02   6.6914611e-01
   1.0000000e+00   3.3661149e-01   6.4006654e-01  -1.3719673e+00  -3.7878729e-01  -2.1060099e+00   2.9604789e-01
   1.0000000e+00   5.6308841e-01  -1.6587589e-01   8.8550301e-01   3.2263957e+00  -1.4827339e+00   2.6385554e-01
   2.0000000e+00  -1.5184590e-01   3.7571387e-01   2.1641262e+00  -3.7523299e-01  -5.6530100e-01  -1.6691531e+00
   2.0000000e+00  -5.6091283e-01  -8.6289769e-01  -1.2241274e+00  -2.9022781e-01  -1.7352621e-01   5.6323886e-02
   1.0000000e+00   5.2380826e-01   3.1937571e-01   3.1650001e-01   2.7165005e-01   8.8266117e-01   5.3351745e-01
   2.0000000e+00  -2.8139017e-01   8.7531051e-02  -2.7936218e-01  -7.8803845e-01  -2.2760494e-01   4.1033071e-01
   2.0000000e+00   1.6974536e+00   1.3581182e-01  -4.7993655e-01   7.9424520e-01  -1.1752011e+00  -2.5276444e-01
   1.0000000e+00   7.1766811e-01   1.5684238e-02   2.2765772e-01  -1.0103688e+00  -7.9292628e-01  -6.1913877e-01
   1.0000000e+00   5.1559112e-01  -4.9898738e-01   7.3202543e-01   2.0766673e+00   5.8745499e-01   5.7615747e-01
   2.0000000e+00  -1.7751850e+00   4.8502455e-02  -9.4555526e-01  -1.6917012e+00   5.6940578e-01   6.4802150e-01
   2.0000000e+00  -1.2246159e+00   1.9441419e+00   8.0446670e-01   3.9450028e-01   1.3233214e+00  -1.6912540e+00
   2.0000000e+00  -9.5377784e-01   2.1270810e+00  -1.3449904e+00  -4.5058526e-01  -1.5469854e-01  -5.6082938e-01
   2.0000000e+00   1.4578892e+00  -1.1797687e+00  -7.5603578e-01   1.6426260e+00   2.2723112e-01   6.7742498e-01
   2.0000000e+00  -1.5580431e-01   7.9542953e-01  -6.0368082e-02   1.1507445e+00   6.0337603e-02  -7.0651222e-02
   2.0000000e+00   1.5721701e+00  -1.7454505e+00  -1.3750106e-01  -1.7283532e-01   9.7844538e-01   6.0621545e-01
   2.0000000e+00  -1.2482715e+00  -1.1431722e+00   4.9914281e-01  -2.7721742e-01  -2.3627487e-01  -1.0562296e+00
   1.0000000e+00   5.5589067e-01  -5.6570314e-01  -6.4391041e-01  -2.3888013e+00  -1.7727674e+00   2.4238083e-01
   2.0000000e+00  -2.3353164e-01   3.8559278e-01  -3.4926338e-01   2.6255790e+00  -1.4356238e-01   1.0813502e+00
   2.0000000e+00  -1.2889505e-01  -1.1957040e+00   5.9619877e-02  -1.8363885e-02  -1.4622349e+00   4.5952192e-01
   1.0000000e+00   6.7808038e-01   8.6184838e-02   6.2756729e-02  -1.4739500e-02   2.0160188e-02  -3.9001571e-01
   1.0000000e+00   8.7244753e-01   3.8529491e-01   1.2738841e+00  -2.4269209e+00  -1.3372055e-01   5.6650062e-01
   2.0000000e+00  -5.8590927e-01  -1.9118845e-01  -1.9653914e+00   4.1167770e-01   1.3064634e+00   6.6336193e-01
   1.0000000e+00   1.9128864e-01   8.1241128e-01   2.0789384e-02   8.5994086e-01   2.1544732e-01  -7.2341109e-01
   2.0000000e+00  -1.2153201e+00   1.6087034e+00   5.0078799e-01  -8.2855096e-01   2.0399412e+00   5.7904428e-01
   2.0000000e+00  -8.1183803e-01  -2.2924958e+00  -2.7075020e-01   1.0431938e+00  -1.3009149e-01   1.2553157e-01
   2.0000000e+00  -1.2827764e+00  -6.7135087e-01   1.2124732e+00   9.7936905e-01   3.6545396e-03   9.9420956e-01
   2.0000000e+00  -3.4508377e-01  -1.7464972e-01  -1.1297819e+00   4.0609974e-01  -1.2466306e-01   4.0381450e-01
   2.0000000e+00  -2.0568277e+00   7.1925318e-01   1.5765753e-01   3.6505950e-01  -9.3174805e-03   8.2245993e-02
   2.0000000e+00   2.8655189e-01  -1.7795452e+00   1.0649827e+00   8.5385087e-01  -7.6910791e-01   1.9647753e+00
   2.0000000e+00  -1.1922226e-01   1.9787187e-02  -2.3375722e+00  -7.7781650e-01  -6.8101908e-01  -6.2595225e-01
   2.0000000e+00  -6.7744480e-01   2.0385001e+00  -3.3307361e-01  -1.3109847e+00   1.4850906e+00   3.6837018e-02
   1.0000000e+00   5.0909000e-01   2.3118855e-01  -9.4529339e-01  -1.4083562e+00  -9.2641632e-01  -4.3463705e-01
   1.0000000e+00   6.2501925e-01   6.9171633e-01   8.7632493e-01   5.2105593e-01   6.9694659e-01   8.1367813e-01
   2.0000000e+00   2.1205256e-01  -1.1967169e+00  -7.0195685e-01   9.3808471e-01   1.2388430e+00  -9.7491928e-01
   2.0000000e+00  -1.7023187e-01   1.0184725e+00   4.3967804e-01  -2.6059749e-02   9.7093009e-01  -9.9132987e-01
   2.0000000e+00  -1.0710089e+00   1.7005487e-01   8.7435913e-01  -9.1857377e-01  -3.7696051e-01  -1.3814727e+00
   2.0000000e+00  -5.5507502e-01  -1.8301747e-01  -8.5708358e-01  -2.5881886e-01   1.2954882e+00  -2.2978790e-01
   2.0000000e+00   1.9598829e+00   4.0582945e-02   6.4197972e-01  -1.8872662e-01   1.3146489e-01   3.0132828e+00
   2.0000000e+00  -8.7424501e-01   6.8813907e-01   4.8597360e-01   9.1795398e-01   1.3308161e+00  -1.1534517e+00
   2.0000000e+00   7.4953172e-01  -6.6530257e-01   1.4778124e-01  -9.3911970e-01   8.1714105e-01  -1.2032662e+00
   2.0000000e+00   2.4773083e-01  -2.3012371e+00  -1.0539406e+00   9.6828938e-01  -1.5349379e+00   4.1707040e-01
   1.0000000e+00   3.4017833e-02  -8.2889405e-01   8.0827662e-02  -1.1548826e-01   1.7011729e+00  -1.9178358e+00
   1.0000000e+00   5.8228393e-01   3.7074167e-01   5.0437265e-01   9.5799129e-01  -1.1350721e+00   6.5683658e-01
   2.0000000e+00   9.4525290e-01   6.9931631e-01   1.0796300e+00   2.4129796e+00   6.2117474e-02   1.7896612e+00
   2.0000000e+00   1.8130705e-01  -2.2738948e+00   5.2440990e-01  -3.8512839e-02   1.3241414e+00  -2.6058571e-01
   2.0000000e+00  -1.1436024e+00  -2.0267161e-01   2.5511584e+00   8.3000041e-01  -4.5312973e-01   3.1220325e-01
   2.0000000e+00  -3.0393742e-01  -8.3744285e-01   3.6488707e-01  -1.6829105e+00  -3.8886998e-02   8.4726988e-01
   2.0000000e+00  -8.6283675e-01   2.7726860e-01  -7.3489601e-01   6.5135143e-02  -1.2421578e+00  -2.9341104e-01
   2.0000000e+00  -6.2643195e-02  -2.6421859e-01  -3.5439439e-02   5.7986907e-01   1.4611559e-01   7.3484463e-01
   2.0000000e+00   3.0839734e-01   1.1737248e+00  -1.6621432e+00   8.3803417e-01   1.1146089e+00  -1.0176949e+00
   2.0000000e+00   1.5811284e+00  -1.7103179e+00  -6.5641437e-01   1.3217015e+00   1.5692392e+00  -4.9926198e-02
   2.0000000e+00  -4.3067865e-01  -1.1942217e+00  -2.3184265e-01  -1.1799764e+00  -1.8511531e+00  -4.1776295e-01
   2.0000000e+00   5.3760807e-01  -8.7315017e-01  -1.3286997e+00   1.3379888e+00  -7.2521436e-01  -2.1671684e+00
   2.0000000e+00   1.0848757e+00  -2.1318606e+00  -1.7619545e+00   6.5518341e-01  -1.1343130e+00  -9.1513456e-01
   2.0000000e+00  -6.0293775e-01   1.1466082e+00   5.8017998e-01   1.8816719e+00  -1.9367756e+00   1.0369865e+00
   2.0000000e+00  -8.0056362e-01   7.8036142e-01  -1.8613411e+00  -7.4116878e-01   1.0639398e-01  -1.9898975e+00
   2.0000000e+00  -9.4688404e-01  -8.5635010e-01   8.2692868e-01  -1.4522122e-02   2.0033502e+00  -1.1740242e+00
   2.0000000e+00  -5.2050002e-01   1.8807552e+00   7.3554984e-01  -1.1018146e+00   1.7971274e+00  -4.1077636e-01
   2.0000000e+00   1.2616657e+00  -3.2908901e-01  -8.1512358e-01   8.6529311e-01  -1.0588426e+00   8.7034785e-02
   2.0000000e+00  -1.5648657e+00  -1.1005499e-01  -1.8747945e+00   5.4192467e-01   2.6328106e-01  -3.3216079e-01
   1.0000000e+00   6.5780882e-02   1.9777333e-01  -1.4202877e+00  -1.8384098e+00  -4.8709298e-01  -1.0935854e+00
   2.0000000e+00  -5.6854407e-01  -9.0514068e-01   4.6086849e-01   1.8974891e+00  -2.2831340e+00  -8.7691557e-01
   2.0000000e+00  -4.7857817e-01   1.3546599e+00   5.5783814e-01   1.3394028e+00  -1.0815316e+00  -4.8739769e-01
   2.0000000e+00  -1.7921592e+00  -3.9384195e-01  -1.0860323e+00   9.2142583e-01  -1.2539881e+00  -7.3961908e-01
   2.0000000e+00  -1.0220153e+00  -5.2290743e-01  -6.5411922e-01  -1.1198237e+00   2.0653927e+00  -3.6355458e-01
   2.0000000e+00   1.0433445e+00   4.3590482e-01   1.5379747e+00   1.9858074e+00   1.1054221e+00  -6.7733784e-02
   2.0000000e+00  -8.7106635e-01  -1.8116830e-01   1.0350526e+00   1.5134433e+00   4.9238134e-01   6.3851317e-01
   2.0000000e+00  -4.0276329e-02   4.7144115e-01  -1.4602188e+00  -9.7075884e-01  -2.6223028e+00   1.7934917e+00
   2.0000000e+00  -2.8782695e-01   2.2165609e+00  -2.5820059e-01   1.3834309e+00   4.8233555e-01  -1.4366705e+00
   2.0000000e+00  -1.1919607e+00  -1.1376010e+00  -1.3681887e-01  -6.5786870e-01   1.0724455e+00   1.0601853e+00
   2.0000000e+00  -2.7629086e-01  -6.1504690e-01   8.5997041e-01   9.6554684e-01   1.2079908e-01   5.3599751e-01
   2.0000000e+00  -5.3832556e-01  -7.1082710e-02   3.4054633e+00  -5.9070231e-01   2.1550445e-01   1.7863668e+00
   2.0000000e+00   1.1264950e+00   1.5545496e-01  -1.4662404e+00   7.3900998e-01  -4.2193991e-01  -6.6676819e-01
   2.0000000e+00  -9.6512352e-01  -5.3359680e-01   1.1099973e+00  -1.6368585e+00  -1.6679932e-01  -6.7124062e-01
   2.0000000e+00   1.0071008e+00  -1.2918138e+00   1.0962525e+00  -1.5527737e+00   3.6688227e-01   5.6163433e-01
   2.0000000e+00   1.3452015e+00   5.4950062e-01   8.0315288e-01   5.3630765e-01   1.5960827e+00   9.4050405e-01
   2.0000000e+00   4.8896065e-01   1.3314056e+00   3.2609105e-02  -1.0403174e+00  -9.9651083e-03  -6.4194217e-01
   1.0000000e+00   1.2803037e-01   3.0210661e-01  -7.1127968e-02  -1.1293338e-01   1.2514042e+00   9.3511918e-02
   2.0000000e+00  -1.2790761e+00   9.4265828e-01   9.4043489e-01  -1.1417679e+00   3.7725377e-02   6.4793130e-01
   1.0000000e+00   8.7297745e-02   5.1071136e-01   8.2681094e-01  -1.3501062e+00  -1.3167896e+00  -7.1907807e-01
   2.0000000e+00  -5.7366420e-02  -1.2448315e-01   3.6939228e-01   2.3753934e+00   5.2404637e-01   1.2014872e+00
   2.0000000e+00   1.1397410e+00  -3.5835148e-01  -2.8519894e-01   6.6424272e-01  -8.5405393e-01  -3.0307523e-01
   2.0000000e+00  -2.4434155e-02  -1.0320807e-03   6.3219298e-01   7.6904236e-01   3.2896449e-02   1.5473918e-01
   2.0000000e+00   2.0662556e+00   1.2490175e+00  -5.2880542e-03  -6.8580516e-01  -1.7769808e+00   1.4379892e+00
   2.0000000e+00  -1.9427043e+00  -2.1014514e-01  -5.0461897e-01  -1.7828026e+00   2.2817526e+00   1.8988026e+00
   2.0000000e+00   1.1503108e+00  -1.5901398e+00  -6.6229657e-01   1.1483245e+00  -4.7284835e-01   3.8695474e-01
   2.0000000e+00   8.7361718e-01  -1.2623434e+00   1.5910178e+00  -5.1661988e-01   1.5858662e-01   1.5405697e+00
   2.0000000e+00  -3.0874352e-03   7.0644250e-02   3.7854182e-01   7.0726288e-01  -7.6893231e-01   3.3211442e-01
   2.0000000e+00  -1.0795619e+00   9.3230194e-01   1.8612303e+00  -1.5357845e+00   8.5616798e-02  -1.0627591e-01
   2.0000000e+00   3.7952122e-01   2.4750905e+00   1.6422666e+00   1.7572815e-01  -2.2145889e-01   1.0047250e+00
   2.0000000e+00  -1.2313841e+00  -1.5924433e-01  -4.8651427e-01  -3.4524994e-01  -5.1823485e-02  -9.2760092e-01
   2.0000000e+00   3.1467420e-01   1.0381469e+00   3.2576929e-02  -8.0420068e-01   4.9830993e-01   3.7378407e-01
   1.0000000e+00   5.6347282e-01  -1.6541545e-01  -8.5079415e-01   9.8784582e-01   4.8859287e-01   3.4564893e-01
   2.0000000e+00   6.5146030e-01   9.4935148e-01   7.0855669e-01   8.5696489e-02   1.8656734e-01  -5.1081688e-01
   2.0000000e+00  -9.3364249e-01   1.7463637e+00   1.4485203e+00   1.6389818e+00  -9.8255483e-01   8.6336321e-01
   2.0000000e+00  -1.8377286e+00   1.0540284e+00   5.8445881e-01  -7.7466864e-01   1.5891818e+00  -3.6724726e-01
   1.0000000e+00   5.1637361e-01   5.3631785e-01  -1.4525264e+00   1.6054384e+00  -1.6500473e+00   2.3776423e-01
   1.0000000e+00   9.2435005e-02  -2.0816581e-01   4.1650581e-01  -1.0801148e+00   1.0724397e+00  -5.0191921e-03
   1.0000000e+00   4.3219797e-01   4.2753259e-01   3.7354212e-01   2.2757874e+00   4.0005400e-01  -7.1316450e-01
   2.0000000e+00  -3.8760285e-01  -9.3724734e-01   2.9470595e-02  -5.0813369e-01  -9.1511733e-01   1.4239585e+00
   2.0000000e+00  -1.6876965e+00  -8.2924884e-01   2.2225086e+00  -1.4437513e-01   1.4406033e+00   1.0581255e+00
   2.0000000e+00  -2.5381008e-01  -4.6621995e-01  -1.9881953e+00   7.1261606e-01   4.2792040e-01   8.9468965e-01
   2.0000000e+00   1.3815799e+00  -8.9048913e-02  -6.0460816e-01  -1.2226152e+00  -3.3567605e-02   1.9883955e+00
   2.0000000e+00  -1.7174334e+00   1.0859508e-01   2.0718587e-02   4.7956455e-02  -7.9116560e-01   1.6355113e+00
   2.0000000e+00  -2.0186911e-01  -5.5404178e-01  -8.1067777e-01   6.6881198e-01  -8.1859420e-01  -9.3983444e-01
   1.0000000e+00   6.4859096e-01  -1.5822708e-01  -2.3594841e+00   1.8607552e-01   9.3543576e-02   1.0513480e+00
   2.0000000e+00  -3.6950248e-01  -5.2044015e-01   5.9702274e-02  -4.1011358e+00  -1.6148585e+00   3.0252705e-01
   2.0000000e+00   1.2963579e+00  -4.6013900e-01  -9.8552367e-01   4.2445134e-01  -1.1818096e-01  -9.0866761e-02
   2.0000000e+00  -5.6767847e-01  -5.9399473e-01  -5.6001933e-02  -7.8298287e-01  -1.1715141e+00  -7.1238528e-01
   2.0000000e+00  -5.4823687e-01   6.2372422e-01   9.7627494e-01   2.6311123e-01  -2.7556160e+00  -1.3287070e-01
   2.0000000e+00   2.8854072e+00   1.1552357e+00  -1.2719446e+00  -3.6085093e-01   1.1462232e-03  -3.9566345e-01
   2.0000000e+00   7.8225180e-01  -1.9430199e+00  -2.7463933e-01   5.1511783e-01   2.0408291e+00  -1.3672834e-01
   2.0000000e+00  -8.9503295e-01   6.4360026e-01   1.2021348e+00   4.8327710e-02  -8.2447300e-02  -2.2985814e+00
   2.0000000e+00  -4.2428070e-01   1.4777429e+00  -1.2745665e+00  -1.9535308e+00   2.7392483e-01   4.4279032e-01
   1.0000000e+00   1.1460755e-01  -1.4953061e-01  -1.3224433e+00   1.6097994e+00   3.2241580e-01   5.1393162e-02
   2.0000000e+00   1.1181308e+00  -1.1502501e+00   6.7484120e-01  -1.1341912e+00   2.7561513e-01   1.6739182e+00
   2.0000000e+00  -1.6253773e+00   1.2125126e+00  -8.6513537e-01  -1.4117767e+00   1.9589956e+00   1.5167702e-01
   2.0000000e+00  -7.3376019e-02  -7.7573631e-01   1.3596888e-01   1.1828261e-01   9.6293310e-01  -1.1506160e-01
   2.0000000e+00  -1.0829056e+00  -1.2431157e+00   2.1137621e+00  -3.9996945e-01   1.2811679e+00   3.6215109e-01
   2.0000000e+00   1.0099257e+00  -7.8257724e-01  -1.3501744e+00  -2.1767733e+00  -1.1306981e-01  -5.4438884e-01
   2.0000000e+00  -9.1689965e-01   2.5250967e-01   1.0747240e+00  -1.6070525e+00   8.9329999e-01  -2.6127897e-01
   1.0000000e+00   2.7010416e-01  -4.3294402e-01   8.1178071e-01   5.9270623e-01  -3.7641605e-01  -2.4768999e-01
   2.0000000e+00   1.3055729e-01   1.1049663e+00   1.9756118e+00  -5.0144281e-01   2.9830248e+00   2.4097060e-01
   2.0000000e+00  -5.2364681e-02   3.2979530e-01  -1.7291078e+00  -1.1082276e-01   7.8870880e-01   5.6984984e-01
   2.0000000e+00   1.3059023e+00  -7.0649431e-01  -4.0778604e-01  -2.6956534e-01   1.6245333e+00   4.0560263e-01
   2.0000000e+00   1.6492081e+00   4.4308688e-01  -1.0750223e+00   8.3516290e-01  -5.4384705e-01  -1.0706517e+00
   2.0000000e+00  -1.5293141e+00  -1.4051118e-02  -6.9460645e-01  -7.6313839e-01  -7.8963443e-02  -1.1506690e-01
   2.0000000e+00  -1.4005142e-01  -3.9906022e-01   1.0431588e+00  -5.4978337e-01  -1.2128563e+00  -2.4061765e-01
   2.0000000e+00  -8.6791876e-01   5.4941489e-01  -7.8133300e-01   1.5936513e+00  -4.4502540e-01   1.9609735e+00
   2.0000000e+00   5.2217788e-01   9.1354011e-01   1.8229134e+00  -2.5623171e-01   8.2788400e-01  -7.1284671e-01
   2.0000000e+00   2.2309584e-01  -1.0512664e+00   1.8685262e-01  -1.4587567e-01   1.2449232e+00   2.8251428e-01
   2.0000000e+00  -1.1262824e+00  -9.1802523e-01  -8.0626517e-01  -8.9030782e-02  -6.5260102e-02   5.0465125e-01
   2.0000000e+00  -4.0751475e-01  -5.8094113e-01  -9.7935322e-02  -2.8858729e-01   5.1865987e-01   6.6940743e-01
   2.0000000e+00  -1.3740233e+00   8.1987499e-01   7.7945388e-01  -4.3403513e-01  -2.0797163e+00   7.3210634e-01
   2.0000000e+00   4.7985831e-01   1.0973783e+00   4.5906635e-01  -2.6433258e+00  -1.9304561e+00   4.0898793e-02
   2.0000000e+00   1.4744963e+00   4.4281295e-01   1.9700282e+00  -4.6794036e-01   4.2520643e-01   5.9667943e-01
   2.0000000e+00  -2.9768093e-01  -6.3021525e-01  -7.7111897e-01   1.9830165e+00  -1.3732540e+00  -1.3134119e-01
   2.0000000e+00  -2.3695987e-01   5.9805920e-01  -5.9023664e-01  -1.0316911e+00  -4.2424467e-01  -9.9561035e-01
   2.0000000e+00   9.7190489e-01   1.8744508e+00   3.3239114e-02  -6.2973985e-01  -2.4461562e+00   1.5990283e-01
   2.0000000e+00  -1.2533773e+00  -4.1292831e-02   1.9331765e+00   1.1626085e-02   1.4589963e-01   2.8364908e-01
   2.0000000e+00  -4.6733236e-01  -3.7603775e-01  -4.9528858e-01  -1.7744902e-01  -8.5102021e-02  -3.5531504e-01
   2.0000000e+00  -1.2362602e-01   9.3331507e-01   2.1339419e+00  -8.0381455e-01  -5.4929603e-01  -2.1076392e+00
   2.0000000e+00  -2.3038036e-01  -4.4627702e-01   7.8035172e-01  -1.0301437e+00   1.1380272e+00   9.8154046e-01
   2.0000000e+00   2.6012745e-01   9.8293408e-01   1.9614230e+00  -1.6318976e+00   2.6520848e-01   9.1129451e-01
   2.0000000e+00  -3.5050226e-01  -6.5765397e-01  -7.1094442e-01   8.1846448e-01  -9.9219190e-01   4.1640555e-01
   2.0000000e+00  -1.8926336e-01   6.3279292e-01  -1.5189917e+00  -2.1308690e-01   4.0888334e-01  -3.0573282e-01
   2.0000000e+00   9.8574595e-01  -3.8222182e-01  -1.4641060e-01  -5.2793842e-01  -7.4045011e-01   1.7606441e+00
   2.0000000e+00   4.7582669e-01   3.7919638e-02  -2.4095324e-01  -7.5304900e-01  -1.5139117e+00  -2.4844980e+00
   2.0000000e+00   1.1892868e+00   9.6615088e-01  -7.0680674e-01   1.8978579e+00   2.0329235e+00   1.7788396e-01
   2.0000000e+00   9.8454720e-01   9.1644818e-01  -3.4820501e-01  -2.9426143e-01   9.7810314e-01   5.5178766e-01
   2.0000000e+00   6.7245707e-01  -4.8988554e-01   1.6630820e-01  -1.4860928e-01  -1.0759218e+00   1.9814699e+00
   2.0000000e+00   8.0330095e-01   9.7547039e-01  -1.2820432e-01   1.8737889e+00  -2.6051575e-01  -1.0838494e+00
   2.0000000e+00  -1.7717266e+00  -1.6152674e-01   1.3045876e+00   3.4770370e-01  -9.4157643e-01  -5.2503665e-01
   2.0000000e+00  -2.7802110e-01   2.4280342e-01   1.7975572e+00  -1.0486110e+00  -1.4014875e-02  -2.4124068e-01
   2.0000000e+00   2.5281947e-01   1.0234295e+00  -2.1681638e+00  -1.6954063e+00   1.5763035e+00  -2.0936567e-01
   2.0000000e+00  -1.4560183e+00  -5.8194525e-01  -2.3326326e-01   1.0009985e+00   2.3052834e+00   2.5928606e-01
   1.0000000e+00   5.6257390e-02  -4.5854596e-01  -1.0001238e+00  -9.5808273e-01   1.7595922e-01  -1.4159515e+00
   2.0000000e+00   8.7854986e-01   6.8192210e-01  -6.8303534e-01   1.0222344e-01  -9.9339881e-02  -8.3254441e-02
   2.0000000e+00  -9.8555779e-01   8.2488315e-01   9.2347298e-01  -1.0434983e+00   5.0681358e-01  -1.8147458e-01
   2.0000000e+00   1.6047245e+00   4.7910858e-01   4.3464426e-01  -1.1214984e-01  -9.6819977e-01   9.7850987e-02
   2.0000000e+00   1.0027675e+00  -1.6676090e+00  -1.0859251e+00   4.8752603e-01  -1.5204121e+00   5.8464362e-01
   2.0000000e+00  -1.2055332e+00   1.5785474e+00  -3.7212225e-01  -6.3128584e-01   1.4693776e+00   1.1890402e+00
   2.0000000e+00  -3.8944992e-01   7.3272833e-01   1.2232433e+00  -7.1897138e-01   8.8914551e-01   1.2246395e+00
   2.0000000e+00  -3.2983696e-02  -4.5301677e-01  -5.0803161e-01   4.2245602e-01  -1.9982488e+00  -7.7897185e-01
   2.0000000e+00  -3.8551351e-01   4.3491979e-01  -8.0889176e-01   4.4410325e-01  -6.1210310e-01  -1.2004458e+00
   1.0000000e+00   4.0069271e-01  -3.5172940e-01  -5.1686386e-01  -1.8646485e+00  -1.6203309e-01   8.2655189e-02
   2.0000000e+00  -5.3750238e-01  -2.2370970e+00   1.2468819e+00   8.9824922e-01   7.1132608e-01  -4.4923123e-01
   1.0000000e+00   5.7331043e-01  -2.9675689e-01   8.2558609e-01   1.7479867e+00  -1.1554711e+00  -6.6206585e-01
   1.0000000e+00   4.6763860e-03   7.3732891e-01   4.6883314e-01   2.0580022e-01   2.9962727e-01  -1.4491238e+00
   2.0000000e+00  -9.7612224e-01   2.6827318e-01   1.9956038e+00   9.4305505e-01  -2.0083017e-01  -6.5449286e-01
   2.0000000e+00   3.4811376e-01  -1.1289223e+00   1.1399299e+00  -9.6672041e-01  -5.5301865e-01  -9.5127239e-01
   2.0000000e+00  -5.9438819e-01  -5.3641952e-01  -2.3893197e+00  -1.0631174e+00  -5.8637318e-01   1.2233264e+00
   2.0000000e+00   1.0884181e-01   1.4103659e+00   5.3215816e-01   1.5152531e-01  -3.9359613e-01  -1.1392030e+00
   2.0000000e+00  -1.4885024e+00  -4.7963346e-01  -2.9761549e-01  -7.2712005e-01   4.8574322e-01   1.4512802e-01
   2.0000000e+00  -4.7985575e-01   9.9332847e-01   8.4881184e-03   3.2536208e-01   1.5372472e-02  -1.2520427e+00
   1.0000000e+00   6.7920659e-02   8.0335367e-01   4.4695736e-01  -2.2196874e+00   9.6038604e-01   6.1129388e-01
   2.0000000e+00   3.5714056e-01  -1.1864299e+00  -4.0973502e-01  -9.8159067e-03   6.9027937e-01  -4.7812255e-01
   2.0000000e+00  -1.8117939e+00   8.2072138e-01   5.6375162e-02   5.5205941e-01   1.2946872e+00   1.5684473e+00
   1.0000000e+00   9.1927099e-01   2.6463075e-01  -1.2198255e-01   9.4470520e-01   4.3005110e-01   4.2211033e-03
   2.0000000e+00  -2.0694166e-01   1.0970021e-01   1.1998190e+00  -2.9374460e+00  -5.1092585e-01  -3.9846023e-01
   2.0000000e+00   1.6373806e+00   1.2416749e+00  -8.3847097e-01   1.5324357e+00   6.6207266e-03   2.2635698e+00
   2.0000000e+00   1.1883269e+00   1.2810405e+00  -3.1033270e-01  -1.5870664e-01   1.5232522e+00  -1.1679072e+00
   2.0000000e+00   1.1112293e+00   9.4604983e-01   8.5966633e-01  -3.6239963e-01  -1.3010424e+00   7.0595513e-01
   2.0000000e+00   1.9161843e+00   1.4392249e+00  -4.5129527e-01   1.2462611e+00   7.6655815e-01   2.6765410e-01
   2.0000000e+00   7.8606078e-01   6.5196459e-01  -5.9838356e-01  -3.9215271e-01  -1.0142599e+00   7.3968908e-01
   2.0000000e+00  -8.6259047e-01   2.7679839e-01   7.5953574e-01   4.6126958e-01  -6.8263239e-01   1.6320424e+00
   2.0000000e+00  -1.1313079e+00   1.2363753e+00   1.4215642e+00  -1.5002455e+00  -1.3757494e+00   3.6087697e-01
   2.0000000e+00   4.4773521e-01  -3.7918373e-01   2.0786090e-01   9.7166649e-01  -4.3663205e-02   2.3606163e+00
   2.0000000e+00  -5.4948731e-01   1.5574513e-01   1.0222932e+00   1.4006988e+00  -9.4200670e-01  -2.2357285e-02
   2.0000000e+00   1.0337232e+00   2.5961523e+00  -6.8737404e-01  -4.5641281e-01   1.1600961e+00  -1.4553009e-02
   2.0000000e+00  -1.1485270e+00  -9.1351366e-01  -5.2670586e-01   8.2160120e-01  -2.1651765e-01  -1.6440844e-02
   2.0000000e+00  -3.3261854e-02   1.6938426e-01  -8.7449047e-01   4.1494863e-01   1.9919053e+00   6.9950599e-01
   2.0000000e+00  -4.0063809e-02   1.8335401e-01  -1.8154381e-01  -7.8011566e-01  -1.0225791e+00  -2.5105595e+00
   2.0000000e+00  -3.3646901e+00   3.2324500e-02  -5.5746628e-01  -6.5280712e-01  -1.5666184e+00   4.9937418e-01
   1.0000000e+00   6.3940037e-01   1.8611947e-01  -8.1977201e-01   5.6651635e-01  -3.7328040e-01  -1.1687356e-01
   2.0000000e+00   1.1857310e+00   5.0916037e-01  -2.3712032e+00  -1.2538121e+00  -5.6601898e-01  -1.6323929e-01
   2.0000000e+00  -9.1675939e-01   1.8701741e+00  -1.0039962e+00   3.0762240e-01  -2.3331046e-02  -2.4706143e-01
   2.0000000e+00   1.5209590e+00   1.1877347e-01  -9.0748914e-01   1.6987635e+00   5.6256220e-01   5.5109263e-01
   2.0000000e+00  -1.2280944e+00   9.4639554e-02   3.4652837e-01  -9.4744872e-02   6.4285303e-01  -1.0494712e+00
   1.0000000e+00   2.1762330e-01   5.5830268e-01  -1.4017541e+00  -1.2044652e+00  -1.2397385e+00  -4.9889927e-01
   2.0000000e+00   1.1781905e+00   1.8558056e-01  -4.9866800e-01   5.3710560e-01   4.8396920e-01   5.8146902e-01
   2.0000000e+00  -3.8318692e-01  -1.2414031e+00   5.9326564e-02  -2.3738809e-01   1.1861308e+00  -6.1508640e-01
   1.0000000e+00   7.1524623e-01  -8.1719322e-02  -8.1132167e-01   2.7546037e+00  -2.7010947e-01   1.5506093e+00
   2.0000000e+00   2.1220290e-01  -1.1951572e+00   1.2430349e-01  -3.1026225e-01   1.3641335e+00  -1.2994199e-02
   2.0000000e+00  -3.8879475e-01   4.0074567e-01   3.3075031e-01  -5.4658380e-01  -6.2859879e-01  -2.8644292e-01
   1.0000000e+00   1.0842132e-01   8.4998402e-01  -2.5081079e-01   5.9220699e-01  -9.9103634e-01   1.0943406e+00
   2.0000000e+00  -1.6450642e+00   3.9469568e-02  -1.5173526e+00   1.3550470e+00  -5.4764809e-01   1.7798219e+00
   2.0000000e+00  -5.9513114e-01  -1.0409542e+00   2.1076433e+00   9.2529888e-01   8.2103350e-01   5.4366827e-01
   1.0000000e+00   2.3726595e-01   3.0206815e-01  -5.3896274e-01  -1.4926770e-01   7.6888023e-02  -1.0001859e+00
   2.0000000e+00   7.6764671e-01  -1.0183107e+00  -7.8960040e-01  -1.4361137e+00  -2.8213023e-01   1.2104790e+00
   2.0000000e+00  -2.4924367e-01  -9.4120305e-01   4.3107006e-01   1.0993435e+00   5.1451143e-01   1.3774496e+00
   2.0000000e+00  -9.2970003e-02   1.1040806e+00  -4.4860029e-01   8.4791127e-01  -6.3484743e-01  -8.1795126e-01
   2.0000000e+00   4.9727341e-01  -2.4436239e+00   8.3118008e-01  -1.8702566e+00   4.6841067e-01  -4.9788151e-01
   2.0000000e+00  -9.1823233e-01   3.5579912e-01   1.6662573e-01   7.7335363e-01   1.5631153e+00  -1.7440667e+00
   2.0000000e+00  -5.1788363e-02   5.4995904e-01  -6.7781420e-01   2.7786967e-01   9.0735268e-02   1.8530744e+00
   2.0000000e+00  -1.2987585e-02   1.2992975e+00   4.7329065e-01  -2.2543186e-01   9.0174457e-01   1.3276124e+00
   2.0000000e+00  -2.8187114e+00   1.4992834e+00   1.5013716e+00   8.8193194e-01  -2.6202504e-01  -3.6641459e-01
   2.0000000e+00  -5.7970293e-01  -1.2655978e+00  -1.7747603e-01  -9.0922096e-01   2.8073009e-01   7.3359128e-01
   2.0000000e+00   1.3326430e+00   1.1760528e+00   1.4153169e+00  -9.5844374e-02  -7.4311923e-01   5.7579735e-01
   2.0000000e+00   1.4924363e+00  -3.0434483e-01   2.6843541e-02   3.9074333e-01   1.0937378e+00   2.6892511e-01
   2.0000000e+00  -3.8667721e-01  -8.5765243e-01   1.4690137e+00  -7.2715125e-01  -1.5787416e+00  -1.3042789e+00
   2.0000000e+00  -1.5172660e+00  -7.2991381e-01   2.2439570e-02  -6.4264350e-01   2.7339646e-01   1.8745974e+00
   2.0000000e+00  -1.0030709e+00  -5.6519796e-01  -5.6423858e-02   1.4706170e-01   1.2414721e+00   1.0689596e-01
   2.0000000e+00  -4.2006540e-02   1.5206927e+00   4.5052599e-01  -1.6405732e+00   1.6134799e+00   3.0631200e-01
   2.0000000e+00  -9.3673859e-01   4.1231913e-01   6.6360476e-01   1.1889108e+00   1.4595821e+00   5.2396220e-01
   2.0000000e+00  -2.1128894e-03  -5.0726786e-01  -1.6906685e+00   4.3934094e-01  -7.8419375e-01  -7.7646769e-01
   2.0000000e+00  -4.5737788e-01  -1.4478004e+00   1.3626330e+00   1.3545276e+00   5.8777193e-01  -2.6662746e-01
   1.0000000e+00   9.3275361e-02  -6.3861954e-01  -1.5339596e+00   9.6368951e-01   7.9114574e-01  -4.6406228e-01
   2.0000000e+00   1.1315196e+00   1.2776585e+00   6.4783356e-01   9.6880608e-01  -2.2753353e+00  -1.9622769e+00
   2.0000000e+00   1.0098806e+00  -2.6390338e-01  -5.9566199e-01   7.0763746e-01   2.1434132e-01  -4.7609971e-01
   2.0000000e+00  -3.0023166e-01   4.8809840e-01   2.2906045e-01  -2.7663278e-01  -1.8661779e-01   1.2608490e-01
   2.0000000e+00  -1.4950546e-01  -9.3372735e-01  -1.2504871e+00  -7.3192166e-01   7.4963242e-01   6.0400191e-01
   2.0000000e+00  -1.8448649e-02  -8.1839649e-01   4.1578052e-02  -1.1105457e+00  -1.6985927e-03  -1.2396005e+00
   2.0000000e+00   1.4422680e-01   1.5928767e+00  -7.5894250e-01  -6.1512403e-01  -4.2638567e-01  -4.8975689e-02
   2.0000000e+00   1.1886175e+00  -1.0424500e+00  -1.0092267e+00  -9.6975496e-01   1.4586998e+00  -1.0805287e+00
   2.0000000e+00   1.1530736e+00  -4.7910642e-01  -1.7066077e-01  -7.4937729e-01  -1.0625330e+00  -3.9730108e-01
   2.0000000e+00  -5.8593863e-01   3.1110653e-01  -3.7734626e-01  -3.7339350e-01  -2.0451494e-02  -1.2166486e+00
   2.0000000e+00   9.4451874e-01   6.4784393e-01   3.1494377e-01   7.6532814e-01  -3.1190607e-01  -9.6284120e-01
   2.0000000e+00  -5.8643674e-01  -1.7373132e+00  -2.1161091e+00   4.6766086e-01  -6.1997862e-01   1.3956343e+00
   1.0000000e+00   5.0202528e-02   3.5828625e-01  -2.3166471e-01  -7.7091779e-01   6.9197364e-01  -1.2521892e-02
   2.0000000e+00  -2.4866234e+00   1.6917357e+00  -7.5239412e-01   5.2564834e-01   9.0618753e-01   9.4360949e-01
   1.0000000e+00   3.1604797e-01   7.8674073e-01   7.4976579e-01   1.7565619e-01  -1.5176009e-01  -7.5142055e-01
   2.0000000e+00  -9.1681280e-02  -1.6620529e-01   6.3773967e-01  -3.7729986e-01   1.5988170e+00   4.7916808e-01
   2.0000000e+00  -1.0049152e+00   8.9156012e-01   3.9944098e-01  -9.7326295e-01   1.6589739e+00   2.0372891e-02
   1.0000000e+00   1.9841546e-02   5.9845065e-01   5.8189498e-01   4.2656253e-01  -9.5952236e-01  -4.5775472e-01
   2.0000000e+00  -1.0990732e+00  -2.1279316e-01  -7.8375443e-01   1.1882665e-01  -1.9881253e-01  -5.8577065e-01
   2.0000000e+00   7.8437744e-01  -1.5260288e+00  -3.1112708e-01   4.0187429e-01  -3.4997281e-01   2.3387821e-01
   2.0000000e+00  -8.5082644e-01   6.7198236e-01  -5.2775439e-01  -1.2869366e+00  -3.6934329e-01  -1.5079176e-01
   2.0000000e+00  -6.7019843e-01  -1.3686021e+00  -8.3034204e-01   1.8388918e+00  -1.7478078e+00  -2.1445471e-01
   1.0000000e+00   7.2827356e-01  -5.8513143e-01  -7.2770756e-01  -1.7485415e-01  -3.2111635e-01  -1.2061684e+00
   2.0000000e+00  -1.9255139e+00   1.4407350e+00   2.8776310e-02   1.2208900e-01   5.0879202e-01   2.4540437e-01
   1.0000000e+00   2.0233394e-01   4.7048852e-01   2.4949363e+00   1.5021701e+00   8.5529855e-01   1.1898099e+00
