   2.0000000e+00   2.8842261e-01   8.3876632e-01  -1.0437439e+00   5.7932112e-01   1.0988540e+00   4.8486962e-01
   2.0000000e+00  -7.2446213e-01  -7.4157263e-01  -1.2872490e+00  -6.3552147e-01  -2.2972903e+00  -8.9020021e-01
   2.0000000e+00   6.8498496e-01  -1.4375430e+00   9.0382882e-01  -1.5272841e+00   6.3825253e-01   1.4327496e-01
   2.0000000e+00  -6.7644258e-01  -3.8293740e-01  -4.1559630e-01  -2.0788240e+00  -1.5595754e+00  -1.7699243e-01
   2.0000000e+00   1.5718022e+00   1.3860357e+00  -9.0887994e-01   1.0305709e+00  -8.4576236e-02   1.3161282e-01
   1.0000000e+00  -4.9988272e-01  -7.0913646e-01   3.6835370e-02   8.8582611e-01  -3.7558727e-01   3.1017448e-01
   1.0000000e+00  -6.7045313e-01   5.7309563e-01   6.5576249e-01  -1.3916327e-01  -1.2254839e+00   6.8346812e-01
   2.0000000e+00   1.6814848e-01   4.8411375e-01   1.1241460e+00   2.8126127e-02   5.2652859e-01  -1.4077582e+00
   1.0000000e+00  -1.9419109e+00  -1.1363627e+00   3.3624460e-01   1.6851888e-01  -1.5229930e+00  -4.3667672e-01
   1.0000000e+00  -6.6880260e-01  -1.0713392e+00   6.6835812e-01   3.9725270e-02   4.3261201e-01  -1.2980767e+00
   2.0000000e+00  -6.8358339e-01   3.5607379e-01  -1.7621787e-02   1.5816808e+00  -1.3517984e-01  -4.9738802e-01
   2.0000000e+00   2.8249200e-01  -4.4312662e-01   1.2363030e+00   2.2581709e-01  -6.5896977e-01  -1.0975681e+00
   2.0000000e+00  -6.9399877e-01   8.9839884e-01   1.0232069e+00   1.5583011e+00   2.7268254e-01   5.8714282e-01
   2.0000000e+00   1.1519591e+00   8.1159078e-01   5.3697524e-02  -1.2475096e+00   3.6722369e-01  -6.6586157e-01
   2.0000000e+00  -4.5859193e-01   1.1347826e+00  -1.0407569e+00   1.4531702e-01  -1.6606006e-01  -1.5817683e+00
   2.0000000e+00   1.0714210e+00   5.5065099e-01   1.5879766e-02   1.5381896e+00   2.6105044e-01   2.5323518e-01
   2.0000000e+00  -1.3777809e+00   1.3855210e+00  -1.0580540e+00  -5.7254611e-02  -3.4614239e-01  -1.1444181e+00
   1.0000000e+00   5.3851008e-01  -5.7942647e-01   5.9269235e-01  -2.4647902e-01  -3.3290098e-01  -7.9392603e-01
   2.0000000e+00  -1.1801479e+00   1.0395155e+00   4.5907583e-01  -2.9330362e+00  -9.5937555e-01  -6.2007610e-01
   2.0000000e+00  -9.8987187e-01   1.5044680e+00  -1.0641712e+00  -1.4082933e+00   1.4977779e+00  -1.3985357e-01
   2.0000000e+00   1.1630341e+00   6.8641316e-01  -6.5158750e-01   1.2091763e+00   2.2074441e-01   1.7650737e+00
   2.0000000e+00  -8.5051617e-01  -2.1416799e+00  -3.8201189e-01  -1.7185041e+00  -1.1886313e+00  -2.9228611e-02
   2.0000000e+00   1.9267165e+00  -1.1713786e+00   2.5859631e-01   1.0525394e+00  -1.9345585e-01   1.0708920e-01
   2.0000000e+00   5.6533391e-01   2.5336960e-01  -6.6342714e-02   3.1439080e-01  -1.3655268e+00   1.3897630e+00
   2.0000000e+00   7.5147842e-01  -5.4027463e-01  -1.4990687e+00  -5.3982188e-01  -1.2276683e+00   1.8221306e+00
   2.0000000e+00  -2.7846089e-01  -8.2824290e-01  -1.4935228e+00   2.9202468e-01  -7.4827462e-01   1.3076904e+00
   2.0000000e+00   1.1076105e+00   2.4967009e-01  -7.1155437e-02  -1.9190782e+00   3.0597205e-01  -8.7996213e-01
   1.0000000e+00  -1.2962970e+00   1.1189503e+00   3.0974423e-01   2.4718360e-01  -2.7840500e+00  -5.2961957e-01
   2.0000000e+00  -3.1245843e-01   1.2096873e-01   3.5410678e-01  -1.0083790e+00  -3.6673534e-01   3.3845252e-01
   2.0000000e+00   1.7830317e-01  -9.2770018e-02  -1.2032668e+00  -9.0772772e-02   3.6254203e-01  -1.6208443e+00
   2.0000000e+00   5.1570730e-01  -5.9072232e-01  -7.9118281e-01   2.1800099e-01   1.0714878e+00  -2.8842803e-01
   2.0000000e+00  -2.5053574e-02   2.2754460e-01  -4.9901580e-01  -1.4541831e+00   4.6401982e-01   1.4736011e+00
   2.0000000e+00   2.2116769e-01  -3.9473656e-01  -2.0527976e-01  -1.0380281e+00  -1.7333360e-01   7.5803406e-01
   2.0000000e+00   1.8167722e-01   4.8769025e-01   8.9435033e-01  -5.9573299e-01   9.3686640e-01  -1.5420194e+00
   2.0000000e+00   9.6327838e-01   4.2670822e-01   1.8170235e+00   9.9803629e-01   1.2343258e+00  -8.1989184e-01
   2.0000000e+00  -1.1453775e+00  -2.1212604e+00   1.4090525e+00  -5.6314454e-01  -1.9786092e-01  -1.9842999e-01
   2.0000000e+00  -8.8653126e-01  -1.6264076e+00   1.1644418e+00   1.2291837e+00  -6.1388019e-01   1.5200905e+00
   1.0000000e+00   1.3688512e+00   8.4052964e-01   3.6679339e-01   5.7078792e-01   1.6980811e+00   8.8035067e-01
   2.0000000e+00  -1.2432336e-01  -2.8106021e-02  -1.2539602e+00  -9.9432094e-01   9.6760710e-02  -3.4029194e-01
   1.0000000e+00   3.4535930e-01  -6.4770546e-01   2.5439686e-01   2.0393024e-01   2.1481804e+00  -4.8530952e-02
   2.0000000e+00   2.7892680e-01  -4.6403197e-01   8.8594073e-01   1.5436510e+00  -1.4648079e+00  -6.7446952e-01
   2.0000000e+00   2.2046093e+00  -1.9381130e+00   3.3621482e-01   9.5239833e-01   6.0297427e-01  -4.5469461e-01
   2.0000000e+00   3.1461309e-01  -7.8440066e-01  -6.6484136e-01  -2.6915426e-01  -1.8057549e+00  -7.0053248e-01
   2.0000000e+00   1.1094563e+00  -3.8612873e-01  -1.7683329e+00   9.6049204e-01   5.0438143e-01   4.1478241e-01
   2.0000000e+00  -4.0918431e-01  -1.5635477e+00   5.7268104e-01  -1.2242119e+00   4.1772314e-01   1.8630259e+00
   1.0000000e+00  -9.2800931e-01   4.4055370e-01   2.2004687e-01   6.6099298e-01  -2.5392387e-01  -7.9175653e-01
   1.0000000e+00  -1.7501377e+00  -5.6167145e-02   3.9539783e-02  -3.6392466e-01  -7.0141889e-02   4.5764151e-01
   2.0000000e+00   5.1433874e-01   9.0041310e-02   3.4269818e-01  -1.2411129e+00  -1.0727099e+00  -4.8368702e-01
   2.0000000e+00   1.1419329e+00   2.5188005e+00   5.7722682e-01  -1.6087856e+00  -2.8158482e+00  -1.7601576e-01
   2.0000000e+00   1.9540050e+00  -1.3994651e-01   2.6854413e+00   2.8548231e-01   2.1378061e+00   1.6345355e+00
   1.0000000e+00  -1.9703858e+00   1.0115631e-01   3.8739603e-01   2.7007859e-01  -2.2627037e-01  -9.9147911e-02
   2.0000000e+00  -5.0312138e-01   7.0567392e-01  -9.0881744e-01   6.9443577e-02  -6.3281526e-02   7.9659604e-02
   1.0000000e+00  -1.2833924e+00  -7.3534075e-01   4.7542469e-02   3.4936927e-01  -7.4990464e-01  -1.7498583e+00
   2.0000000e+00   7.5001878e-02   8.4012497e-01   9.3930096e-01  -1.3035869e+00  -6.0309579e-01   5.0298852e-01
   2.0000000e+00   3.8840427e-01   3.0754553e-01  -6.3909385e-01   1.4034249e+00  -1.7442491e-01  -2.6442266e-01
   2.0000000e+00  -2.8013003e-01   6.3889199e-01  -1.4607795e+00  -1.8888884e+00   1.1696003e-01  -2.9839366e-01
   2.0000000e+00  -2.7434048e-01   3.0079717e-01  -7.3032467e-01  -1.7770364e+00  -8.2267433e-01   1.9687024e-01
   2.0000000e+00   9.3878247e-01  -2.5402802e+00  -4.2827890e-01  -7.8680120e-01   7.0044320e-01  -1.0259743e+00
   1.0000000e+00   3.3677655e-02  -4.2081601e-01   5.7253549e-01   1.1389579e-01   5.8178411e-01   1.2074403e+00
   2.0000000e+00  -1.7036412e+00   1.9147731e+00   6.9201682e-01   1.0622138e+00   3.1804561e-01  -7.4562850e-01
   2.0000000e+00   9.2449203e-01   8.7147504e-01  -7.7056314e-01   3.0334418e-01  -7.3405698e-01   1.3439892e-02
   2.0000000e+00   1.2467625e+00   9.0704455e-01  -5.0634279e-01  -7.2352646e-01   1.1213988e+00  -5.1526238e-01
   2.0000000e+00   6.0176505e-01   8.5737846e-01   2.1337340e-01   1.1472054e+00  -8.2017130e-01   5.9915728e-02
   2.0000000e+00  -1.2101650e+00  -1.0321927e+00  -3.1546563e-01  -4.4852621e-01   5.3553830e-01   1.0554237e+00
   2.0000000e+00   7.9900791e-01   2.5969440e+00  -9.0680183e-01   1.3070855e+00  -6.7476445e-01   1.1391980e-01
   2.0000000e+00   6.6127286e-02  -4.7718294e-01  -7.2151895e-01   6.0371201e-01   4.7419707e-01   5.8394583e-01
   2.0000000e+00   3.9434473e-03   8.8192496e-01  -1.6219243e+00  -1.0766396e-01  -6.1268398e-01  -1.0862885e+00
   2.0000000e+00  -6.5408122e-01   9.2987426e-01   1.2202996e+00  -1.1521428e+00  -9.3562013e-01   1.2856613e+00
   2.0000000e+00   6.0726694e-01   7.8956100e-01  -4.9791607e-01   4.4652657e-01  -3.4545177e-01   4.9761034e-01
   2.0000000e+00   3.7550753e-01  -9.8010734e-01  -1.0349480e+00  -8.8160142e-01   1.1312598e+00   9.5339684e-01
   2.0000000e+00  -6.6224088e-01  -1.1818816e-03   1.4406084e+00   6.1045760e-01   3.3064772e-01   2.1856087e+00
   2.0000000e+00   5.1602337e-01   1.2378260e+00  -1.2136079e-01   1.4835602e+00   2.6828633e-01  -2.1777682e-01
   2.0000000e+00   9.0094359e-01   1.5245672e-01  -5.9592955e-01   1.4373837e-01   1.4197757e+00  -3.9490407e-01
   2.0000000e+00  -7.1707103e-01  -1.8294804e-01  -1.2170434e-01   8.3705310e-01   9.1116716e-01  -3.0997684e-01
   2.0000000e+00  -2.1651945e+00  -1.6975829e+00  -9.5569633e-02  -5.7844111e-01   9.8871483e-02  -4.9459097e-01
   1.0000000e+00   1.5819836e+00   6.8675208e-02   7.4712269e-01  -1.6167872e-01  -8.0347477e-01   8.8321234e-01
   2.0000000e+00  -1.8738305e+00  -2.0049940e+00   1.1872366e+00  -1.7391677e+00  -2.9114074e-01  -9.0394568e-01
   2.0000000e+00   1.0805219e+00   1.2618403e+00  -1.5976713e+00   1.9837655e+00  -2.4231673e-01  -5.2254245e-01
   2.0000000e+00  -4.8180758e-01   1.4335835e+00  -7.2647203e-01   7.1255209e-01  -1.0127333e+00  -9.4037434e-01
   2.0000000e+00   2.0299635e+00   3.5116702e-01  -2.2711936e+00   1.4882093e+00  -1.5782971e+00  -1.3994007e+00
   2.0000000e+00   1.3838543e+00   7.5553888e-01  -2.1722367e+00  -7.4823516e-02  -1.2556238e+00   2.1388751e+00
   2.0000000e+00   2.0170295e+00  -1.0637084e+00  -1.2424447e+00  -5.0933514e-03  -6.2462191e-01  -1.4908778e+00
   1.0000000e+00   1.1223502e+00   5.4687375e-01   9.6049165e-02   7.1245260e-01  -1.4046388e+00  -3.7908890e-01
   2.0000000e+00  -8.4946847e-01  -1.6813860e+00   1.3381689e+00  -6.0494286e-01   3.0868508e-01   1.8054911e-01
   2.0000000e+00  -3.6382214e-01   2.5358016e-01   1.3329153e-01  -1.3187189e+00  -1.1037028e+00   8.3864515e-01
   1.0000000e+00   1.6205146e+00   1.9457745e+00   6.5687032e-01   3.2160018e-01   2.2980023e+00  -2.4738266e-02
   2.0000000e+00  -9.4392069e-01   9.9143906e-03  -7.8640700e-01   5.5881862e-01   4.0499290e-01  -1.0015632e-01
   2.0000000e+00  -3.3872674e-01   1.3482719e+00  -1.4204348e+00   6.3502608e-01   1.3355427e+00  -2.1005738e+00
   1.0000000e+00  -8.2931082e-01  -8.6804527e-01   6.5048315e-01   2.6086617e-01   7.1868810e-02  -1.9960116e-01
   2.0000000e+00  -3.8972111e-01   1.8074314e+00   8.8532323e-01  -5.2103881e-01  -2.1330425e-01  -1.2098664e+00
   2.0000000e+00   6.5959226e-01  -4.9700672e-01  -3.5761743e-01   3.5421474e-01  -4.5374932e-01   6.7722655e-01
   2.0000000e+00  -2.3851789e-01  -2.4566169e-01   1.5644564e+00   9.6161037e-01   5.0433207e-01   8.9235593e-02
   2.0000000e+00   1.8621838e+00  -1.0243110e-01  -8.1325952e-01   1.2540307e+00  -1.4074872e+00   3.7571335e-01
   2.0000000e+00   6.6998967e-02  -2.1335808e-01   1.9891810e+00  -1.3819428e-01   9.4490879e-02  -9.8907991e-01
   2.0000000e+00  -1.2206612e+00  -4.3766100e-01   8.4653666e-01  -1.4281450e+00   1.4175325e+00  -2.1054967e-01
   2.0000000e+00  -3.6962387e-01  -1.0927771e+00  -9.7565503e-01  -3.0196166e-01  -4.5822345e-01  -1.1633312e+00
   2.0000000e+00  -8.9322320e-01   2.0792188e+00  -1.3161005e+00   1.2365375e+00  -3.5299650e-01  -1.7648844e-01
   2.0000000e+00   4.5588265e-01  -1.2447488e+00   1.5784265e+00   1.4427468e+00  -2.0331383e-01  -3.0732893e-01
   2.0000000e+00   1.1719920e+00  -2.6994766e-01   1.1708255e+00  -1.6972516e-01   6.1098622e-02   4.1129597e-01
   2.0000000e+00  -2.8102935e-01  -6.8923256e-01   7.6674030e-01  -1.3854683e+00   1.0805340e+00  -4.4565768e-01
   2.0000000e+00   4.1830856e-01   6.7108103e-01  -6.7442751e-01   2.6760780e-02  -1.1150918e+00  -5.6530724e-01
   1.0000000e+00  -9.1649743e-01   7.4088880e-01   4.7791787e-01  -8.2433567e-02   1.1860470e+00  -9.3907491e-01
   2.0000000e+00  -8.9823625e-01  -9.3089080e-01   1.3273726e+00  -1.1593979e-01   9.0885625e-01   9.4513347e-01
   2.0000000e+00   5.5030850e-01  -6.4545640e-01  -7.2684888e-01   1.1892891e+00   2.6708626e+00   7.5890957e-01
   2.0000000e+00  -1.1014057e+00  -6.7189658e-02   1.8063177e+00  -1.2592203e+00   4.4357952e-01   5.0488142e-01
   2.0000000e+00   4.2114573e-02   5.8711480e-01  -5.3775773e-01   8.2399703e-02  -1.6520296e+00   1.2116662e+00
   2.0000000e+00  -5.0146028e-01   1.9203049e-01  -1.0127034e+00   6.7588219e-01  -5.1019395e-01  -1.8946263e+00
   2.0000000e+00   9.0590363e-01   1.1014598e+00  -5.1095775e-01   4.0124648e-01   6.2640339e-01  -1.2795227e+00
   2.0000000e+00   4.3311918e-01  -5.3668759e-01   3.7600638e-01   1.2115572e+00   5.3870968e-01   1.0588428e+00
   2.0000000e+00  -1.9841290e-02  -4.0583160e-01  -6.3525274e-01   1.7826885e+00   1.5227246e+00  -6.8524349e-01
   2.0000000e+00   1.0756516e+00  -6.3556382e-01  -2.1086649e-02  -9.4209043e-01   1.1697751e+00  -3.0004929e+00
   2.0000000e+00   3.6518894e-02  -1.6500206e-01  -5.8953689e-01  -1.1941165e+00  -1.2303137e+00  -1.5959686e+00
   2.0000000e+00  -6.3342820e-01   4.3988134e-01  -1.3173811e+00   1.1198114e+00   5.9818962e-01  -4.3196077e-01
   2.0000000e+00   8.0030858e-01  -1.5036807e+00   1.0944124e+00  -5.8177359e-01  -1.0451155e+00   5.8377906e-01
   1.0000000e+00  -1.3188623e-02   1.6344832e-01   2.8738155e-01   6.2933024e-01  -1.9597703e-01  -2.8204327e-01
   2.0000000e+00   5.8170027e-01   7.1740055e-01  -8.5022758e-01   5.6078431e-02  -5.6902416e-01   3.5173218e-01
   1.0000000e+00   1.7504755e+00   1.2480013e+00   2.6090085e-01  -4.1021608e-01  -2.8213741e-01  -1.5240403e+00
   2.0000000e+00  -8.2433113e-01   1.5613739e+00  -6.7929906e-01  -1.2240917e+00   1.1868087e+00   7.1847854e-01
   1.0000000e+00  -1.2212401e+00  -3.8888319e-01   7.5869062e-03   6.8439142e-01   1.0220899e+00   8.4090282e-01
   2.0000000e+00   1.9441093e+00  -5.4558101e-01   7.6659338e-01  -7.7202161e-01  -1.0953852e+00   8.6931261e-01
   2.0000000e+00  -1.6749468e+00  -4.8750776e-01   1.0309861e+00  -2.1037212e-01  -1.5048358e+00  -6.7018395e-01
   2.0000000e+00   8.0976948e-01  -1.5662087e-01   3.1352568e-01   1.5843509e+00   1.1792856e+00  -1.0539210e+00
   2.0000000e+00   5.8272174e-01   1.1826973e+00   1.1649453e-01   2.6207780e+00  -1.0543109e+00   1.4492292e+00
   2.0000000e+00   4.3907425e-01  -1.9582649e+00  -4.5031006e-01  -5.7707971e-01   7.4905248e-03  -1.2380008e+00
   2.0000000e+00  -2.0490975e-01  -4.5450037e-01  -7.9434364e-01   1.0389236e+00  -1.6834446e+00   3.5762975e-01
   2.0000000e+00  -3.9019686e-01  -9.1272913e-01   9.3894793e-01  -6.4333035e-01   1.1386078e+00  -9.7118288e-01
   2.0000000e+00   5.7552339e-01  -1.0371296e+00   1.9747641e+00  -1.5801238e+00   7.1743376e-01   8.3268304e-01
   1.0000000e+00   6.2328229e-01  -4.1635556e-01   3.1454752e-01  -1.3720883e-01   1.7155934e-01  -7.3883478e-01
   2.0000000e+00   7.4061201e-01  -1.3013519e+00  -4.7510358e-01  -1.4655755e+00  -3.7970473e-01   1.1132422e+00
   2.0000000e+00  -1.4137460e+00  -8.5209095e-01   1.6616401e+00  -8.5913504e-01   1.8839249e+00   1.9430370e-01
   2.0000000e+00  -1.2489709e+00  -7.6048289e-01   9.0678843e-01  -1.6098233e+00   7.6030898e-01  -4.8256751e-01
   2.0000000e+00  -7.9621854e-01  -5.2605256e-01   1.4824098e+00   7.1215287e-01   4.5781325e-01  -1.8788775e+00
   2.0000000e+00   1.3527344e+00  -7.1678603e-02   2.1542615e-01   1.3692406e+00  -1.7386337e-01   1.9688102e+00
   2.0000000e+00  -1.3502578e-01   1.5583028e+00   1.4079755e+00  -2.5512886e-02  -9.3664088e-01  -4.0112419e-01
   2.0000000e+00   3.6792774e-01  -2.3943159e-02  -1.3009445e-01   1.0828951e+00  -2.2667215e+00   3.0093574e-01
   2.0000000e+00  -2.3855019e+00  -2.1417342e+00  -5.6080704e-01   1.8493465e+00  -1.5750154e-01  -9.4474957e-01
   2.0000000e+00  -2.4915505e-01   1.2582584e+00  -1.0974736e+00  -8.4680870e-01   8.6311770e-01  -8.1721888e-01
   2.0000000e+00   5.9614509e-01  -1.5716634e-01   1.0011571e+00  -1.0141694e-01   3.9599516e-01  -4.3214129e-01
   2.0000000e+00   9.6342578e-02   1.4920074e-02  -8.0782412e-01  -3.9630761e-01  -1.0852343e+00   1.1850258e-01
   2.0000000e+00  -4.9121764e-01   8.2333232e-01  -2.6577484e-01   6.4390502e-01   1.0772001e-01   1.5180648e-01
   2.0000000e+00   1.2715980e+00  -1.4493820e+00   1.7713223e-01   1.3481885e+00  -1.9766041e-01   8.7685565e-01
   2.0000000e+00   3.7916056e-01  -1.0263866e+00   8.3617496e-01  -1.1161592e+00   2.7576430e-01  -1.1962965e+00
   1.0000000e+00   9.9331688e-01   4.5818229e-01   3.4014916e-01  -8.4546387e-01  -1.1281112e+00   1.1719077e+00
   2.0000000e+00   6.1877315e-01  -2.8616350e-01  -9.2014373e-01  -1.1137464e+00   1.0377731e+00  -1.3848964e+00
   2.0000000e+00   1.2688120e+00  -2.3086234e+00   1.0838380e+00  -2.1610137e+00   6.1344648e-01  -1.1033425e+00
   2.0000000e+00  -1.8891538e+00  -7.6210118e-01  -1.3851483e+00   1.7914470e+00  -3.9060947e-01   3.8128285e-01
   2.0000000e+00  -7.6356846e-01   2.9488205e-01  -3.0394087e-01  -5.9780756e-01  -5.9641460e-01  -4.0102030e-01
   2.0000000e+00   1.3322885e+00   3.7793396e-02  -1.1277513e+00   5.9102833e-01   1.0747439e+00  -7.6706960e-01
   1.0000000e+00  -6.9963432e-01  -1.5083948e+00   3.4520642e-01  -6.7768252e-01  -1.6085341e-01  -9.2287644e-01
   2.0000000e+00   6.0383091e-01  -5.2202299e-01  -5.0105009e-01   2.3954338e-02   5.2166430e-01   1.8538724e-02
   2.0000000e+00   1.0779858e+00   8.1658942e-01  -5.9070703e-01  -1.8799141e+00  -1.2339469e+00   1.2020453e+00
   2.0000000e+00  -6.6286995e-01   1.4344812e+00  -2.4270103e-01  -6.7794402e-01  -1.1383523e+00  -1.3315825e+00
   1.0000000e+00   7.8189906e-01  -6.6049263e-01   1.6546493e-01   8.4725205e-01   9.8811224e-01   1.8301186e-01
   2.0000000e+00  -8.3167042e-01   3.4544182e-02  -5.1575623e-01  -6.3588692e-02   5.1846071e-01   1.4404588e+00
   2.0000000e+00   8.6405704e-01   1.9402811e-02  -3.2632978e-01  -1.5523887e+00  -9.6910547e-01   5.9389571e-01
   2.0000000e+00  -3.0293103e-01  -1.3487798e+00  -1.3951687e-01  -7.9566996e-01  -6.8874423e-01  -1.5469861e+00
   2.0000000e+00  -6.4618746e-01   5.4109835e-01  -1.1767239e+00   3.5676827e-01  -1.4239358e+00  -1.6208833e+00
   1.0000000e+00   9.7939511e-01  -4.6793166e-02   5.7974723e-01  -8.0712403e-01   3.8163549e-01  -2.9177255e-01
   2.0000000e+00  -1.6207747e-01  -6.0030276e-01  -1.7823598e+00   9.0608868e-02  -1.7234900e+00   1.1596543e+00
   2.0000000e+00  -2.1197026e-01   9.7535281e-01  -8.5757323e-02  -3.6674577e-01   2.5813481e-01   7.5461001e-01
   2.0000000e+00   1.0395471e+00  -2.6900953e+00  -6.7545957e-01  -3.7262219e-01  -1.4228545e+00   7.3725966e-01
   2.0000000e+00   3.4541416e-01  -1.4471715e+00   8.0577666e-01  -7.9275039e-01   4.2138710e-01  -1.9608218e+00
   2.0000000e+00   1.4056425e+00   1.4811755e+00   3.9167462e-01   1.0515119e+00   1.1181262e-01   5.9663012e-01
   2.0000000e+00  -6.9259758e-01   1.0824908e-01  -3.1065205e-01  -8.2955068e-01   3.1102073e-01  -5.4891293e-01
   1.0000000e+00   3.5062860e-01   5.3240302e-01   5.4559529e-01  -3.5626630e-01  -5.8927036e-02   1.0420025e+00
   2.0000000e+00  -2.3524306e-01   1.0745796e+00   1.3115559e+00  -4.0188893e-01  -4.7904408e-01   6.1619069e-01
   2.0000000e+00  -4.5821997e-01  -2.3505956e+00   1.6388367e+00  -1.0013843e+00  -1.0438882e+00  -1.3249861e+00
   2.0000000e+00   2.2568548e+00  -8.2633357e-01   1.5617618e+00  -8.6582036e-02   1.8317955e+00   2.7835006e-01
   2.0000000e+00   7.8835861e-01  -7.4985952e-01  -2.3318725e-01  -1.9319474e-01   3.3641315e-01   6.5412843e-01
   2.0000000e+00   2.8557022e-01   4.0269285e-02  -8.9091888e-01   5.0485563e-01   1.1145154e+00   5.7810496e-01
   1.0000000e+00   1.1114165e-01   7.9101839e-01   5.8435186e-01   7.8708892e-01  -9.5223808e-01   1.0640273e+00
   2.0000000e+00  -8.4410418e-01   5.1853231e-01   8.7101298e-01   6.0483342e-01   1.7034098e-01  -3.9052520e-01
   2.0000000e+00  -1.4776587e+00   5.7788338e-01   1.5687982e+00  -2.0120630e+00   1.4660886e+00  -4.4915238e-01
   2.0000000e+00  -2.4027285e-01   9.3448295e-01  -5.0850761e-01  -8.8145046e-01   4.5625736e-01  -6.3757705e-01
   2.0000000e+00   1.1133623e+00   1.6196594e+00   7.9949260e-01   3.0502246e-01  -2.1446828e-01  -2.1006209e+00
   2.0000000e+00   1.0694107e+00   7.8748343e-01   6.1655488e-01   1.1241149e+00   3.9503395e-01   1.4925866e-01
   1.0000000e+00  -5.5569934e-01   4.1221998e-01   7.3540134e-01   6.5290431e-01  -3.1433691e-01  -6.7698538e-02
   2.0000000e+00  -1.1160939e+00  -6.2130689e-01  -3.7072970e-01  -6.4501537e-01  -1.7048477e+00  -4.7429568e-01
   2.0000000e+00  -7.4436454e-01  -3.3939346e-01   8.9694954e-01   7.1837147e-01   1.1306042e-01  -9.4429107e-01
   2.0000000e+00   9.6391781e-01   5.8925778e-01  -1.5810565e-01   6.4217581e-01   1.3356424e+00   1.2882961e+00
   2.0000000e+00   1.6114388e+00   5.7158774e-01  -3.1793740e-01   1.6875876e-01   6.5196138e-02   3.9047114e-01
   2.0000000e+00  -4.0131193e-01  -1.7894284e+00  -4.0905408e-01   9.7932270e-01  -3.5510939e-01   1.2927349e+00
   1.0000000e+00   1.5586278e-01  -3.4836181e-02   4.7516774e-01   3.3569640e-01   1.2349142e+00   7.8818069e-01
   2.0000000e+00   9.8991525e-01   4.7784022e-01   1.8277339e+00  -1.2534283e+00  -2.8212726e-01   3.9775806e-01
   2.0000000e+00   1.5339918e+00   2.3756063e-01  -3.4316546e-01  -6.1505454e-01   7.9768126e-01   1.5068897e+00
   2.0000000e+00  -1.1939953e-01  -1.2339349e+00  -1.8618174e-01   1.1120157e+00   4.8551767e-01   9.4202752e-01
   2.0000000e+00   1.6586860e-01  -1.9020858e+00  -1.7399053e+00  -1.7398671e-01  -1.1389301e+00  -1.4761612e-01
   2.0000000e+00  -1.7115279e-01   1.4493078e+00   4.2150319e-01   9.9626181e-01  -1.0510265e+00  -2.0449687e-01
   1.0000000e+00   1.1453811e+00  -1.7188570e+00   6.4326399e-01   1.7717063e-01   9.5534758e-01   1.3156868e+00
   1.0000000e+00   1.9362480e+00   1.5901927e+00   9.3187132e-01   3.1665755e-02   7.8586659e-01   3.6604363e-02
   2.0000000e+00   1.3007467e-01   1.3564709e+00  -6.0733178e-01   6.8724527e-01   1.7351622e+00   6.1313720e-01
   2.0000000e+00   1.3222204e+00  -2.1029985e-01  -3.4181350e-01   2.8283358e-01  -1.6390237e+00  -1.0891308e+00
   2.0000000e+00  -1.7492907e+00  -3.9048775e-01  -8.5034879e-01   1.8398235e-01   9.0071084e-01  -3.5969938e-01
   2.0000000e+00  -2.8838522e-01  -1.1221780e-01   1.0433787e+00   4.2883857e-01  -2.4752805e-01   9.2091718e-01
   1.0000000e+00   8.3023475e-01   2.4229456e-01   4.2899593e-01  -3.5392164e-01  -1.6204565e-01   3.6110372e-02
   1.0000000e+00   1.7120677e-01  -6.9028220e-01   1.3464563e-01   1.3540086e-01  -1.0652145e+00  -1.1157456e-01
   2.0000000e+00  -2.0630222e+00  -9.6891972e-01  -1.7875457e+00  -2.5249394e-01   3.0049106e-01   1.4762595e+00
   2.0000000e+00  -1.5459045e+00  -1.7315574e+00  -8.7760047e-01   9.1728869e-01   3.3008764e-01  -2.3722003e+00
   2.0000000e+00  -6.8173256e-01  -2.3298839e-02  -2.5489086e-04   5.8183194e-01  -1.2188479e-01   1.2246392e+00
   1.0000000e+00   1.1058164e+00  -1.0557064e+00   6.3743180e-02  -7.2337990e-01   7.8299310e-02   1.7442225e-01
   2.0000000e+00  -1.1389858e+00   6.2746859e-02  -1.9909469e+00  -2.6532016e-01  -1.5388487e-02  -3.4569315e-01
   2.0000000e+00   2.0749338e-01   3.3245253e-01   9.7406959e-01   1.0325492e+00  -5.3541255e-01   1.6860186e+00
   1.0000000e+00   1.0447735e+00  -5.7713217e-01   1.9117577e-01  -1.3402127e-01  -2.7683650e-01   5.4371992e-01
   2.0000000e+00   2.4731613e-01   5.7330397e-01  -9.9490087e-01   6.0272679e-01   4.4059540e-01   5.0750991e-02
   2.0000000e+00   1.9887174e-01   1.0355844e+00  -5.8228439e-01   6.9799597e-02   3.1120046e-01  -1.0376670e+00
   2.0000000e+00  -7.7591247e-01  -5.3536834e-01   6.6617613e-01   1.2626612e+00  -3.3252017e-01  -1.6102049e+00
   2.0000000e+00  -5.0769203e-01  -4.7537826e-01  -8.9059411e-01   2.6926766e-01   9.0622959e-01   5.8643053e-01
   2.0000000e+00  -1.2383183e+00   3.7422345e-01   1.8006807e+00  -3.7438853e-01   1.1611010e+00   1.8588187e+00
   2.0000000e+00  -8.7351817e-02   1.0984209e-01  -3.5890854e-01   2.9812049e-02   8.7321410e-01   5.6143544e-01
   2.0000000e+00   2.0547037e-01   7.2164674e-01   3.0801613e-01   1.8069249e+00   2.0166760e+00   3.9098302e-01
   1.0000000e+00  -3.9734729e-01   2.4131736e+00   5.9813528e-01  -9.3792142e-02  -2.6947245e-01   5.5726245e-01
   2.0000000e+00  -5.8900768e-01   1.0391535e-03  -1.1396373e+00  -3.7296466e-01  -2.4085127e-01  -1.2037570e+00
   1.0000000e+00  -2.2321632e-01  -9.2360080e-02   1.8237348e-01  -6.9008586e-03  -8.4391397e-01  -1.8524241e+00
   2.0000000e+00   2.4564197e-01   3.8603425e-01  -5.9280323e-01  -1.1548954e+00   4.9991371e-01  -2.0083017e-01
   2.0000000e+00   1.4940435e-02  -1.2224214e+00  -1.4498752e+00  -1.8395880e+00   1.3519657e-01   1.2707062e+00
   2.0000000e+00  -1.5386986e-02  -4.8889625e-01  -3.5508769e-01  -5.6886439e-01  -6.8483245e-01  -3.2306738e-01
   2.0000000e+00  -1.3567038e+00   1.0478070e+00   1.3923026e+00  -2.2094775e-01  -4.4797308e-01   2.3435723e-01
   2.0000000e+00  -6.0935264e-01  -1.1821508e+00   7.5663101e-01   2.5910939e+00  -9.0180329e-01  -1.9894082e+00
   2.0000000e+00  -1.5274396e-01  -6.1353058e-02  -3.5368420e-01  -1.6631030e+00   1.5129569e+00   1.3895754e+00
   2.0000000e+00  -7.4806889e-01   6.8641753e-01  -5.8064110e-01  -4.9325595e-01   9.1820623e-02   7.7254342e-01
   2.0000000e+00   9.3478189e-01  -7.8880226e-01   1.4367995e-01  -1.8020428e+00  -8.3593649e-01  -9.1012951e-02
   2.0000000e+00   7.8638037e-01  -9.0794655e-02  -7.8516194e-01  -9.3618951e-01   6.8847004e-01  -6.4192806e-01
   2.0000000e+00  -1.1215961e+00  -3.5418618e-01  -1.4285789e-01  -5.0439674e-01   1.7307259e+00  -2.7762458e-01
   2.0000000e+00   1.7491619e+00   1.3348655e+00  -1.4945855e-01   4.7060679e-01  -1.6746944e+00  -1.9379674e+00
   2.0000000e+00  -6.1961937e-01   1.6882300e+00  -2.0689582e-01  -8.0487615e-01  -6.8691388e-01  -2.3043166e-01
   2.0000000e+00   1.0177780e+00   1.6564522e+00  -4.0812080e-01   1.7045031e+00  -1.7397566e+00   1.8725859e+00
   1.0000000e+00  -3.9881932e-01   1.3138836e+00   1.5022207e-01  -7.1506428e-01  -1.5272577e-01   1.1297199e+00
   1.0000000e+00  -1.4473154e+00  -8.6775754e-01   4.7313815e-01   3.2530464e-01   2.8096970e+00   2.2293316e-01
   2.0000000e+00   7.9335477e-01  -2.0009483e+00   1.7553457e+00  -1.6941050e-01  -6.0043549e-01  -1.4144526e+00
   2.0000000e+00   1.2599840e+00  -3.9510183e-01  -4.0700800e-01   3.9613324e-01   1.9820897e+00   1.7394981e+00
   2.0000000e+00  -1.8334457e-02  -3.4202446e-01   1.0013859e+00   7.9185514e-01  -7.0859196e-01   8.1647728e-02
   2.0000000e+00  -1.9542275e+00   3.4187814e-01   5.6474234e-01  -1.6854638e+00   1.1356682e-01   5.2554203e-01
   2.0000000e+00  -1.5243236e-02   1.9418737e-01  -5.7430170e-01   6.6595905e-01  -3.1289389e-01  -8.8558582e-01
   2.0000000e+00   6.7333185e-02   2.0435234e-01   1.5141624e+00   8.8903284e-01   1.9453671e+00   2.0051742e+00
   2.0000000e+00   1.0478412e+00  -2.3501118e+00  -5.1899346e-01  -8.0372004e-01  -4.5413328e-01  -1.7967494e-01
   2.0000000e+00   9.6996246e-01   9.0636465e-01   1.7513340e+00   2.8482113e-01  -5.0278551e-01   2.6425374e-01
   2.0000000e+00  -2.3609069e-02  -9.2932959e-01   1.0959053e+00  -8.7135296e-01  -9.4242931e-03  -1.2511923e+00
   2.0000000e+00  -1.0918483e-01   3.4279222e+00  -1.6504727e-02   5.7447213e-01   4.7151647e-01   1.5731171e+00
   2.0000000e+00   8.8621525e-03   9.0193325e-01  -2.7532763e-01  -1.9703043e-01   6.4536038e-01   1.4918614e-01
   2.0000000e+00  -1.1981310e+00   3.3455233e-01   1.3284057e+00   1.0971235e+00   1.0060578e+00  -4.7822923e-01
   2.0000000e+00  -1.5378077e+00   1.0775366e+00   4.6072459e-01   9.0252476e-01   1.4094938e+00  -1.7788794e+00
   2.0000000e+00   3.4931168e-01  -7.7082922e-01  -1.4212735e+00  -6.9835906e-01  -2.4030616e-01  -7.7951411e-01
   2.0000000e+00  -2.0491655e-01  -6.6602412e-01   3.9315547e-01   1.2107023e+00  -1.1881103e-01   7.9262176e-01
   2.0000000e+00   2.6252703e-01  -1.4252846e-02   1.5119467e-01   1.3191935e+00   5.4346565e-01   1.4913319e+00
   2.0000000e+00  -3.3476704e-01  -1.2822215e+00   1.0630942e+00  -1.3335288e+00   2.0949405e+00   1.6950172e+00
   2.0000000e+00  -7.4143646e-01  -3.4828188e-01   1.0290742e+00  -3.5284581e-01   2.3192767e-02   4.8187222e-01
   2.0000000e+00  -3.9106899e-03   1.6127642e+00  -3.9870572e-01   1.0069386e+00  -2.1533749e+00   9.8805090e-01
   2.0000000e+00  -3.7886551e-01   1.6306479e+00  -1.1619399e+00  -3.0022485e-01   2.0143767e+00   1.2152354e+00
   2.0000000e+00  -1.0479550e+00  -9.3572887e-01  -1.7969860e+00  -2.0902470e-01  -8.3616011e-02  -8.1499754e-01
   2.0000000e+00   1.4149608e+00   4.6027400e-01  -1.7096561e-01   5.3528252e-01  -1.0106165e-01  -8.2127330e-01
   2.0000000e+00   4.6422122e-03  -1.8792608e-01   8.7818611e-01   3.5886475e+00   5.6437525e-01  -1.9877395e-01
   2.0000000e+00   2.6665245e-02  -6.5788029e-01   2.8946479e-01   1.1762016e+00  -4.6005729e-01  -1.3606348e+00
   2.0000000e+00  -4.0106186e-01  -2.1154587e+00   7.6449855e-01   2.9364998e-01   1.7985627e+00   2.5627392e+00
   2.0000000e+00  -2.5156310e-01  -5.1717904e-01  -2.0293554e+00   2.4369205e-01  -8.7907216e-02  -2.4974573e-01
   1.0000000e+00   3.9332584e-01  -1.5276384e+00   3.5445599e-02  -4.0754275e-01  -6.3194763e-01   3.9668739e-01
   2.0000000e+00  -9.6470393e-01  -8.9679467e-01  -1.3230456e-01  -1.3456096e+00  -1.2712918e+00   6.9934537e-01
   2.0000000e+00   6.7507789e-01  -8.0125072e-01   4.0192248e-01  -1.8215738e+00   3.0572042e-01   8.8710739e-01
   2.0000000e+00  -9.1291103e-01   1.4248439e-01   1.4694229e+00   1.3998077e+00   5.6239295e-01   1.0838788e+00
   2.0000000e+00   1.7982215e+00  -7.2178494e-01  -1.0358149e-01   4.8834426e-01  -6.5029203e-01  -4.0851491e-01
   2.0000000e+00   1.7170973e+00  -1.3829117e+00  -7.2715454e-01   1.3807621e+00  -1.1689756e+00  -2.0648025e+00
   2.0000000e+00   2.8735026e-01  -6.4551039e-01   1.5228921e+00  -1.8523640e-01  -1.8167569e-01   8.9658013e-01
   2.0000000e+00   6.2090223e-01   1.7863124e+00  -4.4727704e-01   9.8430013e-01   1.4457192e+00  -1.7387513e+00
   2.0000000e+00  -1.8120800e+00   1.2787716e-01  -2.0495404e+00  -1.0345620e+00   3.4980922e-01  -9.4523635e-01
   2.0000000e+00  -2.7587056e-01  -1.8449293e+00  -1.0392896e+00   1.8828670e+00  -1.4684411e-01   6.7545852e-01
   2.0000000e+00   4.8984750e-01   1.2999072e+00  -1.7354864e+00  -3.9241728e-01   2.2901547e-01  -1.2862754e+00
   1.0000000e+00   1.5380660e+00   6.1004591e-01   6.1531773e-01   2.8322657e-01   1.5618158e+00  -1.8939779e+00
   2.0000000e+00   9.5258355e-01  -2.5766692e-01   4.6722317e-01   9.3768447e-01   2.2585954e-01  -3.4639921e-02
   2.0000000e+00  -1.3718945e+00   3.9625945e-01  -2.4187395e-01  -1.1827653e+00  -7.5668326e-01   1.5317590e+00
   2.0000000e+00  -2.2772557e+00   1.2550448e+00   3.0600748e-01   1.8404254e+00   2.8807226e+00  -7.4011778e-01
   2.0000000e+00  -2.7065833e-01   1.4778706e+00  -5.2149458e-01   4.1216998e-02   9.5191790e-01  -5.1020762e-01
   2.0000000e+00  -9.0245714e-01  -1.9179903e+00  -3.4283265e-01   6.7580125e-01   9.0154412e-01   6.1694230e-01
   2.0000000e+00  -2.9423828e+00   3.9581258e-01  -2.5535388e-01  -1.0050196e+00   2.4842832e-01   1.4943168e+00
   2.0000000e+00   1.2136932e-02  -1.0830868e+00   1.4344063e+00   3.0492012e-01  -3.3959931e-01   9.8891702e-01
   2.0000000e+00   2.0960687e-01   3.2587266e-01   1.0329267e+00   7.4064941e-02  -5.5368271e-01  -5.2297101e-01
   2.0000000e+00  -1.6826499e-02  -1.4488191e+00  -2.1265363e-01   4.2017204e-01   5.2452762e-01   4.2775464e-01
   2.0000000e+00  -3.2859917e-01   5.6617289e-01  -9.4121144e-01  -1.3310322e+00  -4.1965795e-01  -5.8283633e-02
   1.0000000e+00   4.0239703e-02   1.1268982e+00   5.2446883e-02  -1.1208924e-01  -1.2989982e+00   1.6620132e+00
   2.0000000e+00   6.0685999e-01   1.0544518e+00   1.8082146e+00   7.6802745e-01   4.6883995e-01   1.0247923e+00
   1.0000000e+00   1.2786652e+00   7.2683413e-02   7.4840277e-02   5.1668207e-01   6.3907154e-01  -1.8006212e-01
   2.0000000e+00  -3.3661803e-01  -4.1354153e-01   9.1181786e-02  -1.7758519e+00   6.0207098e-01   4.3476784e-01
   2.0000000e+00   2.6354102e-01  -1.5208838e+00  -6.6226146e-01   2.1981083e-01  -1.4177525e+00   8.9403258e-01
   2.0000000e+00  -1.7179405e+00  -6.4098855e-01   1.0763900e+00  -1.1882713e-01  -9.7479491e-01   1.8546588e-01
   1.0000000e+00  -2.6650600e+00  -4.4815194e-01   2.5665795e-01   2.4633974e-02   6.1247695e-01  -4.8491351e-01
   2.0000000e+00  -1.0787658e+00  -4.6976942e-01   1.1508042e+00   1.1535419e+00  -2.4321725e-01  -1.6839415e-01
   2.0000000e+00   7.9279308e-02   1.4002149e+00   1.3382265e+00   2.5884883e-01  -3.3874902e-01   3.8352496e-01
   2.0000000e+00   5.5228660e-01  -3.4499428e+00   1.6594877e+00  -4.5983623e-01  -9.0193854e-02  -9.3632447e-01
   2.0000000e+00   1.5982707e+00  -1.9821650e+00   1.3951528e+00   7.5397890e-01   2.6711334e+00  -7.6901267e-01
   1.0000000e+00   9.5386904e-01   4.3465027e-01   7.5413363e-01  -1.2303662e-01  -1.9951697e+00  -5.8456628e-02
   2.0000000e+00  -4.2162634e-01   5.0933121e-01  -1.6314724e-01  -5.2375901e-01  -2.0004610e+00   1.0153546e+00
   2.0000000e+00   5.3957683e-01   4.7141966e-01  -4.0957233e-01   5.3546745e-01  -9.5735147e-01  -1.7340063e+00
   2.0000000e+00   3.0489342e-01   1.1952942e+00  -1.4177757e+00  -5.7492586e-01   2.9089407e+00   3.5231702e-01
   2.0000000e+00   1.4598060e+00   6.2776332e-01  -8.1125473e-02  -1.1507399e+00  -6.7045405e-01   6.2405080e-01
   2.0000000e+00   1.1969833e+00   4.2379258e-01  -2.1372045e-01   9.4062775e-01   8.1502044e-01  -5.0006539e-01
   1.0000000e+00   2.1184978e+00   3.2387679e+00   2.5643542e-01   6.0632199e-01  -1.1414978e+00  -7.8974572e-01
   1.0000000e+00  -5.6822558e-01  -5.6647023e-01   2.3124063e-01   3.2986612e-01  -1.3598090e+00  -2.4559550e-01
   1.0000000e+00   1.1476660e+00  -1.1704524e-01   2.6027787e-01   1.7595102e-01  -1.3056733e-02  -1.9490146e-01
   2.0000000e+00  -1.6409864e-01  -1.4427396e+00  -4.0709873e-01   3.9497410e-01  -4.8808535e-01   1.5264778e+00
   2.0000000e+00   2.0126915e-01  -1.4419355e-01  -1.7785016e-01  -1.2163074e+00   1.1988104e+00  -6.6044478e-01
   2.0000000e+00  -9.8379603e-01   1.2765145e+00  -3.6244779e-01  -1.1396079e+00   1.4175883e+00  -1.3955102e+00
   2.0000000e+00  -4.9037982e-01  -3.9417660e-01  -5.0493934e-01  -1.3605309e+00  -5.7220531e-01   6.9682098e-01
   2.0000000e+00  -7.7365874e-01   4.5607375e-01   9.9036529e-01  -1.3738206e+00  -1.0106312e+00  -2.4838786e+00
   2.0000000e+00   4.4897229e-01   1.1171847e+00   1.4920018e+00   1.3627980e+00   5.0309764e-01   1.5690210e-01
   2.0000000e+00  -8.9174357e-01  -5.4058998e-01  -9.2115489e-01   4.5164584e-02   6.2990007e-01   1.8157114e+00
   2.0000000e+00   1.5541617e+00  -1.5929503e+00   1.6594357e-01  -1.8161087e+00  -4.8514368e-01  -1.3411372e+00
   1.0000000e+00  -2.2721722e-01  -8.2875414e-01   5.1813981e-01   8.4243406e-01   1.4910009e-01   5.7217016e-01
   1.0000000e+00  -4.3557303e-01   2.5095658e-01   5.4223431e-01  -5.6376077e-01   1.7262655e-01   1.4644948e+00
   2.0000000e+00  -4.9910557e-01  -9.0796758e-01  -2.7014742e-01   4.0314184e-01  -6.6371683e-01  -1.0318044e-01
   1.0000000e+00   4.1588091e-01   5.6319667e-01   4.4444196e-01  -4.6327454e-01   4.5309585e-01   7.5854429e-01
   2.0000000e+00  -3.1142038e-01  -1.1001722e+00   2.1175021e+00   1.0269189e+00   9.0320128e-01   6.4218764e-01
   1.0000000e+00  -7.1223008e-01   9.7645272e-01   5.7992509e-01   6.4815591e-01  -1.3114908e+00   1.7379170e+00
   1.0000000e+00  -1.2066938e+00   8.4567245e-01   1.5512085e-01   7.1167262e-01   5.3386278e-01   4.4779726e-01
   1.0000000e+00   5.6206174e-02  -2.5508827e-01   6.9614753e-01  -2.8907936e-01   1.4759130e-01  -1.5344787e-01
   2.0000000e+00  -1.3436037e+00   2.7205210e+00  -7.4632712e-01  -1.6126915e+00   2.9014619e-01   8.8284461e-01
   2.0000000e+00  -1.2876580e-01  -4.6126803e-01  -3.8633956e-01  -2.3496748e-01   7.9892823e-01  -4.9966803e-01
   2.0000000e+00  -3.8960476e-02  -1.1788825e+00  -1.8632111e+00   9.8827629e-01   8.8920997e-01  -7.7675214e-01
   2.0000000e+00   4.8528928e-01  -7.2300598e-01  -1.7733428e+00   1.6201102e+00  -4.5151125e-01  -3.4152980e-01
   2.0000000e+00  -1.6676525e-01  -3.2555349e-01  -3.1191019e-01   2.6366933e+00   9.2657049e-02  -1.7727493e+00
   2.0000000e+00  -1.4135831e+00  -1.5114075e-01   4.2458819e-01  -1.5005359e+00   1.9971276e-01  -6.5280470e-01
   1.0000000e+00   7.1306455e-01   9.9116028e-01   2.3985646e-01   1.8122107e-01   5.7694316e-01  -7.0221577e-01
   1.0000000e+00  -6.1838164e-01  -6.2941954e-01   6.0562205e-01   4.8522062e-01   3.5803084e-01  -1.1466265e+00
   2.0000000e+00  -1.4915928e+00   2.9142153e-01   7.7382822e-01   8.4320378e-01  -2.2182006e-02  -5.2052684e-01
   2.0000000e+00  -5.5405760e-01   3.1437917e-01   6.3650255e-01   1.2446409e+00  -1.8758239e+00   1.6763672e+00
   2.0000000e+00  -2.0625335e-01   8.1156756e-02   1.6682277e+00   1.0394416e+00  -3.9773593e-01  -4.8939461e-01
   2.0000000e+00  -8.7809493e-01   1.4266217e+00  -1.3484768e+00   5.0087495e-01   9.8522464e-01  -2.3607927e+00
   2.0000000e+00   2.9408301e-01  -2.0232118e-01  -2.4902208e+00  -3.8601974e-01  -7.4739089e-01  -5.8873061e-02
   2.0000000e+00  -7.0060651e-01  -7.5853219e-01   1.1452820e+00  -4.4956898e-01   7.0996845e-01  -3.4033687e-01
   1.0000000e+00  -2.0769032e-01   1.4417187e-01   1.0911513e-01   2.2069762e-01  -1.2826142e+00   3.8360187e-01
   2.0000000e+00  -7.3173863e-01  -2.5708149e+00  -1.5905219e+00   5.1218837e-01   9.2250824e-01  -1.3841019e+00
   1.0000000e+00  -2.5244436e-01   1.0104270e+00   7.3925717e-01  -1.4963235e-01   1.8318869e-01  -2.2176924e-01
   2.0000000e+00  -2.5538744e-02   2.4286282e-01  -1.5308601e+00  -1.6324946e+00  -1.6104438e+00  -7.9949655e-01
   2.0000000e+00  -4.7114657e-01  -9.8004045e-01   8.7676142e-01  -8.6797623e-01  -4.3016120e-01   4.6375413e-01
   1.0000000e+00  -3.6524299e-02  -3.9271846e-01   1.0874366e-01  -8.1130278e-02  -2.6887660e-01  -9.6483435e-01
   2.0000000e+00  -1.2153793e+00  -1.1100626e+00   1.0218416e+00  -1.7825846e+00   8.3352278e-02  -3.2224236e-01
   2.0000000e+00   7.7474108e-02  -1.0476904e+00   1.1100200e+00   6.3148641e-01  -2.0257578e+00  -2.3103859e-01
   2.0000000e+00  -4.6969859e-01  -5.6623478e-01   1.3566661e-01   1.4486099e+00   6.0188736e-01  -1.6761892e+00
   2.0000000e+00   7.7089019e-02   4.5531295e-01   2.2766570e+00   6.9615623e-01   8.5362111e-01  -2.1125446e-01
   2.0000000e+00  -1.8343564e-01   1.4311708e+00  -1.2720517e+00   1.9498550e+00  -1.6570409e-01   1.4096629e+00
   2.0000000e+00   1.9607216e+00   5.6367654e-01   1.7427766e+00  -6.5331118e-01  -2.2122226e+00  -5.0047211e-01
   2.0000000e+00  -1.4551101e+00  -6.7993246e-01  -1.0320640e+00  -1.3265098e+00  -5.5410343e-01   8.8198671e-01
   2.0000000e+00   2.6605626e+00  -1.3551546e+00   1.4759799e+00  -4.0327434e-01   9.6757497e-01   8.4750517e-01
   1.0000000e+00   2.6361107e+00   1.2449945e-01   1.1719630e-01   7.8605526e-01  -1.8791797e-01   9.4479955e-01
   2.0000000e+00   1.9197622e+00  -1.2913819e+00  -3.9871162e-01   1.0716791e+00   7.0516579e-03   7.3625917e-01
   2.0000000e+00  -1.5870013e-01   1.5995690e+00   1.3656155e+00   2.1690717e+00  -1.2101223e+00   9.3158362e-01
   1.0000000e+00  -8.5439191e-01  -1.2628078e+00   6.1241077e-01   3.7412082e-01   3.8825773e-01  -1.2245587e+00
   2.0000000e+00   2.1513498e-01  -4.8833438e-01   1.8040442e+00  -8.9627140e-01  -5.5780652e-01   1.1938391e+00
   2.0000000e+00   1.7951405e+00  -5.8387193e-02  -1.6285960e-01   1.0183314e+00  -2.4310703e-01  -1.8351835e+00
   2.0000000e+00  -5.0509770e-01   5.0179798e-01   1.0671563e+00   1.4260148e+00   5.8088457e-01   8.0581911e-01
   2.0000000e+00  -8.9324038e-01   1.3295043e+00  -1.5299156e-01   8.3790176e-01   3.2911122e-01   5.6673107e-01
   2.0000000e+00   1.2020635e-03  -1.7570797e+00   1.4640530e+00   1.1018310e+00   5.6178582e-01   4.1630095e-01
   1.0000000e+00  -3.9336313e-01  -1.0340979e+00   4.6347066e-01   4.1358763e-01  -7.0871061e-01  -1.9110092e-01
   2.0000000e+00   5.1166909e-02  -1.4316699e+00   1.4064116e+00  -9.0963531e-01  -1.7102478e+00  -1.3527272e+00
   2.0000000e+00   6.4826812e-02   5.0750110e-01   1.6681119e+00   1.0285124e+00   8.1837521e-01  -1.0572849e+00
   2.0000000e+00   2.2211369e+00   3.8523881e-01  -4.6251144e-01  -1.1121054e+00  -1.8901824e+00   4.7341482e-01
   2.0000000e+00   4.6588430e-01  -2.3439193e-01   1.2720826e+00  -9.3967798e-01  -9.1848574e-01   1.2016151e+00
   2.0000000e+00  -8.9601752e-01  -3.1606660e-01  -7.3805716e-01  -6.8231776e-01   2.6191486e-01   7.0085760e-02
   2.0000000e+00   9.0392456e-02   6.6130449e-02   1.4313827e+00  -2.0058100e+00   6.6562326e-01   7.2633483e-01
   2.0000000e+00   5.4292095e-01  -1.4932954e+00  -1.7534614e-02  -1.4254807e+00  -1.6462071e+00  -1.1438691e+00
   2.0000000e+00   1.7258720e+00   3.4335747e-01   1.9229966e+00  -1.8140721e+00  -3.3824991e-02  -6.0221939e-01
   2.0000000e+00  -3.2210898e-01  -3.9434346e-01   1.7025551e+00  -7.7164495e-01  -3.0131080e-01   2.7527837e-01
   2.0000000e+00  -1.0626540e+00   2.4756666e-01   5.5834569e-01  -9.6403815e-01  -2.0144869e+00   1.3709247e+00
   2.0000000e+00  -5.6757975e-01   1.1852110e+00  -7.8861986e-04  -9.0355153e-01  -1.4827919e-01   1.6443803e+00
   1.0000000e+00  -1.7334424e-01  -5.8099036e-01   4.0963276e-01   8.3217761e-01  -2.5565789e-01   1.1513540e+00
   2.0000000e+00  -1.7349090e+00   3.9078205e-01  -5.8089582e-01   7.3806556e-01  -1.4694090e+00  -8.8288889e-01
   2.0000000e+00   1.5736466e+00   3.5203370e-01  -7.3137410e-02   2.2407535e-01   3.0791789e-02  -2.4209612e+00
   2.0000000e+00   5.2517604e-01  -5.1622571e-01   2.4554282e-02  -1.8320118e+00   1.5543900e+00   5.2213374e-01
   2.0000000e+00   1.4217051e+00   1.6796954e-01   1.9286786e+00  -1.2345709e-01   2.2828128e-02  -9.9211304e-01
   1.0000000e+00  -1.1145353e+00  -2.6766813e-01   1.6563451e-02   6.3356717e-01  -1.7126499e+00  -1.4202493e+00
   2.0000000e+00  -1.5856989e+00   1.6457397e+00  -1.0892842e-01   3.9255183e-01  -6.5935188e-01  -1.9902406e+00
   2.0000000e+00   8.8250055e-01  -7.5946930e-01   3.4011123e-02   1.4171368e+00  -2.0376699e+00  -8.0287910e-01
   2.0000000e+00  -2.8117442e+00  -3.4971880e-01  -2.2557661e+00  -1.7613422e+00  -5.9909046e-01   2.7634348e-01
   1.0000000e+00   1.5889375e+00   1.1970112e-01   7.8780082e-02  -4.7278020e-01  -1.6530300e-01  -4.3735795e-01
   2.0000000e+00  -8.0853553e-01  -3.0854497e-01   9.5467885e-01  -5.1354830e-01   5.5952027e-01  -6.6811917e-02
   2.0000000e+00   7.1949585e-01   1.6268694e+00   2.7939709e-01   1.3255190e+00   2.2946054e-01   1.0703446e+00
   1.0000000e+00   1.6719370e+00  -2.9689304e+00   1.5462522e-01  -4.0558271e-01   9.2009344e-01   7.2595284e-01
   2.0000000e+00  -1.2533448e+00   4.3369346e-02  -1.0985882e+00  -9.5752100e-02   1.8561108e+00   8.8020001e-01
   2.0000000e+00  -4.8935263e-01  -5.5739690e-01  -4.8906164e-01   5.3854008e-02  -7.5620525e-01   1.4321574e+00
   1.0000000e+00  -7.4388812e-02   1.6032206e+00   5.1585746e-01  -3.8322571e-01   7.6505722e-01   9.3675525e-01
   2.0000000e+00   1.7908066e-01  -6.6335162e-02   1.4299982e+00   9.9533475e-01   3.7343040e-01   1.0875176e+00
   2.0000000e+00  -1.7092425e-01   2.3119224e-01  -1.5034469e+00   5.2227566e-01   1.0238201e+00   1.1961938e+00
   2.0000000e+00  -8.1626570e-02   2.2100633e+00   4.3573178e-02  -1.2806364e+00  -8.8415601e-01   4.0080425e-01
   2.0000000e+00  -6.1951193e-01   1.1638307e-01  -1.5465730e+00  -1.7635176e-01  -4.2726521e-01   1.0296440e+00
   2.0000000e+00  -1.0145095e+00   2.3720170e+00  -1.3974197e+00  -1.7878778e+00   2.2108925e-01  -9.1661062e-01
   2.0000000e+00   9.1047026e-01   2.7029682e-01  -7.7264283e-01   5.9222933e-01  -1.0534591e+00   1.1085352e-01
   2.0000000e+00  -5.9800191e-01   4.4099670e-01   2.1219806e-01  -1.5876383e+00   1.3220673e+00   4.9032281e-01
   2.0000000e+00  -1.6733670e+00   8.8539439e-01  -1.5295799e+00   9.6092220e-01   1.1864423e-01   1.3079349e-01
   2.0000000e+00  -9.1572135e-01   1.6098088e+00  -1.9707605e+00   8.6027280e-01  -4.0624551e-01  -1.0652127e+00
   2.0000000e+00  -6.0746691e-01   1.2603669e+00   1.6085349e+00  -2.3814744e-01  -6.6575601e-02   6.3030140e-01
   2.0000000e+00   1.1955118e+00  -6.8291867e-01  -4.0900432e-01   1.0646082e+00  -1.2455400e+00   1.0268750e+00
   2.0000000e+00  -8.3669123e-01   1.4282510e+00  -1.1050183e+00  -1.0764728e+00   7.2361379e-01   1.4689840e+00
   2.0000000e+00  -6.9289436e-01   2.9441362e-02   1.5096360e+00   7.6277477e-01  -2.1803725e-01  -1.0638285e+00
   2.0000000e+00   1.5649435e-01  -6.3251593e-01   1.4455217e+00  -2.5841290e+00   3.2603139e-01   1.0802391e-01
   2.0000000e+00  -8.0612438e-01  -6.0938739e-01  -1.2150548e+00   2.9370231e-01   4.9269241e-01  -9.7402667e-01
   2.0000000e+00  -1.0783652e-01   5.4362394e-01  -5.0581359e-01   3.5017807e-01   1.2096319e-01   1.1937896e+00
   2.0000000e+00   4.8866453e-01   1.7679841e-02   8.3155610e-01   8.0660433e-01   2.0736647e-01  -3.5780418e-01
   2.0000000e+00  -1.0970049e+00   6.0488243e-01  -1.2767119e+00  -7.3416512e-01  -2.3358304e-01  -1.3137939e+00
   2.0000000e+00   7.4599260e-01  -2.4051560e-01  -6.2233663e-01   2.7363933e-01   1.0391011e+00   5.8005396e-01
   2.0000000e+00  -3.6343186e-01  -8.5433506e-01   1.6807056e-01  -1.0592863e+00  -1.1082809e+00  -1.4541294e+00
   2.0000000e+00  -9.4206189e-02   1.1288662e+00   1.1502325e+00   8.0658522e-01  -4.6447686e-01   4.9150419e-01
   2.0000000e+00  -2.0885962e-01   1.1076094e+00   1.7765654e+00  -2.6314544e-01  -1.4173025e-01   5.1935469e-01
   2.0000000e+00  -3.5510769e-02   1.4474247e+00  -1.1990348e+00   3.4757019e-01  -2.0526193e-01   9.4212144e-01
   2.0000000e+00  -1.0563250e-01   1.2177676e+00   8.6733215e-01   1.6338517e+00   1.2763516e+00  -7.3932082e-01
   1.0000000e+00   4.9029652e-01  -1.1373645e+00   2.4288205e-01   8.6258911e-04   2.8718668e+00  -1.6398911e-01
   2.0000000e+00   1.6358432e+00  -1.7533130e+00   6.0621721e-01   9.0151464e-02   5.5993727e-01   1.9192523e+00
   2.0000000e+00  -4.3008485e-01  -4.1842691e-01  -1.1412686e+00   7.8199335e-02  -4.7498460e-01   6.5750947e-01
   2.0000000e+00   6.2713878e-02   6.0314550e-01  -8.2187620e-02  -3.2724565e-01  -6.8570149e-01  -1.5945496e+00
   1.0000000e+00   9.0162550e-01   1.1581102e+00   1.6050293e-01  -7.6864127e-02   4.8244947e-01   1.1162357e+00
   2.0000000e+00   1.1999950e-01  -6.4987983e-01  -7.1864946e-01  -4.3918851e-02   3.3619463e-01  -8.2426810e-01
   2.0000000e+00  -9.8558972e-01  -2.0206758e+00   3.0850270e-01  -2.7250521e+00  -1.0723577e-01  -2.7667155e+00
   2.0000000e+00   8.3329057e-01  -4.2085357e-01  -3.0514222e-01   9.8601279e-01  -1.2776094e+00  -4.2842851e-01
   2.0000000e+00   1.1291849e+00  -1.2954626e+00   1.3954090e+00  -1.5263337e+00  -4.2281133e-02   5.5740487e-01
   2.0000000e+00   1.3809432e-01   7.4196299e-01  -1.0395743e+00  -1.7767756e+00   3.4634030e-01   1.2535500e+00
   1.0000000e+00  -5.8637014e-01   1.2469347e-01   1.7259889e-01   9.6494957e-01  -6.4704576e-01   6.3996103e-01
   2.0000000e+00   9.6056756e-01   1.9849443e-01   1.1892943e-01  -1.4890250e+00  -1.3418350e-01  -9.4048901e-01
   1.0000000e+00   1.4069893e+00  -4.2964085e-01   8.2121851e-01   1.0252497e-01  -2.8261002e-01   6.8001802e-01
   2.0000000e+00   1.2405762e+00  -1.0401845e+00  -2.5152495e+00   4.2733366e-01  -1.2154975e+00  -1.3750874e+00
   2.0000000e+00   9.4637101e-01  -1.9836237e+00   4.7829477e-01   2.1073909e+00  -6.4833211e-01   6.8280858e-02
   1.0000000e+00  -5.1869517e-01   9.6335391e-01   4.6330754e-01   3.3883678e-01  -4.4290905e-01   1.3328958e+00
   2.0000000e+00  -6.3770460e-02  -3.7965400e-01   1.5789080e+00  -3.2589128e-01  -7.0184345e-01   1.8309974e-01
   2.0000000e+00  -1.4400974e+00  -4.9320459e-01   2.4916624e-01  -1.4026508e+00  -4.7156362e-01   2.2273422e-01
   2.0000000e+00   3.9390281e-01  -6.1122892e-01  -3.5229960e-01  -1.0073354e-01   2.7317973e-02   1.6808540e+00
   1.0000000e+00   4.2992071e-01  -7.8478979e-01   5.2341953e-01   6.3858437e-01   1.1481275e+00  -1.4475055e-01
   2.0000000e+00  -8.9044061e-02  -2.6831550e-01   1.4269506e+00   2.8483324e-01   1.0020750e+00   8.7878913e-01
   2.0000000e+00  -2.6126450e+00   7.1824378e-01  -7.0215192e-01  -1.4322451e+00   7.9948873e-02  -9.5878004e-01
   2.0000000e+00   8.0571534e-01   6.4476276e-01   1.1158158e+00  -6.1129820e-01  -9.6040842e-01  -5.6436430e-01
   1.0000000e+00   8.0383197e-01   6.4973229e-01   6.0305063e-01   3.3841026e-01   4.8956007e-01  -1.4258567e+00
   1.0000000e+00  -2.7741466e-01  -1.3007737e+00   3.5470173e-01   6.4850845e-01   1.1192877e+00  -6.2288356e-01
   2.0000000e+00   6.4862861e-01   6.5526083e-01  -1.4643254e-01  -1.5400093e+00  -1.0522934e+00  -3.0943124e-01
   2.0000000e+00   1.8617851e-01   8.3450637e-01   1.7104564e+00   5.1445861e-01  -5.7860826e-01  -8.4527841e-01
   2.0000000e+00   9.9720203e-01  -2.8607970e-01  -2.6629584e-01  -1.0303462e-01  -1.8405083e+00  -4.9193404e-01
   2.0000000e+00   1.3693013e+00  -7.6220111e-01  -1.1762868e+00  -8.6007264e-01   4.8516002e-01  -7.2855948e-01
   2.0000000e+00   7.5773941e-02  -4.4459899e-01   2.8261629e-01   1.0580943e+00   2.4376141e-01  -1.0028263e+00
   2.0000000e+00  -1.7087108e-01  -6.8187339e-01  -6.0356638e-01  -2.7716445e+00  -1.4923155e+00  -7.4612730e-01
   2.0000000e+00   8.1452651e-01   3.4813700e-01  -4.4210454e-01   7.3565597e-02  -1.8006985e+00  -8.8608716e-01
   2.0000000e+00  -4.8706564e-01   2.3279812e-01   8.5060805e-01   1.8902030e+00  -1.7788232e+00   2.0650322e-01
   2.0000000e+00   6.5987003e-01   6.7352992e-01  -1.1537664e-01   1.1449365e+00  -1.0914952e+00  -8.4323474e-01
   2.0000000e+00   4.5391239e-01  -1.2741241e-01  -6.7501518e-01   3.6117558e-01  -3.6519661e-02   4.0448628e-01
   2.0000000e+00  -2.6674183e-01  -4.1460523e-01  -3.4121180e-01  -7.4078430e-01  -1.2949564e+00  -1.4028025e-01
   1.0000000e+00   1.4612970e+00  -1.4963761e+00   3.2575594e-01  -1.6184393e-01  -7.2847425e-01   6.4993672e-01
   2.0000000e+00  -1.4223367e+00  -7.3245814e-01  -4.6484171e-01  -1.7594412e-01  -1.2261446e-01  -4.5051656e-01
   2.0000000e+00   1.1449565e-01  -1.0192608e+00   1.1526785e+00  -9.7683476e-01   3.7296439e-01   1.6575089e-01
   2.0000000e+00  -4.5922240e-01  -6.8293688e-01   2.8868667e+00  -1.4899259e+00  -9.8020503e-01   3.8177000e-01
   2.0000000e+00   7.6503896e-01  -4.4268528e-01   1.8781294e-01  -1.1303508e+00   3.3490071e-01  -8.8176600e-01
   1.0000000e+00  -4.0605034e-01   8.8636317e-01   7.9342073e-01   3.2897202e-01   2.4444705e-01  -9.9153069e-01
   2.0000000e+00   1.8101411e-01   1.5597990e-01  -7.4577406e-01  -3.2563395e-01   3.3681975e-02   1.0962524e-02
   2.0000000e+00  -9.0912502e-01   8.5023011e-01   1.2310969e+00   1.1391417e+00   1.1466785e+00  -3.8238164e-01
   2.0000000e+00  -3.0238229e-01  -4.0586158e-01  -1.3956284e+00   6.1886897e-01  -1.5796009e+00   1.7146830e-01
   2.0000000e+00  -1.3972488e-01   9.2984148e-01  -2.0608025e-01   9.4973976e-01   2.1734186e-01   1.3641284e+00
   2.0000000e+00   9.7910845e-02  -6.7055579e-02  -6.8666005e-01  -3.8608323e-01  -7.5030809e-01  -7.8299098e-01
   2.0000000e+00  -2.4537883e+00   7.0570137e-01  -1.2815619e+00   5.2944485e-02  -6.4718037e-01   1.2394507e+00
   2.0000000e+00   1.4221514e+00   3.3096243e-01   8.1315839e-01  -8.6866754e-01  -6.5853079e-01   6.7460627e-01
   2.0000000e+00  -9.4035950e-01  -7.3139403e-01   3.0024538e-01   1.0704269e+00  -1.2447605e+00  -8.6036647e-01
   2.0000000e+00   3.5798882e-01  -4.5238476e-01  -3.4723370e-02   4.2712761e-02  -2.1539239e+00   1.4902601e+00
   2.0000000e+00  -7.9879679e-01  -3.5171114e-01   8.5790457e-01   1.0942013e+00  -4.9272754e-01  -1.2653996e+00
   2.0000000e+00   8.0870190e-01   1.1107165e+00   3.0409287e-01  -1.1104558e+00  -1.7968029e+00  -5.2838098e-01
   2.0000000e+00   1.1426432e+00   9.3915257e-01  -7.6493635e-01   1.2828024e+00   7.8468923e-01  -9.6343060e-01
   2.0000000e+00   1.1140993e+00  -3.9707683e-01  -2.7715569e-01  -1.8877589e+00  -1.1715275e+00  -1.2063327e+00
   2.0000000e+00  -2.1305476e+00  -9.6764534e-01  -1.8554885e+00  -6.9974831e-01  -4.7594994e-02   2.5550341e+00
   1.0000000e+00  -1.8192207e-01  -2.3064032e-01   1.2817950e-01  -5.0733808e-01   4.1955940e-02  -3.8736776e-01
   2.0000000e+00  -1.0986447e+00   1.6627365e+00  -4.5814948e-01  -2.6439804e+00   2.6095582e-02   1.1645875e+00
   2.0000000e+00   4.5216460e-01  -4.9857668e-01   8.7231958e-01   1.3636179e+00  -1.4969993e-01  -1.8210745e-01
   2.0000000e+00  -5.7451895e-01   4.6546240e-01  -7.4851394e-01  -2.6492817e-01  -6.2154843e-03   3.9862619e-02
   2.0000000e+00   8.0184948e-01   1.5690908e-02  -9.9627582e-01  -6.7135707e-01  -1.4912903e+00   1.0426204e+00
   2.0000000e+00   8.4640333e-01   5.8454159e-01   1.0358143e+00  -5.0061185e-01  -6.6767947e-01  -3.5214946e-01
   2.0000000e+00  -8.1454684e-01  -6.8560466e-01   3.6450015e-02   1.0354145e+00  -2.0027766e-01   5.9690966e-01
   2.0000000e+00   2.6469072e-01   1.0266381e+00  -1.2836863e+00  -2.9490982e-01  -1.8163885e+00   4.4178221e-01
   2.0000000e+00  -8.9312610e-01   6.3685509e-01  -4.3128912e-01   1.9630696e+00  -2.3660519e+00  -6.6699282e-01
   2.0000000e+00   1.1928465e-01   1.2403613e-01   1.3928762e+00  -7.3462394e-02   5.0072001e-01  -9.6350281e-02
   2.0000000e+00  -1.9770326e+00  -1.8700225e+00  -1.2558455e+00   4.2715202e-01  -1.9975248e-01  -7.7457080e-02
   2.0000000e+00   1.1419133e-01   8.7135874e-01   8.1295258e-01  -1.3636933e+00   1.3513963e+00   1.9085472e-02
   2.0000000e+00   3.6135672e-01   3.5971825e-01  -5.0696934e-02  -1.4754432e+00   1.5670868e+00  -8.3885630e-01
   1.0000000e+00  -1.2781286e+00   2.1180116e+00   3.7216116e-01  -3.4836960e-01   1.6782959e+00  -9.3288354e-02
   2.0000000e+00  -2.9076496e-01  -9.9463530e-01  -6.6976322e-02  -9.4938430e-01   6.0048475e-02   2.1088067e-01
   1.0000000e+00  -2.0194197e+00   1.4236944e+00   4.8346616e-01  -8.2419102e-02  -1.6702641e-01  -1.8279520e-01
   2.0000000e+00   1.5431869e+00   6.0189310e-01  -7.8782751e-01   1.0839436e+00  -2.0419455e-02   4.0346954e-01
   2.0000000e+00   8.5012253e-02   1.2921852e+00  -2.3378665e+00  -1.8100042e-01  -4.9839071e-02  -1.1384582e+00
   2.0000000e+00  -1.7396406e-01  -1.3391863e-01  -3.9457014e-01   2.5575358e-01   1.4336905e+00   3.8963783e-02
   2.0000000e+00  -3.0422906e-01  -1.0334224e+00  -1.7031799e-01   1.7417879e+00  -2.1103605e-01   4.8705988e-01
   1.0000000e+00   9.3814301e-01  -2.2237605e-02   3.4675937e-01   7.5727657e-01   2.0768243e-01  -2.4530019e-01
   2.0000000e+00  -1.7011215e-01   4.7349416e-01  -3.5155634e-01   3.5267053e-02  -1.4482541e+00  -2.3584087e-02
   2.0000000e+00   2.2497819e-01   1.0312915e+00  -1.2268667e+00   8.0559455e-01  -2.5898626e-01   1.6363237e+00
   1.0000000e+00  -8.9932776e-01  -1.4589637e-03   5.9080543e-01  -1.9627687e-01  -5.7802926e-01  -6.3816873e-01
   2.0000000e+00   3.9370221e-01   6.0154059e-01  -1.0491594e+00   7.5357687e-01  -5.1542853e-01   7.5507635e-01
   1.0000000e+00   7.2008483e-01   2.4811489e-01   3.3158668e-01  -8.3084193e-01  -1.0105619e+00   1.7353600e+00
   1.0000000e+00  -7.0112552e-01  -4.2020478e-01   2.3816620e-01   6.8719120e-01  -4.5673802e-01   1.2521598e+00
   2.0000000e+00   1.0725597e+00  -1.1822213e+00   1.3110438e+00  -9.9232137e-01  -1.6700569e-01  -1.3400890e+00
   2.0000000e+00   1.4506751e+00  -4.2510724e-01  -1.5735448e+00  -6.4784072e-02   5.8327840e-02  -1.0680028e+00
   2.0000000e+00   1.1916524e+00   7.4684282e-01   1.1591373e+00   1.3255905e-01   8.1163981e-01   4.9716534e-01
   2.0000000e+00   4.1484554e-01  -1.6004025e-01   1.5403607e-01   2.6110417e+00   1.1043205e+00   7.9521329e-01
   2.0000000e+00  -2.0971303e-01  -8.8290035e-01  -2.4238393e-01  -1.2618081e+00   6.2281299e-02   1.2411432e+00
   2.0000000e+00  -6.1923744e-01   4.4339868e-02  -1.7062403e-01   3.3247862e-02   1.6622819e+00  -1.9309185e-02
   2.0000000e+00  -1.3088096e-01  -1.2265107e+00  -1.3608039e+00  -3.7557553e-01   2.1987049e-02  -6.9107516e-01
   2.0000000e+00  -6.9178709e-01  -1.2820529e-03   9.6379801e-01  -4.0199990e-01  -5.8919829e-01  -6.1010183e-01
   2.0000000e+00  -2.8753865e-01   3.7856986e-01  -1.5804680e-01  -6.2678418e-01   1.3796335e+00   1.7504430e-01
   2.0000000e+00   2.0479294e-01   8.4370158e-01  -9.8968955e-01   2.6492965e+00   9.7942612e-01  -9.9217609e-01
   2.0000000e+00  -1.3692551e+00  -1.8973022e+00  -1.0810209e+00   1.7631117e+00   6.5209026e-01   2.3361079e-01
   2.0000000e+00   1.1754371e+00  -7.6845259e-01   9.3825701e-01  -1.2764104e+00  -5.8571752e-01  -3.3842786e-01
   2.0000000e+00  -2.3078271e-01   2.5489912e-01   4.2503174e-02   1.0026789e+00   2.8147986e+00   5.0351821e-01
   2.0000000e+00  -1.2900084e+00   1.0672418e+00  -7.4466367e-02  -4.9107101e-02  -4.7237622e-01   2.5222790e-01
   2.0000000e+00   3.7110444e-01  -3.5784333e-01   1.8784130e+00   5.7353590e-01  -5.6448300e-02  -1.1733912e-01
   2.0000000e+00   2.5885987e-01   2.3466941e+00   9.8705323e-01  -1.7737612e+00   4.5060125e-01   1.3632899e+00
