   2.0000000e+00  -1.6751720e+00   5.7677335e-02  -1.1679860e-01  -2.6151670e+00   2.2473991e+00  -9.3104292e-01
   2.0000000e+00  -1.1143574e+00   2.0586238e-01   3.9679729e-01   8.1126836e-01   5.6865993e-01   1.7995884e-01
   2.0000000e+00  -1.4380831e+00   3.1623741e-01   1.0681668e+00  -1.8665118e+00  -3.5544803e-01  -1.1649028e+00
   2.0000000e+00   1.1756316e-02  -2.2836423e+00  -6.2411650e-01  -2.1960297e-02   5.5688440e-01   1.0860255e-01
   2.0000000e+00   1.6334649e-01   8.2544964e-01  -7.7799780e-01  -1.0249574e-01   4.0581764e-01   1.1434110e+00
   2.0000000e+00   1.7003706e+00   2.7895977e-01  -4.2788294e-01  -1.6943669e+00   3.6448616e-02  -3.4099881e-02
   2.0000000e+00  -5.1530856e-02  -7.4952816e-01  -4.0039937e-01   1.4057949e+00   1.3685880e+00   1.3040201e+00
   1.0000000e+00  -4.2662235e-01  -5.3209458e-01  -7.1266967e-01   3.7614994e-01   4.6304866e-01  -6.4125982e-01
   2.0000000e+00   8.7464121e-01   6.9187269e-01  -4.9031555e-01   1.1004966e+00   7.0206188e-01  -1.3190218e+00
   1.0000000e+00   5.4214776e-01   6.4563217e-01   2.4393960e-01   4.9640829e-01   1.5204838e+00   2.0669008e+00
   2.0000000e+00   1.1794322e+00  -3.5907557e+00   3.7634331e-01   2.7966224e-01   5.9384137e-01   2.5220758e-01
   2.0000000e+00  -4.9673950e-01  -1.0718729e+00   2.2093539e+00  -2.8117714e-01   1.3088139e+00   1.9099454e+00
   2.0000000e+00  -1.2453885e+00  -2.7515757e-01   1.2195475e+00   9.2001983e-02  -2.0742679e-01   2.8452177e+00
   2.0000000e+00   5.9998612e-01  -6.1712596e-01   8.4745168e-01  -2.4748266e+00  -1.4527934e+00  -1.6597938e-01
   2.0000000e+00   1.2335936e+00   3.3716479e-01  -1.0182891e-01  -2.8608127e+00   4.6691450e-01  -1.0057807e+00
   2.0000000e+00  -1.4207096e+00  -9.1429372e-01   2.0198681e+00   1.9760681e+00   1.7345271e-01   7.6885948e-01
   2.0000000e+00   6.8914465e-01  -1.8087621e-01  -1.2704709e-01  -8.5761736e-01   9.3009202e-01   3.6282929e-01
   2.0000000e+00  -1.7579314e+00  -4.5579396e-01  -6.3375370e-01   8.5518541e-01  -5.6825760e-01  -4.6028568e-01
   2.0000000e+00   1.4309256e-01   2.4626339e-01   4.2739788e-01  -1.1216227e-01  -2.3261259e-01   1.3059248e+00
   2.0000000e+00  -1.0327354e+00   1.3158451e-01  -7.7597168e-01   5.5084888e-02  -1.5954477e-01  -8.8979098e-01
   1.0000000e+00   2.8642884e-01   6.5820758e-01  -1.4812011e+00   2.7267388e-01  -2.9861669e-01   1.3426787e-01
   1.0000000e+00   5.5733023e-01  -2.2595391e+00  -1.3499312e+00   3.8619742e-01  -6.5183144e-01  -1.9494914e+00
   2.0000000e+00  -4.3506927e-01  -1.7512775e+00  -1.4684586e+00   2.1806164e+00  -2.0931833e-01  -3.0466539e-01
   2.0000000e+00   1.8217771e+00   1.7617722e+00   1.1705735e+00   7.3529445e-01  -8.3532226e-01  -7.0840624e-01
   2.0000000e+00   6.5798245e-01   1.9455483e+00   7.2381719e-01   1.0642010e+00   1.4870190e+00   4.4995093e-01
   2.0000000e+00  -3.2031016e-01   3.1767380e-01   1.0612440e+00  -2.7686326e-01  -8.6330642e-01  -1.1505977e+00
   2.0000000e+00   1.2650065e+00  -9.0174193e-03  -3.9271238e-01  -5.6968170e-01   2.1868553e-01   1.5193361e+00
   2.0000000e+00   5.9404852e-01   2.8019195e+00   9.5834304e-01  -7.4189786e-01   1.9476457e-01   1.2183174e+00
   2.0000000e+00   2.3875833e+00  -9.8122478e-01   1.0353790e+00  -1.0790958e+00   3.3851770e-01   5.2697308e-01
   2.0000000e+00  -1.1628990e+00   8.4045600e-01  -1.0978566e+00   1.3202748e+00   1.0220587e-01  -8.7158827e-01
   1.0000000e+00  -2.9469831e-01  -1.4304125e+00  -2.7747720e-01   6.1377583e-01  -1.4531254e+00  -1.4649124e+00
   1.0000000e+00   6.0980257e-01  -1.8316862e+00   7.9189318e-01   2.5785347e-01   1.4292500e+00   2.1901375e+00
   2.0000000e+00   1.1979971e+00   4.2000249e-01   3.2122751e-01   3.1932902e-01  -1.2073667e-01  -2.1002615e-01
   2.0000000e+00  -1.7311093e+00   6.8557107e-01   4.9777141e-01  -1.4752158e-01   1.1440896e+00   9.6867907e-01
   1.0000000e+00   2.3838007e-01  -8.5887013e-01   1.7966319e+00   2.3655329e-01   1.0579434e+00   9.9604125e-02
   2.0000000e+00   4.4000328e-02  -8.3086405e-01  -1.2089204e+00   1.7868523e+00   5.3754164e-01   3.8908747e-01
   2.0000000e+00  -7.4564988e-01  -1.8579226e+00  -8.1312897e-01  -1.0964574e+00   1.6651210e+00  -1.7176540e+00
   2.0000000e+00   1.4783483e+00  -5.3846992e-01  -9.7518677e-01   5.7199505e-01  -4.8977255e-01  -4.0580286e-01
   2.0000000e+00  -4.1952250e-01  -5.0532699e-01  -1.6218678e+00   1.2808206e+00  -5.1360661e-01   9.0850972e-01
   2.0000000e+00   7.3659514e-01  -7.5220907e-02   8.7205250e-01  -1.7169831e+00  -2.3782501e-01  -2.2030101e-01
   2.0000000e+00   3.5211582e-01   1.0483349e+00   1.4226330e+00  -1.6873083e+00   6.7454473e-01  -7.2398097e-01
   2.0000000e+00  -1.6226977e+00  -5.3855425e-01   2.4695385e-01   1.0105251e+00  -1.2918611e+00  -4.0037425e-01
   2.0000000e+00   5.3733477e-01   6.2761893e-01   1.8291268e+00  -1.0076204e+00  -3.1804554e-01  -2.3455873e-01
   1.0000000e+00   7.0007299e-01  -1.0509896e+00   7.8997822e-01   2.9523141e-01  -4.6991243e-01   2.6770021e-02
   1.0000000e+00  -5.8076429e-01   2.9964629e-01   4.7857158e-01   3.2014861e-01   1.0786879e+00  -8.6027486e-01
   2.0000000e+00   2.0806278e-01  -1.5022721e+00   2.3500919e-01   1.1288281e+00   5.4787992e-01   6.8911437e-01
   2.0000000e+00  -6.3886304e-01  -1.3105188e+00   4.0571968e-01  -3.8544497e-01  -1.9453138e-01   7.3333519e-01
   1.0000000e+00   1.4338516e-02   6.8423750e-02  -7.0952860e-01   2.8689148e-01  -8.9610980e-01   2.9623735e-01
   2.0000000e+00  -1.1946487e-01  -2.6833472e-02  -5.2164356e-01   1.2655019e+00  -1.7780144e+00  -2.0357807e+00
   2.0000000e+00   5.1707280e-01  -2.7799687e-01   7.1361140e-01  -9.3507322e-01   1.8473452e+00   7.5324657e-01
   1.0000000e+00   6.7880321e-01   7.7155050e-01  -5.9003020e-01   1.3026914e-01  -1.5268689e-01   1.4742254e+00
   2.0000000e+00  -1.4685503e-01   5.4941961e-01  -3.8405148e-01   2.0988735e+00  -6.1896650e-01   1.0201978e+00
   1.0000000e+00   6.3630781e-01  -8.2298036e-01  -3.2877102e-02   1.2914930e-01   6.8724224e-01   1.6916088e+00
   2.0000000e+00  -2.3808369e-01  -6.0426892e-02   9.6543361e-01  -3.1625257e-01   8.0751548e-01  -5.6569066e-01
   2.0000000e+00  -5.6293546e-01   7.7671600e-01   1.5361633e-01  -6.7691311e-01   1.5205143e+00   1.5840527e+00
   2.0000000e+00   2.5012374e+00  -1.3885446e+00  -8.5056752e-01   1.8574568e-01  -5.5626406e-01  -5.1174691e-01
   2.0000000e+00   7.0366845e-01  -4.0856745e-01   1.9825941e+00  -3.3950651e-01   1.0417784e+00  -5.3578358e-01
   2.0000000e+00  -1.6765517e+00  -4.9484395e-01   3.0878468e-01   1.1159713e+00  -4.2016863e-01  -1.6029290e+00
   2.0000000e+00   1.1859714e+00   4.8868992e-01   1.2462856e+00   1.0277825e+00  -1.0850857e+00   8.1062542e-02
   2.0000000e+00   3.7066735e-01  -1.7675188e+00  -1.7276928e+00   1.4392797e+00  -2.2017553e+00  -1.5261614e+00
   1.0000000e+00   6.6286496e-01   7.5890860e-02   8.6017125e-01   7.3822184e-01   7.9409436e-01  -2.1900096e+00
   2.0000000e+00   7.4480242e-01  -8.8713791e-01  -2.3718993e-01   9.2303544e-01  -1.3716747e+00   1.0914519e+00
   2.0000000e+00   4.7955329e-01   2.0166811e-01   8.7676641e-01  -1.5885218e-01  -1.2722245e+00  -2.5128609e-02
   2.0000000e+00  -1.6645317e-01  -8.1306915e-01   6.0026396e-01  -1.4161990e-01   1.5051816e+00   1.2386413e+00
   1.0000000e+00  -5.3644750e-01   5.9855680e-01   8.6109332e-01   1.3837168e-01  -6.8680967e-01  -1.0801524e+00
   2.0000000e+00  -3.9494836e-01  -3.8436793e-02   5.7125775e-01  -3.7119246e-01  -2.0340433e-01   1.2073469e+00
   2.0000000e+00  -1.6135933e+00  -8.6537454e-01  -5.1183240e-01   2.4043344e-03  -6.2267290e-01   4.8567173e-01
   1.0000000e+00  -2.8526931e-01  -1.2797250e+00  -3.0704953e-01   8.5614704e-01   6.1396302e-01  -4.2744503e-01
   1.0000000e+00  -3.2052302e-01  -1.9523071e+00  -3.6675966e-01   2.3100999e-01  -2.5242947e-03   2.2612371e-01
   2.0000000e+00   1.5865641e+00  -7.3170461e-01  -1.3312751e+00  -6.3616860e-02  -4.9949754e-01   3.7857026e-02
   1.0000000e+00  -6.3734534e-02  -2.1438494e+00   7.3626875e-01   8.3801926e-01   3.9059166e-01   1.9331118e-01
   1.0000000e+00  -4.3183527e-01  -2.1129422e+00  -1.2073822e+00   2.9194147e-01   1.1857199e+00  -7.5497746e-01
   2.0000000e+00   2.6069642e+00  -2.1290910e+00   2.0153353e-01   4.1684557e-01  -6.6378785e-01  -7.1584767e-01
   2.0000000e+00  -1.3194281e+00   5.3948362e-01   7.2555305e-01  -1.7555792e+00   1.9383874e-01   1.7409660e+00
   2.0000000e+00   1.2037045e+00   3.2220399e-01   1.5897454e+00   6.7715281e-01   5.4193227e-01  -1.2715196e+00
   2.0000000e+00   9.1820486e-01   4.8080082e-01  -1.5157702e-01  -4.0850563e-01  -4.2173801e-01  -7.2688179e-01
   1.0000000e+00   8.5248938e-01   1.3779958e-01  -4.0190228e-01   1.0520909e-01   5.5156202e-01  -1.4397146e+00
   2.0000000e+00  -7.7739492e-01  -1.2364756e+00   6.2240884e-01  -1.2966350e+00  -9.5024984e-01  -3.7350925e-01
   2.0000000e+00   5.8805136e-01  -3.8157629e-01  -1.1496147e-01   8.6085516e-01  -8.7645820e-01  -2.0322305e+00
   2.0000000e+00   1.1481688e+00  -8.0860914e-01  -1.9328858e-01  -1.6567935e-02  -3.2900125e-01   3.4583001e-01
   2.0000000e+00  -7.4883838e-01  -8.6112083e-01   2.1382618e+00   8.9544947e-01  -6.5095259e-01  -2.6829984e-01
   1.0000000e+00   4.4512386e-01  -2.0954165e+00  -1.7599021e+00   2.0355943e-01  -2.8945053e-01   2.6827961e-01
   1.0000000e+00   7.4500053e-01   9.2046212e-01  -3.0792638e-01   1.5879434e-01  -9.6865168e-01  -5.8498829e-02
   2.0000000e+00   1.2051386e+00  -2.8400506e-01  -4.7061743e-01   4.7013561e-01  -1.2612227e+00  -1.3786439e-01
   2.0000000e+00  -7.3812646e-02   1.2371055e+00  -1.3194378e+00  -1.9297059e-01   2.2422765e+00   1.2263954e+00
   2.0000000e+00  -1.3149636e+00  -2.5054300e-01  -1.0122143e+00   1.8471629e+00  -1.6334478e-01   1.4697364e+00
   2.0000000e+00  -1.7181631e-01  -1.6265184e+00   4.4173538e-01  -6.2694714e-01  -7.2153105e-01  -2.7997555e-01
   2.0000000e+00  -2.6144096e-01   1.7392536e+00   2.1590894e-02  -2.6029544e-01   8.7924989e-01   6.6055437e-01
   2.0000000e+00  -8.6428160e-02  -7.5352286e-01  -2.8920728e-01   1.6634378e+00  -5.2704043e-01  -2.5404741e+00
   2.0000000e+00  -1.0520500e+00  -9.9686415e-01  -5.4771316e-01  -2.2491764e+00   9.1323314e-01   1.5849948e+00
   2.0000000e+00  -5.1095056e-01  -5.1492542e-01  -1.8504238e+00  -5.1674419e-02  -6.8331826e-01   7.6371114e-01
   2.0000000e+00   1.8526936e+00   2.2799112e-01   6.0574830e-01   1.4721288e+00   8.3783579e-01   1.3302355e-01
   1.0000000e+00  -2.9797358e-01  -2.2036714e-01   3.1147548e-01   8.2472494e-01   8.3873051e-01  -9.9933623e-01
   2.0000000e+00  -1.6904563e+00   4.5433075e-01   6.3911052e-01  -7.3485069e-01  -6.3291607e-02   3.6204220e-01
   2.0000000e+00   6.4139703e-01   4.4725741e-01  -2.2524436e-01  -1.2471521e-01   1.6492502e+00  -6.9643626e-01
   2.0000000e+00   1.4647528e-01  -3.2550202e-01  -1.0403835e+00   1.7552837e+00   3.0397190e-01  -3.2916137e-01
   2.0000000e+00  -1.0022232e+00   2.3668626e+00   7.4573227e-01  -1.0850946e+00  -1.9886202e-01   1.9409795e-01
   2.0000000e+00  -7.9625232e-01   1.3860432e+00  -4.1876646e-01  -6.6879469e-01  -3.8584206e-03   7.1782007e-01
   2.0000000e+00   5.6919247e-01   2.2873340e+00   6.2463224e-01  -1.2358032e-01   9.0815657e-01   5.4601644e-01
   2.0000000e+00  -1.1866279e+00   9.9797019e-01  -1.5971511e+00  -9.0547208e-01   8.4182760e-01  -5.3151196e-01
   1.0000000e+00   5.8466560e-01   1.2672867e-01   4.0425763e-01   2.5724160e-01   4.9017196e-01  -2.1141774e-01
   2.0000000e+00  -8.3361316e-01  -9.2220127e-01   5.8731136e-01   1.5478708e+00   3.0116549e-01  -2.0740130e-01
   1.0000000e+00  -4.2833283e-01   5.3994108e-01   7.0420046e-01   4.3098074e-01  -6.5051197e-02  -9.1608853e-01
   1.0000000e+00  -1.3087840e-01  -1.2443025e+00   1.3284841e+00   8.8337059e-01   1.1802195e+00  -1.0342185e-01
   2.0000000e+00  -1.4444662e+00  -7.0021178e-01   1.1858690e+00  -1.7106510e+00   1.7571157e-01   6.1726215e-01
   1.0000000e+00  -3.0375906e-01   4.0666588e-01  -1.1109373e+00   7.0526665e-01  -2.2514632e-01  -8.2371816e-02
   2.0000000e+00  -1.1809218e+00   1.4564838e+00  -5.3968073e-01  -1.9981476e-01   3.2006183e-01  -8.5069132e-01
   1.0000000e+00   5.4659833e-01   5.9352827e-01   8.1056348e-01   5.7398832e-01  -1.6233648e+00   1.6500855e+00
   2.0000000e+00  -2.5571663e+00   1.0219518e+00   2.1778930e-01  -4.6031428e-02   1.0211623e+00   1.8597170e-02
   2.0000000e+00  -9.4212904e-02  -2.5881944e-01  -4.3469288e-01  -6.0545538e-01  -9.5373362e-01  -1.8847774e+00
   2.0000000e+00   6.7619957e-01   3.2673114e-01  -4.7202063e-01  -4.6022078e-01   1.9317324e-02   2.6072932e-01
   2.0000000e+00   9.3830593e-01   1.4104825e+00  -2.7153473e+00   7.2865805e-01  -1.0147750e+00   1.2066457e+00
   2.0000000e+00  -1.1948694e+00  -8.0171515e-01   5.8905470e-01   3.2796057e-01   8.6932784e-01   1.0536101e+00
   2.0000000e+00   5.6500500e-01   1.1321153e+00  -2.1252801e+00  -1.8327292e+00   1.2602066e+00  -1.4980060e+00
   2.0000000e+00  -1.1950032e+00   8.8629539e-01  -3.1932037e-01  -2.3064292e-01  -5.4835641e-01   2.0622490e+00
   2.0000000e+00  -1.3984330e+00   4.0541740e-01   4.4300730e-01   3.9650165e-01   6.4726154e-01   2.7842504e-01
   2.0000000e+00  -1.0097916e+00   1.6172783e+00  -2.8833307e-01   1.0305133e+00   5.7911163e-01  -1.2889324e+00
   2.0000000e+00  -1.5144962e+00  -9.8633558e-03  -5.4477256e-01   2.7228076e-02  -9.5310081e-01   2.2786969e+00
   2.0000000e+00   2.5127291e+00   4.2306685e-01   2.4172498e-01  -4.6243813e-01   1.0673471e+00   1.8718594e+00
   2.0000000e+00   1.7498302e-01  -1.1335703e+00   8.5765485e-02   1.8873058e+00  -1.3205387e+00  -2.3732465e-01
   2.0000000e+00   7.3993571e-01  -4.8078009e-01   1.1408083e-01  -4.6057135e-01   1.6234706e+00   2.6398359e-01
   2.0000000e+00   9.8138023e-01   9.7519370e-01  -2.4970878e-01   3.2109279e-01  -5.1069137e-01   1.4149096e+00
   2.0000000e+00  -2.0418068e-01  -1.0601457e+00  -5.9515393e-01  -5.4609301e-01   1.6386437e+00   5.1782392e-02
   2.0000000e+00   1.1269421e+00  -1.5720333e+00   4.2143924e-01  -3.0520724e-01   1.6180360e-01  -6.4088692e-01
   2.0000000e+00   4.2657728e-01  -1.8789487e-01  -2.3009059e-01  -6.4385452e-01  -9.5343692e-01  -9.9578517e-01
   2.0000000e+00  -2.2270343e+00  -6.1292068e-01  -5.0593718e-01   1.5866117e+00   6.3410721e-01  -1.3715725e-01
   2.0000000e+00  -5.2755584e-02   5.0268424e-01   8.3701071e-02  -1.4364048e+00   7.3888119e-01  -4.7085580e-01
   2.0000000e+00   1.4510711e+00   1.6769712e+00   1.8930913e-02  -3.0672241e-02   6.5267831e-01  -7.5873452e-01
   1.0000000e+00   2.2416189e-02  -1.7587195e+00   5.7308981e-01   1.6045030e-01  -9.7899495e-01  -2.2331369e-01
   1.0000000e+00   1.7509456e-02  -2.1019346e-01   1.2232512e-01   2.6423783e-02   1.4959994e+00  -5.5752681e-01
   2.0000000e+00  -4.8459118e-01  -8.6568134e-01  -1.1743120e+00  -1.2644028e-01   4.3028367e-01   1.1792823e+00
   2.0000000e+00   1.4905486e+00   2.2149576e-01  -2.1903016e-01   6.5143726e-01   1.1059152e-01  -6.7867908e-01
   2.0000000e+00  -1.8307705e+00  -4.4743962e-01  -2.8462608e-01  -8.4428891e-01   5.2068931e-01  -2.2865062e-01
   2.0000000e+00  -4.5798836e-01  -1.4300730e+00   6.8902226e-01  -1.2614547e-01  -4.6958894e-01  -1.3729507e+00
   2.0000000e+00  -7.9974530e-01   1.6340107e-01   6.4216812e-01  -1.1026698e+00   8.0456375e-01  -1.5549921e+00
   2.0000000e+00  -2.4329879e+00   9.6775245e-01  -1.5147776e-01  -1.4843950e+00   3.6426201e-02  -1.4077675e-01
   2.0000000e+00   7.3986276e-01  -5.7534583e-01  -1.1853530e+00  -5.0299922e-01  -1.3330528e+00   2.1503432e+00
   2.0000000e+00  -9.6421725e-01   2.1421968e-01  -2.5748427e-01   7.2596508e-01  -2.0279795e+00  -1.3658807e-01
   2.0000000e+00   1.3608432e+00   2.1583692e-01   1.6526085e+00  -2.8295694e-01  -4.0260142e-01  -6.6389336e-01
   2.0000000e+00  -1.0933452e+00  -3.0288974e-01   5.5472360e-02  -1.7286370e+00  -7.0095238e-01   9.8354872e-01
   2.0000000e+00   8.6772758e-01  -9.1624306e-01  -1.1841191e+00   1.3224608e+00  -1.1295162e+00   4.7154681e-01
   2.0000000e+00  -1.0417309e+00   9.0549627e-02  -8.2878047e-01   1.1401567e+00   5.9665937e-01   2.6070016e-01
   2.0000000e+00  -1.4507349e+00   1.0062947e+00   9.7874615e-01  -2.5185867e-01   1.6837917e+00  -7.4654923e-01
   2.0000000e+00   2.2607522e+00  -4.8461815e-01  -3.2802010e-01  -8.4783590e-01   5.3189872e-02  -4.1187720e-01
   1.0000000e+00   4.2281530e-01  -1.2741521e+00  -2.7459374e-01   3.5523235e-01  -7.7167317e-01  -2.3622566e-01
   1.0000000e+00  -1.3547564e-01   1.3169357e-01   9.7135426e-01   5.0234395e-01   5.6548668e-01   2.2549818e-01
   1.0000000e+00  -1.7033908e-01  -8.6199461e-01   2.3488815e-01   4.6725701e-01   9.4533062e-01  -1.3018571e+00
   2.0000000e+00  -1.3946488e-02   2.2194121e+00   4.6408313e-02   1.3253249e+00  -2.3036969e+00  -1.6135444e+00
   2.0000000e+00  -1.6519490e-01  -9.4285927e-01  -5.6026465e-01  -3.3870395e-02  -2.4556461e-01  -6.1206765e-01
   2.0000000e+00  -2.6863141e+00  -1.2254087e+00   1.0333599e+00  -8.6355289e-01   5.4304872e-01   6.0900220e-02
   2.0000000e+00  -1.9110440e+00  -7.2175402e-01   2.5901571e-01  -8.5212920e-01  -1.5705276e+00  -1.3823472e+00
   1.0000000e+00  -3.5538332e-01   1.4853383e+00  -1.2389894e+00   1.0467515e-01  -4.4362608e-01   1.6752181e+00
   2.0000000e+00   1.2274204e+00   5.0718999e-01   7.7454808e-01  -2.2722595e-01  -1.1468436e+00  -3.4130212e-01
   2.0000000e+00  -1.9252139e+00   2.3745134e+00   1.1494883e+00  -1.6942108e+00   9.4439249e-01  -1.5500389e+00
   1.0000000e+00   1.3897066e-01   8.4785628e-01  -8.0886289e-01   6.5403674e-01  -1.2349388e+00   2.2509390e+00
   1.0000000e+00   4.8310184e-01  -1.3351944e-01   5.2119668e-01   1.6308789e-01  -9.1530527e-01  -1.0476133e+00
   2.0000000e+00   1.0675167e+00   7.6074074e-01   1.7283774e-01  -5.4381327e-01  -3.2981688e-01  -1.1481915e+00
   2.0000000e+00  -7.3105555e-02   6.2366830e-01   1.1297703e-01  -8.2878613e-01  -1.9510800e-01   1.2083237e-01
   2.0000000e+00   1.5633164e+00  -2.0404563e-01   2.2478612e+00  -1.8339392e-01  -1.7321716e+00  -1.2386985e+00
   2.0000000e+00  -2.8047901e-01  -1.3336371e-01  -3.5350351e-01   1.0139155e+00  -9.4374816e-01  -2.8254549e-01
   2.0000000e+00   1.2177029e+00  -2.8801396e-01   7.3583553e-01   1.2223076e+00   5.4924534e-01   1.5822849e+00
   2.0000000e+00   6.9721133e-01   6.9323742e-01   8.9522254e-01  -9.3628324e-02  -1.0719024e-01   1.2345262e+00
   2.0000000e+00   3.5301040e-01   1.5536230e+00   3.5159178e-01  -2.0862564e+00  -4.4851893e-01  -1.2653336e+00
   2.0000000e+00   3.9175521e-01   9.0457377e-01  -3.5995644e-01  -5.9870024e-01  -1.9697035e-01  -1.1939586e+00
   2.0000000e+00  -4.0370064e-01   3.8715707e-02  -1.6509278e+00  -2.3357625e-01   7.8484638e-01  -1.3790267e+00
   2.0000000e+00  -1.2343372e+00   4.8415706e-01   1.6640963e+00   1.0065825e-01  -1.2585666e-01  -8.1508533e-01
   2.0000000e+00  -3.0548541e-01  -6.2161417e-01  -5.8331870e-01  -1.4648758e-01   9.1934599e-01   1.5509498e+00
   2.0000000e+00  -1.0494425e+00   2.8834404e-01  -1.7718946e-01   2.4147621e-01  -2.0964802e+00  -1.2055914e-03
   2.0000000e+00   1.1207030e+00  -1.3831422e+00  -1.6297612e-01  -8.4572217e-01   7.9610414e-01  -5.5885262e-01
   2.0000000e+00  -4.6421773e-01  -2.7251720e-01   1.0199895e+00   1.5977451e+00  -5.8135091e-02   5.2268312e-01
   1.0000000e+00   8.0631930e-01  -1.0945468e+00   1.4266351e-02   3.7770024e-01  -2.1984476e+00   7.7080498e-01
   2.0000000e+00  -2.6739971e-01   4.4592057e-01  -5.0500436e-01  -5.4426597e-01  -4.7482229e-01   1.6081693e-01
   2.0000000e+00  -1.2057520e+00   7.7892249e-01   3.4195493e-01  -3.8156401e-02  -4.4767244e-02   5.3721210e-01
   1.0000000e+00  -2.2508435e-03   9.0449519e-01  -5.2294164e-01   6.2601026e-01  -2.6006991e-01   2.6304814e-01
   2.0000000e+00   1.5081550e-01   1.0873682e+00   4.2815779e-02  -7.5592089e-01  -1.1750744e-01   5.5827513e-01
   2.0000000e+00  -8.6433361e-01   4.8811508e-01  -2.1021924e+00  -1.8411162e-02   5.6517928e-01  -3.0813099e-01
   2.0000000e+00   9.8938082e-02  -1.5798390e+00  -7.2778800e-01   1.1791463e+00   1.1036516e-01   2.7950275e-01
   2.0000000e+00  -1.4331627e+00  -1.4571181e+00   6.6678079e-01  -7.5528471e-01  -4.8649535e-01  -5.4314079e-01
   2.0000000e+00   5.1706849e-01   3.2828606e-01  -1.3187428e+00   1.1269068e+00   1.2094778e+00  -7.8090767e-01
   2.0000000e+00  -5.1764546e-01   1.8551207e+00   7.7776214e-01  -3.9604890e-01  -1.1908722e+00  -6.3493639e-02
   2.0000000e+00   5.0891397e-01  -5.1468381e-01   1.4098232e+00  -4.7150689e-03   1.2709286e+00  -9.9892686e-01
   2.0000000e+00   1.2929385e+00   1.3479527e-01  -1.3334451e+00  -1.6690467e+00   1.2792718e+00  -3.6035598e-01
   2.0000000e+00   9.0420365e-01  -1.1977830e+00  -3.0454647e-01  -2.3292348e+00   1.5286465e+00   6.3773087e-01
   2.0000000e+00  -8.5051820e-01   2.1299620e+00   9.8814757e-01   1.9799701e+00   2.5266240e-01   2.6838160e-02
   2.0000000e+00   5.8013618e-01  -1.6281711e+00  -8.4697917e-01  -9.3891735e-01  -1.9346048e+00  -9.3660866e-01
   2.0000000e+00   1.0618457e+00   1.8634994e+00   1.5761080e+00  -8.7895382e-01  -1.1747700e+00   8.2057198e-01
   2.0000000e+00   1.6682725e+00   1.0759659e+00  -1.1170621e+00   1.3116548e+00  -1.1873273e+00   6.5719847e-01
   2.0000000e+00   6.7876587e-01  -2.3018027e-01   2.0134449e+00  -2.8824027e-01  -1.6308184e-01   9.8808400e-01
   2.0000000e+00   1.1221186e+00   2.3828809e+00   8.6721635e-01   7.4455014e-01  -1.2003767e-01   1.4792623e-01
   2.0000000e+00  -2.0680307e-01   2.0141234e+00  -3.6370642e-01  -2.7575736e-01   1.2560475e+00  -1.3254354e+00
   1.0000000e+00  -3.2065136e-01  -9.2658378e-01   1.7525492e-01   3.3884223e-03   3.1490101e-02   1.2096749e+00
   2.0000000e+00   2.5361488e-01  -8.0089967e-01  -1.7901301e+00  -4.3460690e-01  -2.9621009e-02   2.7690386e+00
   2.0000000e+00  -2.2834988e-01  -3.8730683e-01   5.9919784e-01  -2.7624001e+00   7.7814081e-01   6.6228251e-01
   1.0000000e+00  -3.1057881e-01  -2.1423271e-01  -2.0927190e-01   2.0108505e-01  -1.0142377e+00  -5.5126299e-03
   2.0000000e+00  -1.4202037e-01   5.6497788e-01   2.8891313e-01  -9.2975988e-01  -1.0919534e+00   4.4079442e-01
   2.0000000e+00   8.6188054e-01  -1.0651216e-02  -2.0176362e+00  -1.0029803e+00  -3.6690368e-01  -1.0792611e+00
   2.0000000e+00  -3.2264990e+00   1.8210607e-02   1.4223982e+00   8.3507493e-01  -5.9326886e-01   2.4304336e-02
   2.0000000e+00  -1.0860474e+00  -1.8217267e+00   1.0575033e+00   3.4460252e-01   1.5895841e-01  -1.0913150e+00
   2.0000000e+00  -1.5985730e+00  -4.5782375e-01   4.2673516e-01  -1.4663316e+00   7.2647414e-01   2.1680928e-01
   2.0000000e+00  -3.6403102e-01  -1.0133944e+00   5.9046089e-02  -2.9098847e-01  -1.3279870e+00  -1.1089019e+00
   2.0000000e+00   1.1420747e+00  -3.5555061e-02  -1.4230224e+00   7.7783649e-01  -1.9913875e-01   3.9863212e-01
   1.0000000e+00  -6.3600694e-01  -5.2560971e-01  -1.2712015e-01   7.0562451e-01   1.0643861e-01  -3.5967621e-03
   2.0000000e+00  -5.7051658e-01   4.3684091e-01   7.8628462e-01  -1.0361479e+00   7.4676340e-01  -1.3786378e+00
   1.0000000e+00  -1.9443830e-01   2.8507686e-01   1.9820560e-01   2.5951142e-01  -1.0880251e-01   8.2962279e-01
   2.0000000e+00   1.2512206e+00  -1.1310492e+00   1.7972559e+00   3.1357869e-01  -1.0639201e-01   7.2998240e-01
   2.0000000e+00   1.3398371e+00  -3.5512640e-01   4.7236574e-02   1.3257929e+00   1.0608114e+00  -1.1010586e+00
   2.0000000e+00   2.0920479e+00   8.7852502e-01  -7.3826545e-01  -8.8198995e-01   5.3863630e-02   1.1664994e+00
   2.0000000e+00   4.9734994e-01   4.3339655e-01   4.1850962e-01   9.8024769e-01  -3.0644145e-01  -1.5074176e-02
   2.0000000e+00  -8.4968962e-01  -1.1598493e+00   1.7678902e+00  -8.8750262e-03   1.5779124e+00  -6.2256050e-01
   2.0000000e+00  -2.2364135e-01  -1.8353640e-01   1.0290007e-01   1.3519659e+00   1.0547504e+00  -5.7477395e-01
   2.0000000e+00  -1.5155435e+00   9.7959303e-01   2.0291007e-01   9.9866929e-01  -8.8093479e-02  -1.6791235e-02
   2.0000000e+00  -1.7537698e+00   1.2698079e+00   5.7686706e-01  -9.2454706e-01   1.0812900e+00   2.4674325e+00
   2.0000000e+00   1.1580431e+00   3.6046508e-01  -8.3545465e-01  -1.3904196e+00   7.8919171e-01   2.3641448e+00
   2.0000000e+00  -1.8145489e+00   4.0983317e-01  -7.4830990e-01  -1.1867536e+00   7.7331195e-01   2.2058535e-01
   2.0000000e+00  -8.2960652e-01  -1.1100913e+00  -3.3858907e-01  -2.5715157e-01  -1.0972442e+00  -1.1345754e+00
   2.0000000e+00   6.6437633e-04  -1.0696668e+00  -7.7802453e-01  -3.5681030e-01  -5.8104192e-01  -1.1600447e+00
   2.0000000e+00   2.2616352e-01  -3.3064608e+00   2.9775643e-01   1.3296020e+00   2.0463955e+00   7.3733059e-01
   1.0000000e+00   2.4198508e-01  -6.9474505e-01   3.3003188e-01   1.6878277e-01   6.9398958e-03   1.3991271e+00
   2.0000000e+00  -1.6180577e-01   6.5744726e-01  -1.1355898e+00  -1.1691724e+00   1.4993995e+00  -2.2561991e+00
   2.0000000e+00  -2.0075535e+00   5.5021340e-01  -1.1009149e+00   6.5976621e-01  -8.0300719e-01  -7.9680829e-01
   2.0000000e+00  -1.9897088e-01  -4.6507908e-01  -1.7789386e+00   2.0088222e+00  -4.2468181e-01  -6.8552458e-01
   2.0000000e+00   1.3321042e-01   3.4977095e-01   9.2388302e-01  -1.5194658e-01   5.5150428e-01  -2.9241939e-02
   2.0000000e+00   2.0663757e+00   1.2685808e+00   1.5353971e-03  -6.2269464e-01  -1.8550646e+00   1.5117016e+00
   2.0000000e+00   1.6523122e+00   1.4669214e-01   1.7575774e-01  -1.4300947e+00  -1.5659878e-01   3.6907655e-01
   1.0000000e+00  -1.8115194e-01   1.0849568e+00  -3.5595549e-01   6.8866086e-01   8.6397614e-01   4.8135448e-01
   2.0000000e+00   5.6140005e-02  -3.2148053e-02  -8.9806146e-01   1.2882756e+00   1.0150267e+00   1.4158330e+00
   2.0000000e+00   1.1503523e+00  -1.2801080e+00   6.9337090e-01   2.5732899e+00   1.3171395e+00   1.8935279e-01
   2.0000000e+00   5.0354741e-01  -2.1476301e-01  -6.7645596e-01  -1.5387026e+00  -3.8891663e-03  -3.3759334e-01
   2.0000000e+00  -1.2727481e+00   1.0819944e-01  -1.4221507e+00   4.8899265e-01  -1.8030749e+00   4.7948039e-01
   2.0000000e+00   1.4270601e+00   8.3874834e-01  -7.5232316e-01  -4.5086539e-01   8.4915558e-01   4.7611560e-01
   1.0000000e+00  -1.1920591e-01   3.8736774e-01  -1.2050286e+00   6.8549169e-01  -4.6381845e-01   6.9399439e-01
   1.0000000e+00   3.9656077e-01   4.7019862e-01   7.6752140e-01   8.6439626e-01  -4.3378333e-01   6.0197571e-01
   1.0000000e+00   7.1043683e-01  -2.0592923e+00  -1.8372017e-02   1.0426999e-01   2.3261456e+00   1.4273850e-01
   2.0000000e+00  -1.1831971e+00   5.5501903e-01  -1.7419482e+00   5.4661808e-01   1.5582305e+00  -3.1827954e-01
   2.0000000e+00   1.4933971e+00  -1.1264860e+00   9.4051105e-01  -1.3488192e-02   1.3812799e+00   7.0965071e-01
   2.0000000e+00  -8.2559285e-01   2.4388808e+00  -5.1661446e-01   1.1653843e+00  -4.7656945e-01  -3.0088092e-01
   1.0000000e+00  -4.5248429e-01  -3.0753084e-02  -2.4154147e-01   6.6770366e-01  -2.9333001e-01   1.4812456e+00
   2.0000000e+00   3.2849200e+00  -4.2876934e-01  -2.1864436e-01  -4.2748269e-01  -1.0239964e-01   5.8146175e-01
   2.0000000e+00   6.7013133e-02  -1.0379024e+00  -3.0754117e-01  -2.6026358e-01  -1.5471590e+00   2.3091704e-01
   2.0000000e+00   1.5812069e+00   3.9305064e-01   1.6162517e+00   1.4338472e+00  -5.2417047e-01  -4.0270337e-01
   2.0000000e+00   1.9014126e+00   2.1167633e-01   5.4696368e-01  -8.5891375e-01  -2.2258517e-01   1.0815500e+00
   2.0000000e+00  -1.7985558e+00  -2.0177932e+00   9.0055201e-01  -1.7106545e+00   2.5222360e-01   2.1525160e+00
   2.0000000e+00   9.8884728e-01   6.2448009e-01   3.5261961e-01   1.9608856e-01   3.0368627e-01  -4.1761258e-01
   2.0000000e+00  -2.0744778e+00  -8.4095218e-02   8.5146013e-01  -7.7354544e-01  -3.0566602e-01   3.9827676e-01
   2.0000000e+00   7.4651550e-01   1.6250433e-01  -2.3161729e+00  -1.2079981e+00  -1.3991002e+00  -9.6849220e-01
   2.0000000e+00   1.2254615e+00   5.6376483e-02  -1.4116231e+00  -2.9068030e-01  -1.5045855e+00  -2.0741098e+00
   2.0000000e+00   2.1482955e+00  -1.8941295e+00  -1.2718254e+00   1.5146479e+00   1.1845982e+00   1.8713870e+00
   2.0000000e+00  -5.3070631e-02  -3.9426077e-01  -1.1840369e+00   1.9633825e+00   6.1305125e-01   6.9291271e-02
   2.0000000e+00  -5.7573585e-01  -1.6823831e-01   2.2638640e+00   6.8890058e-01  -1.0063085e+00   1.4950445e-01
   2.0000000e+00   9.6785152e-01  -1.0435295e-01   1.5571749e+00  -4.1283327e-01  -5.5004806e-01  -4.3293330e-01
   2.0000000e+00  -1.4398071e+00   1.3333524e+00   2.0533802e+00  -1.3416829e+00  -1.3334350e-01   1.1049278e-01
   2.0000000e+00  -1.0220775e-01   2.9886034e-01   7.2369526e-01  -1.3699931e+00   1.5598162e+00   8.0071947e-01
   2.0000000e+00  -1.3731489e+00   7.1171565e-01  -1.1033440e+00  -1.3453849e-01   1.6787564e+00  -1.6966100e+00
   1.0000000e+00  -4.7447695e-01  -2.3984037e+00   3.8100921e-01   5.8904839e-01  -6.6948691e-01   1.2231907e+00
   1.0000000e+00   2.0364929e-01  -6.2221629e-01  -6.5926503e-01   1.2186307e-01   1.8934527e-01   2.3710303e+00
   2.0000000e+00  -1.3277410e+00  -1.0062299e+00   1.0083255e+00   1.0470725e+00   1.6973524e+00   9.5259457e-01
   2.0000000e+00   8.2039670e-01   1.0939181e+00  -8.1538026e-02   1.8707876e+00  -6.3539096e-01   5.6507063e-01
   2.0000000e+00  -1.2971462e+00   1.0153913e+00   8.7898576e-01   7.3195584e-02  -2.2906943e+00   2.5017940e-01
   2.0000000e+00  -2.5219325e-01  -1.0376364e+00  -2.5281157e-01  -2.9510742e-01  -2.4421870e+00  -7.2361970e-01
   2.0000000e+00   1.3348854e+00  -6.4489814e-01   1.2256968e+00  -7.5571617e-02   1.6518450e-01  -6.5968476e-01
   2.0000000e+00  -2.3281526e-01  -9.5525202e-01  -1.6306167e+00  -7.6476276e-01   2.3176689e-01   1.5019332e-01
   2.0000000e+00  -7.6684356e-01  -5.3303393e-01   1.3082391e+00   1.3247184e+00  -3.2426705e-03   4.6380304e-01
   2.0000000e+00  -2.4254557e-01  -6.4317030e-01   1.5404076e-01  -7.5634110e-01  -1.5643372e-01   1.1268809e+00
   1.0000000e+00   1.7399389e-01  -7.6512338e-01  -8.7713169e-01   5.2229823e-01  -1.1817131e+00   4.1999377e-01
   2.0000000e+00   1.6443687e+00  -9.0667618e-01  -7.5991866e-01   1.3722392e+00   1.3604564e-01   5.9264450e-01
   2.0000000e+00  -8.3277691e-01  -2.1800449e+00  -8.1434061e-01  -8.8336818e-01  -6.4275711e-01  -9.5175521e-01
   1.0000000e+00   8.1136326e-03  -1.7469474e+00   1.0789289e+00   7.7626654e-01   1.9119573e-01   3.4046679e-01
   2.0000000e+00   1.1942917e+00  -7.4915548e-01   2.3609310e-01  -2.7603663e-01  -1.3449091e+00   6.6177658e-01
   2.0000000e+00  -1.1757528e-01  -1.3565755e+00  -1.4632114e-02  -5.5167672e-01  -1.0574607e+00   5.1292158e-01
   2.0000000e+00   1.1682174e+00   1.5424131e-01  -3.6368872e-01  -3.9378769e-01  -1.4832134e+00  -1.3222360e+00
   1.0000000e+00   6.9012145e-01   2.2508844e+00  -6.1139310e-01   7.1780315e-01  -1.3230500e+00  -1.1788374e+00
   2.0000000e+00  -3.6231861e-02   2.3493093e-01  -3.3376958e-01  -4.6612942e-01   7.3940173e-01  -1.3284261e+00
   2.0000000e+00  -1.5206240e+00   1.2160885e-01   1.3365468e+00  -1.3687742e-02   9.4923508e-01   1.6836080e-02
   2.0000000e+00   5.3283539e-01   1.0335495e+00   1.0606501e-01  -2.3094029e+00   1.6802785e+00   1.0333004e+00
   2.0000000e+00  -1.0625091e+00  -7.7545211e-01  -1.0692659e+00  -1.9077506e-01  -6.9150942e-01  -4.5838518e-01
   2.0000000e+00  -5.4878472e-01   8.5305635e-01  -1.4649756e+00  -4.4692080e-01  -3.2727047e-01  -6.4952461e-01
   1.0000000e+00   5.4648040e-01   1.0523586e+00  -7.2764960e-01   6.6500288e-01  -1.0504196e-01   1.6807606e+00
   2.0000000e+00  -6.4505359e-01   1.9687659e+00   1.1707580e+00  -2.5797970e+00   1.1402022e+00  -2.2957013e-01
   2.0000000e+00  -2.8234356e+00  -9.0451081e-01  -3.8691083e-01  -3.2503982e-01   3.1311259e-01   1.4896286e+00
   2.0000000e+00   5.7170247e-01  -2.7146086e-01   4.2699156e-01  -2.1960528e+00   2.8741680e-01  -4.8573149e-01
   2.0000000e+00  -8.2349283e-01  -1.6314890e-01   1.2793992e+00  -2.8648616e-01   3.2743253e-01  -6.2608374e-01
   1.0000000e+00   2.6031053e-01  -1.9317832e+00  -2.5181281e-01   4.9990059e-01  -6.9794543e-01   3.8935211e-01
   1.0000000e+00   6.6187580e-01  -1.8338161e+00   2.2096403e-01   1.2229254e-02   1.4459171e-01   2.5470815e-02
   2.0000000e+00  -4.2655779e-01   3.0387204e-01  -1.4460829e+00  -9.5264452e-01   1.2661652e+00   6.2397582e-01
   2.0000000e+00  -1.6289287e+00  -1.1781047e-01   2.1775751e+00  -9.9963331e-01  -7.4459275e-01  -4.3419873e-01
   2.0000000e+00  -1.1204198e+00  -9.1062061e-01   8.9801922e-01  -5.1190962e-01   3.7654120e-01   8.8012039e-01
   2.0000000e+00  -1.3410908e+00   2.2621283e+00   3.8791191e-01   2.5968155e+00   3.7831036e-01   8.4183302e-01
   2.0000000e+00  -8.7545580e-01  -1.7802199e+00  -4.2483819e-01  -5.7506880e-01   8.1160620e-01  -8.9162559e-01
   2.0000000e+00  -3.6575571e-01  -5.0237747e-01  -1.2377118e-01   1.4453608e+00   1.3970781e+00  -1.9465168e-01
   2.0000000e+00  -5.0264782e-01  -8.9945794e-01  -1.9117231e+00   6.8755470e-01  -7.6861843e-01  -1.0595960e-01
   2.0000000e+00   4.5905765e-01  -1.3322343e+00  -1.3340170e+00  -7.3592932e-01  -4.0035876e-01   6.0942915e-02
   1.0000000e+00  -3.3017886e-01  -8.7405513e-01  -3.4199456e-01   3.2363190e-01   6.0007748e-01   2.6340463e-01
   2.0000000e+00   8.1026228e-01   8.2474304e-01   7.4934325e-01  -1.1363925e-01   4.2660581e-01   1.1649437e+00
   2.0000000e+00  -1.1004498e-01  -1.0107468e+00   1.2278987e+00   1.3378678e+00  -1.1316135e+00   2.1761574e+00
   1.0000000e+00   7.5041633e-01  -1.0603705e+00  -1.3168153e+00   2.2401547e-01  -1.0787055e+00  -5.6477229e-01
   1.0000000e+00   5.3939456e-02   2.9889729e-01  -8.0810838e-01   3.6832948e-01  -3.1945560e-01   3.4780162e-01
   2.0000000e+00   2.2052656e-01   2.3785570e-01  -1.6295943e+00  -6.8757794e-01  -1.9311078e-01  -4.2719890e-01
   2.0000000e+00  -1.0315925e+00   1.2284519e+00   1.0974529e+00   5.6309225e-01   3.3794415e-01  -3.2321022e-01
   2.0000000e+00   9.6660052e-01  -2.9939058e-02   9.5844778e-01   5.5488241e-01   1.4411097e-01  -8.7021327e-02
   1.0000000e+00   9.1272776e-01  -6.9310501e-01   8.1606248e-01   5.9395013e-02   3.1787358e-01  -8.6945790e-01
   2.0000000e+00   1.6972532e+00  -3.4710170e-01  -1.0931422e+00  -2.5961088e-01  -2.6672572e-01   1.1273394e+00
   2.0000000e+00  -1.8461564e+00  -4.2237308e-01   4.5483872e-01  -2.9129319e-01   1.8377282e+00  -2.5051726e+00
   2.0000000e+00  -3.4534653e-01   1.3628032e+00  -4.9998879e-01  -6.7601404e-01   1.3207797e+00  -4.4834536e-01
   1.0000000e+00  -9.0994884e-01  -9.1976643e-01  -1.4121151e+00   2.2515759e-01   4.3260046e-01   1.8044353e-01
   2.0000000e+00   3.6746841e-01  -8.5616439e-01   1.5368633e+00  -2.5974897e+00  -4.9656090e-01   4.0280522e-01
   1.0000000e+00  -1.2188957e-01  -1.1180520e+00  -2.4400015e-01   5.1523747e-01  -9.8200898e-01   1.0079137e+00
   2.0000000e+00   1.3490608e+00  -8.3705282e-01  -1.1611392e+00  -2.6736434e-01   6.3138955e-01  -4.4877310e-01
   2.0000000e+00   1.0239864e+00  -1.0615057e+00   8.5180653e-01   6.0019729e-01   7.1977016e-01   4.1657230e-01
   2.0000000e+00  -1.2336888e+00  -1.1665247e+00  -5.2829436e-01   1.1037829e+00   8.6946459e-02  -9.9417076e-02
   2.0000000e+00  -7.6438419e-01   1.9974536e+00  -6.5031233e-01  -1.6048308e+00  -1.0983788e+00   7.0553353e-01
   2.0000000e+00   8.5214477e-01   1.8041578e+00   1.1373827e+00   2.4696640e+00   8.7984458e-01  -1.0867622e+00
   2.0000000e+00  -3.6048372e-01  -2.0045890e+00   5.1131640e-02  -1.2215176e+00   4.6584238e-01   8.6874157e-01
   2.0000000e+00   7.0886072e-01  -5.2594114e-01   6.7275175e-01  -5.6557203e-01  -6.4461733e-01  -6.6584309e-01
   2.0000000e+00   1.1571861e+00  -8.0832956e-01   2.6405476e-01  -2.3801768e+00   5.7547201e-01   5.1209510e-01
   2.0000000e+00   1.0444748e+00   4.9031915e-01  -2.1347351e-02   7.1581218e-01  -1.7653957e+00   7.2013382e-01
   2.0000000e+00   9.7480836e-01  -8.3695772e-01  -7.8674495e-01  -8.3515580e-01  -5.0956141e-01   5.5437393e-01
   1.0000000e+00   3.0556331e-01   4.7664721e-01   1.0759981e+00   8.7162470e-02  -2.1877219e-01   1.4024554e+00
   2.0000000e+00  -5.1886428e-01  -1.4747247e+00  -1.6353397e+00   8.6567733e-01   1.7992268e-01   6.7127018e-01
   2.0000000e+00  -3.4584875e-01  -3.7448255e+00  -8.4199328e-01  -9.2482001e-01   4.9298104e-01   3.2981759e-01
   2.0000000e+00   1.4381502e+00  -1.1475003e+00   1.1114194e-01   2.1679477e-01   2.0009588e-01   1.3143012e+00
   2.0000000e+00  -1.1419962e-01  -1.3233902e+00   2.9377776e-01  -9.4911518e-01  -4.7487451e-01  -1.8078640e+00
   2.0000000e+00   5.2760181e-01  -2.9472952e-01  -1.3024889e+00  -3.2192089e-01  -1.7145897e-01  -6.5432920e-01
   2.0000000e+00   1.4010594e+00   1.8017498e-01  -5.9367867e-01   2.6683723e-01  -4.9803562e-02   5.4500162e-03
   2.0000000e+00   2.1222009e-01   7.9713073e-01  -4.2183943e-01  -2.1580043e+00  -3.8202671e-01   2.1799616e-01
   2.0000000e+00   4.4115855e-01  -7.6709492e-01   5.6008911e-01  -1.9610421e+00  -1.0602057e+00  -1.7699516e+00
   2.0000000e+00   1.3766546e+00   6.7516735e-01   3.8604536e-01   5.0154249e-01  -8.6388152e-01   1.8532570e-02
   2.0000000e+00   1.0456187e+00  -6.8500318e-01   7.2596195e-02   1.7923522e+00   1.0929182e+00  -1.0529070e+00
   2.0000000e+00  -1.6361593e-01  -8.2741183e-01  -7.9144158e-01   1.2692112e+00   4.9476425e-01  -9.9168746e-02
   2.0000000e+00   8.7288495e-01  -1.3458282e+00   1.8614377e+00  -5.0056611e-01  -8.1312920e-01  -1.2172203e+00
   1.0000000e+00  -1.5870559e-01   4.2453930e-01   3.2052144e-01   4.6940283e-01   2.5318831e+00  -2.8613685e-01
   2.0000000e+00   3.3594782e-01  -1.4600255e-01   3.0364385e-01  -1.4037577e+00   9.5808397e-01  -2.5051034e-02
   2.0000000e+00   1.0198591e+00  -6.1890609e-01   2.3574817e+00   2.1184576e-01  -8.0297418e-01   1.0959565e+00
   1.0000000e+00   4.7248039e-01  -7.4203634e-02   2.3490629e-01   3.5041425e-01   1.0449839e+00   2.3524094e-01
   2.0000000e+00   8.4653294e-01   9.3643509e-01  -1.1899574e-02   1.8927684e+00   1.1181441e+00   9.9944708e-01
   2.0000000e+00  -9.4514658e-01   1.5148521e-01  -1.5840944e-03  -2.8529663e-01   1.3930977e-01  -2.7660143e-01
   2.0000000e+00  -4.2197906e-01  -1.0241926e-01  -2.4061532e+00   6.0415087e-01   5.9879918e-01  -1.1238626e+00
   2.0000000e+00   1.0996555e+00   9.7048252e-01   4.1764236e-01   1.4149225e+00  -1.3282069e-01  -4.2734211e-01
   2.0000000e+00  -9.4307189e-01   6.0076994e-01  -1.0870124e+00   9.3901878e-01  -3.4102085e-01   5.9496488e-01
   2.0000000e+00   3.8277824e-01   7.3665686e-01   1.0214383e+00  -7.2136585e-01   5.9025464e-01  -1.8339087e+00
   2.0000000e+00   6.6113909e-01  -7.7949683e-01  -7.3777829e-01  -1.5004319e+00   1.3306486e-01   2.8710186e+00
   2.0000000e+00   5.0504917e-01  -1.4844045e+00   3.2240736e-01  -6.8864407e-01   1.0547817e-01  -2.0687445e-01
   2.0000000e+00  -5.1698379e-01  -1.1266062e+00   2.7726918e-01  -9.7280997e-01   8.5575230e-01   1.0353704e+00
   2.0000000e+00   8.1840271e-01  -9.7268364e-01  -8.5088257e-01   6.9895505e-01   7.1825027e-02  -1.1054792e+00
   2.0000000e+00  -2.1262207e+00  -4.6906599e-01   5.1796513e-01   2.5032381e-01   1.7494934e+00   1.5913869e+00
   1.0000000e+00   3.3761993e-01   5.7215768e-01   1.7331452e+00   8.5014691e-01  -1.3088432e-01   8.8090936e-01
   2.0000000e+00   4.0800721e-01  -2.7560639e-01   6.2273558e-02  -1.2175818e+00  -1.0957744e+00   1.1133098e+00
   2.0000000e+00  -2.6270940e-01   1.8296743e+00  -2.8271358e-01  -1.3119308e+00  -1.7490773e-01  -6.6730387e-01
   2.0000000e+00  -8.2615592e-01  -1.4985689e+00  -3.1701663e-01  -4.1180967e-01  -2.5773705e-01   2.4674832e-01
   2.0000000e+00   2.5763220e-02  -9.6798679e-01   1.4396872e+00  -1.0806759e+00  -1.2123299e+00  -3.9135007e-01
   2.0000000e+00   3.1121577e-01   3.0476335e-01   8.7324169e-01  -3.8986942e-01  -1.3410911e+00   3.4324447e-01
   2.0000000e+00   2.8771927e-01   3.3778795e-01   4.3515368e-01  -1.9538247e-02  -2.0475707e-02  -1.0432051e+00
   2.0000000e+00  -1.3982254e+00  -5.6823407e-01   3.6669907e-01   6.5400758e-01  -1.5177674e-01  -3.8749072e-01
   2.0000000e+00  -1.6640425e+00   2.6449379e+00   8.6050368e-01   4.5192772e-01  -8.5898819e-01   3.6882450e-01
   2.0000000e+00   1.3879049e+00   7.3558848e-01   1.1411660e+00  -8.2794513e-01  -1.0478860e+00   1.4347564e+00
   2.0000000e+00  -1.1675357e+00   1.7217666e-03  -5.7990551e-02   1.0982693e+00   1.0348361e+00   1.7290931e-01
   2.0000000e+00   4.1383077e-01   1.4869388e-01  -1.6019216e+00   1.2969588e+00  -1.3916782e+00  -8.5614738e-01
   2.0000000e+00  -5.6644661e-01  -9.1625742e-01   1.4338495e+00  -3.4957889e-01  -7.6769487e-01   1.4797939e+00
   2.0000000e+00  -1.0349500e-01   1.3953550e+00  -1.2852498e+00  -1.5828041e+00  -8.2617365e-01   8.0079218e-01
   1.0000000e+00   1.4345519e-01  -6.8643001e-01  -1.0020892e+00   6.6930083e-01   3.8685444e-01  -7.2276655e-01
   2.0000000e+00   1.7033716e+00   5.8087999e-01   3.4928188e-02   2.1008675e-01   2.1530188e+00  -1.7501842e+00
   2.0000000e+00  -1.2370495e-01  -9.7803291e-01   7.2529483e-01   1.1768775e+00   8.9234468e-01   1.1297262e+00
   2.0000000e+00  -6.9340441e-01  -6.0810610e-02   2.0444913e+00  -7.3129083e-01  -1.2172491e+00  -2.6304483e+00
   2.0000000e+00   1.5548647e+00  -5.6991730e-01  -1.0924049e+00   1.7938553e+00  -3.8312397e-01  -6.6958608e-01
   2.0000000e+00   3.1670865e-02   1.9024115e-01   9.0395364e-01   1.0376222e+00  -7.9879739e-01  -6.6867191e-02
   2.0000000e+00  -2.3667113e+00  -1.4007881e+00  -1.8618913e+00  -5.5710247e-01  -1.2231376e+00  -8.8109156e-01
   2.0000000e+00   1.3219482e-01  -1.2998145e+00   6.8126169e-02   1.5129866e+00   6.3028277e-01  -9.3405855e-01
   2.0000000e+00  -2.4914829e-01   4.3283594e-01  -1.4316094e-01  -7.6568446e-01  -1.3021811e+00  -8.8988029e-01
   2.0000000e+00   1.2781480e-01  -1.6174795e+00   3.5666853e-02  -1.3185025e+00   2.5179690e-01   1.1123662e+00
   2.0000000e+00   1.0643649e-01  -1.3925467e+00   1.5959407e+00  -1.9844735e+00   1.0564865e-01  -2.0872914e+00
   2.0000000e+00   9.8936016e-01  -8.9169068e-01  -1.4605371e+00   9.6405973e-01  -3.3962730e-02   1.8748668e+00
   2.0000000e+00  -9.0088172e-01  -4.8070142e-01  -1.4565489e+00  -5.8152018e-01   1.1058287e+00  -2.1738156e-01
   2.0000000e+00   8.0026951e-01  -3.7287316e-01  -9.2942305e-02   8.5317393e-01   8.5088430e-01   8.6239497e-01
   2.0000000e+00   4.8742306e-01   4.4447829e-01   1.4057908e+00  -9.4250366e-01   6.4056116e-01   3.4324526e-01
   2.0000000e+00  -1.8482319e+00   3.6276437e-01  -6.6502614e-01  -2.0308938e-02  -4.6090123e-01   1.9158134e-01
   2.0000000e+00  -1.0681221e+00   2.5084855e-01  -1.8027539e+00  -5.5923765e-01   1.1869197e+00  -1.3624596e+00
   2.0000000e+00  -6.5179938e-01  -7.4460722e-01   1.7591141e+00   1.5272029e+00   7.3497024e-01  -6.6668966e-01
   1.0000000e+00   5.8577502e-01  -4.2934243e-01  -4.9540126e-01   4.5372838e-01  -1.0265268e-01   2.1117011e-01
   2.0000000e+00  -1.2114280e+00   7.2076371e-01  -6.4777966e-01   1.8231156e+00  -6.2977316e-01   1.2594117e+00
   2.0000000e+00  -1.2607075e+00   2.2658203e+00   9.1022890e-01   1.0419601e+00  -1.3405021e+00  -7.8390589e-01
   2.0000000e+00  -8.8593640e-01   2.0563702e+00   1.0901929e+00   8.2703582e-01  -4.9546341e-02  -8.0086780e-01
   2.0000000e+00   1.2368922e+00  -3.3858684e-01   1.4988611e+00  -1.6362143e+00   9.9862197e-01  -4.3463494e-01
   1.0000000e+00   1.8729270e-01   2.2819362e-01   9.9708351e-01   8.2361740e-01   6.9283106e-01  -1.2027793e-02
   2.0000000e+00  -1.2482784e+00   9.7474336e-01  -8.3499414e-01   3.5839471e-01   6.4332376e-01  -1.8722794e+00
   2.0000000e+00   9.6387564e-02  -1.2506143e-01  -7.8733746e-01  -2.9957467e-01   2.2537793e+00   6.6791246e-01
   1.0000000e+00  -6.6173691e-02  -1.3207586e-01  -1.3734147e+00   5.9950390e-01  -2.4818114e-01  -9.9283075e-01
   2.0000000e+00   6.1462392e-02  -1.6621994e+00   2.7293178e-01   2.5093386e+00   1.4614245e+00  -1.5492704e+00
   2.0000000e+00  -1.9871756e+00   1.1242570e+00   5.3306631e-01   3.9766097e-01   1.1116705e+00   3.2389846e-01
   2.0000000e+00   5.7931908e-01   1.6461591e-02   1.0374258e+00   1.8832156e+00   9.1607187e-02  -1.0203801e+00
   1.0000000e+00  -1.8303756e-02  -3.2506800e-01   2.1590599e-01   2.6276880e-01   9.1472371e-01  -2.0032620e-01
   2.0000000e+00   2.0232150e-01  -5.8373485e-01  -1.9977785e-02  -4.3494928e-01  -7.3859744e-01   1.4860671e+00
   2.0000000e+00   1.1165914e+00  -3.0154453e-01  -2.5160992e-01  -1.6588194e+00  -1.1487803e+00  -9.5271573e-01
   2.0000000e+00  -9.1140904e-01   1.1094700e+00   2.6607404e-02   1.1474478e+00   1.0654138e+00  -8.8651811e-02
   2.0000000e+00  -3.4151586e-01  -3.4092329e-01  -3.8527689e-02  -4.9534419e-01  -1.5332659e-01  -1.9670770e+00
   2.0000000e+00   1.0383999e+00   1.1634760e-01   5.0560029e-01   6.1373428e-01  -3.2771082e-01   1.9855779e-01
   2.0000000e+00   1.3749436e+00  -6.8338712e-02   2.8135952e-01  -5.1742492e-01  -5.0907794e-02  -3.4487217e-01
   2.0000000e+00   1.7000349e+00  -1.1675097e-01  -4.8905407e-01   4.2817200e-01   1.9720658e-01  -9.1270697e-01
   2.0000000e+00   7.9482476e-01  -3.8714756e-01  -3.7766621e-01  -3.8325325e-01   1.5814151e-01  -1.7198346e+00
   2.0000000e+00   6.3850277e-01  -8.5693846e-01   4.0328198e-01  -5.1702013e-01  -4.6910599e-01  -1.0984084e+00
   2.0000000e+00   1.1206521e+00  -5.5692367e-01   3.6844050e-01   1.8240913e+00   3.1143465e-01   3.1965962e-01
   2.0000000e+00   1.1084889e+00   1.0299627e-02  -3.7780630e-01   2.4237933e-01   1.0152554e+00   1.2093044e+00
   2.0000000e+00   2.9656511e-01  -9.3301229e-01  -1.4107287e+00  -3.9134336e-01   1.2450465e+00   1.6022255e+00
   2.0000000e+00  -1.2731177e-01  -5.5316835e-02   2.0939579e+00   1.1386120e-01   9.1503302e-01   5.7168565e-01
   1.0000000e+00  -4.9959167e-01  -1.5991171e+00   8.2875152e-01   1.3132153e-01  -1.4474149e+00   5.1260999e-01
   2.0000000e+00   1.0256893e+00   6.1486651e-01  -9.4478714e-01   7.3011642e-01   5.5434865e-01   1.1458347e-01
   2.0000000e+00  -1.1074541e+00  -1.9063485e+00   4.6286845e-01  -5.8658222e-01  -6.2434955e-01   6.6043090e-01
   2.0000000e+00   1.3595647e+00   2.0319916e+00  -4.9418998e-01  -3.7878634e-01  -7.5434290e-01   1.5419550e+00
   2.0000000e+00   4.3844130e-01  -5.5266853e-01   3.1121294e-01  -4.0201644e-01   4.0730090e-01   2.3488970e-01
   1.0000000e+00  -3.8251013e-01   1.4836478e+00   1.4007973e+00   9.1154435e-02  -1.4643637e+00  -2.4864415e+00
   2.0000000e+00  -1.8768161e+00   2.0558433e+00   2.2089730e+00   8.2237996e-01   1.5270845e+00   9.5436624e-01
   2.0000000e+00  -2.3890200e-01  -1.7996586e+00  -3.1244274e-01  -7.5415863e-01  -2.7372725e-02   2.8540857e-01
   2.0000000e+00   1.4770568e+00   5.8304180e-01   1.0266270e+00  -1.8964212e+00  -2.1916930e-01  -5.8406317e-01
   2.0000000e+00   2.7449447e-01  -2.6447377e-01  -1.3100548e+00  -1.1988646e+00  -1.3018378e+00   1.3135180e+00
   1.0000000e+00  -2.4549608e-01  -3.8361034e-01   1.0504342e+00   5.4902250e-02  -1.6636370e-03   1.3848746e+00
   2.0000000e+00   2.8586200e-01   8.3864631e-01   6.0947599e-01   1.6799496e+00  -1.4636784e+00  -3.3484110e-01
   2.0000000e+00  -2.0333041e+00  -1.6230171e+00   1.1208194e-01  -1.1564572e+00   1.1326821e+00  -1.9435038e-01
   1.0000000e+00  -7.0770799e-01  -4.5826902e-01  -1.2363989e+00   9.4436566e-02   7.3071967e-01   1.3131365e-01
   2.0000000e+00  -1.4330251e+00  -7.0357043e-01  -9.1266274e-01   1.4116790e+00   3.3946099e-01   3.0058890e-01
   1.0000000e+00  -5.9632234e-01   1.1791127e+00   7.6156379e-01   6.2268922e-01   8.8710935e-01  -7.5764273e-01
   2.0000000e+00   1.4177290e+00   1.2007502e-01  -1.8602484e+00  -2.1738592e+00   1.5154318e+00  -4.0855158e-01
   2.0000000e+00  -1.0665818e+00   1.7262855e+00   8.3852018e-01  -6.2735631e-01   8.0042645e-02  -2.8227992e-01
   2.0000000e+00   3.0488037e-03   2.4710459e-01  -2.1757775e+00   1.0742961e+00  -5.7213514e-01   3.1900527e-01
   2.0000000e+00   1.3646357e+00   5.8977153e-01  -2.0827208e-01  -5.2612099e-01   1.0125849e+00   2.1777504e-01
   2.0000000e+00   2.0290757e-01  -4.8466840e-01   6.8995188e-01  -1.5378462e-01   3.0427359e-01   2.9566422e-01
   2.0000000e+00  -1.0423985e+00   6.3775901e-01   1.0108361e+00   1.8539603e+00   3.3975286e-01  -2.8723616e+00
   2.0000000e+00   1.3544896e-01   1.2959913e+00   2.2248913e+00  -1.1380257e+00   1.2496172e-01   6.6448180e-01
   1.0000000e+00   9.7044786e-01  -2.0814479e+00   8.6371198e-02   1.6241694e-01  -1.4774431e+00   1.1632785e+00
   2.0000000e+00   4.2539589e-03  -7.2155008e-01  -3.0338972e-02  -1.9699441e+00  -1.9104713e-01  -2.9533201e-01
   2.0000000e+00   2.2851165e+00  -6.4262245e-01  -1.3660216e+00  -1.2578311e+00   7.7300880e-01  -1.1106194e+00
   1.0000000e+00   1.4203773e-01   2.4364646e+00   5.0227419e-02   9.4620502e-01  -6.8268462e-01   1.3418870e+00
   2.0000000e+00  -2.2990676e+00  -2.7376741e-01  -1.2659473e+00  -6.8721112e-01   1.7089518e+00  -3.4676885e-02
   2.0000000e+00   1.2343387e+00  -1.0882006e+00  -9.7552578e-01   3.2231543e-01  -9.5792404e-01   1.6046242e+00
   2.0000000e+00  -1.5694054e+00   1.9523931e+00  -4.8583774e-01  -4.1371126e-02   1.1207291e+00  -1.2067113e+00
   2.0000000e+00   1.2832740e+00   8.8791770e-01  -5.3949417e-01  -3.4801090e-01  -2.8416733e-01  -8.1153241e-01
   2.0000000e+00  -1.8854561e+00  -1.6360971e+00   2.0874040e-01   6.6094746e-01  -1.4720131e+00  -8.6933384e-01
   2.0000000e+00   8.5504929e-01  -1.6903600e+00  -4.5333219e-01   7.8892483e-01  -2.2455536e-01  -1.7929589e-01
   2.0000000e+00  -3.7245505e-01  -4.0859402e-01  -9.0040107e-02  -5.9048866e-01  -1.5964860e+00   8.6310131e-01
   2.0000000e+00  -1.2090034e-01  -2.8985485e-01  -7.1503629e-01  -3.3730067e-01  -8.4998084e-01  -1.8439167e+00
   1.0000000e+00   9.3083194e-01  -1.1675043e+00  -2.5449677e-01   3.1639596e-01  -1.2934197e+00  -2.1110241e+00
   2.0000000e+00  -1.5157167e-01   9.0215648e-01   4.5629356e-01  -4.9141040e-01   3.2081750e-01   1.3237751e+00
   2.0000000e+00   6.3298286e-03  -8.5974700e-01  -1.4328862e+00  -6.1509441e-01   1.5747484e-01  -2.3234852e+00
   2.0000000e+00   1.8181526e+00  -5.1628134e-01  -1.3072573e-01  -1.7591508e-02   9.4294664e-01  -3.2190030e-01
   2.0000000e+00   2.0402134e-01   1.0550207e-01  -9.3830467e-02  -2.2706794e+00   3.5589626e-01  -1.2901357e+00
   2.0000000e+00   1.0301944e+00   3.1695048e-01   4.8360652e-01   4.1831896e-01   6.0110315e-01  -6.9829897e-01
   2.0000000e+00   1.4396828e+00   6.1110033e-01   4.4342897e-01   1.3734910e+00  -2.3697447e+00  -1.3111389e+00
   1.0000000e+00  -2.8124036e-01   1.0221306e+00   1.1694719e-01   5.5019652e-01   1.0351906e+00  -1.3587778e-01
   1.0000000e+00   2.1932748e-01  -6.2668482e-01  -1.0610176e-01   6.4720623e-01  -4.2489806e-01   1.0680048e-01
   2.0000000e+00  -1.3753851e+00   1.0168533e+00  -2.1702982e-01  -2.7633132e-01   9.4998846e-01  -4.9817524e-01
   2.0000000e+00   3.5038457e-01   1.0124164e+00  -1.8084559e-01   1.3117037e+00   3.1120872e-01   1.9635681e-01
   2.0000000e+00   1.1201701e+00  -1.7511060e+00   1.4448334e+00   3.4979491e-01  -1.2058004e+00  -1.7497680e-01
   2.0000000e+00  -4.7191145e-01  -6.6352754e-02   5.5263880e-01  -8.7490270e-01   1.1760482e-01   2.4071140e-01
   2.0000000e+00  -4.4687499e-01  -2.0591461e+00   2.4709609e+00  -1.0332532e+00   2.0019470e+00  -7.4283370e-01
   2.0000000e+00  -5.2802696e-01  -1.5158748e-01   5.1626422e-02   9.8499877e-01  -4.4901763e-01  -1.1846966e+00
   2.0000000e+00   6.0053794e-01   4.5463490e-01   1.5487574e-01   1.0523267e+00  -5.1750828e-01   1.0711233e+00
   2.0000000e+00  -7.1607560e-01  -8.2964133e-02  -1.7303629e-01   1.0210975e+00  -2.0704745e-01   8.7923974e-02
   2.0000000e+00   1.2470242e+00  -1.2483344e-02  -9.5474380e-01   2.7660833e-02  -9.2193879e-01  -6.9960382e-01
   2.0000000e+00  -1.5661108e+00   2.4825240e+00   1.0115260e-01   2.3535508e-01   1.0713897e+00  -9.3770565e-01
   1.0000000e+00  -9.6784516e-02   5.9900645e-01  -4.5475463e-01   9.2548779e-01   2.7844668e+00  -4.8207994e-01
   2.0000000e+00   6.5875249e-01   9.4768210e-02  -1.3302582e+00  -6.4093223e-01  -5.5388462e-01   1.5929366e+00
   2.0000000e+00   1.0248898e+00   1.1669647e+00  -3.8236407e-02  -3.5256788e-01   9.2475913e-02   4.6445151e-01
   2.0000000e+00   7.7563877e-01  -4.6624072e-01  -2.4838919e-01  -5.2638993e-01  -4.4014351e-01  -2.7478027e-01
   2.0000000e+00   1.2583289e+00  -4.1316138e-01  -1.7861081e+00  -1.2974305e+00  -1.9559157e+00  -1.2288967e-02
   2.0000000e+00   1.2475093e-01  -6.4756071e-01  -1.1347648e-02  -2.0624710e+00   1.5382830e-01  -1.1793307e+00
   2.0000000e+00  -1.6480758e+00  -1.0207339e+00   1.5500164e+00  -1.5526979e+00   2.3160724e+00  -1.5738640e+00
   2.0000000e+00  -1.0985922e+00  -9.4011453e-03   1.3441527e+00   6.9352914e-02  -3.5310882e-01   1.2093768e-01
   2.0000000e+00   1.1043351e+00  -1.0169544e+00   4.1136791e-01   1.2771450e+00   1.5385260e+00  -2.4745855e+00
   1.0000000e+00  -3.2932467e-01   3.4806742e-01   4.7867673e-01   4.0128920e-01  -6.6143207e-01  -1.6546496e+00
   2.0000000e+00   8.6897490e-01  -1.6364788e+00   1.4793196e+00  -6.6940388e-01  -3.0002530e+00   3.6812823e-01
   2.0000000e+00  -8.7410036e-02  -8.2674483e-01  -1.2575564e+00  -2.2503233e+00  -1.4412758e+00   4.5246091e-01
   2.0000000e+00  -1.7444844e-01   1.0846919e+00   2.1214087e-01   1.3098394e+00   1.0883149e+00  -1.6993780e-01
   2.0000000e+00   1.3340596e-01  -8.5642504e-01  -7.4374227e-01  -3.5656524e-02   8.0367470e-01   2.3945112e+00
   2.0000000e+00   2.3314841e-01   2.6619874e-02  -1.2086657e+00  -2.5356522e-01   4.8275421e-01   5.4974570e-02
   2.0000000e+00   1.5769042e+00   1.8378479e+00   1.7709057e+00   7.2609377e-01   2.3653821e+00   1.5343829e-01
   2.0000000e+00   1.7660648e+00  -6.3424499e-01  -1.9052989e-01   5.3190840e-01   8.5971057e-01   1.2598973e+00
   2.0000000e+00   1.1014482e+00  -6.5295233e-01  -1.3062800e+00  -3.3747098e-01   2.4091754e-01   1.0246387e+00
   2.0000000e+00   1.9941899e+00  -1.7597889e-01  -3.9885722e-01  -4.6881871e-01  -2.4035865e-01  -8.8371341e-01
   1.0000000e+00  -6.8964954e-01   1.8460730e+00  -2.5075953e-01   7.0350328e-02   1.2115210e+00  -8.2987751e-01
   2.0000000e+00  -3.8382471e-01   8.3985630e-01  -3.8746266e-02  -3.3703925e-01  -7.8348536e-01   1.1699406e-01
   2.0000000e+00   9.4315941e-01   1.0625957e+00   2.5231333e+00   1.0114927e+00  -1.9738901e+00   1.0726149e+00
   2.0000000e+00   5.2825238e-01  -5.3970041e-01  -1.4199086e+00  -6.4684719e-01   1.1380697e+00  -1.2896846e+00
   2.0000000e+00  -9.0514670e-01   1.1341315e+00  -3.4300809e-01  -1.6485545e+00   1.5797705e+00   1.7693550e+00
   2.0000000e+00  -1.2382207e+00   2.3879516e-01   5.0571352e-01  -8.0947327e-01  -4.0738819e-01   4.1732044e-01
   2.0000000e+00   1.1872097e+00   1.1662802e+00   7.5729853e-01   4.0443423e-01  -1.4361542e+00  -2.2549136e-01
   1.0000000e+00   1.9347253e-01  -1.5757707e+00  -1.4799566e+00   3.3517928e-01   2.8275765e-01   8.3714024e-01
   1.0000000e+00  -8.7937676e-01  -5.4762863e-01   1.4201564e-01   2.4020141e-01  -4.5031511e-02  -8.4701602e-02
   2.0000000e+00   5.8412295e-01   8.6774484e-01   9.6587685e-02  -1.1237537e+00   1.2652531e-02   5.5609775e-01
   2.0000000e+00  -2.0491617e+00   2.1875181e-03  -1.7002424e+00   6.1074619e-01   1.5558344e+00   2.3390986e+00
   2.0000000e+00  -7.4019790e-01  -1.4438498e+00   3.5363223e-01  -5.5862113e-01  -1.1560624e+00  -4.5257461e-01
   1.0000000e+00   2.6380577e-01  -1.0545713e-01  -2.9179940e-01   2.6882723e-01  -1.0225875e+00  -1.3643789e+00
   2.0000000e+00   1.3612426e+00  -1.4727392e-01   1.9670418e-01  -1.9073557e+00  -1.3529191e+00  -1.9488266e+00
   2.0000000e+00  -3.1589655e-01  -6.2469548e-01  -6.9407351e-01  -9.6468066e-02  -2.9840997e-01   5.1482735e-01
   2.0000000e+00  -1.1493042e+00   1.1902259e+00  -6.8306558e-01   1.3216771e+00   1.0326498e+00  -5.8880452e-01
   1.0000000e+00  -8.7307611e-01   1.9948789e-01   5.5399242e-01   4.0218634e-01   3.6660829e-01   2.1903765e+00
   2.0000000e+00   3.4673470e-01   6.2580260e-01   1.2126869e+00  -3.0255313e-01   4.1464253e-01   1.2797199e-01
   2.0000000e+00   3.0806660e-01   8.6879480e-01  -1.7921261e-01  -4.4864867e-01   9.8702347e-04   3.0548694e-01
   2.0000000e+00  -4.3955179e-02  -1.0188943e+00  -6.7319342e-02  -6.8698743e-01   4.9345909e-02   1.2884750e+00
   2.0000000e+00  -2.0593119e-01   2.0908874e-01  -2.8991994e-01  -1.3377852e+00   8.3666851e-01  -7.6454533e-01
   2.0000000e+00  -1.5080519e+00  -1.4872337e-01   6.2875801e-01  -1.1054675e+00   2.8214436e-01  -1.1156466e-01
   2.0000000e+00   9.6406400e-02  -1.5566574e+00   1.2556861e+00  -1.0272522e+00   1.1871032e-01   1.0433114e-02
   1.0000000e+00   4.4929493e-01   8.8475201e-01   1.4467704e+00   2.3784996e-01  -2.7590779e-01   3.0969176e-01
   2.0000000e+00  -1.5615477e+00   3.2697266e-01   8.4302813e-01   1.5699553e+00  -1.8872798e+00   1.8584528e-01
