   2.0000000e+00  -1.1740965e-01   7.5691098e-01   1.1025286e+00   1.8680167e+00  -6.8760836e-01  -1.2542815e+00
   2.0000000e+00   1.0387814e+00  -6.0333725e-01  -1.2729246e+00   9.4742738e-01  -8.5543286e-01   6.8916347e-01
   2.0000000e+00  -1.8862206e-01  -6.3581972e-01  -1.1668368e+00  -6.0862027e-01  -3.8596502e-01  -9.0089438e-01
   2.0000000e+00  -6.2707446e-02   3.3139938e-01   8.1791357e-01  -2.2494614e+00   3.3488399e+00  -5.6517595e-01
   1.0000000e+00  -4.0856889e-01  -1.2166619e+00   9.2296388e-02   5.1615708e-01  -1.1085200e-01  -2.2944356e-01
   2.0000000e+00   1.8136877e-01  -1.8036943e-01   1.3579000e+00   8.4808242e-01   1.2550090e+00   1.4318054e-01
   2.0000000e+00   1.3090680e+00  -1.0860329e+00   2.0751755e+00  -2.9286642e-01  -2.5286208e-01   1.1651810e+00
   1.0000000e+00   1.5770136e+00  -1.9583227e-01   6.2541011e-01   2.8830168e-01   1.8701408e-01  -8.4653325e-02
   1.0000000e+00   6.8020502e-01  -1.3999237e-01   6.4743460e-02   9.9375804e-03   3.6994314e-01  -5.9101719e-01
   2.0000000e+00   1.8058794e+00   1.9992229e+00   1.7284395e+00   7.9228883e-01   1.3754804e+00  -2.4307356e+00
   2.0000000e+00  -3.8744297e-01  -1.0634402e+00   4.4860602e-01  -7.1455336e-01  -8.0540413e-01  -9.0584131e-02
   2.0000000e+00   1.1472311e+00   1.4153213e-01  -1.3335514e+00   1.4139963e+00  -1.6655072e-01  -1.5108848e+00
   2.0000000e+00  -1.2883422e-01  -2.7954029e-01   1.3652231e+00   9.3296963e-01  -8.4761137e-02   1.7109773e+00
   2.0000000e+00  -9.1950660e-01  -6.7405855e-01  -2.6943248e-01  -9.1982471e-01  -1.0041928e+00   2.4603796e-01
   1.0000000e+00  -3.3168611e+00  -1.8533686e+00  -8.1037248e-01   6.0260726e-02  -1.6090705e+00  -3.9449183e-01
   2.0000000e+00  -2.1795616e+00  -1.1218004e+00   1.6517475e+00   3.8269712e-01  -1.0913894e+00   1.2790508e+00
   2.0000000e+00   7.8172304e-01   6.1780734e-01   9.1165644e-01  -5.3285246e-01   1.7957482e-01   9.5060558e-01
   2.0000000e+00  -1.2410135e+00  -2.6614139e-01  -6.0003731e-01  -7.2040552e-01   1.4056698e+00  -1.2007229e+00
   2.0000000e+00  -7.3389355e-02  -1.6316263e+00  -1.0039281e+00   9.9803336e-01  -7.3599581e-01   1.5631876e+00
   2.0000000e+00   5.0452108e-01   4.7861777e-01   7.2151651e-01  -2.0022233e-01  -1.4647024e+00  -2.2349037e-01
   1.0000000e+00   1.5065452e+00   1.2780544e+00   4.2985353e-01   2.5821068e-01  -9.9868060e-01   7.6744101e-01
   2.0000000e+00   9.1678722e-01  -6.4614368e-01  -1.9556196e-01  -5.4461429e-01  -2.5461504e-01  -1.4517736e+00
   2.0000000e+00   4.8182826e-01  -5.1976928e-01  -1.6564548e-01  -1.1623255e-01  -3.5804744e-01  -1.1455414e+00
   2.0000000e+00   2.4989745e-01   8.5997859e-01  -4.3540096e-02  -3.6972096e-01   1.2867373e+00   1.1144264e-01
   1.0000000e+00   2.3781671e-01  -2.4344638e-01   5.9019970e-01   2.7305173e-02  -7.5776518e-01   8.3782299e-01
   2.0000000e+00   8.8410742e-01   2.1569569e+00  -2.9911566e-01  -1.1416691e+00  -2.0782931e+00  -6.0301746e-01
   1.0000000e+00  -6.2030777e-01   7.9064768e-01  -2.0342822e-01   1.4949326e-01  -7.6749958e-01  -6.2329079e-01
   2.0000000e+00  -1.6391168e-01  -4.1338207e-01  -2.4197779e-01   1.1318013e+00   4.0805065e-01   1.4617236e+00
   2.0000000e+00   6.1989906e-01   2.1734362e-01   7.6112273e-01  -3.9761406e-01   1.5674988e+00   1.3185514e+00
   2.0000000e+00   2.9872839e-01   1.2363200e+00  -8.7511506e-01  -4.9321073e-01  -9.3977894e-01   4.7758838e-01
   2.0000000e+00   1.0099771e+00  -3.3084517e-01   5.7420560e-01  -1.7161060e+00  -1.7067065e+00  -2.1105255e+00
   2.0000000e+00  -7.1933844e-01  -1.5474251e+00  -7.3863871e-01  -1.2677089e-01   1.2703493e+00  -4.3774566e-01
   2.0000000e+00   5.6443443e-01  -1.7436942e+00  -7.7336951e-01   2.0683777e+00   3.7547726e-01  -1.1476753e+00
   2.0000000e+00   2.0953152e+00  -6.3456613e-01  -1.5667556e+00  -1.8703156e+00   1.0479079e+00  -1.0376784e+00
   2.0000000e+00   1.5816870e+00  -1.1800428e+00   7.5855655e-01   1.0487032e+00   1.2097553e+00  -3.1131368e-01
   2.0000000e+00   8.7094920e-01   2.0521308e+00  -1.4695008e+00   4.2168754e-01  -1.3644819e-01   1.1055065e+00
   2.0000000e+00   1.1451423e+00   3.2931474e+00   1.2676035e+00   8.0853448e-01   3.5757012e-02   3.3813799e-01
   2.0000000e+00  -5.2042432e-01  -6.7055089e-01  -2.6549734e-01  -3.6740265e-01   1.1437668e-01  -1.2985085e+00
   2.0000000e+00   1.6308686e+00  -7.3976527e-01   1.0334273e+00   1.1627024e+00   7.7487111e-01   1.3617191e+00
   2.0000000e+00   1.1296123e+00  -1.4670111e+00   1.6532337e+00  -1.0206199e+00   5.6365961e-01   1.3112199e+00
   2.0000000e+00   6.4762387e-01  -1.1500300e+00   5.0223885e-01  -1.1821011e+00   9.1215632e-01   7.8146983e-01
   2.0000000e+00   1.2215289e+00  -5.1166388e-01   5.5479744e-01   2.4971718e+00   7.8775701e-01  -3.1202392e-01
   2.0000000e+00   5.5003237e-01  -5.2832660e-01  -5.2790060e-02  -5.7507507e-01   1.1190207e+00   1.6085152e+00
   1.0000000e+00  -4.8157600e-01   7.9462242e-01  -5.4117397e-01   1.9918533e-01   1.7079181e+00  -6.9946602e-01
   1.0000000e+00   6.2198372e-01   2.8418751e+00   5.6441167e-01   3.8122756e-01   8.9250250e-01   1.5048124e+00
   2.0000000e+00   1.3996092e+00   2.6185545e-01  -3.5278613e-01   1.0922284e+00   9.2224076e-01   9.1047142e-01
   1.0000000e+00   2.4758715e+00  -1.1168549e+00  -2.3139873e-01   6.5533444e-01   6.3431265e-01   1.3007411e+00
   2.0000000e+00  -5.2787949e-01   1.8337649e+00   2.2881475e+00  -1.2105540e-01   7.7244947e-02  -1.6848241e+00
   2.0000000e+00   6.5515751e-01  -5.7991295e-02  -2.9179864e-01  -3.7388967e-02   3.8596615e-01  -7.2930166e-01
   2.0000000e+00   1.8063484e-01   1.3576588e+00  -9.8573364e-01   2.0467233e+00   1.8071479e-01   3.1658017e-01
   2.0000000e+00   2.9649787e-01   4.8088755e-01   9.2166538e-01  -6.8159730e-01  -3.8286256e-01  -3.6170702e-01
   2.0000000e+00  -1.9855682e-01  -9.7550645e-01  -1.2074210e+00  -3.6018928e-01  -8.3856585e-01  -1.5791014e-01
   2.0000000e+00  -3.6106718e-01  -1.3252238e+00   6.1071722e-01  -1.6398792e+00  -6.2213278e-01   1.1229721e+00
   2.0000000e+00  -7.7251282e-01   1.2648698e+00   2.7131989e-01  -1.3520606e+00   9.0370013e-01  -1.6786577e+00
   2.0000000e+00  -8.7257823e-01  -5.8379595e-01   1.3147671e+00  -1.1450167e+00  -6.7226284e-01  -5.0659839e-01
   2.0000000e+00   8.8963834e-01   2.0327343e-01   2.2949796e-01  -1.3861478e+00   5.4756849e-01  -1.4775154e+00
   2.0000000e+00  -8.5491437e-01  -7.7896165e-01  -6.9680518e-02  -2.7247599e-01   2.3304126e-01  -7.1372170e-01
   2.0000000e+00  -6.7216307e-01  -2.2595613e-01  -1.6115665e-01   9.7773076e-01   2.0333625e+00  -4.1752364e-01
   2.0000000e+00   7.8560074e-02  -4.4329768e-01   1.0439653e+00  -3.6454861e-01  -2.7685848e-01   5.2266426e-01
   2.0000000e+00  -1.4336944e+00  -2.5564426e-01   6.6500222e-01   7.7994340e-01   2.4690877e-01   4.2957490e-01
   2.0000000e+00   1.6858258e+00   2.9395528e-01  -9.6090329e-01   6.2785285e-01   7.3880440e-02   7.7099829e-01
   2.0000000e+00   1.3269084e+00  -4.0751989e-01  -1.4595139e+00   1.4301627e+00  -4.0040834e-01   8.8490100e-01
   2.0000000e+00  -9.2424858e-02   8.8228571e-01  -6.9515284e-02   2.3219291e+00  -7.9509687e-01  -7.2219297e-01
   1.0000000e+00   3.2759832e-01  -5.3314595e-01   3.1984682e-01   5.3989282e-01   9.6134589e-01   3.3076448e-01
   1.0000000e+00  -4.4443281e-01   1.0600721e+00   6.7980784e-01   1.3030425e-03   9.0387596e-01   4.3277550e-01
   2.0000000e+00  -2.4460948e-01  -1.1749734e+00   8.2626230e-01  -1.1733280e+00   4.2221999e-01  -1.2956855e+00
   2.0000000e+00  -1.8928668e+00  -2.8873428e-01  -2.8734483e-01  -8.9325636e-01  -1.3591626e+00   1.9049740e+00
   2.0000000e+00   4.8404853e-01  -4.2014340e-01  -9.5067386e-01  -1.2217227e+00  -5.1956384e-01  -1.8653979e+00
   2.0000000e+00  -4.5334665e-01  -8.1534831e-01   9.4770725e-02  -9.2050229e-01   2.7556217e-01  -5.1680816e-01
   2.0000000e+00  -9.0222614e-01  -5.7183124e-02  -1.7532353e+00   5.4508019e-01   6.9570738e-01   1.7334894e+00
   2.0000000e+00  -5.7896606e-01  -4.3025351e-01   6.4383369e-01   2.1688580e+00  -6.1986421e-01  -1.8428702e+00
   2.0000000e+00  -1.7476153e+00  -1.5040093e+00   1.0382513e+00   1.6998558e+00  -4.2378535e-01  -1.4803698e-02
   2.0000000e+00   1.9670092e-01   9.7880775e-01  -9.3178359e-01   1.0732304e+00   5.2028194e-01  -1.1139954e+00
   2.0000000e+00  -1.9651217e+00   1.7085613e+00  -4.9662406e-02  -5.2638537e-02   1.6219817e+00  -3.4117559e-01
   2.0000000e+00   2.9996861e-01  -1.7662248e+00   1.2877025e+00   1.3058017e+00  -5.9366457e-01  -5.0041939e-02
   2.0000000e+00  -1.1076813e+00   4.9360554e-01   1.5916766e-01   1.2459635e+00  -4.5055088e-01  -1.4448119e+00
   2.0000000e+00  -3.6037172e-01  -4.6524956e-01  -1.5300129e-01  -3.2229626e-01  -1.2129915e+00  -6.9269991e-01
   1.0000000e+00   6.0876876e-01   6.8373300e-01  -3.5739824e-01   7.3067230e-01   4.7094002e-01   3.4055463e-01
   2.0000000e+00   1.3566356e-01   3.5169632e-01  -1.5364940e+00  -8.7639605e-01  -6.5972482e-01   1.2617751e+00
   2.0000000e+00  -1.6893439e-01  -1.7026848e+00  -1.5395259e+00  -3.8044823e-01  -1.4203680e-01   1.8960789e-01
   2.0000000e+00   6.6049182e-01   6.6347971e-01  -2.7201155e-02  -7.4954201e-03   7.4973876e-02   5.7006158e-01
   2.0000000e+00  -1.0426225e+00  -2.6351595e-01  -1.0192664e+00   3.9931897e-01   8.9728810e-01  -1.0361484e+00
   1.0000000e+00   1.3019735e+00  -8.4492873e-01  -2.8978648e-02   2.5535534e-01  -1.0570666e+00  -2.0434953e+00
   2.0000000e+00  -7.2756377e-04  -6.6536475e-01   9.4708030e-01  -5.6831609e-01   2.6224510e-01  -5.9580199e-01
   2.0000000e+00   6.5664756e-01   1.8294715e-01   1.6084185e-02   6.7488486e-01   1.8917013e+00   4.2018241e-01
   2.0000000e+00  -1.6435063e+00   1.4706040e-01   1.0808605e+00  -5.0055459e-01  -3.3971894e-01   5.5982766e-01
   2.0000000e+00  -5.3322183e-01   2.2322661e+00  -1.6796041e+00   1.0065080e+00   8.4363884e-01  -5.2737340e-01
   2.0000000e+00  -1.1427146e+00  -8.5927444e-01   2.5099954e-01  -1.4271030e+00   4.3252068e-01   1.4072604e+00
   2.0000000e+00   7.4770556e-01   1.0375373e+00  -1.8962552e-01  -1.4453534e-02   9.4416421e-01   1.1690703e+00
   2.0000000e+00  -1.5414619e+00  -8.3229829e-01  -8.2823345e-01  -2.9197105e-01  -1.7507707e+00  -5.6590821e-01
   2.0000000e+00  -3.8986325e-01  -1.2332189e+00   1.7577131e-01  -3.2935374e-01  -7.4604066e-01  -7.5368771e-01
   2.0000000e+00  -1.1630906e-01   5.2647098e-01  -8.6850931e-01  -7.8143372e-02   3.9900296e-01   1.9727978e+00
   2.0000000e+00  -1.3830291e+00   4.2534040e-01  -2.7485263e+00  -3.3421119e-01  -1.7786276e+00   4.1783117e-01
   2.0000000e+00  -2.1322885e+00   7.0660036e-01  -4.4993604e-01   1.4060774e+00   3.5733990e-01  -1.5789184e+00
   2.0000000e+00   7.8987471e-01   5.4513919e-02   1.0118696e+00  -4.4497565e-01  -1.7596056e+00   1.0734568e+00
   2.0000000e+00  -1.3413781e+00   1.5145909e-01  -4.0197930e-01   1.0208623e+00  -1.6079275e-01   1.1768598e-01
   2.0000000e+00   1.6933643e+00  -1.4643335e-01  -7.2581756e-01  -1.8866950e+00  -1.9118060e-01   7.0650210e-01
   2.0000000e+00  -1.5695957e+00   4.1664320e-01  -1.0349423e-01  -5.6945924e-01  -9.2141780e-01   1.6441415e+00
   2.0000000e+00  -3.3370914e+00   6.8278303e-01   2.1907105e+00  -1.6470793e+00   1.0916663e+00   1.0842086e+00
   2.0000000e+00  -5.3423550e-01  -3.5826925e-01  -8.5332987e-01   8.1643671e-01  -7.5735963e-01   5.7487738e-01
   1.0000000e+00   1.3445368e+00  -1.6550287e-01  -4.5685097e-01   8.3821985e-01  -3.1570943e-01   7.8138464e-01
   1.0000000e+00  -3.5686897e-01  -1.0919291e+00  -1.6918835e-01   8.0553345e-01  -3.3625171e-01   8.1886348e-01
   1.0000000e+00  -1.1693261e+00  -8.8278691e-01  -3.3459500e-01   9.7841608e-02  -3.5210249e-01   1.0908463e-01
   2.0000000e+00   1.5477237e+00  -2.1691928e+00   5.3622724e-01  -6.7500758e-01   5.5482312e-01  -9.4769789e-01
   2.0000000e+00  -1.8238183e+00   1.2504402e+00  -7.7603300e-01   2.6703571e+00  -6.2470759e-01  -1.4029997e+00
   2.0000000e+00   5.6387919e-01   4.9642366e-01  -4.5000055e-01   1.2685430e+00   1.2874302e+00   9.3747554e-01
   2.0000000e+00   1.6579248e+00   6.9265286e-01  -6.5207684e-01  -9.5852859e-02  -4.0492556e-02   7.8220549e-01
   1.0000000e+00   7.6682999e-01   1.7876979e+00  -1.1864104e-01   1.0200054e-01   6.5149566e-01  -4.4432947e-01
   2.0000000e+00   7.2229253e-01  -6.6303144e-01   5.6593903e-02  -5.6686167e-01  -6.6438130e-01  -1.1868028e+00
   1.0000000e+00   5.4660193e-01   8.1226571e-02  -7.4935216e-01   5.5925979e-01   4.7127387e-01  -1.4521677e+00
   2.0000000e+00   7.0482597e-01  -1.0960563e+00  -1.6647953e+00   5.3711628e-01   3.5604375e-01   1.6204226e-01
   2.0000000e+00   7.0965217e-01  -2.8686478e-02   2.3079156e-01  -1.5563166e+00  -8.6035741e-01   1.4238871e-01
   2.0000000e+00  -3.8526011e-01  -1.2791347e+00  -4.8562606e-01  -6.8493081e-02  -3.5644664e-01   7.8809899e-01
   2.0000000e+00   8.5350055e-01  -1.9150180e-01   2.8243394e-01  -7.0693959e-01   8.8728025e-01   7.8999281e-01
   2.0000000e+00   6.9442105e-01   4.6110296e-01   5.8999091e-01  -3.0722197e-01   1.1498832e-01  -5.9683241e-02
   2.0000000e+00  -4.1785986e-01  -8.7650273e-01  -6.1198193e-01  -7.7798092e-02  -4.1614662e-01  -3.8018319e-01
   2.0000000e+00  -1.2092440e+00  -8.8400652e-01   9.1046714e-01  -3.0145906e-01   1.2853235e+00  -7.9098417e-01
   2.0000000e+00  -5.5326668e-01  -2.6879702e-01  -2.6574347e-01  -8.4761607e-01  -6.9278642e-01  -7.6503375e-01
   2.0000000e+00   2.1055077e+00   1.2260696e+00   8.6095054e-01  -3.2296361e-01  -2.9453842e-01  -5.5593392e-01
   1.0000000e+00   6.3051244e-01  -1.3296205e+00   4.3011896e-01   3.8343239e-01   5.3353843e-01  -6.5262916e-01
   2.0000000e+00   1.0937035e+00  -2.1879527e-01  -1.2289109e+00   4.6232397e-01  -4.5021598e-01   1.6259149e-01
   2.0000000e+00   1.5842615e+00  -7.0190380e-02   3.3957088e-01  -5.7405712e-01   1.0876190e+00   1.0422381e+00
   2.0000000e+00  -7.9634194e-01   1.4649497e+00   1.1287612e+00   6.8117979e-01   5.8944049e-01  -5.3771582e-02
   2.0000000e+00  -1.0217829e+00   2.4083170e-02  -1.0294071e+00  -2.0426975e+00  -4.3200018e-01   1.4855702e-01
   2.0000000e+00  -9.8098552e-01  -9.6399026e-01   6.4910241e-01   9.4847484e-01  -1.3612610e-01  -5.4029246e-01
   2.0000000e+00   6.5243300e-01   4.4637130e-01  -7.9595096e-01   1.7541545e+00  -7.0657325e-01   3.5528463e-01
   2.0000000e+00  -2.0939787e+00  -3.0754440e-01   8.4258049e-01   1.2337471e+00   1.4290681e-01  -9.2293476e-01
   2.0000000e+00   1.7229867e-01  -4.9781737e-01  -6.0801337e-03  -3.9548824e-02  -1.0109293e+00  -2.3783809e-02
   1.0000000e+00  -2.3300028e-01   2.3497373e-01   7.0909881e-01   6.1344354e-02   3.1838234e-01  -1.3193442e+00
   2.0000000e+00   5.2278803e-01  -6.7083439e-01   9.9383424e-01   7.3204663e-01  -7.5618704e-01  -1.5576145e+00
   2.0000000e+00  -1.0237646e+00   2.9486704e-01  -1.0577568e+00  -1.4306842e+00   7.1364027e-02  -4.6705466e-01
   2.0000000e+00   2.1170369e-01  -1.4116057e+00  -1.5943167e-01  -1.4104203e+00   7.0195447e-01  -6.9685835e-01
   2.0000000e+00   3.9517330e-01  -8.4538353e-02  -1.1696382e-01  -1.3956991e+00  -1.8938800e-02  -4.0522998e-01
   2.0000000e+00  -2.3723201e-01  -8.6335992e-01   1.3110662e+00   8.9195783e-01   2.4748530e+00   9.2812994e-01
   2.0000000e+00   1.3265794e-01   1.2790373e-01   2.8546082e-01  -1.8689026e+00  -1.5679846e-02  -8.4454632e-01
   2.0000000e+00   2.5410365e+00  -5.4265443e-01  -1.0314700e+00  -8.8885313e-01  -2.3002832e-01   1.5864191e+00
   2.0000000e+00  -8.7872600e-01  -3.8825152e-01  -3.9398043e-01  -8.9465473e-01   1.0205018e+00   1.1222036e+00
   2.0000000e+00   7.8288725e-01  -1.4246158e+00   9.0325021e-01   8.9596743e-01  -1.3900437e+00   1.9064286e+00
   2.0000000e+00   2.2418805e-01   1.0533846e-01  -1.0008095e+00  -2.8419833e-01  -3.0335929e-01  -7.8904252e-01
   2.0000000e+00   1.6531639e+00  -9.1086306e-01  -7.8471513e-01   1.4203756e+00  -8.4022983e-01   4.8497407e-02
   2.0000000e+00   1.0395277e+00  -3.0948906e-01  -7.7468622e-01   8.0192012e-01   7.0336750e-01   4.7502303e-01
   2.0000000e+00  -8.7406692e-02  -8.2309574e-01   6.9203748e-01  -4.9941183e-01   9.9715405e-01   1.4238989e-01
   2.0000000e+00  -2.0491679e-01   6.6887730e-01  -3.6506106e-01  -3.7305486e-01   4.3525360e-01   4.3627675e-01
   2.0000000e+00   3.2542035e+00   1.4804472e+00   9.5192442e-02  -1.3191522e-01  -4.0132311e-01   2.4008064e+00
   2.0000000e+00   1.3678195e+00   7.4317328e-01  -1.4549084e+00   1.7013633e+00  -1.9461919e+00  -5.0182450e-01
   2.0000000e+00  -1.2586213e-01   2.0130082e-01  -3.4717079e-01  -1.8637523e+00  -1.2281843e-01   5.9621791e-01
   2.0000000e+00  -2.0179975e+00   4.4723124e-01   8.3940117e-01   1.2747090e+00  -1.9902115e-01   1.1963816e-01
   2.0000000e+00  -6.3524040e-01   2.7438059e+00   1.0581620e+00  -1.2377197e+00  -8.8947280e-01   6.4847876e-01
   2.0000000e+00   2.9721574e-01  -2.3411356e+00   1.2817457e+00  -7.4092937e-02   6.3303709e-02   2.2759146e-01
   2.0000000e+00  -1.0654262e+00   3.4728634e-01   2.1022211e+00   3.0643589e-01  -8.8267015e-01  -1.6077795e+00
   2.0000000e+00  -1.1027340e+00  -1.8341848e-01   8.9517666e-01   7.4979441e-01  -9.6917446e-01  -6.5414878e-01
   2.0000000e+00   1.0429998e+00   3.8402624e-01  -8.4788674e-01  -1.5722299e+00  -1.8380205e+00  -7.3408467e-01
   1.0000000e+00   1.6342922e+00   5.7577331e-01   3.7396319e-01   9.0579046e-01   2.3017273e-01  -2.4814026e-01
   1.0000000e+00  -5.3583737e-01  -1.3333233e-01  -1.3032222e-01   9.3775215e-01   6.8569124e-01  -1.2264586e+00
   1.0000000e+00   1.5736386e-02   5.0587532e-01   3.6189296e-01   9.6555408e-02   2.5560549e-01   2.0092658e+00
   2.0000000e+00  -7.3328194e-01   5.2367932e-01  -1.5242535e-01  -6.9295527e-01   3.1236138e-01  -1.0751584e+00
   2.0000000e+00   1.2508028e+00  -6.1246802e-01  -9.0443674e-01  -1.1734684e+00   4.7495888e-01  -1.5000954e+00
   2.0000000e+00   7.6776193e-01  -8.7354106e-01  -8.6357855e-01   1.3436640e+00  -1.2406436e+00   2.2274264e-02
   2.0000000e+00  -4.9984304e-02   6.4986360e-01  -1.4898085e+00   1.0521293e+00  -1.1208386e-01   4.1765941e-01
   2.0000000e+00  -1.3191487e+00   1.3584821e-02  -6.3428731e-01  -2.1021476e-01  -1.4942745e+00   1.4412852e+00
   1.0000000e+00  -2.3603294e-02   3.4720320e-01  -1.0017397e-01   6.4359167e-01   7.2635258e-01   1.1642010e+00
   2.0000000e+00  -2.1727981e+00   1.4284541e+00   1.1374252e+00  -1.9242131e+00   2.3851246e-01  -1.2770425e-01
   2.0000000e+00  -2.0328874e-01   2.2593008e-01  -6.1030746e-01  -4.3514678e-01   6.6746439e-02   5.2358154e-02
   2.0000000e+00  -7.1569495e-01   6.9385360e-01  -1.6351520e+00   8.8818827e-01  -1.1992115e+00  -8.9065656e-01
   2.0000000e+00  -1.2304944e+00   1.7665356e+00   7.9043077e-01  -1.4555777e-01   2.1912553e-02  -6.7125488e-01
   2.0000000e+00  -1.0261778e+00  -6.6999515e-01   1.3460686e+00  -1.1052298e+00   2.9830086e-01   8.6004642e-01
   2.0000000e+00  -1.5151377e+00  -5.8679390e-02   1.4049177e+00  -3.6220865e-01  -3.5179965e-01   9.9656683e-02
   2.0000000e+00  -1.2070308e-01   1.2282365e-01  -4.2763981e-01  -1.6643608e+00  -3.2999261e-01   4.2501628e-01
   2.0000000e+00   1.6905206e+00  -9.8419657e-01  -1.0849297e+00  -9.2941570e-01   8.2516930e-01  -1.6297713e+00
   2.0000000e+00   3.0269407e-01   1.4595390e+00  -1.6900403e+00   3.7765745e-01   1.6725009e+00   4.2894054e-01
   2.0000000e+00  -7.1898141e-01  -1.7569534e-01  -3.7341992e-01  -2.1867217e+00  -2.5231466e+00  -4.2999255e-01
   2.0000000e+00  -1.0930280e+00   8.3903420e-01  -1.7620632e+00   8.0987223e-01  -8.0390129e-01  -7.1086676e-01
   1.0000000e+00  -7.8880337e-01  -9.4267071e-02  -3.3258846e-01   1.6437065e-01  -2.1520314e-01  -5.6573083e-01
   1.0000000e+00  -7.5529981e-01  -1.9616283e-01  -7.5201437e-01   2.9952510e-01   6.3363188e-02   9.6313953e-01
   2.0000000e+00   1.1409443e+00  -1.8085715e+00   9.5025380e-01  -7.4581328e-01   2.5701228e-01  -1.2526447e+00
   2.0000000e+00   1.0974362e+00   2.2908074e+00   7.0622587e-01  -8.2139199e-01  -2.9875084e-02   5.5618229e-01
   2.0000000e+00  -2.5623080e+00   8.5610553e-02   1.4790494e-01  -5.3960459e-02   1.3277424e-01  -1.8572143e-01
   2.0000000e+00  -9.3941410e-02   1.5144193e+00  -2.2629019e+00  -4.0997196e-01   7.7940525e-02  -5.1134298e-02
   2.0000000e+00  -1.9225380e-02   4.4555451e-01  -6.0189490e-01  -6.9084537e-01   2.2153074e+00   5.2538823e-01
   2.0000000e+00   3.6155007e-01   1.1809293e-01   2.8937180e-01   1.6927616e+00  -8.5405261e-01  -7.8811387e-01
   1.0000000e+00  -2.3509609e-01  -1.2935728e+00   2.8452988e-01   2.3085929e-01  -5.9271941e-01   5.6792775e-01
   1.0000000e+00   3.5280919e-01   3.0621567e-01  -2.8754829e-01   9.4838766e-02   3.9527322e-01   1.8466158e+00
   1.0000000e+00  -1.3269613e+00   9.2973340e-02   4.5854914e-01   4.6222049e-01  -4.2584363e-01  -4.8850098e-01
   2.0000000e+00   2.1343799e-01  -7.5238563e-01  -2.4511429e+00   5.4245270e-01  -9.3583142e-01   1.5353956e+00
   2.0000000e+00  -1.7655828e-01  -2.6859323e-01   1.4824736e+00  -2.1152633e+00  -1.6134235e+00  -9.3535104e-01
   2.0000000e+00  -4.4402600e-01   1.1737170e+00   6.9793194e-01   1.3293188e+00  -8.7354018e-01   2.3001170e+00
   2.0000000e+00  -1.6478689e+00  -3.8416331e-02   7.3489358e-01   9.3057975e-01   2.3004712e-02   6.0269761e-01
   2.0000000e+00  -4.1406173e-01  -8.5872191e-01   1.5295141e+00   1.1517432e+00  -1.6414116e+00  -2.1641302e+00
   2.0000000e+00   9.7186488e-01   4.4617490e-01   1.8384624e-01  -7.8949215e-01  -1.5257181e+00   8.5009635e-01
   2.0000000e+00  -7.1056464e-01  -1.1178405e+00   6.8142488e-01  -9.4347379e-01   1.1997536e+00  -1.2619449e-02
   2.0000000e+00  -4.7681317e-01  -1.5307514e-01  -8.5529942e-02  -1.7716730e-01   5.4180454e-01   2.5781064e+00
   2.0000000e+00  -1.4400243e-01   1.7679597e-01  -5.0367834e-02  -3.4135586e-01  -1.3526667e+00  -7.0259043e-01
   2.0000000e+00   3.5586109e-01   2.5025826e-01  -2.5430348e+00  -4.2769352e-01   5.4365168e-01   1.9381534e+00
   2.0000000e+00   7.9208872e-01   4.9132974e-01  -1.6009424e+00  -1.3155416e+00   1.1145030e+00  -2.2129087e+00
   2.0000000e+00   7.3738997e-01   1.1886644e+00  -8.9396653e-02  -7.3422336e-01   1.6175519e-01   2.3971621e+00
   2.0000000e+00   1.9545524e+00   5.5859321e-01  -3.4536332e-01  -1.9419614e-01  -7.4258577e-02  -8.0160866e-01
   2.0000000e+00  -2.1137188e-01  -5.1763202e-01   4.7931184e-01   1.4551774e+00   2.1319722e-01   3.7242537e-01
   2.0000000e+00  -5.5887399e-01   1.1500931e+00  -6.8741230e-01  -7.9120807e-01  -8.9519774e-01  -1.4732244e-02
   1.0000000e+00   5.5282483e-01   1.4678338e+00   6.8973149e-01   1.2101874e-01   2.6219142e-01   1.0086877e+00
   2.0000000e+00   1.4680601e+00   5.8487645e-01  -6.5342091e-01  -1.2158069e+00   3.6122760e-01   2.5146274e-01
   2.0000000e+00   1.2876106e+00   9.2457227e-01  -6.8533451e-01  -1.8912606e-01   3.4519266e-01   1.4724819e+00
   2.0000000e+00  -9.4977319e-01  -2.7391337e-01   5.4803299e-01  -4.3004016e-01  -1.3935031e+00   2.0700584e-01
   2.0000000e+00  -1.2318977e+00   5.6436997e-01   1.6277805e+00  -2.7715007e-02  -2.3490170e+00  -1.1244828e+00
   2.0000000e+00   6.4895372e-01  -6.9339978e-01   2.6838066e-01  -1.3370858e+00  -6.1950535e-01  -1.6332422e+00
   1.0000000e+00   7.3516027e-01  -1.4851853e+00  -5.5707875e-01   7.8177858e-01  -1.4635919e+00   4.6764933e-01
   2.0000000e+00   4.4151028e-01   3.3145539e-01   8.1926475e-01   4.4697840e-01  -2.4857270e+00   2.4163859e+00
   2.0000000e+00   1.1435632e-01   1.1067293e-01  -9.6664412e-02   2.1832572e+00  -2.8708796e-02   8.1773806e-01
   2.0000000e+00  -4.2448622e-01  -5.6073420e-01  -1.0244660e+00  -2.5305095e+00  -1.2686963e+00  -2.1914169e-01
   1.0000000e+00   9.9344708e-01  -1.3358203e+00   8.1750032e-01   2.7698304e-01  -1.0835351e+00   6.7234541e-01
   2.0000000e+00  -1.1228153e-01   5.8934195e-01   5.3871035e-01  -1.7735039e+00   1.4222257e-01  -3.3981410e-02
   2.0000000e+00   6.1179139e-01   1.6769713e+00   1.6845187e+00  -4.4647534e-01   8.0701609e-01   1.3759993e-01
   2.0000000e+00  -6.5800311e-01   4.1130741e-01  -1.2258811e+00   2.5715808e-01  -2.2622062e-01   1.3405299e+00
   2.0000000e+00  -1.4438148e+00   3.0259170e-02  -1.6826708e+00  -5.5873286e-01   1.7228287e-02   1.7749866e+00
   2.0000000e+00  -1.2515268e+00  -4.9759448e-01   1.4839669e-01  -1.4159734e-01  -7.8258750e-01  -1.1672175e+00
   2.0000000e+00  -4.3136673e-01  -5.9889859e-01   5.5215705e-02  -1.2184188e+00  -9.2515797e-01  -1.4028953e+00
   1.0000000e+00  -5.3943692e-01   1.4768541e+00  -2.4947627e-01   7.1198985e-01  -1.1600952e-01   2.2239724e+00
   2.0000000e+00  -5.2147613e-01  -8.7282999e-02   4.7966623e-01  -5.7901874e-01   8.7722350e-01  -1.5032247e-01
   2.0000000e+00   4.3065225e-01  -1.7401885e+00   5.3675046e-01  -1.6641945e-01  -9.8930466e-01   2.4546766e-01
   2.0000000e+00   2.2819960e-01   1.3544342e+00   5.3959866e-01   1.8360288e+00   1.7046926e+00   2.4752359e+00
   2.0000000e+00   4.9536312e-01   1.5511883e+00  -1.4546613e+00  -5.5730846e-02  -4.8217246e-01   5.4545096e-01
   2.0000000e+00  -8.3750831e-01   8.8932740e-01  -4.5433808e-01  -5.0466494e-01   7.1838971e-01   1.6359972e+00
   2.0000000e+00  -3.3307788e-01  -1.3813013e+00   1.8857871e+00   9.8240887e-01  -8.9419541e-01   4.6568360e-01
   2.0000000e+00  -6.6338112e-01   3.3267475e-01  -2.8661427e+00   8.4613611e-02  -1.6261123e+00  -4.2233970e-02
   2.0000000e+00   1.2148637e+00   3.6042773e-01   1.8667475e+00  -2.3951950e-01  -6.3779171e-01   1.8369566e-01
   2.0000000e+00   4.0068757e-01   4.6304919e-01  -1.5921395e+00   2.5938724e+00   4.0272955e-01  -7.5830611e-02
   2.0000000e+00  -4.7711866e-01   1.1367911e-01  -1.0741560e-01  -1.1341220e+00  -8.0479751e-01   8.0550696e-01
   2.0000000e+00  -1.3465380e+00  -1.6204976e+00   6.1809149e-01  -4.2396081e-01  -1.7442714e+00  -4.2531021e-02
   2.0000000e+00  -2.6238451e-01   1.8047172e+00   2.0703642e+00  -1.0164683e+00   3.2624870e-01  -7.3411774e-01
   2.0000000e+00  -3.8267105e-01   3.8336262e-01   1.8653152e+00  -6.6841337e-01   1.3283035e+00   2.3147386e-02
   2.0000000e+00   5.6743609e-01   2.2021375e-01  -2.7569675e-01  -2.1602553e+00  -1.2211669e+00   5.1382401e-02
   1.0000000e+00   2.0061063e+00  -3.4027695e-01   4.9175562e-01   4.1740730e-01  -1.5062000e-02  -6.7331814e-01
   1.0000000e+00  -1.3927952e+00   1.3000275e+00   1.4618878e-01   7.9579818e-01  -5.7005871e-01   8.1335713e-02
   2.0000000e+00  -1.2277255e+00   4.7754518e-01   1.6541492e+00  -9.2432976e-01  -1.1859100e-01   1.4539247e-01
   2.0000000e+00   1.1649153e+00  -1.3756546e-01  -1.8246639e+00   2.1758033e-01  -5.6836103e-01   2.2028792e-01
   2.0000000e+00  -7.5287019e-01   8.2532165e-01   1.6154027e+00   1.1780834e+00  -5.5738514e-01  -2.1667796e+00
   1.0000000e+00   9.5350670e-01   9.4458202e-02  -1.2925125e-01   9.4417032e-01  -2.2674917e-01  -4.4310547e-01
   2.0000000e+00  -7.2541786e-01   1.7011578e+00  -5.4428039e-01  -1.8233574e-01   6.0467619e-02  -1.6085762e-01
   2.0000000e+00  -1.6762440e-01  -6.0987163e-01   4.4870514e-01   1.6009806e+00   2.1623931e-01   4.5801840e-02
   2.0000000e+00  -2.0929631e+00   1.3533767e+00   9.3483890e-01   8.8498752e-01   1.1234792e+00  -1.0988091e+00
   2.0000000e+00   5.8234537e-01  -1.0553121e+00   6.1277796e-02   2.1736136e+00  -3.4041252e-01  -2.4903224e-01
   2.0000000e+00  -2.3150559e+00   1.6193187e-01  -3.1263991e-02  -4.5870251e-01   1.0870966e+00  -1.2197059e+00
   2.0000000e+00  -3.8535929e-01  -1.3612066e+00  -1.6069538e+00   1.2839074e+00  -3.4241511e-01   1.9632166e-01
   2.0000000e+00   5.1604002e-01  -3.7380953e-01  -9.3068447e-01  -3.8001644e-01   1.5616326e+00   6.1474590e-01
   2.0000000e+00  -3.4168189e-01   6.8378527e-02   4.2938859e-01  -3.7254319e-02  -5.8909892e-01   1.3173971e+00
   1.0000000e+00   2.7350958e-02  -5.4612358e-01  -1.2201748e-01   6.8347888e-01  -5.6921041e-01   4.2952353e-01
   2.0000000e+00  -1.3965595e-01   3.9886696e-01   1.0506776e+00   5.2886958e-01  -3.3194776e-01   2.3317495e+00
   2.0000000e+00   5.8597755e-01   1.3615928e-01  -6.2846738e-02  -9.2816753e-01   4.3990200e-02  -4.5400190e-01
   2.0000000e+00  -6.6877597e-01  -9.9345132e-02   1.0433481e+00  -1.2055221e+00  -1.0579527e+00  -8.3507982e-01
   2.0000000e+00  -4.3087079e-01  -1.3829438e+00  -5.2573512e-01   1.4542480e+00  -4.1196803e-01  -6.3628119e-01
   2.0000000e+00  -8.7593250e-01   1.0336171e+00   1.2807428e+00  -4.3440110e-01   4.9555139e-02  -9.9283858e-02
   2.0000000e+00   6.9527072e-01   1.0478293e-01  -1.1119522e+00  -1.0681783e+00   5.8440833e-01   1.7397877e+00
   2.0000000e+00   2.2383931e-02   8.2273902e-01   2.1235756e-01  -1.1711495e+00  -1.1186551e-01   9.2731147e-01
   2.0000000e+00   1.4558289e+00   2.9672829e-01  -4.2518624e-01  -1.7727658e+00   9.3501639e-01  -3.2313283e-01
   2.0000000e+00  -2.8721809e-01  -6.5108568e-01   5.1368963e-01   1.1963441e+00   1.7181328e-01   9.8739181e-01
   1.0000000e+00  -4.2037339e-01  -1.2330444e+00   3.4745844e-01   7.6614930e-01   1.6132944e+00  -3.0241520e-02
   2.0000000e+00  -1.1986973e+00  -2.3869109e-01  -1.7255584e+00   1.5130423e+00  -1.8434462e+00   2.6548393e+00
   2.0000000e+00  -2.1657241e+00  -1.1307528e+00  -2.3277015e+00  -1.6350041e+00  -3.1925888e-01   1.0232209e+00
   1.0000000e+00  -1.2455543e-01  -1.5336746e+00  -9.6816563e-01   1.5383124e-01  -1.2252087e+00   7.9492230e-02
   2.0000000e+00   1.8930203e+00  -2.3301513e+00   9.3344030e-01  -2.1997279e-01  -7.7841750e-01   1.5762801e-01
   2.0000000e+00  -1.3697587e+00   2.9158300e-01   2.3370437e+00   3.6995829e-01  -1.6347502e+00   2.8196862e-01
   2.0000000e+00   1.1731891e+00   3.6441010e-01   1.3422228e-01  -8.2018060e-01  -1.6207973e+00   1.8493503e+00
   2.0000000e+00   1.9648892e+00   1.6430243e-01   7.7476491e-01   1.6077184e+00   3.4022471e-01   6.4266603e-01
   2.0000000e+00   2.4528214e+00  -1.1541612e+00  -2.3385559e-02  -1.6868004e+00   1.1404833e+00  -4.9075808e-01
   2.0000000e+00  -7.6196400e-01   4.1018545e-01   5.6673985e-01  -1.2295713e-01   2.1412544e+00   8.5190294e-01
   2.0000000e+00  -1.0384888e+00  -1.5349992e+00  -3.8950681e-01  -6.3960021e-01   5.6436160e-01   7.7534904e-01
   2.0000000e+00  -2.5662237e+00  -1.5936307e-01  -9.3474150e-01  -4.8947718e-01  -7.1120034e-01  -1.6297890e+00
   2.0000000e+00  -5.5276842e-01   1.7430967e+00   2.7579309e-01  -1.5544209e+00   2.9474205e-01  -1.0512752e+00
   2.0000000e+00   1.2633994e+00   2.4427982e+00  -6.2875586e-01   1.9992875e+00  -6.3425745e-01   2.0433261e-01
   1.0000000e+00  -1.3189775e+00   5.4877744e-02   6.7411163e-03   1.3242478e-01   7.7109983e-01   1.8153781e-01
   2.0000000e+00   3.2922843e-01   6.8575634e-01   4.6360273e-01   1.0125215e+00   7.8482551e-01  -6.4522348e-01
   2.0000000e+00   3.3014750e-01  -4.3507922e-01  -4.3774086e-02  -2.2880574e-01   1.3091913e+00   4.4796531e-01
   2.0000000e+00  -1.5810971e+00  -1.2653551e+00  -3.5636138e-01  -6.6160807e-01   1.7414954e+00   1.1094065e+00
   2.0000000e+00  -1.1063830e+00  -5.8252750e-01  -1.8410948e-01  -1.7458948e-01  -5.8041273e-01   4.9959199e-01
   2.0000000e+00  -4.6201785e-01  -1.1823962e+00  -2.5482314e+00  -9.3455848e-01   3.8022239e-01  -2.7381375e+00
   2.0000000e+00   4.2460147e-01   3.7925078e-01   3.3266642e-01  -5.2014070e-01  -1.2217239e+00   6.5643209e-01
   2.0000000e+00   2.8099130e+00   6.5241257e-01   8.2105831e-01  -1.7251615e-01   2.6140594e-01  -1.0815057e+00
   2.0000000e+00   1.7282418e+00   3.6818624e-01  -1.3525321e+00   1.1595188e+00   6.2587299e-01  -9.6941028e-02
   2.0000000e+00  -7.4641960e-01  -3.1746097e-01   8.8584924e-01   1.3600960e+00   8.9067404e-01  -2.5030918e-01
   2.0000000e+00   2.3497698e+00   1.3593328e+00   1.1213986e+00   3.0006589e-01   8.9990830e-01   5.3799186e-01
   2.0000000e+00   3.2406185e+00   4.9209873e-02   2.1540831e-01  -2.8175448e+00   4.8389295e-01   3.4086341e-01
   2.0000000e+00  -3.4906413e-01  -3.0492108e-01   2.5088539e-01  -1.9697560e-01   1.6754863e+00   9.7264723e-01
   2.0000000e+00   7.9662992e-01   4.7650241e-01  -6.7405041e-01   1.3790508e+00   4.4841277e-01   2.1289393e+00
   2.0000000e+00   3.8105781e-01  -1.2852169e+00  -1.2165299e+00  -9.5436985e-01  -9.0531259e-02   2.8966098e+00
   2.0000000e+00   5.2812211e-01  -3.8049071e-01  -9.5299425e-01   1.1971800e+00   6.4500765e-01  -3.3346656e-01
   2.0000000e+00  -2.2086544e+00   1.5392296e+00  -9.8451551e-01   1.6324803e+00  -6.1860558e-01  -3.6557123e-01
   2.0000000e+00  -2.2265248e-01  -2.6522412e-01   1.4560505e+00   1.2339277e+00   4.9547406e-01   9.2545484e-01
   1.0000000e+00  -9.0545496e-01  -1.4093242e+00   6.4776005e-01   3.5214402e-01  -9.4730936e-01   1.7380052e+00
   2.0000000e+00  -1.4208726e+00   6.8389266e-02   4.2667896e-01  -7.0062673e-02  -9.3007544e-02  -2.6636807e-01
   2.0000000e+00   1.3086302e+00  -8.8447699e-01   1.5817125e+00   7.7659957e-01   2.0011714e-01   5.8750499e-01
   2.0000000e+00   6.5725212e-01   1.2078898e+00   1.2173701e+00   7.3561538e-01  -1.1716165e+00   4.9982792e-01
   2.0000000e+00  -3.0760265e-02  -5.1451090e-01  -4.4403768e-02  -8.3800945e-01   8.7488502e-01   1.2043849e+00
   2.0000000e+00  -1.5104103e-02  -1.2383068e+00  -3.3659568e-01   1.0545955e+00  -1.2530274e+00  -1.0172782e+00
   2.0000000e+00  -3.4923827e-01   3.1621921e-01   8.6249985e-01   8.7582052e-01   1.3186173e+00  -9.8747440e-01
   1.0000000e+00   1.2650575e+00   7.9847464e-01  -5.5248087e-03   3.4524873e-01  -1.4370778e+00  -1.7255402e-01
   2.0000000e+00   6.7473509e-01   3.3212132e-02  -5.6424833e-01  -7.8302114e-01   1.2400617e+00   1.1249824e+00
   2.0000000e+00  -1.9705549e+00   3.5763738e-01  -5.6361897e-01   7.1796431e-01   2.3152018e+00   1.2066692e+00
   2.0000000e+00  -4.7307268e-01   8.0012183e-02   1.2590840e+00   8.4563669e-01  -4.2679112e-01  -7.4244798e-01
   2.0000000e+00  -4.6758048e-01   1.4955832e+00   6.1907636e-01  -7.0757862e-01  -3.5173700e-01   8.9064451e-01
   2.0000000e+00   8.1006661e-01   2.2015459e+00  -9.5184702e-01   1.3080074e+00   6.5511504e-01  -1.6865252e-01
   2.0000000e+00  -1.8050947e-01   7.6709333e-01  -1.4990538e-01  -1.7958455e-01  -6.2744205e-01  -1.2845997e-01
   2.0000000e+00   1.3818013e+00  -5.5011167e-01  -1.7974657e+00   1.7249469e+00   8.9627540e-02   5.3600904e-01
   2.0000000e+00   3.6332298e-01  -3.8543446e-01   5.7122377e-01  -1.5530646e+00  -8.9530724e-02   5.9937714e-01
   2.0000000e+00  -8.4614844e-02   3.3806231e-01  -1.4798268e+00  -5.0610242e-01   8.7516958e-01   4.9473108e-01
   2.0000000e+00   5.4396736e-01   2.8731859e-01  -1.2274320e-01  -1.4524997e+00   2.1987348e-01  -1.6787201e+00
   1.0000000e+00   7.2851276e-01   1.8074595e+00   2.9242044e-01   4.5763070e-01   7.0711068e-01  -4.3825151e-01
   2.0000000e+00  -1.4855094e-01  -3.2814146e-01   1.4938517e+00  -9.6239013e-01   5.0491705e-01  -7.3749171e-02
   1.0000000e+00  -1.1394579e+00  -7.1734153e-02  -1.6477774e-02   4.4911917e-01  -1.6001925e-01   1.3561964e+00
   2.0000000e+00  -4.0436912e-02   1.6853878e-01  -4.4066859e-02   8.5339240e-01   2.3148467e+00   4.1881451e-01
   1.0000000e+00   2.1566797e-01  -8.2337099e-01  -7.3228227e-01   3.3378191e-01   6.4979582e-01  -5.2573714e-01
   2.0000000e+00  -2.2761932e+00   2.2531347e-01   1.0873874e+00  -2.1781328e+00   5.9622992e-02  -1.7460261e+00
   2.0000000e+00  -6.5348157e-02  -3.2181872e-01  -2.5800801e+00  -1.5219060e-01   7.8989364e-01   4.8890339e-01
   1.0000000e+00   1.0718791e+00   7.2392028e-02   2.6597651e-01   1.7268928e-01   1.4461625e+00   3.3895594e-01
   2.0000000e+00  -3.2593634e-01  -4.4663881e-01  -6.7512146e-01  -2.7673186e-01   9.4225258e-01   5.5186180e-01
   2.0000000e+00  -9.9950274e-01  -2.1256315e+00   1.2926821e+00  -4.2191898e-01   2.9377469e-01   1.7398900e-02
   2.0000000e+00   1.0066180e+00  -8.7044700e-01   1.5856992e+00   4.8181530e-01  -4.1012115e-01   7.2690351e-01
   1.0000000e+00   4.9589954e-03  -6.5122588e-01   4.4439557e-01   5.1552623e-01   1.4147292e-01  -6.1236783e-03
   1.0000000e+00  -1.6723954e+00  -1.2027479e+00   3.9684397e-01   5.7502436e-01  -6.7693875e-01   3.1028025e-01
   2.0000000e+00   1.4580455e+00  -9.0318274e-02   3.4249804e-01  -1.3475321e+00   4.7997115e-01  -2.7770879e-01
   2.0000000e+00  -1.1933368e+00   7.0569352e-01   6.6174782e-01   9.2403456e-01   6.0975778e-01   1.2343531e-01
   2.0000000e+00   5.7180421e-01   1.2414142e-01   1.1907721e+00   4.2833874e-01   9.7474500e-01   2.1557519e+00
   2.0000000e+00   1.9966680e+00   6.9566381e-01  -1.3943036e+00  -5.3875242e-01  -1.1534897e+00   8.8967885e-01
   1.0000000e+00   2.1194780e-01  -5.2443253e-01  -5.7480197e-01   3.6918681e-02   7.0140922e-01  -9.4343786e-01
   2.0000000e+00  -7.4314284e-01   8.2778867e-02  -4.3777145e-02  -1.2045036e+00   1.0612486e+00  -1.4338741e-01
   2.0000000e+00  -9.5911582e-01  -6.4315472e-01   8.0168925e-01  -7.8371462e-01   1.5184740e-01  -3.1048788e-01
   1.0000000e+00  -4.4906488e-01  -8.6180911e-01  -2.5304507e-01   7.7316624e-01  -1.8227825e+00  -1.1572204e+00
   2.0000000e+00   3.4668656e-02  -4.2991899e-01  -7.6137899e-01  -2.7448758e-01  -8.8843779e-01  -1.1026716e+00
   2.0000000e+00   3.6753627e-01   1.4835149e-01  -1.2639984e+00   9.7007335e-01  -7.7238702e-01  -2.3093735e-01
   2.0000000e+00  -1.1956882e+00   7.6537857e-01   1.5714093e+00  -1.9006633e+00   1.2983970e-01   4.9208498e-01
   2.0000000e+00   1.5799015e+00   1.3550381e+00  -2.1449887e+00  -2.0713754e-01   1.9810226e+00  -6.7022222e-01
   2.0000000e+00  -3.3216398e-01   1.1341352e+00   1.8670230e+00   1.0790472e+00   1.5546865e-01  -2.8837834e-01
   2.0000000e+00  -4.2131837e-01  -1.9226180e-01   7.8112505e-01  -7.0134568e-01  -1.5355509e-01   2.0823864e+00
   2.0000000e+00   5.2789715e-01  -5.5605984e-01   2.0065653e+00  -1.5892702e+00  -4.5172510e-01   5.5177963e-01
   2.0000000e+00  -5.2973057e-01   1.7803039e+00  -1.2030939e+00   6.9818767e-01   5.5283238e-02  -5.3857985e-01
   2.0000000e+00  -3.4142066e-01   7.5177487e-01   9.6511758e-01   4.6810980e-01  -9.0032322e-01   6.3100357e-01
   2.0000000e+00   1.1881381e+00  -1.1700210e+00   1.8018708e+00  -5.1442624e-01  -1.0131928e-01  -5.1422835e-02
   2.0000000e+00   1.5632220e-01  -1.6221051e+00   1.6685566e+00   1.6656875e-01  -1.9691264e+00  -4.0376148e-01
   2.0000000e+00  -1.3714884e+00   1.2272589e+00  -5.2889492e-01  -8.3774724e-01  -1.6278266e+00  -5.5878238e-01
   1.0000000e+00   3.8838918e-01  -5.2028562e-01   5.4288821e-02   5.9160293e-01  -2.6106907e-01   1.8168003e+00
   2.0000000e+00   3.6118816e-01   2.1746064e-01   7.7407017e-01  -7.0181886e-01  -9.6067713e-01  -1.2474171e+00
   2.0000000e+00   4.9448069e-01   1.4304606e+00  -9.8078657e-01   5.1834647e-01   3.9703447e-02   1.9664418e-01
   1.0000000e+00  -5.0849001e-01  -1.5026504e-02   7.7057981e-01   1.5390530e-01  -4.3801421e-02  -9.7777854e-01
   2.0000000e+00   6.6928868e-01   2.1120502e+00  -1.8565878e+00   1.2742637e-01   3.1255073e-01  -8.5064849e-01
   2.0000000e+00  -6.9759087e-01   1.3064595e+00   2.3406283e+00  -1.1407900e+00  -1.8068856e+00  -5.4044229e-01
   2.0000000e+00  -1.2650143e+00  -5.4476788e-01   1.0570666e+00   1.2839306e+00   3.0483106e+00  -9.9052325e-01
   2.0000000e+00  -3.4227125e-01  -1.1473876e+00   1.5112006e-01  -5.8099184e-01  -3.6318448e-01  -1.3527917e-01
   2.0000000e+00  -1.4415307e+00  -7.4109026e-01   4.9176019e-01  -1.2360485e+00  -1.6492948e+00   6.4888149e-02
   2.0000000e+00   1.6141900e+00  -8.0869361e-01   6.8513422e-01  -9.1377629e-01   1.8564038e-01  -4.3564177e-01
   2.0000000e+00  -4.5849796e-01  -1.7607823e+00   4.5760358e-01   1.0876686e+00  -1.9580730e+00  -8.0485912e-01
   1.0000000e+00   3.0597521e-01   2.0872169e-02  -3.4492969e-01   1.2500143e-01  -1.1936206e+00  -2.7693422e-01
   2.0000000e+00   2.6525319e-01  -1.2615945e+00  -8.7292458e-01   4.9489403e-01   1.0275752e-01  -7.9993461e-01
   2.0000000e+00   2.5481101e-02   1.0565646e+00   5.4752227e-01  -2.2233387e-01  -6.9304639e-01  -4.6428596e-01
   2.0000000e+00  -1.0577813e+00   1.8345195e+00  -1.9483213e+00   8.0016248e-01   1.3023861e+00   5.9466531e-01
   2.0000000e+00  -5.5855346e-03   1.2479520e+00  -2.5307560e+00  -7.4868615e-01  -7.6867760e-01   1.7795568e-01
   2.0000000e+00   4.9403730e-01   6.8779549e-02  -5.0847168e-02  -5.0908235e-01  -3.2106924e+00   1.3009922e+00
   2.0000000e+00  -7.2234943e-01  -1.2554393e+00   1.2373563e+00  -8.9119393e-01   6.5703277e-01  -3.6420965e-01
   1.0000000e+00   2.4537266e-01   1.7216031e-01   8.4753634e-01   3.3301666e-01   2.1301091e-01   1.5304361e+00
   2.0000000e+00  -2.3579603e-01   4.0601520e-01   7.1379287e-01  -9.3908814e-01   1.5247682e+00  -6.0227810e-01
   2.0000000e+00  -1.5861729e+00   1.4338599e+00   3.8141778e-01   1.0168018e+00  -1.5127401e-01  -2.9706348e-01
   2.0000000e+00   6.1942364e-01  -4.7137968e-01  -4.4466562e-01  -2.5700509e-01  -1.7552823e-01   5.2968512e-02
   2.0000000e+00   3.6311881e-01  -1.2836014e+00  -1.3400282e+00   1.0716372e+00   9.0780308e-01   4.1642896e-01
   2.0000000e+00   2.4379908e-02  -1.0468200e+00  -1.2170056e-01  -2.0047519e+00  -3.5937657e-01  -6.6060727e-01
   2.0000000e+00   6.4011945e-01  -3.5343998e-01   1.2802581e-02  -6.5365185e-01   2.4437086e-01  -9.3908158e-01
   2.0000000e+00  -8.3297829e-02  -2.2021095e-01  -4.4745189e-01   1.0088455e+00  -1.0515800e+00   1.3207319e+00
   2.0000000e+00  -6.2295810e-01  -1.3706201e+00  -7.7752061e-01  -3.0406804e-01  -1.2126377e-01   8.2011966e-01
   2.0000000e+00   6.4589769e-01  -6.7866731e-01  -2.0475321e+00   7.7408928e-01   1.6190700e-01  -4.5187689e-01
   1.0000000e+00  -6.0896273e-01   1.9190289e+00   1.4683305e-01   7.9775195e-01  -1.4693859e-01  -2.0081047e-02
   2.0000000e+00   5.6843186e-01   2.2786735e-01   7.7526474e-01   7.3245682e-01   9.2698827e-02  -8.3243835e-02
   2.0000000e+00   1.3617589e+00   2.1245091e+00  -1.5533582e+00   1.4787055e+00   9.2188067e-01  -9.6841012e-01
   2.0000000e+00  -3.0979705e-01   3.2556572e-01  -4.6567592e-02  -1.0581467e+00   4.2378366e-02   2.7337933e-01
   1.0000000e+00  -3.8063247e-01   2.8691715e-01  -5.0528647e-01   4.8557163e-02   4.7415294e-01  -1.0943946e+00
   2.0000000e+00  -7.2258107e-01  -9.4752163e-01  -1.6157741e+00   1.3461840e-01  -6.2680671e-01   1.1953411e+00
   2.0000000e+00  -1.1858402e+00   3.6534175e-01   1.2544417e+00  -4.4767613e-01   8.8168136e-01  -6.8261613e-01
   2.0000000e+00  -1.1357284e+00   1.1795996e+00  -7.2496957e-01  -1.0444221e+00   1.5649283e+00  -1.7659948e-01
   2.0000000e+00  -1.1523157e-01   1.4831674e+00  -1.1546628e+00  -4.1019955e-01   8.1003618e-02  -2.0535692e-01
   1.0000000e+00  -2.0079388e+00  -3.5296615e-01  -5.2871719e-01   1.0174068e-01   1.2977945e+00   3.1876504e-01
   1.0000000e+00   2.9849593e-01  -1.4825840e-01  -4.5946870e-01   2.4827975e-01   4.3953230e-01  -5.1603618e-01
   1.0000000e+00   5.4217459e-01  -4.5567609e-01  -1.2022212e-02   2.6910350e-01   1.0200096e-01  -9.4319587e-01
   1.0000000e+00   1.9377317e+00   1.2568540e+00   2.8553503e-01   6.1327379e-01   1.5770068e+00   8.7118496e-01
   2.0000000e+00   1.6961837e-01  -7.3680139e-01   4.2360075e-02  -9.4358178e-01  -1.0431215e+00   6.8348652e-01
   1.0000000e+00  -1.1210285e+00   6.9129395e-01  -6.7771222e-01   6.4196726e-01   7.9333766e-01  -2.7396434e+00
   2.0000000e+00  -5.3314147e-01  -3.7265556e-01   1.3445247e+00   6.1878714e-01   2.1060192e+00   1.9740995e+00
   2.0000000e+00   1.0226133e-01  -1.3599928e-01   1.2671030e+00   5.8326553e-01   5.9734755e-01  -1.0462301e+00
   2.0000000e+00  -2.5960998e-01   7.9137117e-01   3.3982909e-02  -1.0966621e+00  -3.3354542e-01  -3.2654797e-01
   1.0000000e+00   2.1156926e-01  -1.2308293e+00   6.8277262e-02   4.6887142e-01  -1.2256563e+00   7.4665872e-01
   1.0000000e+00   1.2092699e+00   1.0985810e+00   5.7215370e-01   5.4144460e-01   1.5352797e+00   1.4692139e-01
   2.0000000e+00  -5.9537174e-01  -1.5453714e+00   1.5982403e+00  -1.3690353e+00   1.7666540e+00   8.1282811e-01
   2.0000000e+00  -1.0364613e+00   2.0414560e-01   5.0803207e-01  -8.8279929e-01  -5.8331925e-01   2.7457366e-01
   2.0000000e+00  -1.0693371e+00  -5.4772719e-01  -1.6356915e+00  -1.1310335e+00   1.2371616e+00   2.7907015e-01
   2.0000000e+00   8.9715192e-01   3.3014926e-01  -1.6975419e+00   6.0502277e-01   1.8247972e+00  -3.8196894e-01
   2.0000000e+00   1.1334286e+00  -1.7832017e-01   4.6066142e-01  -2.6315478e-02  -1.8504626e+00  -2.3591006e-01
   1.0000000e+00   8.1700878e-01  -8.9001424e-01   3.0384217e-01   9.2054130e-01   9.8996575e-01  -3.6370365e-01
   2.0000000e+00  -3.0712360e-01  -5.0716039e-03  -7.8603944e-01   2.1578764e+00  -2.0555614e-01   2.8036216e+00
   2.0000000e+00   1.0201532e+00  -4.6267335e-01   5.4953642e-01  -1.6100716e+00   8.9395922e-01   1.6909781e+00
   2.0000000e+00   3.4229480e-01  -8.3670210e-01  -8.0121070e-01   2.0048150e+00  -5.0955811e-01  -9.5072852e-01
   2.0000000e+00  -1.4958254e+00   9.8066382e-01  -1.4081311e+00  -5.5329870e-01  -1.0502419e+00  -1.2516564e+00
   2.0000000e+00  -1.5706904e-01  -2.5200092e+00   1.0310070e+00   1.1161688e+00  -1.1377957e+00   6.4913873e-01
   1.0000000e+00  -3.8364537e-01  -9.0906815e-01  -1.0815403e-01   5.3085261e-01   4.1317264e-01  -5.6391245e-01
   2.0000000e+00   2.0507911e+00  -5.4234999e-01   1.0848523e+00  -5.1997084e-01  -1.1377732e+00  -7.1605484e-01
   2.0000000e+00   1.7294757e-01   4.1181460e-01   4.7017760e-01  -2.2837267e+00   8.6050888e-01  -5.2288242e-01
   2.0000000e+00  -8.6839071e-01  -6.8487289e-01  -6.9478467e-01  -5.7339660e-01  -2.6430416e-01  -5.6275892e-01
   2.0000000e+00  -5.8258246e-01   9.7808681e-01   8.7837125e-01   7.1529378e-01   8.6910750e-01   1.0234369e+00
   2.0000000e+00  -2.6978516e-01  -5.3452509e-01  -2.9986984e-01  -4.2751893e-01   5.9829105e-01  -7.2183187e-01
   2.0000000e+00   8.8750724e-01  -1.2727385e+00   1.1891011e+00  -7.8332442e-01  -2.0218027e-01  -2.0903759e-01
   2.0000000e+00   6.5901802e-01  -8.6374462e-01  -1.4879952e-01  -1.1105776e+00   6.2852855e-01  -7.7868716e-01
   2.0000000e+00   1.1293538e-01  -2.5193668e-01   7.5409223e-01  -3.3039780e-01   3.6207457e-01  -5.4270017e-01
   1.0000000e+00  -2.0475965e-01   2.2339924e-01   4.9051407e-01   6.3251193e-01  -1.2795628e+00   1.4776815e-01
   2.0000000e+00  -1.9463312e+00  -1.3338258e-01   5.3559619e-01  -1.8269630e-01   1.1915798e+00   9.1181956e-01
   2.0000000e+00  -2.2673491e+00   1.5556078e+00  -3.3431481e-01  -7.8844573e-01   5.5187837e-01   4.6384376e-01
   2.0000000e+00   1.9313918e-01   1.3203173e-01  -8.1183525e-01  -2.9770161e-02  -5.7229851e-02  -8.9577395e-01
   2.0000000e+00   9.8160893e-01   5.3598491e-01  -1.3526565e+00   6.3580487e-02  -1.3070933e+00  -2.6381826e-01
   2.0000000e+00  -5.0680437e-01  -1.6520457e+00   1.5981279e+00  -1.5450969e-01  -6.7671823e-01  -9.5225947e-02
   2.0000000e+00  -1.0323806e+00  -1.0634005e+00   7.9730590e-01   6.5898843e-01   7.6278640e-01  -6.8134828e-01
   2.0000000e+00  -2.9867611e+00   4.4134461e-01   1.3049225e+00  -1.7735229e+00  -1.0289130e+00   3.7716262e-01
   2.0000000e+00  -4.4112872e-01   4.1664615e-01   1.6314130e+00  -4.9579461e-01  -9.4735287e-01   1.0231052e+00
   2.0000000e+00  -5.6395847e-02  -5.6939569e-02  -8.1119377e-01   1.3558526e+00  -2.8518963e-01   3.3495359e-02
   2.0000000e+00   1.1674054e+00  -4.0904312e-02  -1.9360464e-02   1.7875430e+00  -5.4664868e-01  -1.1835300e+00
   2.0000000e+00   3.0483704e-01   3.5525698e-01   1.3575967e+00   8.3373320e-01   8.4676905e-01   1.5622170e+00
   2.0000000e+00  -1.2241787e+00   2.2897147e+00   1.6784143e-01  -9.7944210e-01   7.3067930e-02   4.4213984e-01
   2.0000000e+00   1.1651194e+00   7.9979711e-01  -1.8251263e-01  -3.8524415e-01   5.2464243e-01  -9.0333169e-01
   2.0000000e+00  -5.3777755e-01  -9.8318986e-01   1.2490736e+00  -3.3158710e-01   8.0668780e-01   1.0563226e+00
   1.0000000e+00   9.5907786e-02   1.0575142e+00  -3.5511794e-01   6.0580168e-01   6.9317070e-01   2.3589426e-01
   2.0000000e+00  -3.6814469e-01   2.0440410e-01  -1.7103026e+00  -1.1240029e+00   1.3482405e-01  -1.6299650e+00
   2.0000000e+00  -1.9902511e-01  -4.3277522e-01   6.9180448e-01   9.5699812e-01  -1.3649442e+00  -2.3454410e-01
   2.0000000e+00  -1.8030103e+00  -7.9907512e-01  -2.8999684e+00  -7.0941278e-01   2.4917393e-01   1.5871464e+00
   2.0000000e+00   8.7063283e-01   4.2543221e-01   1.3615261e+00  -1.8701329e-01  -1.6087930e+00   1.2886166e+00
   1.0000000e+00   2.8323558e+00   2.3515675e+00   5.0993146e-01   8.2251460e-01  -3.8031902e-01   1.0241355e+00
   2.0000000e+00  -1.1547638e+00  -8.0678895e-01   9.3860536e-01  -1.0268545e+00  -1.0108723e+00   1.0496996e+00
   2.0000000e+00   1.4894356e+00  -1.3381247e-01  -9.1083524e-02  -7.2471380e-01   1.3470848e+00  -1.4591164e+00
   2.0000000e+00  -9.8270313e-01   6.0877490e-01   5.1056820e-01   1.4919902e+00   7.7845265e-01  -1.0439339e+00
   1.0000000e+00   4.8043178e-01  -1.2964462e+00  -4.0516287e-01   8.5318081e-01  -2.3297944e-01   8.5633416e-01
   2.0000000e+00   2.2789235e-01   1.0613812e-01   9.9211841e-01   1.5602355e-01   1.1828755e+00   6.2338807e-01
   2.0000000e+00   1.2514704e-01   1.0944793e+00   3.6511562e-01  -5.5176934e-01   5.4904119e-01   2.6151081e-01
   2.0000000e+00  -5.5565998e-02   1.4231324e-01  -1.5333818e+00   2.4255491e+00  -2.1080700e+00  -4.9003121e-01
   2.0000000e+00   8.1373628e-01   2.7064123e+00  -1.3636585e-01   1.3183516e+00  -6.6295523e-01   1.7010009e+00
   2.0000000e+00  -1.3899369e+00  -1.1349848e-01   1.2240393e+00   1.8431822e-01   1.9671688e+00  -1.1090258e+00
   2.0000000e+00   2.0745414e+00   1.9647114e-01   9.3217182e-01  -1.2632363e+00   1.7064508e+00   7.1921768e-01
   1.0000000e+00  -6.7491538e-01   9.1932728e-01  -1.4500226e-01   2.9745029e-01  -8.5263594e-01  -5.0308590e-01
   2.0000000e+00  -7.0341772e-01  -6.4371069e-01  -1.2961217e+00   6.2472215e-01   4.4499201e-01   1.2277028e+00
   2.0000000e+00  -8.2897773e-01  -4.7453330e-01   1.7923505e-01  -7.8076122e-01  -1.3970590e-01  -1.9379888e-01
   2.0000000e+00  -3.1558234e-01  -5.7049749e-01   6.6155229e-01  -1.2796360e+00  -3.4549019e-01  -1.5082565e+00
   2.0000000e+00   4.4985338e-01   8.5907416e-01  -2.2108536e-01  -1.2894556e+00   1.0898020e+00   1.3719280e+00
   2.0000000e+00  -1.1745966e+00   1.2455412e+00  -1.4764461e+00   6.2177500e-01  -4.3263183e-01   3.8567557e-01
   2.0000000e+00   7.7723402e-01  -4.7857605e-01  -6.3047219e-01   8.9062111e-01   9.2217069e-02   1.2135574e+00
   2.0000000e+00  -4.2582753e-01  -1.1485370e+00  -2.6975175e-01  -1.9714365e+00  -4.9870589e-01   6.1610050e-01
   1.0000000e+00  -6.1955946e-02   7.1568253e-01   3.5856603e-02   3.3535843e-01  -5.3857499e-01   3.0974993e-02
   2.0000000e+00  -4.0680087e-01   1.8113725e+00  -9.6166482e-01  -6.0624699e-01   6.3615287e-02   8.1737107e-01
   2.0000000e+00  -1.5952595e+00  -4.3563188e-02   2.5711739e-01   2.0137667e+00   1.7551302e-01   8.4173248e-01
   2.0000000e+00  -8.6751117e-01   1.2651190e-01   3.4091012e+00  -6.8582690e-01   1.5308570e+00  -6.1692725e-01
   2.0000000e+00   1.2778051e+00  -1.0495698e+00   1.4358194e+00   6.6491316e-01   6.0141502e-01   7.6762239e-01
   2.0000000e+00   7.6347402e-01  -1.2078328e+00   1.5017643e+00   3.5503981e-01   1.4353472e+00  -2.4122175e-01
   1.0000000e+00  -1.1880050e+00   1.5226822e-01   4.9114433e-01   5.0505103e-01   3.3003217e-01   1.1392106e+00
   2.0000000e+00   4.0355378e-01   1.3530469e+00  -4.8221752e-01  -6.7078615e-01   1.9148227e-01  -2.1072035e-01
   2.0000000e+00   2.2833753e+00  -8.4569771e-01   1.1131311e-01  -3.7891083e-01  -6.5227084e-01  -2.3824111e+00
   2.0000000e+00   5.3666023e-01  -1.1371934e+00   2.4164202e+00  -1.1153801e+00   9.1387181e-01   7.2042608e-01
   2.0000000e+00  -3.3735067e-01   7.1311844e-01  -2.5376431e-01   2.1527597e+00   9.2623630e-01  -1.4121683e+00
   1.0000000e+00   1.5196557e+00  -6.9168620e-01  -2.0472000e-01   4.7071163e-02   1.8663155e+00   1.7289687e-01
   1.0000000e+00   4.3146206e-01   1.5257333e-01  -1.2688342e-01   2.3190778e-01   1.5309894e+00  -5.3012389e-01
   2.0000000e+00  -3.3300462e+00   6.4238244e-01   3.2364140e-01  -7.3296324e-01  -5.9169162e-01   1.0329074e+00
   2.0000000e+00   3.9844683e-03   1.0999898e+00   8.3018875e-01   1.8013361e+00  -8.3220727e-02  -1.3744009e+00
   2.0000000e+00  -8.1134191e-02  -1.1443574e+00   8.1071914e-01   1.0994067e+00  -1.7299640e-01  -5.3286040e-02
   2.0000000e+00  -6.6083751e-02   4.8860035e-01  -1.2753552e+00   1.0332733e+00  -6.3831751e-01  -5.1827281e-01
   2.0000000e+00   5.3805801e-01  -1.3178573e+00  -6.0124477e-01  -1.1542216e+00   3.5571609e-01  -1.5769888e+00
   2.0000000e+00  -2.3356944e-01  -8.6599541e-01  -7.9099486e-01   3.7279403e-01   2.3060989e+00   4.2301975e-02
   2.0000000e+00  -1.4188538e+00   1.6623716e-01   1.9519345e+00   6.2568888e-01  -1.9474223e+00  -6.2888822e-01
   2.0000000e+00   1.6269412e+00  -7.7983896e-01   1.6417258e-01  -1.0420438e-01  -1.1128684e+00   1.0022671e+00
   1.0000000e+00   1.2090193e+00  -2.5635467e+00   3.3576396e-01   4.2330790e-01   1.0841815e+00  -1.8005924e-01
   2.0000000e+00   1.5135680e-01   8.0891536e-01   1.3284860e+00  -1.0591599e+00   2.1701700e+00  -4.2375633e-01
   2.0000000e+00  -1.6609230e+00   7.2217672e-02  -3.2919268e-01  -2.1653025e-01   1.3985275e+00   2.6645417e-02
   2.0000000e+00  -8.6427853e-01   1.3819812e-01  -1.0520246e+00   1.0196387e+00   7.0496390e-01  -8.5820470e-01
   2.0000000e+00   1.2164810e+00   8.2566631e-02   2.1947451e-01  -2.6581105e-02   6.8880471e-01  -2.7762401e+00
   2.0000000e+00   1.9747876e+00   1.6237914e+00  -1.5019815e+00   2.7022148e+00   1.5851441e+00   9.6351064e-01
   2.0000000e+00   6.4056850e-01  -1.4553801e+00  -2.0644800e+00  -1.1160514e+00  -1.2948502e+00  -2.6430473e-01
   2.0000000e+00  -4.1023208e-01   4.9828936e-01   8.2816633e-01  -3.4242944e-01  -3.2789755e-02   5.8675298e-01
   2.0000000e+00  -1.1789064e+00  -6.0609603e-01   1.4059191e+00   2.4484341e-01  -3.2768076e-01  -1.5226529e-01
   2.0000000e+00   3.1742250e-01  -2.3065003e-01   3.3664088e-02  -1.1888058e+00   7.3594683e-01   1.2741116e+00
   1.0000000e+00   2.1548017e+00   7.5524808e-02  -1.4047214e-02   4.5251251e-01   9.4451925e-01  -3.8651431e-02
   2.0000000e+00   5.2499377e-02   8.2294057e-01   6.0443219e-01   9.1412661e-01  -8.2810637e-01   4.7307943e-01
   2.0000000e+00   1.5008738e+00   1.1070947e+00   1.1314296e+00   9.4512239e-01   5.6189136e-01  -3.0545151e-01
   1.0000000e+00   1.3700024e-01   3.5076491e-01   2.9587719e-01   5.2767106e-01   1.9508991e-01  -2.0353883e+00
   1.0000000e+00   4.8609527e-01  -1.9927863e+00   1.4384846e-01   4.0183864e-01  -4.7369174e-02   1.0965690e+00
   2.0000000e+00  -2.3669113e-01   5.7558700e-01  -7.2155072e-01  -8.4644735e-01   1.2535294e+00   2.3095820e-02
   2.0000000e+00   3.0951986e-01  -2.4805899e-01  -3.3806140e-02  -5.8678127e-01   7.7755222e-01  -1.6271891e-02
   2.0000000e+00  -5.8814846e-01   1.6993358e+00  -3.4573432e-01  -7.5651598e-01  -4.3511343e-01   1.0910165e-01
   2.0000000e+00  -2.1375533e-01   5.8674070e-02  -3.7356588e-01  -6.3672316e-02  -1.0843517e+00   7.1850330e-01
   2.0000000e+00  -1.0525582e+00   6.2770749e-01   1.0279236e+00  -3.2420168e-01  -1.4081630e-01   3.2522361e-01
   2.0000000e+00  -6.5395476e-01  -1.4466104e+00   5.7702772e-01  -1.4620986e+00   1.0379846e+00  -6.8452500e-01
   2.0000000e+00   1.4921400e+00   4.4084308e-01   2.6472132e-01  -1.0430313e+00  -9.8185839e-03   5.5343153e-01
   1.0000000e+00  -1.1891531e-01  -8.7824946e-02   4.5524677e-01   1.2239859e-01   1.0588557e+00  -1.7110208e-01
   2.0000000e+00   2.7039941e-01  -2.2261578e+00   1.0647163e+00  -3.8101120e-01  -1.2909678e+00   9.5383416e-01
   2.0000000e+00  -2.8004220e+00   3.8697668e-01   1.4458820e-01  -2.0034701e-01  -7.2960825e-01  -1.6117562e+00
   2.0000000e+00  -2.1776699e+00   9.1664638e-01   4.8885347e-01  -3.3512828e-01  -6.2661733e-01   2.6838028e-01
   2.0000000e+00  -1.5743492e+00   6.4525371e-01  -2.9176798e-01  -5.5574544e-01  -8.6995700e-01   1.8301421e-01
   2.0000000e+00  -6.6375399e-01  -1.2747584e+00  -6.7481621e-02  -6.0199853e-01   8.8296585e-01  -4.7677277e-01
   2.0000000e+00   3.8988303e-01  -1.5649921e+00  -1.7059480e+00  -4.1462063e-02  -4.8685511e-01   1.2640575e-01
   2.0000000e+00   1.3321008e-01   1.6351166e+00   1.1284055e-01  -4.3504407e-01  -5.0530520e-01   1.6111747e+00
   1.0000000e+00  -2.8699562e-01  -1.7025029e+00  -9.5308305e-01   2.2557448e-01  -3.5478117e-01   7.4725902e-02
   1.0000000e+00   1.4330203e-01   7.7263578e-01  -2.7171251e-01   4.6573827e-01   1.7694590e+00   7.6671256e-01
   2.0000000e+00  -7.6517205e-01   7.8143899e-01   6.2346315e-01  -4.4986699e-01  -5.9310192e-02   2.2781995e-01
   1.0000000e+00   2.0918541e+00   1.1125457e+00  -1.3685262e-01   1.5697928e-01   6.9975176e-01   1.6287288e+00
   2.0000000e+00   3.3440208e-01   3.6085739e-01  -4.7158092e-01  -1.7097814e+00  -2.3182145e-01   5.9484297e-01
