   2.0000000e+00   8.3924391e-01   1.2333535e+00   9.6907703e-02   1.2473720e-01  -2.6723503e+00   9.5667060e-01
   2.0000000e+00  -3.3085104e-01   4.3610906e-01  -1.3467089e+00   2.5156323e-01  -1.7423184e+00  -1.0422243e+00
   2.0000000e+00  -1.5284494e+00   3.1871496e+00   7.4249847e-01   8.6060709e-02   2.2507113e-01  -5.4518826e-01
   2.0000000e+00   3.3007449e-01   1.3220297e+00   7.1699180e-01  -1.6647270e-02  -1.3331744e-01  -1.3410530e+00
   1.0000000e+00  -1.2777697e+00   5.6584587e-01  -9.2048083e-01   1.7602959e-01  -8.7063490e-02   5.3117734e-01
   1.0000000e+00  -1.2927571e+00   4.5987731e-01   8.0869185e-01  -1.5181756e+00   1.8789782e+00   1.9298086e-01
   2.0000000e+00  -1.7429171e-01   2.6369933e-01  -2.4033843e+00   7.1419929e-01  -1.0920770e+00  -2.2550187e+00
   2.0000000e+00  -1.6358264e+00  -1.7800173e+00   2.1105693e+00   4.7742118e-01  -6.0090115e-01  -6.2710219e-01
   2.0000000e+00  -1.3477045e+00   1.4036394e+00  -1.5736326e+00  -1.7665156e+00   1.6953049e-01  -8.9976235e-01
   2.0000000e+00  -1.3561985e+00  -1.4183308e+00   1.1088403e+00   7.8824794e-01  -1.9323974e+00  -1.5287371e-01
   2.0000000e+00  -6.3107343e-01   7.8602488e-01  -1.4201295e+00  -2.2227114e+00  -9.0548479e-01   1.5099548e+00
   2.0000000e+00  -4.2601450e-01  -7.5181552e-01  -1.3656863e+00  -1.0666110e+00   6.0107902e-01   5.0328072e-01
   2.0000000e+00   6.7544092e-01  -1.4704143e+00   6.6795999e-01   3.7088134e-01  -4.1488505e-03  -4.3352959e-01
   1.0000000e+00   1.4331864e+00   8.4239046e-02  -2.1695896e-01   2.2248073e-01   1.1585405e+00   3.0029849e-01
   2.0000000e+00   5.5461990e-01   3.7262170e-01  -7.1358875e-01   3.6648317e-02  -1.6051784e+00   1.0205000e+00
   2.0000000e+00  -1.3892011e+00  -9.4634715e-03   3.1756341e-01  -8.4677374e-01  -6.4135833e-01  -8.4855683e-02
   1.0000000e+00  -1.4314397e-01   4.4479479e-01   7.9719037e-01  -1.5650259e-01  -5.8277684e-01   5.7663554e-01
   2.0000000e+00  -2.0841291e+00   1.0385929e+00  -8.4644296e-02   5.8547279e-01   9.2700729e-01   1.6738123e+00
   2.0000000e+00  -8.0706320e-01  -9.5886426e-01  -8.3604637e-01   5.5801637e-01   6.1110940e-01  -1.2137646e+00
   2.0000000e+00   6.3960214e-01  -2.6421703e+00   5.9699624e-01   2.5610418e-01  -1.0051870e+00  -3.7454905e-02
   2.0000000e+00  -1.0610214e+00  -8.8462109e-01  -1.5236299e+00   1.0158484e+00   3.2088497e-01   9.1188008e-01
   2.0000000e+00   2.2660023e+00   1.0671281e+00   1.5084707e+00   1.0767603e+00   1.4244161e+00  -6.0677689e-01
   2.0000000e+00   7.5535371e-02   5.7133228e-01   4.1495915e-01   9.9045645e-01  -9.7568286e-02   1.6086242e+00
   2.0000000e+00  -1.1269591e+00   1.5021820e-02  -8.9596391e-01  -6.6924397e-01  -1.8597759e-01   1.9430884e+00
   2.0000000e+00  -1.0554770e+00  -1.2357884e+00   2.4135827e-01  -1.1121289e+00   1.5045125e+00   1.0835993e+00
   2.0000000e+00  -1.3108089e+00   1.9413298e+00  -3.3274441e-01  -7.9616196e-01   5.2614856e-01   4.5338329e-01
   2.0000000e+00  -6.5148927e-01   1.2540373e+00  -7.7067651e-01   3.4286798e-01   8.8558760e-01   5.6414557e-01
   2.0000000e+00   2.6117476e-01  -3.6095090e-01  -1.3622399e-01  -1.2243531e+00  -1.5806119e+00  -3.9878659e-01
   2.0000000e+00   6.0211588e-01  -8.5755780e-01   4.9627992e-01  -9.0415802e-01  -1.2505923e-01  -3.4536813e-01
   2.0000000e+00  -6.7220850e-01   7.7408202e-01  -1.7799235e+00   2.0195055e-01  -8.0017009e-01  -8.2261318e-01
   2.0000000e+00  -1.4079750e+00   3.6943291e-01   2.6535553e-01  -1.0400685e-01   2.0620477e+00   9.7411251e-01
   1.0000000e+00  -1.0388804e+00   1.9785189e-01   1.3064173e+00  -4.6076627e-01   1.9450105e+00   2.4990083e-01
   1.0000000e+00  -5.2914771e-01   5.4208385e-01  -6.8672099e-01  -1.3582880e-01  -9.3786683e-01   2.9435839e-01
   2.0000000e+00   1.8595062e+00  -2.3497126e-01  -4.3809953e-01   1.4613448e+00  -1.1687379e+00   8.5791833e-02
   2.0000000e+00   1.5950320e+00  -1.3595594e+00  -5.0106579e-01   2.6577775e-01  -1.2531079e+00  -3.0461971e-01
   1.0000000e+00   1.1224940e+00   6.6660516e-01   5.3064288e-01  -5.7955129e-01   1.6641524e+00   7.0956904e-01
   2.0000000e+00   6.0000290e-01  -4.7711530e-01  -4.2876288e-01  -1.9807101e-01   2.6745795e-02  -1.0630912e+00
   2.0000000e+00  -3.5395942e-01   1.3206285e+00   8.4808735e-01  -3.0795791e+00  -9.9591150e-02   3.3898818e-01
   1.0000000e+00  -2.8864388e-01   9.0593874e-01   9.8728929e-01   7.4221059e-01  -6.4708110e-01  -3.9094284e-01
   2.0000000e+00  -3.6412249e-01  -1.9519954e-02  -1.5773549e+00  -8.2768290e-01  -1.7491876e+00   6.5432635e-01
   1.0000000e+00   1.8320951e+00   3.1613431e-01   1.6382310e+00  -9.4556280e-01   1.5367346e+00  -5.1254150e-01
   2.0000000e+00   9.1140646e-01  -6.5279474e-01   1.5529431e-01  -1.6566684e-01   7.7973083e-01   4.2191745e-02
   2.0000000e+00   1.2513167e+00   1.6298842e+00  -1.6108593e-01  -1.0673558e+00   4.4251428e-01  -3.8200170e-01
   1.0000000e+00   5.6819940e-01   1.9756372e-01  -4.8951640e-01   1.1815103e+00  -2.3650552e-02   4.7779326e-01
   2.0000000e+00  -1.7322795e+00  -6.3636343e-01  -1.3249816e+00   1.6731703e+00   6.4872647e-01  -2.8957350e-01
   2.0000000e+00  -4.4798779e-01   1.0134042e+00   1.9547461e-01   3.1211967e-01  -1.6928374e+00   1.1420808e+00
   1.0000000e+00   1.9248517e-01   8.5910343e-01   1.7735182e+00  -2.0983756e-01   1.0208539e+00  -8.2353219e-02
   2.0000000e+00  -1.0395305e+00   1.6050668e+00  -1.0663414e+00  -1.0025433e+00  -9.9029924e-01  -4.4531100e-01
   2.0000000e+00   1.2124575e+00   1.1588489e+00  -1.5602167e+00   1.1674914e+00   5.7388548e-01  -4.0892395e-01
   1.0000000e+00   1.1624041e+00   3.1970896e-01   6.7325718e-01  -1.0893267e-01   4.0963382e-02   8.2152371e-02
   2.0000000e+00   3.0727520e-01  -1.1513578e+00  -4.8101979e-03  -1.6224889e+00   5.1997525e-01  -1.2642623e+00
   2.0000000e+00  -1.0339897e+00  -1.4394309e+00  -1.0069143e+00   3.5486185e-02  -1.2998264e+00  -1.1555476e+00
   2.0000000e+00   4.2585547e-01   9.4566107e-01  -1.0552552e+00  -2.1228097e+00   5.5912823e-01  -3.5858150e-01
   2.0000000e+00   1.3715763e-01   2.7675798e-02   1.9322283e-01   2.6027305e-01  -1.3158366e+00  -1.3833209e+00
   2.0000000e+00  -6.3738426e-01  -9.8126296e-01  -1.4169768e+00   9.7056087e-01  -1.4115111e-01   1.0831593e+00
   2.0000000e+00  -9.8733813e-01  -5.2426954e-02   1.3942692e+00  -1.6178774e-01  -1.7214817e-02   1.0626664e+00
   2.0000000e+00  -3.7261981e-01   1.6313910e+00  -9.4082978e-02  -2.6298256e-01   7.7309108e-01  -3.5651340e-01
   2.0000000e+00  -1.4829384e+00  -8.5808386e-02   4.9529740e-01   8.5361887e-01  -6.7943238e-01   8.8964130e-01
   1.0000000e+00  -1.0852367e-01   2.6343547e-01  -7.1016083e-01  -1.3734515e+00   1.0496780e+00  -1.2168137e-01
   1.0000000e+00  -7.2560266e-01   6.7039110e-01  -9.5544135e-02   8.2696425e-01   2.6476177e-01   2.3057999e-01
   2.0000000e+00   1.2262868e-01  -6.4924931e-01  -2.2283775e+00   6.8294350e-01   5.7256250e-01  -6.1645459e-01
   1.0000000e+00   1.7300839e+00   3.7875063e-01  -8.8077272e-01  -9.8840625e-02  -2.3726321e+00   8.0271729e-01
   2.0000000e+00  -1.2324289e+00  -1.1446063e-01   8.4906156e-01   1.0307781e+00  -1.8566997e-01  -3.6708681e-01
   2.0000000e+00  -2.4562382e+00  -5.0103686e-01   1.5326872e+00  -3.5244284e-01  -6.3476315e-01  -3.5836271e-01
   2.0000000e+00  -1.0420964e+00  -1.4745581e+00   2.3549847e-01  -1.2512561e-01   5.6029629e-01   5.9291110e-01
   2.0000000e+00  -1.1874129e+00  -8.9313537e-01  -1.7095501e+00  -2.6608710e+00   5.2402733e-02   4.0435060e-01
   2.0000000e+00  -1.4053464e+00  -9.6342825e-01   1.2691346e+00   1.2704885e+00  -8.0321082e-01  -6.9791750e-01
   1.0000000e+00  -6.5713059e-01   1.5329574e-01  -2.6390287e-01  -6.0938049e-01   5.6694970e-01   3.6060811e-01
   1.0000000e+00  -3.8687947e-01   7.6172917e-01   9.7674889e-01   1.2877739e+00  -1.0301899e+00  -4.8197079e-01
   2.0000000e+00   1.3706306e+00  -1.0826346e-01   6.0274436e-01   1.6320189e-01  -1.6839815e+00  -3.4214711e-01
   2.0000000e+00  -6.5058657e-01   1.1521815e-01   1.2129424e+00   1.8789936e+00   5.8341088e-01  -1.3024739e+00
   2.0000000e+00  -3.9873617e-01  -4.1142446e-01   1.5462929e-02   1.5097671e+00   5.9473856e-01   2.4347772e-01
   2.0000000e+00   9.2901792e-01  -5.8002490e-02  -2.8862520e-01   5.5457324e-01  -1.7660333e+00   4.9821007e-01
   2.0000000e+00   1.1767036e+00  -2.1421443e+00   1.7393172e-01  -2.8265457e-02  -1.2600713e+00   6.4731686e-01
   2.0000000e+00  -8.3746910e-01  -1.2544838e+00  -3.6762916e-01  -8.3355123e-01   3.9466571e-01   8.4139084e-01
   1.0000000e+00   1.8527590e-01   2.2908884e-02  -6.4817087e-01  -7.0393121e-01   3.4336118e-01  -1.2145102e-02
   1.0000000e+00   5.3488142e-01   6.6242085e-01  -8.8432619e-01   7.0141195e-01   2.1361734e+00   2.6189121e-01
   2.0000000e+00  -1.6118529e+00  -7.6952999e-01  -1.0124894e+00   1.2275809e+00  -1.8867848e+00   9.1054319e-01
   2.0000000e+00   1.1393209e+00  -6.8868471e-01   1.3805474e+00   2.4725270e-01  -6.0438564e-01  -1.5108714e+00
   2.0000000e+00   1.1950814e+00   2.5804465e+00   2.3380808e+00   1.0872507e-01   3.5598382e-01   1.8298211e+00
   2.0000000e+00   1.7059197e-01   1.5840659e+00   9.7923525e-01  -8.3599764e-01   3.6379029e-01  -2.1363145e+00
   2.0000000e+00  -2.1161457e+00  -7.5853321e-01  -4.2316624e-01   5.7492108e-01  -1.4049627e+00   2.3535478e+00
   2.0000000e+00   1.1336017e+00  -1.5549522e+00   2.6655949e-01   6.9592258e-01   6.7423628e-01   1.7055244e+00
   2.0000000e+00  -8.9927507e-01  -1.2160577e+00  -4.8623202e-01   1.6797336e+00  -1.1294852e+00  -8.6065192e-01
   2.0000000e+00  -1.2398399e+00   2.0801537e+00   1.0990198e+00   2.7353477e-01  -1.0246446e+00   1.5781170e+00
   1.0000000e+00  -1.1965612e+00   3.0503468e-01  -4.6386948e-01  -7.6049619e-01  -2.1166065e+00   5.7485076e-01
   2.0000000e+00   6.0312591e-01   1.8144400e+00  -1.8595674e+00   2.6633310e+00   1.3047187e-01   2.3872586e-01
   1.0000000e+00  -8.7434528e-01   8.3051941e-01   5.2105631e-01   7.2085410e-01  -1.5342237e+00   5.3466594e-01
   2.0000000e+00   3.5912790e-01  -3.9971919e-01   1.8376322e+00   5.0603683e-02   7.9753607e-01  -1.2444087e+00
   1.0000000e+00   1.5178691e+00   2.4744910e-01   8.3034713e-01   3.7542339e-01   3.5895945e-01   2.2124576e-01
   2.0000000e+00   7.9576996e-01  -1.0406320e+00   1.9995744e+00   4.2536982e-01   4.4345466e-03   3.0936688e-01
   2.0000000e+00  -9.1506736e-01   4.2001294e-01   3.1692910e-01   2.0389846e-01  -3.6401514e-01  -1.3029475e+00
   2.0000000e+00  -2.0173317e+00  -7.2843151e-01   1.8727117e-01   3.1067602e+00  -6.7826513e-02   6.4130632e-01
   2.0000000e+00  -7.9137862e-01   2.1779148e-01   7.3257054e-01  -1.7190593e+00   8.4886222e-01  -3.5539907e+00
   2.0000000e+00   8.0931772e-01   1.4347728e-01   3.5039488e-01  -5.4038747e-01  -1.3419567e+00  -2.7584766e+00
   2.0000000e+00  -2.6059355e-01  -1.0780056e+00   3.6982109e-01   6.2851957e-01   3.7899077e-01  -1.0640190e+00
   2.0000000e+00  -6.3482419e-01  -1.1562197e+00  -5.9180353e-01  -4.5790634e-02  -5.8399359e-01   5.1127158e-01
   2.0000000e+00   6.2194174e-01   1.1496826e+00  -9.0747033e-01   4.8687837e-01  -4.3986699e-01  -5.9529795e-01
   2.0000000e+00   9.6182025e-03   1.2078968e+00  -1.6742423e+00   1.9219828e+00  -6.4994354e-01  -1.5645430e+00
   2.0000000e+00   5.1918627e-01   4.0026265e-01   1.7634100e-01   2.4805596e-01  -9.2273863e-01   9.4235042e-01
   2.0000000e+00   6.0318388e-02  -1.0815632e+00   4.3414909e-01   1.0361139e+00   8.5166484e-02   1.4807143e+00
   1.0000000e+00   3.3375118e-01   2.4593864e-01   3.9421485e-01  -8.3384952e-01  -4.8573418e-01   1.6559532e-01
   2.0000000e+00   5.8337633e-01  -7.3254285e-02   1.9246153e+00   5.3148344e-01   5.7643169e-01   1.2163946e+00
   2.0000000e+00   1.8718743e+00  -9.7630297e-01  -5.9931619e-01  -1.5025604e+00   2.6426541e-01   7.6026266e-01
   2.0000000e+00  -5.7912348e-01  -4.8785146e-01   1.0472606e+00   1.3946026e+00   5.6133419e-01  -1.5596630e-01
   2.0000000e+00  -9.1527930e-02  -5.8442741e-01  -1.7688008e+00   8.1605443e-01   9.9245441e-01   1.2813850e+00
   2.0000000e+00  -3.5298506e-01   9.6276777e-01  -1.1800949e+00  -4.8242742e-01  -1.4096110e+00  -1.3708722e+00
   1.0000000e+00   1.1726605e+00   3.0509628e-02  -5.4199539e-01  -4.3527844e-01   1.1854972e+00  -3.2275559e-01
   2.0000000e+00  -9.8885337e-01  -9.7021985e-02   3.4153770e-01   2.8896299e-01   9.4605887e-03  -1.7367511e-01
   2.0000000e+00   5.2825321e-01  -2.3480928e+00   8.8002112e-01  -1.1219151e+00  -8.5291055e-01  -9.5193949e-01
   2.0000000e+00  -9.9533814e-01   1.9813249e-01   1.9451598e-01   3.6372172e-01  -1.1147021e+00  -1.0595400e+00
   2.0000000e+00   1.9113383e+00  -5.0317628e-01  -1.4838846e+00   1.5206219e-01  -4.7761181e-02  -7.3982167e-01
   2.0000000e+00   4.0034210e-02  -2.5497893e-01  -5.2827318e-01   1.1539632e+00  -7.2257573e-01   4.7864003e-01
   2.0000000e+00  -8.7514282e-02  -6.9748163e-02  -9.3006740e-01   1.1634738e+00  -3.1621940e-02  -4.0132452e-01
   2.0000000e+00  -1.3857634e+00   1.7382540e+00  -4.1797992e-01  -5.4847919e-01  -9.2587055e-01  -1.0498590e+00
   2.0000000e+00   3.0027017e-02   3.7714839e-01   4.3533848e-01  -2.2762286e-01  -7.4018071e-01  -1.1147173e+00
   2.0000000e+00   1.9055901e-01   3.6427700e-01  -8.1072495e-01  -1.0232230e+00  -8.5743270e-01  -1.3711313e+00
   2.0000000e+00  -1.3965133e+00  -4.3471925e-01   1.0530319e+00  -8.8930526e-01  -5.6204818e-01  -5.2502026e-03
   2.0000000e+00  -1.0088342e+00  -3.4124437e-01   1.6444989e-01  -1.2885379e+00  -4.8535986e-01   4.5371794e-01
   2.0000000e+00   1.9750003e+00   9.8050853e-01   7.2573958e-01   1.2937844e+00   2.0420881e-01  -1.6581619e+00
   2.0000000e+00  -7.8463949e-01  -5.0087476e-01  -4.6232094e-01  -9.0262227e-01   6.9760503e-01   2.9225502e-01
   2.0000000e+00   6.7942883e-02  -1.1772918e+00   1.6122235e-01  -3.1801310e-01   1.7777581e+00   1.9366484e-01
   2.0000000e+00  -4.7072310e-01  -5.8869020e-02  -4.6737201e-01  -1.4976768e-01   2.4778421e-02  -1.4659161e-02
   2.0000000e+00  -1.4607834e+00   1.2410223e+00  -3.9300561e-01  -2.6646960e-01   1.2706571e+00  -8.3478464e-01
   2.0000000e+00   2.3827779e+00  -1.3036914e+00  -1.2665464e+00   1.2119767e+00   2.0593036e-01  -3.6623275e-02
   2.0000000e+00   8.9221143e-01   6.6799885e-01  -1.3349089e-01   1.0194537e+00  -2.4200024e-01  -2.1260023e+00
   2.0000000e+00  -1.0552616e+00   4.1973435e-01  -1.4291011e+00  -5.2502080e-01  -1.7572494e-02   1.9692206e+00
   2.0000000e+00  -5.1993564e-01   3.7280475e-01  -2.2164385e+00  -6.3547602e-01   1.4232227e+00   1.4802102e+00
   2.0000000e+00   7.3235313e-01   1.7027177e+00   5.0763413e-02  -2.2582885e-02   6.4138809e-01  -1.5103948e-01
   1.0000000e+00   4.4167780e-01   9.2778553e-02   1.3454150e-01  -9.1859743e-01   1.0265314e+00   1.0608658e-02
   2.0000000e+00   6.9142518e-01  -1.0234162e+00  -2.5297763e-01   1.2302808e-01   7.9054848e-01   8.1772433e-02
   2.0000000e+00   1.5122915e+00  -1.2380097e+00  -5.4320937e-01  -3.3796488e-01  -9.7354885e-01   9.0331636e-01
   2.0000000e+00   7.8208132e-01   3.6815966e-01   2.0195982e+00  -9.7119937e-01  -4.1683573e-01  -7.1785725e-01
   2.0000000e+00   1.0014615e+00   9.6556085e-01   2.2372762e+00  -1.2067217e+00  -7.6967404e-01  -6.5009470e-01
   2.0000000e+00  -5.2841543e-01  -4.7512719e-01   9.3093900e-01  -1.3977358e+00   1.0451215e+00  -1.5761711e+00
   2.0000000e+00  -1.3150090e+00   1.6893178e+00   5.1309652e-01  -1.1231140e+00   1.0678879e-01   6.4975197e-01
   1.0000000e+00   1.3162427e+00   3.4689471e-01   6.4479752e-01   1.1904937e+00   1.6671020e-01  -6.1202740e-01
   1.0000000e+00   1.1147814e+00   8.1574080e-02  -1.1124125e+00  -2.1202128e+00  -1.2009384e+00   8.1051865e-01
   2.0000000e+00  -1.2939909e+00  -9.0471938e-01  -3.9676174e-01   1.6482890e+00  -3.4790994e-01  -6.6671560e-01
   2.0000000e+00   8.9261073e-01   1.9947686e+00  -6.4538843e-01   3.4492653e-01   3.0279272e+00  -7.3249192e-01
   2.0000000e+00   4.7129138e-01  -6.1537934e-01   9.9737012e-01  -8.3444859e-02  -1.0928806e-01   1.4186851e+00
   1.0000000e+00   4.6680371e-01   1.4213532e-01   1.0249491e+00  -1.1553636e+00   9.2863641e-01  -8.5698443e-01
   2.0000000e+00  -1.7175523e+00  -7.0002920e-02   1.1385519e+00  -3.8860557e-01   7.3102368e-01   2.4554394e-01
   2.0000000e+00  -1.7191299e+00  -5.9861074e-01   8.7711474e-03   2.8373760e-01   3.7317078e-01   3.1361165e-02
   1.0000000e+00   2.1690167e+00   2.3635649e-01   1.2149411e+00   2.2096204e-01   1.1654568e-01   1.6923073e-01
   1.0000000e+00  -2.1477535e-01   3.4462808e-01  -1.0444558e-01  -3.8848666e-01  -5.6242731e-01  -3.0676062e-02
   2.0000000e+00  -1.4906380e+00  -9.6296124e-01   2.9858892e+00   3.7699156e-01   6.3741926e-01  -5.6144116e-02
   2.0000000e+00  -2.6685746e-01   1.0419183e+00  -4.6889520e-01   8.5093921e-01   1.2470923e+00   1.1877790e+00
   2.0000000e+00  -8.5832733e-01  -1.6645568e+00  -1.9144836e+00  -6.9242720e-01   5.1130952e-01   4.8751792e-01
   2.0000000e+00   1.6482882e-02  -1.2354746e-01  -8.9236651e-01  -4.5284184e-01  -4.6519879e-01   3.5787602e-01
   2.0000000e+00  -1.9828132e+00  -1.0052383e+00  -2.1737710e-01   1.2720928e+00  -8.7216564e-01   1.9135546e+00
   1.0000000e+00  -2.2311541e-01   4.2511010e-01   1.3383928e+00   2.6544230e-01   3.1477150e-01  -1.4471175e-01
   2.0000000e+00  -5.6300199e-02  -1.1696228e+00  -1.4354274e-01  -2.8678350e-01   1.7305396e-01   4.5026301e-01
   2.0000000e+00  -2.2824313e+00  -4.8843776e-01   1.1038784e+00   1.9240974e+00   7.7292402e-02  -6.5813013e-01
   2.0000000e+00  -1.5912971e+00  -8.7360573e-02   6.2028343e-01   1.7150858e+00   2.8536165e-01  -1.6648902e+00
   1.0000000e+00  -2.1037023e-01   1.2514947e-01   1.8854820e-01   6.9830951e-01  -5.6084636e-01  -7.4313576e-01
   2.0000000e+00   6.5082423e-01  -5.5174717e-01  -2.1854251e-01   1.6649803e+00  -1.2494564e+00   7.2494114e-01
   2.0000000e+00  -7.0825924e-02  -1.6841569e-01  -1.6851343e+00   1.3544769e+00   1.0777165e-01   9.3371033e-01
   2.0000000e+00  -9.5015216e-01  -1.7010595e-01   3.1772371e-01  -2.3127603e+00  -6.5029629e-01   1.2455268e+00
   2.0000000e+00  -4.5095056e-01  -8.6763415e-01   5.1501148e-01  -7.6284468e-01   8.3534522e-01  -4.4994911e-02
   2.0000000e+00  -6.2091243e-01  -1.3126267e+00  -7.0564866e-01   7.6008753e-01  -6.6136031e-01   3.2476867e-01
   1.0000000e+00   1.0882753e+00   8.3133662e-02  -8.8149289e-01  -2.5886341e+00  -8.0470987e-01   4.2848786e-01
   2.0000000e+00  -1.5548260e+00   2.7256843e-01  -1.4919371e+00  -2.2682533e-01   1.1844686e+00   1.7076698e+00
   1.0000000e+00   5.6293787e-01   2.4740871e-01  -3.4691728e-01   3.0031936e-01  -1.4150659e-01   8.9449210e-01
   2.0000000e+00   4.0895901e-01   1.5340048e-01   1.9252878e-02   3.1337877e-01   1.3970601e-01   2.2893155e+00
   2.0000000e+00   5.7323723e-01  -1.3940242e+00   1.5726829e+00   2.3008898e-01  -2.5102809e-01   8.1434151e-01
   1.0000000e+00   1.2433844e+00   1.5185901e-01  -1.3595929e+00   1.0453706e-01   6.6466630e-01   1.8165932e-01
   2.0000000e+00  -2.4593901e-01  -1.4472844e+00  -1.0369581e+00  -9.2741471e-02  -2.7686210e-01  -1.0490992e+00
   2.0000000e+00  -1.3115199e+00  -9.2422087e-01  -4.1620544e-01   4.2303414e-01   1.7239776e-01   7.6761894e-02
   2.0000000e+00   2.7948216e-01   1.6387480e+00   1.4718691e-01  -1.2812717e+00  -4.4498391e-01  -8.2423893e-02
   1.0000000e+00   3.1026131e-01   5.5786851e-01  -5.0324850e-01  -1.0225059e+00   2.5880316e+00   6.9175862e-01
   2.0000000e+00   3.6389538e-01  -5.4720915e-01   1.6540633e+00   5.1741041e-01  -2.3013331e-01  -1.1714612e-01
   2.0000000e+00   7.3909803e-01  -1.6531726e-01   2.3449227e-01   1.6587531e+00   7.8541911e-01  -4.3618536e-01
   2.0000000e+00  -1.2777557e+00   1.5356896e+00   2.7916079e+00  -1.3666697e+00  -6.4862887e-01   1.1167566e+00
   2.0000000e+00  -1.3040443e+00  -5.4815584e-02   1.0499610e-01  -7.2807499e-01  -4.2192823e-02   2.4030120e-01
   2.0000000e+00  -3.0313704e+00   4.8908658e-01   9.6174046e-02  -1.3721251e+00   7.3056759e-02   1.4772031e+00
   1.0000000e+00  -9.7040949e-02   1.5891430e-01   1.6238391e-01  -1.4316440e+00   3.4472108e-01   9.7061701e-02
   2.0000000e+00  -2.2811482e-01  -4.2675730e-01   3.1913177e-01  -1.6481327e+00  -1.3371512e+00  -1.3530869e+00
   2.0000000e+00   1.2988731e+00   2.3764693e+00   1.5526250e+00   3.4139935e+00   9.6019380e-01  -1.6154448e+00
   2.0000000e+00  -2.5465645e-01  -1.4460108e-01  -8.0125374e-02  -8.7360440e-01  -3.3798945e-01   1.0449765e+00
   2.0000000e+00   5.4525179e-01   8.0568839e-01  -7.6596650e-01  -9.0552779e-01  -6.1110654e-01  -9.1485991e-01
   2.0000000e+00   3.8223702e-03   1.5515352e-01   1.9298287e+00  -4.0741113e-01   8.5752222e-01  -1.4989022e+00
   2.0000000e+00  -1.1609955e+00  -1.2725876e+00   9.3072314e-01  -3.5248994e-01  -1.0601237e+00   6.7490681e-01
   2.0000000e+00   4.6504157e-02  -1.8044477e-01   3.8417005e-01   8.7910917e-01   1.4895745e+00  -3.5245547e-01
   2.0000000e+00  -1.2805349e+00  -2.2002148e-01   1.0078155e+00  -1.2626617e+00  -2.2335980e-01   1.6899919e+00
   2.0000000e+00  -1.5213588e+00  -8.8557104e-01  -4.4214690e-01  -1.8604269e+00  -3.9186641e-01  -1.6132803e+00
   2.0000000e+00   4.7045481e-01   1.3062456e+00  -9.8560883e-01   1.1066338e+00   8.2348083e-01  -3.6336499e-01
   2.0000000e+00   1.2467417e-02  -1.0150603e-01  -3.8201450e-02  -1.3585249e+00   4.3519817e-01  -2.1305332e-01
   1.0000000e+00   3.1239334e-02   5.7811553e-01   2.2821745e-01  -8.6104790e-01   1.7300020e+00  -7.9157360e-01
   2.0000000e+00   5.1655517e-01  -2.0930258e+00  -1.9793246e+00   3.8882497e-02   9.5205152e-01  -1.5965155e-01
   2.0000000e+00   6.0916470e-01  -8.6038200e-01   5.3887208e-01   5.5207957e-01   1.1143316e+00   1.7237129e-01
   2.0000000e+00   2.0167369e-01  -2.3717750e-02   2.2178469e-01   1.5571654e+00   1.3095374e+00  -1.5976695e+00
   2.0000000e+00   5.0284873e-01   1.9903159e+00   4.1762561e-01  -8.7846828e-01  -1.9616102e-01  -5.6196913e-01
   2.0000000e+00  -3.4222841e-01  -1.1123754e+00   7.1965985e-01   2.8902683e-01  -1.6633026e+00  -5.9200190e-01
   1.0000000e+00   1.2288500e-01   2.1137767e-01   5.8673275e-01  -4.3941742e-01   6.5655056e-01   7.9927631e-01
   2.0000000e+00   5.7703225e-01  -1.2082013e+00   1.4925116e+00   8.3468775e-01  -7.0798286e-01   3.4569511e-01
   2.0000000e+00   4.7984329e-01  -5.1833408e-02  -1.6937892e+00  -1.7815735e-02  -1.4812763e-01  -2.7153599e-01
   1.0000000e+00   2.5101435e+00   5.1303501e-01  -5.1028176e-01  -1.3297936e+00  -4.8490211e-01   7.9865554e-02
   2.0000000e+00  -1.7786653e-01  -5.0407383e-02   2.6701887e+00  -3.1405248e+00   1.2538952e+00   5.8379398e-01
   2.0000000e+00  -3.6451349e-01  -3.7606371e-01  -4.8688582e-01  -2.4648306e-01  -1.3382296e+00   9.9902108e-01
   2.0000000e+00  -6.9104207e-01  -6.8220974e-01   1.7840949e-01  -3.9157595e-01   1.2275771e+00   1.4198204e+00
   1.0000000e+00  -5.3862886e-01   4.3536214e-01  -9.3764406e-01  -1.6183877e-01  -1.4761950e-01  -1.4270710e-01
   2.0000000e+00  -4.3244007e-01  -1.3141246e+00   1.6934785e-01   1.3087759e+00  -1.1254291e-02  -1.1662969e+00
   2.0000000e+00   1.2686683e+00  -9.6250297e-01   5.3343939e-01  -3.5799987e-02  -1.6425358e-01   5.0707278e-02
   2.0000000e+00   8.8382917e-01   4.2400561e-01  -1.5641936e+00   4.6370293e-01  -1.8496884e-01  -1.6328094e+00
   1.0000000e+00  -2.8083867e-01   6.5624805e-01   2.6060622e-01  -2.6750786e-01  -3.0496602e-01   4.4168488e-01
   2.0000000e+00   1.1742409e+00  -6.9820063e-02  -8.6912357e-01  -1.1816348e+00   2.1054115e-01   1.4111743e+00
   2.0000000e+00   1.7318923e+00  -1.0973363e+00  -6.2216528e-01   7.4772704e-01   8.9937668e-01   2.3402955e-01
   2.0000000e+00   1.6900947e+00  -1.3010252e+00  -9.7530579e-01  -6.0787260e-02  -3.3488669e-01   9.8360643e-01
   1.0000000e+00   9.6095844e-01   2.8536369e-01   1.2611560e+00  -1.4659174e+00  -9.2155910e-01  -4.7763618e-01
   2.0000000e+00  -1.5701673e+00  -8.1706914e-01   4.0001945e-01   1.4963769e-01  -8.9130229e-01   1.7021848e+00
   2.0000000e+00  -5.9988532e-01  -8.7381097e-01   5.7603652e-01  -6.4333221e-01   3.4956388e-01  -1.8604479e+00
   1.0000000e+00   3.0271990e-01   3.8841992e-01   1.9161810e+00  -1.6840485e+00  -2.3630190e-01   2.3654936e-01
   2.0000000e+00  -7.9261060e-01  -4.6645164e-01   2.3017925e-01  -4.3087964e-01   1.2749432e+00  -6.0809014e-01
   2.0000000e+00   4.7438386e-01  -8.0587796e-01  -5.8849303e-01   6.6310387e-01  -6.6129587e-01   8.0169053e-01
   2.0000000e+00  -6.5724380e-01  -2.6547748e-01  -2.3254751e-01  -5.7550755e-02   3.3131919e-02   8.3572296e-01
   1.0000000e+00   3.1708096e-01   2.5751154e-01   9.1291311e-01   1.2930613e+00  -3.2108446e-01   2.7987924e-01
   2.0000000e+00  -1.7476823e-01  -2.2846381e+00  -1.5498586e-01   4.1306312e-02  -3.0329795e-01  -2.3550670e-01
   2.0000000e+00  -5.5074364e-01  -2.0990522e+00  -1.2804864e-01   1.2388757e+00   1.0353989e+00   2.6346321e-02
   2.0000000e+00   1.0175027e+00  -1.2691721e+00  -1.1022269e+00   7.7460629e-01   7.7950437e-01  -2.9506549e-01
   1.0000000e+00  -4.2126356e-01   1.2051476e-01   2.6696714e-01  -7.9166758e-01  -2.3908608e-01  -3.9725327e-01
   2.0000000e+00   7.3950391e-01  -1.3139665e-01   1.4311990e-01  -7.8828955e-01  -7.4453568e-01  -8.6931716e-01
   2.0000000e+00   1.2187120e+00  -9.4503852e-02   1.9878292e+00  -5.8421671e-01   2.1647821e+00   4.2405789e-01
   2.0000000e+00   5.6212113e-01  -2.6103047e-01   1.1643812e-01  -4.4340138e-01  -1.1383125e+00   1.5721480e+00
   2.0000000e+00   1.1451592e+00   1.2241004e+00   2.9391680e-01   4.0442514e-01   1.3851096e+00   1.0227450e-01
   1.0000000e+00   5.7803419e-01   1.8208036e-01   2.6873005e-01  -8.0253057e-01  -2.5378755e+00  -2.7199984e-01
   2.0000000e+00  -1.6929532e+00   7.1577676e-01   9.9733492e-01   1.4408529e-01  -4.8462186e-01   9.4930159e-01
   2.0000000e+00   2.7675035e-01  -1.1164559e+00   1.4482387e+00  -1.1290954e+00   1.4237057e+00  -4.9049845e-01
   2.0000000e+00   5.2229452e-01   7.7076790e-01   1.4163168e+00  -5.3702009e-01   2.1731540e+00  -1.5403263e+00
   1.0000000e+00   1.5909518e+00   5.4129585e-01  -8.4239262e-01  -7.9721662e-01   6.0147947e-01  -5.1260016e-01
   2.0000000e+00   3.0333975e-02  -7.0450052e-02  -1.2449450e+00   7.6510209e-01  -1.0138378e+00   1.6160622e+00
   2.0000000e+00   1.5002612e+00  -1.0961973e-01  -1.0911522e+00  -1.3171044e+00   1.3688446e+00  -1.1861296e+00
   2.0000000e+00   2.6714668e+00  -7.7526398e-01   2.3765267e+00  -1.3084194e-01   1.1176902e+00  -6.0504164e-01
   2.0000000e+00   1.1105484e+00  -5.0027443e-01  -4.9395481e-01  -1.6542680e-01  -7.5811030e-01  -7.3692426e-01
   1.0000000e+00  -2.7027302e+00   4.4716746e-01   1.0642440e+00   1.0734191e-01  -1.8975007e+00  -5.0901571e-01
   1.0000000e+00  -3.9374911e-01   2.0097514e-01   4.9853128e-01   4.6588518e-01  -5.3819993e-01   6.5695282e-02
   2.0000000e+00   6.0993416e-01   4.7357021e-01  -5.9645678e-01  -2.3749036e-01  -5.1837276e-01   9.3090884e-01
   2.0000000e+00   8.5519417e-01   1.6303509e+00   2.4236161e+00   4.0623239e-01   8.3567311e-01   3.2890741e-01
   2.0000000e+00  -6.4878593e-01  -1.6242593e+00  -1.1566287e+00  -1.9252735e+00  -1.2576646e+00  -9.5353544e-01
   1.0000000e+00   1.2178527e-01   3.9018498e-03   5.3398558e-01  -7.2388401e-01   2.3124713e+00  -3.0763815e-01
   1.0000000e+00   3.8465096e-01   9.5524760e-01   2.3654660e-01   9.9569302e-01   1.4285324e+00  -1.8748160e-01
   1.0000000e+00   6.0548847e-01   9.1742779e-01  -1.2995406e+00   9.0331349e-01  -6.9884503e-01  -1.3199790e-01
   2.0000000e+00  -6.6779029e-01  -7.5652049e-02   1.7796201e-01  -1.6222443e-01   9.9404156e-02  -1.4211097e+00
   1.0000000e+00  -1.3792252e+00   5.0048118e-01   1.3076464e+00  -9.1426234e-01   7.8082993e-01   2.8748444e-02
   1.0000000e+00   1.7117254e-01   7.6932278e-01  -1.5699105e+00  -1.1843381e+00  -1.8869027e+00   3.1511274e-01
   2.0000000e+00   2.7530851e+00  -1.1521939e+00   2.3654484e-01   1.0688665e+00  -1.5832306e+00  -8.9350593e-02
   2.0000000e+00   1.1523313e+00   2.3197109e+00   1.1012702e+00  -3.5718678e-02  -1.6860216e+00   1.9892325e-02
   1.0000000e+00  -1.2834963e-01   7.1100157e-01  -7.6184058e-01  -8.6417932e-01   8.1489154e-01  -3.9257436e-01
   2.0000000e+00  -1.8517877e+00   1.3889533e+00  -4.0745456e-01   1.8214828e+00   2.4970680e-01   2.0056212e+00
   2.0000000e+00   4.2313016e-01   1.6805700e+00   1.5762234e-01   1.2777453e+00   7.9898421e-01  -1.0120747e+00
   2.0000000e+00  -2.5863390e+00   9.6387538e-02  -2.7903669e+00   1.1942674e+00  -2.2481549e+00   5.9877255e-01
   1.0000000e+00  -2.1595537e+00   4.9053421e-01   1.3327631e+00  -1.2344696e+00   4.2246156e-02   8.5381436e-01
   2.0000000e+00  -1.8782376e+00   7.8734769e-01   1.8174505e+00  -6.5545306e-01  -6.1359265e-01  -1.0535383e+00
   1.0000000e+00  -8.5183910e-01   8.9379496e-01  -7.6374640e-01   8.0304942e-01   4.4263369e-02   1.9897003e-01
   2.0000000e+00   5.3283406e-01  -2.1938495e-01  -2.0728354e-01  -2.7771015e-01   1.9680112e-01   1.0580413e+00
   2.0000000e+00  -5.9406943e-01   1.0310421e+00  -4.7438508e-02   1.2188824e+00   6.8888043e-02  -2.4559561e-01
   2.0000000e+00  -1.3910354e-01   1.4921004e+00  -2.2426275e+00  -1.1452194e+00   9.2395070e-01   1.1770689e+00
   2.0000000e+00  -1.9093382e-01   1.9024727e+00   1.2760468e+00  -1.0157514e+00  -1.6396334e+00  -1.1687407e+00
   2.0000000e+00  -2.8629887e-01  -4.2063963e-01  -6.5549101e-01   4.0318185e-01  -1.8122680e+00   8.9323061e-01
   2.0000000e+00  -5.5787085e-02   2.0772279e+00   1.2700799e+00  -2.2913724e-01  -1.1477085e-01   4.3413656e-01
   2.0000000e+00  -3.3928387e-01  -5.3349469e-01  -1.3345467e+00   3.6061911e-01   7.8978707e-01  -1.0126941e-01
   2.0000000e+00  -3.1191753e-01   1.4065777e+00  -1.0957819e+00   7.5228260e-01  -1.5215318e+00   3.7087622e-01
   2.0000000e+00   2.2991055e+00   5.2672614e-01  -9.0171260e-01   1.3983011e+00   2.2361904e-02  -9.1826555e-01
   2.0000000e+00  -8.5581581e-02  -1.9471107e+00   3.1708453e-01  -1.1968986e+00   1.4984220e+00   3.4193011e-01
   2.0000000e+00  -8.5344734e-02  -1.2505291e+00   5.9964787e-01   5.4356158e-01  -8.2187446e-02  -1.2676342e-01
   2.0000000e+00   1.2028626e+00  -4.5076829e-01   1.1733733e+00   4.3458535e-03  -6.7807837e-01   9.1994214e-01
   2.0000000e+00   5.0587921e-01   1.2219468e+00   1.2708752e+00   7.5105042e-01  -9.4377625e-01  -1.4828041e+00
   1.0000000e+00   1.0642737e+00   2.6081222e-01  -9.9520190e-01  -8.6148610e-01  -1.8157492e-01   6.3853627e-01
   2.0000000e+00  -9.1304232e-01  -1.2963110e+00   6.6260973e-01  -8.6599066e-01   1.6795157e-01  -8.8219854e-01
   1.0000000e+00   4.2103080e-01   5.9851543e-01   8.8912585e-01  -1.1594567e+00   1.5763984e+00   1.4677650e-01
   2.0000000e+00  -1.0937983e-01   1.0550905e+00  -6.7168146e-02  -1.2193337e+00   9.6280950e-01   1.2691530e+00
   2.0000000e+00  -2.2391233e-01  -5.7859831e-01  -6.1073658e-01  -5.9233703e-01  -4.1278322e-01  -6.8401007e-01
   1.0000000e+00  -2.4970453e-01   7.1232640e-01  -1.8398374e-02  -7.5601840e-01  -2.1964252e-01  -4.4362824e-01
   2.0000000e+00   6.4828853e-03  -6.4706097e-02   1.9042708e+00   5.3712320e-01  -1.1851673e+00   2.1012878e-01
   1.0000000e+00   1.4748464e+00   5.8863144e-01  -3.0054788e-01   8.6240843e-01   1.2007907e+00  -6.5269115e-01
   2.0000000e+00   2.2695483e+00  -1.0060925e-01   6.3300045e-01   4.8505363e-02   9.7754202e-01  -4.4488938e-01
   2.0000000e+00  -4.0507135e-01  -1.0677016e+00   4.1598907e-01   8.7476362e-01  -2.0896607e+00  -1.2212058e+00
   1.0000000e+00  -3.7821394e-01   5.6558243e-01  -3.4902372e-01  -6.0501718e-01   3.9605398e-01  -2.1211483e-01
   1.0000000e+00  -2.7363276e+00   6.9326796e-01   5.5143240e-01  -1.1862150e-01   1.7589328e+00  -1.6159518e-01
   2.0000000e+00  -4.9044376e-01  -1.1832018e-01  -1.8726151e+00   1.5039759e-01  -1.6974548e+00   5.5069727e-01
   2.0000000e+00   7.3164111e-01  -4.1051574e-01  -1.3164037e+00   8.0831793e-01  -5.8298934e-02   5.4063591e-01
   2.0000000e+00   1.0164545e+00  -7.7928585e-02  -9.0187377e-01  -6.0657369e-01  -5.4377587e-01  -9.4801792e-01
   2.0000000e+00   2.0301022e+00   7.7053959e-01  -1.4979604e+00   2.0758795e+00   2.7298776e-01  -7.3930199e-01
   1.0000000e+00   1.0894558e+00   2.8780633e-01  -3.9405537e-01  -1.8969012e-01  -4.5212649e-02  -4.2909324e-01
   2.0000000e+00  -5.7228549e-01  -2.0730030e+00   2.2288078e+00  -5.8281579e-01   1.1543364e+00   1.2988620e+00
   2.0000000e+00   1.2387182e+00  -6.0994836e-01   4.2618678e-01  -6.5872044e-01  -1.1108852e+00  -5.7639892e-02
   2.0000000e+00   4.3960666e-01   1.1262716e+00   3.3230485e-01   1.9775545e+00   4.1015433e-01   9.2478545e-02
   2.0000000e+00  -6.4603917e-01  -1.2077448e-01  -7.5672209e-01  -6.1425191e-01  -3.0233582e+00  -4.7743149e-01
   2.0000000e+00   1.2635456e+00   5.9003035e-01   9.9333709e-01   8.4178799e-01  -1.1654115e+00  -2.1074324e+00
   2.0000000e+00   1.3357575e+00   9.9457472e-02   9.4458557e-03   1.1515094e+00   7.4401401e-01  -1.3760524e+00
   2.0000000e+00   5.6518727e-02   8.4674297e-01  -4.2070580e-01  -6.6514778e-01   4.0756693e-01   1.2853415e+00
   1.0000000e+00   6.9438179e-01   4.6313944e-01  -6.1840842e-01  -2.7102561e-02  -2.4490928e-01  -5.3286398e-01
   2.0000000e+00  -7.2440059e-02  -7.7886492e-01  -1.9082526e+00   1.1927166e+00  -1.0530186e+00   8.4351571e-01
   2.0000000e+00  -1.2318563e+00  -7.0431807e-01   4.1171897e-01   1.2023043e+00  -6.3758871e-01  -4.0806934e-01
   2.0000000e+00   1.1778353e+00   9.2531858e-01   3.0451168e-01  -9.1051009e-02  -7.3606325e-02  -4.1262413e-01
   2.0000000e+00  -3.4162686e-02   8.2412479e-01   2.4371584e+00  -8.2069684e-01   2.5065248e+00   1.4872198e+00
   1.0000000e+00  -1.3293771e+00   2.9485136e-01  -2.5340102e-01  -1.5736013e-01  -1.4396689e+00   2.9077238e-01
   2.0000000e+00  -3.5113482e-01   4.2044223e-01   1.9677236e+00   1.5700086e+00   1.1182430e+00  -9.8148866e-01
   1.0000000e+00  -5.9328626e-01   6.4876564e-03   4.7273653e-01   5.8925002e-01  -1.4382178e+00   2.4850999e-01
   2.0000000e+00   4.0788784e-01   1.0971187e+00   2.3275961e-02  -1.4741502e+00   5.7352363e-01  -8.7805551e-01
   2.0000000e+00   7.1127136e-01   1.1523335e+00   5.2991710e-02   3.7733953e-01   2.4150044e-01   6.8176480e-01
   2.0000000e+00  -3.9495239e-01   1.7663797e+00  -5.8385844e-01   2.6114278e-01   1.3842386e+00   2.2757847e+00
   2.0000000e+00  -1.4666860e-02   7.3134803e-01  -2.0456118e+00  -1.9410743e-01   3.6338364e-01   1.7642962e+00
   2.0000000e+00   7.6488339e-01  -1.0548442e+00  -8.8041939e-01  -1.4091629e+00  -1.0058668e+00   1.2913422e+00
   2.0000000e+00  -6.6001521e-02   6.0527680e-01   6.0598005e-01   7.4324867e-01   1.0174239e-01   9.5768633e-01
   2.0000000e+00  -3.8811779e-02  -9.8155166e-01   5.1085153e-01  -9.4434014e-01  -2.1328039e-01  -3.0804314e+00
   2.0000000e+00   1.5067387e-01  -1.1700100e+00   8.8877887e-01   1.8066345e+00   9.2867317e-03  -7.8053140e-01
   2.0000000e+00  -5.9970535e-02  -1.4939565e+00  -7.7946135e-01   2.3986939e+00   1.2231174e+00  -3.8438543e-01
   1.0000000e+00   9.0097142e-01   3.2480282e-01   7.5424881e-01  -2.4180983e+00   1.9663057e-01  -6.7201264e-02
   1.0000000e+00   1.3645607e+00   5.8307034e-01  -5.7898669e-01   1.1852858e+00   7.6531975e-01   5.8090724e-01
   2.0000000e+00   9.3907806e-01   1.7988736e+00  -9.6522642e-01   9.7854479e-01   2.6387155e-01  -1.8983333e-01
   2.0000000e+00  -2.7728365e-01  -2.4031873e+00   1.2775386e-01   1.5730465e+00   1.4671074e-01  -3.2316191e-01
   1.0000000e+00   5.9707214e-01   1.0970078e-01   4.7873127e-01  -7.1562933e-01  -5.0368471e-01  -2.8618567e-01
   2.0000000e+00   1.2064592e+00  -1.3682447e+00   1.5448308e-01   1.3982558e+00  -7.7309992e-02   5.8142888e-01
   2.0000000e+00  -1.0485327e+00  -5.5583178e-01   1.0501153e+00   9.3814282e-01   6.9180785e-01   2.9568308e-01
   2.0000000e+00  -9.2585159e-01   5.5895097e-01  -7.1342005e-02  -2.3687995e+00  -8.8962128e-01  -8.3079786e-01
   1.0000000e+00  -7.6165820e-01   4.9025851e-01   2.1198107e-01   1.3435469e+00  -9.5808842e-02  -6.8337335e-01
   2.0000000e+00   3.2499081e-01  -4.9041276e-01   2.7401277e-01  -3.6110451e-01   2.0550902e+00   7.2366068e-01
   1.0000000e+00   1.2627153e+00   6.3880651e-01  -2.2373356e-01  -2.2822074e+00   2.4943173e-01   1.5575407e-01
   2.0000000e+00  -8.6834557e-01  -1.4775644e+00  -9.3091115e-01  -2.8805449e-01   4.8624396e-01  -9.1193870e-01
   2.0000000e+00   2.0199318e+00   1.3437299e+00   4.0683449e-01  -2.7110282e-01   3.0665288e-01  -6.3993114e-01
   2.0000000e+00  -2.7238755e-01  -9.6723658e-01   2.6682544e-01  -8.2415505e-01  -8.1397422e-03   3.3967404e-01
   2.0000000e+00   9.4454266e-01  -1.4087988e+00   6.7594419e-01  -6.5710678e-01  -2.3552831e+00   1.4270869e+00
   1.0000000e+00  -1.8455545e-01   7.6927581e-02   1.1311639e+00   9.4590894e-01  -6.8816313e-01  -3.6644303e-01
   1.0000000e+00  -6.3748271e-01   4.3175923e-01   3.3436900e-01   1.7723618e+00   9.9089980e-01   8.2608009e-01
   2.0000000e+00   7.8278139e-01   1.0581344e+00   3.1910571e-01   1.2242763e+00  -1.2197229e+00   3.8727853e-01
   2.0000000e+00   9.9120267e-01  -6.4675987e-01   4.4490280e-01  -6.1710298e-01   2.2036003e-01   7.0849311e-01
   2.0000000e+00  -2.8561930e-01  -1.0838300e+00  -9.1005349e-01  -6.5981789e-01  -1.5664205e+00   4.3371585e-01
   2.0000000e+00   1.0191971e+00  -1.0528003e+00  -4.9991606e-02   2.2983435e+00   7.2289587e-01   6.6696769e-02
   2.0000000e+00  -1.8437841e-01   4.5966869e-02   1.8576192e-01   1.2377109e+00  -4.9909805e-01   1.5991927e+00
   2.0000000e+00   5.3835892e-01  -1.0852283e-01  -3.1668322e-01  -6.1377441e-03   2.3830066e+00   1.5241755e+00
   2.0000000e+00  -5.0275686e-01  -1.4665342e+00   8.7154043e-01  -1.7883722e+00  -7.4150100e-02  -6.0373129e-01
   2.0000000e+00  -4.5437810e-01   6.3138348e-02   5.1348367e-01  -5.6372078e-01   4.9611740e-01   1.1485330e+00
   2.0000000e+00  -1.5658356e+00  -3.2214387e-01   5.7683509e-02  -1.1639938e+00  -2.2700291e+00   1.3687439e+00
   2.0000000e+00   1.8916148e-01  -6.1360857e-01  -4.6090155e-01  -5.5388674e-01  -2.5900222e-01  -9.7891923e-01
   2.0000000e+00   5.7728790e-01  -5.2023823e-01   8.2524466e-01  -1.6674613e-01  -5.8699706e-01   1.0830315e+00
   2.0000000e+00   5.8281057e-02  -8.4746325e-01   5.8990350e-01   6.7138645e-01  -2.6182859e+00   2.2208434e+00
   2.0000000e+00   8.1418869e-01  -4.9296557e-01   4.1418768e-01  -1.3658009e+00   2.0830908e-01   1.3606961e+00
   2.0000000e+00  -6.5649002e-01  -1.5334782e-01  -4.7431316e-01   9.7846535e-01  -3.8388320e-01  -1.5068632e+00
   2.0000000e+00   2.2039201e+00  -1.2840621e+00   7.9560441e-01  -1.0183374e+00  -1.2721926e+00   1.3600061e+00
   2.0000000e+00  -4.5518272e-01  -2.9564828e-02  -8.2153685e-01  -1.3805929e+00   1.5691757e+00   9.4210390e-01
   2.0000000e+00   3.2686697e-01   1.0696007e+00  -1.0532119e+00   6.6280585e-01  -8.3797074e-01  -1.8268469e+00
   1.0000000e+00  -2.1746089e-01   3.5847626e-01   3.9740945e-01  -3.3402596e-01   4.5006309e-01   6.1935818e-01
   2.0000000e+00  -2.4394825e-01  -2.2369171e+00  -5.6280669e-01  -6.0007311e-01   5.4322489e-01   5.6991451e-01
   2.0000000e+00  -8.9865890e-01  -8.0650615e-01  -7.4972109e-01   1.4823789e+00   7.2048619e-01   1.7118977e+00
   2.0000000e+00  -3.7205181e-01  -1.3777480e+00   7.9079026e-01   1.2640187e+00   1.0416127e+00   3.0006402e-03
   2.0000000e+00   7.1642865e-01  -1.1020905e+00   1.3037195e-01  -1.4240180e+00   4.6814148e-01   1.5791818e+00
   2.0000000e+00   1.3409914e+00  -3.6330222e-01  -8.5366197e-01  -5.5461738e-02  -7.9939484e-01   2.9377104e-01
   1.0000000e+00  -8.5032091e-01   4.4756900e-01   5.8770453e-01   1.1495779e+00  -7.4127786e-01   5.6685902e-01
   1.0000000e+00   5.7686283e-01   5.7466516e-01   3.2907313e-01   5.4734502e-01   4.2946653e-01   7.7306715e-01
   2.0000000e+00  -8.0106976e-02  -1.1757154e+00   1.4424739e-01  -9.5106124e-01  -1.4743190e+00   2.8762684e-04
   2.0000000e+00  -2.8922225e-01  -6.8176547e-01   8.4434350e-01  -2.8840022e-01   5.4194086e-03   1.4837370e+00
   2.0000000e+00  -1.3320054e+00   1.0610027e+00   9.0988198e-01  -4.9444716e-01   1.2704915e+00   3.3840791e-01
   2.0000000e+00  -5.5591555e-01  -1.7326857e-01   9.4092971e-02   1.5871236e+00   3.4362614e-01  -1.8776708e-01
   2.0000000e+00   9.9076736e-01  -1.3657454e-01   8.3411371e-01  -3.0117365e-01   3.0079250e-01  -4.6018840e-01
   2.0000000e+00   2.6564834e-01   1.1969119e+00   1.8295867e+00  -9.6291871e-01  -1.6643871e+00   1.5583582e-01
   2.0000000e+00   2.6167880e-01   2.0054871e+00   4.8156221e-01   2.6173240e+00   5.4031772e-01   8.0162520e-01
   2.0000000e+00   1.0344431e-01  -6.5408727e-01   1.4513169e+00  -6.6095671e-02  -2.0580444e+00  -3.3132451e-01
   2.0000000e+00   8.8608240e-01   1.0718888e+00   4.1056450e-01   1.0059265e+00   6.1457744e-01   8.4051904e-01
   2.0000000e+00  -4.2848371e-01   1.6127355e+00  -8.1469098e-01  -1.3675915e+00   1.5831601e-01   2.5294355e-01
   2.0000000e+00  -7.0584286e-01   7.6065252e-01  -9.7000684e-01  -8.9499116e-01  -1.5991819e-01   1.3818076e+00
   2.0000000e+00  -1.8120113e+00  -1.0087408e-01  -5.0193536e-01   7.1914924e-01   2.7405986e-01   1.2388467e-01
   2.0000000e+00   8.8729243e-01   2.1877022e-01   4.6321047e-02   2.2920346e-01  -1.4281687e+00   9.8909272e-01
   2.0000000e+00  -5.0681395e-01   1.0808769e+00   8.2801672e-01   2.4174880e-03   7.2837026e-01  -1.0509364e+00
   2.0000000e+00   8.5819064e-01  -1.8713016e+00   7.7652959e-01   8.1536792e-01   8.5788921e-01  -8.2503336e-01
   1.0000000e+00  -2.3026275e+00   9.6340119e-02  -1.8600193e-01  -1.1512249e+00  -6.8244279e-01  -1.1814744e-01
   2.0000000e+00   1.8981842e-01   5.3387796e-01   1.6886329e+00  -1.4102976e+00   7.0638278e-01  -9.2075814e-01
   2.0000000e+00   2.1556900e-01  -1.2633461e+00  -1.4989327e+00  -3.6306363e-01   1.5226407e-01   4.1659161e-01
   2.0000000e+00  -1.5910334e+00  -9.8098613e-01   2.5811876e-01   2.2382484e-01  -5.0293678e-01  -3.1481145e-01
   1.0000000e+00  -8.3198878e-01   4.2014190e-01   2.9302634e-01  -1.3655091e-01  -5.1870199e-01  -3.3534535e-01
   2.0000000e+00  -1.1568243e+00   5.7913148e-01   2.1810305e+00  -5.6047232e-01  -1.0503621e+00  -7.8039059e-02
   1.0000000e+00  -6.2465793e-01   8.8191864e-01  -8.3080230e-01  -4.3966784e-01   2.5431192e-02  -4.1160312e-01
   2.0000000e+00  -1.1023686e+00  -7.0274757e-01   1.1150006e+00  -5.5128896e-01  -5.7101524e-01   1.1008706e-02
   2.0000000e+00  -1.1471338e+00  -1.3512690e-01  -2.1341243e-01   5.4402076e-01   2.7406042e-02   7.9851600e-01
   2.0000000e+00   6.0142300e-01   8.7242789e-01   1.4843317e+00   1.3044202e+00   2.4347040e-01  -6.1958987e-01
   2.0000000e+00  -9.6012144e-01  -1.6663754e+00  -8.2037920e-02  -1.2338084e+00  -3.1581622e-01  -4.4776891e-01
   2.0000000e+00  -9.3114110e-01   8.5593705e-01   1.7309636e+00   1.2403159e+00  -1.7563078e-01   5.9810581e-01
   2.0000000e+00  -5.0113218e-02  -2.0687886e+00  -3.0403849e-02   1.6376697e+00  -1.3310338e+00   4.2347191e-01
   2.0000000e+00  -4.6947651e-02  -2.5641301e+00  -1.0999264e+00  -1.4153276e-01  -1.8760510e-01   1.1700055e+00
   2.0000000e+00   7.6029369e-01   2.2472425e+00  -4.1181022e-01   1.6722111e-01   1.0678802e+00  -9.8565253e-01
   2.0000000e+00  -2.1241061e-01   2.7248086e+00   1.1004888e+00   2.1354985e+00  -5.5055659e-01  -2.4146822e-02
   2.0000000e+00  -1.2976237e+00  -4.7365424e-01   5.8933126e-01  -1.1684743e+00   1.0434994e+00  -3.6477894e-01
   2.0000000e+00  -3.8813966e-01   7.4116968e-01  -7.4961027e-01  -6.2969454e-01  -4.1034755e-02   2.4361378e+00
   2.0000000e+00   1.7279812e+00  -5.1687173e-01   1.0718710e+00  -2.9320267e-01  -4.7664940e-02   2.3943689e-01
   2.0000000e+00  -1.1485372e-02  -1.9483088e+00   9.6851460e-01   3.6211348e-02   8.9784561e-02  -2.5177445e-02
   1.0000000e+00  -6.6921676e-02   2.8553262e-01   4.4477683e-01  -7.7856513e-01   6.0302188e-01   5.7448985e-01
   2.0000000e+00   8.5791071e-01  -1.3578333e+00  -6.1207023e-01   1.1373822e+00   5.1371494e-01   1.2470703e+00
   2.0000000e+00   8.7890092e-01   1.7027831e+00  -1.1376765e+00  -7.2983167e-01  -1.2951173e+00   7.2596716e-01
   2.0000000e+00   1.8849076e+00   6.4923597e-01   1.8034223e+00  -2.0198664e-01  -1.4319491e+00   1.4942582e+00
   2.0000000e+00   3.1982758e-01  -1.7268102e-01  -1.2164553e+00   1.2085015e+00  -1.4222163e-01   1.1193527e+00
   2.0000000e+00   1.2979272e+00  -8.7395579e-02  -2.8726906e-02  -1.1182239e+00  -1.3661973e+00  -6.2320866e-01
   2.0000000e+00   3.3213618e-01   4.2358028e-02  -6.1139709e-01   5.5749897e-01  -1.5375145e-01  -2.0102753e+00
   2.0000000e+00  -3.2814148e-01   2.2625876e-01   6.9101750e-01   1.5284776e-01  -5.3676871e-01  -1.3327765e+00
   2.0000000e+00   2.9509343e-01  -5.5471623e-01   8.8716065e-02  -1.6174801e-01  -1.1965786e-01   2.3684738e-01
   2.0000000e+00  -7.6697050e-02   4.8026440e-01   1.2918201e+00   1.8700811e+00  -1.0420615e+00  -1.0224744e+00
   1.0000000e+00  -5.3295383e-01   5.3526277e-01   5.2343442e-01   5.6977811e-02  -4.6941573e-01   6.4885158e-02
   2.0000000e+00   6.7379276e-01  -9.7634824e-01   7.8460684e-01  -3.2399730e-01   1.7323982e+00   3.0533525e-01
   2.0000000e+00  -1.0034051e+00  -1.2103116e+00  -1.4495257e+00  -4.3643495e-01   1.7783091e+00   1.0372971e+00
   2.0000000e+00   1.4025410e+00  -1.5925053e-01   1.0376440e+00   4.1621612e-01   2.0664869e+00   1.4438828e+00
   2.0000000e+00  -9.1018165e-01   1.5199216e+00  -6.7264950e-01   1.5869650e+00   1.8160518e+00   9.2239458e-01
   2.0000000e+00   1.0894627e+00  -2.5551478e-01  -1.8454788e+00   9.6895761e-02  -2.2506029e+00   2.1216018e+00
   2.0000000e+00   1.0996683e+00  -1.1662484e+00  -2.2408214e+00  -4.9340527e-01   1.5124437e-01   5.2534302e-01
   2.0000000e+00  -2.0781452e+00  -3.8904170e-01   6.1938111e-01  -6.6363130e-01  -4.3537604e-01  -5.1136076e-01
   1.0000000e+00  -9.4787974e-03   3.0429198e-01   6.2674152e-01  -2.6421135e-01  -1.1842302e-01  -6.7649095e-01
   2.0000000e+00   1.0423944e+00  -1.0297953e+00  -1.2974961e+00   1.1739205e+00  -8.7726996e-01   4.6512709e-01
   2.0000000e+00  -9.8890969e-01   8.2924759e-01  -2.0525361e-01  -2.9646785e-01  -7.7673575e-01  -1.8675579e+00
   1.0000000e+00  -8.4224548e-01   8.2754091e-01  -8.1481852e-01   2.8918238e+00   1.0549142e+00  -1.1185407e-02
   2.0000000e+00   8.3618981e-01   1.4032430e-02  -5.8511487e-01   1.0116620e+00  -6.6306707e-01   2.1196158e+00
   2.0000000e+00  -3.1503510e-01  -2.3845436e-01  -1.0495589e-01  -1.0833908e+00  -2.4099982e-01   7.9288394e-01
   1.0000000e+00   4.4913225e-01   2.4338032e-05  -2.7104205e-01   6.4451697e-01   1.5704843e+00  -3.8613597e-01
   2.0000000e+00  -1.6254312e+00   1.2338484e+00   7.2266394e-02   9.1293838e-01   8.3549251e-01  -1.7450718e+00
   1.0000000e+00   2.2483724e-02   8.3701496e-01   1.4145975e+00   5.2667686e-01  -2.5604517e-01   3.1296872e-01
   2.0000000e+00  -7.9707827e-01  -1.3298057e+00  -4.9168976e-01  -1.3735345e-01   1.6619922e+00  -2.3899056e-01
   2.0000000e+00  -1.8594954e+00  -2.9263577e-01  -3.0970938e-01  -1.5152104e-01  -1.2657467e+00   4.7930955e-01
   2.0000000e+00   7.3813525e-02  -1.6734360e-01  -1.0921526e+00  -3.4605280e-01   2.1563869e-01   1.1613297e+00
   2.0000000e+00  -1.4939235e+00  -2.3934415e-01   5.9892148e-02   3.3403450e-01   6.8905749e-01  -2.0937934e+00
   2.0000000e+00   3.0904240e-01  -6.7258012e-01  -1.0034582e-01  -9.4798463e-02  -9.4481507e-01  -1.2045223e+00
   2.0000000e+00  -8.8882558e-02  -1.5580025e+00   9.0793119e-01   1.2726419e+00  -2.0075082e-01   4.3553499e-02
   2.0000000e+00  -4.7782185e-01  -2.1377563e-02  -3.8708483e-01  -7.4825944e-01  -9.1263234e-01   5.2790142e-01
   2.0000000e+00   2.5668007e+00   7.5352795e-01   3.8556635e-01   9.6021939e-01  -9.6474721e-01  -9.6701944e-01
   2.0000000e+00   1.2619782e+00  -5.3905659e-01  -2.5153799e+00  -6.9839334e-01   8.6262134e-01  -2.5232293e-01
   2.0000000e+00   2.0865642e+00   9.4599658e-01  -2.1616693e-01   4.1618095e-01   1.0582749e+00   4.4793576e-01
   2.0000000e+00   7.0044454e-01   1.5319479e-01  -2.6246735e-01  -3.9800602e-01  -2.7179570e-01  -2.0306840e+00
   2.0000000e+00   6.0660219e-01  -4.4690782e-02  -5.4124134e-01  -5.5688689e-01  -2.5390313e+00   4.2590128e-01
   2.0000000e+00   3.4826728e-02  -4.1951597e-01  -5.2167382e-01   1.0356079e+00  -7.3223577e-01  -5.8678945e-01
   2.0000000e+00  -1.9202626e-02  -8.1485840e-01   8.1376408e-01  -4.1133111e-01  -1.9787515e+00   8.2205071e-02
   2.0000000e+00   1.7462260e+00  -1.3464278e+00  -9.2623783e-01   3.5004550e-01   7.7111714e-01  -1.2809189e+00
   2.0000000e+00  -4.0519056e-01   8.1076191e-01  -8.4535296e-01   1.8837605e+00  -1.6173228e-01  -7.6665525e-01
   2.0000000e+00   1.2101698e+00  -1.7831225e+00   1.4553282e+00   7.4517886e-01  -1.0334419e+00  -4.2132471e-01
   2.0000000e+00   1.3178130e+00  -8.0498336e-01   9.5957147e-01  -9.4863755e-01  -2.6039158e-01  -3.1071067e-01
   2.0000000e+00  -2.2276263e+00   1.6724905e+00  -2.7062131e-01  -5.4239191e-02  -1.3047365e+00   9.8035870e-01
   2.0000000e+00  -1.2448841e+00   8.3386814e-01  -2.0852676e+00  -8.8542834e-01   1.9326961e+00  -7.1834061e-01
   2.0000000e+00  -2.0144243e+00   1.0737885e+00  -6.5117715e-01  -2.7985004e-01   2.4272047e-01   3.9147576e-01
   2.0000000e+00   3.0605227e-02  -4.8985101e-01  -3.5783222e-01   9.1621171e-01   1.5709087e-01   8.1521184e-01
   1.0000000e+00  -5.6100428e-01   1.7810639e-01  -4.8260941e-01  -6.9952063e-01   1.4390341e+00   4.0574204e-01
   2.0000000e+00  -5.2543911e-01   1.0589104e+00   1.3823970e+00  -5.4278593e-02   1.9601290e+00  -1.3366523e-01
   2.0000000e+00   6.7330719e-01  -5.5461058e-01  -4.8363588e-01   1.4466389e+00  -1.0465436e+00  -4.3989808e-01
   2.0000000e+00  -1.8039755e-01  -1.7044567e+00  -6.9955740e-01  -1.4511196e+00   1.4104258e+00  -2.6092971e-01
   2.0000000e+00   6.4960618e-02  -5.5208091e-02  -4.5535880e-01  -9.0869494e-02   5.6484019e-01   3.0645670e-01
   2.0000000e+00  -2.4431394e+00   1.3039061e+00   4.4707410e-02  -8.3840767e-01   1.1134503e+00  -1.1900042e-01
   2.0000000e+00   2.1236249e+00  -1.0408922e+00   4.0179621e-01  -6.5682644e-01  -2.2571881e-01  -7.1360723e-01
   2.0000000e+00   4.9230946e-01  -2.4149270e-01   1.4378062e-01  -2.0745332e-01   1.9207376e-02  -5.8903638e-01
   2.0000000e+00  -1.0361588e-01   1.0514531e+00   2.0130277e+00   5.8273676e-01  -1.2820280e+00  -1.1436398e+00
   2.0000000e+00   4.6981399e-01   2.0793953e+00  -6.6536133e-01   1.2535017e+00  -8.1554832e-01   3.0582454e-01
   2.0000000e+00   2.0635343e+00  -1.0345433e+00  -1.8555752e+00   9.4592518e-01  -1.4302209e+00   8.9609997e-01
   2.0000000e+00  -3.5647550e-02  -8.8110731e-01   1.1095236e+00   1.1158880e+00   9.5154058e-01  -1.5224549e-01
   2.0000000e+00  -1.1734544e+00  -2.3703036e+00  -7.3399680e-02  -4.6900439e-01  -1.3465218e+00   3.8939076e-01
   2.0000000e+00  -9.1238528e-01  -1.2625836e+00  -2.6991682e+00   1.9349128e+00  -1.2345189e+00  -7.7425981e-01
   2.0000000e+00   8.3246246e-02  -4.2809755e-01  -1.2794001e+00  -4.1626417e-01   7.6943987e-01   8.7587405e-01
   2.0000000e+00  -3.0388742e-01   1.8726276e+00   1.5141131e+00  -1.9062956e-01   6.2213217e-01   1.6739162e+00
   1.0000000e+00  -7.5377042e-01   4.5057522e-01  -1.0532431e+00   1.3973115e+00  -7.0478277e-02  -1.1960883e-01
   2.0000000e+00   8.7203637e-01   4.1535994e-01  -3.0007501e-01   4.0627910e-01   1.3074831e+00  -1.2239120e+00
   2.0000000e+00   2.6522735e+00   8.1654990e-01  -6.3068596e-01  -8.9511419e-01  -2.5791358e-01  -1.2841362e+00
   1.0000000e+00  -9.2289848e-01   2.7926148e-01   1.0447891e+00   5.1878220e-01  -8.7378448e-02   2.6094799e-01
   2.0000000e+00  -6.2529751e-01  -4.0065108e-01   6.7974262e-01  -2.0531467e-01  -1.8299341e-01  -1.0999928e+00
   1.0000000e+00   1.2873806e+00   5.6611492e-01   9.3778010e-01   1.5096550e+00   4.2332433e-02   2.1015608e-01
   2.0000000e+00  -5.9146246e-01   1.8326085e+00   3.9982135e-01   5.9835568e-01  -1.5728941e+00  -2.2754921e+00
   2.0000000e+00   1.3009529e-01   4.8869002e-01   1.5034457e-02   9.4929237e-02   1.3413137e+00  -9.9393889e-01
   2.0000000e+00   1.2402112e+00  -6.3167524e-01  -5.7078846e-01  -2.1001361e+00   1.4737002e+00   4.9856973e-01
   2.0000000e+00  -9.8931673e-01  -1.6916055e+00   3.3215366e-01  -5.7437734e-01   1.3411947e+00  -1.8684594e-01
   2.0000000e+00  -1.2767702e+00   1.5158223e+00   8.6660923e-01   1.4258040e+00  -1.1815866e+00  -5.6950924e-01
   2.0000000e+00  -2.6367402e-01   9.9690602e-01   1.6881385e+00  -4.6215388e-01   6.0890165e-01   1.5774754e+00
   1.0000000e+00  -8.6573154e-04   1.7644197e-01   1.0875927e+00   2.0201734e-01  -1.5408566e-02   2.3778000e-01
   2.0000000e+00  -1.0326915e+00   1.0001056e+00  -1.4137078e+00  -1.3286618e+00  -7.3040852e-01   5.0058007e-01
   2.0000000e+00  -1.7362157e-01  -1.6315326e+00  -1.5615526e-01   5.2683014e-01   5.3599721e-01  -1.3657646e+00
   2.0000000e+00   2.3142171e+00  -1.8416718e+00   1.4311719e+00  -1.5913411e-01  -4.7652919e-01  -1.2685756e+00
   1.0000000e+00  -7.5104675e-02   1.7448012e-01   1.8520672e-01  -5.0886395e-02   7.1973336e-01  -3.7504836e-01
   1.0000000e+00  -2.1088780e+00   6.1189513e-01  -1.9260432e-01  -9.2322447e-01  -1.5236574e+00  -3.8240614e-01
   1.0000000e+00  -9.3778447e-02   2.7508196e-01   1.3846278e+00  -4.3120329e-01   8.9715278e-01  -6.6922018e-01
   2.0000000e+00  -1.9841922e+00  -4.6350143e-01  -1.0666037e+00  -1.1627389e+00   1.5237682e-01   2.4873733e+00
   2.0000000e+00  -5.2371085e-01   1.1025951e+00  -2.9203190e-01  -1.0292443e+00  -2.0564918e-01   8.2718408e-01
   2.0000000e+00   1.0736188e+00   1.3226826e+00  -8.0611840e-01  -2.3558290e+00   2.4416123e-01  -1.0377132e+00
   2.0000000e+00   7.5644874e-01  -7.0969569e-01   5.1872195e-01   2.8900919e-01  -6.2908672e-01   6.4435324e-01
   2.0000000e+00   1.5316614e+00   2.0878975e+00   1.7297377e-01   7.8949109e-01   8.5609875e-01   1.1500162e-02
   2.0000000e+00  -3.9760686e-01   6.4574199e-01  -9.1149450e-01   2.1259973e-01  -9.9764228e-01   1.8769374e+00
   1.0000000e+00  -1.8934006e+00   1.7783550e-01   1.0459332e+00  -5.1876452e-01   2.1989825e+00  -4.1372580e-01
   2.0000000e+00  -2.7020590e+00  -2.0519216e-01   1.5070866e+00  -2.1880855e-01   2.8537099e-01  -5.5872629e-01
   2.0000000e+00  -2.2553636e+00   5.7808261e-01  -6.6357936e-01  -1.1551381e+00   1.3312912e+00   9.3230452e-01
   2.0000000e+00   8.1103518e-01   1.5697924e-01  -4.0319937e-01   2.4621958e-02   5.3235058e-01  -1.8174949e+00
   2.0000000e+00  -1.9581152e+00   1.4039313e+00  -6.0170389e-01  -1.7352415e-01  -5.7146227e-01   6.4782587e-01
   2.0000000e+00   1.6940492e+00   1.6189753e+00   1.0324628e+00  -3.9780330e-01   1.1751569e-01  -1.4891698e-01
   1.0000000e+00  -6.0518788e-01   1.6623895e-01   4.0777993e-02  -1.3087176e+00  -2.5617652e-01   2.5876720e-01
   2.0000000e+00  -1.8300776e+00  -4.1755184e-02  -4.1956093e-01  -5.9245566e-01  -1.2643596e+00  -1.7231942e-01
   2.0000000e+00   5.3045949e-01  -1.5201338e+00  -1.7878280e+00   1.5016020e+00   4.8688805e-01   2.8668566e-01
   2.0000000e+00   4.4985084e-01   1.0681269e+00  -2.3626787e+00  -6.2748819e-01   5.5567279e-02   5.4260823e-01
   2.0000000e+00  -2.4178772e-01  -3.8958754e-01  -5.4661542e-01   2.6739234e-01  -4.3345252e-02  -8.9318879e-01
   2.0000000e+00  -1.0832588e+00  -7.1481851e-01  -5.8159635e-01  -4.3785663e-01   9.3015935e-01   1.6246532e+00
   2.0000000e+00  -1.5108319e+00  -5.9155287e-01   2.7795803e+00  -2.7733872e-01  -1.4448021e+00   1.0238142e+00
   2.0000000e+00  -1.8538700e+00   4.5745470e-01  -2.0359406e+00   6.0920474e-01   1.7960119e+00   3.3748850e-01
   2.0000000e+00  -1.8676696e+00   6.1725357e-01  -1.9301524e+00   8.4503361e-01  -4.6031643e-01   4.7285590e-01
   2.0000000e+00  -1.7792651e+00   1.2306054e+00  -5.1548240e-01  -4.5458103e-02  -1.3747566e-01   4.1931090e-01
   1.0000000e+00   1.0476833e+00   3.9184300e-01   1.9666261e-02   2.2390671e-01  -3.8341349e-01  -6.6045294e-01
   2.0000000e+00   1.0775608e+00   1.4530995e+00   2.7347230e-01  -2.2991688e-01   1.7422641e+00  -9.5193623e-01
   2.0000000e+00  -1.2710052e-01  -1.1801602e+00   3.0073382e-01  -5.1327500e-01   3.9339418e-01   7.7226507e-01
   2.0000000e+00   1.4635408e-01  -1.5002021e+00  -1.4847598e+00   1.3051152e+00   6.7793514e-02   2.5138146e-01
   2.0000000e+00   1.0283293e+00  -5.9614248e-01  -9.0146141e-02   7.9141515e-01  -3.1576671e-01  -1.5050895e+00
   2.0000000e+00  -4.7250442e-01  -3.2076010e-01   6.0618697e-01   5.8898006e-01   4.4468930e-01  -4.8909728e-01
   2.0000000e+00  -6.9326563e-01  -2.8733300e+00   6.1719634e-02  -2.2254045e+00   6.4663843e-01  -4.3494347e-03
   2.0000000e+00   5.6070504e-01   1.1478608e+00  -6.7019317e-01   1.3465345e+00   2.6527044e-01   1.9566444e-01
   2.0000000e+00   1.3507260e+00  -1.5085849e-01  -5.1039398e-01   1.8889881e+00   3.4507291e-01  -5.4044285e-01
