   2.0000000e+00   2.6800539e-01  -5.2637138e-01   2.9684911e-01  -2.4161282e+00  -1.2711772e-01  -6.6865210e-01
   2.0000000e+00  -8.6016995e-01   1.0713858e+00  -1.1764402e+00  -9.2031511e-01  -2.2061735e-01   2.8287695e-01
   2.0000000e+00  -7.9790802e-01   8.2580030e-01   3.8556358e-01  -5.2856276e-01   2.3256597e-01   1.2938288e+00
   2.0000000e+00  -1.2462154e+00   9.9721992e-01   5.0942964e-01  -3.0796765e-01   2.2066664e+00   1.3442493e+00
   2.0000000e+00  -1.2068458e+00  -5.9193478e-01   4.9459168e-01   1.3597881e+00  -3.7025030e-01   8.0061101e-01
   2.0000000e+00   1.7379194e+00  -7.8391540e-02   6.5522438e-01  -6.9309595e-01   1.0432341e+00  -5.3774713e-01
   2.0000000e+00  -1.5040958e+00  -7.5297943e-01   1.3136726e+00  -7.0050849e-01  -4.3790942e-02   1.4481064e+00
   2.0000000e+00  -1.4811051e+00  -2.2058171e-01  -1.5692416e+00  -1.1193344e+00   3.5001628e-01   7.7120080e-01
   2.0000000e+00  -1.1218296e+00   1.5198528e+00  -1.4855797e+00   1.3013772e-02   4.6736439e-01  -1.3136420e-01
   2.0000000e+00  -1.1552710e+00  -1.2650087e+00   1.3146738e-01   6.3586766e-01  -9.2596763e-01   1.6976347e+00
   2.0000000e+00  -1.7859127e-01   8.6134363e-01   8.0594688e-01  -2.4271754e-01  -1.2199971e+00   3.1491068e-01
   2.0000000e+00   8.8382837e-01  -1.5495218e+00   9.6152429e-01   2.5012942e-01  -1.0473223e+00  -1.3924099e+00
   2.0000000e+00   1.2694293e+00  -4.7491442e-01  -8.3329475e-01  -6.3422846e-01   9.1277915e-01   1.7869588e+00
   2.0000000e+00  -3.7366972e-01  -1.1951889e+00  -4.3936806e-01  -5.6395672e-01  -6.1155576e-01  -6.6170280e-01
   1.0000000e+00  -2.7882900e+00   7.7241514e-01   2.9859409e-01   3.0548965e-01   7.4325980e-01  -2.6255708e-01
   2.0000000e+00   1.7195420e+00   1.6706998e-01   4.7751722e-01  -2.1568666e+00  -1.2055082e+00   1.6055834e+00
   2.0000000e+00  -1.1864941e+00  -2.1826048e-01   3.3855439e-01   1.2389790e+00   1.4797061e+00   5.7155008e-01
   2.0000000e+00  -1.5954293e+00  -1.0226826e+00  -6.0498907e-01  -1.1997178e+00  -8.0831485e-01  -3.0073882e-01
   2.0000000e+00  -9.7271498e-01  -7.4825450e-01   8.2617798e-01   7.1537339e-01   6.1857853e-02   1.6484106e+00
   2.0000000e+00  -4.9939540e-01   9.0967971e-01  -1.8753310e+00   5.3509343e-01   1.8808146e+00   8.5650022e-01
   2.0000000e+00   2.3961933e-01  -1.0964684e+00  -1.5678617e+00  -3.6792401e-01  -1.2289241e+00  -1.7137615e+00
   2.0000000e+00   8.3692555e-01  -2.9581057e-01  -3.5401145e-01  -4.4190459e-01   2.3938842e-01   1.6911028e-01
   2.0000000e+00   2.5538442e-02   5.2557621e-01  -1.7944324e-01  -9.1325274e-01   1.1873196e+00   8.2303766e-01
   2.0000000e+00  -1.9884025e-01  -2.1339955e-01   6.9137961e-01   1.5903397e+00   2.2535201e-02  -1.2467703e-01
   1.0000000e+00   1.6058147e-01   3.1187837e-01  -1.8466819e+00   7.2838463e-02  -5.1779439e-01   1.5317819e+00
   1.0000000e+00  -3.0484605e-01   2.2818043e-01   5.7583646e-01   6.0662234e-01  -8.6404643e-01   7.9245385e-02
   2.0000000e+00   1.3355723e+00  -9.8021408e-01   1.7679328e+00  -1.7457417e+00   2.5485535e-01   1.0857919e+00
   2.0000000e+00  -3.4598704e-01  -1.7322377e+00   4.6444143e-03   1.9555132e+00   5.8050611e-01  -4.5666553e-01
   2.0000000e+00   1.1192196e+00  -1.0309374e+00   2.6542619e-01   9.4644233e-01  -4.9731582e-01  -1.0759548e+00
   2.0000000e+00  -1.4493985e+00   4.3151380e-01  -1.4293816e+00  -2.4438712e-01   1.3796447e+00   3.4621703e-01
   2.0000000e+00   4.6543423e-01   7.0164499e-01   8.5869987e-01  -6.2347231e-01   2.6956024e-01  -3.0963741e-01
   2.0000000e+00   2.1028478e+00  -9.4164046e-02   9.1066583e-01   1.0492632e+00   1.2444236e+00   2.4072366e-01
   2.0000000e+00  -1.0147481e+00   8.4719240e-01   1.4764757e+00  -1.4978369e+00  -1.7130509e+00  -8.5100359e-01
   1.0000000e+00   4.6604490e-01   5.4765199e-01  -9.6969092e-01   4.8689151e-01  -5.7922286e-01   1.4724928e-01
   1.0000000e+00   7.5068891e-01   5.5234010e-01   1.8045583e+00   3.3842299e-01   6.7183168e-01   1.3731158e+00
   1.0000000e+00   6.6596851e-01  -2.2456989e-01   2.8121279e-01   9.0453686e-01  -1.3615901e-02  -3.5397832e-02
   2.0000000e+00  -1.0467632e+00  -1.0483005e+00   1.1174075e-01   1.1068794e+00  -1.2864381e+00   1.1470549e+00
   2.0000000e+00   1.2577268e+00  -1.9954111e-01  -3.3206308e-02  -8.6119931e-03  -6.7454823e-01  -2.8084155e-01
   2.0000000e+00   3.2936606e-01  -1.1786171e+00   1.7118639e+00   8.7770387e-01   1.8364380e-03   2.9226451e-01
   2.0000000e+00  -3.1365190e-02   1.2137273e-01  -8.1339534e-01  -1.5361364e+00  -1.0255930e-01   2.8300634e-01
   2.0000000e+00  -3.8292987e-01  -7.4432087e-01  -1.6849337e-02   2.2305497e+00   7.5574327e-01  -1.1154251e+00
   2.0000000e+00   2.0552757e+00   1.8600590e+00   7.6488673e-03   9.8339825e-01  -1.8677328e-03  -1.5413936e+00
   2.0000000e+00  -9.3066367e-01  -1.1158690e+00   1.2762651e+00   1.9188009e+00   9.0185976e-01  -2.7483879e-01
   2.0000000e+00   9.3148789e-01  -5.4393059e-01  -5.4453746e-01  -7.7245756e-01   1.5317902e+00  -1.2210469e+00
   1.0000000e+00  -1.0931226e+00   9.2119274e-01   2.2159613e-01   5.7960794e-02   1.4818970e-01  -7.8900607e-01
   2.0000000e+00   2.8302700e-01   5.9090581e-01   3.4911877e-01  -3.6171148e-01   7.8305450e-01  -4.5662007e-01
   1.0000000e+00   3.9199380e-01  -9.0672918e-01  -5.9217414e-02   3.7616089e-01   9.9331329e-01   8.8990381e-01
   2.0000000e+00  -2.9456067e-01  -2.3079980e-01   1.9895611e-01   1.2730139e+00   8.1393885e-01   7.6306847e-01
   2.0000000e+00   1.0426121e+00  -6.2903679e-01  -6.7409896e-01  -2.3918523e+00   6.8888770e-01  -4.8982296e-01
   2.0000000e+00  -1.1877978e+00   1.0971976e+00  -1.3005427e+00  -1.0850246e+00  -1.5829777e+00  -2.5806951e-01
   2.0000000e+00   1.7404165e+00  -1.4327112e-02  -1.8112869e+00   1.0216780e+00   1.1697555e+00   9.1431746e-01
   2.0000000e+00  -7.3777994e-02   1.0933458e+00   1.5428519e+00  -4.8465825e-01  -4.1475038e-01   9.8362832e-01
   2.0000000e+00  -6.2843109e-01   1.4323087e+00   4.2018999e-03  -5.4033050e-01   1.2501651e+00  -5.7528183e-01
   2.0000000e+00  -1.5079365e+00   1.4738964e+00  -2.6598017e-01   1.4407740e-01   1.3057058e+00   2.2068964e-02
   2.0000000e+00   7.0847454e-01   1.4044499e+00  -7.6410596e-01   9.3744511e-02   1.2868778e+00   1.4749014e+00
   1.0000000e+00  -1.3474015e-01  -4.3838095e-01   3.9404254e-01   5.5761410e-01   2.2801439e-01  -9.2577403e-01
   2.0000000e+00  -1.8006691e-01  -1.2396169e+00  -1.9139112e+00  -7.8852546e-01  -1.3553965e-01   1.9000874e-01
   2.0000000e+00  -2.8009491e+00   1.1705278e+00   1.7621019e+00   3.1940662e-01  -3.8698009e-02  -1.2454815e-01
   2.0000000e+00  -5.5160885e-01   1.9765757e-01   1.0302473e+00  -5.0050716e-02   2.5098066e-01  -1.0838701e+00
   2.0000000e+00   6.7244579e-01  -1.0738032e-01  -2.7570233e-02  -4.7617541e-01   4.8049429e-01   1.5210731e-02
   1.0000000e+00  -9.9692670e-01  -1.2593575e-01  -2.7024891e-01   2.9071854e-01  -6.9922896e-01  -8.1712105e-01
   2.0000000e+00  -7.3121282e-01   7.5031715e-01   7.4766153e-01   7.9955267e-01  -6.3511842e-01   3.3960449e-01
   2.0000000e+00   1.8438863e+00  -1.2533027e+00   3.1041539e+00  -1.1729336e+00   1.6603341e+00   9.6439931e-02
   1.0000000e+00   4.3482652e-01   4.9820960e-01   2.9179624e-01   3.4356514e-02   1.9068016e-01  -1.2868906e+00
   1.0000000e+00  -6.1272143e-02  -2.0604837e-01   1.1557107e+00   1.2152061e-01   7.4921769e-01   2.3053694e+00
   2.0000000e+00   2.1345460e-01   3.9702461e-01   2.3709510e+00  -1.0511869e+00  -3.3556373e-01  -6.3962125e-01
   2.0000000e+00   4.8809296e-01  -2.5139169e+00   1.4874789e+00   2.9032051e-01  -2.1100247e+00  -6.4512838e-01
   1.0000000e+00   3.5380318e-01   6.9875753e-01   1.1631944e+00   2.6155999e-01  -1.1303199e-01  -2.1495272e+00
   2.0000000e+00  -1.0532305e+00   8.7891871e-02  -3.6529036e-01  -5.9211743e-01   7.0448686e-01  -6.6824447e-01
   2.0000000e+00   6.1263754e-02  -3.7203340e-02   1.0824550e-01   1.5291864e+00  -1.9440634e+00   9.3224173e-01
   2.0000000e+00   1.3546467e+00   1.2596817e+00  -1.5970614e+00  -4.5469554e-01  -1.2630265e-02   7.2749239e-01
   1.0000000e+00  -7.5749009e-01  -7.0563873e-01   8.4883482e-01   6.0615401e-01   7.5055560e-01   1.4367691e+00
   2.0000000e+00   6.4759643e-01  -1.7580071e+00  -4.2074341e-01  -4.7677007e-01   6.7924224e-01  -1.1371010e+00
   2.0000000e+00   3.0582284e-01   1.6442895e+00  -3.9914903e-01  -3.5116973e-01   4.1984753e-01  -3.4095387e-02
   2.0000000e+00  -2.9140708e+00   1.3765787e+00   1.1922100e+00   3.2428267e-01   4.5504729e-01   1.1124060e-01
   2.0000000e+00  -7.4701774e-01  -1.6788900e+00   2.7628567e-01   3.4540559e-02  -1.6178555e+00   2.1962025e+00
   2.0000000e+00  -2.4276070e-01   9.5024493e-01   2.3244472e+00  -7.9889730e-01   1.3727092e+00  -7.6425264e-01
   2.0000000e+00  -7.1635723e-01  -2.2665314e+00   3.5166975e-01  -2.2998608e-01  -5.8121272e-01  -1.7757388e-01
   1.0000000e+00  -3.3547297e-01  -7.3171896e-02   2.9967749e-01   7.0855011e-01  -1.1269929e+00  -1.5794534e+00
   1.0000000e+00  -5.1310457e-01   9.5983943e-03   5.5065480e-01   7.4834357e-01   1.6510989e+00  -1.4033404e+00
   2.0000000e+00  -7.2173942e-01  -2.7515544e+00  -5.2730334e-01   2.6326342e+00  -4.3816291e-02   5.1230458e-01
   2.0000000e+00  -8.2415197e-01   3.5717832e-01   1.3551335e+00  -6.9698677e-01   2.0384817e+00  -8.9774543e-01
   2.0000000e+00  -8.8729587e-01  -1.0682581e+00  -3.8311318e-01   1.9496846e+00   1.1890018e-01   8.5177839e-02
   2.0000000e+00   5.1161820e-02   7.5890245e-01  -6.0817074e-01   1.3062443e+00  -1.4962349e+00  -6.7324669e-01
   2.0000000e+00   8.5374715e-01   1.3107425e+00   2.4623347e-01  -1.8367784e+00  -1.7363817e+00  -4.0789483e-01
   2.0000000e+00   5.3668065e-01  -9.3858927e-01   1.2827225e+00  -1.6031889e+00  -4.6766137e-01  -3.1685299e-01
   1.0000000e+00   1.7568742e-01   8.4008111e-01   3.5550217e-01   8.0848906e-02  -1.7861507e+00  -2.4878385e-01
   1.0000000e+00   5.8511395e-01  -1.9524101e-01   7.2843135e-01   4.0098009e-01  -1.1231037e+00   2.5253645e+00
   1.0000000e+00  -2.2310126e+00  -5.6889410e-01   3.8798332e-02   1.8086454e-02  -1.2716592e+00  -3.2582230e-02
   2.0000000e+00  -1.4605889e+00  -9.6733199e-01   5.7886491e-02   3.2898847e-01   1.0470656e+00   3.5307013e-02
   2.0000000e+00  -2.8740906e-01   1.0382642e+00  -2.5685238e-01  -8.4865480e-01   1.3590257e+00  -1.8522434e+00
   2.0000000e+00   3.6947068e-01   8.0117397e-01  -2.0766594e+00  -8.8057040e-01   8.8039172e-01  -1.5566773e+00
   2.0000000e+00  -5.6617211e-01   6.8988735e-02  -1.4713415e-01  -8.6225699e-01   3.1755270e-01  -1.0253150e+00
   2.0000000e+00  -3.7663446e-01   1.0121079e-01   1.1562082e+00   1.1434979e+00  -9.8990530e-01  -4.2330711e-01
   2.0000000e+00   9.5888411e-02  -7.1548037e-01   4.3180585e-01  -4.0355217e-01  -6.1176843e-01  -1.3126136e-01
   1.0000000e+00  -1.0915878e+00   4.5044809e-01  -3.4692120e-01   2.3016631e-01   1.4589886e+00  -2.6139045e+00
   2.0000000e+00  -3.3371732e-01  -1.8940402e+00   4.4464839e-01  -2.4563622e+00  -4.0679401e-02  -2.7028153e-01
   2.0000000e+00  -2.0628478e+00   1.4783851e+00  -2.7668231e-01   7.9812115e-01   6.3428293e-01  -9.1630952e-01
   2.0000000e+00   7.6812188e-01  -6.7043154e-01   5.9438087e-02  -9.7427170e-01  -1.9425223e+00   9.7614561e-01
   2.0000000e+00  -5.3713645e-01  -2.3469154e-01   1.0950170e+00  -6.0719677e-01   9.8868606e-01  -7.8836069e-01
   2.0000000e+00  -7.2352671e-01  -1.4223088e+00  -4.4565593e-01   5.4978440e-01   1.3162974e-01  -1.7822066e+00
   2.0000000e+00   3.4190530e-01  -5.6969974e-01  -3.8192202e-01  -2.0308904e-01   1.4731576e+00   8.1601143e-01
   1.0000000e+00  -2.0265227e+00  -1.8494984e-01   4.8181871e-01   6.0372949e-01   4.1695586e-01   1.4009793e+00
   2.0000000e+00   6.4579650e-01   9.6632320e-01   1.0550596e+00  -9.7058724e-01  -2.3336922e+00   7.0222166e-01
   2.0000000e+00  -5.8299685e-01   1.4800570e+00   8.4651879e-01   3.6470129e-02  -3.1785326e-01   2.4644844e-01
   1.0000000e+00  -4.5319395e-01   2.2977836e-01   6.9770761e-01   8.0016216e-01   1.0195212e+00   1.1862595e+00
   2.0000000e+00   1.0532224e+00  -1.6626706e+00  -1.6402488e-01  -1.1425942e-01  -1.4865372e+00  -1.0060423e-01
   2.0000000e+00  -1.2298167e+00  -5.9737514e-01   2.6997956e-01  -5.7421747e-01   1.6497208e-01   1.4543754e+00
   2.0000000e+00   3.7175156e-01  -3.8608056e-02   3.0395663e-01  -4.6791572e-01   5.5422983e-01  -4.1459904e-01
   2.0000000e+00  -3.5168055e-01   1.0850201e+00   1.6533890e+00   7.9738209e-01   2.7626449e-01  -1.4797173e-01
   1.0000000e+00   1.2826742e+00   4.6332521e-01  -5.5370465e-01   5.6980326e-01  -1.2646968e+00  -7.0290059e-01
   2.0000000e+00  -8.2523834e-01   7.2917863e-01   3.9602375e-01   1.1184990e+00   1.9930242e+00  -1.1348672e+00
   2.0000000e+00   1.3099325e-01   2.6201341e-01   1.1056804e-01  -7.2740672e-01  -1.2494249e+00  -3.2871566e-02
   2.0000000e+00  -7.4277851e-01  -9.6888936e-01  -4.1989429e-01   7.6734566e-01   1.6528861e-01   1.0122223e-02
   2.0000000e+00  -1.4363558e+00  -4.6931353e-01  -4.4941576e-01  -2.5466196e-01  -1.0858091e+00   1.4378052e+00
   2.0000000e+00  -7.1984654e-01   5.7308471e-01  -1.3109708e+00  -2.7500537e-01   1.9084179e+00  -9.1156509e-02
   2.0000000e+00  -2.1874007e+00   2.5684078e-01  -1.0824462e+00  -4.2918938e-01   1.3521927e+00  -1.4699476e+00
   2.0000000e+00  -6.5623069e-01   1.6016635e+00  -3.0086034e-01  -3.9789534e-01  -4.1410259e-01  -3.3485786e-01
   2.0000000e+00   9.1175322e-01  -1.2681449e+00  -8.8889932e-03   8.4325472e-01  -8.9016433e-01   6.0517844e-01
   2.0000000e+00   1.4123987e+00   4.3776316e-01   1.4804385e+00   7.8570941e-01  -1.8691131e+00   7.1902801e-01
   1.0000000e+00   1.7761822e+00  -6.2156811e-01   2.1779743e+00   7.6206696e-01  -5.6663281e-01  -1.7450256e+00
   2.0000000e+00   1.0341210e+00  -9.7746536e-01   9.0267242e-02  -7.4849444e-01   2.9326799e-01   1.2808742e+00
   1.0000000e+00   2.8258796e-01   1.3325025e-01   1.7204211e+00   1.3073582e-01   1.8389818e+00   2.5416676e-01
   2.0000000e+00  -2.4415306e-01  -1.1562060e+00  -1.7648366e+00   1.9976647e+00  -1.6416406e+00   6.5192875e-01
   2.0000000e+00   2.3415627e+00   6.5911596e-02  -8.9136009e-01  -1.2399655e+00   1.2404423e-01  -8.1245659e-01
   2.0000000e+00  -3.5465927e-01  -1.1211366e+00   2.3758731e+00  -1.7571641e+00  -3.0164934e-01   2.1189089e-01
   2.0000000e+00  -1.0842210e+00  -6.8917551e-01   5.3356922e-01  -7.1855449e-01   3.6363223e-01   1.2708243e+00
   2.0000000e+00  -3.9246057e-01   4.1964222e-01   1.4961353e+00   1.5732647e+00   6.3101036e-01  -1.2677110e+00
   2.0000000e+00  -6.2638179e-02   9.0932816e-01   1.1068466e+00   1.3379095e+00   6.8606523e-01   7.9410083e-01
   2.0000000e+00  -1.4515342e+00   2.6303356e+00   1.3947753e+00   1.4427125e+00   1.1071337e+00   1.8518668e+00
   2.0000000e+00  -5.0144266e-02   1.0378370e+00   1.5424861e-01   9.4818733e-01   6.7511611e-01   6.4798944e-02
   2.0000000e+00   8.1102005e-01   5.7856519e-01   2.7462448e-02   1.2617007e+00  -1.3270027e+00   1.2865856e+00
   2.0000000e+00  -8.6496026e-01   5.1794262e-01   5.8825757e-01  -5.8236308e-01   1.7761422e-01   9.1100064e-02
   2.0000000e+00  -1.2411744e+00   1.8266203e-01  -1.0593609e-02   1.6568689e+00  -9.9568322e-01  -5.6741016e-01
   2.0000000e+00  -1.8186270e+00  -1.6571052e+00   4.9332837e-01   2.1701968e-01  -1.9530803e-01  -1.8847255e+00
   2.0000000e+00  -6.6898712e-01  -1.2081183e+00  -5.1914747e-01   1.3760686e+00   7.4442919e-01  -9.4369092e-01
   2.0000000e+00   9.6699948e-01  -6.6081892e-01   2.0092732e+00  -2.0465257e-01   1.0761739e+00  -7.6093227e-01
   1.0000000e+00   8.9769819e-01  -8.4252177e-01   6.1584159e-02   4.0576403e-01  -1.1067053e+00   1.8830696e+00
   2.0000000e+00   1.3085545e+00   1.4051598e+00  -1.1259107e+00  -7.4349910e-01  -5.3226610e-02   1.6680706e-01
   2.0000000e+00  -9.1307957e-01  -3.5459936e-01   2.4951552e-01   1.6997223e+00  -8.5965060e-02   1.6817238e+00
   2.0000000e+00  -2.1915331e-01  -4.7904859e-01  -1.8792239e+00   1.4088538e+00   1.2257914e-01   2.3487083e-01
   2.0000000e+00   1.1293708e+00   7.2054851e-01   1.1032221e+00   8.7230780e-01  -8.6908021e-01  -6.9257858e-02
   2.0000000e+00  -5.7123316e-01   5.9261533e-01   9.1967720e-02  -3.8144018e-01  -1.1687319e+00   7.0050014e-01
   2.0000000e+00  -8.6886586e-01  -2.2771049e-01   3.7551279e-01   1.0501132e+00  -9.5349686e-02   1.0381699e+00
   2.0000000e+00   8.3115865e-01  -1.2132763e+00   1.6455240e-01  -2.0475852e+00  -1.7688864e+00  -4.5078527e-01
   2.0000000e+00   4.4577151e-01   3.9280492e-01  -1.1234102e+00  -3.0555484e-01   3.6872491e-01  -8.0621921e-01
   2.0000000e+00   5.6874876e-01   4.7860742e-01  -1.4160700e-01  -1.0128996e+00  -5.1152802e-01   1.3256304e+00
   2.0000000e+00   5.7672253e-02   5.6186515e-01  -7.2637227e-01  -1.4136935e+00   6.4996317e-01   9.9991191e-01
   2.0000000e+00   1.2358775e+00  -1.3550658e+00  -7.2620401e-01  -2.2870351e-01  -5.0738828e-01  -5.8907765e-01
   2.0000000e+00  -8.9278130e-01  -5.0435792e-01   2.1290586e+00  -1.5073602e-01   1.3571111e+00  -3.5285298e-01
   2.0000000e+00  -6.5285973e-01  -1.0284332e-01   1.2102268e+00  -6.5892483e-01   1.6034075e-01  -8.0403118e-01
   2.0000000e+00   1.1411714e+00   1.7770913e+00  -1.0507000e+00  -1.8927887e+00   1.2891180e+00   4.9902432e-01
   2.0000000e+00   1.2389884e+00  -1.4234816e+00  -4.1089853e-01  -2.7334910e+00  -1.7919102e+00  -2.5072375e-01
   2.0000000e+00   3.8037332e-01  -3.6794478e-01  -8.9571116e-01  -7.0086009e-01  -7.7765288e-01  -9.7694239e-01
   2.0000000e+00  -2.1529545e-01  -5.7578922e-01  -8.4675284e-03  -2.6932823e-01  -1.7969585e+00   8.7833391e-01
   2.0000000e+00   1.2974031e+00   2.9111121e-01  -1.8514896e+00   1.5856420e+00  -4.0293869e-01  -6.6369415e-01
   1.0000000e+00  -6.0813793e-01   7.4400576e-01   9.8906561e-01   6.6436266e-01   8.9361820e-01  -9.9582977e-02
   1.0000000e+00  -8.9409488e-02   3.6428886e-01   6.2698356e-01   9.1867151e-01   4.7866759e-01   8.3963871e-01
   2.0000000e+00  -7.0463080e-01   3.6058326e-01   2.3262976e-01   1.0794477e+00   1.2378066e-01   1.0966766e+00
   2.0000000e+00  -4.5182312e-01   7.7263254e-01   2.5731241e-01  -4.6130399e-01   5.6837346e-01   2.5522542e+00
   2.0000000e+00  -6.6458714e-01  -6.7522386e-01  -1.2708461e-01   2.0220713e+00   6.3306427e-01   7.8919824e-01
   1.0000000e+00   2.4824773e-01  -1.9677943e-02   2.9430229e-01   3.8113856e-01   5.6662378e-01  -1.1559098e+00
   1.0000000e+00   4.8745363e-01  -3.4234577e-01   2.7660097e-01   4.7545106e-01   1.8294246e-01   1.0676096e+00
   2.0000000e+00   1.1137357e+00  -6.5961984e-01  -1.4217472e-01  -5.9051425e-01  -9.9984989e-01   5.6870739e-01
   2.0000000e+00   6.0175555e-01  -4.5963821e-01   6.0999296e-01  -8.5523688e-01  -7.2079278e-01  -1.1856124e+00
   2.0000000e+00  -2.9672454e-01  -1.7687432e+00  -3.9173155e-01   3.9375329e-01  -9.6748468e-01  -9.6570185e-01
   2.0000000e+00   6.9982723e-02  -3.0645835e-01   4.6898919e-01  -2.8200560e-01   1.1330442e-01  -9.9688060e-01
   1.0000000e+00  -1.0966461e+00   2.5768624e-01   1.5261029e-01   8.5988589e-01   1.7212092e+00  -2.6239080e-01
   2.0000000e+00  -1.0544549e+00   1.6646964e+00  -2.0037518e-01  -2.0979542e-01  -8.8414424e-01   6.1369090e-01
   1.0000000e+00   4.8622526e-01  -9.8001009e-01  -6.1834203e-01   1.6211344e-01   1.0978443e+00   3.5382013e-01
   1.0000000e+00   5.9603162e-01  -7.4953180e-01   1.3873006e+00   4.7505680e-01  -1.0077318e+00   1.1192025e-01
   2.0000000e+00   6.3228071e-01   3.4580413e-01   1.1591204e+00   1.8429591e+00  -5.5946303e-01  -2.3891649e-01
   2.0000000e+00   1.4041504e+00   1.8527147e+00  -2.5102692e+00   3.8560676e-01  -6.8813821e-01  -3.4357984e-01
   2.0000000e+00  -8.4066875e-01  -1.7660578e+00  -1.5672781e+00   8.4023473e-01   4.7696876e-01  -5.6911227e-01
   2.0000000e+00  -5.8109659e-01  -4.7465121e-01   1.0132381e-02   9.2462883e-01  -2.1649759e-01   1.3084018e+00
   2.0000000e+00  -2.0169820e-01   4.3447963e-02   8.0485439e-01  -6.1390077e-02  -7.0173157e-01  -1.0207175e+00
   2.0000000e+00  -1.2835052e+00   6.0660999e-01  -5.3865645e-01   1.3757620e+00   1.0297757e+00   5.7542557e-01
   2.0000000e+00   2.3964154e-01   4.0415554e-01  -7.6846747e-01   1.3067353e+00   1.2009217e+00   1.8167266e+00
   2.0000000e+00  -2.6272782e-01   1.1629105e+00   2.1567252e-01   1.7945977e-01   1.8781802e+00   3.3699787e-01
   2.0000000e+00   3.7039871e-01   2.4015841e-01   1.9066240e+00   1.4628150e+00  -4.8076384e-01   4.8853412e-01
   2.0000000e+00   1.4505302e-01  -1.9287297e+00  -1.1593071e+00   1.4404587e-01   4.4249384e-01  -1.5689280e+00
   2.0000000e+00   1.9079172e+00   8.5322934e-01  -1.2052141e+00   5.5226004e-01   2.2034278e-01  -3.4544831e-01
   2.0000000e+00   6.4580926e-02  -5.7306487e-01  -2.0766464e+00  -5.3197513e-01   6.4381508e-02   1.3432728e+00
   2.0000000e+00   8.3879189e-01   1.4294076e+00   1.3257982e+00  -1.4350616e+00   2.6067443e+00  -1.6902399e-01
   1.0000000e+00  -1.2995741e-01  -5.1254622e-01   1.0918899e+00   4.7884399e-01   1.3445023e+00   1.0313368e+00
   2.0000000e+00   1.0791700e+00  -1.0545552e+00   1.1204324e+00  -1.4417356e-01   3.4440449e-01   4.8566359e-01
   2.0000000e+00  -7.3980565e-01   4.9749297e-01   4.9518076e-01  -2.9373186e-01   2.9460221e-01  -8.1578767e-01
   2.0000000e+00  -1.5037521e-01   5.0034659e-01  -7.2712079e-01   1.0602992e+00  -1.6567514e-01   3.5557702e-02
   1.0000000e+00   1.5145182e+00  -3.7599607e-01  -1.8369948e-01   4.3684417e-01  -8.0106587e-02  -6.0258542e-01
   2.0000000e+00  -5.6381695e-01  -2.6589409e-02  -1.0848443e+00  -1.2385166e+00   7.2363765e-01  -1.1931884e+00
   2.0000000e+00  -4.0446401e-01  -1.0137052e+00   2.2353903e+00  -1.1926628e+00   1.0804935e+00  -5.9726729e-01
   2.0000000e+00  -1.3095780e+00  -1.3009915e+00  -9.3152523e-01   4.9414290e-01  -2.2199723e-01   2.3461339e-01
   2.0000000e+00  -1.1384956e+00  -1.3249923e+00   8.7341369e-01   4.0208675e-01  -1.7535500e-01   9.4573952e-01
   2.0000000e+00  -1.0335996e+00   8.3670662e-01  -1.9747201e+00  -4.4225865e-01   9.3049088e-02  -1.5039545e+00
   2.0000000e+00   4.1249479e-01   2.5502164e-01  -5.8977377e-02  -3.2197549e-01   7.8277310e-01  -8.6785237e-01
   1.0000000e+00  -9.2546616e-01  -8.2588898e-01  -5.0620143e-02   5.0632515e-01   3.2853596e-01   7.5773300e-01
   2.0000000e+00   7.6597304e-02  -1.5904826e-01  -3.6205056e-01  -1.0757853e+00  -2.1951384e-01   1.9094107e-01
   1.0000000e+00   3.2177595e-01  -8.8369292e-01   4.8488930e-01   3.3876035e-01  -1.8514651e+00  -7.6824277e-01
   2.0000000e+00  -4.5469227e-01  -1.6292552e+00  -3.3754014e-02  -5.0737063e-01  -1.9381176e+00   5.1844496e-01
   2.0000000e+00  -1.9405855e+00  -3.1407165e-01  -4.6918482e-01  -2.5849558e-01   6.8180650e-03  -1.5367053e+00
   2.0000000e+00   1.0466966e+00  -2.7917519e+00   3.6647176e-01  -1.1191593e-01  -4.8336619e-02   1.8276093e+00
   2.0000000e+00   6.3324870e-01  -1.1493151e+00  -1.3978685e+00   2.7106597e-01   8.4443438e-01   1.7458170e+00
   2.0000000e+00   1.2506536e+00  -8.9353885e-01   3.0489814e-01   1.2848615e+00  -2.1722352e-01   5.5654537e-01
   1.0000000e+00   4.6468045e-01   7.7436686e-01   2.3292425e-01   3.1567772e-01   4.0349367e-01  -6.0554196e-02
   2.0000000e+00   1.5872692e+00  -2.5266608e+00   3.1028063e+00  -4.4972915e-01  -8.9760311e-01  -1.5695323e+00
   1.0000000e+00  -2.8834551e-01   9.0920074e-01   1.7876809e+00   3.8987444e-01  -1.1257963e+00   1.4786941e+00
   2.0000000e+00  -7.2030181e-02  -1.1670190e+00  -2.2713349e-01  -1.0595453e+00  -6.7082307e-01   7.9185488e-01
   1.0000000e+00   2.4151516e+00  -1.8720035e-01  -3.2405444e-01   7.8350181e-01   6.2932554e-01   5.1151958e-01
   2.0000000e+00   2.6423442e-01   2.3797371e+00   2.0209366e-01   1.0129249e+00   9.1783267e-01   9.1736988e-01
   1.0000000e+00   1.2457883e+00  -6.9549328e-01   9.7996935e-02   2.2460330e-01   1.9541519e+00   1.6980476e+00
   1.0000000e+00   8.5054095e-01  -2.4652667e-01  -2.4018650e+00   2.2360521e-01   4.5991615e-01  -6.8219231e-01
   2.0000000e+00  -4.4184893e-01  -5.6581461e-01   3.0121908e-02  -4.1095144e-02  -1.6854510e-01  -3.5251488e-01
   2.0000000e+00   1.3406896e-02   3.3413273e-01   2.1816597e-02  -3.7086681e-01  -1.3937857e-01  -4.1387544e-01
   2.0000000e+00  -7.8346543e-01   1.1799867e+00  -1.7054182e-01  -4.3690651e-01  -1.3846672e+00   4.7682457e-01
   2.0000000e+00  -4.6887208e-01   1.1147116e+00   7.4412030e-01  -2.5591339e-01   4.3934204e-02   6.9636675e-01
   2.0000000e+00   2.1398056e-01  -7.6426720e-02   1.8795233e-01   1.8003036e+00   1.1131845e+00  -1.2209843e+00
   1.0000000e+00  -5.5358378e-01   1.3319500e-01   1.5062775e+00   8.6122086e-02  -5.2175366e-01   1.1052604e+00
   2.0000000e+00   8.7387533e-01  -9.4506842e-01   9.5082968e-01   8.5695585e-01  -8.8850491e-01  -1.8021495e+00
   2.0000000e+00   2.3212881e+00   6.1152047e-01  -1.8089987e+00  -4.8547893e-01   7.5228152e-01   7.5080280e-02
   1.0000000e+00   2.5704389e-02   9.1560524e-02  -1.3323624e+00   7.7666332e-01   8.4465332e-01   2.2133851e+00
   2.0000000e+00   1.4227791e+00   4.8355007e-01   4.7966727e-01   1.6267735e+00   1.2072365e+00  -8.3305460e-01
   2.0000000e+00   5.1290034e-01   1.4675994e+00   1.2159173e-02  -1.0649268e+00   7.8325067e-01  -7.8039134e-01
   1.0000000e+00   1.1869507e+00   4.9946393e-01   1.1640432e+00   6.2718819e-01   3.1191447e-02   4.2531001e-01
   2.0000000e+00  -5.9770654e-01   2.1818049e+00  -1.6964137e+00  -1.5489992e+00  -2.0150331e-01   2.1156276e+00
   2.0000000e+00   3.6402468e-01   2.3312178e-01  -6.7905863e-01  -1.1661516e+00   9.0059838e-01  -1.5737270e-01
   2.0000000e+00   3.0645477e-01  -4.5265524e-01   1.6518297e+00  -6.4784401e-03  -6.9624861e-01  -1.7298118e+00
   2.0000000e+00   4.8905000e-01  -1.0507394e+00   5.9209362e-01  -8.0424663e-01   1.7208843e+00  -4.8012940e-01
   2.0000000e+00   4.3174390e-01   2.0484764e-02  -9.8130666e-01  -1.0318199e+00   6.9226276e-01   8.3197026e-01
   2.0000000e+00   1.1138292e+00  -6.2555217e-01   3.9343301e-01   1.0414911e+00  -1.3035361e+00   4.6345957e-01
   2.0000000e+00   8.9992518e-01  -1.4444012e+00  -1.4833590e+00  -1.3788356e-01  -1.6017812e+00   1.1859576e+00
   1.0000000e+00  -7.0879185e-01   1.9980321e-01   5.1006525e-01   4.5900788e-02   1.6450792e+00   3.1148956e-01
   2.0000000e+00  -1.3810705e+00  -4.4505688e-01   1.0394588e+00  -1.9767986e+00  -1.3427214e+00   2.2363895e-02
   2.0000000e+00  -2.2794736e+00  -2.2049808e+00  -1.2748017e-01   6.7995066e-01   3.6387959e-01  -8.1603241e-01
   1.0000000e+00  -1.4576516e+00  -4.5173898e-01   1.2017419e+00   8.4674089e-01   5.2488488e-01   2.8902231e-01
   1.0000000e+00  -2.7338114e-01   5.6603640e-01   4.3534208e-01   6.2257572e-01  -1.0311915e+00  -4.1148510e-01
   2.0000000e+00  -1.1608581e-01   1.1833308e+00  -4.5139049e-01  -6.7541191e-01  -1.9139734e+00  -1.4897810e+00
   2.0000000e+00  -2.5512918e+00  -1.4133437e+00   1.8673938e+00  -4.9076911e-02   5.5418297e-01   1.4476459e+00
   2.0000000e+00   4.3019933e-01   9.9236325e-01  -1.4191197e+00   5.7931499e-01  -2.5174159e-01  -3.6963577e-01
   2.0000000e+00   2.3695552e-01   1.1889387e+00  -3.7758762e-01   2.4754096e+00   1.7711650e+00   1.0708516e+00
   1.0000000e+00   1.1482248e+00  -1.9257725e-02  -1.1599828e+00   2.0295758e-01   3.8033733e-01   8.7256848e-02
   1.0000000e+00  -2.2084076e+00   1.7613519e-02  -1.5681997e+00   8.9126250e-01  -5.8870191e-01  -7.4905264e-01
   2.0000000e+00   2.9935605e-01  -6.8342572e-01   4.3435391e-01  -4.3931041e-01  -2.5985559e-01   1.1046191e+00
   2.0000000e+00  -7.0912563e-01   5.6274609e-01   1.7714955e+00   1.1573205e+00  -9.7880667e-01  -1.5096863e-01
   2.0000000e+00   1.6493920e+00  -8.4892555e-01   1.0929099e+00  -1.0416890e+00  -2.5634188e-01  -7.0166578e-02
   1.0000000e+00  -4.2590730e-01  -8.1683755e-01   6.8740763e-01   2.9056127e-01   5.9479851e-01   2.4740692e+00
   2.0000000e+00   3.0563039e-01   9.8309139e-01  -5.1735938e-01   1.3973166e+00   1.3657792e+00  -4.6867291e-01
   2.0000000e+00   2.4404931e+00  -2.0859376e+00   2.4960448e-02   2.0845735e+00  -8.0525115e-02   5.8575000e-02
   2.0000000e+00  -6.9977485e-01  -1.3459110e+00   2.6052239e+00  -1.4502323e-01   3.7295835e-01   3.4423909e-01
   2.0000000e+00  -1.0128716e+00   1.6185935e-01   2.1293191e+00   1.7996079e+00  -4.6195773e-01  -4.5113948e-01
   2.0000000e+00   7.3355326e-01   2.4540081e+00   3.0017423e-02  -2.6113550e-01   4.6241709e-01   6.2471700e-01
   1.0000000e+00   8.3084705e-02  -1.3522327e-03   9.5932944e-01   1.4989713e-02   8.9904125e-02   8.8259874e-01
   2.0000000e+00  -1.5741573e+00  -4.2342304e-01  -1.6285078e+00  -1.8501695e-02  -8.8643831e-01   2.4874956e-02
   2.0000000e+00   2.3877989e-01  -7.2631619e-01   2.7431882e-01  -1.0363408e+00  -6.0229581e-01   1.8178006e+00
   2.0000000e+00  -9.5369430e-01   4.5205806e-01   5.8831482e-01  -4.8275667e-01   3.7077352e-01  -2.7798939e-01
   1.0000000e+00   1.0660928e+00  -1.8912580e-01   4.3034042e-01   9.1514941e-02   1.3812599e+00   3.4124077e-01
   1.0000000e+00   1.2809474e+00  -9.7404768e-01   8.9240699e-01   2.1704616e-01  -7.5791822e-01   2.0891487e-01
   2.0000000e+00   3.1262770e-01   5.7298119e-01   9.6063461e-01   8.2833976e-01  -1.6978855e+00   1.3281838e+00
   2.0000000e+00  -7.9750273e-01  -9.3737289e-01  -5.3113315e-01  -4.3757207e-01  -7.0624949e-01  -9.7386346e-01
   2.0000000e+00  -9.4703675e-01  -2.4673739e+00  -5.5365683e-01   2.4524317e+00   1.5273551e+00   2.3180684e+00
   2.0000000e+00   9.2021564e-01   6.0716052e-01   4.0538750e-01  -1.6113341e+00  -1.0444925e+00   2.1705504e-01
   2.0000000e+00   8.3488771e-01  -2.1777730e-01  -1.1709804e+00   1.0921999e+00   5.7620379e-01  -1.6481543e+00
   1.0000000e+00   1.4499513e+00  -8.0820418e-01  -3.5238992e+00   3.2034177e-01   5.6053638e-02  -4.4013695e-01
   2.0000000e+00  -1.2692087e+00   2.6428279e+00  -1.3160700e+00  -9.0482396e-01   8.2491135e-01   7.9879346e-01
   2.0000000e+00   1.3464265e-01  -2.7693094e+00   3.4678095e-01   8.5673268e-01   1.0284130e+00   1.1178688e-01
   2.0000000e+00   7.8926892e-02   1.8639492e+00   1.3112119e-01  -3.3631753e-01  -6.4437212e-01   7.5323574e-01
   2.0000000e+00   9.7507700e-02   2.3599014e-01   7.0057405e-01   1.6915979e+00   1.2902030e+00  -2.6009918e+00
   2.0000000e+00   4.8236547e-01  -1.3405106e+00   1.3493909e+00  -4.8733865e-01  -3.1313404e+00  -1.2190184e+00
   2.0000000e+00   9.7178531e-01   3.8500404e-01  -1.3736418e-01  -6.0242534e-01  -4.2270871e-01   7.9232333e-01
   1.0000000e+00  -5.5572996e-01   6.5126286e-01  -5.5454299e-01   4.4530557e-01   8.3144417e-01   7.6434921e-01
   2.0000000e+00  -4.3160058e-02  -1.2974806e+00  -2.1573045e-01  -9.6833627e-01  -6.0069581e-01  -4.2035697e-01
   2.0000000e+00  -1.1849987e+00   2.8552434e+00  -8.3984272e-01  -1.9099069e-01   1.2272893e+00   4.6584871e-01
   2.0000000e+00  -1.5205490e+00  -1.1835417e+00  -1.4267106e+00  -1.3361211e-01   3.6964736e-01  -1.3895696e+00
   2.0000000e+00   1.3706241e+00   1.5602182e+00  -2.0534281e-01   1.6830049e+00  -4.5439747e-01   4.7225298e-01
   1.0000000e+00   4.7477407e-01   5.7008885e-01   5.2623875e-01   8.2793322e-02  -2.0712302e-01  -1.3476853e+00
   2.0000000e+00   3.9287225e-01   4.5925147e-01   1.3273605e-01   1.3081349e+00  -1.9842090e+00  -1.1069087e-01
   2.0000000e+00   1.7073144e-01   1.6822311e+00   1.0248805e+00   8.0453177e-01   2.6991018e-01   8.6884526e-01
   2.0000000e+00   1.6032283e+00  -1.8391137e-01  -1.1641665e+00  -4.8903508e-01  -5.9527131e-01   1.0988600e+00
   1.0000000e+00   6.2882143e-01  -2.0900127e-01  -1.6898279e-02   8.9518725e-02   1.6802949e+00  -1.1476138e+00
   1.0000000e+00   7.6486210e-01   1.4111292e-01  -2.1533733e-01   2.0503712e-02   5.0967820e-01  -2.8346563e-02
   2.0000000e+00   1.2658180e+00  -1.6636697e+00   1.1620167e+00   8.5973284e-01   9.0540884e-01   1.7626196e-01
   2.0000000e+00   4.5963151e-01  -8.8650278e-01  -8.7331844e-01  -4.9362016e-01   5.4282201e-01  -3.3749011e-01
   2.0000000e+00   8.4287482e-01  -5.9715869e-01   1.3312550e+00   9.2514534e-01   1.1641413e+00  -2.3170653e-01
   1.0000000e+00  -5.8754390e-01  -6.7803562e-01   4.6020860e-01   6.1762137e-01   3.5268275e-01   7.4040488e-02
   2.0000000e+00  -6.3556836e-01  -1.1757857e+00  -1.1049753e+00  -4.7605596e-01  -1.2354700e+00   1.8073744e+00
   2.0000000e+00  -4.5730065e-01   2.8752087e-01   1.1977661e+00   1.0671931e+00  -9.0335186e-01  -1.1056881e+00
   1.0000000e+00  -2.5919273e-01  -9.4945631e-02  -1.1092096e+00   1.2733733e-01   4.2849653e-01   7.4948378e-01
   2.0000000e+00  -9.1182821e-01  -1.8868033e+00  -2.3183109e-01  -1.6147050e-01  -1.1180926e+00   9.2988540e-01
   2.0000000e+00   1.0141131e+00  -4.8382173e-01   2.9423818e-01   1.1800948e+00   4.9865689e-01   2.6943933e-02
   1.0000000e+00  -9.5924660e-01   7.0595741e-01   1.7637547e+00   8.3985042e-02  -4.8521064e-01   1.6233904e+00
   2.0000000e+00  -1.9301155e+00   8.7939120e-01   2.5629097e+00  -2.1144748e-01   4.5767279e-01   1.0375812e+00
   1.0000000e+00   1.9582638e+00  -4.3826524e-01  -5.1410516e-01   9.8231228e-03  -4.7642932e-01   5.5213118e-01
   1.0000000e+00  -1.2833958e+00   8.9163401e-01   5.6775945e-02   2.7118703e-01  -7.3125064e-01  -2.8607601e-01
   2.0000000e+00  -2.0203920e+00  -8.4939845e-01   9.5133371e-01   8.8615099e-01   4.3743489e-01  -9.5614338e-01
   1.0000000e+00  -3.2354140e-01  -7.7891232e-01  -1.8685098e+00   8.2027548e-02   1.0470439e+00   6.3183940e-01
   2.0000000e+00   8.4510714e-01  -5.1583571e-01   6.7230638e-01   1.2100378e+00  -1.7690207e+00   8.9073612e-01
   1.0000000e+00  -5.9932616e-01  -8.0490781e-01   1.6220395e-01   5.1689222e-01  -4.1734103e-01   2.7641855e-01
   2.0000000e+00   1.0037242e+00  -1.0714073e+00   7.1418120e-02   1.6328096e-01   3.0089815e-01  -2.0532301e+00
   2.0000000e+00  -4.5764016e-01  -1.5522854e+00  -1.6485077e+00   9.4759568e-01  -3.6373266e-01   6.0850813e-01
   1.0000000e+00   3.3726257e-01   5.4433687e-01   7.2969388e-01   7.3736726e-01   6.8538199e-01  -3.4145870e+00
   1.0000000e+00  -1.3225651e-01  -1.5130752e-01   1.4066921e+00   6.9023513e-01   8.8523843e-01  -1.0026328e+00
   2.0000000e+00  -1.0819253e+00  -1.3913922e-01   1.1114125e+00  -9.0148887e-01   4.4608559e-01  -9.1835734e-01
   2.0000000e+00  -2.5691968e+00   7.5895488e-01  -1.4363503e+00  -8.1346727e-01   2.7738806e-01  -1.0189642e+00
   1.0000000e+00   7.0984080e-01  -9.4678822e-02   8.5579736e-02   1.9880364e-01  -1.1425225e+00  -6.6671023e-02
   2.0000000e+00   5.7846992e-01   2.3234458e+00   3.9619784e-01  -2.4519797e+00  -2.2544313e+00  -5.6763426e-02
   1.0000000e+00   9.4051876e-01   1.8053166e-01   1.1587274e+00   3.6684386e-01  -1.0010918e+00   1.2117659e-01
   2.0000000e+00   4.1778929e-02  -1.0191903e+00  -9.4314745e-01  -1.3292802e+00  -1.6963717e+00  -2.1661086e+00
   2.0000000e+00  -1.2164546e+00   8.5130358e-01   2.5316839e-01  -1.7554283e+00   1.9973533e-01  -4.3069104e-02
   2.0000000e+00  -4.3599891e-02  -7.7272397e-01   4.3217545e-01  -6.5068721e-01  -9.8741390e-01  -9.8591719e-02
   2.0000000e+00  -1.1976698e+00  -1.3478556e+00  -2.2118746e+00   6.8331039e-01   9.9689995e-01  -8.6725367e-01
   2.0000000e+00   2.5282634e-01   1.2158691e+00   1.3931203e-01  -6.5577073e-02   8.0675478e-01  -8.2131785e-01
   2.0000000e+00  -2.2217387e+00   1.5613634e-01  -8.4345964e-01  -1.3374469e-01  -1.2112795e+00  -1.5526780e-01
   2.0000000e+00  -8.7640692e-01  -2.3810714e-01   3.9776803e-01  -8.9206660e-01   2.8683414e-01  -4.8054508e-01
   2.0000000e+00   1.5023517e+00  -2.7990271e-01  -3.2703118e-01  -7.8440216e-01   6.8050354e-01  -5.4188972e-01
   2.0000000e+00  -9.7339091e-01  -6.0983100e-01  -3.5289372e-01   9.9085937e-01   3.8796348e-01  -2.0709843e+00
   2.0000000e+00  -3.4275058e-01   2.5844008e-01   2.1911618e+00  -1.6860397e+00  -5.9286702e-02  -1.2770909e+00
   1.0000000e+00   1.2968100e+00   1.5395534e-01  -1.1896657e+00   8.4976154e-01  -9.7279533e-01  -6.0884562e-03
   2.0000000e+00  -2.8248156e-01   6.6011759e-01  -4.6328826e-01   1.7360338e+00   1.3870817e+00   1.0671164e+00
   2.0000000e+00  -6.5025767e-01  -1.9027322e+00   2.9393147e+00  -1.5789686e+00   1.3925994e+00   1.3924928e+00
   2.0000000e+00   1.4697511e+00  -8.0705713e-01   2.6532848e-01  -5.7277322e-01   2.9369343e+00  -1.3101603e+00
   2.0000000e+00   2.6106868e-01  -4.0670176e-01  -2.5388832e-02   1.2187936e+00   6.5385744e-01  -1.2760913e+00
   2.0000000e+00  -3.9868021e-01   5.8179469e-01   4.1630892e-01  -5.2731678e-01   1.2041795e+00   1.5870893e-01
   2.0000000e+00  -5.4037715e-01  -3.8147964e-01   5.5207822e-01   1.7021272e+00  -5.1068149e-01  -7.2074716e-01
   2.0000000e+00   8.1507084e-02   6.5880158e-01  -2.2275561e+00  -3.0305150e-01  -3.6973315e-01   6.1487257e-01
   2.0000000e+00  -5.1803811e-01   5.3922218e-01   1.0882236e+00   1.5548003e+00  -6.0505252e-01   2.3555073e-01
   2.0000000e+00  -2.4432632e-01  -1.2733388e+00  -1.7223055e+00  -1.3451628e+00   9.4302612e-01   5.9371085e-01
   2.0000000e+00   2.5194276e-01  -1.0505711e+00  -1.2649870e+00   5.9542904e-01  -4.5360756e-01  -1.5440552e+00
   2.0000000e+00   2.4054952e-01  -2.8618394e-01  -6.4322174e-01  -1.0979713e+00  -3.2765158e-01   1.4628242e+00
   2.0000000e+00  -6.3475043e-01   2.0433229e-01   9.5829568e-01  -1.6196821e+00   1.6582988e+00  -8.8607643e-01
   2.0000000e+00   1.2028298e+00   1.5502376e+00  -2.1815227e-01  -2.9775930e-01  -4.1995185e-02  -1.9242614e+00
   2.0000000e+00   3.8677860e-01  -1.1738907e+00   1.2239447e-01  -9.7043112e-01  -8.5250368e-01  -4.7286532e-01
   1.0000000e+00   4.0990106e-01   5.1427756e-01  -6.1018272e-01   8.4897309e-01  -3.9908105e-01  -1.9093057e+00
   2.0000000e+00   9.2255271e-01  -1.1248091e-01  -7.4076693e-01  -2.3787090e+00  -1.1628868e+00   9.3185626e-01
   2.0000000e+00  -1.2606890e+00  -8.6347639e-01  -8.8071241e-01   5.8647068e-01   6.9581545e-01   7.4415569e-01
   2.0000000e+00   7.3403597e-01  -3.0737337e-01   4.0886056e-01  -4.9932642e-01  -1.0531149e-01  -1.2249887e+00
   1.0000000e+00  -2.6962940e-01  -4.9759790e-01  -7.7689891e-01   4.5007670e-01  -1.0330666e+00   2.9410175e-01
   2.0000000e+00   1.2136583e+00   1.0427458e+00   9.8160392e-02   7.0241749e-01   1.5513999e+00   6.1514310e-01
   2.0000000e+00   8.7096379e-01   1.9513674e+00  -3.3186095e-01  -4.7909163e-01  -7.8171382e-01   3.0937087e-01
   2.0000000e+00  -4.9185138e-01  -4.1759589e-01  -1.1233969e-01  -4.4533759e-01   9.6784725e-01  -1.7453110e-01
   2.0000000e+00  -1.6075266e-01   1.2386331e+00  -9.3314175e-01   1.9778841e+00  -1.6432035e-01  -2.0155587e+00
   2.0000000e+00   8.9315928e-02  -1.4778259e+00   8.7156337e-01  -4.6054296e-01   1.1784143e+00  -2.1128765e+00
   2.0000000e+00   4.9689689e-01   1.9055378e+00   3.0096114e-01   7.0157278e-01  -1.1040983e+00  -1.5203755e+00
   2.0000000e+00  -2.9418173e-01   4.3677930e-01   1.4973592e+00   1.1192666e-01  -2.0995780e+00  -7.1765526e-01
   2.0000000e+00  -2.0950813e-01  -1.8925148e+00   1.6449039e+00   1.4674023e+00   2.2782860e-01   3.6218569e-01
   2.0000000e+00  -6.9101510e-02   1.1049447e+00  -5.3392085e-01   9.6040842e-01   2.1942482e+00  -8.0231549e-01
   2.0000000e+00  -8.0788193e-01  -7.1824913e-01  -2.5304255e-01   1.2929883e+00   1.3437506e+00  -3.4371452e-01
   1.0000000e+00   2.2452292e+00   6.9266943e-01   2.5076826e-02   5.7100296e-01   8.4265111e-01  -1.1948301e+00
   1.0000000e+00   1.1810719e-01  -4.1479534e-02   1.2241726e-01   4.2696283e-01   1.1804404e+00   1.7457545e+00
   2.0000000e+00   6.6916400e-01   8.9838146e-01   8.2536090e-01  -7.1909084e-02  -1.1846091e+00   1.3964572e+00
   1.0000000e+00  -4.4653826e-01   9.0947551e-01  -1.6032415e+00   1.7497713e-01   9.4371688e-01   1.4736379e-01
   2.0000000e+00  -7.0294150e-01  -1.0226591e-01   1.3612216e+00   1.0846919e+00   9.8799300e-01   1.6458531e-01
   2.0000000e+00  -3.8118278e-01  -7.2992610e-01   2.6507459e-01  -1.7508570e+00   3.2779283e-01  -2.1535845e-01
   2.0000000e+00   7.9109824e-01  -1.0982688e+00   4.3935328e-01  -1.3517150e+00  -4.7023698e-02  -4.0835531e-01
   2.0000000e+00   3.8502008e-01  -1.2321276e+00   3.4565471e-03  -1.2021532e+00  -6.9102214e-01  -2.1587665e+00
   2.0000000e+00   1.0251805e+00  -1.0859349e+00  -2.5071552e+00  -1.4937843e+00  -1.3721304e+00  -1.5638040e+00
   2.0000000e+00   2.6095198e-01   2.5841858e+00   2.5680653e-01  -4.0018094e-01  -4.0247653e-01   1.1009858e+00
   2.0000000e+00   1.0435595e+00   1.1327068e+00   4.1147565e-01  -6.8214053e-02  -1.8094213e+00  -1.8666356e-01
   2.0000000e+00  -1.9454873e-01  -1.2437927e-01   6.2674479e-01  -9.9825553e-01   1.0100917e+00  -1.7890389e-01
   2.0000000e+00  -1.2556166e+00  -1.3133403e-01   1.4757370e+00   1.1800656e+00   1.0498995e-01   5.9873239e-01
   2.0000000e+00   5.4472346e-01  -2.8495993e-01   2.4420480e+00  -1.7227075e-01  -8.0050077e-01   4.6018486e-01
   1.0000000e+00   5.2600074e-01  -3.6133793e-02   1.1071335e+00   6.1499215e-01  -1.5495772e+00   6.5418345e-01
   2.0000000e+00   1.8490424e-01  -4.9283956e-01  -2.5980308e-01  -1.5805348e+00   3.5539191e-01   3.2953025e-01
   2.0000000e+00   6.9606373e-01  -1.5542132e+00   9.3583491e-01   8.3931642e-01  -2.7725337e-01   2.9824280e-01
   2.0000000e+00   2.6231488e-01   1.1325529e+00  -3.8956606e-01  -9.3313197e-01   7.4297373e-01   7.9645850e-01
   2.0000000e+00  -8.6820516e-02  -1.2829052e+00   1.2690723e-01   1.9842563e-01  -8.6869733e-01  -1.6917449e-01
   1.0000000e+00   3.2419159e-01  -8.1643667e-02  -1.9259618e+00   9.3188943e-01  -3.1559912e-01  -7.6448552e-01
   2.0000000e+00  -1.7002136e-01  -1.1158662e+00  -4.2928669e-01   2.0068297e+00  -3.1701678e-01  -4.6562178e-01
   1.0000000e+00   3.6688354e-01   7.4627922e-01  -5.1533394e-01   4.4036430e-01   5.0876856e-01   1.7554117e+00
   2.0000000e+00   2.2143985e+00   1.2914187e+00  -6.9288350e-01  -6.6707761e-01  -2.8570203e-01   9.2423186e-01
   1.0000000e+00  -1.0604167e+00  -6.2873109e-01  -1.9166533e+00   9.5238654e-02  -1.1371227e+00   1.4355046e+00
   1.0000000e+00  -2.7426963e-01   2.4246695e-01   2.6569434e+00   9.8027655e-02   4.4353129e-01  -2.5286089e-01
   2.0000000e+00   3.7207706e-02  -9.9434486e-01  -1.3820718e+00   1.4778443e+00   1.2941118e+00  -2.2362350e+00
   2.0000000e+00   9.9651513e-01  -1.1715388e+00  -6.6182962e-01   1.3415602e+00   2.6074548e-01  -8.0696168e-02
   2.0000000e+00  -2.1168583e+00  -9.1909646e-01  -4.0746399e-01  -1.8104769e+00   2.0838135e-01  -7.9544889e-01
   2.0000000e+00   1.2664867e+00  -1.1196520e+00  -3.3234420e-01   3.3743501e-01   5.2457863e-01  -5.0760485e-01
   2.0000000e+00   7.6120580e-01   4.8843467e-01   2.2684740e-01  -7.8952657e-01   5.2130236e-02   6.4327778e-01
   2.0000000e+00   1.1512910e+00  -5.3445533e-01  -2.0060184e+00  -4.6458469e-01  -1.3722609e+00  -7.0399793e-01
   2.0000000e+00  -8.0597129e-01   2.6441078e-01   3.1826538e-01  -1.7388085e+00  -1.2472737e+00  -6.8945370e-01
   2.0000000e+00  -9.9629840e-01   2.3799192e-01   2.0406007e-01  -5.2279643e-01   1.4741648e-01   5.7081114e-01
   2.0000000e+00   8.0049451e-01   9.1211605e-01   1.7680375e+00  -2.1741294e-01  -2.0780182e+00   9.4700235e-01
   1.0000000e+00  -7.6746039e-01  -5.2086798e-01  -1.0841035e+00   3.9044987e-01  -3.0355523e-01  -2.4539218e+00
   2.0000000e+00  -1.0942480e+00   1.3216729e+00   1.3835809e-01  -7.6153972e-01   9.9367222e-03   1.7570473e+00
   2.0000000e+00  -7.5108851e-02   1.2861770e+00   1.0087192e+00   1.6440868e+00   2.1240848e-01   3.9641844e-01
   2.0000000e+00   2.7279757e-02  -1.4890970e-01   3.3480595e-01  -4.9367138e-01  -1.0053238e-01  -6.4200023e-02
   2.0000000e+00  -1.8065503e-01  -1.0412317e+00   7.4002539e-01   1.0819814e+00  -6.9989681e-01   9.5008501e-01
   2.0000000e+00  -5.1412547e-01  -5.4975949e-01   1.7362578e-01  -9.2788258e-01  -3.4171003e+00   1.4496215e-01
   2.0000000e+00   4.9139318e-01  -5.5391645e-01   2.9331199e-01  -9.3324678e-01  -1.3268367e+00  -1.7319103e+00
   2.0000000e+00  -1.0135887e+00  -2.1658302e+00   1.1854800e+00   2.2305322e+00   6.0746467e-02  -1.7071483e+00
   2.0000000e+00  -3.6366576e-01  -4.6536981e-01  -1.4816556e+00  -8.8489849e-01   1.5069028e-02  -4.9415753e-01
   1.0000000e+00   1.6260487e+00  -3.0722642e-01   4.9611718e-01   5.8027414e-01   4.2472899e-02   1.7757619e+00
   2.0000000e+00   4.0527992e-01  -3.1489710e-01   4.6988285e-01  -2.0888361e+00   3.2267269e-01   4.6903902e-01
   2.0000000e+00  -1.2104145e+00   6.3244605e-01  -8.9552623e-01   3.3412003e-01   2.1756037e+00   1.0976587e+00
   2.0000000e+00   2.2097835e+00   1.3738177e+00  -2.3137030e-02  -1.2332302e+00   2.1775739e+00  -4.6953840e-01
   2.0000000e+00   7.3072323e-01   1.4602604e+00   7.1701829e-01  -4.7347465e-02  -3.0765751e-01   2.7625098e+00
   2.0000000e+00   8.9160524e-01   1.1450782e+00  -1.4128854e+00  -6.3336653e-01   4.7603348e-01   1.4582445e-01
   2.0000000e+00   7.5121337e-02   5.0518757e-01  -8.3577263e-01   1.0465400e+00  -5.2907396e-01   1.9465947e-01
   2.0000000e+00   1.1904351e-01   4.7214404e-01   8.8505208e-01  -6.7927750e-01   2.4958835e-01  -7.7857559e-01
   2.0000000e+00   3.3477730e-01   1.5874393e+00   2.9707869e-01  -1.7167347e+00   9.1174411e-01  -1.6440748e+00
   2.0000000e+00   5.3925906e-02  -1.2381516e+00   4.1665854e-01   6.4948215e-01  -2.3845951e-01   7.6970862e-01
   2.0000000e+00  -1.0759201e+00   2.4627868e+00   1.0631095e+00   4.7628707e-01   6.9895583e-01   8.0473731e-01
   1.0000000e+00   6.2456741e-01   2.6547745e-01   1.4102445e+00   7.0918969e-02   5.0646464e-01   3.0021502e-01
   2.0000000e+00  -1.1690250e+00   2.6453329e-01   3.6314368e-01   1.9337414e+00  -5.9393823e-01  -6.1090412e-01
   2.0000000e+00  -2.6317851e+00   6.4200060e-01  -9.1696198e-01  -1.1001999e+00  -6.3520411e-01   6.3998211e-01
   1.0000000e+00   3.7582678e-01   2.7906808e-01   6.2256247e-01   4.7493513e-01   3.9812754e-01  -1.3171733e+00
   2.0000000e+00  -1.8260603e-01  -7.1252470e-01   1.3973977e+00  -1.2595973e-01  -5.7430039e-01   5.4078360e-01
   2.0000000e+00  -7.3861764e-02   6.6702888e-01   1.7765296e+00  -1.0900483e+00  -1.9292105e+00   1.9126621e-01
   2.0000000e+00   2.9523178e-01   1.0439152e+00   1.0908349e+00  -7.6454868e-01   2.8774544e-01  -2.7899340e+00
   2.0000000e+00   3.8829172e-01   7.3388303e-01  -8.3975296e-01   1.2399364e+00   1.2067922e+00  -1.2046503e+00
   2.0000000e+00   1.1236750e+00  -2.5736350e-01  -5.9130035e-01  -2.1717554e+00   1.0593830e+00  -4.8972144e-01
   1.0000000e+00  -2.4679112e-01   1.6331179e-01   7.6555921e-01   7.2726031e-01  -1.5141431e+00   1.6923014e+00
   2.0000000e+00   1.3183441e+00  -5.9999789e-01  -3.9960334e-01  -7.0354142e-01   1.8198971e-02   4.1521965e-01
   2.0000000e+00   9.2459946e-01  -9.2139619e-01  -1.3511621e+00  -6.0594136e-01   3.5796231e+00  -1.2426929e+00
   2.0000000e+00  -5.1420981e-01  -1.9725061e-01  -2.0011715e+00  -4.8148422e-01  -8.1230699e-01   9.2656747e-02
   1.0000000e+00   1.7399603e-01   4.6821598e-02   1.0134633e+00   4.7929111e-01   1.3410334e+00  -3.2837115e-01
   2.0000000e+00  -2.2197366e+00  -8.9364224e-01   4.9095939e-01  -1.2182442e+00  -1.4333839e+00  -1.7179706e+00
   1.0000000e+00   9.8553436e-01  -1.7865427e-02   1.3920567e+00   2.0682264e-01   5.6792946e-01  -9.3111002e-02
   2.0000000e+00   1.4563476e+00   8.7970133e-01   8.8184289e-01  -7.0088367e-01  -4.4206306e-01  -6.2040300e-01
   2.0000000e+00  -1.1295354e+00  -7.0314032e-01   6.9881927e-02   1.2672202e+00   1.4333885e+00   7.3737016e-01
   2.0000000e+00   4.7862917e-01   1.3327521e+00   1.1276730e+00  -7.3334833e-01   6.1021087e-01   1.3963299e+00
   2.0000000e+00  -6.4514870e-01  -1.1965089e-01   1.9343042e-01  -2.3684599e-03   1.6606451e-01   4.4408034e-01
   1.0000000e+00  -1.5481720e+00  -1.4809682e-01  -1.1579292e+00   6.7262134e-01   8.4614868e-02   1.2395155e-01
   2.0000000e+00   2.6849443e-01   2.0640147e-02  -1.4018910e+00   3.0590266e-01  -3.0635247e+00   4.5923383e-01
   2.0000000e+00  -2.1148278e+00   3.7607842e-01  -9.6826255e-01  -1.8052656e-02  -8.7867164e-01  -5.1249707e-01
   1.0000000e+00  -5.8838447e-01  -6.6382512e-01   1.6405983e+00   4.5498986e-01   2.2065005e-01  -8.4982779e-02
   2.0000000e+00  -8.1952793e-01   1.0030255e+00  -1.3856527e+00   1.4900720e+00  -6.8258240e-01   2.3524035e-01
   1.0000000e+00  -3.8858446e-01   1.6179077e-01   8.5689680e-01   6.7258606e-01   1.6491566e+00  -1.6363327e+00
   1.0000000e+00   5.1476405e-01  -3.9364106e-01   1.7113508e+00   2.8457449e-01   3.8182892e-01  -3.8981480e-01
   2.0000000e+00  -1.3766507e+00   9.5726292e-01   5.6109627e-01  -6.4439703e-01  -1.0149542e+00   1.2159419e+00
   2.0000000e+00  -4.0879201e-01   2.6662279e-01   1.9960721e+00  -7.2566744e-01  -1.9116064e+00   2.0479803e+00
   1.0000000e+00   1.0614604e+00   4.9804515e-01   4.9480763e-01   1.9188962e-01  -2.6553590e-01   5.6249232e-01
   2.0000000e+00  -1.3082811e+00   1.2474587e+00   1.3215802e+00  -2.3969016e-01  -7.1207571e-01  -5.5355784e-02
   1.0000000e+00   1.7345987e-01   4.2028646e-01   7.1629258e-01   1.7179880e-01  -2.7350014e-01  -5.4707730e-01
   2.0000000e+00   4.2032236e-01  -3.4156036e-01   8.3574132e-02   3.3510568e+00  -4.6932320e-01  -9.4901788e-01
   1.0000000e+00   6.5835944e-01  -7.2990779e-01   2.2036285e+00   5.3684217e-01   5.4717269e-01   1.6571692e+00
   1.0000000e+00  -1.0238260e+00  -3.2686334e-02  -1.2169953e+00   7.0943003e-02  -1.6605125e-01   1.0567533e+00
   2.0000000e+00  -9.8495408e-02   1.2477919e+00   9.5621745e-01   3.5237788e-01   7.5373167e-01   7.1110968e-01
   2.0000000e+00   3.2652427e-01   5.8460691e-01  -9.3730174e-01  -8.0508666e-01   6.6003527e-01   4.7784703e-01
   2.0000000e+00  -7.9159976e-01   9.3627412e-01  -1.9985624e+00   6.0442559e-01   5.3240495e-01   4.2419668e-01
   2.0000000e+00  -3.6332752e-01   8.3583945e-02  -7.6273680e-01  -3.2985405e-01  -1.0688772e+00   4.5910416e-01
   2.0000000e+00  -1.8400325e+00   1.2233825e+00   3.0734318e-02  -2.8475606e-01  -9.5729931e-02   1.6408236e+00
   1.0000000e+00   5.5034671e-01   7.6052530e-01   2.6010427e-01   2.4695330e-01   1.1929407e+00  -5.2062305e-01
   2.0000000e+00   1.0553609e+00   3.7939891e-01  -1.4743836e+00  -1.4834966e+00   4.2874329e-01   5.9247089e-01
   2.0000000e+00   1.5856116e-01   2.0928939e-01   3.4155462e-01  -1.2940144e-01   1.3304005e+00   5.0472405e-02
   2.0000000e+00  -7.4391288e-01  -8.5444005e-02   1.2333441e+00  -1.2156544e+00   1.4123241e+00  -3.6020295e-01
   1.0000000e+00  -4.2732914e-01   4.8116599e-01  -3.9568860e-01   1.7182979e-01   1.6546900e-01  -6.5123199e-01
   2.0000000e+00   6.1311646e-01  -5.5219887e-01   2.3767951e-01   9.7568679e-01   2.5208892e-01   1.0291242e+00
   2.0000000e+00  -9.7782271e-01  -2.4073959e+00  -3.4916994e-01   8.7361102e-01  -6.2947195e-01  -1.4780707e+00
   2.0000000e+00  -1.0953221e+00  -1.1479594e+00  -6.7949391e-01  -1.3800829e+00   1.5096241e+00  -6.4699493e-01
   2.0000000e+00  -8.3186944e-01  -1.9325547e+00   5.7965247e-02  -5.6834497e-01   3.6964340e-01   1.4406201e+00
   2.0000000e+00  -1.3114884e-01   1.1808375e+00   6.9941864e-01  -5.4317324e-01   6.7188632e-01   1.1694205e+00
   2.0000000e+00   7.8796613e-01   9.9627356e-01   5.9392058e-01  -2.7819800e-01  -5.1797102e-01  -1.3489075e+00
   2.0000000e+00  -4.1387919e-01  -1.0246988e+00  -2.4249698e-01   4.8063515e-01   1.2581908e+00  -1.7380200e+00
   1.0000000e+00   1.9867952e+00  -5.2742887e-01  -3.1730385e-01   5.2236456e-01  -3.9415249e-01   3.9765692e-01
   2.0000000e+00  -3.1743329e-01   1.5010659e-01   5.3054611e-01  -4.5135592e-01  -4.7377523e-01  -1.1936598e+00
   2.0000000e+00   9.3995344e-01  -4.5507666e-01  -1.3926029e+00  -1.3795006e+00  -1.1909915e+00  -9.8400055e-01
   2.0000000e+00  -1.1251643e+00   1.5763435e+00   4.5465665e-01  -2.1684631e+00  -5.9594178e-01  -8.2407689e-01
   2.0000000e+00   7.4172971e-01   8.9863809e-05  -1.8125189e+00  -7.1271254e-01   2.5605451e-01  -1.2183277e+00
   2.0000000e+00  -9.6579458e-01  -5.2753213e-01   9.1072427e-01  -5.8844730e-01   1.0189285e+00  -8.0045868e-01
   2.0000000e+00  -1.4372951e-01  -1.2819862e+00  -3.3337886e-01  -1.1138090e+00  -7.9052018e-01  -4.7828145e-01
   2.0000000e+00  -4.5030988e-01  -2.1878118e+00  -3.0149368e-01   1.4215218e+00   6.3045436e-01  -7.8112284e-01
   2.0000000e+00   5.7392992e-02  -2.8714446e+00   7.2339705e-01  -1.1080614e+00   1.5663581e+00   9.6035738e-03
   2.0000000e+00  -7.1442455e-01  -7.0221886e-01  -1.0963821e+00  -1.3114966e+00   1.4324486e-01  -1.6622334e+00
   2.0000000e+00   4.2168608e-03   1.1679746e+00  -8.0317368e-01  -7.4782795e-01  -8.4399409e-01   8.7218846e-01
   1.0000000e+00   1.4228586e+00  -3.6902929e-01  -1.4122923e+00   5.1343049e-02   5.0379805e-01   3.3197706e-01
   2.0000000e+00   3.9281015e-01   8.8524992e-01   2.6155903e-01  -1.4656100e-01  -7.9875232e-01   7.7470669e-01
   2.0000000e+00   5.3901544e-02  -2.6015434e-01  -3.8296717e-02  -2.7960040e-01   8.4928206e-01   4.9350839e-01
   2.0000000e+00   2.3726761e+00  -4.2560131e-01  -7.2232906e-01   1.5210720e+00  -4.7797490e-01   1.0187370e+00
   1.0000000e+00  -1.5590473e+00  -5.3712213e-01   3.1262798e-01   8.1718164e-01  -2.5123399e-01   7.7784538e-01
   1.0000000e+00   3.3779325e-01  -7.7213831e-01  -1.7479876e+00   4.4917604e-01  -1.5316175e+00   2.0047758e-01
   2.0000000e+00   1.8819441e+00  -1.1387014e+00  -1.4157811e+00   2.3495750e-01  -1.2942859e+00  -6.1748598e-01
   2.0000000e+00   4.0765062e-01   9.6515422e-01   3.9883256e-01   1.0676724e+00   6.7992766e-01  -3.3601470e-01
   2.0000000e+00   5.6098978e-01   2.3235201e+00   1.4742071e+00  -4.0438948e-01  -1.8680835e-01  -8.6386892e-01
   2.0000000e+00   6.3217472e-01   9.6969721e-01  -6.4781287e-01  -1.6180583e+00  -6.7790777e-02   5.1706774e-01
   1.0000000e+00   7.4842999e-01  -5.5795430e-01   2.7122826e+00   3.0368221e-01   1.2959413e-01  -8.4916221e-01
   1.0000000e+00  -1.8546764e-01  -4.7459743e-01   1.1836233e+00   6.2316859e-01   4.2323795e-01   1.3573443e+00
   2.0000000e+00   4.5167198e-01  -3.6291332e-01  -3.4152343e-01   1.2938249e+00   3.8298018e-01   1.8825551e+00
   2.0000000e+00  -1.6686917e-01  -3.0348110e-01   5.3199274e-02  -1.3817587e+00   1.7578942e+00   6.7228094e-01
   1.0000000e+00   1.8719835e+00  -8.8890398e-01   1.4868241e+00   3.5469138e-01  -2.0482203e-01   1.9398153e-01
   1.0000000e+00   9.8064623e-01   2.5841221e-01  -2.2254281e-03   9.0819385e-01  -6.0956254e-01  -8.5998720e-01
   2.0000000e+00   9.9227601e-01   1.3384232e+00   1.7765382e+00  -2.9726972e-01  -5.0404486e-02  -8.7927936e-01
   2.0000000e+00   1.3063282e+00   3.1251678e+00   9.2974290e-01   5.4493817e-01  -7.8923610e-01   5.5329396e-01
   2.0000000e+00  -4.5596705e-02   1.5687931e+00   1.3266951e+00   1.6564757e+00  -8.7066131e-01   1.3257120e+00
   2.0000000e+00  -1.9365637e+00  -1.3515911e+00   2.5336029e+00   1.5542153e+00   3.3959354e-01   8.6648832e-01
   2.0000000e+00   5.9023222e-01   1.5791994e+00   1.4647061e-02  -1.5104454e-01  -8.7033600e-03   4.4466970e-01
   2.0000000e+00  -6.2248407e-01  -1.0169699e+00   5.1177185e-01  -1.5011045e+00   4.4252863e-01   1.0991802e+00
   2.0000000e+00  -1.0063905e+00   1.7805641e+00   2.2860237e-01  -3.7745153e-01  -9.6054248e-01   1.0446766e-01
   2.0000000e+00  -1.0096847e+00   2.0655359e-01   2.6785725e-01  -3.0967511e-02   1.2754225e+00  -2.4827953e-02
   2.0000000e+00  -8.5459397e-01   1.7775623e-01   3.1974891e-01  -7.1001164e-01   1.1009740e+00  -7.8928838e-01
   2.0000000e+00   2.1258845e-01   1.1797707e+00   5.0131173e-01  -2.1109844e-01  -2.1294504e+00  -6.5426826e-01
   2.0000000e+00  -6.5633742e-01  -5.5857915e-01  -1.3604822e+00  -4.8714251e-01   1.4886165e+00   9.4226988e-01
   2.0000000e+00   3.6772789e-01  -1.2224356e+00   5.1921530e-01  -1.3754000e+00   1.5370296e+00  -8.3824203e-01
   2.0000000e+00   1.3377597e-01   3.5820061e-01   2.4986133e+00  -3.6514104e-01  -9.6528164e-01   5.8407183e-01
   2.0000000e+00   2.8991395e-01  -1.3617749e+00   7.6924871e-02  -5.7302032e-01  -1.4439574e+00  -7.5030732e-01
   2.0000000e+00   3.2064588e-01   1.8669540e+00   3.4016617e-01  -1.5821326e+00  -2.1580539e-01  -1.6870409e-01
   2.0000000e+00   7.2760678e-01   1.7513241e-02   5.6342831e-01   1.0287302e+00   5.8721524e-01   6.5012818e-01
   2.0000000e+00   4.8862598e-01  -1.0404858e+00   3.6629790e-01   1.8873365e+00  -1.2201975e+00  -8.2185099e-01
   2.0000000e+00   4.3750140e-01   1.7832335e+00  -4.7235443e-01   3.2723844e-01   1.6764588e+00   4.1303832e-02
   2.0000000e+00   2.3312516e+00  -2.6817805e-01  -5.6262547e-01   2.2217687e+00   2.7076875e-02  -1.5616785e+00
   2.0000000e+00   1.5716119e+00  -1.1543942e-01   1.2881150e+00   1.3683096e+00   4.3468823e-01  -9.4699962e-01
   1.0000000e+00   2.2330641e-01   1.5029593e-01   4.7911348e-01   1.8267468e-01   1.7825185e-02  -5.1719122e-01
   2.0000000e+00  -1.1491390e+00   9.4621851e-01   2.2211095e-01  -9.5902929e-02  -2.2321071e+00   1.1292045e+00
